2850 18
9 7 4 2 2 1 8 9 2 6 1 9 1 8 7 9 10 5 
7 10 3
10 14 8
16 19 11
1 5 5
9 13 8
1 6 14
3 7 16
8 12 18
0 3 12
15 17 2
7 8 14
15 18 11
11 13 6
14 16 8
20 0 3
19 23 6
12 16 15
21 0 7
15 17 4
8 11 3
23 3 10
9 12 13
23 1 12
12 14 3
17 21 16
9 13 4
10 14 2
13 16 2
9 12 17
3 6 18
13 17 2
14 17 15
21 23 12
12 16 5
10 13 15
4 8 15
13 18 8
16 18 4
19 22 10
19 23 2
4 6 15
9 12 1
8 11 13
7 12 3
16 17 5
21 23 9
11 14 15
23 4 3
20 23 10
11 15 18
8 10 11
6 8 1
15 18 11
13 14 9
13 15 13
3 6 7
2 7 10
13 15 16
13 16 17
17 20 2
21 0 17
4 6 3
22 1 18
9 10 10
3 5 15
11 14 15
9 12 12
21 0 15
12 15 4
7 9 2
10 13 4
10 13 4
4 5 15
6 9 17
2 5 6
13 17 13
0 5 3
12 15 3
23 3 15
15 18 1
1 5 15
21 0 13
0 3 18
6 9 8
20 0 15
8 12 7
8 12 15
9 11 17
5 10 1
10 13 1
2 6 17
16 17 15
17 21 4
9 13 12
21 3 5
3 5 10
17 19 13
18 20 16
22 0 10
19 21 12
20 22 1
1 4 9
17 20 8
14 17 4
10 13 17
8 11 9
13 16 3
12 15 4
3 7 8
2 6 2
4 7 5
0 2 13
19 22 6
10 13 3
5 7 4
20 21 13
14 16 13
5 7 14
15 18 11
23 3 17
10 14 14
17 21 16
4 8 15
17 18 6
14 17 10
19 22 14
22 1 2
1 3 15
14 17 12
13 16 17
0 3 14
19 20 6
12 15 4
21 0 3
4 9 7
10 10 4
22 0 18
16 20 5
10 13 4
18 22 7
13 16 18
22 23 16
18 20 4
12 13 4
9 12 13
0 4 13
11 16 12
15 17 13
22 1 6
17 18 11
8 9 9
20 22 11
19 22 18
5 9 15
11 15 4
15 18 9
22 2 2
19 22 18
13 16 13
21 1 5
5 8 18
5 8 7
17 19 8
14 16 12
4 6 16
6 10 13
0 1 14
7 10 15
2 7 5
10 13 12
10 12 18
7 11 3
23 2 13
5 10 7
17 20 15
16 20 11
23 2 3
0 3 9
15 17 14
6 8 18
13 17 14
16 19 1
3 7 18
3 6 13
15 18 16
17 22 12
18 21 12
2 6 3
4 8 1
17 21 16
5 8 11
15 20 12
17 21 4
15 17 4
1 4 14
1 4 12
19 23 11
4 8 7
23 2 17
3 6 2
23 3 10
17 20 16
18 23 5
19 22 4
7 10 10
18 23 13
10 13 9
14 16 4
5 8 8
4 7 15
4 7 11
16 19 16
12 15 16
19 21 7
1 4 5
2 5 8
2 3 15
22 1 3
21 1 2
15 17 9
11 16 15
3 6 15
11 14 7
7 8 9
0 3 3
5 9 4
21 0 8
22 1 14
20 0 10
6 11 9
7 12 11
5 9 9
3 6 14
21 1 10
19 22 5
2 2 4
23 3 11
13 17 7
10 13 7
18 23 14
15 20 1
14 17 13
10 16 6
17 23 7
23 3 7
2 5 18
22 0 13
12 15 5
1 3 16
23 0 1
7 9 17
1 3 7
10 12 5
6 11 14
7 9 11
22 2 8
7 10 12
8 10 6
0 1 16
19 20 18
16 19 16
21 0 17
3 7 12
21 0 3
8 12 18
16 21 17
22 0 15
18 23 6
8 11 13
12 16 7
19 22 13
17 19 15
2 4 14
1 4 5
12 14 7
15 18 11
15 17 11
13 16 1
1 3 14
11 14 4
23 4 8
7 11 3
13 15 16
0 4 8
8 10 6
6 9 16
21 23 5
18 22 14
21 0 15
18 21 10
20 22 8
18 21 10
14 17 1
20 23 9
13 16 6
1 4 16
9 13 16
1 6 15
4 5 8
4 8 14
11 15 10
9 12 7
12 14 12
20 22 16
21 2 18
6 10 17
23 3 5
3 7 6
9 12 1
23 3 2
13 15 13
2 6 9
12 16 11
21 23 4
4 6 10
19 22 18
9 13 4
5 9 15
5 6 4
20 22 3
21 0 1
17 20 18
17 20 3
22 3 14
7 9 18
0 2 6
6 10 5
15 19 3
0 3 7
12 15 5
16 20 10
23 2 7
21 2 2
19 22 14
1 4 14
12 15 15
18 21 2
8 11 15
20 21 17
16 18 9
0 3 6
16 20 17
21 23 5
7 11 1
19 21 1
17 20 3
4 7 15
8 12 2
7 11 1
11 12 16
2 5 2
16 19 15
3 5 14
16 20 6
6 9 8
11 15 11
10 13 15
22 1 5
6 9 16
0 3 6
12 16 13
17 19 2
13 17 13
11 14 14
23 2 1
21 0 15
17 19 9
17 20 17
1 3 6
18 22 6
21 1 8
10 14 5
11 14 17
7 10 13
4 6 1
1 4 13
1 4 1
10 12 9
8 10 14
23 2 14
16 19 4
5 7 15
7 11 11
20 1 3
4 9 17
21 1 13
6 9 12
12 15 8
2 5 8
19 22 1
6 11 12
1 4 17
3 5 8
3 5 17
18 21 4
3 5 18
20 22 6
0 2 15
1 6 12
4 6 14
5 8 4
13 15 1
0 3 16
16 20 10
19 22 9
20 23 2
23 0 14
10 14 3
13 18 11
2 7 16
21 0 15
5 8 5
21 1 5
20 0 5
17 20 12
2 5 12
17 19 6
19 21 5
17 21 3
12 14 2
11 16 10
14 17 13
19 22 4
11 13 8
10 13 12
9 11 3
15 17 7
18 23 18
16 17 5
13 16 17
21 0 10
8 13 2
20 22 5
1 6 2
10 12 18
0 4 15
20 22 14
5 8 7
19 23 2
8 10 6
20 21 7
19 22 7
23 3 9
21 23 5
20 23 7
6 8 18
14 17 5
15 19 13
10 14 15
2 6 8
2 5 15
7 10 6
2 7 3
1 5 18
16 18 12
10 12 11
20 0 17
11 15 1
4 7 10
9 12 15
23 3 15
23 2 12
17 21 6
15 18 11
19 23 5
6 9 15
9 10 8
7 10 14
6 9 6
1 4 7
21 0 6
9 13 11
11 14 7
23 0 1
11 15 13
16 20 11
14 17 17
19 23 8
19 20 9
18 20 4
15 20 13
3 7 6
19 22 2
7 9 3
15 18 10
16 19 13
10 13 14
9 12 12
6 9 1
12 14 5
8 11 6
3 6 10
23 3 11
5 10 1
7 9 17
4 5 15
18 22 17
9 11 7
12 14 9
14 17 12
4 7 11
14 16 6
2 5 5
22 1 10
19 23 4
14 17 16
9 13 16
6 9 10
9 12 5
15 18 2
6 8 6
3 7 7
21 0 14
22 2 14
19 20 7
16 18 2
17 19 4
3 6 4
12 15 18
8 10 18
19 22 8
9 12 14
18 20 10
7 9 7
12 14 10
10 12 6
11 14 15
6 9 8
10 13 1
13 15 10
10 14 7
10 13 12
10 14 2
6 9 11
4 6 14
14 18 12
1 3 8
3 6 1
0 4 6
22 2 13
6 9 3
19 23 9
4 6 2
17 19 4
3 5 17
18 22 1
2 6 5
10 14 2
13 16 14
8 11 12
21 0 6
7 9 10
13 15 15
4 8 8
3 6 1
9 12 2
8 12 5
12 16 4
1 5 5
19 21 18
17 21 15
8 11 16
11 12 8
2 5 6
14 17 14
5 8 6
15 17 12
1 4 10
23 2 5
0 1 7
23 2 4
0 3 10
18 22 16
23 2 3
23 2 15
20 0 11
7 10 15
2 6 17
16 18 9
21 0 4
19 20 5
10 14 6
10 13 3
11 13 3
14 18 12
22 1 13
17 22 13
20 22 17
4 9 4
17 20 3
4 7 6
2 6 8
23 2 1
13 15 6
3 6 8
1 3 6
8 10 12
22 0 11
19 22 6
15 18 4
8 10 7
18 22 18
16 21 9
12 15 5
15 18 18
9 12 4
16 20 6
15 20 6
6 8 1
7 9 8
2 3 7
7 10 5
10 12 7
2 5 5
7 11 6
2 5 12
6 9 14
18 21 1
2 6 11
1 2 3
17 21 4
9 12 15
11 13 12
17 20 15
11 13 13
16 19 3
15 19 7
5 8 1
3 4 14
7 10 2
22 0 2
5 6 10
20 23 12
12 12 1
9 11 17
21 23 8
6 9 17
17 20 17
7 10 12
19 21 7
7 10 12
10 12 13
14 18 6
11 14 7
19 20 8
5 9 7
2 4 18
11 15 11
16 19 13
11 15 2
21 0 1
16 18 13
23 2 17
16 18 1
3 6 16
0 3 15
19 21 15
0 1 13
21 0 16
9 13 10
23 1 12
18 21 6
22 0 4
2 4 17
23 1 8
10 12 17
12 14 14
6 8 10
14 17 16
15 20 6
9 12 9
14 15 17
10 12 1
4 7 11
7 11 12
10 14 13
1 3 1
23 1 13
15 19 14
17 20 13
6 8 18
16 19 11
7 11 3
4 7 12
2 7 11
21 0 6
19 21 8
11 15 7
1 4 10
19 23 2
5 10 11
3 4 7
18 21 1
6 10 1
21 23 15
17 20 16
7 10 13
4 6 17
7 10 16
2 3 3
23 3 16
23 2 16
10 13 16
15 17 2
23 0 2
6 7 2
20 23 12
7 9 6
15 17 10
22 2 12
7 11 9
5 7 13
8 12 3
2 5 15
2 4 15
7 10 18
14 17 18
1 3 13
4 9 12
4 6 1
6 9 14
19 21 14
4 7 3
12 15 2
16 19 16
23 2 7
1 4 4
1 3 18
5 9 12
11 15 3
6 9 16
6 10 15
8 10 10
1 4 17
7 10 2
13 16 9
3 5 5
13 14 7
23 0 17
17 21 1
9 13 12
14 17 13
22 2 5
15 20 13
3 6 15
13 16 11
16 19 13
16 19 11
4 6 4
19 23 15
17 20 18
14 17 17
14 18 13
10 14 5
10 13 4
10 13 4
13 18 4
3 6 1
21 23 4
14 17 5
23 2 7
0 4 13
13 15 1
7 10 4
14 16 5
4 8 6
0 3 13
15 17 14
18 21 18
3 7 15
7 9 11
2 4 12
17 20 6
5 8 14
11 13 16
7 8 1
14 16 4
16 19 10
10 13 16
9 11 15
12 14 6
18 21 12
16 18 13
2 6 14
23 3 14
7 9 16
5 8 14
5 7 9
10 12 4
22 2 8
13 17 13
22 0 1
20 23 8
19 22 5
7 9 4
0 4 7
17 21 18
2 6 3
3 6 9
21 1 15
10 12 10
10 14 17
15 19 2
7 9 4
22 23 14
8 12 3
1 2 3
16 19 10
21 1 1
5 7 9
14 18 2
10 12 11
18 20 12
3 5 7
6 9 17
23 1 14
10 13 15
8 10 2
11 13 7
8 10 13
16 21 14
22 0 18
16 18 9
5 7 6
22 2 8
16 18 6
5 8 4
22 1 3
17 20 17
21 0 7
7 8 5
6 8 7
1 5 1
8 11 13
17 21 17
12 15 12
20 23 3
9 11 17
6 10 8
11 14 14
8 12 6
8 10 14
3 7 3
1 4 2
12 16 8
11 14 2
13 17 17
4 8 5
5 7 13
3 7 17
5 7 9
1 3 11
19 22 4
19 21 13
1 4 10
8 11 10
16 18 5
9 12 16
13 15 4
12 13 3
19 23 3
9 14 18
8 12 2
4 6 2
7 10 15
16 18 1
12 14 6
13 15 11
10 13 5
8 11 3
21 23 18
10 14 6
11 15 9
17 20 12
17 19 12
17 19 15
10 12 8
12 15 12
16 20 18
14 16 8
22 1 6
23 2 10
18 21 13
2 5 8
3 7 10
20 0 7
11 13 5
16 19 13
21 0 9
0 3 8
22 0 6
6 10 7
23 1 12
5 10 14
23 2 8
22 0 11
9 13 15
15 18 5
21 23 13
3 6 7
20 22 5
9 11 11
20 23 9
12 15 16
19 22 10
14 18 3
0 3 15
17 20 12
20 22 17
15 19 18
20 23 16
13 16 9
3 7 8
16 19 12
6 8 18
17 18 4
19 22 16
5 9 6
1 4 7
23 2 4
16 18 4
16 21 4
6 10 8
22 1 15
23 3 9
1 3 5
2 8 15
19 22 1
19 22 6
7 8 13
16 19 5
6 10 14
20 23 2
8 9 1
9 12 16
21 1 7
7 10 8
17 21 1
11 14 1
5 9 7
13 16 2
13 16 16
0 4 9
14 17 3
15 21 8
0 1 3
7 10 10
20 0 10
23 2 11
18 19 18
15 16 15
21 0 1
17 18 8
21 1 9
11 13 6
5 9 6
12 17 1
22 23 4
20 23 13
22 2 18
6 9 9
12 14 8
11 15 14
0 5 10
13 17 4
23 4 16
0 5 4
21 0 6
2 6 6
15 16 2
11 17 6
19 22 5
16 17 1
1 6 10
16 18 14
7 11 6
6 9 14
11 14 3
3 6 16
19 22 11
13 14 16
22 1 17
1 3 13
15 19 14
20 23 1
17 19 5
12 17 9
2 4 4
23 2 18
22 1 15
16 17 12
9 12 5
2 4 14
8 11 11
17 21 16
23 1 7
23 2 11
21 1 5
7 10 9
19 23 6
16 19 14
23 1 17
3 5 10
4 5 9
19 21 11
10 15 5
18 23 2
19 21 9
14 15 17
13 17 5
1 3 3
13 17 17
6 9 17
22 1 11
19 23 11
8 10 5
15 17 1
5 9 9
10 14 10
21 1 9
21 1 2
12 14 15
15 18 12
10 13 9
21 1 8
11 14 5
7 11 6
12 14 11
3 6 16
3 7 8
17 19 15
20 23 10
13 16 6
15 18 7
14 16 18
6 9 10
11 14 2
9 11 10
8 12 13
9 13 11
13 17 8
20 23 16
2 5 9
7 10 5
12 15 13
14 17 14
0 3 16
3 5 14
20 23 7
12 17 4
4 7 17
22 1 17
1 5 17
13 19 12
22 3 17
22 1 2
0 2 13
6 11 15
7 9 1
5 7 12
12 16 14
14 16 8
19 22 18
3 5 15
11 13 4
17 22 9
17 21 9
7 9 10
4 5 4
9 11 8
10 13 16
20 23 18
4 7 18
17 20 1
5 7 12
17 21 2
8 10 15
6 10 14
19 22 5
1 5 8
22 1 11
11 14 3
0 2 11
1 5 2
0 3 12
9 12 13
13 15 17
18 20 1
9 11 15
16 18 13
8 11 14
8 12 6
5 8 1
8 12 5
2 5 6
7 9 16
16 21 7
20 23 4
2 5 16
11 14 7
13 16 16
4 8 15
6 9 15
14 17 5
5 8 14
17 21 11
23 2 4
3 6 16
20 21 18
19 22 6
4 5 7
12 15 16
8 10 4
8 10 13
21 0 2
10 12 2
15 16 7
3 7 5
2 6 10
23 2 18
5 7 3
20 23 17
12 14 11
13 17 3
9 13 3
6 8 2
16 21 16
18 22 7
2 5 18
0 3 10
20 22 5
17 20 4
18 22 2
18 23 18
21 22 4
17 21 9
22 2 1
6 10 11
8 12 12
4 6 3
0 3 10
7 10 9
20 23 6
18 22 18
1 5 9
19 0 18
17 19 9
4 8 13
6 8 12
11 13 3
20 0 6
5 8 6
14 17 16
23 1 5
5 8 7
15 18 18
9 12 8
21 0 13
3 7 17
13 16 8
6 9 5
14 17 4
6 10 11
7 10 18
10 11 15
21 23 10
10 13 17
23 2 15
23 2 4
5 8 17
0 2 15
11 14 16
9 13 16
22 2 4
2 5 7
14 18 4
7 9 17
1 5 12
14 18 12
17 21 4
5 8 6
14 17 5
18 22 14
6 9 18
19 22 3
2 5 14
1 3 11
3 8 7
2 7 2
9 14 10
9 12 17
6 8 7
8 12 1
13 17 3
9 12 2
21 0 18
10 13 8
9 12 2
14 14 10
9 12 13
12 15 18
2 7 6
18 21 7
4 8 11
9 11 12
20 20 17
6 9 13
12 14 18
7 12 11
7 10 5
20 22 14
1 4 1
1 5 7
11 13 3
12 15 13
22 0 9
2 5 18
12 14 17
20 23 11
22 3 17
0 3 12
21 1 4
10 14 13
9 12 8
3 7 4
21 0 9
11 13 3
14 17 11
13 15 6
23 4 15
6 7 11
15 17 10
18 20 14
1 4 6
14 16 9
18 20 14
10 13 12
15 18 3
4 7 6
21 23 17
14 18 18
10 13 16
15 17 2
21 0 15
1 5 18
8 11 18
22 23 7
7 11 8
6 10 18
19 23 17
11 14 9
8 11 1
14 17 6
8 11 12
2 6 5
8 11 13
16 18 14
17 18 3
2 4 13
12 16 18
18 20 1
18 21 14
3 7 15
9 12 18
2 6 2
7 10 4
7 10 14
14 16 15
4 7 9
2 5 8
13 17 8
4 7 6
16 21 13
7 12 12
20 22 8
11 14 10
10 13 13
12 14 9
12 15 1
12 16 16
11 15 1
6 9 12
10 13 5
23 1 2
2 6 6
2 7 13
17 20 9
13 17 2
11 14 11
5 8 17
15 19 13
18 21 13
12 14 7
17 21 2
3 7 8
11 15 16
14 15 1
19 20 6
7 9 18
20 22 13
12 13 15
0 4 7
23 4 15
20 0 4
1 4 2
5 7 9
13 17 6
9 13 2
10 11 3
14 17 15
23 1 9
21 23 6
12 16 16
10 11 12
7 11 1
0 3 14
23 3 16
9 11 12
10 14 7
21 0 1
9 11 17
4 6 10
2 4 12
12 15 11
15 17 12
1 4 4
9 10 5
5 8 5
0 3 12
17 19 3
13 15 11
9 14 4
12 15 12
9 13 14
4 7 8
19 21 5
6 9 1
20 0 13
19 22 13
3 5 10
19 0 18
13 16 8
19 21 3
9 12 11
21 2 18
15 19 6
4 9 6
9 12 13
12 17 17
1 3 9
10 11 4
19 23 12
13 16 12
8 10 15
10 12 14
21 0 17
23 2 16
23 2 7
4 8 7
1 5 3
18 22 18
15 20 12
4 7 11
18 21 10
13 16 6
12 14 17
5 9 17
6 10 3
20 22 3
16 19 7
8 12 3
4 5 15
3 6 2
21 0 9
0 2 14
2 4 8
6 10 12
1 5 3
10 13 18
3 7 10
6 9 6
22 1 11
5 10 8
12 15 1
22 1 4
22 2 8
8 12 17
12 16 10
4 6 16
7 10 9
22 0 7
17 20 12
14 15 2
16 19 12
9 13 15
7 11 11
8 12 1
2 4 16
4 9 15
11 16 7
1 5 12
17 20 13
10 12 11
14 16 1
5 9 13
11 13 4
16 18 2
23 2 1
9 11 4
20 23 18
9 12 10
7 10 12
6 8 13
21 23 5
8 11 2
8 12 17
1 2 8
20 22 10
8 10 15
18 21 10
8 13 9
8 11 1
2 4 13
13 17 8
11 13 9
14 16 1
8 10 15
22 3 8
17 20 18
3 8 7
2 5 8
12 13 17
0 2 4
20 23 4
21 22 13
15 19 3
8 12 4
9 13 5
3 7 1
10 14 4
8 11 5
18 21 6
6 10 4
4 6 1
10 13 11
7 10 6
1 5 3
6 9 14
10 13 14
20 0 3
15 18 17
12 16 15
22 1 8
2 4 17
17 18 2
21 0 16
23 2 17
21 1 11
6 7 15
23 1 8
14 17 13
23 2 2
16 18 3
10 13 13
8 10 10
0 4 1
4 8 7
4 6 11
21 2 5
15 17 2
16 18 10
4 7 3
22 1 11
1 4 3
18 20 13
18 20 1
21 1 14
14 15 18
19 21 5
19 20 3
8 12 6
10 14 9
6 9 10
11 15 5
17 20 1
12 17 6
11 14 6
23 1 13
8 11 4
12 15 5
20 23 7
11 15 1
4 6 5
0 1 13
11 12 2
18 22 18
1 3 18
14 18 15
23 1 4
2 6 12
14 16 10
19 21 3
7 10 14
3 8 11
0 3 9
5 8 4
2 5 8
8 12 18
11 16 16
10 13 13
16 20 2
19 21 17
11 14 4
19 21 13
1 3 18
5 8 17
5 8 11
16 19 15
21 1 17
13 17 12
7 9 3
8 12 7
18 20 2
23 2 3
0 3 11
15 19 7
9 12 1
12 16 6
2 5 5
1 6 16
11 13 16
19 21 16
20 23 3
0 4 6
9 10 4
4 8 13
22 1 3
17 20 7
16 20 7
21 22 6
20 22 17
21 2 4
19 22 12
3 7 8
4 7 10
21 1 5
10 13 2
5 7 8
6 9 4
0 3 11
12 16 15
3 8 17
17 20 18
17 20 10
17 19 7
23 3 6
9 13 6
20 22 16
18 19 11
15 18 5
5 7 12
19 20 18
0 4 12
20 21 6
13 15 13
23 2 6
19 22 1
6 8 16
16 19 1
20 23 4
16 19 6
21 23 4
22 1 8
13 15 18
18 22 6
5 7 7
10 13 18
17 19 13
15 20 7
8 11 3
10 14 3
5 10 13
7 12 6
12 14 1
18 20 12
10 12 1
5 8 17
21 0 14
20 22 6
11 13 10
13 17 2
12 15 6
16 20 3
9 13 12
8 10 6
14 16 15
2 6 14
0 3 8
3 5 5
2 5 10
12 13 2
5 9 10
10 14 13
13 15 1
1 5 5
11 13 18
19 22 6
20 23 5
3 6 12
23 3 13
2 5 15
20 1 3
22 1 3
16 19 2
4 8 7
9 12 5
4 5 5
14 16 1
4 7 4
22 1 9
1 4 1
11 14 3
12 13 5
19 20 18
7 11 5
2 4 6
6 9 7
1 4 7
18 22 3
16 19 17
11 13 1
16 19 16
6 9 15
15 18 10
1 6 6
6 9 9
19 20 4
22 1 5
10 13 16
10 13 2
7 10 11
1 3 1
21 1 14
19 22 4
7 10 7
16 18 15
21 22 8
4 8 16
23 3 15
5 8 15
0 3 10
15 17 11
19 23 17
12 16 18
12 14 11
3 6 7
18 22 11
7 10 15
1 2 2
8 11 7
8 11 10
20 22 8
23 3 1
16 19 5
7 9 15
8 12 14
22 2 3
15 20 16
12 16 5
2 8 15
2 5 18
9 11 5
18 21 13
19 23 13
1 4 11
20 22 10
5 7 9
3 6 17
12 14 14
13 16 17
9 11 11
9 11 3
5 9 14
2 5 2
21 1 8
15 19 7
18 21 6
23 3 5
1 3 1
4 6 17
0 3 17
22 0 6
20 23 3
5 6 11
13 17 3
23 2 2
4 8 3
12 15 6
9 13 7
10 13 12
21 1 8
13 15 1
0 3 7
23 2 13
4 7 7
0 2 12
7 10 12
20 22 1
19 21 2
23 1 13
20 23 4
6 9 16
4 6 13
14 17 12
13 16 5
18 20 6
21 22 18
4 8 17
13 16 11
8 11 15
2 4 15
4 6 12
19 21 14
13 15 8
2 4 10
19 21 15
14 17 13
19 20 10
17 21 14
11 14 9
8 11 10
11 15 1
7 9 2
10 13 16
23 2 10
22 0 1
1 4 12
0 2 8
12 15 2
3 6 1
3 6 2
7 11 13
20 1 16
0 3 16
0 5 17
14 17 13
6 11 14
17 20 11
11 13 16
6 9 17
14 18 10
0 5 12
6 10 12
23 2 2
14 15 14
19 22 7
10 12 9
1 3 13
12 15 8
19 0 5
11 14 15
2 5 17
22 2 2
13 17 17
12 14 7
20 23 17
13 14 15
3 6 3
9 13 15
21 23 6
0 2 5
15 17 17
11 11 8
19 21 11
7 10 18
13 17 6
9 12 7
16 18 15
22 2 14
5 9 9
21 0 12
19 21 4
7 9 2
20 1 6
18 20 8
5 7 12
21 1 3
2 6 8
21 0 2
6 10 8
11 13 12
10 14 9
18 21 14
8 11 6
19 0 8
7 10 12
5 9 9
5 8 12
11 14 12
4 7 18
1 4 17
2 4 17
3 6 17
22 3 18
19 21 13
22 0 10
17 20 6
9 12 4
8 11 15
18 21 2
14 15 1
5 9 6
8 11 2
7 10 4
17 19 11
3 5 14
23 2 8
17 19 11
17 19 7
2 5 11
14 18 16
11 12 8
4 8 17
6 8 12
4 8 18
14 18 6
21 1 3
4 5 6
0 3 4
20 23 6
16 19 13
0 4 11
11 15 8
11 15 6
12 15 3
18 21 12
0 4 6
21 1 18
23 3 14
13 14 3
16 20 7
23 1 12
19 0 1
5 7 18
10 13 7
19 20 11
2 5 17
6 10 8
4 7 13
6 9 5
6 9 3
10 15 3
19 23 4
9 12 18
23 3 14
16 18 4
13 17 10
12 15 14
3 7 10
6 10 5
17 19 12
1 4 14
7 11 12
20 23 9
0 1 1
18 22 1
11 15 3
9 12 4
3 6 9
10 11 10
2 5 6
14 17 14
11 13 11
15 18 1
22 1 2
17 20 14
16 19 11
7 11 16
22 1 13
14 15 8
12 14 12
8 10 16
21 2 12
6 8 11
14 17 4
13 16 12
17 19 1
19 22 3
21 0 14
19 22 12
4 6 7
20 0 6
22 0 2
1 4 4
16 18 2
19 22 8
13 17 13
14 18 1
5 7 3
13 16 6
1 4 5
10 12 14
2 6 11
1 5 2
4 7 8
14 18 3
13 17 1
18 20 2
15 18 3
16 19 13
21 0 10
9 12 1
2 5 7
18 21 16
18 20 15
9 12 4
3 6 2
20 0 17
16 20 10
12 13 9
16 19 4
15 18 16
20 0 16
16 20 2
13 15 2
2 5 8
8 11 14
19 21 10
10 13 18
19 21 18
8 11 17
16 19 10
16 20 6
13 17 6
1 2 15
10 12 1
12 15 5
7 8 9
6 9 5
7 10 13
9 12 12
21 2 13
6 11 10
13 16 4
5 10 9
2 5 14
6 9 1
12 14 15
7 10 13
0 3 1
17 20 15
13 16 1
17 21 17
10 11 1
19 21 10
10 12 12
12 16 5
2 6 9
5 9 11
16 20 4
9 12 4
5 8 12
16 19 15
12 16 11
23 3 11
12 12 11
0 3 6
22 3 4
5 8 15
19 0 2
21 22 12
4 8 8
17 20 14
16 17 8
15 17 18
6 9 9
18 20 16
22 1 2
6 6 12
5 8 16
14 14 10
21 0 11
17 19 8
3 6 2
2 5 15
16 21 4
11 14 12
1 6 7
7 9 13
5 8 10
7 11 12
21 23 4
10 14 1
13 17 15
11 14 8
17 21 3
19 23 13
5 6 5
3 6 2
19 23 17
3 4 2
1 3 11
10 14 6
3 8 18
23 2 7
1 3 2
15 17 17
18 21 11
1 3 7
9 11 17
5 8 13
12 14 13
2 7 1
0 3 9
6 10 13
7 10 11
22 1 16
23 2 17
4 9 10
19 21 11
11 15 13
19 21 9
14 17 4
9 12 17
2 2 7
5 8 14
7 10 6
5 7 2
5 8 8
9 11 6
9 12 15
0 2 3
22 2 10
13 15 2
20 22 3
16 19 16
0 3 11
23 2 16
7 10 12
21 23 9
0 2 17
8 10 3
0 2 15
18 20 4
21 0 16
1 5 11
3 7 7
16 19 13
17 22 11
4 8 2
23 2 5
3 6 15
23 3 2
3 6 3
14 16 16
19 22 16
21 0 4
12 14 12
15 16 1
16 19 17
13 17 18
1 4 3
15 17 13
3 6 9
14 15 7
21 22 16
1 5 10
16 18 18
12 14 15
21 22 3
21 23 14
12 13 18
22 2 8
5 10 10
9 10 3
22 3 12
6 9 1
19 22 16
0 4 3
0 4 16
23 3 16
17 21 2
1 2 14
5 9 13
23 3 6
10 12 3
22 2 17
10 14 9
14 16 6
16 19 17
14 15 17
1 3 17
2 5 4
17 19 18
2 5 18
0 4 6
3 7 5
16 18 3
23 3 15
19 0 15
17 20 2
10 13 4
3 5 8
0 3 13
5 7 3
16 20 13
11 14 11
13 14 2
21 23 8
9 11 8
15 18 17
9 13 8
13 16 2
19 23 8
0 2 11
2 6 1
1 4 3
10 11 5
3 6 8
0 4 5
1 5 17
11 12 7
7 11 3
13 16 6
12 15 8
16 21 9
21 1 14
9 12 3
1 4 15
4 7 2
15 18 16
9 11 5
23 0 2
7 12 5
14 17 11
19 22 10
11 14 9
18 22 11
21 1 1
15 17 3
8 13 9
13 14 5
3 5 1
19 22 3
1 4 4
0 3 5
16 20 18
14 19 18
8 12 11
18 20 7
19 20 8
5 9 7
5 8 13
21 22 1
15 17 5
11 15 4
13 17 7
18 21 10
18 22 10
23 2 2
0 4 14
21 0 14
0 4 5
18 21 14
3 5 13
5 6 8
11 14 7
11 16 18
4 8 6
19 22 12
9 11 14
14 17 15
20 22 14
1 4 8
1 3 5
8 11 17
18 22 2
5 8 7
2 3 10
16 20 14
18 20 12
9 12 3
10 13 15
21 1 16
10 12 6
18 20 9
14 16 11
9 11 8
21 23 13
16 18 5
16 19 9
7 11 2
20 21 11
18 21 17
16 20 13
21 22 18
19 0 16
0 2 4
17 21 14
14 17 8
5 8 11
23 2 15
6 9 15
4 6 15
23 1 10
1 4 9
12 14 1
15 17 13
11 13 18
18 21 18
11 14 9
18 22 11
3 6 1
5 9 14
12 16 16
12 15 7
23 1 5
19 21 10
16 18 9
15 18 15
1 5 6
5 9 18
0 4 6
14 17 2
8 10 9
1 4 15
13 18 16
6 9 6
21 23 3
7 10 1
7 9 10
15 17 14
22 0 11
17 21 2
13 16 16
11 13 14
3 7 8
16 21 6
5 8 15
15 16 7
4 9 2
11 15 3
22 23 9
17 19 2
20 0 6
2 5 6
11 13 10
20 0 1
9 11 12
1 4 12
9 12 6
2 6 7
19 23 16
9 13 15
11 14 4
10 13 2
5 7 16
3 6 9
1 4 8
3 6 18
0 3 8
23 2 4
11 14 11
9 12 15
22 3 3
15 18 12
12 16 10
13 15 10
7 9 8
13 17 10
23 2 8
2 5 1
13 16 13
12 15 4
12 16 2
8 11 8
23 3 5
15 18 4
9 11 12
20 0 9
13 16 18
1 6 15
9 13 2
20 23 14
18 22 15
16 20 15
14 17 11
14 17 6
0 4 16
3 5 11
19 21 13
13 16 5
5 8 2
1 3 10
6 10 10
20 23 15
3 7 16
17 20 18
9 11 16
13 16 2
22 0 9
15 16 11
14 16 2
18 21 14
8 11 10
12 14 3
16 18 15
5 7 4
18 21 18
9 11 5
9 12 1
14 19 12
13 16 11
2 5 1
13 16 1
23 2 9
20 22 4
2 6 15
19 21 4
6 9 18
4 6 12
23 3 1
20 0 4
9 11 14
16 19 16
12 13 15
7 10 14
13 17 16
7 10 13
3 6 13
2 4 9
6 9 6
12 16 5
10 13 18
11 15 6
0 3 14
16 17 13
11 14 10
7 10 1
21 23 11
3 6 8
4 7 7
3 9 17
17 20 12
21 1 17
17 19 4
15 19 5
21 22 1
9 12 15
15 18 8
8 12 18
4 6 5
7 11 17
22 2 2
9 11 12
19 22 3
6 10 2
0 5 12
6 9 7
21 0 4
15 19 5
2 4 14
16 21 8
13 15 7
4 6 8
1 5 18
12 15 3
16 20 7
8 12 5
0 4 10
4 7 5
15 18 13
8 10 8
19 21 6
13 17 16
14 19 15
17 20 18
10 12 5
19 23 3
11 14 4
0 3 14
8 11 9
17 20 2
13 15 12
23 4 8
0 3 13
16 19 9
12 15 17
1 5 14
8 11 12
21 1 6
14 15 12
21 23 17
21 22 16
11 15 7
14 17 8
4 7 2
13 15 5
9 12 5
13 16 8
3 6 4
11 13 4
13 16 8
10 13 7
14 18 4
16 19 14
11 15 7
12 13 4
15 17 15
10 13 17
0 2 2
10 12 18
19 22 9
3 5 13
10 14 2
3 6 1
10 12 3
1 3 14
14 16 15
1 3 11
23 3 5
16 20 2
14 20 1
12 13 13
20 1 7
10 12 10
13 16 18
3 5 10
18 21 15
5 8 12
22 2 15
6 10 11
6 9 7
13 16 10
0 3 17
17 19 9
4 7 10
13 15 15
14 18 5
21 1 7
0 3 5
4 6 16
10 13 14
10 14 14
19 22 10
23 0 3
9 12 7
8 12 7
14 16 8
6 9 13
5 8 10
12 17 17
15 17 3
15 19 13
5 9 10
4 7 13
13 16 17
8 8 10
9 10 15
8 9 11
14 17 10
12 14 8
17 21 7
0 2 1
13 16 14
22 0 6
3 7 18
20 23 10
2 6 15
16 18 9
7 10 1
19 23 18
11 14 5
8 11 18
3 7 6
7 9 18
21 0 2
13 17 10
22 1 1
18 20 3
19 23 10
18 21 2
3 5 7
11 14 3
14 17 10
3 6 10
8 12 10
22 1 17
10 12 5
2 4 6
22 0 15
1 4 6
19 22 8
23 1 3
9 13 12
4 7 9
0 3 7
1 5 11
8 12 2
10 12 5
4 7 7
13 15 17
10 15 9
10 12 18
3 5 9
9 13 18
2 4 8
19 23 10
12 16 18
18 23 15
15 17 4
22 2 8
1 4 2
22 1 12
6 9 9
12 16 12
10 14 6
11 14 3
3 5 16
5 6 4
21 0 4
12 16 17
4 8 11
13 16 3
19 22 1
22 23 12
8 12 13
8 12 9
19 23 11
22 1 5
2 4 12
10 12 6
17 19 4
12 16 17
4 7 1
4 6 15
17 19 13
3 7 1
11 14 14
20 0 12
0 3 5
12 14 18
10 16 10
3 6 11
20 21 1
18 19 2
20 21 7
9 10 7
4 6 9
12 15 2
5 8 3
1 6 4
22 1 6
10 13 4
14 17 9
21 0 18
2 6 11
7 11 5
4 8 8
10 14 14
19 22 16
2 5 18
18 23 8
3 3 4
16 18 6
16 20 13
16 21 9
17 19 8
4 8 5
23 3 16
3 7 14
3 7 16
8 13 4
19 21 6
14 19 11
11 16 8
19 22 3
4 6 11
5 8 1
22 2 11
10 13 2
22 3 14
1 4 3
23 2 16
5 9 14
6 10 7
22 0 6
17 22 4
14 16 12
11 12 2
5 8 12
20 1 10
9 12 8
3 5 9
22 1 2
2 4 16
17 19 5
21 0 15
16 20 10
20 22 2
2 5 14
9 12 17
14 17 7
20 23 7
7 10 16
16 19 15
2 4 3
3 8 3
3 6 11
17 20 8
19 23 7
11 13 15
14 16 5
9 13 15
13 15 11
9 12 16
23 2 8
15 18 10
2 6 1
7 11 2
17 21 7
9 11 18
21 1 7
22 1 17
16 21 14
9 12 13
13 16 6
21 1 17
11 14 13
13 16 9
7 10 17
12 14 7
6 9 4
7 10 14
12 15 1
2 2 18
5 10 5
1 3 9
2 6 2
23 1 13
15 18 12
10 13 11
5 7 16
13 16 15
20 22 11
0 3 16
10 14 12
12 15 6
2 3 8
14 17 13
8 12 12
16 19 2
2 6 10
20 23 3
14 17 10
11 13 15
18 21 14
7 10 2
8 14 14
18 21 13
3 8 16
10 14 9
8 12 10
22 22 2
1 4 1
4 7 12
10 13 14
3 6 6
0 3 11
0 1 8
8 12 17
5 9 14
16 19 9
0 3 17
7 10 6
7 9 18
9 12 12
5 8 14
20 22 12
9 12 14
23 2 3
4 8 11
20 22 14
18 22 7
14 18 14
21 0 3
9 11 3
13 17 13
22 3 14
13 14 3
1 5 15
17 18 17
2 8 5
19 23 4
0 2 3
20 23 18
9 13 11
20 23 3
5 8 10
17 20 14
23 3 17
3 7 14
22 2 18
13 14 8
10 13 5
11 14 18
15 18 7
16 19 3
1 3 5
15 17 2
9 12 15
0 4 2
8 12 14
11 15 11
20 0 11
4 7 11
14 18 8
16 19 3
6 10 8
11 13 11
20 0 5
23 4 1
23 2 2
8 12 6
2 3 9
20 0 11
1 5 7
4 6 14
17 20 18
19 22 15
5 8 11
9 12 3
15 19 2
10 13 2
23 3 2
16 20 10
12 16 6
12 15 6
10 12 8
14 14 2
9 12 4
20 23 6
15 18 10
13 18 17
13 17 5
6 9 4
2 5 18
3 5 9
22 1 7
5 8 13
19 22 16
7 9 10
8 12 15
23 2 5
12 14 5
23 2 13
1 2 5
18 21 5
2 4 6
8 11 13
7 8 5
4 8 7
2 6 4
0 4 13
16 19 5
6 9 8
4 6 5
23 2 14
20 23 1
19 23 3
4 7 15
23 4 16
19 22 4
22 1 8
22 2 14
9 12 13
11 14 2
1 2 6
20 22 4
16 21 15
10 14 2
15 18 7
11 14 18
15 19 17
5 7 1
8 10 17
4 9 3
21 1 17
22 23 7
20 0 16
22 1 12
13 16 12
10 12 12
5 9 10
6 11 7
0 4 9
7 11 17
1 3 3
4 6 15
12 14 4
0 2 7
7 9 9
18 19 3
11 15 17
15 17 12
19 23 5
20 22 5
15 17 7
19 21 5
13 15 12
16 18 13
14 16 15
2 5 14
12 15 3
18 21 17
0 2 17
5 11 8
21 0 9
3 4 15
19 21 18
13 16 17
18 20 7
21 0 6
20 0 10
9 11 13
11 13 12
3 7 9
5 9 9
15 17 4
22 0 10
16 18 5
2 4 16
22 1 1
1 3 12
12 16 11
9 12 17
7 11 15
12 13 13
17 18 2
13 15 16
5 8 8
9 13 4
12 14 8
17 22 10
15 17 6
15 18 7
6 9 6
8 11 18
22 23 16
21 0 14
