1250 13
6 1 4 9 1 2 6 9 10 8 9 4 5 
18 21 4
16 19 7
1 4 8
19 23 5
18 22 7
9 12 1
22 1 7
23 1 3
1 4 12
15 19 2
18 22 3
20 22 13
0 4 5
12 14 10
16 20 3
14 17 13
15 18 6
0 3 9
0 3 13
21 0 6
20 0 11
16 19 7
22 1 11
2 6 4
6 9 8
10 12 5
22 0 1
0 3 10
21 0 7
2 5 1
8 10 3
11 11 4
23 2 10
4 7 5
17 20 5
13 15 13
5 8 8
18 21 8
2 6 12
11 16 1
15 18 6
18 19 6
9 12 7
7 11 1
11 13 3
18 22 6
8 12 13
12 15 2
4 7 9
17 19 2
23 0 5
3 6 10
5 8 3
13 16 3
2 5 6
11 15 2
20 23 7
15 18 5
9 12 4
0 3 12
7 10 6
8 12 6
15 19 9
3 6 13
2 7 11
16 18 2
0 3 10
20 1 7
2 5 12
7 10 10
14 18 11
15 18 12
8 10 12
16 20 5
18 21 6
12 15 12
6 9 3
11 13 9
21 1 13
5 9 4
21 0 5
5 8 5
22 3 1
16 17 9
0 3 11
4 7 9
11 13 4
5 9 9
20 0 6
21 0 7
8 12 12
4 7 5
19 22 7
5 10 1
1 3 5
20 23 8
22 0 6
15 20 9
23 1 7
18 21 6
23 0 13
6 9 8
1 5 6
4 7 9
23 1 8
23 1 7
23 3 8
15 18 6
6 9 5
14 18 11
2 5 4
0 3 9
8 12 11
10 13 5
1 3 11
10 12 5
11 13 9
0 4 6
4 7 7
19 23 12
14 17 10
3 7 9
15 17 8
0 3 8
8 9 4
2 5 13
0 2 8
21 0 8
3 4 9
6 9 8
22 3 4
6 8 8
14 16 6
0 2 10
21 1 2
17 20 12
2 6 4
19 22 5
8 10 9
19 23 12
5 9 3
2 5 1
22 0 12
2 5 10
5 7 12
22 1 2
13 15 6
18 22 3
2 5 10
3 6 12
15 18 9
19 23 9
17 19 6
6 8 4
19 22 11
20 22 7
23 2 6
23 1 13
12 16 11
3 7 3
23 4 6
5 7 7
14 16 12
17 21 3
3 7 3
13 15 13
14 18 3
20 23 12
6 10 9
8 10 5
17 19 5
19 22 2
10 12 3
2 5 12
17 21 2
10 14 7
16 18 7
1 4 3
21 0 10
12 14 4
15 19 2
0 3 4
8 10 13
1 6 7
6 10 4
10 14 3
15 18 9
6 10 10
12 18 8
11 15 5
10 13 1
6 10 3
10 14 3
20 0 6
18 20 1
9 11 13
6 9 13
20 23 5
13 16 4
5 7 8
6 9 4
13 17 11
16 20 11
19 22 12
7 8 3
7 9 5
14 18 3
20 23 7
22 0 8
17 21 1
8 12 1
6 10 13
14 16 3
20 21 1
7 9 1
3 6 8
5 6 3
2 4 1
11 15 4
10 12 6
10 12 7
16 16 2
10 12 4
19 23 7
22 22 12
20 23 11
18 22 3
11 15 13
15 17 4
2 6 12
17 21 6
15 15 5
8 11 9
20 0 3
22 0 2
17 19 3
0 2 8
16 19 12
4 5 8
4 7 5
3 5 2
22 1 4
9 13 12
10 13 9
5 7 2
8 11 7
4 7 10
0 3 9
14 18 11
12 14 12
20 1 13
1 5 5
20 22 5
15 20 6
2 4 4
19 21 6
3 7 7
9 12 11
6 7 13
13 16 6
21 21 10
18 21 12
13 18 7
19 22 13
6 10 5
11 15 11
5 8 12
17 21 3
19 23 2
0 4 13
6 9 2
11 13 3
6 9 2
12 15 7
0 1 8
22 1 7
4 6 3
7 11 3
21 0 12
8 12 11
15 19 12
0 3 6
0 3 13
8 10 12
21 23 1
19 23 12
15 18 5
21 1 10
18 21 12
12 16 7
1 4 8
23 3 5
13 15 11
4 6 6
20 23 4
13 14 7
12 15 1
2 5 8
5 8 1
5 8 3
21 1 8
12 16 10
7 10 6
10 12 12
20 23 1
10 12 11
0 3 12
11 14 2
0 4 6
10 14 10
4 7 11
3 5 4
4 9 3
11 13 9
16 20 6
10 12 1
12 15 1
17 20 1
17 19 12
16 20 12
20 22 13
12 16 4
18 21 3
6 8 2
3 7 10
9 11 4
23 2 7
10 13 7
22 1 10
1 6 2
7 10 8
8 12 12
10 14 12
0 3 11
6 8 10
10 14 5
5 9 13
12 14 8
22 3 6
8 11 7
1 6 4
2 4 7
12 15 6
11 14 3
5 7 6
11 12 6
11 14 9
5 8 8
18 21 13
22 1 13
23 3 7
9 12 4
5 8 8
2 4 12
7 11 7
13 15 9
15 18 10
7 12 13
22 1 2
8 13 7
11 16 3
3 6 4
10 13 6
1 6 4
8 9 2
7 9 9
18 21 12
19 0 12
15 18 3
3 6 2
14 18 2
1 4 3
13 15 5
1 5 7
3 6 1
4 6 1
16 18 2
12 15 6
1 5 5
12 15 11
13 14 3
23 0 2
20 21 3
18 20 2
2 6 8
6 9 7
20 22 8
19 20 3
19 23 3
13 17 10
5 9 12
21 0 6
10 14 1
8 11 10
3 6 9
13 16 1
22 2 13
7 10 10
9 14 9
14 17 9
5 8 7
8 11 7
6 10 11
13 17 10
13 15 2
15 18 7
3 8 13
5 7 9
19 21 10
14 16 4
23 2 1
18 23 8
18 22 4
9 10 4
20 23 5
12 15 13
5 8 11
2 3 12
18 22 3
18 21 12
3 6 13
14 17 13
7 11 12
2 6 4
0 2 7
21 0 2
3 8 7
20 22 6
6 10 13
8 13 9
0 3 9
7 10 5
22 0 10
9 12 4
9 13 13
1 3 7
2 5 10
22 0 10
12 13 11
0 2 6
8 11 11
7 9 2
10 12 9
5 6 3
10 14 2
7 10 7
15 16 11
12 16 9
10 13 2
17 20 5
20 23 11
6 10 2
5 8 3
2 4 6
17 19 12
8 11 6
16 17 8
3 5 7
7 11 8
23 1 10
16 19 12
3 7 13
6 9 3
21 23 8
23 2 7
22 4 1
5 9 2
10 13 1
13 16 10
13 15 1
1 4 5
16 20 5
14 17 13
1 4 1
17 20 11
0 3 7
8 12 4
8 11 7
11 13 7
20 0 8
22 0 11
2 4 5
4 8 3
1 5 4
18 21 3
1 5 6
16 18 10
23 2 10
15 18 1
1 3 5
21 2 12
23 3 8
11 14 8
8 11 11
9 14 6
8 10 13
14 16 4
15 16 9
1 3 11
12 15 2
23 1 2
2 4 5
1 4 3
21 1 9
7 11 5
2 4 7
10 14 1
7 9 9
8 12 3
14 18 9
15 17 3
20 1 9
11 16 2
17 20 13
20 23 13
13 15 6
0 2 8
19 22 4
9 11 12
23 1 3
10 12 3
6 8 3
15 18 11
3 7 7
13 16 1
15 18 12
3 6 2
10 13 4
3 6 5
19 22 6
21 0 4
12 17 5
0 4 12
7 11 4
9 12 13
22 2 3
23 4 8
13 14 1
21 23 11
0 3 12
0 4 8
19 22 2
12 14 13
18 21 6
21 1 1
5 7 11
21 2 12
15 16 11
19 22 4
10 12 10
3 6 6
17 21 13
10 13 8
8 10 13
15 19 8
18 21 11
17 21 5
4 7 6
2 6 10
2 6 5
20 0 10
20 23 1
3 7 6
2 6 5
21 1 2
12 16 2
7 10 5
16 20 11
17 19 5
21 1 10
10 12 11
19 21 5
20 0 6
8 11 9
20 22 9
6 11 2
15 18 8
6 10 9
19 22 2
2 5 13
21 1 13
1 5 13
5 11 4
19 20 6
10 12 8
14 18 7
7 10 5
14 15 4
8 10 2
22 0 10
17 20 8
16 16 10
8 10 9
22 0 5
2 5 3
5 9 9
21 0 4
14 18 3
22 3 6
0 3 9
10 13 5
21 23 10
7 11 12
9 12 11
16 19 5
13 16 6
18 21 7
10 12 6
8 10 4
13 16 2
6 9 12
19 0 12
18 21 9
21 23 8
17 19 11
16 21 5
11 15 11
23 4 1
7 9 9
9 12 11
7 9 2
15 17 6
3 7 9
2 4 9
2 4 5
6 8 11
17 18 1
13 16 1
4 6 1
11 13 7
17 20 4
10 14 2
8 10 8
1 4 6
11 14 13
2 5 12
19 22 12
0 3 5
20 23 3
9 12 11
8 9 5
13 16 12
16 18 5
12 15 6
8 11 2
18 20 6
1 3 9
10 14 2
13 16 13
4 6 9
5 9 10
4 6 4
5 8 1
14 18 4
18 20 12
18 22 12
5 7 5
21 1 2
2 6 12
15 18 5
7 10 5
23 2 11
18 21 5
1 4 13
6 10 5
7 11 8
18 19 7
12 15 1
8 13 6
17 19 13
20 23 10
2 7 11
6 9 7
22 2 11
21 0 4
22 1 2
11 13 1
16 20 4
0 2 6
11 15 1
20 22 12
16 17 1
18 20 5
21 0 3
8 13 10
6 8 4
11 15 8
23 2 6
17 21 5
5 9 3
17 20 3
11 14 7
6 8 10
9 11 8
20 0 9
5 8 5
6 7 6
16 17 5
10 13 10
18 21 1
8 10 7
19 20 3
22 0 11
8 11 1
19 22 8
11 15 8
4 7 11
5 9 1
22 0 4
23 2 7
13 18 10
6 10 12
9 11 4
15 19 3
6 9 11
12 15 4
15 16 9
0 4 13
22 3 6
0 4 13
11 14 4
20 23 8
4 5 13
17 20 2
4 7 1
3 6 13
0 2 6
15 17 2
22 1 11
13 16 7
3 5 2
7 9 4
15 17 2
22 1 11
22 1 9
17 20 3
20 22 6
22 1 8
16 20 4
0 3 5
14 16 6
16 19 1
17 20 1
16 20 5
15 17 11
17 19 5
12 14 1
17 20 1
18 22 13
9 12 7
5 7 10
19 23 9
13 16 12
22 1 2
8 11 2
19 1 4
14 18 3
13 16 10
8 10 4
7 9 8
3 7 11
11 13 1
16 17 8
17 20 12
15 19 7
9 12 2
9 12 3
3 7 12
16 20 7
22 1 2
1 3 2
8 10 4
13 15 8
20 0 12
15 18 11
19 21 4
8 10 3
4 7 3
18 21 2
20 23 11
2 7 13
2 5 2
3 7 10
9 10 5
15 18 4
11 15 10
17 21 6
8 11 3
11 15 11
2 5 3
4 9 1
19 22 2
5 8 8
18 21 10
2 5 11
0 2 5
4 7 7
3 5 1
21 0 10
6 10 13
17 19 12
14 18 12
17 21 9
13 17 9
8 11 6
19 21 13
3 5 2
14 17 4
0 3 13
8 11 8
14 18 10
14 19 2
14 16 1
3 7 6
4 8 3
0 3 9
20 1 9
10 14 9
6 10 8
13 15 13
14 15 7
4 7 8
2 5 11
3 5 8
15 16 11
5 8 4
5 8 11
12 14 10
15 18 13
4 7 1
11 14 4
16 18 13
2 4 2
23 2 10
21 1 5
2 6 11
10 14 4
21 0 9
4 7 4
14 18 4
11 14 1
11 14 11
19 23 13
4 9 6
15 19 5
9 12 1
3 5 2
10 14 13
7 10 8
23 1 6
17 20 11
0 2 1
9 11 3
18 22 11
8 10 1
23 3 2
13 16 9
15 19 10
14 15 12
17 20 13
12 17 4
22 0 12
19 22 5
0 3 9
7 11 7
17 20 4
2 3 7
21 1 5
22 1 9
9 12 9
6 9 9
21 0 13
3 5 10
23 2 2
1 3 4
23 3 11
22 0 13
0 3 4
5 9 11
19 23 1
21 23 9
5 8 5
19 22 10
2 5 6
12 16 13
0 1 3
17 20 10
23 3 8
5 9 6
21 23 11
21 0 1
10 13 11
10 12 11
8 11 7
10 13 11
0 3 7
11 12 1
19 23 3
14 16 12
0 3 8
19 22 1
18 21 12
4 6 12
23 2 5
16 18 9
18 22 2
23 1 1
7 11 6
23 1 6
1 3 9
8 11 12
2 2 7
19 22 12
8 12 13
12 15 11
21 2 6
2 4 6
23 4 11
13 16 2
23 2 9
16 17 4
19 22 7
13 16 5
23 2 7
8 11 5
16 19 8
6 9 13
21 23 7
22 1 9
2 5 3
7 11 4
21 0 9
1 3 11
18 22 7
8 9 4
12 15 1
17 19 4
3 7 1
12 12 5
13 17 9
6 9 1
9 12 4
18 22 11
20 22 4
23 1 11
23 3 5
15 18 4
21 23 4
1 4 3
16 18 12
12 14 5
1 5 12
2 4 3
1 6 3
23 2 7
7 10 2
5 8 7
4 6 6
11 15 9
16 18 1
20 23 13
13 16 1
8 10 2
9 13 13
12 16 13
20 23 7
0 4 10
16 19 11
14 18 3
13 16 9
11 15 6
8 12 12
20 23 1
18 20 5
12 16 12
12 14 8
16 18 12
2 5 3
4 7 6
21 23 6
12 15 5
17 21 10
18 21 10
2 6 7
18 22 7
9 13 5
20 1 1
5 8 4
16 20 7
13 15 10
2 3 9
15 18 12
7 11 8
10 14 11
22 2 1
6 10 3
2 3 11
20 23 5
19 22 4
15 18 7
16 19 1
7 8 6
12 16 12
21 0 4
13 17 1
1 3 7
5 8 12
11 16 10
7 8 6
5 7 5
17 20 4
1 4 7
12 14 7
17 21 6
14 16 9
23 2 6
0 3 10
22 2 2
13 16 4
3 7 7
7 10 5
13 17 9
9 12 3
12 14 4
13 17 3
3 7 10
19 0 13
11 15 11
3 7 11
23 4 7
9 13 9
16 18 2
3 5 6
23 0 6
10 13 7
10 13 10
13 15 2
19 23 11
11 14 12
1 4 9
10 13 9
18 21 2
14 18 6
19 21 4
23 2 1
21 0 8
9 13 10
1 4 7
19 22 4
14 18 8
10 13 11
17 20 10
12 16 1
6 10 10
12 16 1
15 19 8
19 22 12
9 13 4
4 5 4
2 3 11
16 19 8
16 19 6
8 10 9
9 11 7
16 18 11
1 5 5
5 8 4
11 14 5
8 11 3
16 19 10
17 21 4
10 13 1
16 19 3
16 19 8
8 12 5
1 5 9
13 16 2
15 18 3
20 23 10
5 8 11
5 8 2
13 15 6
18 20 9
4 6 3
12 17 9
18 22 5
11 14 10
8 12 1
7 11 13
7 11 6
15 18 10
12 18 5
8 13 3
7 8 7
20 1 9
8 12 4
2 6 12
16 18 9
14 19 4
1 4 6
22 2 12
8 11 13
23 3 10
8 11 2
5 7 12
22 1 11
18 19 4
23 3 12
12 15 12
10 11 9
23 0 13
21 0 1
12 14 12
5 8 7
22 23 13
0 4 8
16 19 3
17 18 10
9 12 6
16 18 4
14 16 11
19 22 7
11 13 4
0 2 9
16 17 6
4 6 8
3 7 13
23 2 13
17 19 13
5 11 8
12 13 11
17 22 10
23 1 11
23 1 12
5 10 10
1 3 8
15 16 9
2 5 6
21 1 8
16 18 12
2 4 11
10 13 10
18 20 10
18 21 10
15 16 8
17 19 8
4 6 12
8 10 4
8 11 5
23 3 10
20 22 6
5 6 12
22 1 11
6 9 2
11 12 1
3 7 8
19 22 1
15 18 7
20 23 1
8 13 1
5 6 13
18 21 8
11 14 12
17 22 12
18 21 13
22 1 8
7 10 13
11 14 3
3 6 3
2 7 5
16 18 9
15 17 2
2 5 12
19 22 7
19 21 1
12 15 12
22 23 10
7 9 11
8 12 7
11 14 7
21 0 12
8 11 4
16 19 13
10 12 13
22 1 9
19 21 9
14 16 5
7 10 2
10 14 4
0 2 9
6 9 5
12 15 11
21 0 6
14 17 13
15 17 11
10 12 9
14 16 13
1 4 6
2 6 6
4 6 12
10 12 5
5 8 13
13 15 9
7 10 1
8 10 11
1 3 3
10 12 7
22 0 6
3 6 7
12 13 10
10 13 3
21 0 13
11 15 8
15 19 5
19 23 7
17 21 12
16 20 3
4 7 6
1 4 3
5 10 1
1 4 12
12 16 4
17 21 7
1 3 9
23 23 5
5 8 4
18 22 7
23 3 1
9 11 3
20 23 8
7 10 11
0 4 7
2 5 11
4 7 4
5 7 10
0 4 13
14 18 12
7 12 11
8 10 13
14 18 7
20 23 3
12 15 11
2 5 7
3 7 11
17 21 9
18 21 12
12 14 7
23 3 7
20 23 10
7 10 10
