550 10
4 10 5 7 7 3 2 7 1 5 
14 18 5
0 3 9
18 21 1
22 2 9
16 19 5
0 2 9
16 18 3
5 7 6
17 21 3
2 4 10
11 15 5
13 18 4
17 20 6
14 14 8
19 21 9
6 8 5
20 1 5
8 10 9
18 21 6
2 4 8
10 14 8
16 18 5
22 1 2
8 12 5
10 12 3
20 22 7
1 4 7
19 0 9
2 5 3
1 3 10
8 11 3
12 12 8
10 14 4
12 17 6
12 14 8
6 9 3
20 23 1
7 10 9
10 13 1
4 6 2
14 16 3
15 19 10
13 15 1
9 12 6
19 21 6
23 4 8
20 21 4
23 3 6
1 4 5
16 20 2
20 23 2
7 9 5
13 16 7
7 10 3
12 12 1
3 7 6
12 15 2
7 10 6
13 16 7
19 21 4
14 17 4
21 0 9
19 23 2
14 16 4
21 22 10
18 22 10
14 18 1
20 22 5
10 12 2
16 18 6
21 1 4
23 2 10
10 14 2
5 9 5
16 20 6
15 22 3
1 4 8
12 13 2
11 14 10
21 22 7
21 23 1
23 1 6
5 8 8
2 6 8
3 7 8
4 7 2
22 1 6
14 17 2
1 4 8
4 7 8
9 13 9
14 18 8
9 11 4
8 12 5
20 0 7
4 8 7
9 13 2
17 19 4
7 10 1
10 13 1
13 15 9
21 1 1
5 10 6
14 15 8
1 4 10
21 2 2
15 18 5
3 8 7
13 17 5
20 23 7
20 23 2
6 8 10
21 1 7
1 3 7
2 4 6
15 17 6
23 4 6
0 5 3
1 5 9
15 18 2
16 20 8
4 7 9
9 12 5
16 18 7
17 18 3
20 22 9
14 17 1
13 16 8
9 11 7
23 0 9
13 16 7
8 10 8
8 12 10
0 4 2
6 10 2
6 8 10
22 2 3
19 22 10
23 1 4
10 14 7
2 4 6
5 9 5
9 12 1
14 16 10
12 13 3
19 23 2
12 15 4
3 5 3
6 10 8
22 1 4
8 10 10
22 1 10
0 3 3
2 5 6
1 5 9
21 23 3
15 18 10
18 22 2
1 4 8
5 8 7
5 11 4
5 8 9
0 2 5
19 23 8
22 1 6
8 10 6
13 15 2
18 22 2
0 2 4
15 18 8
19 23 10
0 3 9
9 13 2
23 3 1
7 9 3
13 17 5
10 11 1
7 11 4
10 14 8
9 12 5
20 0 2
14 15 3
5 7 8
5 7 7
21 0 6
3 7 8
22 0 6
12 15 6
8 9 4
2 5 9
15 18 5
18 22 1
11 14 8
15 18 7
13 17 2
11 15 2
17 19 1
0 4 1
22 1 2
4 6 2
21 0 5
22 1 3
18 20 1
18 20 6
4 7 1
5 10 6
4 6 7
11 14 10
10 13 2
13 17 8
1 3 6
1 4 10
2 4 9
19 23 10
10 14 10
22 1 5
4 6 5
20 23 9
0 2 5
18 21 5
5 7 4
2 5 10
14 18 6
5 8 1
17 21 2
12 13 7
17 20 2
19 22 9
4 8 8
19 0 3
7 12 7
20 21 8
7 9 5
22 1 2
19 22 2
9 10 6
22 1 2
7 10 5
3 5 5
8 13 8
13 17 9
19 0 6
16 21 10
12 17 4
7 10 6
22 23 5
0 3 2
18 21 1
17 22 3
9 14 8
9 12 7
12 16 1
19 22 2
5 9 6
10 12 5
12 16 7
6 9 10
1 5 9
21 0 8
21 1 4
1 4 3
7 11 4
16 20 7
6 9 7
4 7 8
20 22 8
13 15 8
16 20 7
14 16 6
2 6 2
7 11 10
12 15 9
6 9 2
18 22 5
16 20 1
16 17 5
6 9 3
8 12 10
3 6 8
16 19 8
0 2 5
20 23 9
9 12 4
20 0 1
23 1 6
13 17 3
5 7 3
9 10 9
14 17 6
21 0 5
23 2 7
23 4 2
13 17 8
9 12 4
1 4 10
2 4 7
7 11 6
7 10 2
21 1 5
2 6 4
23 1 4
11 15 3
3 6 1
19 22 8
2 5 8
22 3 3
17 18 7
4 7 3
0 1 8
18 21 7
22 2 5
4 7 6
17 21 5
14 18 6
17 19 2
6 11 5
0 4 10
8 10 5
17 20 10
3 6 6
20 22 10
8 11 1
13 17 7
1 4 9
22 1 5
9 11 7
17 20 3
11 13 3
4 4 9
14 15 7
15 19 7
15 19 1
20 21 9
22 1 3
18 21 9
4 6 10
12 15 9
5 7 1
13 15 7
10 12 5
21 1 4
14 17 7
11 14 8
9 11 1
1 6 5
14 16 6
21 0 9
21 0 10
5 7 3
19 23 1
1 4 10
5 9 7
12 15 2
9 12 5
6 9 1
17 19 5
8 11 9
15 20 1
0 4 6
3 5 3
7 10 9
1 5 7
16 19 7
22 1 6
0 4 3
4 6 3
8 12 7
22 1 5
3 7 1
11 14 4
21 1 8
9 11 4
3 6 6
14 17 3
20 22 6
23 1 9
12 14 6
17 21 5
10 11 6
3 5 7
7 11 3
9 11 4
21 23 5
21 23 1
15 17 8
7 9 5
9 11 7
6 11 8
11 13 4
16 20 9
1 4 4
2 5 8
13 17 2
3 7 2
9 12 6
16 19 10
18 21 5
21 2 1
11 15 9
16 18 1
12 15 8
5 8 7
19 20 5
19 22 1
23 0 7
4 8 7
9 13 2
15 19 5
12 14 7
11 15 5
18 22 8
7 8 3
1 3 4
2 6 3
17 18 8
9 12 3
23 3 6
5 6 10
0 4 3
18 22 8
22 2 6
21 1 6
9 15 5
0 4 3
8 11 10
7 10 1
16 18 5
9 12 6
17 20 10
23 2 4
0 3 8
2 6 1
22 1 1
21 0 8
15 18 5
15 19 5
19 21 1
21 0 3
0 2 5
22 23 5
15 19 3
6 11 10
3 6 7
7 11 2
2 5 4
1 3 6
6 8 6
4 7 9
1 6 10
4 7 10
10 13 7
4 6 7
4 7 8
10 13 3
10 14 4
18 21 5
11 12 2
0 3 8
12 16 4
17 19 6
9 13 10
2 7 5
14 16 9
2 4 1
1 5 9
7 9 1
12 15 2
19 22 8
5 8 9
23 2 9
20 0 5
8 12 3
21 1 5
9 13 8
9 12 10
3 7 3
23 3 4
19 22 7
5 8 2
23 2 8
7 10 2
4 9 3
14 17 5
15 21 9
13 15 8
18 21 6
5 7 9
12 17 1
21 0 2
15 20 2
13 15 10
16 18 2
7 8 3
18 20 8
17 19 1
12 15 5
7 10 7
19 22 6
1 4 9
14 19 3
3 5 9
5 9 4
6 10 8
0 2 7
13 17 6
21 0 10
15 16 3
9 13 7
11 14 3
2 5 10
7 9 6
0 2 7
4 6 10
14 18 2
18 21 5
20 23 7
2 4 1
19 21 1
18 22 3
8 11 7
5 9 8
9 12 5
15 18 2
20 23 5
22 0 3
17 19 7
18 21 4
5 8 3
14 17 10
1 4 1
20 0 10
22 1 5
15 17 4
16 18 8
7 11 1
13 17 2
7 9 10
7 11 9
17 19 1
0 2 1
1 2 8
19 23 10
11 13 2
6 8 6
1 5 3
20 22 10
7 9 2
5 8 10
16 20 10
18 21 4
