800 5
9 4 8 4 10 
10 14 1
4 8 2
8 13 4
7 11 3
21 0 1
0 3 3
20 0 2
15 18 1
19 23 3
11 15 2
0 2 3
12 14 5
5 6 3
7 10 3
10 13 5
7 10 3
1 5 1
15 19 2
0 4 4
21 0 1
5 6 3
4 6 3
3 7 1
10 13 1
9 13 2
22 1 3
20 23 4
22 1 5
23 2 3
3 7 4
14 18 3
20 22 4
22 0 5
11 15 2
19 23 5
8 11 3
19 22 3
9 11 2
6 9 2
9 13 1
12 16 2
14 18 5
21 2 4
5 7 5
18 22 5
7 11 1
22 0 1
10 13 1
6 11 3
16 19 3
23 0 2
23 1 2
9 14 1
20 1 3
1 5 4
6 9 4
17 19 3
17 21 2
0 2 1
22 2 5
15 19 5
10 12 4
22 0 3
5 8 4
5 5 5
0 3 2
2 6 1
16 20 2
11 16 5
3 8 4
23 3 2
2 5 2
12 15 4
15 18 3
23 2 4
2 4 1
16 19 3
7 11 2
2 4 4
6 9 2
11 15 2
1 3 3
14 17 1
16 20 5
11 13 2
11 14 1
0 4 5
16 20 3
16 17 2
20 22 1
15 15 4
1 5 4
11 15 3
16 19 2
12 14 4
18 21 3
10 15 5
18 21 1
10 13 3
9 11 2
4 8 2
23 0 2
4 7 2
10 14 1
22 2 2
7 10 1
9 13 2
12 16 1
22 0 5
20 0 4
0 4 5
16 20 1
0 3 2
14 15 5
13 15 4
18 21 4
21 0 3
11 14 3
18 20 4
8 10 3
6 10 2
15 21 3
23 3 2
10 15 2
3 5 4
10 12 3
7 10 4
12 14 2
14 18 2
21 0 5
22 1 3
6 9 2
3 5 3
4 7 5
3 7 2
12 15 1
20 22 4
20 23 1
19 21 2
8 9 3
11 13 5
23 1 2
11 14 1
10 13 2
23 3 4
4 8 4
22 0 3
15 17 2
17 20 5
19 20 3
23 0 1
23 1 1
16 17 1
23 4 4
21 0 4
19 0 3
8 12 1
15 18 4
7 11 3
3 8 5
9 12 4
2 7 5
14 16 3
14 17 3
9 11 1
17 21 1
16 20 1
19 21 2
15 17 4
2 6 2
14 16 4
7 9 5
12 17 4
17 21 3
2 6 3
15 17 2
15 16 4
0 3 4
8 11 5
14 18 4
8 11 5
21 23 4
7 10 1
7 9 5
12 14 5
6 11 1
5 8 1
6 8 4
9 11 5
5 8 3
12 14 2
0 2 5
23 2 3
17 19 2
1 5 5
2 5 5
14 16 3
0 6 2
7 9 1
15 20 1
12 17 1
21 21 1
0 2 3
14 17 1
9 12 4
19 21 4
14 17 4
20 23 4
21 0 2
18 21 3
1 4 2
17 18 1
22 2 1
8 11 3
13 18 1
21 22 4
6 10 5
4 8 4
14 17 4
16 20 5
5 7 1
0 2 1
22 1 5
3 7 4
11 14 4
7 10 1
2 6 1
7 9 1
9 13 4
12 14 1
3 7 5
1 3 4
13 16 1
9 12 4
18 21 3
0 4 3
13 15 3
7 9 4
7 10 1
3 4 3
12 16 2
20 0 2
1 4 3
19 23 3
19 23 1
2 5 3
16 18 2
21 1 2
17 20 3
21 0 5
14 15 1
12 15 3
10 13 2
6 9 3
18 21 4
8 11 5
6 9 5
5 10 1
14 16 1
20 0 1
8 11 4
2 4 4
5 8 4
15 19 2
16 19 1
6 9 3
15 16 5
11 16 5
3 4 1
21 23 5
11 14 5
8 11 3
23 2 3
4 8 2
0 2 4
8 12 1
7 9 1
9 11 3
17 18 5
6 12 1
17 19 2
15 18 4
16 19 2
2 5 2
23 1 3
2 5 3
4 8 5
20 22 3
0 2 3
14 16 1
23 1 1
6 9 4
13 16 1
4 7 5
23 2 5
9 11 2
6 10 5
23 2 1
5 9 4
2 5 5
22 1 3
20 0 5
10 13 1
7 12 5
8 10 3
23 2 1
6 9 3
21 1 1
18 21 5
9 13 5
1 4 4
16 20 1
12 16 4
6 6 3
17 19 2
13 14 1
8 11 3
13 16 2
17 19 4
7 8 2
12 17 1
9 13 4
7 12 1
2 5 3
16 18 5
12 17 5
4 6 2
7 11 4
8 10 3
14 17 5
3 5 2
2 6 3
8 13 4
14 17 1
21 1 1
8 13 5
1 3 5
7 12 1
13 17 1
0 3 3
10 13 2
15 16 1
2 5 3
3 4 3
15 17 4
9 11 1
11 11 3
6 9 1
14 18 3
21 0 3
14 16 1
1 3 1
8 10 3
18 21 3
18 19 3
14 19 5
18 21 3
16 19 3
1 5 5
2 4 5
7 10 3
4 7 2
20 23 2
11 15 5
8 9 3
17 19 3
17 19 1
15 18 2
4 7 3
7 10 4
11 13 5
18 21 5
9 12 1
1 5 1
12 16 3
1 3 5
19 21 3
16 19 4
3 7 4
6 8 3
13 16 3
21 23 1
9 12 5
5 10 2
21 23 1
19 22 4
19 21 2
0 3 3
20 0 1
6 8 4
5 7 2
23 2 3
16 18 2
5 8 4
9 11 1
13 16 5
21 0 4
22 2 3
14 17 2
19 21 2
17 19 4
7 9 5
16 20 5
5 8 2
22 0 2
23 2 2
4 8 2
15 19 4
6 9 2
5 10 5
14 17 2
20 23 1
4 7 4
19 23 4
17 19 5
7 9 4
16 17 2
10 13 4
19 23 1
19 22 2
18 21 2
23 3 3
16 19 1
11 13 2
2 4 4
6 10 1
10 14 1
23 2 4
14 18 4
3 7 3
17 20 1
13 13 2
10 11 1
2 5 2
14 16 5
5 6 3
4 7 4
13 15 3
2 5 5
2 5 2
3 5 4
15 19 4
19 22 2
11 12 5
8 12 3
17 20 5
10 12 2
10 13 3
21 23 3
22 1 2
3 7 5
11 16 2
1 4 5
7 10 5
5 7 4
22 1 5
23 2 1
10 12 3
10 11 3
19 22 3
11 14 1
23 3 5
15 17 3
1 3 1
20 1 4
2 5 5
19 22 3
5 9 1
14 16 2
6 8 3
23 2 2
2 5 5
21 23 5
8 10 3
10 13 1
18 21 3
15 17 4
16 18 2
0 3 4
13 17 3
3 6 5
19 22 4
1 3 5
10 12 2
2 8 1
12 15 5
23 1 3
3 6 4
6 7 4
17 20 4
7 11 4
23 1 4
5 9 5
2 5 2
1 5 4
14 15 4
18 21 1
20 0 1
0 4 5
22 1 3
19 22 1
22 2 4
6 9 3
6 9 1
18 19 1
8 13 3
19 23 5
10 13 4
19 21 3
5 8 3
0 4 5
10 10 4
0 2 1
12 16 3
1 4 1
15 18 4
3 4 3
9 13 3
22 0 3
18 22 5
16 18 5
11 15 5
22 1 4
12 12 3
10 14 3
21 0 5
12 15 3
22 1 4
6 10 5
6 8 4
14 19 3
10 13 5
21 2 4
3 7 2
11 15 4
10 13 3
1 3 3
11 14 2
17 21 4
11 14 2
8 12 2
16 20 4
20 0 4
23 0 2
12 15 2
13 15 5
22 2 5
3 7 2
16 19 4
1 4 1
20 22 1
18 21 3
20 23 5
18 21 3
10 13 2
9 14 4
2 4 2
19 23 5
11 13 1
8 9 2
23 0 1
21 22 3
6 9 4
23 4 2
14 17 3
5 9 3
1 4 1
20 0 4
1 5 2
23 2 3
20 23 4
0 2 1
9 13 5
5 7 1
12 16 1
5 9 2
23 1 4
21 23 1
15 16 2
22 0 5
8 11 1
10 14 2
19 20 1
18 21 4
18 21 4
6 9 4
16 20 5
13 15 3
5 8 4
16 19 5
15 17 5
9 11 3
6 10 3
14 15 5
19 23 5
18 20 3
8 10 5
2 6 4
2 4 1
5 7 5
6 12 2
4 7 5
14 16 1
22 3 1
4 7 2
7 10 4
19 22 4
12 14 2
0 3 4
22 3 2
0 1 3
0 4 2
19 22 3
14 16 4
6 9 4
22 0 5
13 17 3
18 22 5
19 21 1
12 15 1
5 7 4
20 0 5
0 2 4
20 0 5
22 2 4
20 21 1
0 2 3
22 2 2
6 10 5
15 18 1
22 1 3
2 7 4
2 5 2
14 16 3
12 16 5
6 9 1
23 1 1
16 17 5
5 7 1
15 19 5
20 20 2
15 20 5
18 20 1
13 16 4
9 11 4
12 13 4
12 17 5
11 13 4
14 19 3
21 0 1
14 16 3
17 19 4
21 23 5
1 4 3
5 10 5
9 11 1
19 21 2
19 21 3
6 11 4
21 0 3
2 6 1
19 23 5
16 20 5
19 0 1
11 12 2
6 8 5
10 14 3
19 22 2
23 2 3
16 19 1
1 4 5
16 20 5
3 7 5
7 9 3
14 18 3
19 23 3
22 2 3
10 12 1
17 20 4
2 5 4
23 1 1
19 21 1
11 14 2
22 2 2
4 6 2
17 21 1
9 11 3
17 20 5
20 23 4
16 19 1
5 10 5
20 2 4
1 3 2
5 7 4
15 21 3
2 7 1
19 22 1
5 6 5
12 13 1
2 7 1
9 11 4
2 5 1
12 16 5
13 15 1
17 19 3
18 22 4
13 15 2
22 1 4
12 15 4
10 14 3
12 15 2
11 15 5
5 10 4
3 8 2
19 23 1
12 17 4
2 4 4
6 9 1
0 4 2
16 19 3
22 3 3
12 15 4
16 19 5
9 12 3
13 18 4
19 21 2
2 5 2
18 22 4
11 15 3
0 4 2
21 0 5
19 21 4
2 4 3
18 19 1
16 18 1
8 12 4
21 0 5
11 16 2
5 9 5
20 23 3
5 8 1
4 5 5
10 14 1
9 12 4
15 18 1
7 11 2
6 10 1
16 20 3
8 11 3
10 12 1
12 15 2
23 2 1
16 19 3
16 18 4
20 0 3
5 8 3
18 20 5
7 12 3
3 5 3
23 2 5
8 11 5
0 3 1
17 20 5
12 16 1
15 18 1
2 3 1
9 11 2
5 7 2
2 5 3
15 18 2
13 16 3
4 7 2
2 5 4
1 5 3
0 2 5
8 11 2
12 17 2
20 22 1
0 5 3
21 23 1
7 9 3
4 6 5
8 11 5
11 15 2
13 16 2
2 4 5
20 21 1
8 10 5
23 1 2
17 22 1
2 4 1
19 0 5
1 4 2
15 19 1
20 0 5
21 2 4
16 20 4
14 18 1
8 10 5
18 21 3
