400 14
4 5 4 4 10 9 2 3 3 6 3 8 6 9 
5 8 2
21 22 10
17 20 7
19 22 4
0 4 13
23 2 2
23 3 5
4 7 9
22 2 7
7 11 13
5 9 4
7 9 7
18 20 1
6 9 11
9 13 9
18 21 13
14 18 6
16 18 1
13 16 12
1 3 9
12 14 14
6 10 12
14 17 1
10 15 3
11 12 4
6 8 1
21 1 10
21 1 13
1 5 8
10 15 4
14 17 12
7 8 13
18 19 12
6 10 13
19 22 14
15 20 12
22 1 1
0 5 2
5 9 2
2 4 2
16 19 1
9 12 5
22 1 1
7 9 4
23 1 13
20 22 3
21 0 6
17 20 6
11 16 2
10 13 8
14 18 8
7 9 3
10 13 4
3 8 13
16 18 7
8 11 8
8 12 4
17 19 10
10 12 13
13 15 14
0 4 10
15 18 7
22 1 5
13 18 6
15 18 10
20 0 10
23 2 7
14 18 11
14 18 2
0 3 5
14 17 3
21 23 3
17 20 3
21 1 4
4 7 14
4 8 6
1 4 3
20 1 3
8 11 2
9 12 10
19 23 14
2 4 11
17 21 10
0 3 7
7 11 9
6 8 4
16 19 4
20 23 8
1 5 4
17 21 9
13 16 4
9 13 11
14 17 6
14 17 2
11 15 8
14 19 3
21 0 4
6 8 9
23 3 14
3 6 7
6 9 9
20 23 13
23 3 13
13 16 9
18 21 12
22 1 5
21 1 10
2 6 12
5 5 8
8 11 1
17 20 8
9 12 14
7 11 11
14 18 5
23 2 3
7 10 11
17 19 5
20 0 12
14 16 10
6 8 1
15 17 4
1 3 5
12 14 8
1 6 10
3 7 9
9 11 13
23 2 11
6 9 4
23 2 12
9 13 4
2 5 4
12 13 1
21 1 2
13 15 7
0 3 7
23 3 4
19 22 8
14 18 10
22 0 1
15 19 7
18 22 7
17 19 11
1 4 10
17 21 13
16 19 1
6 8 12
10 15 11
13 16 2
12 15 6
15 19 4
18 22 1
13 16 14
15 19 7
21 0 9
7 10 7
5 9 10
3 6 5
10 14 11
18 20 6
8 11 14
20 0 8
1 1 2
10 12 5
13 15 14
2 6 11
10 13 6
9 13 10
12 14 13
12 15 12
13 15 4
9 12 11
10 12 3
10 12 7
15 19 1
13 15 10
18 23 8
15 17 7
9 12 2
2 5 7
18 21 3
8 11 4
9 12 9
18 20 13
18 21 3
16 19 4
5 9 7
13 16 1
15 18 11
21 23 11
22 0 2
23 2 2
6 10 8
13 17 6
8 11 8
17 19 14
15 18 5
13 15 9
15 16 8
16 20 10
8 12 12
10 12 7
13 16 1
11 14 4
9 14 8
10 14 7
16 20 9
14 15 13
10 12 14
10 12 4
9 13 6
4 7 12
16 20 8
6 9 13
19 22 2
18 22 11
18 23 9
23 3 8
15 15 3
0 3 13
8 9 5
9 11 10
13 15 8
6 9 9
9 12 11
2 5 6
16 19 12
12 15 14
22 1 8
22 1 8
14 16 9
10 11 7
21 1 8
15 17 14
4 8 14
18 20 4
3 4 8
8 12 12
5 9 5
10 14 13
19 21 6
2 5 5
17 21 7
19 22 4
14 17 3
7 11 6
3 6 7
11 14 7
7 11 14
11 15 14
5 9 6
2 5 8
23 2 11
0 3 13
0 3 6
18 21 8
11 14 4
12 16 11
4 8 7
22 2 1
1 5 7
23 3 1
9 11 11
15 19 1
6 9 5
3 6 7
23 4 9
21 0 5
14 17 10
21 0 6
2 6 8
8 11 6
17 19 8
14 19 3
14 18 6
10 13 8
22 1 6
16 17 9
22 1 12
2 5 1
3 5 14
1 4 7
15 19 5
7 11 9
11 14 12
7 8 2
8 11 14
2 5 11
20 22 8
4 8 11
8 12 11
2 5 2
19 23 9
2 6 7
13 15 8
13 17 8
21 1 2
9 13 14
19 21 5
22 1 2
7 12 13
18 22 1
8 11 9
22 0 2
5 8 9
13 17 3
22 0 13
7 10 12
16 21 7
14 18 1
18 20 10
4 6 7
4 7 11
21 0 3
8 12 1
5 9 2
10 15 8
0 4 10
10 13 8
8 11 10
1 4 13
22 23 11
14 17 2
22 1 3
3 4 3
3 5 7
16 19 14
9 12 14
10 13 8
15 17 10
5 10 13
17 18 12
21 0 1
15 19 8
6 9 12
2 5 13
17 21 11
19 22 3
3 7 6
8 12 1
15 17 6
22 2 9
10 14 1
0 3 11
17 20 4
17 21 3
16 20 9
1 5 11
0 3 6
4 6 6
6 9 4
6 10 2
4 9 11
9 12 10
17 21 7
4 7 11
22 1 12
8 12 13
23 1 4
15 16 11
7 11 9
0 2 1
2 6 6
13 16 1
15 17 7
6 8 14
18 20 9
2 4 9
11 13 12
10 12 10
12 16 13
19 23 7
6 10 13
8 12 2
5 8 4
20 23 11
20 22 8
14 16 12
15 19 9
10 14 4
20 22 4
12 14 1
2 6 4
3 6 6
2 5 10
18 20 6
0 5 3
6 8 10
16 20 9
20 21 6
20 23 5
14 16 14
0 3 14
10 12 9
6 8 6
19 22 6
10 12 10
16 18 9
0 3 1
0 3 13
20 23 1
