500 5
5 2 5 7 4 
17 21 2
2 4 5
17 20 5
15 18 1
16 18 4
23 2 4
3 6 1
7 8 4
22 1 1
10 13 3
4 7 4
8 10 5
4 8 3
5 10 3
14 16 5
16 21 1
23 3 4
19 20 5
1 6 3
3 6 5
4 5 1
3 6 5
3 7 4
15 18 5
17 21 5
18 20 5
22 2 4
20 23 3
5 7 4
15 20 2
16 20 2
15 18 3
7 9 3
23 2 2
14 17 4
12 15 3
10 14 2
12 14 4
4 7 2
12 15 2
5 7 3
8 11 2
18 23 1
22 1 4
3 6 5
4 8 5
2 5 3
4 7 1
16 19 2
1 5 5
12 14 5
16 20 4
14 18 4
0 4 4
1 4 3
5 9 2
17 19 2
1 4 1
21 0 5
12 13 5
15 17 1
4 6 1
8 10 1
22 1 4
12 15 5
6 6 1
15 19 2
1 5 1
21 23 2
23 2 5
6 10 3
2 5 2
23 3 3
14 15 5
19 22 3
19 22 1
4 5 3
14 17 5
0 4 2
18 21 3
2 5 1
9 10 1
15 20 2
23 3 2
2 6 1
13 17 3
11 13 1
20 22 3
18 20 2
23 1 5
6 10 3
21 3 5
4 8 3
4 7 3
14 16 4
0 2 1
2 4 1
0 3 2
2 6 2
17 19 3
19 0 3
4 7 4
14 17 1
10 12 3
0 1 1
16 20 1
3 6 5
9 13 3
9 13 1
5 5 4
13 15 5
0 1 1
9 12 1
13 16 3
11 15 2
23 1 5
8 11 4
5 7 1
22 0 3
18 22 3
17 20 2
0 4 3
23 2 1
23 2 3
12 14 2
6 8 2
4 7 1
13 16 3
19 22 5
14 17 3
9 13 5
1 4 2
22 0 5
12 14 3
8 13 4
21 22 4
8 11 5
9 12 4
5 9 4
21 1 2
12 16 2
8 12 1
2 5 1
2 6 3
15 20 4
14 16 1
10 10 2
20 23 5
11 12 2
11 13 5
19 23 2
15 18 3
12 16 2
5 8 2
10 14 5
19 21 2
1 6 1
7 9 2
11 14 5
16 19 5
14 16 3
6 10 4
9 12 4
2 4 4
13 17 2
13 15 3
22 0 3
8 10 2
1 5 5
4 6 4
12 15 2
20 0 5
10 12 3
23 3 1
15 18 4
6 10 4
2 4 5
10 14 1
8 13 4
22 23 4
23 1 1
17 20 4
12 15 3
10 13 1
3 6 1
13 16 5
11 14 5
0 4 1
9 13 2
19 22 1
14 17 4
21 23 1
23 3 1
3 5 4
12 15 3
0 3 4
10 13 1
0 4 3
5 8 5
11 13 3
19 23 1
11 14 3
17 19 1
20 23 5
4 6 2
20 0 2
1 5 5
10 14 1
3 6 1
12 14 3
15 18 1
1 5 4
17 21 3
17 19 5
15 19 1
18 20 1
5 8 4
3 6 5
5 6 2
20 0 3
6 10 5
9 13 3
1 4 5
15 19 3
5 10 4
2 5 2
12 16 2
13 15 4
4 6 2
5 10 3
8 10 5
22 2 1
19 21 2
1 5 4
21 0 5
23 2 5
19 23 3
8 11 2
16 18 3
13 17 3
17 19 2
13 16 3
12 15 1
0 2 1
12 15 2
8 10 4
1 5 2
17 20 4
12 14 3
7 9 3
18 21 4
22 1 3
0 2 4
20 0 1
17 19 3
1 3 3
6 9 4
7 11 1
14 17 2
10 14 4
17 19 3
8 12 5
15 18 4
0 3 5
2 5 5
10 15 2
16 18 4
14 15 4
21 23 2
1 5 2
16 19 3
17 20 2
17 21 3
9 11 1
1 1 5
17 20 5
2 5 4
12 14 2
4 4 1
1 6 5
17 19 3
0 4 4
9 11 3
9 12 5
18 21 4
5 7 2
5 9 4
8 10 1
17 19 5
10 12 4
11 15 3
8 11 1
4 7 2
11 15 2
6 8 2
22 2 2
8 12 3
10 13 1
7 10 4
18 22 1
17 20 2
8 11 4
12 15 3
10 13 1
0 4 2
20 23 3
22 1 3
0 2 3
6 9 1
13 17 1
19 22 1
5 6 5
9 13 4
11 15 2
2 5 5
11 14 3
14 15 2
0 3 1
0 4 3
6 10 1
8 11 2
22 0 3
18 20 2
5 6 2
21 22 1
10 12 1
1 5 4
18 20 4
12 15 4
13 15 5
19 21 3
2 4 4
22 2 3
7 9 5
18 21 4
2 5 2
18 21 5
21 1 2
1 4 4
1 4 2
19 21 3
20 0 5
5 9 3
12 16 3
15 19 2
22 2 5
8 10 4
12 15 5
3 7 5
4 8 5
4 8 4
20 23 2
22 1 3
8 11 1
12 16 2
4 7 3
12 15 5
7 11 3
13 19 5
1 5 5
19 22 1
19 22 5
9 14 2
1 4 2
0 2 2
3 8 4
19 22 5
11 15 2
22 0 4
14 16 3
2 5 3
0 2 2
11 16 1
21 0 5
19 19 3
19 23 3
23 2 2
20 22 1
20 22 4
18 21 1
18 21 5
5 9 1
13 16 5
16 19 1
12 15 4
21 1 1
23 1 1
9 12 5
16 21 1
14 17 2
13 16 5
14 18 1
16 20 5
7 10 5
9 11 1
1 5 5
10 12 4
0 2 4
20 23 3
23 2 1
6 9 3
15 20 1
7 10 1
14 18 4
14 16 2
13 17 2
4 6 5
9 11 5
13 17 4
1 4 5
0 3 3
3 7 2
13 16 4
3 6 1
23 3 1
10 15 5
20 23 4
14 16 1
9 12 4
18 22 2
1 4 2
11 15 3
8 10 3
21 0 3
11 14 2
23 2 5
2 4 1
0 2 1
14 19 4
21 23 1
20 21 3
12 13 5
13 17 5
15 16 3
10 11 4
2 3 5
1 3 2
3 5 3
19 21 2
20 0 5
21 1 4
1 3 3
5 7 5
1 5 5
15 17 5
8 11 1
14 17 5
10 13 2
15 18 3
21 23 3
10 13 2
20 22 3
13 15 4
23 2 2
18 22 4
18 20 2
5 6 4
7 10 4
14 16 5
17 20 4
10 15 1
4 7 1
2 4 2
17 19 5
20 23 3
16 20 4
6 8 1
1 6 1
2 5 3
15 18 3
0 4 5
19 21 4
16 19 5
3 8 2
18 23 4
11 16 1
23 1 5
12 16 3
21 23 4
0 3 5
11 14 1
18 20 4
21 0 3
7 10 1
11 14 3
21 22 3
15 16 3
17 19 5
21 1 1
5 8 1
2 6 5
21 1 3
0 3 3
5 10 3
10 12 1
12 15 4
7 11 4
13 16 3
2 6 4
23 1 2
