1200 7
9 8 8 7 6 10 8 
4 8 3
2 7 4
17 21 7
3 6 7
6 10 6
4 7 2
23 0 4
21 0 2
12 14 5
17 19 4
9 12 7
21 2 4
2 5 1
8 11 2
2 3 7
13 16 7
1 4 1
2 5 6
2 5 4
23 0 5
7 10 1
20 23 4
23 1 6
7 11 2
0 2 6
20 22 5
6 9 7
14 18 5
1 4 4
0 3 5
23 2 3
9 12 2
8 11 3
2 4 6
13 14 7
8 13 4
19 22 5
2 5 7
19 21 4
17 19 6
17 21 1
23 3 4
16 19 3
10 15 6
6 10 7
5 8 5
12 14 4
4 8 5
17 22 7
2 4 4
4 6 7
22 2 5
19 22 6
19 22 6
12 15 5
20 1 6
10 12 1
1 4 3
11 14 5
13 16 6
20 23 5
3 6 5
16 17 4
1 5 3
8 12 1
6 11 3
21 2 5
20 23 3
21 23 5
23 1 1
7 10 1
8 12 6
6 9 6
0 4 4
16 20 5
6 10 4
23 2 4
3 5 6
14 16 4
9 10 5
1 5 4
23 1 6
18 21 4
18 21 7
15 19 5
5 8 3
7 10 3
18 21 1
22 23 7
5 9 7
14 15 6
13 17 1
16 19 5
3 5 5
9 12 4
3 6 7
15 18 3
18 20 4
7 10 4
6 8 3
5 6 5
14 18 5
21 1 6
13 17 1
6 8 7
8 12 4
11 16 4
12 14 1
21 1 7
4 7 1
6 10 4
7 11 4
18 21 2
16 17 6
18 20 1
2 6 5
12 15 6
16 19 3
18 23 3
21 23 4
6 9 5
8 12 1
20 23 7
13 15 4
3 6 7
7 10 5
12 14 4
5 8 6
3 7 1
3 5 5
2 5 4
23 2 6
8 11 6
3 6 1
19 21 6
23 3 4
13 16 4
3 7 6
19 21 3
11 16 6
19 23 7
14 18 3
15 19 3
22 2 3
5 8 6
2 5 7
12 13 2
3 8 7
11 15 3
23 3 7
8 10 3
22 1 6
0 4 7
23 2 1
2 5 3
15 19 6
9 12 7
7 8 5
21 1 5
7 11 6
16 20 2
21 0 4
2 5 7
12 17 5
1 3 1
17 21 3
20 23 3
15 18 2
22 0 2
9 12 3
23 2 6
19 21 1
3 7 2
1 3 2
3 7 2
18 21 3
22 0 5
17 20 2
23 2 2
7 9 1
5 9 1
12 15 3
10 12 6
14 17 3
23 3 6
5 8 6
2 5 7
15 18 2
1 3 4
21 0 2
1 3 4
12 17 1
9 12 5
3 8 3
18 22 7
22 0 3
6 9 6
1 4 5
15 19 1
17 21 2
18 20 2
6 9 2
2 5 2
23 3 5
14 19 3
16 19 7
9 12 7
15 19 5
19 23 1
3 6 7
9 14 2
5 7 3
15 17 7
17 23 6
21 0 2
21 23 1
1 5 3
7 11 4
3 6 3
16 19 7
7 10 5
10 14 7
8 12 3
16 18 5
5 10 1
21 23 6
22 1 5
6 9 3
12 15 4
8 11 1
7 12 4
14 18 2
16 18 5
6 9 1
8 12 1
22 1 4
21 1 7
5 8 1
8 12 3
6 9 3
21 23 3
17 20 3
5 8 4
9 14 3
6 8 5
5 7 3
16 21 2
22 1 2
19 22 6
5 6 2
23 3 2
23 3 4
12 14 5
21 22 7
11 14 7
2 6 6
20 23 5
6 9 5
10 13 3
3 6 4
12 16 2
3 4 3
0 4 2
14 17 6
20 23 5
18 22 2
2 5 1
11 14 6
6 10 3
0 4 5
7 11 3
7 10 3
14 18 7
9 10 7
5 8 5
6 9 2
5 8 7
10 13 6
21 0 5
0 1 6
22 2 3
7 9 7
13 16 4
5 8 3
6 8 5
14 18 4
21 1 7
12 16 6
21 0 4
1 4 2
1 2 7
5 10 6
12 14 5
21 23 5
15 19 1
18 21 6
21 1 3
3 6 2
5 8 5
9 11 7
21 23 1
4 5 2
13 16 7
11 13 3
1 4 6
12 14 7
8 12 2
18 21 5
0 3 7
7 9 5
14 17 4
17 19 7
13 15 7
0 3 4
20 0 7
18 20 1
18 20 5
20 0 3
23 1 1
14 17 6
16 19 1
21 0 1
14 18 7
2 7 7
14 15 2
3 7 5
1 2 5
23 1 4
17 21 2
0 3 5
1 4 7
10 15 2
7 11 2
18 20 3
13 14 4
9 13 1
8 11 5
13 15 3
8 11 7
7 11 2
12 15 4
22 1 4
9 13 1
8 12 6
22 1 4
11 14 7
19 22 2
15 21 1
9 14 3
0 5 4
14 17 3
11 14 3
1 4 7
20 23 7
16 19 5
14 17 4
3 6 5
14 17 1
9 12 3
3 5 6
16 21 6
5 7 3
21 23 6
21 1 2
21 0 2
2 4 4
4 6 7
21 23 7
14 17 3
6 9 3
21 23 7
17 21 7
1 4 7
1 5 6
19 23 3
17 19 1
21 0 6
14 19 3
20 0 1
13 16 1
6 9 1
15 19 5
7 9 4
4 8 3
6 10 4
12 13 1
10 13 6
0 1 5
18 21 3
21 23 7
8 11 6
6 11 5
21 0 1
10 13 3
7 9 3
5 7 2
22 1 3
0 1 2
1 3 1
13 17 4
20 22 4
17 21 2
2 4 7
15 18 2
5 7 5
13 16 3
2 7 3
5 8 4
23 2 3
4 7 1
8 12 2
10 11 3
20 23 6
5 8 6
7 8 6
5 10 6
10 10 7
0 4 6
17 18 7
6 8 5
6 9 7
3 7 2
7 9 6
12 16 5
11 15 5
21 1 5
16 19 5
1 4 6
6 8 2
1 4 5
11 15 5
11 16 7
19 22 7
11 14 1
3 8 4
12 15 6
12 16 1
11 14 2
6 9 3
4 8 7
18 22 5
14 16 4
23 1 7
6 9 7
17 20 1
2 5 6
16 20 3
4 6 3
4 8 2
9 12 4
22 1 5
21 1 5
18 23 7
18 21 1
2 4 2
6 10 2
17 20 4
7 10 6
6 7 7
18 21 7
19 20 1
7 8 4
20 23 7
18 22 5
2 5 3
16 19 2
2 6 4
23 1 2
10 14 4
12 14 7
14 19 6
16 18 5
9 12 1
5 8 6
4 7 4
5 8 6
8 12 3
3 7 5
8 11 2
5 8 3
15 19 5
2 4 1
4 7 4
17 21 4
22 23 2
0 2 5
3 4 2
9 14 5
6 8 5
14 19 4
5 7 1
9 11 6
20 0 1
9 13 7
1 4 3
20 22 4
11 13 2
11 14 5
10 14 6
21 1 2
0 2 3
12 16 4
11 16 5
0 5 3
23 3 1
23 2 1
5 7 4
8 11 5
21 0 6
15 19 5
11 14 7
17 21 2
3 5 1
15 19 7
6 9 5
11 14 5
19 21 2
20 22 3
6 8 1
18 21 5
22 23 6
19 23 3
7 11 5
20 23 3
14 17 4
23 2 1
10 12 6
10 13 4
8 12 7
14 15 4
4 7 1
13 17 2
16 19 3
22 2 3
6 8 7
1 3 7
10 13 5
8 10 6
6 9 2
5 9 7
12 16 2
13 16 1
12 17 1
13 16 4
10 13 5
16 21 3
13 16 7
1 4 6
18 19 2
21 1 2
16 17 4
11 13 6
16 18 2
21 0 5
3 7 1
0 4 4
11 15 3
10 13 2
16 19 5
16 20 6
23 3 2
19 22 6
7 11 3
14 16 1
22 1 7
0 4 7
15 19 2
9 12 7
11 15 7
19 22 3
21 23 4
10 13 5
21 0 4
4 6 3
2 6 4
1 5 5
15 16 3
14 19 7
22 2 6
9 12 5
9 11 2
6 10 6
9 14 5
7 10 5
10 14 7
19 23 2
8 11 6
14 18 7
3 8 6
7 11 7
4 5 1
15 18 7
6 9 5
9 13 2
3 5 7
11 15 6
16 19 3
18 21 1
9 13 1
2 6 4
2 6 2
7 11 4
12 16 6
18 22 3
7 11 5
2 5 1
8 11 1
21 23 1
19 22 5
13 16 6
0 2 7
8 13 3
0 3 4
18 20 4
2 5 4
23 4 3
23 3 6
6 7 7
3 5 7
0 5 1
13 16 2
6 10 7
4 7 7
12 14 2
8 11 7
12 15 4
19 23 2
11 13 3
6 8 7
8 11 2
5 8 6
1 5 4
18 21 6
8 10 7
6 10 3
7 10 2
15 19 5
18 21 5
19 22 1
3 6 3
19 0 6
1 5 6
23 2 7
0 2 4
22 1 6
9 12 5
3 6 5
23 4 6
3 6 2
1 5 1
4 6 1
23 2 7
3 4 1
12 16 5
5 8 2
23 2 6
8 10 6
1 5 1
16 17 2
8 11 5
14 16 3
16 19 3
14 17 4
23 1 5
1 3 2
17 20 5
19 21 5
18 22 2
7 8 1
23 2 2
20 23 6
3 4 2
8 13 7
4 8 3
6 10 3
14 18 6
2 5 4
8 11 5
16 18 2
16 19 2
23 2 7
6 9 6
7 9 3
17 19 4
6 9 4
12 14 1
13 15 3
10 12 2
7 10 3
14 17 7
2 5 2
3 5 2
22 0 2
5 6 7
22 0 7
1 4 2
19 22 3
15 18 2
19 23 4
5 8 1
17 20 7
20 21 7
2 3 1
2 5 1
18 23 3
3 6 3
22 2 7
18 21 4
23 3 1
13 15 2
2 4 4
1 4 4
1 3 2
0 3 3
8 12 5
11 13 6
2 6 7
16 19 3
13 16 6
2 6 2
22 2 3
17 19 1
15 18 6
2 5 4
11 13 2
23 1 2
14 16 2
22 3 5
17 20 7
10 12 7
0 4 4
22 1 1
16 18 7
16 19 7
22 0 5
11 13 4
12 17 3
19 22 5
8 11 5
19 23 5
6 8 7
4 6 1
4 6 2
12 15 7
11 16 3
18 22 2
18 20 4
16 19 5
2 5 5
6 9 7
1 3 3
4 7 7
11 14 2
20 21 1
6 10 3
22 1 2
0 4 4
21 22 5
14 13 4
14 18 3
17 20 5
5 8 5
3 6 4
6 9 7
17 22 2
6 10 2
21 22 1
2 4 3
23 2 6
1 2 2
11 14 4
7 11 1
6 8 4
23 1 6
19 22 2
15 17 2
5 8 6
16 19 2
17 21 5
8 8 2
6 9 7
17 19 5
0 2 4
18 21 1
22 0 1
15 17 3
17 20 5
16 19 5
7 9 7
22 1 2
6 8 1
21 23 3
0 1 4
14 18 6
5 9 1
19 0 1
12 15 5
4 8 2
17 19 4
7 9 2
21 0 5
17 19 7
18 21 2
12 15 1
13 16 2
5 6 1
15 19 1
19 22 6
3 7 4
17 20 1
15 19 7
13 17 1
8 11 3
21 1 5
12 14 4
15 17 5
8 12 3
4 6 3
7 10 4
18 21 4
2 5 2
15 19 5
6 9 3
3 6 3
11 15 3
13 15 2
15 20 6
22 0 5
19 23 1
21 0 4
19 21 2
9 14 4
1 2 7
1 6 6
10 13 3
5 9 7
3 7 2
23 0 1
22 1 1
13 15 1
23 2 1
22 22 1
1 4 6
2 5 2
17 18 7
18 21 1
17 20 3
18 21 6
10 13 4
6 8 2
12 17 4
23 3 1
5 8 2
0 3 4
3 6 3
1 2 5
11 14 5
14 16 2
9 12 4
21 0 7
21 1 7
15 19 7
4 7 7
9 13 4
2 4 7
15 19 3
19 21 5
23 1 2
9 13 7
11 15 1
11 13 1
9 12 4
22 2 4
10 13 7
10 14 2
21 23 2
2 6 5
21 1 1
12 15 7
17 21 5
17 21 4
9 9 5
19 22 2
8 13 3
9 14 5
14 18 4
19 0 6
17 19 1
12 15 7
9 12 2
9 12 6
18 20 6
23 2 3
20 22 6
12 17 3
17 21 7
5 8 4
21 1 3
22 2 1
21 0 2
10 13 6
6 8 1
8 11 2
14 17 6
3 6 2
10 14 2
14 18 5
19 22 7
12 16 4
1 4 6
2 5 7
22 23 5
1 5 2
19 22 1
14 18 1
21 2 6
14 17 3
17 21 5
12 16 5
23 2 4
8 11 4
17 21 2
13 16 2
8 10 2
19 21 4
0 2 1
2 4 1
6 9 5
7 11 6
14 16 6
13 17 4
6 9 3
10 13 2
19 20 3
1 5 1
9 14 4
18 21 6
14 16 3
5 7 2
21 1 2
22 0 5
1 4 1
14 14 7
9 11 4
13 16 6
14 19 4
6 9 3
8 9 4
8 12 7
2 4 7
4 5 5
22 2 3
15 18 6
15 18 5
21 1 6
0 4 6
3 8 1
10 12 3
14 16 6
22 1 2
23 3 5
13 16 6
7 8 7
13 16 3
12 15 4
17 20 2
20 21 2
1 5 2
4 7 5
19 21 6
16 19 1
3 5 6
13 16 4
6 10 2
7 11 4
9 11 1
18 21 7
16 21 3
22 0 2
17 20 6
0 3 6
20 23 6
12 16 2
18 21 7
23 1 7
15 18 5
3 7 4
0 5 1
23 2 3
6 9 2
1 3 7
17 21 2
7 10 7
0 2 3
23 2 6
12 14 3
20 0 1
13 17 1
10 13 6
16 19 3
1 4 7
23 1 6
15 17 7
9 11 1
15 19 6
7 10 6
2 6 3
14 14 3
2 5 3
5 8 6
1 5 7
8 11 5
9 10 7
17 20 3
7 9 2
6 8 1
6 8 6
21 0 2
11 14 3
7 11 6
6 10 2
21 0 4
5 8 3
4 6 6
1 6 6
8 12 3
14 18 5
18 21 4
14 16 2
22 1 7
21 0 1
8 10 3
3 6 7
21 23 3
14 19 6
11 14 3
1 4 5
4 7 4
16 19 2
5 7 5
22 0 1
5 7 4
9 13 3
9 13 6
15 17 7
1 5 1
4 6 6
7 8 4
16 19 7
19 22 1
19 23 7
21 1 5
13 15 5
19 21 3
13 16 6
0 2 4
5 7 7
9 12 5
1 3 4
14 16 2
2 4 7
11 16 5
15 16 1
14 17 7
16 19 3
20 0 6
17 20 3
21 23 7
16 19 4
20 23 5
2 4 6
4 7 6
4 6 4
13 18 3
10 13 3
18 21 7
17 19 4
18 22 6
15 18 2
8 10 3
0 4 3
17 19 5
23 2 6
21 0 4
11 14 2
11 14 2
23 1 4
18 21 1
18 20 1
12 15 2
9 13 1
19 21 1
13 16 5
20 0 5
22 2 1
3 7 4
18 21 7
17 20 1
9 11 5
12 15 1
7 10 2
10 14 6
9 12 1
13 16 6
13 16 1
22 1 3
9 12 6
13 15 5
11 15 5
20 23 6
23 3 7
10 13 7
23 3 5
9 14 7
21 0 4
18 21 2
2 4 4
0 3 5
0 1 6
16 19 5
0 3 6
9 12 7
11 14 3
9 11 3
10 13 5
4 7 4
11 14 7
11 16 1
5 9 3
3 6 3
15 20 6
0 2 3
6 10 3
2 5 1
6 9 4
6 8 4
13 17 1
15 17 4
23 2 1
21 23 1
17 18 4
22 1 5
12 16 6
12 17 7
3 7 2
20 0 6
21 1 5
7 11 1
9 11 5
0 5 3
10 11 7
6 11 7
10 12 7
20 23 1
10 13 1
21 1 7
8 11 5
20 23 6
12 15 5
5 7 5
19 22 2
21 23 5
17 19 4
11 14 6
13 16 2
23 3 3
23 2 4
2 4 2
12 15 4
3 6 1
2 6 2
6 10 7
17 22 1
5 8 7
15 16 2
1 4 3
3 6 2
8 12 5
17 21 2
15 17 2
1 3 6
21 1 7
6 9 6
12 15 4
1 4 7
23 2 4
18 21 7
10 15 7
23 2 1
11 14 1
11 14 1
3 5 1
21 0 2
16 18 1
5 8 6
4 8 5
7 11 2
14 16 2
17 20 5
8 13 4
