200 10
9 9 4 5 6 2 2 3 6 6 
15 18 9
18 22 2
0 4 7
13 16 2
3 7 6
5 7 6
18 21 9
10 13 1
1 5 7
1 3 6
3 6 5
2 5 1
15 19 2
2 6 1
20 1 9
7 11 10
4 7 5
16 19 3
21 1 7
15 17 6
16 18 1
6 10 9
16 18 8
2 5 2
16 18 1
8 13 2
3 4 3
17 19 10
2 5 4
13 17 9
20 0 6
9 12 9
10 12 2
3 7 7
6 9 7
16 19 1
3 4 8
2 6 2
0 4 1
15 17 3
3 5 10
19 23 3
15 17 3
9 12 1
1 5 7
10 16 3
6 7 9
14 17 8
6 8 10
0 3 5
6 9 4
20 22 10
20 23 1
14 17 3
19 22 7
15 18 9
9 11 3
7 10 6
2 6 9
13 15 10
1 3 8
6 8 2
10 12 1
23 2 7
23 2 5
0 3 2
3 5 2
23 3 9
1 4 10
14 18 8
15 16 3
2 8 7
3 6 9
4 6 2
10 13 3
5 6 2
7 11 7
5 9 4
21 0 4
19 23 5
18 21 8
3 6 7
15 18 6
13 17 9
9 12 3
16 19 6
21 2 8
11 12 7
1 2 6
15 18 8
22 0 4
9 13 8
1 4 2
0 1 6
20 23 1
19 21 5
3 4 4
1 5 4
20 0 4
14 18 9
15 18 8
4 8 4
14 18 7
9 12 5
19 22 3
15 18 8
16 17 5
23 2 3
5 6 2
4 8 5
16 20 7
8 11 10
3 6 8
10 11 2
0 5 2
11 13 6
15 20 8
19 21 4
23 0 2
21 0 2
8 9 8
13 16 2
10 12 1
20 23 1
15 16 1
10 15 6
9 14 4
22 2 10
19 22 9
1 4 9
20 23 2
20 22 10
13 18 1
2 3 10
22 1 3
12 15 5
12 16 5
16 19 7
19 21 10
7 10 6
11 15 3
3 5 8
10 13 4
16 20 9
18 19 6
15 18 9
6 10 10
18 21 7
3 6 6
13 17 10
2 6 7
22 2 6
20 0 2
1 3 9
3 6 2
14 18 1
13 16 10
17 18 4
11 14 3
12 15 10
1 4 9
18 19 5
19 23 10
3 6 1
22 0 6
16 18 1
22 23 8
2 6 7
8 11 10
1 4 8
15 17 7
23 1 4
7 11 9
17 21 4
14 17 10
3 6 10
13 16 2
5 8 3
12 14 1
15 18 10
3 6 9
19 21 10
23 1 7
20 23 4
8 11 9
16 19 4
9 13 6
13 16 8
19 23 9
23 1 10
17 20 5
16 18 10
0 3 5
7 11 4
21 23 10
9 13 3
14 18 9
10 14 7
8 10 6
8 13 2
