300 5
9 7 10 6 9 
15 17 1
9 12 2
12 16 4
18 20 2
12 16 5
11 15 1
18 21 1
20 23 2
16 18 1
9 11 2
0 2 5
12 16 1
12 14 4
14 16 4
1 4 5
3 7 2
23 2 5
20 23 3
9 12 3
5 9 5
20 23 2
11 13 2
20 22 2
11 14 1
14 18 1
9 12 3
7 9 2
5 7 5
22 2 4
16 19 2
9 14 1
5 9 2
21 0 4
8 10 1
2 6 3
0 4 5
16 16 4
17 19 2
3 5 4
3 5 4
15 17 4
0 3 4
2 5 3
11 14 4
8 11 2
13 17 5
9 13 1
13 16 2
15 19 4
10 13 3
10 14 3
16 20 3
17 21 4
12 15 1
9 11 3
10 13 4
22 0 1
8 11 4
10 14 3
14 16 2
0 3 5
0 4 2
4 8 2
12 15 3
0 4 1
2 4 5
19 22 3
3 6 4
9 11 4
8 10 3
0 4 5
19 22 1
10 13 3
19 21 5
17 21 5
8 10 2
0 3 3
6 10 2
9 12 3
3 6 3
12 15 3
17 20 2
18 22 5
2 4 5
2 4 1
8 11 4
3 6 3
17 23 1
18 22 3
11 15 4
8 11 3
21 1 3
15 18 4
22 1 5
19 21 2
12 15 5
11 13 2
9 12 4
7 7 2
6 9 5
1 2 4
20 0 2
12 14 5
17 19 1
18 22 1
0 4 2
19 21 2
17 19 5
16 19 5
10 13 5
11 16 5
10 14 5
14 15 1
3 6 1
22 1 5
21 1 5
17 20 5
14 16 1
20 22 5
0 4 1
20 22 5
11 13 3
0 3 3
1 3 2
2 5 5
23 2 5
13 15 3
21 0 2
3 6 5
22 0 5
20 23 3
7 8 4
9 11 3
4 6 3
10 13 5
5 9 5
23 4 1
23 1 3
0 3 2
7 9 3
4 8 2
23 2 3
8 11 3
22 0 5
1 5 3
23 4 4
9 12 5
8 11 3
5 7 1
1 4 4
23 2 3
16 18 3
6 8 1
7 9 3
22 0 5
8 10 4
19 21 4
0 3 2
20 23 2
5 8 5
19 21 3
11 16 1
19 23 1
10 12 4
1 5 4
2 4 5
17 21 3
12 14 3
1 2 1
2 4 4
17 20 1
16 19 2
20 23 3
13 16 4
23 2 3
5 9 4
17 22 2
1 3 4
8 11 5
9 11 1
22 1 3
2 2 1
14 18 2
1 4 5
5 9 3
18 22 4
7 11 5
17 20 1
11 14 1
19 22 4
19 23 1
3 6 3
21 23 4
3 6 3
1 6 3
5 8 1
9 11 3
13 17 4
5 8 4
15 18 5
6 9 1
23 2 5
1 3 2
16 19 2
0 3 2
19 22 2
13 16 5
10 13 4
10 13 2
6 9 1
3 6 4
20 23 5
12 14 1
5 9 1
0 2 3
3 6 4
7 11 2
10 13 5
14 18 1
10 15 5
13 18 1
19 22 5
1 6 5
7 10 3
1 2 2
3 7 1
17 19 3
6 9 5
19 22 1
17 21 2
13 15 5
21 0 1
10 11 4
3 5 1
4 7 5
23 2 4
0 4 2
6 8 3
7 10 2
15 19 1
13 16 2
9 12 2
3 4 3
10 14 3
0 3 4
7 9 5
17 21 2
17 20 5
19 22 4
10 12 4
21 0 4
5 8 5
0 3 5
21 0 1
14 17 1
3 5 1
5 8 3
1 3 4
20 0 3
9 13 4
7 10 2
10 12 2
16 18 1
8 12 4
11 14 4
6 9 2
7 13 2
4 5 2
1 3 1
1 4 2
9 12 2
11 13 3
12 15 5
7 9 4
19 0 4
20 0 1
14 15 5
22 1 5
11 12 4
5 7 1
17 20 5
14 17 5
12 15 1
10 14 3
1 5 1
12 16 2
11 14 4
11 15 5
15 18 4
19 23 5
20 23 1
17 20 1
0 4 5
0 3 5
10 13 4
13 15 1
17 20 3
4 7 2
8 11 3
6 7 3
