1050 7
6 3 7 8 7 1 5 
8 12 3
14 18 1
0 4 6
6 7 7
4 7 7
18 21 2
22 0 1
12 16 7
7 11 1
17 20 5
4 6 5
0 4 6
2 4 2
17 21 2
4 6 3
17 20 4
4 8 2
14 18 2
13 16 6
5 6 7
8 13 7
18 21 3
22 1 4
8 12 2
2 5 3
18 21 4
12 15 1
22 3 1
16 18 4
2 5 1
10 11 6
2 5 7
21 0 3
13 17 3
7 10 4
10 13 4
20 23 7
17 22 5
19 23 7
14 18 7
20 21 3
17 21 2
21 0 5
22 0 5
15 18 7
15 20 6
19 23 3
8 13 3
15 20 6
10 14 2
16 18 3
3 6 5
23 2 5
23 1 4
4 8 3
21 22 1
5 8 1
13 15 1
6 10 6
19 21 4
5 7 4
12 14 5
3 4 5
14 15 1
2 6 1
12 17 6
17 19 7
16 18 5
12 15 4
9 11 7
20 1 5
14 17 7
7 11 4
10 14 7
7 11 4
17 20 6
7 9 7
13 16 5
16 18 2
17 20 7
17 20 3
15 16 5
21 21 5
13 16 6
4 6 7
23 0 1
2 5 5
13 14 1
4 8 2
4 8 4
0 2 2
2 5 4
11 13 1
15 19 6
2 8 2
15 16 6
17 20 3
13 17 6
12 15 7
0 3 2
14 18 2
14 18 2
17 20 2
7 10 7
17 20 1
17 21 3
5 8 6
8 12 7
17 20 5
5 10 4
20 23 4
8 13 7
14 17 6
3 5 5
18 21 6
13 17 6
2 4 1
22 3 1
15 17 1
12 16 1
22 1 2
12 15 7
14 17 7
22 0 2
16 19 6
7 11 3
11 14 6
8 11 3
3 6 2
18 21 4
3 3 4
19 21 4
19 0 6
19 23 1
10 13 1
4 7 3
23 2 5
20 23 7
5 7 7
12 15 7
15 19 7
2 5 4
17 22 6
7 10 3
14 17 7
5 7 2
6 10 3
1 4 7
9 11 7
0 3 7
6 9 3
16 20 5
0 4 3
13 15 5
1 5 3
6 9 6
12 13 3
9 12 4
14 18 2
12 16 5
22 2 4
23 3 4
21 0 4
22 1 6
23 4 3
0 2 6
13 15 5
13 14 3
12 14 1
15 18 3
21 0 2
4 6 2
13 15 7
16 17 5
7 8 3
19 21 5
17 21 5
15 19 4
4 7 5
20 22 5
13 16 7
23 3 4
14 17 7
22 3 3
2 5 5
12 16 3
17 20 7
2 7 3
4 8 4
18 19 5
11 13 1
11 15 6
1 6 2
2 5 7
16 17 4
7 9 4
14 17 6
12 15 5
6 9 6
10 14 1
12 15 2
4 7 1
6 10 5
15 20 4
2 7 3
7 10 2
3 7 3
3 5 2
5 7 3
3 6 2
17 20 1
21 0 4
1 3 4
16 20 1
1 3 1
16 19 3
6 9 4
6 8 7
18 20 6
5 9 6
12 14 7
16 19 4
7 9 7
12 16 4
21 3 2
19 23 4
13 16 7
10 14 7
0 3 6
2 5 7
13 18 4
12 17 7
18 22 7
5 9 6
16 18 7
19 22 4
14 17 2
22 2 1
10 13 4
10 13 5
21 22 7
19 20 7
9 12 4
22 2 3
16 18 7
6 9 2
9 11 5
20 0 5
21 1 2
16 19 2
13 16 2
10 14 2
4 6 4
7 8 4
11 13 7
13 14 2
10 14 2
13 16 7
3 5 1
11 13 7
2 6 3
15 19 7
18 22 2
19 0 3
14 19 1
19 22 5
18 21 6
1 5 1
11 13 4
2 5 1
16 17 4
0 3 7
12 16 5
2 5 3
20 20 7
10 12 2
19 21 5
10 14 3
23 4 3
19 23 2
13 16 6
8 12 4
2 4 7
9 11 7
4 8 3
1 2 1
7 10 1
7 11 7
13 16 3
21 1 4
0 2 3
16 19 3
17 22 6
1 4 5
21 23 1
20 23 2
0 5 2
13 17 3
6 8 3
16 19 1
21 0 1
5 7 6
23 4 3
21 23 2
20 23 5
23 3 2
10 14 6
10 13 2
9 12 6
1 4 7
12 14 3
1 5 2
15 19 2
9 13 2
22 2 4
19 22 7
18 20 6
2 5 3
8 11 7
7 11 4
0 1 5
5 8 5
17 21 3
19 22 5
21 2 5
14 16 2
13 16 7
18 20 7
16 21 5
13 16 2
11 15 6
12 15 5
9 11 5
6 9 4
11 15 2
6 10 7
10 11 3
11 13 1
21 1 4
19 21 4
11 16 3
7 9 4
2 4 6
15 18 2
7 10 7
20 23 6
0 3 5
22 1 4
23 4 7
0 1 4
4 6 3
11 12 4
18 21 1
3 6 1
5 9 4
10 13 5
18 21 7
18 20 1
10 14 5
5 8 7
6 10 3
23 2 5
1 2 7
4 6 6
18 22 5
19 23 5
11 14 6
3 6 5
11 15 6
4 7 1
3 6 1
17 19 2
11 14 4
12 14 5
5 9 4
6 8 4
18 21 7
0 4 3
15 18 5
11 14 3
12 15 2
4 8 2
8 10 5
8 11 7
17 20 6
17 19 1
7 9 5
5 7 1
12 16 2
14 16 5
23 0 6
20 23 2
12 15 6
6 9 1
5 9 4
14 16 7
13 16 6
5 9 6
5 8 4
14 18 1
14 16 6
19 22 5
11 13 3
8 10 1
6 8 5
2 5 1
10 13 2
20 22 1
11 14 4
15 19 3
5 8 1
17 20 4
5 8 6
17 21 3
9 11 6
13 18 4
11 14 1
13 17 1
1 3 7
21 0 1
14 17 1
13 16 2
8 11 5
19 23 7
2 5 3
15 18 1
15 19 4
0 3 3
7 11 5
23 1 2
10 13 7
10 15 5
4 6 3
23 1 6
22 2 4
21 0 7
7 8 4
7 10 7
22 2 1
6 8 3
5 8 6
9 12 7
20 22 4
17 21 7
14 18 7
14 15 6
4 7 7
14 16 3
21 1 7
0 3 6
2 4 1
5 7 4
20 23 5
15 17 2
0 3 2
4 6 2
8 9 2
8 10 7
18 21 7
0 2 4
7 10 3
17 19 4
23 1 4
20 0 1
10 15 3
22 2 1
21 23 7
7 9 1
18 22 7
16 18 6
20 0 6
12 17 4
6 9 7
8 11 1
10 13 1
18 20 7
18 23 6
3 7 4
6 9 3
22 3 7
3 5 5
11 14 6
19 23 2
6 10 2
15 19 2
11 15 7
19 21 1
14 17 1
22 23 2
10 12 2
8 10 4
18 22 2
4 5 1
23 1 3
16 19 7
8 11 3
2 5 1
7 11 5
1 3 6
5 8 6
18 23 3
2 5 1
14 18 3
5 7 3
11 16 7
6 10 2
3 5 2
10 13 3
4 7 2
7 11 6
21 0 7
1 5 5
7 10 1
2 3 4
11 12 7
9 11 3
19 23 5
6 9 3
16 19 2
6 10 1
17 21 7
0 2 2
10 12 5
23 2 1
6 10 4
10 12 4
16 20 1
15 19 3
21 22 4
6 9 4
17 20 2
8 10 4
18 21 7
13 16 7
22 2 3
5 9 3
12 17 5
1 4 1
5 7 4
12 16 1
7 9 4
9 13 3
2 5 7
13 16 4
1 5 7
10 14 5
8 11 1
14 16 2
21 0 4
5 8 5
11 13 6
10 13 3
7 10 3
8 10 1
5 6 6
14 18 1
4 9 4
16 20 1
1 4 6
5 10 3
1 4 3
16 19 4
12 16 4
13 15 4
4 7 3
2 5 2
5 9 5
13 17 6
1 3 4
7 10 2
12 15 2
9 11 6
1 4 2
17 19 4
10 13 2
19 22 5
2 5 1
20 23 6
5 9 2
6 10 4
5 7 2
5 8 4
21 23 3
4 6 2
21 2 4
19 23 3
19 22 1
17 20 2
11 14 5
6 9 1
17 20 6
21 1 3
3 5 1
6 9 3
3 7 3
3 8 7
23 1 1
23 4 5
3 5 5
21 0 6
5 7 5
3 7 4
3 7 4
12 16 1
19 22 2
16 21 7
6 9 4
11 15 5
12 14 4
4 6 5
19 22 7
12 15 6
17 21 2
7 11 7
2 5 3
16 21 7
1 3 4
15 18 7
20 0 3
0 3 2
3 4 5
19 22 6
20 23 4
19 21 5
9 13 7
23 23 5
21 1 2
18 20 3
13 16 3
22 0 5
8 10 6
16 18 4
19 22 2
6 13 7
1 3 4
19 22 7
17 19 3
12 16 2
19 21 7
23 0 7
2 5 1
16 19 4
0 2 3
23 3 7
3 5 5
13 15 3
8 11 1
14 16 1
22 2 1
23 2 5
4 8 2
19 21 2
13 17 2
2 5 2
19 23 7
15 19 1
15 19 6
10 13 3
15 17 4
4 6 1
8 12 6
16 18 3
19 21 2
9 12 6
19 23 4
16 19 6
1 5 5
3 6 5
20 23 5
7 10 7
23 2 1
15 18 1
0 3 7
16 19 6
11 13 5
3 6 7
3 5 5
16 19 1
15 19 2
3 6 2
18 21 7
9 10 4
6 10 7
11 15 7
13 16 3
11 11 1
10 14 3
3 4 4
13 15 4
6 8 2
3 4 2
15 18 7
11 13 4
11 14 3
5 6 6
2 6 1
0 3 5
8 10 7
2 5 6
8 12 5
1 3 1
15 19 7
20 22 1
22 2 6
3 5 2
11 13 7
18 21 2
23 1 2
23 2 3
4 7 2
22 1 7
18 20 4
8 12 5
19 23 5
1 2 7
9 12 3
23 1 7
5 8 5
11 15 3
17 20 5
16 19 2
14 19 5
13 15 2
1 5 4
7 10 1
2 4 6
0 3 5
0 3 1
22 0 1
13 16 3
23 1 1
4 7 7
15 19 4
18 20 6
17 19 7
15 17 2
5 9 6
17 20 7
14 18 7
13 15 1
12 15 7
19 23 6
10 13 3
4 9 6
13 17 5
10 13 5
9 12 5
1 3 6
13 16 1
20 0 4
20 23 3
22 0 7
17 20 6
6 10 6
3 6 1
9 13 3
22 0 7
1 5 5
11 14 2
0 5 2
7 11 3
13 15 7
20 23 1
20 23 5
3 6 5
12 16 2
3 6 2
12 16 1
14 18 7
22 1 1
8 11 6
6 9 6
17 20 1
2 7 1
6 9 2
12 13 2
18 21 1
10 13 1
10 13 5
22 23 4
14 16 5
6 9 6
3 6 2
18 22 4
4 8 4
7 10 2
0 2 3
12 15 1
22 1 3
17 20 1
12 15 1
23 2 1
17 20 1
9 12 3
4 7 4
22 1 5
5 8 4
12 14 4
14 17 4
19 21 3
17 19 6
14 17 5
0 4 6
15 19 1
18 21 4
0 1 3
23 1 7
9 12 3
10 12 2
21 0 1
7 9 5
12 15 3
14 18 4
22 0 3
20 22 3
11 14 5
17 19 2
14 19 1
8 10 4
3 6 4
5 8 5
4 8 3
0 2 7
2 7 3
12 13 7
18 22 7
10 12 6
23 2 5
6 10 4
23 1 2
4 7 5
16 20 2
6 9 3
9 11 5
18 20 7
17 20 5
1 4 1
19 21 4
16 20 4
2 4 6
17 19 3
20 21 6
12 15 3
17 20 1
15 17 1
15 18 6
18 21 6
19 20 2
22 2 6
9 12 4
5 8 2
23 3 4
6 9 7
7 9 7
21 21 2
2 4 7
14 16 4
5 7 3
7 9 2
17 20 6
6 9 3
1 5 3
10 12 4
9 14 6
10 12 1
7 9 5
3 5 7
21 0 6
11 14 6
15 17 6
7 10 2
10 13 7
1 4 6
8 12 6
20 22 3
7 11 4
9 11 2
21 0 2
20 21 5
18 21 4
0 5 7
18 22 1
4 7 5
7 10 7
1 4 4
20 23 2
17 18 6
1 3 2
15 18 1
16 18 6
23 1 4
18 20 6
20 23 6
21 1 1
15 16 5
5 8 6
6 8 5
11 14 5
6 9 4
11 14 2
19 21 1
10 13 3
16 19 1
5 8 6
11 13 1
18 21 7
9 12 5
15 19 6
12 14 6
5 8 4
13 17 6
8 10 5
15 19 6
8 11 2
5 9 2
11 12 5
4 9 3
8 10 1
16 20 4
7 11 2
14 19 7
4 8 7
1 3 4
18 22 1
0 1 6
2 5 6
9 12 3
20 23 2
12 16 1
22 1 4
9 11 2
10 15 6
4 8 3
19 21 2
13 16 4
9 12 2
8 13 7
8 10 6
13 16 4
0 3 3
1 4 6
3 7 5
3 7 6
15 17 1
19 22 2
16 18 5
8 12 6
2 5 1
11 14 1
7 8 3
0 3 1
17 18 1
23 3 4
21 23 2
23 3 1
11 14 2
16 19 1
10 14 2
23 1 7
23 2 2
14 15 6
16 19 2
22 23 1
2 4 2
8 10 3
17 21 5
5 8 1
22 0 5
22 2 4
15 19 6
8 12 1
0 2 2
9 9 3
6 8 5
17 19 3
21 0 7
15 18 1
3 4 3
11 15 5
16 19 2
14 16 7
16 19 5
19 22 1
7 9 7
16 19 1
11 14 5
10 13 7
16 20 3
22 0 3
12 15 4
7 10 1
4 7 4
23 3 7
14 17 5
12 15 4
21 1 7
23 3 7
20 23 1
5 7 1
1 5 2
6 8 3
14 19 3
7 9 4
15 17 2
8 11 3
3 7 2
23 2 7
17 20 4
11 15 6
20 22 4
16 19 7
10 13 1
11 13 6
12 17 1
15 19 5
10 11 4
12 14 1
8 11 5
18 20 5
20 0 1
11 16 6
18 22 3
5 7 5
6 9 4
9 12 6
21 0 6
20 22 4
3 5 1
7 10 1
5 7 1
10 13 2
22 0 7
22 1 7
21 2 6
18 21 7
22 1 3
6 9 5
10 13 1
20 0 2
15 17 1
18 20 7
2 4 2
19 22 5
19 23 4
13 18 1
1 5 4
16 20 2
12 16 5
6 10 7
12 17 3
