500 16
2 1 10 4 6 4 3 10 5 3 5 1 7 3 6 5 
7 11 11
18 20 14
15 18 12
9 12 13
2 4 4
14 17 14
13 17 9
18 20 14
13 16 10
0 4 15
23 3 3
8 12 13
0 3 1
13 15 11
10 12 12
3 6 1
11 14 5
17 18 2
21 23 9
7 10 14
0 5 16
14 17 5
12 16 7
6 9 12
18 18 6
8 12 16
23 1 15
22 2 5
2 5 9
1 5 1
20 22 10
1 4 4
22 1 16
12 15 1
18 21 15
13 15 3
18 22 10
13 16 16
10 12 2
16 19 16
18 20 8
17 20 2
5 8 2
19 22 1
23 5 10
16 18 13
6 10 6
13 17 2
18 19 12
9 12 1
22 2 10
8 11 8
16 19 9
8 10 11
4 9 11
21 22 15
22 1 13
9 12 1
1 5 15
13 16 2
11 12 9
14 17 13
4 6 3
14 17 14
22 0 12
2 5 8
20 22 6
21 22 3
15 18 1
6 9 11
7 9 16
9 11 15
10 11 2
8 10 5
9 11 12
4 9 14
7 9 9
15 18 15
6 8 5
10 12 5
15 17 5
13 17 10
20 22 8
23 2 8
7 11 7
11 15 10
13 16 13
3 5 3
3 5 15
2 5 6
16 19 9
2 3 3
11 13 11
1 4 15
23 3 11
18 21 3
14 17 13
5 7 12
23 3 13
11 12 15
13 17 16
21 23 11
20 21 7
4 5 1
21 22 6
1 3 9
22 1 10
20 22 6
4 8 11
17 20 1
21 0 16
9 13 14
5 6 6
21 1 16
21 22 5
21 0 4
13 18 5
16 20 11
19 22 4
7 9 7
14 19 4
3 5 1
19 22 13
9 11 9
16 19 16
16 18 7
5 9 8
0 3 16
16 18 15
16 19 10
4 6 14
2 6 1
0 2 13
9 11 14
4 8 16
16 18 1
5 8 9
3 7 9
10 13 13
4 7 14
6 8 3
8 10 14
16 21 8
11 13 1
13 15 6
1 4 6
11 15 13
6 8 10
23 0 6
12 15 14
18 21 13
11 14 10
15 19 8
8 11 13
13 17 7
4 7 16
9 10 9
19 21 8
20 0 10
22 2 16
10 12 14
15 17 9
0 1 7
16 19 13
3 6 13
22 0 11
11 12 14
9 13 1
19 22 12
23 3 4
12 15 9
14 17 16
0 1 15
13 17 8
23 1 15
19 21 15
1 5 12
2 6 2
8 12 14
0 1 8
0 1 16
3 6 7
14 18 11
3 6 15
7 10 15
23 2 3
17 20 7
1 4 3
3 6 10
12 15 7
20 0 13
16 19 12
8 10 10
11 14 7
0 3 9
17 19 16
5 7 13
14 18 11
21 0 3
20 21 1
7 9 8
8 11 11
8 10 9
4 6 2
4 7 1
2 6 5
15 18 16
0 3 15
18 21 14
6 8 13
7 10 16
22 1 12
13 16 5
12 15 3
16 19 1
9 12 7
10 12 6
13 15 5
21 1 9
23 2 10
18 22 15
14 17 7
22 1 13
20 23 12
19 21 9
8 12 9
12 15 15
5 8 8
21 23 4
19 21 11
14 17 8
23 3 8
12 16 15
15 18 11
17 20 9
21 1 3
0 1 8
1 5 15
13 17 2
18 20 8
0 3 15
14 16 12
13 17 15
18 20 10
16 19 10
3 7 2
3 5 1
16 18 12
0 4 9
21 0 13
16 19 11
14 17 16
12 16 15
20 23 10
7 11 9
21 1 16
5 9 9
19 23 4
1 6 9
12 15 6
5 9 12
0 2 15
4 8 11
11 14 8
17 20 16
22 1 6
6 7 6
8 12 16
19 22 15
2 5 10
2 4 8
15 19 10
8 12 3
0 3 5
10 13 10
19 22 2
7 11 1
8 10 9
3 6 13
14 18 2
9 13 8
0 2 15
6 9 12
14 17 11
17 20 12
12 15 7
7 9 6
15 19 15
3 7 1
5 7 2
16 18 15
18 19 10
5 7 5
15 18 7
23 0 3
3 6 3
19 0 16
18 21 3
11 11 5
21 0 9
12 15 16
21 23 14
8 12 3
16 20 9
17 19 9
16 18 7
21 0 9
2 4 12
14 17 4
12 14 15
10 15 15
1 5 7
1 4 6
10 12 10
1 4 1
11 15 10
22 2 15
14 16 11
18 21 11
0 4 2
5 7 6
21 0 16
2 4 8
11 12 1
17 20 6
23 3 13
23 1 12
3 7 8
1 3 7
0 4 8
6 8 11
15 18 11
21 0 5
0 5 9
23 2 1
10 12 3
1 3 11
15 18 5
1 4 3
16 17 10
16 19 16
0 3 6
19 22 11
0 4 4
11 13 3
17 21 13
7 9 6
18 20 15
23 1 8
19 22 1
6 10 4
9 13 7
12 15 6
2 7 10
6 8 14
19 22 9
1 4 14
17 20 1
11 15 13
15 18 9
19 21 9
0 3 1
12 15 3
1 4 13
10 14 8
12 15 12
0 3 9
16 20 3
16 18 12
11 14 16
13 16 14
14 17 7
18 20 6
13 17 8
3 6 8
11 15 14
17 21 4
18 20 6
4 6 2
20 23 7
16 18 12
1 6 12
0 2 14
22 0 12
23 0 9
21 0 10
10 13 5
17 19 14
8 12 14
23 2 6
2 6 15
21 1 10
7 9 15
2 5 11
10 13 7
17 20 3
4 6 11
22 23 7
3 5 3
11 14 8
19 23 16
11 16 9
4 7 13
4 7 7
14 17 4
15 19 2
20 23 15
22 1 4
4 8 12
6 7 2
10 11 10
18 22 7
22 0 16
7 10 4
11 14 14
12 14 4
3 6 13
15 16 1
9 12 4
11 13 5
3 4 1
12 15 2
10 13 16
5 7 10
23 2 7
8 12 2
23 3 9
6 8 4
17 19 2
8 12 3
17 19 3
19 22 11
20 22 4
1 4 3
2 6 12
11 14 15
20 0 9
8 11 16
17 20 15
15 19 7
1 3 12
11 15 8
5 6 6
18 23 12
5 8 11
10 13 16
13 16 8
17 19 11
19 20 8
1 5 7
20 23 5
22 2 2
18 21 8
12 16 13
13 15 15
7 10 4
16 20 8
19 22 11
11 12 13
3 7 11
18 21 12
13 16 16
10 13 11
8 10 5
10 14 16
13 16 1
0 4 9
1 4 1
22 23 14
2 5 9
15 19 9
4 5 9
3 6 14
7 11 3
0 2 14
14 18 11
10 14 16
23 2 14
21 0 11
7 11 16
2 5 10
20 0 16
6 9 2
2 7 9
5 8 6
15 18 1
15 17 4
14 18 4
5 6 4
10 13 5
21 1 5
4 7 6
7 10 8
5 8 6
12 16 9
21 23 7
12 15 8
8 10 3
7 11 7
2 5 9
