500 15
7 9 7 4 3 6 6 3 4 8 8 7 6 7 8 
8 12 11
16 18 10
8 9 9
0 3 12
18 19 11
12 15 15
18 21 6
22 2 1
3 6 7
23 3 10
5 9 5
12 14 4
15 18 11
9 12 6
11 14 11
6 9 14
10 13 13
14 16 6
3 4 7
16 18 5
3 5 2
3 7 2
13 16 3
23 1 12
3 6 8
17 18 1
11 14 2
6 9 11
3 6 5
0 3 10
23 3 8
3 8 3
5 8 8
8 11 5
10 13 7
12 15 4
1 3 5
17 19 9
11 14 1
12 17 15
6 10 5
23 1 14
1 4 7
23 3 11
15 18 1
12 14 15
23 0 6
17 21 1
16 19 7
16 18 2
9 13 7
9 13 10
13 16 7
16 18 4
21 23 14
18 22 2
3 6 10
2 5 10
4 7 15
0 1 9
5 8 4
11 12 14
3 7 9
2 5 2
10 12 1
22 2 14
9 13 9
11 14 3
16 19 10
19 23 13
13 16 4
1 6 8
23 1 14
14 19 7
22 0 3
0 4 3
2 4 5
21 2 10
22 2 4
20 22 1
11 12 6
13 17 4
5 10 14
18 23 12
16 21 11
6 9 13
12 15 11
15 18 12
17 21 15
8 12 3
0 3 1
9 12 7
15 19 10
16 18 5
13 17 10
14 15 8
0 2 3
19 20 7
4 7 15
9 10 2
23 1 8
1 5 12
12 15 2
9 13 5
4 7 5
12 16 7
11 16 6
6 9 9
11 15 9
8 11 15
7 12 15
11 15 5
9 12 11
12 16 10
3 5 2
15 17 14
3 7 5
21 23 9
22 2 9
15 18 1
2 4 4
13 17 15
21 2 9
7 10 5
2 4 6
3 7 11
23 2 1
8 13 2
11 14 7
18 23 1
16 20 8
15 19 5
17 21 4
6 8 4
19 23 6
0 2 15
13 16 7
5 9 12
3 6 4
12 16 14
13 16 10
3 6 9
19 21 7
2 4 8
16 19 4
6 9 14
6 11 12
10 12 3
1 3 13
1 5 1
11 15 4
5 8 13
8 11 2
12 15 14
9 13 11
3 5 13
3 7 10
6 7 6
19 0 10
4 6 7
9 13 13
12 15 2
16 20 1
7 12 11
12 17 6
23 4 4
2 4 8
4 7 3
22 2 9
3 5 5
13 16 14
8 12 9
22 1 15
11 15 2
20 0 2
20 22 12
21 2 12
13 15 3
15 18 9
6 10 6
21 0 7
10 15 9
3 6 14
4 6 1
7 10 9
12 16 13
16 20 4
4 8 7
17 20 3
13 18 5
14 19 8
4 7 7
6 8 1
16 20 10
2 5 8
2 5 2
11 15 14
7 9 9
9 12 13
3 7 8
20 22 3
20 22 9
19 20 8
13 18 2
8 13 8
0 2 8
21 2 12
8 10 5
1 3 1
8 13 8
23 2 6
2 3 1
12 16 15
5 7 13
10 11 13
13 13 10
17 22 6
3 5 7
22 0 11
6 10 6
2 6 10
9 12 14
13 16 8
8 11 9
0 2 7
19 23 2
9 12 14
9 12 10
11 14 14
6 9 6
7 10 12
13 17 9
5 7 7
19 0 2
7 13 6
12 15 2
23 3 9
18 21 5
10 12 13
23 2 8
5 8 2
3 5 8
10 13 14
9 13 3
12 13 2
20 23 7
14 16 11
13 15 10
22 2 3
7 10 12
20 0 8
3 5 10
13 16 5
5 9 5
21 23 14
8 11 11
13 17 10
17 18 8
9 11 8
3 6 14
13 15 7
9 10 1
23 2 14
12 18 10
10 15 2
10 13 14
5 9 10
12 15 9
9 11 4
21 2 4
17 21 9
12 14 14
23 1 8
22 2 5
21 0 1
14 17 5
4 8 8
9 11 12
15 19 6
13 16 4
13 15 4
4 5 13
14 17 15
9 13 15
21 1 10
22 0 4
21 1 9
22 1 1
7 10 3
14 16 14
16 19 6
6 11 6
14 16 9
14 18 11
20 1 4
1 5 13
18 21 4
0 4 15
21 0 4
8 13 7
6 7 8
17 19 12
19 22 6
19 21 4
4 6 6
22 3 13
21 1 6
9 12 2
13 16 13
19 20 8
13 17 3
20 22 5
17 21 15
18 19 10
0 2 4
18 22 12
13 17 8
22 1 8
17 20 5
19 20 8
12 16 13
11 13 6
21 0 6
4 4 12
13 17 9
23 2 5
14 16 2
6 10 4
20 23 10
7 11 12
0 4 2
8 13 6
2 5 3
8 11 14
5 8 9
3 6 8
9 12 1
6 7 6
17 20 3
7 10 13
8 10 3
23 1 3
21 22 9
17 21 3
6 8 7
6 8 4
15 19 13
2 4 13
12 15 4
1 4 8
6 9 13
18 19 2
15 18 3
19 0 2
0 3 9
0 3 11
6 9 9
9 14 14
18 23 15
23 1 13
6 9 11
16 17 10
16 17 15
21 1 2
13 16 5
11 15 12
22 2 8
11 13 13
8 13 6
9 12 12
9 12 5
8 13 14
12 16 4
23 4 4
2 5 11
15 18 12
12 15 12
16 18 6
5 8 6
3 6 1
13 16 9
9 11 3
16 19 3
11 13 8
0 3 4
20 0 12
13 17 12
17 21 2
9 12 5
17 19 10
11 14 2
6 9 14
18 22 3
8 11 8
23 3 12
1 5 2
5 7 13
15 19 4
19 22 3
19 23 15
5 7 8
0 4 10
14 16 1
10 14 6
1 4 14
20 21 13
22 0 1
20 21 1
23 4 8
0 4 9
23 2 12
18 21 15
17 20 1
8 11 4
8 12 10
20 23 15
17 20 12
14 17 10
7 9 9
2 4 7
10 13 8
21 1 3
12 15 6
9 11 5
8 12 1
7 9 3
7 9 5
17 20 2
2 5 14
16 21 14
7 11 7
9 11 10
11 15 9
7 10 5
3 7 4
15 17 5
9 13 2
10 14 3
9 10 6
11 15 9
16 18 13
17 22 14
15 19 3
16 21 6
5 9 2
9 13 11
14 17 7
2 6 14
12 15 1
6 8 10
0 5 7
12 16 7
13 17 6
13 17 3
4 6 6
22 2 2
1 4 11
19 22 4
20 0 2
4 7 10
8 13 15
19 23 9
18 22 6
15 17 9
8 9 2
6 10 13
18 20 4
11 14 3
20 1 4
12 14 11
14 18 7
7 10 3
11 14 15
20 21 14
15 16 5
15 16 6
2 5 10
18 20 6
13 16 7
10 12 12
17 21 3
7 11 7
5 10 4
2 6 14
10 12 6
20 23 10
22 1 9
9 13 11
7 9 4
10 12 14
8 9 10
21 23 14
19 22 3
17 19 4
18 21 11
17 20 3
9 10 6
17 21 13
6 9 9
19 21 1
