800 15
3 10 10 5 1 3 10 2 8 4 7 5 1 1 8 
8 11 12
22 1 8
22 1 12
4 7 2
3 8 6
8 12 9
1 3 3
1 5 15
20 0 8
21 1 3
17 19 4
14 16 5
12 15 2
21 23 8
20 22 3
10 11 4
6 9 13
3 7 4
10 11 3
9 12 1
6 10 5
9 13 7
13 16 2
8 11 14
7 8 3
13 17 7
5 6 14
16 20 4
16 20 1
16 19 14
3 4 14
8 9 12
13 16 12
18 21 10
0 4 11
15 17 9
19 20 14
1 5 13
14 18 11
5 8 14
9 12 10
11 13 6
3 4 12
13 16 4
5 8 7
20 21 7
10 13 9
15 19 14
9 13 5
23 1 14
1 5 6
15 19 5
3 6 9
8 12 8
13 15 1
18 21 12
8 11 1
7 9 1
17 19 3
8 12 10
5 8 2
14 17 12
10 13 5
10 12 6
13 17 9
6 8 4
18 20 5
2 6 1
10 14 12
20 23 13
19 22 4
7 9 4
12 16 5
13 17 8
14 17 4
11 12 7
4 8 11
5 8 2
8 11 14
13 16 8
8 11 9
15 19 5
7 10 9
15 17 3
21 0 12
3 5 3
19 21 4
15 18 15
0 3 14
5 8 11
14 19 7
12 15 11
5 10 3
6 11 14
17 19 1
7 8 4
9 11 4
7 12 6
10 13 13
19 22 11
22 2 2
21 23 10
13 15 6
17 20 7
5 6 8
22 0 1
0 3 1
14 18 5
9 13 2
18 21 10
8 10 2
9 14 5
8 12 12
7 9 5
7 11 7
17 18 15
13 14 12
17 21 1
17 18 1
4 8 7
7 11 5
5 8 5
3 6 6
23 23 5
10 12 10
20 22 10
9 12 4
5 6 9
9 11 14
12 15 7
16 18 13
22 0 12
10 12 7
4 8 14
15 19 12
13 16 1
7 11 10
13 14 2
13 16 8
15 19 5
4 7 10
18 20 10
23 2 8
6 8 2
20 22 10
13 15 2
6 9 6
22 23 7
11 15 11
18 21 3
6 8 1
19 22 9
7 11 11
22 0 9
4 6 9
20 1 14
6 10 10
1 3 1
16 17 11
8 12 2
21 23 11
17 21 13
7 9 15
8 10 3
6 11 8
23 2 12
18 20 3
12 15 5
6 7 3
0 3 5
0 4 13
17 20 6
1 6 7
7 10 2
12 16 2
10 11 9
18 21 12
15 19 12
15 17 8
17 19 2
8 12 12
2 5 12
3 5 1
11 14 3
5 10 9
4 6 2
9 12 6
13 16 10
1 5 15
10 15 7
19 22 11
19 23 1
14 18 13
16 18 14
14 16 12
20 23 12
21 0 8
17 20 5
23 3 4
12 15 11
5 9 10
20 23 15
11 14 11
12 15 8
0 4 13
20 23 3
9 14 15
10 11 10
3 7 7
6 8 3
9 13 7
19 22 5
12 15 7
12 14 9
13 16 9
15 18 1
15 18 10
5 7 10
21 0 13
7 9 14
14 18 8
15 19 11
22 1 10
9 13 6
21 3 7
23 1 10
20 0 13
2 2 11
16 20 8
7 12 14
4 8 2
19 22 1
15 19 2
23 2 8
3 7 7
12 15 13
7 9 14
2 5 14
15 17 15
6 9 12
12 15 9
14 16 6
11 14 11
8 10 15
19 22 10
5 8 7
7 9 1
21 0 14
0 5 5
14 18 4
15 18 14
17 20 14
12 15 13
6 11 8
17 21 11
7 11 10
15 18 11
17 22 6
2 4 7
6 10 14
7 10 12
6 10 1
13 15 6
15 19 6
13 18 3
22 0 2
18 20 12
20 0 13
16 17 3
10 13 14
4 7 10
5 8 13
17 22 14
11 14 11
21 0 6
2 4 9
19 21 1
5 7 5
19 21 3
20 21 2
23 3 4
5 9 7
2 5 10
20 0 9
15 17 13
4 8 8
11 16 5
0 4 1
18 22 10
1 5 10
20 0 10
4 7 15
6 10 5
13 16 6
22 0 13
22 1 12
16 20 15
13 17 10
3 5 7
19 23 1
2 3 1
0 3 6
2 5 15
3 5 10
16 19 14
3 7 2
21 0 5
11 14 3
4 5 12
7 9 11
9 13 13
23 4 7
17 21 3
12 15 5
21 0 10
15 18 14
21 1 1
18 21 15
1 6 15
5 8 4
7 12 3
15 17 3
15 17 9
1 5 14
14 15 14
13 16 1
23 1 11
7 12 7
4 9 15
3 7 6
12 16 8
3 6 15
17 20 6
16 18 2
4 7 12
20 22 14
3 6 3
13 16 6
23 4 1
4 7 3
11 15 10
5 10 10
10 15 15
20 23 2
9 12 1
16 17 15
23 1 3
11 16 15
4 8 8
15 18 9
13 17 7
1 4 4
1 4 12
7 10 9
14 19 1
21 0 12
14 17 6
7 10 3
5 6 2
14 19 3
22 0 8
19 23 4
14 17 8
14 16 12
11 12 14
13 16 1
12 16 11
12 16 3
2 5 10
10 13 15
17 21 14
10 13 2
14 16 7
7 10 4
3 5 2
10 14 15
9 13 13
19 23 7
11 14 12
18 21 2
10 14 9
7 10 4
11 15 11
13 17 7
0 4 14
20 22 11
4 6 10
8 12 7
20 21 2
18 22 3
15 16 2
2 3 4
19 21 9
12 15 10
22 1 4
0 4 14
6 8 12
1 4 10
20 23 5
6 9 2
20 0 14
8 11 14
21 0 4
11 15 15
0 5 9
11 15 4
19 22 15
22 1 14
14 18 6
22 2 2
16 18 11
11 13 9
23 1 2
18 20 11
14 17 5
1 2 11
12 17 7
18 21 9
12 16 5
5 9 15
2 5 7
7 11 14
9 11 5
22 1 13
3 7 8
14 16 9
22 0 10
5 7 4
20 22 7
21 1 7
8 11 13
3 5 7
19 20 14
8 11 10
13 14 14
19 22 1
9 13 14
6 8 3
19 21 1
6 10 14
11 16 14
18 21 8
4 8 12
12 15 10
12 15 8
15 18 12
5 8 11
17 19 15
8 10 6
13 17 2
13 16 8
0 3 6
18 20 4
20 22 14
8 11 9
1 5 2
19 21 10
10 14 3
5 10 3
3 7 10
22 1 11
2 5 12
21 23 4
4 8 3
21 0 11
1 3 11
1 5 12
13 17 13
10 12 14
15 19 15
19 22 13
20 22 6
6 9 3
16 19 13
16 19 15
6 9 7
17 21 9
19 20 1
21 1 11
16 18 2
20 22 10
11 15 12
15 18 8
22 2 9
10 13 12
12 14 5
21 1 6
6 9 6
16 19 15
20 22 13
13 16 5
21 23 4
16 19 9
8 10 9
13 18 15
20 23 1
23 1 8
20 0 13
19 22 1
18 22 9
19 22 14
19 22 8
16 18 3
1 3 12
7 8 13
15 19 9
13 16 1
15 17 13
15 18 13
0 3 5
4 7 2
14 16 5
6 11 5
10 11 11
18 21 7
10 14 9
6 9 8
22 2 12
0 3 10
14 18 11
18 20 8
4 7 5
21 23 1
21 1 9
9 11 4
17 18 2
11 14 14
5 8 1
3 6 4
14 16 14
8 10 3
16 18 8
5 7 1
22 0 14
23 2 4
15 18 1
5 7 13
2 3 7
0 2 7
2 7 8
0 3 14
10 13 7
20 23 2
5 9 4
3 7 15
1 4 8
17 19 12
22 2 8
22 1 9
16 19 10
1 6 15
4 6 7
8 10 13
0 2 1
22 1 6
7 12 4
19 22 7
5 8 15
9 12 9
10 13 1
11 14 3
9 12 8
20 0 13
10 12 2
6 10 13
11 15 10
9 14 4
7 9 9
20 22 9
21 1 6
22 2 8
11 13 12
2 3 11
20 23 4
10 13 8
5 7 10
23 1 5
5 8 6
20 23 2
2 4 10
14 16 14
12 16 10
14 17 10
7 11 9
8 9 12
4 8 1
3 6 10
0 3 6
8 12 4
10 13 13
12 16 14
20 0 8
5 9 12
21 23 9
13 17 6
7 10 7
11 14 9
14 17 3
17 20 3
9 11 14
2 6 8
22 0 7
20 22 14
0 4 9
22 2 6
15 18 13
7 9 1
13 15 13
16 18 7
7 10 1
15 19 12
3 7 14
15 17 11
9 12 10
5 8 10
19 21 10
12 16 4
12 15 13
9 10 2
23 1 13
13 15 9
8 9 11
11 14 6
10 11 5
3 6 14
6 8 15
16 19 13
10 12 4
21 0 14
12 14 14
14 15 13
4 7 8
11 13 13
15 19 4
3 6 13
16 19 1
7 10 6
1 6 15
20 23 3
18 20 12
20 23 8
14 17 15
16 18 10
23 1 11
21 22 7
8 12 12
20 23 9
4 8 10
8 11 7
1 5 10
4 5 7
10 15 8
3 5 7
18 22 9
2 4 6
19 0 9
13 15 11
7 10 11
6 8 9
23 2 15
12 14 11
18 22 8
19 22 15
3 6 14
23 1 9
15 17 4
13 17 5
18 22 12
21 0 6
16 19 9
1 4 9
15 19 10
1 3 5
6 9 5
12 16 6
14 17 5
19 21 11
2 4 8
5 8 6
20 1 1
17 21 14
4 7 7
10 13 7
2 4 4
6 10 9
11 14 8
20 1 9
8 12 15
2 5 1
8 12 2
19 22 1
15 18 14
0 2 2
10 14 7
14 17 9
6 7 7
22 1 11
14 17 5
13 16 11
1 2 4
8 10 11
2 4 5
16 19 13
15 18 8
4 8 10
17 19 13
14 17 7
18 21 3
11 15 4
18 20 14
15 19 13
6 8 4
2 7 9
9 12 4
20 23 9
12 14 13
11 16 2
21 0 3
19 22 15
5 7 9
16 20 2
18 21 9
18 22 6
0 2 1
13 14 6
13 15 12
1 4 2
13 17 14
23 2 11
12 14 13
13 16 9
3 4 8
3 6 2
18 21 11
18 23 13
11 13 6
20 22 1
12 13 10
0 5 9
0 1 12
4 7 1
17 20 8
21 23 15
16 21 5
6 9 12
18 21 8
11 12 1
9 13 7
6 9 15
13 15 3
9 12 11
12 17 14
6 8 8
14 16 13
18 21 9
9 12 4
9 13 3
1 4 11
17 21 2
5 11 13
17 21 11
16 17 5
22 2 15
2 5 15
6 8 4
8 12 9
15 17 15
22 23 4
14 18 14
20 0 8
16 20 14
18 20 7
21 23 8
23 3 12
6 9 14
11 14 6
15 17 12
6 11 6
22 1 13
6 9 6
7 9 7
20 23 12
13 15 3
6 9 15
3 6 10
21 23 14
14 17 6
2 4 3
8 13 4
18 20 10
0 3 9
11 15 8
19 20 7
21 23 2
9 14 7
13 15 12
14 17 2
20 21 9
1 4 6
0 0 2
