250 15
5 7 6 7 4 4 4 10 1 2 9 7 5 4 2 
17 20 9
13 16 12
3 6 1
15 18 5
15 20 8
3 6 12
9 12 3
4 9 9
21 0 6
7 10 3
7 9 6
5 8 12
5 9 6
21 0 1
18 22 13
17 20 5
1 4 15
12 16 9
12 14 10
6 9 2
0 2 8
6 8 6
19 21 7
8 10 10
15 17 7
17 21 6
5 8 7
2 4 14
15 18 11
5 8 1
9 12 10
21 1 3
10 13 13
17 18 6
10 11 8
13 14 6
6 8 6
7 12 5
6 10 5
20 1 10
4 9 9
19 21 5
13 15 8
17 20 14
19 22 15
14 21 12
17 21 14
14 15 15
0 1 2
13 15 14
19 22 2
23 0 9
16 19 13
7 10 15
16 20 11
2 5 13
4 7 4
1 3 15
12 15 5
20 0 1
5 8 3
0 2 9
19 0 15
10 13 5
13 18 4
5 8 7
9 11 10
17 21 8
17 19 15
8 11 14
1 5 11
5 10 9
8 10 11
8 13 12
21 0 11
7 10 15
3 6 3
1 3 13
19 23 1
6 9 7
9 13 14
17 20 3
12 14 12
3 6 5
12 14 10
9 11 14
3 6 9
3 7 14
21 0 15
0 3 7
12 13 6
20 22 11
14 17 6
7 9 1
4 6 4
11 16 14
7 11 7
23 4 7
15 18 13
23 5 12
16 20 13
5 8 10
13 17 11
11 14 10
19 21 14
16 18 12
5 8 13
21 23 3
14 17 13
10 13 9
10 15 12
13 17 14
1 4 7
0 4 10
8 11 12
4 6 2
23 3 13
7 11 13
10 14 1
11 14 1
5 9 12
21 0 7
20 23 5
3 5 5
22 1 2
22 1 6
14 17 11
5 7 13
6 9 2
15 18 8
10 15 9
2 5 4
0 2 9
19 21 13
9 12 8
1 5 15
0 2 2
15 19 3
15 18 10
21 23 15
9 12 11
15 18 13
23 4 1
9 11 11
5 6 6
12 14 4
16 19 15
13 16 11
4 6 9
17 20 2
14 16 4
15 18 12
1 3 10
3 5 13
8 11 15
9 11 4
21 1 15
12 15 2
14 16 4
7 13 10
6 10 5
4 7 6
18 21 9
2 4 10
19 22 12
13 14 5
7 11 14
23 3 11
14 18 6
12 15 12
18 21 10
6 7 11
10 11 13
11 14 12
7 11 10
4 7 8
0 3 9
19 21 13
1 4 11
19 21 14
14 16 2
17 19 15
7 9 6
1 4 2
6 8 6
4 6 15
17 20 10
20 23 3
13 16 15
23 2 14
0 4 11
3 7 6
3 6 4
10 13 13
13 16 5
23 2 7
9 15 11
9 12 1
15 19 5
12 16 5
10 13 1
22 22 5
2 5 4
12 14 7
13 17 1
4 8 11
20 21 3
22 1 13
15 19 9
11 13 2
12 14 14
6 9 9
18 21 2
11 13 6
23 2 15
18 21 14
13 15 7
12 16 11
21 2 10
8 10 8
16 20 1
15 17 4
2 5 2
10 12 8
19 23 11
21 0 4
19 21 6
3 5 12
11 14 5
17 20 9
11 15 2
6 8 4
0 3 13
0 3 10
19 23 10
12 16 10
16 18 1
19 22 15
9 12 13
4 7 8
6 9 1
12 16 12
23 3 1
4 8 13
18 22 4
20 0 13
7 9 9
3 7 10
19 22 2
11 15 7
