500 6
9 7 6 5 5 7 
1 7 6
12 15 1
7 9 4
12 15 1
1 5 2
12 15 5
22 0 5
7 9 2
10 14 5
8 12 6
18 21 2
18 19 3
6 9 5
11 14 3
4 8 1
20 23 6
10 14 2
0 3 1
22 0 2
23 3 2
11 13 3
15 19 4
10 14 5
13 16 1
9 12 2
7 10 3
17 20 5
19 21 2
4 7 5
21 1 6
0 3 1
3 7 1
17 19 1
4 7 5
6 10 5
6 10 3
21 1 4
1 4 5
9 11 4
9 10 5
7 11 4
14 17 5
5 8 1
22 1 4
5 8 6
14 17 6
23 2 2
8 13 6
7 10 1
5 9 6
3 7 1
5 8 5
9 12 1
8 12 3
9 12 6
14 18 2
13 17 6
18 20 4
1 4 2
8 10 5
2 6 6
16 20 5
6 9 4
22 1 2
15 18 6
17 20 5
23 2 2
9 13 5
0 2 3
5 9 4
4 8 1
16 19 1
9 10 6
1 4 6
18 21 3
1 4 2
6 9 4
13 16 6
7 10 4
1 3 6
22 1 3
11 12 6
20 22 1
18 20 5
2 7 2
20 0 2
10 14 3
17 20 5
23 2 3
21 23 6
7 9 5
21 23 5
14 17 6
9 11 3
2 5 2
15 16 5
13 16 2
5 9 2
4 7 2
10 13 2
12 15 5
18 22 4
4 7 1
10 13 5
3 7 4
7 9 2
1 3 2
18 22 1
21 0 5
2 4 2
0 3 5
5 7 1
14 16 6
13 18 1
8 10 5
8 10 3
15 18 3
6 10 2
4 8 3
2 4 5
13 17 3
13 18 4
10 13 4
14 17 5
18 23 3
9 12 1
20 0 1
6 9 5
22 0 1
23 2 6
8 12 3
17 20 1
16 18 6
2 5 1
8 11 3
3 7 2
15 18 6
17 20 3
8 11 5
19 22 1
7 9 5
8 12 6
7 9 4
9 13 3
20 23 5
1 3 6
11 12 4
23 3 4
3 4 4
0 3 1
21 1 3
20 0 4
22 0 4
22 1 6
20 0 4
16 19 4
13 16 6
9 12 4
22 1 1
1 5 6
15 17 1
8 9 2
4 6 3
13 14 5
12 16 6
9 11 3
9 10 3
3 6 5
10 13 2
13 16 2
17 22 4
15 20 4
9 13 1
14 17 4
17 18 1
17 22 6
2 6 1
11 15 1
0 4 5
22 0 3
10 15 5
20 0 5
15 20 6
13 17 5
4 7 6
4 8 6
13 18 2
16 19 3
0 2 6
3 4 1
2 4 5
8 12 2
7 9 5
4 10 6
6 11 1
5 8 3
13 15 1
10 14 4
18 21 2
13 16 2
19 22 1
1 4 4
1 4 2
2 6 4
7 11 6
5 6 4
22 2 1
1 5 6
6 8 6
2 5 4
13 16 1
14 17 2
21 0 6
10 13 2
22 0 3
18 22 5
14 17 4
13 15 2
20 1 6
22 1 1
11 14 5
20 23 4
3 5 6
17 19 3
16 19 5
1 4 1
6 8 2
8 11 2
2 5 6
9 10 2
17 21 5
8 9 6
19 21 1
20 22 4
10 14 3
10 13 5
11 14 2
2 5 2
21 1 5
21 0 6
3 8 2
13 16 3
20 0 1
13 17 4
10 13 4
1 4 4
8 11 4
4 6 4
14 19 2
10 11 3
16 18 2
4 9 4
13 16 1
3 6 6
0 4 5
23 1 1
21 0 5
10 12 1
19 21 2
15 17 3
3 5 1
12 13 6
11 15 6
1 5 4
21 0 4
20 23 2
4 6 5
20 23 4
7 10 4
4 5 5
13 16 4
5 8 5
13 16 4
5 9 4
14 17 3
15 19 2
13 15 1
8 10 6
2 4 3
9 13 5
4 8 2
16 19 4
12 15 5
22 2 1
18 19 6
17 22 2
1 4 6
12 15 3
12 16 2
2 5 4
23 0 5
2 5 6
9 14 4
4 8 3
18 21 1
21 2 5
5 8 6
21 1 6
18 22 5
20 23 6
13 15 1
1 5 4
1 4 5
3 6 3
21 1 2
21 0 1
16 19 1
23 3 2
0 4 6
2 5 1
7 10 3
10 14 4
14 17 3
7 9 1
11 14 4
20 0 4
4 6 6
15 19 6
18 20 5
11 13 5
8 11 1
17 19 3
16 18 2
3 7 5
14 17 4
18 20 4
15 18 4
6 10 5
17 20 3
8 13 4
2 5 2
8 10 1
7 10 4
2 6 3
8 10 2
15 18 6
16 18 2
5 8 4
8 10 3
17 20 5
7 11 1
18 21 4
10 14 6
8 11 2
10 13 6
22 1 4
21 23 2
1 6 2
12 16 2
2 5 3
9 10 5
11 15 4
21 0 6
2 5 6
12 14 1
13 17 4
22 1 3
15 20 6
16 19 2
8 11 2
6 8 6
16 19 4
10 14 3
2 6 1
17 22 3
19 23 2
14 16 6
9 10 3
2 6 1
2 6 4
15 19 3
17 18 4
22 2 1
5 9 4
22 2 2
18 23 6
13 16 2
10 14 1
1 4 3
8 12 6
16 20 3
22 1 6
11 16 6
13 16 4
14 17 4
20 0 4
11 14 5
4 8 3
22 2 5
18 21 2
16 19 4
1 5 2
20 0 4
4 6 5
5 7 4
5 8 3
6 8 4
7 10 3
21 0 5
7 10 2
7 11 6
0 3 1
18 20 6
7 10 3
3 6 6
6 9 6
19 22 6
20 23 1
16 18 5
18 21 4
13 17 1
2 6 4
3 7 4
18 21 6
17 23 4
19 22 1
4 7 4
10 14 1
3 5 6
7 10 2
2 6 4
18 21 3
15 19 1
4 6 1
7 13 3
6 9 2
4 4 3
15 17 4
8 13 3
10 13 3
0 4 5
23 3 5
4 8 5
16 18 4
15 19 3
6 10 6
13 16 6
17 20 6
1 2 4
12 16 5
13 16 5
18 22 3
6 8 4
12 15 6
14 18 1
17 19 5
14 19 2
10 13 5
16 17 2
11 15 2
4 5 5
12 16 5
22 0 1
0 3 2
3 7 2
13 20 1
8 12 1
5 7 3
8 11 4
14 17 3
1 3 6
8 10 5
16 17 1
20 0 3
2 4 5
1 3 6
21 2 3
18 20 5
7 12 2
18 21 3
11 13 3
12 17 2
8 13 2
21 0 3
5 7 3
3 6 6
5 7 1
5 8 1
14 19 5
6 9 6
14 17 3
9 11 4
8 11 5
7 12 5
10 13 1
6 8 2
3 7 1
10 13 1
4 7 4
0 4 6
7 11 1
6 8 4
20 23 1
0 3 6
5 10 2
21 0 6
10 12 4
4 6 5
21 0 2
15 17 4
