450 16
6 3 1 5 3 2 3 9 7 6 10 5 3 8 3 4 
3 7 15
22 2 15
10 12 15
16 19 3
2 4 12
0 2 6
15 19 10
22 0 4
9 11 8
2 4 16
21 0 3
11 14 14
22 3 16
9 12 1
14 18 16
16 20 3
2 3 14
8 10 11
21 0 6
5 8 8
18 20 12
6 10 9
16 19 16
4 7 10
8 11 6
11 15 14
20 22 15
17 20 11
1 5 14
2 5 1
14 15 1
8 11 6
11 14 4
14 17 10
23 4 4
6 10 1
6 9 6
6 9 6
15 18 13
10 13 4
1 5 6
14 17 8
0 4 7
17 19 12
2 6 8
23 3 12
21 22 7
3 7 5
17 19 12
1 4 8
15 18 7
5 7 3
20 23 9
22 3 12
20 21 8
8 12 3
11 14 13
19 22 15
13 15 11
0 3 14
2 4 7
1 4 15
5 8 10
13 16 14
19 21 6
6 7 16
7 10 15
16 18 6
5 8 12
12 15 7
14 17 11
9 11 5
3 6 16
15 18 3
21 0 7
1 4 3
9 11 5
12 16 16
3 6 13
12 15 15
2 6 15
9 12 10
8 11 4
16 18 10
0 2 8
3 6 15
11 12 6
11 14 2
18 21 7
7 9 12
8 10 10
8 10 13
8 12 15
5 7 16
5 7 15
4 7 14
22 1 5
17 19 12
11 15 5
15 21 5
3 7 8
18 20 6
17 20 10
3 4 12
7 9 2
7 10 8
0 3 16
12 16 4
18 22 15
18 21 2
8 11 14
22 1 8
4 7 10
11 15 2
10 11 12
8 11 6
13 18 12
12 15 16
5 9 12
8 8 1
6 8 10
5 7 6
22 0 6
13 17 6
13 15 14
22 0 10
19 22 2
19 21 2
3 8 9
15 19 1
21 0 14
4 8 12
5 8 16
19 20 16
7 10 6
20 23 2
22 1 11
7 9 1
3 6 9
3 7 10
0 2 11
23 2 6
3 5 2
11 13 1
19 22 6
13 14 7
3 5 1
1 4 9
14 18 1
3 6 12
1 3 3
11 14 4
0 3 14
7 11 11
14 16 14
19 22 1
14 16 9
5 8 13
8 9 15
13 16 11
16 21 11
14 18 11
22 0 10
22 1 6
15 18 5
7 10 8
16 20 7
15 17 8
15 17 13
2 4 14
18 20 6
5 7 16
13 15 14
21 1 7
8 10 10
19 22 10
13 15 16
19 23 1
12 15 7
15 19 15
13 17 16
7 10 10
11 14 6
14 16 10
5 10 11
0 3 5
23 3 7
5 8 8
7 10 16
23 4 1
8 11 2
11 14 12
5 6 10
2 4 14
4 6 10
16 20 9
4 7 10
16 18 16
15 16 4
8 11 1
5 5 3
11 15 9
16 20 5
13 15 8
23 1 14
8 13 10
12 13 8
4 7 1
15 17 7
6 9 4
16 20 10
1 4 16
5 9 6
19 22 15
13 17 6
11 14 4
20 1 2
12 17 14
2 4 6
22 1 1
16 19 4
1 4 2
16 19 5
22 22 10
3 6 1
20 23 13
8 9 16
8 10 9
5 6 3
9 11 15
1 4 7
3 5 5
13 16 1
13 14 2
18 20 10
4 6 12
1 6 6
7 9 5
5 8 12
2 6 16
0 4 14
14 17 15
2 4 14
18 21 16
21 1 6
12 15 8
11 16 9
8 11 10
16 20 15
8 10 13
6 9 2
5 8 16
6 9 10
12 15 14
6 9 13
20 0 16
2 6 9
16 19 8
12 15 10
10 13 7
10 15 8
1 4 3
15 19 11
3 8 13
2 5 2
8 13 13
0 3 12
12 17 14
14 18 11
11 13 16
8 12 7
5 9 12
6 7 9
15 18 3
13 15 4
13 16 16
0 2 3
4 6 2
13 15 2
21 1 12
0 4 10
4 5 10
0 5 16
16 20 15
23 3 1
23 3 15
14 19 6
2 8 15
0 4 8
10 12 1
5 8 12
22 3 3
17 23 5
15 19 6
1 3 8
13 15 7
2 5 3
20 23 15
2 5 4
23 2 16
8 10 11
15 18 2
2 7 10
7 10 12
14 16 14
10 15 15
16 18 5
19 22 4
3 7 12
14 18 7
11 14 13
11 13 9
6 7 5
6 10 7
17 21 10
4 8 1
9 13 14
19 20 2
16 20 15
5 8 6
8 12 1
7 9 1
4 6 1
2 5 2
4 7 13
8 11 11
2 4 1
12 14 3
23 4 10
3 6 8
7 9 13
3 6 3
9 12 4
0 2 11
16 19 16
13 16 5
2 5 8
3 6 9
14 17 14
18 21 11
8 12 7
16 18 9
22 1 7
16 20 13
13 18 15
13 16 6
23 2 16
12 14 8
11 13 8
6 8 14
15 16 3
16 18 3
17 21 6
21 0 12
7 9 14
11 13 8
21 1 12
6 6 8
21 22 4
17 20 7
9 11 13
20 23 9
9 12 13
11 12 9
3 6 14
12 15 7
17 20 5
7 9 9
7 10 9
23 4 3
16 19 7
6 9 1
22 1 9
0 4 4
7 10 8
8 10 9
8 10 3
14 16 8
13 16 13
12 14 16
13 15 8
10 12 9
12 16 3
12 13 15
13 16 13
23 1 16
17 18 9
23 2 11
8 9 2
23 2 13
6 10 9
11 14 10
13 15 14
16 20 14
19 22 12
15 16 15
20 22 10
10 13 2
6 8 9
21 23 12
2 6 11
7 11 2
21 0 4
1 4 6
13 15 10
2 4 1
20 22 2
1 4 8
13 17 10
12 15 1
17 21 1
9 14 14
20 23 10
3 5 2
16 18 4
4 9 14
16 19 12
4 7 5
19 21 2
17 20 6
17 19 3
18 22 10
15 17 12
11 16 2
17 20 10
12 16 15
23 2 13
3 7 1
20 22 11
2 5 15
23 2 13
0 2 15
16 18 8
5 6 4
2 5 2
11 13 3
12 16 10
18 22 14
4 8 7
21 1 11
7 11 1
15 18 4
4 7 12
19 21 4
23 3 8
20 1 12
13 17 3
8 12 14
7 9 14
0 4 15
