250 6
8 3 9 9 1 3 
9 11 2
15 18 3
10 13 3
9 12 4
23 1 4
3 6 6
22 1 1
11 13 5
7 11 4
4 6 3
7 12 1
18 22 3
6 8 5
10 12 3
15 17 3
5 9 6
2 4 5
0 4 6
4 7 4
1 5 3
20 0 4
5 8 6
20 0 6
15 16 6
10 14 3
18 20 1
3 5 1
4 6 4
15 19 3
22 22 6
14 18 1
14 18 1
6 10 6
10 13 1
3 9 6
12 16 5
7 11 4
8 12 1
11 14 3
16 19 3
8 12 6
4 6 6
18 20 6
9 12 4
20 23 1
1 4 5
0 4 5
5 7 2
10 13 6
6 8 4
8 11 1
22 23 1
5 8 4
20 22 6
18 20 1
6 9 4
1 5 1
9 13 4
2 5 5
13 17 2
2 5 6
6 8 6
23 2 6
6 10 4
15 17 3
17 21 5
12 17 2
8 10 5
22 1 5
5 10 6
16 19 3
8 11 2
5 9 2
2 5 6
11 14 4
18 22 2
14 18 2
1 4 1
13 15 4
19 21 5
23 1 5
8 11 1
16 19 6
19 21 3
18 22 4
20 23 4
10 15 5
15 16 5
5 9 5
20 23 3
4 7 6
10 14 2
8 12 3
9 12 6
22 1 6
21 0 5
5 6 3
0 3 4
4 8 2
5 8 2
17 21 2
15 20 2
22 23 6
13 15 5
7 7 4
18 20 6
20 23 6
17 22 5
22 0 4
7 10 1
6 8 2
8 11 6
3 4 6
12 16 3
3 7 1
12 13 4
8 11 1
14 18 3
19 21 3
4 6 3
17 19 2
0 5 6
20 22 6
11 13 5
7 9 3
22 2 1
6 9 6
4 7 6
3 8 6
2 5 6
0 3 4
6 8 3
15 19 1
17 21 1
21 0 1
22 0 3
2 4 3
19 21 5
1 4 3
12 16 2
7 10 5
2 5 3
20 21 5
15 18 4
5 9 5
20 1 2
6 10 5
19 22 6
20 23 2
3 7 2
5 7 1
18 20 6
12 17 3
12 14 3
5 7 2
9 13 2
1 5 4
11 15 4
18 21 2
4 7 2
16 19 4
0 1 3
1 6 1
12 17 3
13 16 4
15 20 5
9 12 5
6 9 3
14 19 4
20 0 6
21 23 6
5 9 2
15 20 1
1 4 6
9 11 6
16 18 4
23 2 3
16 19 5
15 17 4
4 6 1
23 2 6
23 1 2
11 15 5
13 14 1
2 7 4
15 16 3
4 7 6
22 2 5
9 13 4
17 20 1
6 9 4
6 10 6
11 13 5
18 22 3
1 5 5
19 22 4
7 9 6
14 18 6
15 17 3
0 3 3
13 17 1
1 3 1
19 22 6
22 1 1
18 22 2
13 16 1
6 11 5
3 7 2
19 23 2
1 5 5
1 3 6
11 16 1
20 0 4
10 13 4
10 13 2
17 19 2
8 11 2
22 0 6
23 1 6
13 17 6
20 22 6
14 19 5
16 18 3
6 8 6
11 14 2
23 0 6
18 23 4
4 7 3
11 15 4
20 23 5
22 1 4
4 7 6
14 16 4
1 3 3
12 15 2
22 0 1
11 13 5
21 1 2
19 22 1
3 8 2
8 11 2
4 6 3
18 21 6
9 11 1
23 0 1
18 20 4
8 10 1
8 9 6
16 18 3
12 15 4
