700 13
8 9 5 8 3 4 6 3 3 6 9 10 7 
16 16 5
6 9 11
17 19 3
23 1 1
2 4 10
17 20 7
11 12 1
3 6 11
0 3 8
16 18 11
19 22 7
0 4 8
0 3 2
2 5 8
0 1 1
16 20 1
14 19 6
10 12 3
9 11 2
3 6 12
3 6 6
19 23 3
15 20 8
10 13 9
9 10 1
18 21 3
20 23 5
17 20 11
8 13 10
22 0 5
8 10 7
14 18 11
19 22 8
20 22 4
2 5 11
12 14 12
7 11 1
16 17 2
5 8 4
9 12 6
3 6 4
19 22 10
3 4 12
0 4 6
20 1 11
4 5 6
16 19 8
5 7 10
22 0 12
21 1 1
10 13 6
4 6 2
0 4 7
3 7 10
23 3 10
3 7 6
21 23 4
20 23 13
19 23 13
20 23 1
9 12 4
22 0 1
20 23 13
9 12 9
13 16 11
17 19 6
23 2 6
14 16 6
20 23 7
6 8 6
22 1 2
5 7 4
13 15 3
9 10 11
6 11 7
22 3 7
2 5 2
22 0 13
4 7 1
23 2 1
1 3 3
16 20 7
10 14 1
4 7 6
13 16 3
12 16 8
21 1 2
17 20 9
4 9 5
17 22 8
8 11 1
18 21 9
9 10 10
6 10 5
3 8 8
22 0 8
5 8 1
20 0 8
1 5 10
9 13 2
5 10 11
17 20 9
11 14 13
20 0 12
14 18 8
9 14 1
17 20 4
10 12 6
15 18 11
12 16 8
5 7 5
15 20 6
22 1 8
4 6 12
16 19 3
8 13 13
11 15 8
8 11 13
2 6 6
19 21 10
5 8 5
1 5 3
3 8 1
21 1 10
19 23 5
3 7 10
3 5 2
15 18 7
20 22 3
22 1 5
7 10 3
8 10 6
19 21 1
16 19 7
9 11 11
22 1 13
21 23 3
2 6 8
0 3 10
15 19 1
10 12 7
17 21 4
11 14 8
23 1 11
0 3 11
3 7 12
12 14 5
4 6 11
7 12 13
15 17 7
2 6 10
7 10 1
13 16 1
11 14 5
17 20 5
17 19 11
17 21 9
17 19 7
5 8 6
15 18 8
18 21 5
4 6 12
9 14 1
10 13 12
4 6 6
8 9 12
17 21 7
10 14 4
2 3 9
2 5 7
23 1 3
2 4 5
9 10 2
12 15 12
4 9 12
16 20 2
19 0 5
16 18 12
15 19 13
17 20 10
8 12 11
7 11 6
2 5 9
15 18 3
5 8 6
16 20 13
20 23 12
8 11 13
10 12 7
19 0 2
23 0 7
10 12 3
9 12 7
13 16 8
18 20 3
4 8 12
17 20 4
13 16 5
13 16 2
4 7 5
20 22 5
9 13 3
11 14 13
15 18 1
4 8 12
3 6 11
19 22 7
19 22 5
8 11 3
15 17 8
6 9 2
17 20 8
21 2 2
13 17 11
17 19 13
5 9 12
13 15 1
17 20 1
13 18 4
13 15 3
9 11 9
7 10 2
21 23 4
4 8 6
3 5 3
8 11 8
9 13 3
10 12 10
18 20 1
13 16 6
14 17 8
18 20 12
11 14 13
23 1 6
2 3 9
5 9 1
3 5 13
5 7 5
1 4 11
4 6 11
6 8 5
7 10 2
10 12 12
11 13 7
14 16 9
21 0 7
1 4 7
6 9 4
22 3 13
23 0 6
0 2 3
18 21 2
0 4 10
6 7 2
10 14 9
9 12 5
22 1 11
13 15 13
3 4 2
6 7 3
3 7 3
19 22 4
18 20 4
0 2 1
2 5 11
5 10 10
18 20 1
9 12 12
8 11 9
1 4 6
3 7 10
17 20 5
8 12 5
8 12 7
14 15 10
0 2 9
19 21 8
22 1 2
11 15 5
11 13 3
21 1 3
7 11 6
2 5 12
18 21 3
22 1 7
11 13 4
8 12 13
21 1 8
19 21 9
5 9 8
13 17 7
21 0 4
10 12 10
21 0 9
2 7 12
4 7 10
4 6 2
20 23 4
0 2 3
14 17 8
3 6 10
15 16 4
20 23 12
19 21 3
5 9 4
15 17 11
8 9 9
13 15 4
20 23 10
2 4 5
12 16 5
16 19 9
4 7 1
4 6 3
12 14 13
16 20 13
23 1 13
11 13 12
9 11 4
0 5 5
11 15 3
8 11 10
11 15 7
23 3 8
21 1 1
10 15 8
20 22 13
3 7 8
12 16 9
21 23 12
2 4 5
16 21 11
7 9 11
15 17 3
8 13 1
15 18 6
22 0 5
23 2 12
18 21 2
22 1 7
0 4 10
13 17 9
22 2 9
18 20 13
14 17 1
2 6 2
23 2 12
1 5 10
22 22 8
11 15 7
13 15 8
0 3 8
5 9 5
6 10 8
18 22 10
3 6 3
10 14 4
19 22 12
16 17 13
22 2 1
4 6 6
17 19 13
21 23 4
21 1 6
14 17 3
5 8 1
9 10 2
23 1 8
16 20 8
10 14 4
5 10 1
5 6 11
3 7 12
12 16 8
12 15 2
18 20 12
2 4 2
23 1 2
10 12 9
1 6 13
19 23 4
23 4 11
11 13 3
22 0 10
21 22 6
6 10 2
18 22 8
0 3 7
12 15 11
10 13 2
10 12 10
9 10 10
10 13 4
3 5 12
6 9 1
16 17 4
17 20 12
11 13 10
15 18 10
5 7 4
11 14 6
0 2 5
1 5 12
0 3 10
20 23 4
21 22 7
12 13 13
4 8 2
9 11 2
2 7 8
8 12 1
10 13 1
1 5 7
21 0 12
19 21 10
10 13 12
3 5 3
2 2 4
10 12 4
1 3 4
16 19 5
23 1 10
18 21 13
19 21 13
20 0 11
0 3 13
5 7 9
1 4 11
5 7 6
10 13 4
13 15 12
23 1 11
15 17 4
16 20 13
20 22 8
9 12 8
0 4 12
10 13 13
11 15 1
15 15 8
17 20 1
23 0 7
20 0 12
3 7 10
17 23 11
21 1 9
5 7 6
13 16 3
2 7 4
1 4 7
21 0 13
12 12 2
18 22 12
20 22 7
4 7 5
12 15 8
6 10 10
11 15 7
1 4 3
17 20 6
17 19 3
18 20 11
3 7 11
11 14 5
6 9 3
23 3 12
16 19 11
18 20 11
3 7 12
0 3 12
23 2 1
5 8 3
0 3 7
11 14 2
19 21 6
17 20 8
6 9 2
2 6 7
15 19 12
1 3 11
14 18 10
16 21 12
6 9 6
10 14 9
13 15 7
2 6 6
23 3 6
13 16 2
19 23 3
5 6 11
3 7 4
18 20 12
16 18 12
6 8 8
10 12 12
3 7 9
0 3 4
19 22 12
18 20 1
18 19 12
22 1 10
6 8 7
19 23 9
21 1 11
16 20 3
21 0 11
10 11 8
15 18 12
15 18 13
3 6 11
2 3 1
3 5 7
12 16 12
21 21 10
6 8 6
9 11 6
1 1 10
22 1 3
8 10 5
22 2 5
13 16 8
23 3 4
16 18 8
2 4 2
19 22 5
3 5 11
8 11 8
17 21 9
19 23 6
2 5 11
18 22 6
12 15 4
4 7 11
2 4 3
1 4 13
20 0 10
2 4 4
22 1 9
11 15 13
12 15 13
17 21 2
1 5 4
6 8 11
14 16 10
18 19 13
4 5 3
14 18 5
22 2 9
3 6 2
11 15 5
17 22 6
2 5 3
6 8 13
19 0 5
16 19 5
21 0 4
20 22 1
2 5 11
17 20 4
2 6 7
10 14 7
14 17 13
2 6 12
2 7 4
18 23 3
16 19 3
13 15 6
22 2 12
15 18 9
2 6 10
15 18 5
15 18 11
17 20 4
14 19 12
5 8 7
0 3 13
3 5 9
2 6 4
2 4 8
14 17 8
5 8 9
12 15 6
11 12 1
20 23 3
12 15 10
12 15 10
14 16 6
6 10 7
15 17 4
16 19 7
8 11 12
14 17 1
8 11 11
10 12 13
2 7 8
5 8 4
19 20 8
7 11 7
3 7 9
13 17 3
2 5 3
9 12 9
4 6 12
2 5 7
18 21 7
22 1 9
10 12 11
14 17 10
9 12 11
4 7 11
19 0 1
8 9 1
4 7 2
9 11 13
6 9 12
13 16 2
23 0 3
5 8 4
4 5 10
10 14 10
10 13 13
12 15 6
17 20 5
1 4 1
11 14 5
18 20 7
14 16 12
1 5 7
18 20 11
9 14 10
20 22 9
15 16 1
13 16 11
4 6 7
7 11 8
4 6 7
4 7 11
0 2 4
20 21 2
6 8 6
13 15 4
0 3 13
14 17 5
9 10 1
22 2 10
3 7 5
21 22 2
23 1 3
4 7 9
7 11 6
4 6 1
20 23 3
8 11 8
11 13 13
20 22 10
7 11 9
9 11 2
6 8 11
2 6 5
0 2 9
0 3 6
5 8 3
0 2 11
3 6 1
18 22 11
11 14 2
23 2 5
15 18 12
21 2 8
9 12 5
9 13 4
3 5 3
18 21 7
1 3 1
20 0 3
16 18 7
7 12 8
23 3 1
9 12 8
8 10 10
2 4 8
21 0 8
2 5 10
17 20 4
21 23 1
13 16 8
4 6 10
9 12 13
15 19 2
23 2 13
4 8 1
17 18 5
18 19 7
3 7 13
21 0 2
22 2 3
13 15 5
7 10 12
2 4 5
4 5 2
