150 7
6 6 5 7 9 6 7 
4 8 5
3 6 6
14 18 1
9 12 2
18 0 5
8 11 4
1 4 1
8 10 6
21 23 5
5 7 5
21 0 2
15 18 6
15 18 2
23 1 4
3 6 3
15 18 4
5 9 7
20 20 4
22 0 7
5 9 3
22 0 3
0 4 2
22 1 2
11 15 5
10 12 5
11 15 4
12 13 5
19 21 4
10 14 7
17 19 3
0 4 3
7 10 1
15 18 2
7 8 7
8 11 4
14 18 5
19 23 1
8 10 1
18 20 6
4 9 5
22 3 5
17 20 6
22 1 5
6 9 7
17 19 2
13 15 2
17 20 4
12 15 4
19 22 2
23 2 7
22 0 5
0 3 3
15 15 6
20 22 6
20 21 2
18 19 2
3 5 3
13 17 4
6 9 3
21 1 4
19 21 4
21 1 4
11 14 2
21 21 7
13 16 3
4 7 6
2 3 1
3 5 1
5 8 2
17 22 2
19 21 5
2 5 5
11 14 6
21 22 7
23 2 6
19 23 6
8 12 5
17 20 1
21 1 4
4 7 2
14 17 2
3 6 6
13 14 2
21 0 4
9 13 3
11 14 4
21 22 5
18 20 5
22 1 6
16 19 2
5 7 5
20 23 3
19 0 3
3 6 1
11 15 5
12 16 4
22 23 7
8 11 4
12 14 3
17 21 3
20 23 3
14 16 2
20 0 4
13 17 2
0 3 4
18 21 1
0 2 4
23 2 1
11 14 6
1 5 5
5 8 1
8 11 2
1 3 2
9 12 5
16 18 7
14 18 5
7 10 2
4 7 5
14 16 2
3 6 5
3 4 2
15 17 3
7 11 6
0 3 5
1 2 5
3 7 3
15 18 2
8 10 5
17 19 2
4 8 2
23 2 5
5 8 4
3 7 1
20 23 4
19 22 3
14 16 5
1 5 7
1 4 5
16 19 7
5 7 2
3 7 3
17 21 6
22 3 3
9 13 7
8 11 3
17 21 7
14 17 1
15 20 4
4 6 6
22 3 2
