3000 17
1 4 7 10 6 3 6 2 5 3 8 4 8 3 5 6 2 
1 6 1
2 4 3
3 5 9
14 18 12
16 19 3
17 19 13
2 7 11
4 6 6
12 18 14
18 22 15
18 21 2
7 10 10
0 4 8
7 10 12
19 21 6
23 2 13
9 12 1
8 10 11
2 4 15
19 21 6
23 3 9
21 23 6
15 20 11
12 16 3
6 11 12
3 4 15
6 8 17
3 6 6
20 22 6
3 6 9
18 21 11
15 18 17
1 4 7
4 9 1
13 17 9
22 1 7
15 19 13
15 17 16
3 5 5
7 10 1
5 8 5
0 2 2
4 7 17
15 18 4
1 5 3
1 4 6
16 19 8
14 18 9
11 16 1
1 5 5
5 8 16
22 1 12
15 17 4
23 3 15
15 16 8
9 10 15
23 1 2
14 17 4
0 3 7
21 23 1
18 21 12
5 10 1
6 10 8
19 22 8
2 4 4
23 2 15
7 11 16
11 14 8
18 22 6
10 14 15
2 5 4
22 0 9
0 5 7
20 0 9
17 22 8
16 19 15
11 14 13
2 4 1
16 20 11
23 2 11
11 14 4
1 3 5
14 17 7
0 2 7
6 9 7
8 9 8
21 0 1
8 10 3
16 20 5
0 3 16
21 2 2
2 5 7
2 4 17
7 9 1
15 19 13
16 20 1
15 17 17
3 5 2
14 16 16
8 12 7
5 7 9
10 11 13
21 23 4
1 5 7
13 15 1
13 17 2
3 9 4
20 0 17
5 8 14
10 11 13
11 15 12
12 14 3
0 3 14
21 1 2
12 15 8
18 22 8
1 5 11
21 1 11
7 11 9
6 10 17
17 21 6
1 3 16
4 7 10
10 12 12
6 10 8
15 18 13
20 22 16
16 19 3
18 21 11
6 9 12
23 2 2
2 6 12
15 20 9
16 18 7
1 5 1
10 15 11
18 21 11
21 23 9
18 20 4
20 0 5
4 8 16
22 0 13
8 10 9
17 19 1
23 1 11
14 18 2
12 16 6
0 4 4
5 7 2
5 8 13
1 3 14
9 13 15
11 15 15
23 3 1
21 1 15
0 3 14
3 7 4
8 11 6
6 9 6
13 16 14
21 0 1
0 5 14
17 21 7
9 13 8
17 19 7
10 13 9
9 10 15
23 2 14
9 13 17
17 20 15
22 22 17
12 15 6
1 3 4
7 11 1
22 1 3
6 9 12
15 18 6
16 19 12
0 2 4
5 8 2
21 1 14
17 20 16
17 19 2
1 3 15
19 22 6
8 11 17
8 11 10
0 3 12
19 23 17
6 8 2
13 17 8
8 12 6
9 11 6
9 12 16
8 12 16
7 7 9
0 3 12
12 14 1
4 6 2
10 12 4
1 5 17
2 7 4
17 19 11
23 1 6
6 9 14
2 6 10
4 6 17
23 1 13
4 8 12
5 7 1
5 8 13
23 1 11
5 7 17
12 15 15
10 12 11
14 18 10
1 4 4
8 11 11
0 5 1
0 5 9
7 8 16
7 10 12
1 4 6
14 19 3
11 14 3
8 10 10
18 21 2
3 7 11
0 4 2
20 22 15
3 7 11
21 1 16
22 1 15
23 1 11
10 12 4
0 3 7
3 5 9
16 21 17
2 5 12
10 13 11
1 5 2
17 19 6
11 13 5
19 21 3
8 10 8
11 15 12
22 3 11
8 10 5
19 23 14
13 15 12
2 5 13
2 5 5
18 21 15
2 5 3
10 14 7
10 13 12
23 2 9
16 20 1
15 17 2
0 4 8
21 0 10
2 4 6
22 1 8
14 16 16
2 5 1
17 19 1
5 6 9
2 5 17
17 22 9
3 5 10
13 17 17
16 19 11
20 23 9
21 0 16
21 1 16
13 17 16
8 10 2
20 21 12
14 18 11
3 5 11
13 16 3
3 6 12
3 7 7
9 13 4
20 23 5
21 0 9
9 13 9
7 10 8
1 2 15
0 2 1
10 14 3
19 21 16
2 6 8
20 22 11
21 0 14
20 23 8
21 0 7
11 14 9
9 12 11
5 9 7
3 5 16
22 1 3
12 16 9
15 18 7
1 5 15
19 21 12
0 2 14
18 20 3
21 0 10
12 16 10
23 4 2
19 21 10
12 14 16
23 1 10
19 22 9
11 15 7
20 22 15
2 6 3
13 17 15
6 8 13
14 16 16
5 7 11
9 12 6
16 18 16
3 5 10
0 3 13
1 4 2
20 21 15
21 23 16
16 21 3
11 13 6
7 11 5
13 16 15
3 6 6
22 1 10
7 8 3
6 9 14
21 1 15
10 14 13
17 19 15
7 11 12
3 5 4
4 7 6
1 2 10
19 0 5
23 2 3
9 11 8
14 19 2
12 15 13
2 5 1
21 0 11
18 20 17
10 12 1
16 17 4
23 1 1
9 12 1
5 9 6
17 18 17
10 13 5
6 9 8
23 2 10
12 14 8
6 9 16
14 17 15
4 6 14
21 23 17
4 9 14
19 22 16
13 15 17
6 8 15
11 14 10
1 5 12
4 6 9
13 16 12
22 2 5
14 17 2
2 6 9
19 21 17
23 2 17
6 10 4
23 2 10
12 13 6
20 0 2
18 22 14
16 19 6
23 2 8
3 4 17
15 18 1
4 9 7
0 2 12
22 1 7
20 1 4
5 7 10
8 11 8
16 19 17
19 23 7
18 22 12
13 18 5
20 23 10
10 13 4
11 16 12
18 20 16
11 16 12
21 23 17
18 22 4
1 3 14
19 22 10
14 16 3
12 15 14
4 6 15
1 4 6
11 15 5
8 9 16
9 13 12
10 12 13
16 19 15
19 22 17
11 12 9
5 10 6
11 14 9
10 13 16
6 11 2
15 19 2
5 7 10
19 20 14
5 8 5
20 22 7
11 15 15
0 1 10
12 15 17
15 17 15
21 1 4
13 18 4
22 0 1
7 10 10
16 20 15
15 19 3
3 5 17
9 13 10
21 0 4
20 23 8
18 21 12
12 14 13
0 2 7
2 6 13
16 19 1
8 10 9
15 19 13
11 14 15
17 19 6
19 21 16
21 1 12
15 18 7
17 20 2
0 3 17
3 6 5
20 22 5
19 21 1
19 23 11
7 9 14
9 12 12
13 15 10
20 23 5
14 17 1
8 11 15
20 1 11
1 3 14
11 15 15
9 9 16
19 23 4
20 0 5
9 13 7
8 11 4
2 5 8
2 6 12
7 7 4
12 15 12
3 5 5
4 8 9
0 3 7
12 15 12
7 10 12
15 16 10
15 18 17
3 6 14
14 17 15
15 17 5
20 22 7
10 13 1
22 3 5
22 3 10
8 12 16
23 2 17
0 4 14
17 20 12
12 13 1
23 2 8
9 13 7
9 12 10
23 4 3
11 14 12
22 1 3
5 8 13
16 18 4
17 21 16
22 1 2
11 12 10
6 8 16
23 2 13
8 11 17
21 2 12
5 8 8
14 17 16
3 6 4
0 3 10
22 0 16
13 14 12
3 8 3
5 7 10
0 2 10
4 7 7
17 18 3
14 17 16
1 5 6
4 8 16
11 13 13
13 16 15
6 8 5
12 14 1
3 5 4
17 20 6
15 18 14
7 10 14
11 14 2
2 4 6
11 17 14
22 2 17
15 19 5
0 1 14
8 12 16
10 14 13
12 16 10
20 22 17
10 12 5
22 2 13
10 12 17
12 17 11
15 18 13
6 8 17
12 15 13
11 14 11
10 12 16
18 22 9
14 18 7
21 23 17
6 10 17
15 16 6
23 3 10
19 21 5
13 15 1
13 15 13
18 19 5
16 19 14
19 21 5
9 13 13
9 12 9
17 18 9
16 19 8
17 22 14
9 14 12
19 22 1
14 16 14
23 1 5
11 13 7
14 18 6
12 15 3
22 1 11
5 8 13
22 1 13
4 5 5
23 3 7
10 12 14
19 22 7
0 3 16
3 6 2
1 3 12
0 3 2
14 18 11
13 16 7
7 10 14
15 17 11
1 4 6
12 17 4
14 18 7
6 9 15
11 15 16
22 2 9
7 11 16
10 14 2
6 10 5
10 13 5
2 5 6
21 0 1
21 1 4
3 6 12
18 20 16
19 22 10
4 7 3
7 11 15
3 6 7
21 0 15
22 3 2
1 6 6
7 11 4
11 14 1
4 6 4
18 21 17
16 20 16
2 4 10
7 9 2
0 3 10
2 5 7
4 6 9
8 12 12
9 11 12
17 22 14
23 2 11
23 2 8
9 12 15
8 10 9
18 20 8
12 15 5
1 4 9
11 14 6
9 10 16
6 10 4
13 15 3
18 21 12
8 9 13
15 19 11
18 20 14
7 11 17
11 13 7
21 2 2
8 11 3
21 23 10
2 5 14
22 3 3
9 12 8
13 17 17
22 0 6
8 12 3
13 17 16
1 4 4
17 21 11
3 8 5
19 21 17
15 18 5
10 12 5
23 2 13
9 10 6
16 19 6
10 13 17
5 10 7
5 8 9
19 23 7
23 1 1
1 4 2
16 19 1
1 5 6
15 19 14
20 23 2
15 16 10
7 11 11
6 8 13
0 3 9
19 21 1
9 12 12
14 16 16
4 8 1
4 8 14
12 15 15
22 0 5
4 7 13
19 21 13
20 23 6
17 19 4
2 6 8
6 9 15
15 18 12
12 15 6
6 9 9
4 6 2
14 17 3
19 21 1
14 15 11
7 10 4
22 0 8
1 3 12
11 14 2
5 7 4
10 11 14
6 10 15
13 16 8
15 17 10
4 8 4
19 20 13
19 0 1
12 15 6
9 12 1
3 7 14
15 20 2
22 0 9
13 17 14
18 22 2
12 14 11
3 7 13
21 0 17
13 16 2
18 20 2
11 13 5
8 12 17
12 14 2
15 19 10
12 14 4
13 16 2
16 20 13
23 2 9
21 0 16
10 15 11
22 0 5
10 14 14
10 15 13
14 17 13
0 2 3
14 16 14
21 1 10
3 5 9
22 1 1
8 11 6
15 17 9
5 11 16
0 3 13
15 19 10
10 15 12
18 21 5
23 2 13
6 9 5
2 5 2
2 4 1
2 4 6
21 1 11
6 10 15
6 9 6
11 14 9
15 19 9
23 2 14
2 4 14
1 3 5
2 5 8
1 4 4
2 5 13
8 10 12
13 18 11
3 5 9
4 7 10
0 3 1
21 0 6
16 21 15
5 8 15
9 12 3
17 21 7
1 3 14
8 13 4
22 22 10
0 4 17
21 22 5
14 18 2
19 20 11
16 19 4
18 21 6
9 11 12
13 17 17
21 0 1
17 20 1
2 6 9
14 17 17
17 20 15
20 23 8
22 1 12
4 7 6
22 1 12
20 23 15
19 22 10
2 7 12
1 6 1
18 21 7
23 2 11
5 8 2
9 13 17
21 23 2
18 20 6
8 11 6
20 0 12
18 22 7
14 17 15
13 16 17
2 3 4
1 4 12
3 6 7
16 21 13
21 1 8
13 15 10
17 21 15
21 22 17
23 3 2
7 10 16
13 16 2
3 7 2
23 0 17
9 13 4
19 21 10
14 18 8
0 3 3
17 21 13
5 9 10
21 1 4
17 20 7
14 17 15
14 16 16
19 22 3
0 1 13
21 1 7
13 14 12
9 12 12
8 8 3
18 21 2
23 2 10
15 18 7
5 8 9
16 20 16
1 5 16
19 22 6
5 7 16
19 21 16
13 15 11
5 8 4
13 16 11
4 6 7
16 20 5
18 21 8
9 11 1
23 2 9
19 22 13
10 14 11
1 3 17
2 4 15
11 14 3
18 21 3
0 4 8
13 17 2
17 18 13
10 13 8
14 16 17
21 22 5
5 8 15
11 14 1
7 10 14
6 10 9
19 21 7
5 7 2
16 19 4
4 7 3
10 13 8
14 16 16
2 5 3
15 17 3
0 3 16
9 12 16
2 6 16
19 22 1
9 11 17
6 9 1
7 8 6
23 1 3
0 2 10
6 7 12
14 18 15
6 9 10
21 0 12
19 21 10
13 16 8
10 13 16
1 6 9
23 2 16
13 16 8
7 10 9
16 20 8
19 23 11
5 7 4
12 13 8
0 4 3
0 6 17
17 21 6
20 22 5
15 18 2
17 20 16
3 6 17
20 0 6
19 23 13
0 3 3
6 9 1
11 15 14
13 18 2
9 10 16
18 22 11
11 13 2
1 6 4
22 0 16
10 16 14
9 12 14
14 19 16
19 23 9
12 15 4
0 1 10
22 1 2
0 2 14
0 2 11
5 7 15
22 23 5
17 21 13
21 0 7
7 9 15
12 16 12
0 2 1
22 1 6
2 5 15
21 0 5
17 20 8
22 2 3
0 2 8
20 23 17
1 2 15
20 22 13
12 15 16
7 11 16
23 1 12
9 12 12
7 10 5
13 18 16
10 13 8
19 23 15
18 19 14
22 23 7
13 15 4
20 1 3
20 23 10
16 20 3
19 22 17
1 3 4
1 5 15
15 18 14
8 10 11
10 14 14
5 9 3
0 3 15
3 7 4
4 5 12
5 9 15
15 19 1
6 10 13
7 10 4
10 13 15
17 22 10
12 13 7
19 22 17
9 11 10
0 4 16
13 17 15
14 17 8
20 23 11
0 3 14
13 15 15
3 5 2
4 6 10
0 1 2
20 22 2
5 9 5
1 3 2
16 18 2
21 23 6
6 10 4
4 7 16
8 9 16
14 18 1
17 20 3
22 2 12
0 5 2
4 6 10
1 5 1
7 11 8
14 15 15
14 18 8
19 23 6
1 4 1
7 11 15
14 18 4
3 7 14
22 2 5
5 8 6
7 9 10
23 2 14
22 1 5
1 3 10
13 15 12
2 6 15
2 5 6
23 1 17
13 16 17
8 12 3
17 20 7
15 17 10
3 6 11
17 20 16
7 10 15
2 6 13
22 1 5
8 13 10
17 19 15
11 15 16
0 4 1
11 13 9
17 20 8
5 7 10
19 22 13
19 22 1
21 0 4
20 23 9
9 12 4
0 3 4
21 23 11
14 17 15
19 22 3
18 22 8
21 1 9
6 8 5
13 15 16
5 8 10
12 17 17
16 20 15
7 8 2
3 6 11
8 12 10
12 13 11
12 15 1
4 9 8
14 16 4
14 16 15
5 8 11
1 4 16
17 19 2
20 23 3
11 16 3
10 13 12
16 19 5
13 16 6
12 15 12
10 14 4
21 2 8
13 15 9
17 21 15
7 9 15
22 0 4
12 15 14
20 21 4
14 17 9
0 4 11
20 23 12
5 9 9
17 19 6
11 15 13
18 21 13
23 3 9
1 5 9
13 15 13
5 7 10
1 4 16
18 22 12
7 11 4
9 13 10
16 19 4
7 11 7
17 19 17
2 6 3
21 1 7
19 21 8
6 9 2
1 4 14
3 5 1
3 5 5
17 20 5
20 23 12
12 14 3
15 18 12
3 8 11
12 15 17
20 23 13
8 10 11
20 22 5
5 8 5
18 22 16
8 11 9
15 19 3
0 1 4
3 7 2
18 22 3
7 10 2
13 15 15
4 7 13
18 21 1
0 4 13
1 2 4
20 0 5
22 3 9
0 5 5
16 19 8
23 3 8
13 18 16
18 20 7
19 23 6
5 8 15
11 14 9
11 13 14
17 21 10
12 14 16
9 13 8
16 20 8
20 23 14
13 18 8
3 7 17
15 18 16
23 1 3
5 7 15
22 2 1
21 0 16
8 10 10
9 11 4
5 8 14
1 5 15
18 21 11
1 3 12
22 23 13
8 12 14
16 19 2
18 20 12
15 19 11
1 4 3
6 8 16
17 19 12
5 9 3
1 4 3
4 6 11
11 13 13
3 6 5
13 15 5
6 10 16
0 3 10
21 0 15
18 20 10
22 1 13
18 22 5
22 1 16
2 5 7
3 6 16
18 21 5
21 22 17
0 3 3
7 12 11
0 4 6
5 6 1
13 17 2
14 17 1
6 11 2
4 6 7
11 14 9
21 0 7
19 22 13
14 17 15
17 19 5
5 7 11
20 23 13
10 14 12
4 7 17
19 23 10
8 10 11
15 18 12
10 14 1
14 17 14
5 9 8
14 17 4
18 21 9
10 17 14
14 16 3
12 15 14
16 20 5
12 14 4
18 21 7
10 15 1
9 14 5
17 20 8
13 17 10
21 1 4
8 11 10
20 21 1
10 15 14
3 7 12
7 11 10
17 21 2
22 1 13
11 15 17
12 16 1
18 21 11
0 4 7
9 13 3
16 20 15
17 20 16
7 10 6
19 20 13
7 10 13
1 6 15
11 15 16
2 4 6
19 22 8
10 13 12
0 2 10
12 16 9
3 5 3
15 18 3
3 7 1
5 8 10
15 17 3
7 10 14
23 2 7
9 13 8
7 11 14
21 1 6
22 1 4
19 22 10
22 3 14
18 21 14
17 19 15
8 10 16
4 6 2
15 18 9
21 2 14
8 11 8
13 16 12
21 1 11
21 0 3
18 23 11
9 10 16
12 15 16
16 18 4
14 18 2
18 22 17
15 18 12
14 17 12
15 19 10
2 3 13
21 1 7
15 18 15
21 1 13
5 7 13
16 20 6
7 10 8
10 12 7
17 21 14
0 3 12
1 6 12
3 6 6
9 13 17
23 3 16
21 23 13
21 23 7
17 20 5
19 23 7
18 22 8
18 21 3
11 13 3
2 6 7
5 8 1
22 1 13
8 10 1
4 7 2
11 15 3
2 5 12
3 7 5
5 9 11
9 13 13
4 9 2
20 23 9
3 5 5
15 18 10
5 7 12
20 21 6
14 17 15
13 15 2
12 14 11
5 6 16
7 11 10
15 20 13
3 4 14
13 16 1
0 6 2
23 3 2
1 3 12
6 10 10
14 17 6
17 22 14
0 2 7
2 4 12
16 20 2
2 4 11
12 15 3
3 6 8
11 13 5
19 23 10
20 20 13
0 3 10
17 19 10
22 1 3
23 2 13
7 10 13
7 9 3
18 19 13
16 21 16
1 3 10
5 7 1
18 21 16
8 10 17
6 10 5
12 15 4
10 14 9
9 11 3
11 14 1
4 7 2
0 2 5
6 8 13
23 3 9
12 11 2
10 12 12
17 21 5
16 20 11
15 17 12
16 18 15
14 16 11
22 0 12
16 20 7
23 1 5
3 5 13
10 15 8
18 20 13
2 3 2
5 7 9
15 17 16
18 21 3
4 7 6
18 20 12
7 11 12
4 7 11
19 22 15
14 16 14
3 7 15
5 10 5
1 3 11
0 3 11
8 11 3
2 4 13
8 11 13
17 22 10
19 22 16
12 17 15
18 22 7
21 23 5
18 20 17
14 16 4
9 12 1
22 0 2
21 0 3
9 14 7
9 11 8
13 15 11
0 2 14
4 7 12
8 11 8
8 11 14
2 5 10
6 9 16
20 23 2
11 14 4
19 21 8
2 4 4
15 18 14
10 15 4
0 3 9
17 19 1
2 5 17
3 5 4
3 6 8
12 16 12
22 1 16
20 1 3
5 7 14
8 11 8
8 13 12
22 1 16
14 17 11
13 14 9
21 0 2
14 18 11
2 6 11
8 10 3
19 22 7
17 21 14
22 0 14
16 18 2
0 2 8
13 17 5
20 0 5
2 3 10
15 17 6
8 13 9
16 18 5
23 3 10
7 12 13
12 15 3
16 21 6
17 21 7
23 1 4
16 19 2
5 9 16
15 17 3
4 7 14
7 9 5
23 2 5
10 14 12
6 9 6
9 11 7
19 21 4
23 3 10
6 8 10
8 12 3
13 17 15
12 13 8
15 18 7
15 17 12
11 14 7
12 15 9
3 5 15
9 13 12
6 9 1
14 18 13
10 12 17
23 2 6
20 23 2
0 2 17
19 23 15
15 18 1
0 3 13
4 7 17
1 5 3
20 0 1
9 13 9
10 13 13
17 20 10
0 4 10
21 1 5
12 14 1
4 8 6
21 1 8
7 11 8
5 8 15
6 9 11
10 14 16
21 0 7
12 15 3
11 14 7
14 17 10
7 12 12
11 13 15
23 1 5
23 3 8
16 19 1
19 23 12
5 6 12
21 0 6
19 22 9
0 2 8
3 6 2
12 15 1
22 1 8
5 8 10
3 5 2
8 12 4
17 21 10
20 23 6
9 12 16
0 3 17
15 20 3
11 16 4
16 18 14
4 6 15
9 13 3
4 5 16
4 7 17
18 21 2
12 14 15
4 6 15
10 13 11
13 18 8
7 12 7
13 15 13
3 7 15
10 14 9
15 18 12
8 11 8
20 22 9
1 2 5
9 12 10
23 2 1
10 13 15
13 16 5
13 15 11
19 22 10
9 13 15
22 2 10
19 20 9
4 7 17
17 20 16
18 22 10
9 11 12
21 23 3
0 2 5
6 8 2
7 13 10
6 7 5
7 8 16
1 6 5
1 3 3
1 4 5
20 0 16
11 13 14
17 20 17
1 5 14
15 17 15
13 16 8
18 20 6
2 4 6
11 15 16
19 21 7
23 2 15
17 20 10
14 16 12
20 0 16
3 7 1
7 9 10
16 20 4
14 16 9
7 10 4
17 19 13
1 6 12
14 17 10
12 14 9
0 3 13
5 7 11
3 6 4
23 1 14
8 13 1
5 7 4
13 18 6
23 2 7
13 16 6
2 6 5
14 18 14
4 6 12
2 6 14
12 16 10
1 5 3
6 10 4
8 10 11
8 11 17
5 9 15
0 5 1
21 0 2
23 1 11
22 23 12
11 14 4
3 4 3
17 21 10
21 23 2
16 19 16
14 17 15
10 14 6
12 15 10
4 7 15
12 15 1
8 11 8
20 22 9
16 19 13
18 21 2
8 10 16
4 6 8
23 3 10
0 2 8
20 21 15
17 21 12
5 10 14
1 5 13
0 2 13
23 3 2
23 3 8
12 14 9
23 2 1
8 10 17
9 14 14
11 12 7
6 9 10
20 22 11
12 16 1
15 18 16
9 12 6
3 3 2
15 20 2
18 21 6
13 16 1
9 13 16
12 15 16
1 5 2
22 1 15
2 6 17
21 1 9
7 9 2
23 0 6
3 5 15
12 15 8
20 22 6
9 12 3
22 0 9
5 9 4
21 1 4
13 17 8
11 14 15
10 13 8
10 12 13
4 6 4
1 1 13
19 22 9
10 10 11
13 16 11
14 14 7
12 15 8
5 7 7
0 4 1
1 2 7
16 17 16
1 4 12
8 10 8
1 4 1
20 0 2
5 8 15
6 9 10
3 7 17
5 8 13
19 0 2
3 6 4
0 3 13
14 16 16
0 4 17
19 22 3
19 21 15
19 21 12
17 22 5
1 5 12
18 21 11
8 10 17
13 15 4
19 0 13
18 19 5
6 9 7
4 7 14
13 17 9
20 23 6
5 9 4
17 20 1
16 21 16
8 11 15
22 1 6
3 5 14
22 2 11
4 8 11
22 0 2
16 20 5
14 17 10
11 15 13
1 5 17
11 14 16
1 4 17
22 1 15
18 20 13
14 16 7
19 21 10
9 11 5
4 7 1
3 6 4
23 4 7
15 19 4
11 15 5
22 2 8
3 6 2
9 14 14
14 17 16
16 19 10
23 2 3
2 5 13
19 22 17
6 8 16
16 19 7
15 18 3
7 10 10
2 6 11
0 4 13
18 22 16
23 2 13
10 12 12
5 8 7
15 18 1
8 12 9
18 22 6
8 10 5
9 11 9
19 21 1
18 21 6
19 22 4
20 23 6
9 12 5
16 19 16
1 5 9
1 5 13
22 3 1
0 4 17
1 6 12
1 5 14
3 5 10
9 13 7
8 10 6
0 2 12
21 0 9
1 5 2
13 19 10
21 0 7
23 3 5
9 13 2
10 12 15
10 12 4
21 1 17
20 23 3
2 5 16
20 0 11
14 17 14
12 16 3
20 22 5
23 2 6
17 21 2
13 16 17
2 3 12
0 5 9
11 14 3
22 0 5
13 17 1
12 15 8
6 8 1
21 0 12
4 6 2
9 13 13
22 1 17
10 13 1
13 16 16
5 6 11
21 23 11
1 4 3
17 20 12
6 9 5
3 7 7
17 20 8
19 23 5
5 7 2
20 23 13
4 8 12
2 3 12
23 2 8
2 5 14
23 2 17
16 20 8
10 14 17
5 8 8
20 23 9
3 6 3
1 6 16
21 0 14
17 18 13
4 8 11
20 23 16
15 18 12
14 18 14
13 16 13
18 22 16
1 4 5
6 11 1
5 10 5
13 17 2
9 11 13
9 11 11
23 2 5
14 16 5
4 7 14
22 1 4
15 19 8
18 22 9
16 20 4
19 1 1
21 23 15
0 4 5
11 13 14
10 13 4
21 0 13
2 5 10
19 22 15
14 17 4
10 14 9
3 5 1
12 16 15
14 18 14
22 3 4
18 21 2
8 10 4
11 13 12
16 20 15
4 7 15
23 1 10
23 1 11
18 21 16
8 11 13
14 17 6
4 6 8
8 10 15
9 14 3
12 14 2
6 10 9
22 1 17
22 2 1
7 10 15
11 15 5
21 0 6
19 22 3
18 20 1
13 17 17
20 23 2
19 23 15
11 15 14
3 6 7
13 15 1
12 16 8
9 12 13
21 1 16
15 20 10
18 22 4
23 3 9
15 17 4
4 7 8
19 22 5
20 22 1
23 2 14
15 18 14
5 9 14
7 9 4
11 15 2
0 3 15
6 7 8
4 7 11
23 1 17
4 8 10
14 16 16
16 19 14
14 16 4
13 15 9
20 0 15
6 10 2
22 2 11
3 6 8
3 7 2
21 1 17
14 17 2
6 9 6
0 1 7
0 3 3
16 18 6
5 10 10
5 7 7
3 6 12
11 14 11
20 0 2
15 20 1
11 13 2
8 11 15
17 20 1
16 19 9
8 12 2
20 0 16
22 3 3
14 16 9
0 1 7
6 10 8
19 23 13
8 11 5
21 23 4
9 13 7
22 2 13
7 10 9
22 4 10
23 4 5
6 7 13
21 0 13
23 2 10
12 16 13
20 0 2
21 0 2
23 2 12
11 12 15
0 3 16
17 20 8
18 22 10
13 16 16
0 3 11
8 11 13
10 13 6
20 0 10
1 4 11
3 7 14
11 14 3
16 19 6
23 1 3
17 20 11
18 22 7
5 9 13
4 9 11
19 22 16
19 23 2
10 12 13
14 16 17
4 7 17
23 1 11
17 19 9
11 13 13
13 16 3
22 2 14
7 10 14
14 16 7
7 10 4
0 3 13
7 9 12
15 19 5
10 12 11
8 12 16
12 13 12
7 11 17
3 6 9
0 4 14
20 22 13
3 5 4
2 7 1
8 12 11
19 21 12
0 3 13
0 3 16
14 17 15
20 23 15
17 22 11
4 7 12
8 11 2
20 22 13
14 16 9
1 4 17
3 6 11
13 15 6
18 22 16
0 3 15
16 20 3
10 15 3
4 8 5
10 12 13
16 19 7
23 3 16
5 8 1
14 17 4
16 18 3
8 10 16
22 2 14
18 21 14
23 2 12
20 22 16
19 22 12
7 8 2
18 21 8
9 13 2
8 11 6
1 4 10
1 4 12
6 10 15
8 11 11
19 23 3
18 20 1
20 23 4
15 18 3
13 17 13
19 23 13
14 18 5
10 13 9
23 2 7
8 10 17
10 14 15
17 19 17
8 10 8
14 19 6
17 20 1
22 1 13
9 12 8
11 14 5
14 16 15
20 0 9
12 16 2
9 10 4
22 0 10
1 3 12
0 3 6
5 8 6
1 4 7
19 22 13
9 11 4
16 20 10
3 6 3
11 15 4
5 9 12
20 0 14
14 16 7
6 10 7
10 13 11
20 21 17
12 14 4
6 9 11
20 23 1
5 6 6
5 8 14
12 14 12
20 0 12
4 7 16
18 21 10
15 16 1
19 23 9
6 9 3
19 23 2
3 7 13
11 15 1
6 8 11
15 17 13
4 7 3
21 1 6
18 22 4
17 20 10
2 5 14
2 5 1
12 15 7
20 1 15
17 20 9
19 23 15
13 16 5
1 4 8
12 14 13
9 13 12
22 2 3
16 18 4
20 22 8
23 2 4
10 12 12
12 15 6
0 1 15
2 5 6
2 6 6
17 20 8
2 3 1
5 9 14
2 5 12
21 23 13
18 21 4
21 2 16
11 14 5
1 6 10
19 22 13
12 14 12
9 13 6
10 13 8
21 23 15
2 3 8
10 15 7
20 23 7
16 19 12
0 3 4
14 18 15
5 9 11
7 10 14
11 16 3
21 22 9
7 10 8
7 10 16
0 3 2
6 10 9
10 13 17
7 10 13
5 9 2
5 8 14
21 1 17
6 9 15
19 23 11
2 5 17
12 15 7
9 11 2
5 8 14
10 12 12
10 13 11
8 10 6
17 19 12
22 23 8
2 5 10
13 16 1
14 16 7
20 23 3
12 15 6
13 16 5
0 4 14
13 16 7
3 6 11
6 8 6
12 14 16
20 0 10
15 16 14
2 5 7
0 3 7
19 23 6
0 3 1
4 7 8
9 11 11
20 22 10
8 12 10
7 8 17
4 7 8
22 1 6
22 2 6
7 13 15
16 18 2
17 19 17
22 3 14
20 23 9
22 3 3
20 23 5
3 7 5
12 15 9
9 10 1
9 12 14
8 12 9
3 6 13
16 18 7
15 17 17
9 12 5
1 5 2
2 3 5
18 21 12
0 2 2
19 23 4
4 7 14
6 10 1
1 5 7
15 19 3
23 1 1
15 19 13
17 18 6
1 3 17
15 17 16
18 22 10
3 6 2
17 21 9
10 12 1
4 7 8
6 7 14
19 23 14
22 2 2
17 21 16
18 21 6
9 10 6
7 9 10
14 18 5
20 22 10
12 17 14
11 13 5
10 11 7
13 16 17
15 17 6
9 14 1
7 9 14
0 3 5
20 1 4
11 13 13
0 2 8
17 21 2
11 14 1
12 16 11
10 14 2
21 1 9
4 6 15
7 9 5
3 6 1
12 15 15
2 6 10
7 12 14
8 11 8
5 8 15
15 19 15
16 20 1
21 0 13
22 1 12
0 3 1
0 4 17
8 11 9
19 22 2
14 19 10
4 8 4
13 14 16
1 5 16
2 5 9
0 3 12
23 2 12
8 11 3
23 2 1
8 11 1
8 10 8
18 21 9
21 0 17
7 11 14
20 23 6
17 18 6
12 15 7
15 20 11
5 8 3
22 1 7
9 13 8
2 4 13
4 8 14
21 23 1
10 15 1
0 5 14
4 6 5
14 18 14
8 13 9
13 15 11
6 7 14
17 18 3
2 5 15
10 13 12
6 8 15
13 17 7
21 23 1
21 2 15
2 6 10
17 20 5
2 6 4
13 16 10
0 4 6
7 11 13
23 2 11
2 6 1
19 21 15
10 13 9
5 9 7
8 13 15
9 13 13
3 8 14
7 10 3
1 4 14
17 19 3
18 23 5
7 9 1
1 3 15
11 15 3
14 17 10
10 14 15
9 11 5
16 19 6
11 14 3
15 19 12
6 10 8
20 0 1
19 23 1
12 16 4
11 14 10
7 9 4
20 21 9
4 8 6
13 17 7
23 1 13
20 2 16
17 21 5
14 17 12
0 7 2
12 14 4
13 16 1
15 19 2
0 2 14
11 15 8
20 23 4
6 7 14
11 15 8
15 17 6
22 1 6
11 15 14
20 21 8
9 10 5
18 21 7
0 5 5
22 0 4
2 5 10
1 4 3
5 7 14
20 23 2
1 5 10
14 18 14
23 2 9
8 11 2
9 11 5
20 23 8
18 22 10
10 12 4
21 23 10
20 23 4
8 10 17
6 7 7
2 6 5
21 0 1
23 3 2
10 13 1
23 0 15
0 4 8
12 14 14
9 11 4
15 18 5
20 23 3
12 15 8
5 5 6
1 3 13
13 15 10
10 12 3
16 18 15
13 16 5
4 6 4
15 17 5
20 23 11
22 1 16
18 20 9
5 9 14
5 9 4
20 23 13
2 4 8
12 14 15
14 16 14
12 14 6
7 11 1
1 4 2
19 22 4
9 11 9
11 15 11
12 15 14
17 21 8
5 8 12
17 21 6
0 3 10
14 17 8
18 21 2
18 20 12
3 7 6
6 9 12
15 18 14
12 15 17
13 17 11
4 6 9
3 5 14
15 18 8
10 16 3
3 6 3
0 3 12
3 6 15
6 9 16
8 11 4
7 11 17
7 8 13
3 7 14
10 13 10
4 7 1
6 9 2
22 3 15
23 1 1
5 10 6
11 13 5
1 5 8
18 22 14
17 21 5
2 6 13
4 6 11
9 14 16
2 5 8
0 4 1
22 2 16
3 7 13
0 3 4
10 13 12
10 14 8
5 7 13
12 17 14
0 1 4
22 23 16
4 7 17
11 15 8
4 6 12
10 12 6
14 17 14
7 10 12
17 18 1
3 5 9
11 15 12
6 8 3
18 21 7
4 6 12
5 8 11
23 3 15
0 2 2
13 17 4
1 4 10
13 17 4
13 17 6
14 17 9
16 21 9
17 19 12
18 22 1
10 13 11
10 13 3
10 13 17
16 18 13
17 19 10
15 20 7
20 2 11
8 10 8
19 23 3
8 10 9
15 19 3
13 17 9
4 7 4
7 9 14
14 16 1
13 15 2
13 14 5
2 5 16
21 1 3
20 23 5
7 9 15
17 20 17
7 10 15
11 14 3
7 9 10
13 16 2
15 18 4
0 4 13
23 2 13
5 8 17
16 19 7
10 12 12
11 14 17
23 2 11
14 17 1
0 3 2
5 9 2
1 3 9
16 18 11
0 1 10
8 12 1
9 11 4
19 22 13
15 17 11
0 3 14
20 21 17
6 10 13
1 5 10
18 21 10
9 11 9
11 15 13
0 4 8
23 2 10
19 23 14
5 8 17
5 8 4
20 22 9
23 2 10
2 6 17
17 20 1
21 23 12
13 16 6
14 15 5
21 1 10
14 15 17
20 0 4
4 7 13
15 18 13
0 3 16
8 11 17
5 11 12
10 14 8
19 23 8
22 0 1
1 4 4
9 11 15
22 2 11
10 13 16
3 5 13
11 15 6
18 22 5
8 11 16
20 21 12
16 18 8
15 17 7
14 17 13
23 3 3
6 8 17
10 14 3
0 3 13
21 0 16
13 16 16
4 8 10
9 10 10
10 12 11
19 23 8
20 23 7
17 20 1
7 10 11
4 7 15
14 15 3
13 15 12
6 11 7
17 19 16
8 11 17
23 3 12
0 4 8
13 15 9
0 2 11
16 20 10
17 20 10
2 5 15
18 20 9
9 11 14
15 19 7
5 7 15
3 6 15
3 5 2
23 0 1
12 16 8
23 2 16
7 11 11
18 20 6
15 17 1
16 19 14
20 23 11
2 5 15
22 2 5
19 22 10
17 21 13
0 4 5
22 23 2
11 13 6
12 15 15
18 23 6
4 7 8
0 1 5
11 14 17
18 21 3
3 7 15
5 9 12
23 3 14
8 11 14
19 23 6
23 2 16
22 0 16
13 15 11
3 6 13
4 8 3
12 16 4
23 2 16
10 13 2
20 23 8
18 21 7
18 21 17
1 6 10
6 7 12
12 15 4
17 19 10
20 1 17
9 13 3
6 10 6
2 4 10
21 1 9
19 23 6
17 20 11
23 2 10
21 23 7
5 7 15
13 17 9
5 10 16
21 0 1
0 4 5
21 1 1
19 23 1
2 6 15
14 17 2
8 11 7
0 2 15
17 21 8
10 14 14
0 3 8
0 3 3
14 16 4
12 15 10
0 3 9
6 10 12
16 18 16
8 11 17
5 9 13
4 6 2
7 9 8
7 10 12
16 19 14
20 23 15
23 3 14
21 23 15
22 0 5
4 6 15
9 14 4
20 23 14
22 0 3
6 10 12
4 6 1
23 2 6
22 2 3
13 15 4
8 8 10
0 1 6
16 20 15
11 14 9
19 23 1
20 22 17
22 3 5
9 12 3
18 21 7
0 3 4
23 4 5
6 10 10
0 2 12
13 18 8
11 13 13
19 21 2
15 18 4
16 20 17
23 3 7
2 4 10
1 5 8
3 5 13
13 16 3
2 5 1
17 19 8
20 23 13
3 6 7
14 17 8
6 8 13
7 11 12
13 16 7
5 8 15
0 2 6
10 12 15
2 6 13
20 22 16
4 6 15
12 13 2
14 18 16
13 15 16
22 3 12
10 14 17
22 1 11
5 7 5
14 18 11
0 2 3
2 6 6
3 3 6
3 5 16
10 14 6
20 0 11
20 22 12
23 2 16
10 12 10
11 15 2
15 19 4
17 20 7
6 10 12
10 13 6
8 12 17
16 19 12
11 15 2
20 23 11
20 23 4
2 4 2
23 2 8
8 10 10
10 12 1
7 9 8
12 15 13
17 19 3
23 3 5
23 5 17
16 19 16
9 12 11
13 17 3
12 15 11
20 0 12
13 16 10
22 0 4
11 14 3
5 9 5
7 10 6
15 20 7
4 6 1
1 2 7
8 11 17
14 18 2
21 1 11
2 7 8
3 6 6
21 0 17
3 8 13
0 4 9
12 16 17
9 13 1
6 9 9
21 1 10
11 14 5
3 6 9
5 8 16
3 8 13
3 6 10
10 11 2
14 15 16
16 20 4
4 6 17
2 6 6
10 12 8
12 15 12
2 4 3
7 11 9
16 19 14
18 19 12
22 0 5
17 19 10
18 22 16
17 20 8
0 2 7
1 6 11
18 23 6
16 20 7
8 10 14
13 16 3
18 21 16
7 10 16
23 2 9
10 13 16
12 16 13
14 17 3
12 15 14
8 10 12
19 22 8
8 10 15
23 2 6
2 4 16
22 0 1
23 1 11
12 15 12
7 12 3
15 18 15
19 21 12
6 10 8
9 12 3
22 2 8
14 18 9
5 8 6
15 18 4
21 1 16
1 5 10
20 23 5
5 8 11
3 7 3
11 13 9
23 2 11
4 7 1
3 6 3
14 18 1
15 19 1
5 6 14
10 12 5
18 21 6
23 4 6
3 6 14
11 15 5
21 22 2
5 10 12
4 6 13
17 21 4
16 18 16
22 0 6
5 7 10
14 16 5
19 22 12
21 23 1
4 7 8
0 3 13
13 16 3
22 0 7
12 15 16
1 4 6
13 16 15
14 17 13
17 19 16
15 18 11
18 22 6
8 10 4
3 5 6
21 0 2
11 15 6
14 18 6
2 7 6
4 7 3
4 7 2
8 11 4
7 8 1
1 3 8
21 2 10
1 4 17
19 21 14
18 20 12
23 2 3
20 23 11
5 8 12
2 5 2
10 14 3
10 13 3
9 13 1
17 20 3
18 19 12
14 16 6
6 7 8
4 7 11
9 12 6
13 17 15
11 14 9
23 2 9
23 2 16
14 16 8
2 6 3
2 5 6
16 17 6
6 11 11
13 16 16
10 13 1
14 18 8
4 6 13
13 15 3
6 9 6
3 7 15
0 3 2
11 14 12
22 2 12
21 23 17
8 8 3
13 15 15
1 5 10
0 3 13
12 12 12
14 16 14
1 7 1
17 20 15
14 16 6
1 5 2
4 6 15
11 13 3
18 20 15
19 21 2
5 7 15
14 17 2
21 1 3
11 13 15
1 5 16
11 14 9
7 11 7
17 20 12
15 18 2
17 21 10
22 0 2
12 15 10
19 23 6
2 5 10
3 6 6
16 19 14
1 3 14
17 20 10
7 10 4
13 17 8
8 12 15
5 9 4
10 12 15
0 3 5
2 4 9
10 13 5
8 12 17
13 15 5
17 22 14
6 8 7
0 3 14
6 8 9
8 13 4
20 0 5
18 20 10
13 14 1
16 19 5
9 10 14
21 23 6
21 23 1
16 20 11
1 3 9
4 7 11
14 17 9
1 4 5
17 23 9
23 1 15
5 9 11
21 1 3
23 1 14
15 18 16
0 3 4
6 8 16
3 5 6
21 0 11
5 8 9
1 5 10
2 6 15
7 9 9
0 3 14
5 8 8
10 12 5
1 4 3
6 9 12
13 15 14
12 14 6
3 6 12
9 11 9
19 22 10
5 7 10
13 15 3
17 21 1
1 5 12
11 14 7
1 1 11
8 10 11
18 22 17
8 11 10
3 6 8
21 1 17
21 0 4
5 8 10
13 16 9
4 5 10
10 13 16
7 11 13
