300 19
10 2 6 6 3 9 9 6 5 4 10 8 10 5 5 1 9 9 7 
3 6 5
19 21 9
18 20 14
12 14 17
11 15 19
12 14 6
1 3 1
6 10 13
18 20 6
22 1 2
5 8 17
22 1 10
12 15 7
1 3 4
8 11 5
4 7 13
11 16 2
8 11 6
19 1 3
16 21 2
19 22 10
14 18 6
15 17 10
23 2 17
9 11 16
2 6 11
21 23 18
10 13 4
22 1 7
15 15 11
12 18 4
21 0 2
15 16 19
6 9 10
10 14 17
4 7 1
15 19 1
21 22 2
0 3 18
13 16 6
19 21 14
2 3 11
19 21 3
3 6 12
20 22 7
21 22 14
7 10 2
13 17 17
11 14 19
6 8 2
19 21 18
18 19 4
6 10 5
15 17 7
21 0 2
4 7 9
22 23 8
14 20 15
14 16 11
18 21 2
20 1 12
4 7 17
10 14 13
15 19 15
3 6 6
6 8 2
13 17 17
12 15 6
19 23 2
23 0 4
18 20 2
22 4 5
0 1 11
6 9 17
6 7 4
11 13 18
1 5 7
17 18 14
19 22 19
10 12 9
18 22 19
4 8 5
9 9 15
15 17 11
18 20 17
7 10 8
8 13 2
7 10 12
5 8 9
1 5 18
7 10 8
2 6 13
12 14 3
4 6 15
21 23 9
20 23 10
1 4 8
16 19 3
10 13 7
21 0 8
1 5 3
10 12 6
11 11 17
10 13 9
13 18 15
21 0 8
13 17 15
11 13 5
10 15 16
3 5 18
13 17 10
3 6 19
18 23 12
14 19 19
1 4 13
6 11 4
6 8 1
21 23 9
23 1 3
18 22 14
23 2 19
11 14 7
20 0 13
15 18 17
17 19 15
21 1 3
0 2 10
17 20 17
19 23 11
5 8 1
17 20 7
3 5 17
14 16 19
13 15 16
14 18 11
14 17 17
9 12 11
5 8 9
19 23 12
3 7 18
9 13 19
3 6 7
21 0 18
22 2 13
1 5 8
1 4 2
3 7 18
17 20 8
1 4 2
12 14 16
16 20 14
8 11 11
13 16 9
6 10 13
1 6 10
17 21 6
18 20 15
0 4 2
2 3 1
12 14 11
19 0 13
15 17 17
8 12 14
2 5 11
10 14 14
2 4 15
13 17 15
2 5 18
23 3 11
9 14 2
12 14 19
12 14 13
4 5 11
23 4 8
5 8 7
3 7 17
1 5 3
14 18 16
21 23 13
6 8 12
3 6 7
16 18 17
0 1 9
21 1 11
1 2 3
17 20 14
11 13 15
5 10 15
0 3 2
5 9 11
4 7 7
7 11 2
5 8 13
15 18 17
5 10 5
11 13 11
16 18 3
17 20 10
18 22 10
9 10 3
13 19 16
8 12 10
19 22 16
8 9 9
14 16 8
23 0 17
4 7 16
18 22 8
10 11 6
19 21 11
3 5 19
20 23 16
3 7 14
1 5 17
5 9 4
10 13 11
23 2 4
3 4 11
8 11 16
9 12 9
22 22 1
1 4 8
19 22 10
8 12 11
3 6 9
13 15 18
5 6 17
12 15 3
17 18 8
10 11 16
19 21 17
20 22 11
21 0 1
5 6 17
2 5 10
8 12 9
17 20 19
12 18 4
4 7 2
16 19 2
12 16 19
18 21 17
16 17 15
10 13 13
12 14 2
0 2 4
3 6 14
16 20 18
19 22 4
0 2 7
2 4 11
8 11 12
10 14 19
0 4 13
17 20 10
13 15 19
23 4 11
18 21 14
17 20 13
15 18 3
15 18 13
7 8 8
8 12 3
2 4 13
22 0 12
6 10 15
7 10 5
18 21 10
0 2 3
8 13 7
17 20 14
0 1 17
14 16 17
14 16 7
2 6 16
9 12 7
14 18 16
19 22 7
23 1 4
21 1 17
15 18 19
5 7 1
23 2 10
6 8 6
16 19 17
0 3 3
14 17 8
7 11 7
6 10 14
13 16 9
5 8 11
8 12 16
6 9 12
10 13 19
4 8 18
20 0 10
8 12 6
0 3 8
17 19 10
10 13 10
