1000 10
2 8 4 7 3 10 7 9 4 10 
0 2 9
21 0 8
7 9 5
15 20 2
10 13 1
8 12 1
12 16 3
0 5 7
5 10 10
14 18 8
8 12 6
20 0 8
14 16 2
9 13 6
6 10 8
21 0 4
7 10 5
20 23 8
13 16 1
15 19 5
14 18 7
3 5 6
13 17 8
5 8 10
6 9 5
13 16 9
9 12 5
5 7 4
6 10 2
9 12 7
6 10 6
0 3 8
7 9 5
12 16 7
15 17 1
20 1 9
4 8 9
19 22 1
11 13 2
16 19 4
22 0 2
7 12 6
23 2 10
23 1 10
9 11 9
21 1 5
20 0 10
4 8 9
12 14 10
11 14 10
14 17 9
21 0 4
11 14 4
14 18 10
21 23 5
2 5 2
12 16 3
16 18 6
11 13 2
10 12 3
12 14 3
7 10 7
14 17 1
20 23 2
16 20 8
23 2 7
12 15 9
23 3 10
2 4 2
7 11 6
22 0 3
6 8 3
7 9 4
13 17 3
6 9 6
18 21 7
7 10 6
2 7 9
11 13 5
22 23 1
17 19 1
19 21 4
16 19 5
1 5 2
22 1 6
3 5 1
21 22 9
6 9 8
14 17 9
10 14 6
20 23 5
11 13 10
2 3 9
0 3 2
11 13 4
1 5 5
9 12 3
6 10 3
19 0 8
16 19 9
4 8 7
10 14 8
3 6 5
3 8 3
5 8 3
13 16 7
6 9 7
20 23 6
15 16 5
10 12 10
1 4 7
3 5 6
5 8 7
11 16 1
9 11 10
15 19 4
11 12 4
13 16 8
13 17 9
7 11 5
11 14 3
21 23 7
2 7 7
15 18 3
11 14 3
6 9 2
11 13 2
20 22 6
5 7 3
16 20 3
6 10 9
19 20 2
13 17 8
9 9 3
10 12 5
3 6 1
2 6 1
7 9 10
23 2 5
10 15 7
8 12 1
16 17 9
13 16 6
9 12 5
20 22 5
18 20 4
6 8 7
21 22 1
20 0 2
18 22 4
23 4 10
1 5 1
22 1 1
4 8 3
16 21 8
7 11 10
19 22 2
13 15 7
19 23 8
2 6 9
23 2 1
21 1 10
18 21 9
2 3 4
15 18 9
1 5 8
15 16 2
16 20 4
21 23 7
22 0 1
14 19 3
19 22 4
9 11 7
18 20 4
3 6 1
11 15 8
9 13 8
2 5 9
4 8 5
15 17 6
9 11 4
21 1 1
10 12 8
9 12 3
11 16 6
12 16 3
10 13 3
11 14 4
19 21 8
13 17 6
11 14 5
18 21 10
11 15 9
0 2 9
4 8 9
14 16 8
11 15 1
5 8 4
12 16 2
6 8 6
19 22 3
14 17 1
8 12 6
21 23 10
0 2 5
14 15 2
14 16 8
8 11 2
14 16 1
11 15 4
12 17 7
2 5 10
23 2 4
17 19 5
9 12 1
20 23 6
0 3 5
16 21 6
22 1 3
10 13 1
1 3 5
12 15 7
23 1 2
1 6 6
19 23 7
23 4 8
10 13 3
2 4 8
0 3 7
1 2 1
1 4 2
2 4 10
9 12 6
15 18 9
5 6 8
4 6 8
10 14 6
1 4 9
23 1 1
18 22 10
7 10 6
12 13 9
6 9 7
9 12 10
12 15 5
20 23 7
10 11 6
22 1 1
10 13 6
23 2 4
10 11 6
5 6 1
13 14 4
20 21 7
17 21 7
18 20 8
4 8 6
0 4 6
3 6 10
21 1 8
12 17 4
3 6 1
12 15 3
0 3 2
3 5 1
19 23 6
15 18 2
16 19 7
0 2 1
10 12 8
17 21 4
1 3 6
6 8 4
15 18 1
21 23 10
4 7 9
19 21 10
5 8 8
23 1 6
4 7 5
22 3 3
14 17 3
16 20 1
10 14 7
12 16 10
3 6 7
4 7 8
3 7 9
23 2 10
13 16 6
23 3 7
6 10 10
2 5 7
10 14 8
14 17 10
17 20 6
8 10 2
12 16 2
10 14 10
7 10 8
5 8 9
0 3 3
14 17 4
2 5 7
7 12 7
6 8 3
16 19 7
11 14 2
10 13 5
3 5 2
3 5 6
10 11 2
23 3 3
10 13 5
13 14 8
10 12 6
6 8 4
13 17 3
18 21 2
2 5 3
23 3 8
21 1 4
16 20 4
22 1 2
15 18 6
10 12 8
18 22 6
2 7 6
4 9 7
23 2 10
16 20 1
3 7 1
23 0 4
20 22 8
10 13 1
2 6 6
3 7 1
23 0 2
23 1 5
16 19 3
3 5 4
10 12 1
11 14 2
4 6 8
3 6 4
5 9 2
3 5 2
18 20 5
8 11 3
6 8 2
14 17 7
23 2 10
21 0 7
10 14 10
10 12 6
12 13 5
3 6 3
13 17 6
9 11 9
19 22 10
2 5 9
7 9 3
15 17 5
18 22 6
2 6 9
9 11 8
1 3 3
16 19 7
21 0 2
14 16 9
1 2 8
13 18 2
11 14 8
19 21 10
22 4 6
10 14 7
21 1 2
2 6 10
8 13 6
14 17 3
14 18 5
4 7 8
8 12 1
15 18 4
6 10 5
5 9 1
4 7 10
13 18 7
15 18 9
0 5 2
4 7 2
4 6 5
7 11 2
9 12 3
1 4 6
22 0 5
6 9 9
9 12 5
15 18 8
22 1 9
23 2 6
17 20 2
22 0 1
5 10 5
23 1 4
4 8 10
8 11 5
21 0 7
21 0 5
1 5 6
8 12 7
10 13 2
9 12 8
0 2 2
19 22 6
2 8 8
2 5 4
3 5 7
11 14 8
19 22 2
23 2 1
0 5 4
12 15 2
18 20 2
10 13 5
22 0 4
11 13 1
4 5 3
22 0 5
16 18 5
1 4 8
4 9 1
20 23 9
10 11 10
0 2 7
5 7 3
17 20 5
22 1 6
1 3 6
5 8 2
9 11 6
4 8 9
14 17 10
5 8 2
8 11 8
21 23 8
4 7 5
6 10 2
13 15 3
8 10 7
11 15 7
13 15 10
19 22 8
15 17 6
5 9 3
1 4 2
19 0 3
22 23 3
5 8 9
1 3 3
16 19 3
1 5 5
18 21 6
8 12 1
18 21 7
23 2 2
16 19 1
23 1 3
2 4 6
23 1 8
8 12 1
18 20 5
15 17 9
8 12 7
15 18 7
18 20 7
15 20 5
7 9 9
0 3 10
10 11 2
10 13 7
9 13 7
21 0 7
0 3 4
2 5 5
5 7 9
9 9 10
11 13 2
23 2 1
17 20 10
8 11 10
10 12 6
7 8 10
6 10 7
12 15 6
3 7 5
16 19 6
11 16 2
11 14 10
7 11 6
20 23 8
2 7 7
3 7 6
23 2 2
6 8 8
11 16 10
0 4 8
19 0 1
22 3 5
18 19 2
15 18 10
10 14 5
19 22 6
6 10 1
11 14 3
4 7 6
8 11 3
13 16 4
14 17 5
23 2 5
5 8 3
21 2 6
20 23 8
16 20 8
4 6 5
8 11 8
11 14 3
21 1 9
1 4 3
9 13 7
19 20 7
17 19 4
5 9 9
5 8 4
7 10 1
13 17 6
6 9 4
8 11 7
6 8 1
23 1 10
12 15 2
8 11 8
5 8 6
5 6 7
11 15 9
12 15 6
23 2 1
16 20 5
2 6 1
22 1 4
12 13 7
12 16 6
4 9 8
23 2 8
4 6 8
16 20 3
7 9 7
4 5 10
11 15 3
0 2 3
23 4 7
23 2 6
3 6 7
15 19 10
12 16 7
13 17 1
2 4 9
4 7 10
14 17 10
4 6 10
6 9 10
3 7 1
19 22 1
15 18 9
8 11 10
17 21 9
23 4 6
9 12 8
17 21 8
2 4 5
1 5 2
19 21 9
5 6 1
1 3 4
0 3 7
14 18 3
11 14 5
1 3 5
7 11 10
10 12 9
3 5 10
4 8 7
2 4 10
8 12 3
10 15 2
4 6 6
4 8 3
17 20 9
5 7 5
16 19 3
9 12 5
10 13 7
12 14 7
13 17 10
16 20 9
20 23 9
22 1 10
4 8 2
19 21 10
6 8 9
12 15 8
13 17 7
1 6 2
9 11 5
0 3 4
17 18 2
1 2 3
2 5 3
2 5 1
18 21 1
6 8 1
21 1 1
18 21 3
19 22 8
5 7 10
12 16 6
4 8 9
5 9 7
5 10 6
8 11 5
9 10 3
6 8 1
13 17 1
7 11 2
2 5 3
17 22 2
11 14 6
6 9 3
7 9 9
11 13 7
15 18 3
17 18 7
18 21 9
3 7 10
12 16 1
15 19 10
3 4 6
18 20 2
8 12 2
9 12 2
5 10 10
12 15 3
20 22 5
5 8 6
11 16 5
9 10 6
2 4 10
4 7 9
10 14 10
12 15 9
15 17 2
19 23 2
10 14 2
12 15 5
10 12 1
13 17 5
22 2 6
21 0 1
9 13 5
18 20 1
23 2 2
16 19 8
20 22 4
8 12 1
7 9 3
14 18 8
2 6 2
9 13 10
8 10 4
3 4 10
18 20 8
12 15 5
10 13 2
4 7 4
4 9 1
4 6 8
13 16 8
7 10 9
2 3 7
4 7 9
10 13 1
16 19 3
14 18 5
7 11 10
2 6 6
0 3 2
8 13 2
13 17 10
11 14 7
19 22 10
4 8 4
13 18 6
2 7 2
19 23 9
9 11 9
11 15 9
19 20 4
4 7 3
23 2 1
2 4 10
13 14 2
6 9 8
10 14 3
19 22 3
15 18 1
22 0 6
17 20 3
7 11 8
1 4 8
15 16 8
2 5 2
14 17 8
18 22 1
23 3 10
15 17 8
13 15 2
14 17 6
17 20 7
6 9 3
5 8 6
2 5 5
21 2 7
23 1 5
5 9 4
1 3 8
5 8 3
6 9 9
4 7 8
21 2 10
9 12 6
6 10 6
15 19 10
1 4 5
0 2 6
19 23 8
14 17 1
23 1 2
2 4 3
10 13 7
2 6 6
7 10 4
13 15 3
4 7 7
9 13 8
6 9 3
13 15 1
10 15 2
10 14 7
13 16 9
9 12 8
9 12 6
20 0 9
14 18 3
6 7 1
23 3 9
12 15 1
9 12 8
10 14 3
20 22 2
20 23 8
13 17 6
4 6 4
9 11 2
21 23 9
12 15 9
21 1 2
3 6 2
0 4 1
4 8 7
0 4 3
15 18 5
12 16 1
8 12 10
5 9 7
16 18 1
4 7 1
8 11 5
14 18 4
7 8 6
20 23 7
14 18 4
23 1 3
1 5 8
8 11 7
21 0 9
3 5 6
22 1 4
2 7 2
2 5 1
2 7 7
4 7 5
21 1 7
9 12 4
23 3 6
16 19 5
11 14 8
1 5 7
22 2 7
16 18 9
10 13 2
23 1 2
22 0 10
18 22 2
23 1 5
13 17 8
13 17 9
21 0 3
21 0 5
11 12 2
3 7 8
21 23 8
16 19 5
22 2 10
12 14 8
17 20 3
10 13 8
21 2 10
6 9 8
8 12 5
20 20 7
20 1 7
10 11 4
11 14 7
6 10 5
4 7 8
2 4 1
2 3 2
20 0 9
8 12 6
15 17 5
0 3 4
7 11 9
4 9 8
10 13 7
21 0 9
16 18 5
4 6 1
21 22 1
6 8 3
16 20 9
5 7 4
17 20 9
18 20 6
19 23 8
20 21 5
2 6 5
19 22 4
22 1 6
6 8 2
11 14 10
2 6 2
8 11 10
6 7 4
16 18 9
12 15 1
16 20 7
2 4 8
14 18 4
3 6 6
6 10 4
17 18 9
2 5 6
13 17 3
14 17 6
14 16 3
4 7 10
1 4 6
21 1 9
8 11 4
9 13 3
3 5 10
12 14 4
22 1 7
11 16 9
14 18 1
3 5 2
10 14 10
22 0 9
6 9 6
20 1 3
16 18 6
14 18 2
4 8 1
10 11 5
4 6 10
16 19 8
16 19 7
17 19 4
10 13 2
10 14 8
6 9 6
21 0 4
5 8 1
12 15 2
2 3 4
5 9 2
15 19 7
12 16 2
10 14 2
22 2 3
5 10 3
20 0 8
23 1 7
19 22 9
22 23 6
3 6 6
6 10 10
3 6 6
14 17 1
19 23 8
0 3 9
19 0 10
16 19 8
3 5 1
2 6 6
0 3 6
21 1 8
20 0 7
7 10 2
14 17 4
21 0 7
15 18 8
7 12 9
19 21 4
10 12 3
2 6 8
1 4 6
2 4 10
7 11 3
12 15 3
7 8 9
22 2 7
12 15 7
16 18 9
0 2 3
4 6 5
9 12 1
2 4 2
14 17 10
8 12 4
17 20 4
16 19 8
10 13 1
16 19 4
19 22 1
5 10 2
16 19 6
17 21 2
14 17 9
7 9 1
23 2 4
19 0 7
13 16 8
6 11 10
11 13 2
13 16 6
16 19 1
11 14 6
2 5 1
8 9 8
10 13 7
4 8 2
20 23 1
12 13 7
0 2 5
10 12 8
2 4 8
7 10 6
17 19 6
0 2 9
23 2 8
19 22 2
3 6 3
1 5 2
7 11 5
21 1 3
14 18 6
23 2 1
1 3 6
2 7 9
5 8 4
2 5 6
22 2 4
0 4 10
3 5 4
12 16 7
14 16 3
6 9 9
15 18 4
10 13 5
