850 6
4 9 1 9 6 3 
9 12 6
22 2 3
13 14 5
17 21 4
11 14 2
5 11 6
16 19 4
11 13 1
0 4 5
2 4 4
15 19 6
7 11 2
10 13 4
21 1 2
2 4 5
21 0 5
9 13 3
10 13 4
12 16 1
16 20 4
20 23 6
6 7 5
8 11 2
23 1 1
8 12 4
21 0 6
4 4 1
5 8 4
9 12 4
6 9 3
3 5 6
22 0 6
6 8 1
8 9 6
18 21 4
18 20 3
18 22 3
6 8 2
0 3 3
9 12 2
11 13 2
18 20 3
10 14 3
2 6 6
13 16 2
6 9 6
7 10 1
4 8 6
14 17 3
0 2 3
16 18 1
14 16 2
13 15 1
2 5 2
23 2 4
18 21 3
14 18 3
20 23 6
3 5 3
7 11 1
19 21 4
4 9 1
9 11 4
5 9 2
16 19 1
5 7 5
22 2 3
7 10 2
7 9 6
21 23 1
22 1 1
7 10 1
15 20 4
4 8 5
18 21 4
17 19 3
10 13 3
6 8 4
18 21 1
4 5 1
4 8 4
12 15 3
23 2 6
17 19 6
16 19 4
17 23 1
11 14 3
15 17 1
10 13 5
17 21 3
21 23 3
13 18 4
22 0 1
0 4 1
5 8 4
4 7 3
18 22 1
13 15 5
22 2 2
8 12 6
21 0 4
17 21 4
5 8 5
0 3 1
5 7 3
4 6 5
3 7 4
14 16 1
7 10 3
0 4 6
18 23 4
20 23 2
9 12 1
15 19 2
11 13 6
23 3 5
23 3 1
13 18 1
12 14 1
19 21 6
7 10 4
9 12 5
20 22 3
15 16 3
7 11 3
20 23 6
5 7 1
22 1 2
22 2 6
2 4 5
12 16 3
20 23 5
11 14 1
5 8 5
11 14 5
23 1 6
0 3 3
8 10 1
23 1 5
17 18 6
14 18 3
20 23 2
11 13 3
6 9 6
15 19 1
18 22 4
8 11 5
7 10 6
4 7 4
3 7 4
21 1 6
23 1 5
6 10 4
8 13 6
23 1 2
20 22 2
6 9 6
17 18 4
4 7 5
9 12 1
16 19 1
18 21 6
13 16 6
13 16 1
17 19 3
13 19 1
16 18 1
14 18 6
4 7 1
8 13 3
18 20 1
16 18 6
16 18 5
23 3 1
23 3 3
4 5 5
21 23 2
10 11 3
19 22 4
12 16 6
12 14 3
18 20 2
0 4 4
2 5 2
5 7 3
20 1 5
21 0 2
16 20 1
18 22 2
2 6 3
18 22 6
7 10 5
11 16 1
1 6 1
11 14 3
22 0 2
0 5 4
8 10 2
20 0 4
20 22 2
12 15 6
19 22 1
23 1 2
5 8 5
10 13 4
6 7 5
20 21 4
17 21 6
22 2 5
15 17 5
8 11 6
10 13 3
12 15 3
9 13 5
12 16 2
3 7 4
15 17 6
6 9 6
9 12 1
19 22 5
18 22 2
2 6 2
22 1 3
19 22 3
15 17 6
2 6 1
13 16 6
13 15 5
15 18 5
15 19 6
6 8 6
13 18 1
14 16 1
6 10 3
2 6 3
5 9 2
2 5 2
8 10 4
2 4 2
16 18 5
13 16 4
3 6 5
17 20 4
15 18 6
3 5 4
8 12 1
8 10 4
18 20 2
22 0 3
0 2 2
4 7 3
2 6 3
21 0 5
14 16 4
10 15 2
22 0 6
9 12 2
3 5 1
20 23 3
1 4 3
15 16 1
13 15 2
14 16 3
3 6 1
5 8 2
15 17 2
4 4 5
8 11 5
0 2 3
21 23 2
2 6 2
6 9 2
7 7 2
5 7 6
13 18 3
14 17 5
4 7 1
1 2 6
5 8 6
14 16 1
4 6 3
23 3 4
5 8 5
0 3 3
8 11 1
16 21 4
4 8 1
0 2 2
22 1 6
18 22 4
11 14 3
9 12 4
5 7 2
7 10 3
16 18 5
8 13 5
11 13 4
7 10 4
13 16 4
22 1 4
14 17 5
9 10 2
20 0 4
19 22 5
18 21 2
0 4 1
23 3 2
2 5 2
11 14 5
6 7 2
17 20 2
12 15 2
22 0 5
21 0 4
10 14 3
3 6 3
1 6 2
1 4 4
18 22 3
20 0 5
20 23 6
23 1 4
21 23 2
13 15 5
13 16 5
17 19 4
23 1 6
4 7 4
21 1 3
2 3 1
4 8 2
21 0 6
15 18 4
19 23 4
2 4 5
18 21 5
19 22 4
3 6 3
10 13 2
11 15 5
23 0 6
18 21 4
0 3 2
22 1 4
12 15 5
9 12 6
20 23 6
8 12 4
20 23 3
5 7 5
13 16 3
9 13 3
0 3 2
23 2 6
8 11 4
9 10 1
19 21 6
23 3 4
18 22 3
3 5 6
23 2 6
21 22 4
23 2 1
18 20 2
21 23 4
4 8 6
20 0 2
12 14 4
11 14 5
2 4 2
14 16 6
1 4 3
5 7 3
22 1 3
2 5 6
19 21 5
15 17 5
8 10 6
10 11 5
9 12 5
15 18 6
21 1 1
1 4 4
12 16 1
10 14 6
18 22 5
3 5 6
7 8 1
20 1 2
6 9 4
22 2 5
22 1 6
11 16 5
3 7 4
17 20 5
21 1 3
2 3 2
20 23 1
23 1 3
14 17 5
0 3 6
5 7 2
6 10 3
10 13 5
7 9 1
19 22 4
12 15 4
15 18 4
9 12 5
23 2 2
0 3 4
4 6 3
18 22 2
6 10 4
7 10 3
19 21 6
11 14 1
2 6 4
21 23 6
3 7 4
21 1 5
0 3 6
22 2 2
5 8 2
3 7 1
18 23 5
10 12 2
5 8 1
7 12 1
9 12 2
0 3 6
4 6 6
4 7 6
6 10 6
8 11 1
5 9 5
10 14 6
5 8 6
3 6 5
0 4 5
7 9 6
9 12 5
20 23 3
8 11 2
6 8 3
2 5 6
5 7 4
14 17 5
21 0 5
6 10 5
2 5 4
8 12 4
22 3 6
19 22 2
2 5 2
4 6 6
4 7 5
17 21 6
17 20 1
7 10 4
7 10 6
9 11 5
19 20 1
5 8 2
10 14 6
23 0 4
17 20 1
11 15 5
1 5 4
6 8 2
1 3 3
13 15 3
17 21 6
20 23 1
9 12 6
6 9 3
10 11 5
13 17 1
13 16 3
4 6 3
8 12 2
17 19 1
15 19 6
13 15 3
12 15 1
0 2 6
14 18 1
4 6 3
9 12 2
8 12 6
16 21 6
10 12 5
7 11 3
18 21 6
4 9 2
19 23 6
15 19 3
11 12 3
19 23 6
22 0 4
1 5 6
10 12 1
22 2 3
9 13 4
12 16 1
7 11 6
15 19 1
15 19 2
0 3 4
8 10 3
6 9 5
16 20 5
3 7 1
16 18 6
10 12 4
9 11 6
1 3 3
14 16 3
10 14 5
19 23 3
7 11 6
5 7 5
2 4 3
11 14 1
20 0 3
1 3 2
10 14 1
21 1 3
15 18 1
19 22 6
16 17 2
23 1 1
10 14 2
1 2 6
15 18 4
8 9 1
14 16 4
11 14 6
4 8 1
8 11 6
20 21 3
16 18 4
17 21 6
7 8 5
6 9 3
6 10 4
11 15 2
21 0 2
7 10 1
12 13 2
10 11 1
10 14 5
2 5 3
18 22 2
6 11 4
14 18 5
3 6 3
6 9 5
11 14 3
5 9 3
21 0 2
14 17 1
1 6 3
8 13 5
14 18 2
17 19 2
4 5 2
8 11 5
9 14 6
9 12 5
23 2 1
7 10 4
3 5 2
4 7 1
5 10 2
20 0 4
7 9 1
14 19 5
1 5 3
1 5 5
11 14 2
22 0 2
16 18 2
11 14 3
2 5 5
18 22 3
22 0 6
18 22 3
15 17 3
11 13 4
2 7 3
15 18 1
19 23 3
13 16 2
12 14 6
23 1 6
23 2 1
5 8 6
18 20 6
14 17 2
8 10 4
0 2 5
17 22 2
4 7 3
10 14 3
18 22 1
20 0 6
18 23 1
11 13 5
21 1 1
22 1 4
8 11 1
4 7 4
2 6 1
5 7 5
12 14 4
18 23 2
4 7 3
5 8 4
3 5 5
18 20 3
3 5 1
10 11 3
2 5 5
9 12 3
18 20 3
17 21 6
17 21 4
5 9 3
7 12 6
21 0 2
13 15 6
20 23 2
14 19 5
5 8 5
23 2 1
2 6 6
0 3 4
4 7 6
12 16 5
23 2 1
1 5 1
0 3 2
18 20 3
21 1 5
23 3 5
1 4 3
12 15 6
11 15 1
7 9 1
17 19 2
8 12 3
14 17 5
6 9 6
7 10 2
4 6 1
17 20 3
15 19 3
4 7 4
4 5 3
7 10 1
5 9 1
1 6 1
12 14 5
14 16 5
7 10 3
1 4 4
2 6 3
5 8 6
7 10 4
11 12 6
2 6 3
2 5 6
0 3 3
6 8 1
13 15 4
13 16 1
20 1 3
16 19 5
9 14 2
23 0 1
4 8 6
17 21 3
2 5 4
14 15 1
8 11 6
6 9 5
2 3 3
10 13 1
16 20 3
7 12 1
7 8 3
7 9 4
12 15 6
13 16 4
8 10 5
4 6 5
15 17 6
23 4 2
10 13 4
16 19 5
19 22 3
11 14 3
8 11 6
15 18 6
10 14 2
13 17 6
6 10 3
20 23 6
16 20 4
23 4 2
14 16 4
17 20 5
3 6 2
18 20 5
11 13 5
5 8 4
11 14 4
9 12 1
8 12 4
9 10 4
13 17 2
4 8 3
11 15 6
15 17 6
8 11 2
10 14 6
6 10 2
7 9 4
11 14 4
0 4 2
18 21 5
19 22 6
12 15 5
15 20 3
15 16 5
14 17 2
2 4 5
0 4 6
14 17 4
14 17 5
2 5 3
23 4 3
3 6 2
12 15 1
8 10 3
20 2 5
4 6 1
13 15 5
18 21 5
1 4 1
8 10 3
20 21 4
8 11 6
17 20 4
6 8 4
0 0 6
4 5 4
19 21 5
3 4 1
3 6 6
11 13 2
9 12 6
23 3 1
15 18 6
6 9 2
18 20 4
13 16 4
13 16 3
19 21 3
8 11 6
17 22 5
18 22 1
8 11 2
6 8 1
7 12 3
6 7 2
19 21 1
19 22 6
0 5 3
1 4 4
3 5 2
1 4 4
2 5 3
20 23 2
11 13 6
20 23 2
14 16 6
15 18 2
20 22 1
11 13 4
8 11 5
6 6 1
1 5 5
10 13 2
18 21 4
20 23 4
10 13 5
2 4 6
2 5 4
12 16 4
12 16 5
2 6 3
16 19 1
16 18 2
2 6 3
8 11 5
20 23 5
6 9 3
18 21 6
2 5 2
14 16 2
8 13 1
12 16 1
2 5 4
13 17 2
22 2 3
2 4 1
20 23 1
10 13 3
18 22 3
9 11 4
16 19 1
5 7 3
0 4 3
0 3 3
19 0 5
4 7 1
18 20 3
11 13 5
13 16 6
11 12 3
8 10 3
13 16 4
2 4 3
11 14 6
19 21 1
8 10 6
2 7 6
9 12 6
16 19 5
20 22 1
18 20 5
10 12 1
12 16 1
5 7 1
21 1 3
11 15 5
6 9 3
10 13 5
