300 9
4 4 2 2 7 2 10 8 10 
20 0 1
9 13 3
23 0 9
19 18 3
10 12 1
21 1 9
1 5 5
5 9 5
19 21 4
14 17 8
15 17 6
11 15 5
7 10 1
3 6 3
19 23 1
8 9 7
15 19 8
16 19 2
12 16 7
19 22 4
14 16 3
11 12 6
1 4 7
16 19 8
2 5 3
9 11 3
9 11 1
6 9 4
19 22 3
4 8 4
14 17 2
22 23 6
8 11 2
10 14 9
23 1 1
16 18 9
10 14 5
20 23 2
22 1 1
5 9 3
1 5 8
6 10 6
12 14 9
0 5 3
17 20 3
21 0 4
16 20 3
22 1 3
13 15 4
0 3 3
1 5 9
14 18 4
4 6 9
20 0 8
23 3 8
10 14 7
22 1 2
18 20 2
8 10 6
1 5 4
12 15 4
19 21 2
20 23 1
9 12 6
18 21 1
21 22 3
23 1 6
1 4 5
22 0 2
3 5 5
15 16 9
3 5 3
20 23 9
21 1 5
14 16 9
23 2 2
19 22 7
3 4 4
11 14 8
13 16 6
14 18 4
9 11 5
1 4 8
11 15 5
12 13 6
19 20 3
20 22 7
0 3 6
13 16 2
12 15 1
22 2 2
0 3 4
0 3 9
0 4 7
14 17 9
1 5 3
16 19 9
4 7 1
4 7 6
14 18 5
23 3 7
22 1 1
0 3 1
3 6 7
2 4 8
13 15 1
12 15 3
7 12 2
13 17 6
20 22 5
0 3 7
12 15 7
21 0 9
19 21 4
11 13 8
3 7 1
9 11 8
9 12 5
6 9 7
6 9 7
3 6 6
11 16 3
5 8 1
1 5 8
21 1 1
13 17 7
22 2 5
21 0 2
22 2 9
20 0 1
3 8 7
22 0 2
17 21 1
17 21 2
10 12 6
1 6 3
10 12 5
13 16 2
19 22 2
6 9 7
19 21 3
11 15 9
15 20 8
13 16 4
4 7 9
0 2 4
11 14 9
13 17 7
15 17 5
8 11 8
14 17 8
4 8 9
7 9 1
6 9 9
3 5 8
23 2 5
19 22 8
8 11 6
9 13 8
7 11 5
14 17 3
11 14 5
14 18 5
4 6 4
22 2 4
23 0 6
22 0 1
20 23 7
19 21 4
0 4 7
12 16 4
10 13 1
4 5 6
21 23 2
20 0 5
3 4 7
4 7 2
19 23 7
9 13 8
13 16 3
17 22 3
8 12 3
5 6 6
21 1 9
12 14 2
1 4 2
17 21 5
23 3 4
8 10 8
19 22 2
22 1 5
6 9 7
8 11 4
4 7 2
22 2 8
17 22 1
0 3 8
13 14 8
10 14 7
20 22 7
14 16 3
9 10 8
0 3 1
22 1 3
23 2 9
12 14 7
17 21 6
13 17 9
5 6 9
9 11 1
6 10 7
0 3 9
5 9 8
13 16 6
3 7 8
22 0 1
4 8 2
14 18 1
15 18 5
10 12 4
1 3 6
17 21 2
4 6 3
0 3 3
11 13 5
12 15 3
9 12 9
19 22 8
23 1 7
16 19 5
12 15 5
20 0 5
3 6 5
23 1 1
12 15 1
23 2 6
4 7 9
22 3 4
1 4 2
18 21 6
6 8 8
23 2 9
7 9 5
0 3 2
20 23 1
4 6 2
22 1 6
7 10 9
5 7 2
5 8 3
13 17 2
20 22 5
17 19 9
19 21 7
5 7 7
9 13 8
7 9 5
22 1 5
13 15 2
10 13 4
6 10 9
23 4 8
7 10 8
23 5 6
6 9 9
23 2 7
19 22 7
8 11 7
20 23 5
12 17 7
18 19 8
4 8 6
1 4 8
0 1 8
5 9 2
21 0 7
0 4 8
18 20 5
18 20 7
16 18 5
4 6 5
7 10 9
9 12 5
3 5 5
1 3 3
9 14 4
20 0 6
20 23 4
7 11 3
19 20 2
9 12 7
3 6 9
7 13 8
21 1 7
3 5 8
13 18 9
0 4 3
21 2 4
14 17 1
12 17 4
