1300 19
10 10 3 3 4 4 7 1 10 8 9 6 7 4 3 9 5 8 7 
15 19 16
12 14 4
7 10 17
8 9 19
18 22 6
19 20 15
22 1 19
7 8 17
19 21 5
0 3 2
16 19 13
13 15 14
1 5 19
9 11 2
9 14 12
6 10 8
21 1 1
23 2 15
9 12 13
17 21 7
7 12 3
3 5 11
13 17 10
7 9 6
3 8 7
3 6 10
16 19 6
1 4 19
20 23 9
1 4 12
6 8 12
3 5 11
21 0 4
1 4 7
21 1 16
20 21 17
11 14 7
16 19 4
0 1 13
19 22 12
18 20 17
16 18 6
8 10 1
15 20 18
10 13 17
18 21 1
3 6 8
22 3 12
15 16 3
20 1 12
16 18 7
7 10 2
10 12 8
21 23 18
6 8 19
7 11 17
2 4 8
12 13 19
19 21 10
10 13 16
1 4 14
7 10 7
0 2 1
4 7 14
7 10 7
5 8 14
7 8 2
18 21 10
15 18 19
11 13 16
8 12 19
23 0 3
18 22 3
14 17 16
7 10 7
1 4 17
19 22 5
6 11 2
9 12 5
14 17 7
8 11 14
2 5 9
15 17 5
18 21 1
3 6 14
21 1 19
8 10 3
7 11 15
1 5 17
3 6 12
17 20 9
12 15 19
17 18 5
20 22 11
14 17 15
22 0 1
18 21 9
4 8 5
13 14 3
2 6 11
10 13 6
11 15 19
21 2 19
14 17 10
3 6 8
20 22 11
8 11 16
5 8 6
21 1 3
15 18 9
17 19 5
23 1 11
19 20 11
19 23 5
9 12 19
14 17 4
5 9 11
2 5 15
2 5 10
22 1 5
2 5 10
22 2 12
6 8 15
2 6 7
18 20 19
5 7 17
7 10 5
4 7 8
15 18 13
1 5 3
9 11 17
23 4 9
7 10 10
8 11 13
9 11 14
17 19 10
19 23 17
1 5 8
2 6 15
10 13 7
7 11 18
13 16 15
7 9 4
4 7 12
20 23 12
6 8 5
19 22 6
18 21 3
7 9 12
17 20 1
1 4 19
0 4 7
19 21 9
23 2 15
18 20 3
7 10 9
16 18 9
3 6 18
12 13 6
21 2 8
3 8 5
11 15 4
5 9 11
21 1 12
17 20 12
0 4 4
18 21 3
5 8 6
8 11 13
10 12 9
15 18 14
0 3 12
21 1 13
20 21 6
20 23 12
4 5 14
0 4 8
0 4 11
16 20 17
13 17 14
21 0 19
18 21 5
16 20 16
2 4 1
4 9 12
17 21 1
17 20 4
1 5 10
19 20 15
10 14 11
8 10 15
17 21 18
1 5 17
0 2 12
19 22 8
2 6 18
9 11 14
23 3 3
21 1 1
23 0 13
17 19 7
18 22 2
12 16 1
12 16 14
2 6 19
7 10 16
15 19 15
14 18 10
17 20 5
20 1 3
4 8 2
18 21 11
13 15 19
3 7 13
4 6 4
8 12 1
23 4 9
4 7 6
14 17 16
10 14 9
13 16 12
9 12 7
20 0 19
21 23 18
23 1 11
8 9 7
18 20 6
3 5 4
7 10 13
22 0 8
13 16 12
20 20 17
10 14 17
10 13 16
18 22 2
10 13 3
21 0 8
17 20 19
22 0 4
1 5 15
9 12 19
1 4 16
6 10 16
1 5 11
11 16 18
11 14 15
6 7 7
19 22 18
11 15 8
19 21 5
18 22 7
19 23 1
4 6 17
0 4 16
16 22 8
3 5 16
10 15 3
15 20 17
10 15 13
19 23 7
7 10 6
17 19 16
9 14 4
20 23 9
12 14 3
17 20 18
14 17 1
2 5 15
4 7 19
14 18 3
20 0 13
15 16 16
6 9 1
1 3 3
6 8 11
5 8 5
14 17 7
22 3 15
22 0 18
8 10 15
0 3 8
14 16 17
2 5 8
7 12 12
7 11 11
7 11 9
9 13 5
0 4 7
6 8 6
4 7 9
22 1 4
3 7 1
2 5 12
2 3 8
0 0 19
12 15 17
15 18 13
13 16 9
11 14 5
19 21 2
1 5 1
10 16 18
7 10 12
14 17 4
4 7 12
12 15 15
3 7 11
1 4 8
8 11 5
17 21 17
21 0 12
8 11 8
15 17 18
15 20 17
10 12 16
3 7 4
10 13 11
18 22 9
18 23 11
8 10 15
23 1 12
4 7 5
22 2 12
22 2 17
18 21 1
0 3 10
7 11 1
17 19 12
19 23 19
22 1 18
20 22 17
3 8 7
1 4 1
10 12 17
1 4 5
16 17 11
13 15 17
3 7 11
1 3 6
14 19 1
5 8 17
1 3 11
23 3 13
19 23 3
5 8 3
2 4 8
15 19 6
10 14 12
19 20 3
11 13 16
11 14 17
11 13 13
4 6 3
13 18 7
13 17 9
8 11 3
14 17 2
3 5 12
2 6 16
3 7 5
9 13 7
19 23 2
6 9 18
5 9 6
20 22 9
9 13 18
6 10 3
12 16 13
11 16 2
21 0 4
22 0 11
17 19 15
2 5 14
15 19 16
4 8 14
1 4 3
2 4 17
20 22 6
10 13 3
19 21 14
13 15 14
4 7 13
9 12 19
22 2 10
19 23 2
21 23 9
19 22 15
18 19 13
19 23 14
12 15 4
12 13 13
15 18 18
6 10 9
18 23 2
16 20 8
17 20 10
0 3 17
0 3 1
4 7 3
21 2 10
2 2 11
7 10 19
21 1 10
19 21 6
0 3 15
20 23 3
0 4 2
14 17 3
23 2 4
0 3 2
11 13 1
8 11 2
20 0 11
21 0 5
13 16 5
9 11 7
22 23 11
2 5 1
15 16 6
16 18 17
5 9 7
13 14 14
19 23 11
15 19 14
15 18 18
9 12 10
17 21 14
18 22 3
12 15 5
14 18 17
21 0 4
22 1 10
12 14 1
17 20 11
2 4 12
20 0 11
11 15 15
13 15 1
15 18 10
0 3 5
9 11 13
5 7 17
9 11 18
21 1 12
18 22 15
6 8 8
2 4 2
0 1 10
13 17 13
8 11 11
11 15 16
14 17 9
14 19 7
19 0 14
2 7 2
2 5 12
8 12 3
4 7 12
22 1 12
17 18 13
12 16 19
18 22 9
10 15 17
12 15 3
3 4 5
23 0 7
16 19 1
15 19 4
5 8 4
22 1 16
22 3 1
4 7 7
4 8 1
18 21 18
1 4 17
4 7 4
14 18 8
9 12 6
11 13 16
12 14 5
12 16 10
14 17 17
11 13 3
5 7 13
9 12 14
18 21 9
10 13 13
19 23 19
5 8 12
21 23 18
0 3 13
11 14 7
21 23 4
19 22 2
14 18 16
0 5 17
9 12 15
10 13 18
16 17 2
8 11 19
20 22 6
9 13 9
14 18 5
9 12 15
8 10 14
1 4 18
22 23 5
12 13 17
18 22 14
23 2 2
7 10 2
12 16 8
14 17 3
5 7 5
9 11 9
16 19 8
10 13 16
23 3 12
20 22 15
7 10 10
19 22 2
17 20 12
15 18 10
13 15 12
23 1 10
0 2 19
1 3 6
18 21 7
20 23 10
7 10 9
9 15 12
18 23 12
20 23 16
17 20 11
18 19 14
6 10 18
16 16 18
21 23 3
13 17 15
3 6 9
13 16 4
10 11 9
4 8 6
4 8 6
8 12 13
11 14 16
22 0 6
4 6 2
2 7 5
16 18 12
1 4 15
14 17 7
11 14 18
12 13 14
22 2 13
7 10 13
7 10 19
21 23 9
14 16 17
18 21 6
16 20 6
20 23 19
18 22 1
22 1 8
8 10 10
15 19 14
4 7 11
21 23 7
3 8 10
20 23 7
6 9 2
0 3 10
4 7 14
14 17 8
23 2 4
7 9 9
10 12 1
18 22 8
20 23 5
0 3 5
19 20 19
13 17 19
14 16 12
17 19 1
19 22 18
21 23 3
4 7 2
1 3 6
14 15 9
19 22 3
0 3 18
20 0 6
2 5 6
5 8 10
1 6 7
20 22 16
11 14 10
20 22 10
4 7 8
16 19 15
23 2 15
14 15 6
15 18 3
13 17 13
13 16 13
4 6 3
21 0 7
7 11 3
2 5 11
9 12 17
13 16 14
9 13 18
8 12 18
3 6 8
13 16 3
11 13 17
19 21 16
18 20 15
4 6 4
19 23 4
10 13 1
20 22 3
16 18 9
13 17 18
8 11 18
22 1 10
5 8 7
15 18 1
11 14 3
3 6 14
23 3 2
14 16 10
21 0 12
12 15 3
6 8 4
7 10 14
14 17 6
1 4 18
16 18 3
1 4 10
10 11 12
0 3 19
12 16 11
13 18 4
0 3 1
21 0 8
22 1 11
0 2 13
22 0 18
5 7 15
4 5 2
14 16 5
12 15 16
3 7 10
10 14 4
17 21 1
14 17 18
3 8 8
19 23 17
9 13 1
7 10 7
14 15 4
23 3 7
3 7 16
0 2 14
10 14 10
21 23 16
9 13 19
20 23 7
12 15 16
10 15 19
5 8 9
0 4 16
23 1 16
7 11 12
21 0 6
22 3 1
20 23 16
11 15 12
16 20 6
10 15 14
20 22 8
9 12 9
17 21 14
4 6 13
5 10 1
9 12 10
20 22 16
12 16 17
7 9 16
10 12 2
13 14 10
12 15 3
11 14 11
3 6 13
2 5 2
23 2 3
1 4 4
18 21 12
23 2 3
15 18 8
13 17 1
17 20 17
12 15 11
12 16 12
16 19 4
3 6 5
9 13 6
18 21 15
3 6 13
14 18 9
18 21 12
20 23 19
12 15 18
12 15 5
14 17 12
0 2 3
20 22 17
23 3 9
6 10 12
16 20 1
11 14 10
20 23 4
14 19 17
17 20 11
5 7 16
17 21 11
9 11 16
19 23 1
22 2 11
18 20 17
7 9 5
5 6 6
19 21 16
20 0 4
6 9 14
8 11 19
22 0 13
11 14 19
9 11 17
22 1 18
2 7 16
20 0 5
6 10 9
7 9 13
19 21 7
19 22 9
2 4 17
21 0 6
6 10 10
21 22 8
23 1 10
5 7 13
17 20 7
21 23 7
20 23 18
6 9 12
15 19 3
2 5 9
16 19 18
8 10 6
7 10 17
20 22 16
4 9 14
15 18 13
14 18 16
11 15 4
4 8 15
17 19 7
17 18 7
19 22 9
14 16 16
8 11 7
18 22 16
23 2 10
3 6 19
22 2 18
20 0 15
18 20 17
11 12 17
23 2 18
11 14 3
19 22 16
13 17 5
11 13 9
8 12 12
7 10 8
0 2 1
11 14 18
15 18 12
1 4 2
11 15 3
11 15 3
10 14 11
11 15 5
2 4 12
10 13 18
11 14 17
10 14 18
21 23 10
11 15 10
12 14 13
19 20 2
22 0 11
20 22 9
13 15 13
19 23 8
9 11 3
18 22 3
8 11 18
3 6 1
9 12 5
17 21 1
11 13 9
19 22 11
8 10 1
19 21 17
4 7 18
9 11 1
22 1 13
5 7 16
5 7 10
12 14 11
12 15 13
15 18 19
18 21 12
2 6 9
21 22 7
11 14 9
2 4 10
1 4 11
12 17 18
22 1 13
12 15 11
19 22 7
10 13 16
3 7 16
0 3 9
5 7 2
10 13 6
6 9 4
3 5 16
17 20 19
4 8 1
4 5 18
8 11 5
5 10 9
14 19 13
23 2 11
6 10 7
12 15 4
5 7 19
8 11 12
3 6 13
23 2 11
8 13 15
13 16 14
11 14 13
20 0 3
11 13 6
19 21 10
10 13 15
3 7 17
4 6 7
12 15 10
0 3 16
12 16 11
19 20 3
0 2 9
11 14 1
15 18 6
14 18 3
7 9 11
1 3 16
13 17 2
8 12 7
4 8 13
23 3 7
5 8 13
0 5 2
11 15 8
0 3 6
22 1 2
7 10 14
1 4 2
7 11 19
22 0 5
21 22 6
14 17 14
17 18 6
16 18 2
9 12 4
15 17 1
7 11 14
12 16 11
20 1 3
4 7 17
8 12 2
15 18 9
11 13 19
9 10 13
8 11 15
1 3 3
8 12 11
9 12 16
19 23 14
13 16 4
4 5 2
17 21 4
20 22 10
20 0 8
10 13 2
12 13 9
16 19 19
13 15 6
15 18 10
17 21 11
16 18 5
5 7 8
7 7 5
14 17 14
12 14 4
19 21 19
20 23 6
0 2 3
8 11 5
17 19 7
15 17 10
16 21 4
17 20 7
22 1 14
15 18 9
7 9 8
17 21 2
1 3 4
10 12 17
3 7 18
17 21 13
2 3 7
20 0 2
3 8 6
2 5 19
12 16 2
18 19 4
13 18 3
21 1 7
16 20 14
1 6 8
15 18 15
23 3 11
22 0 3
21 0 4
3 6 11
7 8 11
14 18 17
18 20 10
9 13 16
21 0 15
12 15 3
2 6 11
5 8 5
4 6 1
20 22 12
18 22 11
0 2 17
5 8 6
8 12 3
16 18 2
23 2 5
4 8 19
0 4 12
5 6 17
15 19 8
3 6 9
21 0 15
1 2 17
8 12 11
0 4 16
14 16 4
14 16 5
8 10 1
4 7 2
20 0 6
9 12 1
22 0 13
12 14 7
13 16 2
4 6 9
19 22 4
9 11 7
2 5 8
13 16 12
18 21 3
18 0 12
11 13 15
22 1 18
1 3 11
0 2 14
4 5 7
17 22 7
10 11 17
14 18 2
15 18 19
20 22 11
7 9 13
1 2 7
16 19 10
16 19 19
0 2 17
22 1 11
11 13 15
4 10 17
22 1 18
15 19 2
3 5 4
23 2 19
4 6 1
10 14 9
2 6 7
15 19 2
4 6 12
19 21 4
2 5 2
13 18 6
0 2 14
8 12 1
20 23 8
19 21 6
23 3 12
15 16 15
21 23 14
9 12 6
11 14 18
6 10 17
15 17 6
0 4 6
7 11 11
20 23 12
21 23 2
5 8 7
16 19 14
9 11 17
0 3 10
15 16 16
20 23 1
10 12 8
20 1 13
12 16 5
9 10 15
11 14 16
23 3 5
4 8 8
5 7 5
3 6 5
2 5 19
17 20 4
23 0 1
7 10 16
11 13 4
17 20 3
14 18 15
8 11 16
16 18 15
19 23 15
22 0 14
5 7 4
23 1 19
12 15 12
9 11 5
4 6 5
22 2 9
12 15 15
12 16 13
11 15 12
9 10 14
9 13 3
7 10 11
23 3 12
12 16 1
23 1 17
12 16 14
3 5 10
5 8 2
12 15 17
16 19 16
3 5 1
1 5 6
21 1 5
14 19 19
16 19 8
23 2 14
4 7 8
21 0 7
8 12 7
3 7 1
14 18 7
10 12 4
8 10 17
6 10 6
9 12 3
3 8 2
12 17 17
0 3 12
12 15 14
18 21 9
10 16 1
10 12 10
9 11 1
0 3 19
17 19 4
6 9 16
7 10 15
1 4 11
18 20 11
12 15 1
12 15 17
12 14 12
19 0 7
8 8 5
18 20 17
22 0 2
0 3 7
20 22 19
20 23 2
11 13 19
1 5 1
15 18 12
20 1 17
10 12 11
8 12 18
13 18 5
19 21 8
9 13 13
16 21 17
21 22 6
16 20 6
13 17 6
22 2 6
16 18 5
9 13 12
22 2 9
22 1 10
4 8 12
16 21 14
1 3 18
10 12 1
20 23 13
9 11 1
7 12 15
20 23 13
16 20 19
9 12 11
15 17 10
6 9 1
17 19 1
22 2 15
5 8 11
16 18 16
2 4 5
11 13 7
6 10 6
5 8 5
18 22 11
6 9 2
10 13 2
21 1 1
7 11 12
7 9 10
20 23 8
12 13 5
5 8 10
10 15 8
2 5 1
19 22 11
9 12 19
8 10 13
1 4 7
20 0 5
8 11 5
9 12 18
9 13 10
17 20 7
11 14 8
10 12 1
16 18 12
6 9 9
16 18 1
11 14 17
8 12 3
11 11 17
20 0 10
15 19 3
14 17 18
5 8 14
7 10 18
12 15 6
17 21 2
19 22 16
5 8 1
4 7 15
20 0 10
15 18 19
9 13 4
15 16 1
13 16 11
18 22 6
1 4 8
13 16 17
17 18 8
18 21 2
2 5 17
10 12 18
7 11 10
17 20 16
20 22 13
23 2 8
20 21 11
18 22 16
8 11 3
16 20 2
11 14 13
14 16 4
16 17 5
14 17 1
11 13 4
6 8 13
12 14 13
10 11 13
19 22 7
13 15 14
6 10 5
5 7 3
4 7 6
9 14 16
11 13 19
11 13 15
19 23 13
16 17 1
11 14 15
23 3 4
10 14 11
14 17 5
9 14 8
9 13 4
18 22 19
16 19 7
1 3 9
12 15 5
12 15 19
13 19 9
23 1 17
12 15 7
19 22 4
14 18 6
12 15 2
15 15 17
10 12 15
2 6 9
13 16 7
22 0 3
3 7 3
7 9 6
5 8 14
19 21 11
8 11 8
7 10 15
5 8 2
15 17 17
12 15 13
14 17 17
21 0 1
1 5 5
14 18 11
19 0 9
6 8 3
15 16 6
23 3 2
10 14 14
21 23 15
2 7 6
20 0 15
10 12 18
6 11 13
17 19 4
21 23 19
10 13 8
4 6 18
21 23 8
3 5 2
19 22 11
23 4 19
20 23 2
8 11 18
23 3 8
9 12 5
21 0 8
20 23 19
13 17 18
8 11 17
14 18 8
