250 9
9 6 10 4 2 10 8 6 5 
14 18 5
17 20 2
3 5 3
8 12 5
2 2 6
16 19 9
1 2 7
3 6 1
23 2 3
14 16 8
1 3 9
5 6 3
5 7 2
17 21 6
12 15 4
12 14 6
12 16 4
15 19 8
4 7 6
21 0 6
15 17 3
11 14 4
5 9 7
19 20 4
3 5 6
17 20 8
7 10 7
15 17 7
4 7 9
3 6 4
0 2 3
8 11 2
7 10 9
17 20 5
6 7 9
4 6 4
21 1 3
21 0 6
10 14 5
14 18 5
3 6 4
5 7 6
1 5 8
18 20 2
0 3 6
12 14 3
2 4 4
5 8 8
4 6 9
23 2 1
10 11 6
19 22 8
0 4 5
9 13 8
18 22 3
12 15 6
1 5 8
5 8 1
2 5 4
13 16 3
3 7 5
21 0 7
20 0 2
19 22 4
4 6 1
6 10 9
1 3 2
22 1 2
6 7 1
0 1 5
5 7 1
6 10 6
6 10 3
7 10 2
22 1 4
8 10 8
9 10 8
11 16 8
9 11 2
9 14 7
9 11 4
9 10 6
21 23 1
22 2 3
11 13 3
2 5 1
10 12 6
6 10 6
7 10 1
17 20 3
14 16 7
13 14 4
15 18 2
6 10 7
18 21 3
7 10 7
9 12 5
0 3 6
3 7 8
6 10 5
21 1 3
17 20 9
3 6 6
19 22 5
19 22 8
23 2 5
0 4 8
6 7 1
20 0 7
23 0 1
14 18 4
17 19 5
2 6 1
7 10 2
21 23 4
21 1 7
4 8 5
21 23 3
5 9 8
14 16 7
2 4 6
10 13 2
13 17 1
11 14 6
15 18 4
14 17 4
17 20 7
0 3 4
22 2 3
18 22 2
15 16 8
2 4 2
3 7 3
22 1 1
11 14 5
14 19 3
3 5 6
19 22 6
7 12 5
15 18 1
4 9 5
21 0 6
14 17 4
19 22 8
5 8 3
2 3 9
5 8 7
0 5 6
11 13 2
5 9 3
2 6 7
5 6 8
15 20 6
4 7 6
21 23 2
0 3 5
11 15 4
16 21 4
13 16 5
22 1 1
4 9 6
14 14 9
11 15 5
18 21 6
5 8 3
4 7 7
19 22 8
3 8 3
9 13 9
10 13 4
17 20 9
22 2 4
14 17 8
5 7 7
14 16 9
6 8 2
16 17 5
16 18 5
23 3 9
18 22 6
1 3 8
13 17 8
19 22 2
1 4 2
13 16 6
5 7 8
9 11 9
3 8 6
1 5 5
11 14 2
16 18 1
6 10 3
13 17 1
5 7 1
13 14 1
2 5 4
11 14 5
7 11 1
16 22 8
20 23 7
0 2 6
6 11 5
12 17 9
2 6 5
17 19 2
12 16 6
0 2 1
15 19 2
22 1 1
15 18 9
11 16 4
2 5 6
15 18 8
12 15 1
3 4 8
1 4 4
12 15 3
9 13 5
20 23 9
7 11 7
23 1 5
20 23 3
1 5 9
6 9 5
4 7 1
1 3 5
13 15 1
18 21 6
4 8 6
15 18 5
7 10 6
14 18 8
0 4 4
15 18 8
10 13 6
13 17 8
4 8 9
5 10 5
0 3 1
4 8 7
22 1 5
5 7 9
13 14 9
19 22 1
5 7 3
3 5 4
1 4 4
8 10 5
10 12 8
4 7 7
