950 6
3 10 2 3 3 6 
21 0 1
12 16 4
10 13 6
11 15 4
11 14 3
5 7 3
20 21 5
23 0 6
22 0 5
13 15 3
2 5 4
5 9 1
4 7 4
17 21 4
6 8 5
14 17 6
14 17 5
7 11 1
19 23 3
5 8 1
12 14 5
1 5 3
8 11 6
5 9 5
16 21 2
18 22 2
19 22 3
6 9 3
18 20 2
2 6 4
9 11 6
11 14 4
4 8 3
22 2 5
12 13 3
20 23 5
10 12 6
22 3 6
20 0 3
14 17 2
13 16 5
13 18 5
17 21 2
9 11 4
11 13 6
11 15 6
21 23 3
19 21 3
9 12 2
5 8 5
13 17 5
9 11 2
6 9 5
10 11 6
3 5 2
4 6 6
10 14 6
13 17 2
21 2 1
0 3 5
20 22 3
7 10 2
7 9 1
13 15 5
21 23 3
14 16 6
13 16 5
5 8 5
3 7 2
1 2 5
8 12 4
17 20 5
11 15 6
17 20 1
8 13 1
22 0 1
9 13 6
16 19 6
22 23 3
3 6 1
2 6 3
21 1 2
8 11 5
9 12 1
10 13 3
12 17 3
3 6 5
3 4 1
15 17 5
20 0 1
23 2 6
18 22 5
23 3 3
19 22 6
6 10 4
10 14 6
3 6 5
0 4 1
18 22 5
23 1 2
5 9 6
1 4 2
21 23 3
4 8 5
16 19 1
9 13 4
0 2 5
11 13 5
0 2 4
5 11 4
23 2 1
7 11 6
23 2 5
15 17 3
7 10 3
12 15 6
3 7 3
11 13 5
10 13 1
21 23 1
21 23 3
23 1 1
11 12 2
22 1 6
14 18 4
15 18 1
3 6 6
21 0 6
20 0 5
2 3 5
6 10 6
15 21 5
3 8 4
21 1 2
12 15 1
10 12 6
10 11 1
16 20 4
8 9 1
10 13 3
20 20 1
2 5 6
15 17 1
2 3 4
19 21 2
17 19 4
23 3 3
12 16 4
2 7 6
11 14 6
13 16 1
5 10 1
1 4 6
14 16 2
20 23 4
16 18 3
6 8 5
9 12 4
2 6 5
9 12 6
13 15 4
17 21 1
22 0 1
7 10 4
3 5 5
23 2 4
23 2 1
15 18 3
14 18 5
13 16 3
14 16 3
18 21 1
8 10 1
15 18 1
21 0 2
5 8 5
2 4 2
20 23 4
5 9 6
22 0 3
21 0 3
13 16 2
15 17 1
3 6 6
6 9 3
12 15 1
7 10 1
16 18 4
5 7 2
5 5 3
6 9 2
17 19 3
7 11 2
16 19 1
21 0 5
12 14 2
0 4 3
22 3 4
0 3 5
16 19 4
7 9 6
20 22 4
5 7 3
4 7 3
1 6 3
1 5 6
22 0 3
11 14 1
5 7 4
1 4 3
9 11 4
13 15 2
15 17 4
14 16 6
0 3 3
23 2 3
3 7 2
13 16 2
22 1 5
6 8 2
23 2 6
21 23 3
18 21 1
7 11 5
16 18 2
0 2 4
12 14 6
15 18 3
16 19 5
19 21 5
14 18 3
6 7 1
21 0 4
13 17 2
4 5 2
1 3 6
1 5 5
3 6 3
13 14 3
10 13 2
15 18 4
18 23 1
20 23 5
9 13 1
14 18 6
20 23 6
21 23 3
12 15 6
10 14 2
12 15 4
21 1 2
14 17 5
14 16 5
5 10 3
17 20 1
1 5 4
11 14 6
0 4 5
15 18 5
18 21 4
17 18 6
13 16 6
13 16 5
20 22 1
21 0 3
22 3 2
16 19 4
6 9 5
23 1 3
1 4 2
11 14 2
1 3 2
22 1 3
13 18 2
20 0 3
23 2 2
6 8 6
2 5 4
1 4 4
22 0 4
3 5 2
12 18 4
23 2 6
3 4 5
11 14 2
1 4 6
9 11 4
15 17 6
1 3 1
5 8 2
11 15 6
0 4 3
3 7 1
4 10 5
13 17 5
11 12 2
3 4 5
5 8 4
17 21 2
3 6 2
15 18 4
3 6 3
7 10 2
16 21 3
3 5 6
9 12 1
22 1 5
8 10 3
17 20 5
10 13 2
8 11 3
13 16 6
22 23 6
8 9 5
14 16 2
4 8 5
8 12 4
13 16 4
23 3 6
15 17 3
3 5 6
21 0 1
11 13 3
7 9 4
7 10 3
12 16 1
23 1 6
8 12 1
8 11 6
6 8 3
20 0 5
10 13 6
8 12 4
15 19 2
12 15 1
6 9 3
14 17 4
8 12 1
5 7 2
12 14 1
0 2 2
11 15 3
10 12 4
12 17 5
14 18 5
10 14 4
3 5 5
2 4 4
6 9 2
5 8 4
16 21 5
12 13 2
10 14 5
1 6 2
21 0 2
15 18 5
21 23 6
3 5 5
0 3 1
16 19 6
3 8 6
2 6 4
9 11 3
1 3 1
8 11 4
19 23 6
1 3 6
8 12 3
11 13 5
18 22 1
0 4 5
1 3 5
4 7 6
13 17 1
12 14 3
17 19 2
11 15 6
4 9 3
8 11 1
5 8 6
2 5 5
12 14 6
10 12 6
6 8 3
21 23 3
10 13 2
0 2 4
9 12 5
12 14 6
2 5 4
8 10 2
16 20 4
4 7 4
2 5 4
6 9 6
8 11 3
7 10 4
1 4 4
3 5 3
4 8 4
23 2 6
22 0 3
21 0 5
16 19 6
14 17 3
6 9 3
21 0 1
3 6 5
7 10 5
1 4 6
22 2 6
12 16 4
15 19 4
18 19 2
21 0 2
23 2 6
4 7 3
16 19 1
22 1 3
9 13 3
5 8 2
21 23 1
21 0 4
16 16 5
23 0 5
18 19 4
14 18 4
13 17 5
6 10 5
15 19 2
9 13 5
2 4 3
11 13 3
11 13 6
10 13 4
22 0 1
9 13 5
6 10 1
8 11 2
1 4 5
21 0 4
7 9 2
10 14 4
16 20 6
8 9 6
22 2 5
5 8 5
18 20 1
11 12 5
23 2 5
23 2 4
14 18 2
16 21 5
18 21 4
11 15 6
19 22 1
16 19 2
17 21 5
15 18 3
9 12 1
21 1 5
23 3 3
2 4 1
12 14 6
18 23 5
8 11 6
0 4 6
6 9 3
1 5 4
9 13 2
22 1 3
16 19 5
6 10 2
6 8 1
19 22 6
14 17 4
11 13 3
18 22 3
20 23 5
14 17 2
18 20 2
13 16 2
6 10 3
18 22 4
16 20 1
15 19 5
12 15 4
10 14 5
10 13 2
21 0 2
1 4 6
10 13 1
13 16 6
13 16 3
20 23 3
15 20 5
22 1 2
16 21 4
22 1 2
18 20 6
11 13 6
0 4 5
15 18 3
21 1 1
21 23 3
17 19 1
6 10 5
17 19 3
21 0 3
19 23 3
18 22 5
11 14 2
0 5 6
11 15 4
4 9 2
11 14 4
19 22 4
13 16 5
15 17 3
22 23 6
10 13 4
15 18 5
2 5 4
3 5 5
8 13 1
14 17 6
5 9 3
21 1 6
0 3 1
4 7 3
22 2 4
11 15 6
2 6 1
2 4 1
7 9 4
23 2 3
17 21 4
11 13 2
10 12 1
12 14 1
14 18 3
5 9 1
4 7 3
11 12 6
2 5 5
10 13 4
15 17 1
15 18 2
12 15 3
19 0 4
0 4 2
21 23 5
0 3 3
23 0 2
15 19 3
19 1 4
4 6 2
7 9 5
15 18 1
21 0 6
21 2 3
17 22 3
21 23 4
9 12 5
20 23 3
23 2 2
4 5 1
13 17 2
19 21 3
22 1 2
20 23 3
12 13 5
11 14 5
10 13 5
7 10 4
10 13 2
8 10 6
7 8 5
7 12 2
13 15 4
20 0 5
19 22 6
14 16 2
5 9 2
10 13 3
16 19 3
1 4 6
1 3 5
8 14 2
4 9 6
15 17 4
13 16 3
22 1 6
17 21 3
14 18 5
6 9 4
23 3 1
9 12 1
17 18 5
1 4 5
2 5 4
1 3 2
1 3 3
10 12 3
18 21 3
1 3 1
8 10 6
19 22 5
4 6 6
5 8 5
15 18 6
15 18 6
18 22 2
4 8 2
15 17 2
3 7 2
15 17 4
23 4 4
21 0 1
3 5 2
2 5 5
18 21 4
6 10 2
5 8 6
16 19 2
6 7 2
19 23 2
21 23 3
15 19 3
23 2 4
11 13 3
6 11 6
7 10 6
13 15 6
9 14 4
13 17 2
6 9 3
13 17 6
19 23 1
8 11 4
2 5 1
13 17 2
0 1 2
1 3 4
0 4 3
17 21 1
10 12 2
10 13 1
14 17 4
7 9 6
7 10 5
22 2 4
20 0 4
12 15 6
6 11 2
21 1 4
10 14 5
4 7 4
4 6 6
13 16 2
6 9 5
9 12 4
6 9 1
10 12 5
1 4 1
22 1 1
1 4 3
18 21 4
4 8 4
3 6 4
14 18 5
3 7 3
15 16 4
5 9 4
4 6 6
15 17 2
7 11 5
9 13 4
21 23 3
8 11 2
5 9 5
1 5 2
13 18 2
0 3 1
9 11 1
4 5 2
11 11 1
11 14 5
19 22 5
21 23 3
22 2 4
0 2 3
18 21 4
1 2 3
19 22 2
5 8 6
7 10 2
1 6 2
15 19 3
1 3 3
20 21 5
2 4 2
7 9 3
2 6 1
14 17 1
0 4 3
23 3 2
3 6 5
0 3 4
20 22 2
14 18 2
17 20 6
3 6 1
0 1 2
9 13 2
12 14 6
4 7 2
5 8 6
6 9 2
16 19 3
21 0 5
22 2 1
8 11 1
5 7 2
11 16 4
3 5 6
12 16 1
11 14 5
7 8 5
14 15 1
2 6 1
12 16 6
10 14 3
9 12 3
3 5 3
7 8 4
17 21 1
12 16 5
9 13 6
17 21 2
18 22 3
0 3 5
9 13 3
1 4 5
15 18 3
16 17 4
13 15 6
14 17 2
18 19 4
7 11 3
5 8 1
2 5 3
2 5 2
9 13 5
20 22 4
0 0 1
20 23 3
5 8 2
23 3 6
0 2 1
2 6 3
3 6 6
1 4 1
19 21 6
13 18 3
23 3 2
8 13 2
9 13 1
15 17 5
11 15 5
8 11 5
3 6 3
11 15 4
19 21 3
1 4 1
4 8 3
4 7 3
5 7 4
8 11 1
3 6 4
5 10 2
3 4 5
16 19 1
23 4 5
19 22 5
5 7 2
2 4 4
0 3 1
11 14 4
20 23 5
18 22 3
5 10 4
19 21 6
11 15 1
9 12 2
13 18 4
8 9 1
8 9 5
9 13 4
7 9 2
16 19 5
20 22 4
5 8 5
8 10 2
13 16 4
10 13 1
8 10 1
2 5 6
2 4 3
22 2 1
1 5 5
8 11 1
8 11 4
9 14 4
12 15 1
16 19 5
18 22 1
3 6 5
12 15 6
19 22 1
19 23 2
8 12 5
6 11 5
16 19 6
22 0 6
5 9 4
12 14 4
12 16 5
19 21 4
3 6 1
15 19 6
9 13 6
22 1 5
14 18 5
8 11 5
10 13 3
0 3 5
18 23 6
1 4 3
12 17 1
7 10 3
0 2 6
9 12 6
10 12 6
11 15 3
7 9 4
1 5 6
10 14 2
23 0 1
15 19 3
19 21 6
7 10 3
2 6 3
18 20 6
21 0 3
9 11 4
2 5 1
10 13 1
16 20 2
4 7 1
11 13 1
17 22 5
0 3 2
3 5 1
13 17 1
14 19 1
6 8 1
8 12 2
2 5 3
23 2 1
5 7 5
18 20 5
1 6 4
17 22 2
21 22 4
4 7 2
12 13 2
17 19 3
0 0 3
14 16 4
18 22 5
22 0 5
20 0 6
9 12 3
10 13 3
12 16 1
5 8 1
23 3 4
18 22 3
6 9 1
8 13 2
20 23 1
7 9 4
5 9 1
19 21 1
11 14 4
14 16 4
1 3 2
1 5 1
20 0 1
19 22 4
14 17 3
18 19 3
14 16 2
11 15 2
2 5 3
22 0 3
18 22 1
12 15 2
4 6 4
16 17 5
9 14 4
21 23 3
20 1 4
16 19 4
10 14 1
8 11 5
0 4 2
21 1 3
13 16 6
15 19 2
15 17 6
17 20 3
18 21 3
9 12 4
4 5 6
6 9 2
1 5 1
6 10 3
1 4 5
15 19 2
12 15 6
21 0 1
2 5 5
14 20 6
1 5 6
16 19 5
11 14 4
21 23 2
7 11 2
18 21 6
16 20 5
13 17 2
23 3 2
4 9 5
3 6 2
5 9 1
2 5 4
14 18 3
14 17 1
