1200 5
7 6 7 1 8 
21 23 3
23 3 1
3 5 1
13 16 2
11 14 5
9 12 1
15 17 2
18 20 1
2 6 3
6 8 4
0 3 3
14 15 5
10 13 4
13 16 4
3 5 5
17 22 1
0 3 4
16 18 5
20 23 1
14 19 1
15 19 3
1 4 3
18 21 3
10 13 5
17 20 1
23 3 3
22 0 1
6 9 3
20 23 3
23 3 1
1 4 1
5 6 5
16 19 4
18 21 1
0 2 5
4 7 5
6 9 1
16 19 2
18 23 1
5 10 1
18 21 1
1 5 3
19 22 3
5 8 2
12 15 2
13 15 5
6 9 2
10 14 5
3 6 5
6 8 3
22 4 5
8 11 1
3 7 2
2 7 2
9 10 5
0 5 4
10 11 1
2 4 5
4 7 4
18 22 1
0 3 5
5 8 1
8 11 5
15 19 5
6 9 3
23 2 5
21 1 1
1 3 5
21 0 3
16 18 2
7 11 1
5 7 4
15 19 2
1 5 4
1 4 2
14 17 2
12 16 5
3 6 1
3 6 2
6 9 3
1 4 5
14 18 3
13 18 3
6 10 2
15 16 5
12 15 4
1 3 5
11 13 2
3 7 3
6 10 2
19 22 5
14 16 5
22 2 1
19 21 1
6 10 4
17 19 3
23 3 4
5 5 2
3 7 1
1 5 3
1 5 2
15 19 1
13 14 4
13 16 4
14 17 1
8 12 2
22 1 1
11 14 2
11 14 5
23 3 1
15 19 3
6 8 5
1 4 5
2 5 2
3 6 2
5 9 4
3 7 5
10 13 4
13 16 3
9 11 1
11 14 3
14 17 5
1 5 2
3 6 4
19 22 1
13 15 5
12 14 5
16 18 2
20 0 4
20 1 2
1 5 2
8 11 3
17 19 4
16 19 1
13 15 1
21 0 1
23 4 3
13 15 3
9 12 3
20 0 1
17 20 4
21 2 3
7 10 5
21 23 1
16 19 4
6 11 1
7 11 3
15 19 5
22 0 2
2 5 5
7 10 4
11 14 1
14 17 4
2 4 4
14 18 2
3 7 4
5 9 1
2 5 4
16 20 2
12 15 5
5 9 5
11 14 2
13 17 3
16 18 4
12 14 4
1 4 2
16 20 3
7 8 2
5 9 2
21 0 5
21 0 4
1 4 3
12 15 1
5 8 4
16 18 2
14 17 3
1 6 5
6 11 5
14 16 3
23 3 1
8 11 2
18 21 1
10 14 3
15 17 4
20 22 5
16 18 1
5 8 5
0 2 3
0 3 3
19 23 3
22 1 5
23 1 4
23 3 2
17 19 1
9 13 2
11 14 1
5 7 5
5 7 4
19 22 1
1 5 4
10 13 2
4 7 5
3 5 1
20 22 4
7 10 4
21 1 3
4 6 5
16 19 3
11 12 4
2 5 4
23 1 2
15 18 2
9 13 2
13 16 2
18 22 1
3 6 5
8 12 3
21 0 4
18 21 3
20 22 2
13 16 2
23 3 3
18 22 5
11 15 1
13 16 4
6 10 5
9 11 2
11 13 3
13 17 2
14 17 4
23 2 3
17 21 2
20 22 3
8 10 3
10 12 3
20 22 2
5 7 3
18 21 2
4 8 3
18 18 2
12 16 5
17 17 1
9 14 1
11 12 2
7 10 5
19 23 3
1 4 1
8 11 5
4 8 5
16 18 2
10 14 3
2 4 4
13 16 2
8 13 4
7 11 3
5 9 1
13 18 2
0 4 1
15 17 4
0 3 2
10 12 5
3 5 5
3 6 2
20 21 4
11 14 2
20 21 3
19 22 1
18 21 4
22 23 2
16 18 2
3 6 5
2 6 5
7 9 2
19 0 5
12 15 2
19 23 3
7 10 2
20 23 1
22 2 5
0 2 4
3 5 1
3 6 4
22 1 2
9 14 5
17 20 3
12 15 5
17 20 4
5 8 5
18 20 1
12 14 2
21 0 2
15 18 5
13 15 5
1 4 4
13 15 4
16 19 3
6 10 5
20 22 4
14 17 2
7 12 1
21 0 3
19 22 1
11 13 2
5 9 3
5 8 5
23 3 3
18 20 3
20 23 3
20 1 3
12 16 3
13 16 4
12 14 3
20 23 5
3 7 5
21 1 3
15 18 1
9 13 5
1 4 3
4 7 5
3 7 1
1 5 4
13 16 4
15 19 4
17 19 1
19 23 5
6 7 4
7 9 3
8 10 1
0 2 4
17 20 3
9 13 4
9 11 2
5 9 1
18 22 4
1 6 1
18 19 5
4 6 5
14 16 2
14 17 2
21 1 2
4 7 3
1 4 3
11 14 1
2 6 4
20 0 5
2 4 1
3 8 1
1 4 4
6 9 1
20 23 3
8 10 3
10 13 1
5 7 5
15 18 4
10 12 4
20 23 4
23 3 2
4 7 4
1 5 3
4 7 3
14 17 3
7 12 3
3 7 5
5 8 3
3 4 3
21 1 5
1 4 1
10 13 5
7 10 1
11 14 1
8 11 4
22 1 3
23 3 5
19 22 2
9 12 3
14 16 1
10 12 1
21 0 2
2 5 5
13 17 5
13 15 5
1 2 3
2 4 5
2 5 3
18 21 2
11 14 4
17 20 5
13 17 5
22 1 2
14 18 2
9 12 5
4 7 1
17 20 4
2 7 2
18 20 1
11 13 3
4 7 5
8 9 2
0 2 2
10 12 4
23 0 5
6 7 1
3 7 3
10 12 5
21 1 3
8 12 4
6 7 3
2 5 2
23 4 2
15 18 2
16 20 1
13 17 2
5 9 2
2 4 2
10 13 5
17 21 1
18 20 2
21 22 5
8 11 3
20 23 3
16 21 1
7 11 2
4 6 3
6 8 2
6 11 5
5 7 5
13 16 2
11 15 3
18 22 1
4 6 5
4 6 4
22 0 2
5 7 2
13 15 1
20 22 1
14 16 3
21 1 2
9 10 4
10 15 3
2 5 5
21 1 3
13 17 5
15 19 3
0 2 5
10 14 1
3 5 2
19 20 5
17 20 3
22 1 2
16 20 2
8 10 1
16 18 4
12 15 5
5 8 5
20 23 2
10 14 5
18 19 4
11 15 1
22 2 3
22 0 5
9 12 2
3 5 5
23 0 2
21 23 4
10 12 4
17 23 1
8 11 5
20 23 3
17 20 5
12 14 2
3 6 1
10 12 2
8 12 5
0 3 1
13 17 5
6 7 4
14 17 4
15 17 4
9 11 1
15 17 1
14 16 3
16 19 4
17 20 5
2 4 3
4 7 1
22 1 5
5 8 5
8 11 5
22 1 3
7 11 4
1 4 1
21 23 1
6 10 3
22 1 3
6 8 1
10 13 5
16 19 2
9 12 5
9 13 3
20 23 5
2 3 4
21 23 3
10 13 3
8 11 4
5 8 3
7 11 2
18 20 4
22 1 5
23 1 2
8 9 2
7 10 1
3 5 2
15 17 3
23 2 3
2 5 2
1 6 5
4 5 1
4 7 4
18 20 3
10 13 4
2 6 2
23 2 5
23 3 5
3 5 2
11 15 5
2 7 4
13 15 4
16 19 4
20 23 4
17 21 2
18 21 5
12 14 4
5 10 1
7 10 1
23 2 1
19 21 5
4 7 2
6 8 2
5 7 1
22 2 2
7 10 4
9 12 5
5 8 1
6 8 5
13 15 5
13 17 1
8 12 4
6 7 5
17 20 3
6 10 4
3 5 2
16 20 1
23 3 4
1 5 3
4 7 1
12 16 5
6 9 3
19 22 1
0 3 3
14 17 4
19 23 4
4 7 3
17 21 4
1 5 2
13 15 3
8 12 3
0 2 4
15 18 1
17 21 1
0 2 1
12 16 2
2 5 2
19 23 1
18 19 2
2 5 2
10 11 5
10 13 4
3 6 5
23 3 2
15 17 1
10 14 4
6 9 5
4 7 2
11 14 5
13 16 5
2 5 2
5 7 1
20 0 4
9 13 3
15 19 3
13 16 3
15 19 1
15 19 2
11 14 3
20 23 1
19 23 3
0 4 3
2 5 3
16 21 2
3 6 1
1 4 1
7 11 5
19 21 5
5 8 1
23 0 5
12 15 2
23 3 2
0 3 2
9 13 3
8 11 2
15 18 2
20 22 3
0 3 5
9 11 5
0 3 5
19 23 1
18 21 1
7 10 4
13 16 5
23 1 4
19 22 5
23 4 5
7 10 2
10 14 3
21 0 2
18 21 4
11 14 3
14 17 2
3 7 1
8 11 3
21 0 1
15 17 2
20 23 5
8 12 4
3 7 3
4 6 3
6 9 4
21 1 1
15 16 5
4 5 1
0 3 2
9 12 1
5 7 3
3 6 1
5 7 5
19 23 2
14 17 2
5 9 1
11 13 2
1 3 2
20 22 4
4 8 1
5 9 1
8 11 5
5 8 2
0 1 2
17 21 3
8 9 3
20 22 5
4 6 3
0 3 1
11 14 3
11 13 2
20 23 4
20 23 4
4 6 3
19 23 2
0 3 1
5 7 4
22 0 2
10 12 4
7 10 5
5 9 4
22 1 4
15 17 3
16 19 5
2 4 2
5 7 5
13 16 4
5 8 5
3 7 5
2 4 4
23 2 4
13 16 3
20 23 3
19 23 3
23 1 3
18 21 4
20 1 2
18 20 2
12 14 2
7 9 3
4 8 1
12 15 1
5 8 1
7 11 3
12 14 5
15 18 2
1 3 3
6 9 1
11 13 3
14 17 1
19 20 2
19 23 5
0 3 5
1 5 3
1 4 5
7 10 3
23 1 5
15 16 2
2 4 1
10 12 3
2 4 2
3 6 3
22 0 4
21 0 2
13 15 4
5 7 5
0 3 2
11 16 5
1 6 1
3 5 2
2 5 3
18 21 4
8 11 1
7 11 1
10 11 5
4 7 1
12 15 5
8 11 4
10 12 2
0 2 2
1 4 3
8 10 4
13 14 1
16 20 2
10 13 1
20 23 3
3 6 1
5 8 5
13 16 2
11 14 4
7 10 1
14 17 4
23 2 2
8 11 3
8 9 5
2 5 5
21 2 1
10 12 3
10 13 3
20 0 1
9 11 4
7 9 5
6 9 5
19 0 4
10 14 4
8 11 5
5 9 3
21 23 1
23 2 1
8 9 1
7 11 1
16 20 2
23 3 5
16 20 4
14 16 3
19 20 1
17 19 4
18 0 1
19 22 5
14 15 1
13 16 2
19 21 1
15 18 4
9 12 3
13 15 1
7 10 2
22 0 2
4 7 1
21 0 3
21 0 3
2 6 5
11 16 5
0 2 1
2 5 1
1 3 3
9 12 2
7 8 3
7 10 2
0 4 1
5 7 4
0 2 2
8 10 2
14 17 3
20 23 1
9 11 1
19 23 3
22 0 3
4 6 4
22 1 3
2 5 5
11 13 2
18 19 3
2 4 2
2 4 4
0 5 4
6 8 5
15 19 2
14 18 4
15 17 5
14 18 4
6 9 5
6 8 3
20 21 1
4 8 4
0 3 3
15 17 1
0 3 2
21 0 1
18 23 5
8 11 1
8 10 1
14 18 2
1 5 3
9 13 5
22 1 3
11 15 1
18 21 5
1 4 2
2 6 2
23 1 2
15 17 5
22 23 3
16 19 3
7 10 1
10 12 2
17 22 4
21 23 2
20 1 5
12 15 1
22 1 5
17 20 2
3 4 1
11 15 3
3 5 1
0 2 3
16 20 1
11 17 4
7 11 5
10 13 1
6 9 1
11 11 2
16 19 1
11 13 5
20 23 2
23 3 1
19 0 1
21 23 4
15 18 3
23 1 4
15 17 3
8 12 4
3 6 3
3 7 2
18 23 1
2 5 3
17 20 4
19 23 2
12 15 1
21 0 1
18 21 5
10 14 4
5 7 2
9 11 1
22 1 1
13 15 4
12 14 1
11 15 5
12 14 5
3 4 5
19 23 3
4 6 4
3 5 5
22 1 3
4 7 3
13 15 2
3 5 1
10 13 1
1 3 2
14 17 3
15 19 2
4 5 2
20 2 2
7 10 3
6 7 5
10 12 5
9 12 2
18 18 3
2 3 4
8 11 1
1 5 4
13 16 1
0 3 5
13 17 4
1 4 3
10 13 4
3 7 3
6 10 4
12 14 3
3 5 2
9 12 1
17 21 1
10 14 2
8 11 2
4 6 1
2 6 3
5 9 3
10 13 2
7 10 4
23 3 4
21 23 2
11 14 3
18 22 5
8 10 5
9 13 3
3 7 3
22 1 3
18 22 1
13 17 3
7 9 4
6 10 4
16 17 5
4 7 5
14 18 2
20 23 3
11 14 4
10 12 1
10 14 1
5 9 3
8 13 4
15 17 5
17 19 3
5 7 3
13 16 4
5 7 4
10 12 2
14 17 5
9 11 4
5 7 4
14 19 2
14 18 2
11 16 5
12 18 4
18 21 4
5 8 5
19 22 5
2 6 1
7 10 5
4 6 5
10 12 3
1 6 2
18 22 3
7 11 1
3 6 5
13 17 5
14 16 4
0 2 5
15 16 4
19 20 1
13 17 1
9 13 2
8 12 4
15 20 1
18 23 4
11 15 3
21 0 3
11 16 4
9 11 4
5 10 4
15 18 3
8 10 1
17 19 4
6 8 2
6 9 3
21 0 4
19 23 1
6 7 1
21 1 4
15 18 5
10 14 1
1 4 4
12 15 5
11 16 4
10 12 1
12 13 5
22 23 4
10 12 2
23 2 4
19 22 5
9 13 3
13 16 2
9 13 4
8 11 1
21 0 2
12 15 1
18 20 2
20 23 4
5 7 2
16 19 3
15 20 4
7 10 2
4 7 2
16 21 3
7 8 5
13 16 5
12 15 5
23 3 2
6 9 4
3 5 3
10 13 3
21 23 4
20 0 1
5 10 4
2 6 5
10 11 5
5 6 4
15 18 2
4 8 1
22 2 4
23 2 1
5 7 2
22 0 3
2 4 5
23 3 4
23 1 4
12 14 3
19 22 3
16 19 3
19 20 3
22 1 5
17 20 1
13 17 5
11 15 2
17 21 2
7 11 3
3 5 5
13 15 5
2 5 3
20 23 2
23 1 1
4 7 5
7 10 1
13 15 1
18 22 3
18 21 5
11 14 5
14 18 5
10 12 2
21 23 3
1 3 5
14 16 2
10 13 4
14 18 1
2 4 5
0 3 5
4 7 4
17 20 2
20 23 1
10 13 3
21 0 3
7 9 3
2 5 4
23 3 2
0 3 3
11 15 3
20 0 1
19 21 4
6 10 2
23 2 2
18 21 1
22 1 3
6 11 3
18 22 2
7 10 2
16 19 4
21 2 1
18 19 5
8 10 3
1 4 4
4 9 1
11 16 4
4 5 3
16 19 2
21 0 4
9 12 2
11 14 4
16 19 5
13 17 2
12 13 2
23 1 1
2 7 5
1 5 2
14 16 3
3 6 1
6 7 5
19 22 4
18 20 1
17 19 5
12 14 1
18 20 2
20 0 4
23 2 2
11 13 2
13 13 1
19 22 5
14 16 2
19 23 4
13 16 5
7 11 1
13 14 3
15 17 4
21 0 4
17 22 5
20 23 1
7 8 2
21 0 5
3 8 5
1 4 3
13 17 1
13 16 3
22 2 1
18 23 1
7 13 5
0 4 3
2 5 1
21 1 5
6 7 5
20 1 3
14 16 4
11 16 5
22 1 2
21 0 3
1 5 1
8 10 2
12 15 1
2 5 1
1 4 5
0 1 3
4 7 4
18 20 5
2 5 4
16 18 3
4 7 1
4 7 1
14 18 5
15 19 4
5 8 5
7 10 3
6 10 3
11 14 2
23 1 2
22 23 5
15 16 1
21 23 1
2 5 3
20 23 3
5 7 5
7 11 3
18 22 3
22 0 2
4 6 4
9 14 5
18 22 3
4 8 4
0 4 3
23 2 1
17 20 5
23 3 5
18 19 5
12 15 5
9 12 3
15 17 2
18 20 3
20 23 2
10 14 3
2 4 2
20 1 2
5 9 3
3 6 4
9 12 2
22 0 3
18 20 5
19 23 2
19 22 3
9 11 4
18 22 5
19 23 1
23 2 3
4 6 2
