1000 15
7 2 4 3 5 3 3 4 1 9 3 10 7 5 7 
0 4 5
9 11 14
11 13 7
23 3 3
8 11 9
12 15 1
12 17 3
3 7 5
5 9 14
11 13 1
6 8 7
14 17 7
14 18 7
18 20 4
17 19 13
17 20 7
5 7 5
21 23 9
21 0 10
5 7 6
5 6 3
5 7 7
9 11 12
21 23 3
8 10 8
3 8 9
21 0 1
20 23 6
21 22 8
8 9 8
7 9 6
15 18 13
1 2 4
21 0 10
4 5 10
0 2 3
22 0 6
8 12 3
4 6 15
20 23 11
11 12 12
11 13 8
15 19 7
22 1 9
1 6 6
21 0 2
4 9 6
11 14 8
2 4 7
15 17 13
20 23 3
15 17 10
3 7 2
3 6 13
16 18 12
14 18 9
4 6 1
15 19 1
22 0 11
5 8 2
11 14 8
4 6 6
18 20 9
7 10 6
16 19 9
6 9 14
11 12 13
1 4 7
8 10 10
2 3 7
7 10 11
7 9 9
5 7 2
21 1 14
10 13 4
14 16 8
7 10 14
17 21 4
15 19 5
19 21 3
5 8 4
5 8 13
0 3 8
9 12 9
21 1 5
14 15 11
19 21 14
23 3 5
13 17 1
10 14 6
18 21 12
20 22 10
10 11 8
4 6 14
20 22 12
10 14 1
22 2 12
7 10 3
9 12 4
14 18 11
21 23 11
17 19 12
16 20 9
21 1 11
20 23 8
17 21 6
15 17 8
10 13 1
2 5 12
20 22 5
14 16 8
6 9 5
14 17 10
22 2 8
4 9 9
2 5 10
5 7 2
12 16 11
2 6 1
15 17 4
2 3 13
13 15 7
14 17 8
7 9 4
4 4 3
15 17 7
9 12 2
14 17 5
3 5 7
15 18 3
5 8 14
14 18 13
1 5 13
4 7 14
7 9 13
4 7 1
19 22 5
12 14 6
14 16 10
10 14 10
14 16 12
10 15 11
1 3 9
15 18 3
9 14 11
3 5 7
19 21 3
21 23 13
23 2 12
14 15 15
15 17 12
21 0 1
12 14 13
22 2 14
2 6 4
10 13 11
23 3 9
10 12 6
20 23 14
3 6 1
2 4 15
4 4 2
1 5 15
18 0 4
18 20 15
14 19 5
15 18 15
12 15 4
5 6 14
1 3 10
18 21 5
4 8 14
22 1 6
0 3 3
19 22 12
7 11 7
4 6 4
9 11 4
6 9 13
3 5 4
17 19 8
3 3 5
8 10 10
15 19 5
13 16 3
6 9 10
23 1 3
19 22 1
4 6 8
12 16 10
9 11 1
15 17 3
6 10 5
10 13 11
18 20 3
17 20 12
9 13 15
12 16 14
19 22 6
7 11 5
19 0 7
7 10 4
3 7 11
4 7 13
21 0 14
10 13 12
8 11 1
20 0 6
6 8 11
2 6 3
7 9 5
5 8 12
3 4 12
3 6 10
21 0 11
13 15 9
22 1 8
18 20 10
4 7 7
10 12 2
11 14 6
22 1 13
7 10 15
15 17 3
17 20 3
18 20 7
21 2 8
2 6 8
16 18 2
2 5 10
3 5 10
21 23 10
14 16 15
12 15 14
5 8 1
15 18 4
20 22 15
15 18 10
10 14 8
17 21 2
9 13 12
19 21 10
13 16 12
16 20 4
7 10 4
13 13 7
16 20 12
2 4 11
13 18 15
20 23 4
14 18 9
8 14 12
16 18 7
15 16 3
22 2 14
5 7 7
21 1 6
17 20 14
7 11 12
6 10 12
8 11 5
17 22 10
21 1 13
22 1 9
15 19 4
8 11 4
19 21 8
16 18 10
22 1 3
3 5 7
16 20 13
3 6 2
19 22 6
10 14 8
22 0 4
14 18 6
22 0 12
11 14 10
10 13 15
13 17 1
22 0 5
21 0 13
5 7 4
6 8 15
15 20 4
6 9 6
5 9 9
21 23 14
22 1 3
7 11 2
8 10 3
17 21 4
0 4 12
23 2 10
15 19 7
6 10 4
23 2 10
23 3 8
23 3 2
22 0 12
21 23 15
19 22 10
5 9 12
1 4 8
17 20 15
7 12 3
17 21 11
23 2 1
17 21 4
10 14 7
23 1 9
4 8 7
15 19 7
22 1 3
21 1 11
14 16 14
23 2 14
14 16 14
3 6 11
6 11 1
20 22 10
11 14 12
1 3 12
14 16 14
10 14 9
11 14 6
8 11 9
18 21 10
16 19 8
12 16 11
23 1 1
14 16 5
12 15 5
23 2 7
21 23 10
7 7 4
2 4 2
18 22 14
5 8 9
5 8 13
3 5 15
1 3 7
17 20 1
2 4 6
19 23 5
0 3 7
3 7 14
20 22 1
10 13 4
14 17 15
18 22 5
10 10 4
10 14 15
18 22 2
8 10 2
7 9 10
13 16 2
23 3 8
16 19 6
23 2 11
16 19 10
16 19 10
1 3 4
20 23 2
17 20 14
4 6 11
20 0 3
12 15 6
0 3 7
6 9 14
17 19 6
5 9 13
22 2 3
11 15 6
22 1 10
1 4 4
1 5 14
1 4 8
17 20 8
19 23 6
17 20 8
19 21 6
14 20 14
8 11 6
16 19 14
0 4 12
11 14 2
19 22 14
9 14 5
12 14 3
22 2 13
2 7 8
9 12 10
16 20 15
1 2 9
15 18 3
0 2 12
15 17 5
4 7 14
18 21 9
17 22 3
13 17 15
12 14 2
16 20 8
14 18 11
17 20 1
22 1 9
20 22 4
12 17 5
21 0 7
23 2 9
16 19 8
3 7 5
1 4 2
7 10 14
1 4 14
5 8 2
17 21 3
11 14 4
8 11 11
23 3 7
8 13 9
19 23 14
13 15 7
22 0 3
10 13 9
19 23 12
4 6 7
17 20 2
0 2 2
3 6 1
3 5 6
6 9 14
1 5 5
22 1 3
15 19 11
12 15 3
10 12 12
19 22 12
3 8 9
20 23 11
6 9 15
9 13 9
15 20 9
15 19 6
14 16 5
11 14 1
0 3 7
2 4 2
11 13 12
13 16 12
15 18 15
2 5 2
0 3 15
3 7 8
9 13 3
3 3 10
17 18 4
4 8 15
9 12 4
11 13 6
9 12 11
4 7 13
7 9 9
17 21 11
8 11 14
16 18 11
21 0 2
22 1 5
19 22 14
4 5 15
22 2 15
2 6 2
9 11 7
16 20 15
9 11 13
6 9 9
22 2 12
2 6 6
15 18 2
22 23 10
1 4 15
4 6 14
0 4 14
19 20 10
6 9 4
10 13 13
21 0 12
8 11 13
20 0 13
23 2 9
3 4 4
5 9 6
18 22 3
15 18 13
14 18 8
9 12 2
5 9 4
12 15 2
15 18 3
5 7 12
23 3 9
17 20 8
22 3 3
0 3 7
2 5 14
11 13 15
6 9 10
5 8 11
20 0 8
15 19 2
0 4 8
13 17 6
23 2 11
22 1 6
21 0 11
19 23 14
9 14 11
22 1 8
7 11 11
22 2 15
9 11 10
12 14 8
4 7 3
3 5 11
1 5 7
11 14 15
9 13 15
13 17 7
16 18 11
1 3 14
1 5 13
19 0 3
7 10 9
9 12 15
7 12 12
11 14 13
16 20 7
20 0 10
1 3 3
17 22 11
15 19 6
5 7 2
16 18 14
18 22 8
14 17 11
7 11 4
6 11 7
21 0 1
1 6 7
19 23 1
13 14 6
13 17 9
5 10 6
14 17 15
14 20 12
1 4 8
22 0 13
0 4 15
9 13 8
10 13 9
16 20 1
7 9 12
10 14 1
1 5 15
23 3 11
11 15 12
20 23 9
18 22 11
9 10 14
13 17 13
18 22 9
22 0 9
7 10 10
0 3 5
11 14 8
7 10 8
18 22 8
14 17 10
13 15 10
22 0 10
15 18 2
5 8 4
12 15 12
3 7 15
2 5 14
7 10 1
21 1 11
0 4 13
15 17 5
14 18 9
2 4 7
17 20 13
20 23 15
20 22 10
19 22 12
2 5 9
10 12 2
11 15 15
0 3 9
19 20 5
19 23 5
18 22 5
3 6 5
19 22 3
17 22 10
8 13 5
15 17 6
23 0 11
12 14 4
18 22 10
15 18 8
14 16 11
7 8 6
13 15 6
4 7 8
22 1 6
6 9 6
8 10 3
7 9 9
23 2 6
6 8 5
2 4 1
17 20 10
21 1 15
9 13 7
5 8 1
0 2 11
17 19 7
0 4 8
8 11 13
9 12 4
0 2 5
15 17 7
5 7 6
8 12 15
17 20 8
12 16 14
21 1 8
0 2 9
13 17 10
1 3 12
8 11 2
20 21 10
16 19 15
7 11 9
0 1 3
15 17 3
7 9 4
10 13 13
22 23 3
4 8 8
8 10 6
15 19 4
10 13 7
17 19 3
21 0 12
7 11 14
2 5 2
8 10 15
6 9 11
17 19 3
22 1 4
11 16 13
8 11 8
17 22 11
22 1 11
17 19 6
6 10 13
19 22 3
13 15 4
17 20 1
18 21 1
20 22 1
0 3 9
19 23 2
5 8 13
6 10 8
13 16 13
2 6 8
18 19 7
22 2 15
4 7 2
1 1 5
10 13 4
22 1 6
4 6 3
4 8 2
0 4 13
23 3 8
15 19 15
4 6 4
18 22 5
13 16 13
16 20 12
7 9 11
22 1 15
22 3 15
12 16 11
16 19 11
3 5 14
21 0 15
4 7 12
1 3 1
12 15 7
22 1 10
21 1 3
3 6 4
18 20 3
9 14 3
20 0 6
5 8 7
1 4 11
13 16 7
21 1 14
13 17 15
8 12 15
7 9 4
15 18 15
3 7 4
22 2 13
0 2 1
10 14 7
10 13 8
18 22 6
6 8 5
8 11 12
13 15 9
21 1 13
19 22 1
5 8 1
23 1 1
20 1 8
0 1 14
20 1 4
17 22 15
21 1 8
7 10 14
1 4 7
1 5 7
3 6 3
2 6 4
9 11 12
16 19 9
13 16 5
9 12 1
0 3 11
13 17 6
16 19 9
18 22 5
21 0 1
9 11 7
22 0 12
16 18 15
5 8 4
21 0 9
18 21 1
0 3 2
2 7 12
14 17 7
3 7 5
8 10 7
18 0 2
20 23 14
14 18 7
0 3 9
2 5 3
14 18 10
3 7 8
4 7 15
19 23 9
5 9 6
3 6 7
21 0 3
2 4 10
7 11 10
18 20 10
1 4 4
16 19 11
19 21 11
2 7 13
8 9 7
13 16 2
15 17 9
6 7 11
15 17 2
13 16 9
7 9 5
19 22 1
7 10 15
3 7 6
14 18 13
5 8 6
8 10 10
18 21 13
19 21 8
12 16 13
18 20 3
0 4 13
18 21 2
5 6 14
21 0 15
10 13 6
6 9 10
15 16 9
19 21 13
8 9 2
10 12 13
21 23 15
0 3 8
13 16 15
0 3 3
14 17 2
15 19 5
21 0 12
19 23 2
13 17 5
16 19 2
4 7 10
1 5 12
5 7 15
3 6 12
12 15 6
16 20 14
0 3 15
9 13 6
22 0 1
21 22 8
6 9 15
19 23 11
17 21 14
9 10 14
19 23 14
20 0 8
1 3 5
7 8 14
15 19 11
22 2 15
17 19 4
20 0 11
19 23 14
21 3 6
13 16 2
2 5 6
4 7 2
14 17 10
13 16 11
7 12 7
2 4 4
6 10 6
6 10 6
7 9 9
9 11 6
8 11 7
9 12 12
17 20 11
16 18 1
2 5 13
6 10 15
2 5 11
5 10 1
0 2 6
6 8 8
15 19 6
20 22 7
3 5 12
0 4 15
19 0 13
11 15 7
19 22 12
15 19 5
23 2 9
1 3 14
17 20 15
8 11 10
7 11 8
11 14 10
4 6 7
3 4 5
13 16 2
20 22 3
14 16 11
20 23 6
4 8 2
3 6 3
10 13 7
23 3 12
20 23 5
1 4 8
11 14 5
12 16 4
12 15 8
16 18 15
16 19 1
0 3 1
12 15 9
13 18 14
16 20 11
12 13 9
10 15 5
16 18 7
11 15 4
10 14 10
18 20 11
2 5 2
3 4 1
9 12 15
7 9 4
1 3 7
2 5 7
12 15 2
1 5 13
16 18 9
18 22 5
17 21 9
8 12 12
6 8 6
1 1 4
4 8 1
14 17 3
3 5 7
4 8 3
18 20 9
1 3 2
20 20 10
6 8 10
13 17 15
12 17 7
1 4 13
20 0 3
1 4 4
11 15 3
21 0 10
8 11 6
2 5 8
10 14 4
16 17 9
7 9 2
15 17 7
15 17 7
9 11 6
19 23 13
11 13 8
11 14 10
9 12 3
2 4 8
7 9 5
20 0 11
19 22 9
11 14 9
7 10 10
8 13 2
18 21 1
9 12 10
7 9 7
19 22 7
4 7 9
6 9 12
14 17 11
0 2 5
7 9 13
22 1 15
9 13 13
5 7 6
23 1 13
13 17 15
12 16 13
2 5 12
11 14 8
16 17 12
2 4 4
12 17 7
0 4 6
22 0 12
17 20 3
2 4 15
2 5 5
6 9 4
5 9 9
22 1 9
10 14 4
13 15 3
7 10 14
0 4 14
2 5 14
6 9 12
8 12 6
2 2 11
12 15 13
11 14 8
0 3 8
17 21 14
10 13 6
23 1 3
21 0 3
4 8 14
2 5 8
8 12 5
8 10 3
12 14 8
