1000 9
9 9 9 6 1 10 9 4 2 
3 6 5
1 5 6
7 10 9
13 16 8
8 11 3
18 22 6
5 6 5
16 20 8
1 4 8
15 17 8
14 16 3
23 2 9
5 8 7
6 8 3
20 23 9
20 0 7
23 2 6
15 18 2
10 12 1
20 22 8
15 17 8
0 3 8
0 3 9
18 22 9
16 19 9
11 14 5
17 21 9
22 2 4
14 17 9
17 20 9
8 11 7
12 15 4
22 1 1
15 19 4
7 10 7
18 22 6
2 4 5
11 14 2
8 10 6
2 6 3
8 12 9
7 8 2
20 23 7
21 0 6
4 9 1
7 11 8
14 16 6
2 5 6
12 14 7
4 5 1
12 14 8
8 12 7
23 2 1
2 3 9
15 18 4
14 17 7
14 18 9
4 7 9
4 9 7
4 6 2
7 10 8
8 11 8
2 6 2
7 11 2
3 5 3
12 15 8
21 0 1
0 4 9
21 23 7
9 14 6
19 0 4
23 1 7
5 10 3
22 4 7
6 9 6
10 13 5
8 10 1
22 1 2
3 5 7
6 10 1
6 9 8
8 12 2
3 5 3
8 10 8
18 22 9
10 14 8
23 3 3
5 7 2
4 6 9
19 22 5
19 22 3
10 13 5
5 9 8
18 21 4
21 0 9
20 23 3
3 6 2
4 7 8
11 13 7
22 2 4
0 4 6
22 3 1
6 10 4
2 5 7
15 15 9
21 0 6
13 16 6
6 9 3
14 16 3
20 23 4
20 22 1
18 21 8
3 5 6
4 8 6
10 11 2
5 8 3
7 10 1
16 18 4
23 1 8
1 4 6
0 4 7
17 21 3
14 18 1
7 8 2
8 10 4
20 0 2
5 7 3
16 18 8
23 1 1
1 4 6
17 21 1
9 12 5
5 8 8
2 5 5
11 14 2
11 13 6
13 16 2
20 0 6
19 21 8
4 9 2
20 0 1
20 22 4
14 16 5
21 23 7
14 17 5
3 6 8
2 6 8
21 23 8
20 21 8
5 10 6
8 11 8
18 22 5
6 10 4
23 3 2
8 12 9
23 1 3
3 6 4
6 8 9
21 22 4
20 23 9
12 15 9
19 21 6
21 1 2
10 11 6
11 14 8
17 20 8
5 9 9
17 18 6
22 2 5
12 15 6
23 1 8
14 17 7
17 21 5
9 11 1
10 14 3
4 7 6
23 1 6
4 5 9
7 11 2
17 19 5
2 7 5
23 3 5
6 8 8
1 6 7
3 5 5
15 19 9
0 4 5
3 5 4
11 15 6
1 3 1
18 21 3
16 18 3
2 6 8
22 2 6
17 21 8
12 15 9
18 21 2
20 22 7
13 17 2
2 4 3
7 10 9
17 20 7
12 15 6
21 0 6
11 13 3
0 2 2
7 10 9
21 0 3
7 9 9
17 20 2
13 15 6
19 0 5
1 4 2
8 11 6
7 10 3
19 22 7
3 6 2
3 5 2
1 5 3
11 14 8
14 17 8
1 5 4
18 22 5
3 5 5
14 16 5
6 10 2
5 7 5
7 11 5
18 22 4
7 9 9
17 19 8
9 9 4
21 23 7
20 23 6
6 8 8
12 16 5
16 18 5
9 11 6
6 11 7
18 21 6
4 9 7
2 6 7
21 23 1
18 20 6
19 21 6
6 10 2
1 5 9
3 7 4
16 18 8
10 14 7
16 19 4
9 13 2
0 3 2
18 22 2
7 9 9
1 3 9
22 1 1
11 17 3
14 17 7
21 23 2
23 2 7
17 20 2
9 10 8
2 4 7
13 17 6
22 1 1
19 0 1
1 3 6
10 11 5
7 10 5
2 4 2
9 13 9
20 23 9
9 13 1
21 23 9
1 5 1
8 11 8
9 13 6
16 20 5
4 6 5
6 7 4
13 17 6
9 12 8
17 20 2
1 3 4
3 7 8
7 9 8
23 2 1
15 16 3
15 19 6
20 0 2
12 14 3
4 8 3
19 22 1
11 13 1
3 6 9
11 14 1
19 22 2
9 11 1
5 9 7
20 23 3
21 23 4
0 2 8
3 7 1
18 20 6
4 6 3
14 16 8
6 10 2
7 9 7
11 15 4
3 7 5
7 10 3
14 17 2
21 1 2
9 11 8
6 10 9
6 10 1
8 12 1
8 12 3
14 17 4
1 4 3
10 12 8
0 2 5
6 8 7
14 18 7
4 7 4
4 7 9
6 9 9
9 13 4
20 0 9
5 8 5
1 5 3
20 22 5
19 22 5
14 16 2
6 11 9
7 10 2
0 2 4
3 6 2
5 8 6
1 4 4
19 22 1
18 21 4
0 4 9
2 5 8
7 10 6
1 4 7
11 14 9
1 5 7
1 3 1
0 3 8
19 21 4
16 18 3
13 17 9
22 3 9
6 7 4
10 12 5
7 13 8
18 22 5
2 6 5
0 3 7
10 14 8
16 20 9
16 20 9
3 7 5
4 6 7
20 23 5
6 10 7
6 9 6
14 16 5
18 21 3
16 21 5
22 2 6
9 10 5
2 6 1
3 6 8
18 20 5
13 17 2
21 0 9
22 0 7
7 8 8
0 2 8
20 22 3
23 2 1
22 1 7
10 13 5
5 8 9
22 0 7
5 8 6
8 10 6
20 1 2
7 10 7
20 23 4
15 18 3
20 0 8
9 12 7
15 18 3
3 5 9
18 22 4
23 1 5
4 7 5
0 5 2
17 20 9
19 0 3
20 0 1
3 7 5
23 3 9
1 3 3
18 20 4
4 6 4
10 12 9
0 3 1
7 9 5
4 7 3
12 15 3
23 4 1
3 5 8
18 21 1
10 13 1
7 10 3
4 6 1
14 16 5
18 22 9
8 9 1
2 6 3
0 3 7
14 15 3
10 12 1
7 10 1
7 10 2
6 10 2
3 5 2
21 23 6
10 14 2
11 13 5
21 2 3
14 16 3
3 8 6
4 7 7
7 10 6
3 8 6
2 7 2
0 3 6
23 1 3
10 12 4
19 21 9
1 3 3
0 3 7
21 0 1
9 12 9
13 16 4
22 1 6
17 21 8
4 9 1
16 19 8
22 1 3
10 12 9
20 23 8
11 13 8
14 17 1
17 21 3
23 0 3
10 13 9
9 13 6
18 22 5
18 19 3
3 6 3
9 14 6
18 21 4
3 5 6
2 4 9
16 18 4
12 15 4
16 19 9
17 20 5
22 1 6
23 1 3
16 19 2
3 7 9
11 14 6
9 13 7
17 20 9
3 5 5
4 9 4
10 14 2
16 20 9
14 17 7
17 20 7
17 19 2
23 3 1
13 17 5
14 17 5
18 20 9
23 2 3
16 22 8
15 17 2
19 23 2
2 6 7
6 9 8
15 18 4
20 22 8
11 14 5
18 21 5
9 13 7
1 4 8
7 8 1
13 15 9
19 21 3
13 16 7
20 23 7
6 10 5
0 2 1
10 13 7
7 11 7
8 11 6
11 15 2
6 9 8
10 13 5
4 6 4
15 19 6
1 4 3
20 23 5
23 2 1
15 19 1
12 14 1
1 5 4
13 17 8
7 10 5
1 5 3
2 6 5
5 8 7
9 12 5
19 20 7
7 11 5
22 0 8
14 16 7
11 15 3
13 16 9
13 16 7
18 20 4
5 7 5
16 20 8
19 0 3
8 11 3
18 21 7
14 17 6
6 11 6
1 5 6
14 17 3
5 7 2
4 6 6
5 9 2
3 7 7
19 21 7
4 8 2
21 23 9
2 7 4
3 5 8
9 11 6
23 1 9
4 7 1
19 22 5
5 8 7
12 13 7
7 12 1
7 9 5
2 5 7
23 23 1
13 16 9
7 8 5
12 15 9
5 7 2
21 1 3
1 4 5
3 5 6
6 10 4
1 6 9
14 18 4
16 20 2
9 12 3
16 20 9
20 22 7
4 7 9
3 7 7
5 7 9
19 1 7
10 13 9
10 13 5
5 10 5
9 13 5
13 16 5
5 8 9
23 2 3
2 6 6
19 22 6
15 19 1
19 22 6
20 23 7
21 0 9
19 0 9
21 0 7
3 6 3
21 1 3
23 2 6
22 1 8
12 14 3
21 1 7
21 22 5
16 19 1
15 15 8
0 2 6
10 13 4
0 3 5
9 13 8
2 6 3
4 6 6
5 10 9
10 12 4
11 15 5
14 16 1
3 6 5
10 12 4
5 8 1
19 22 6
5 8 5
7 11 6
0 4 8
7 8 6
12 14 8
17 20 5
12 16 9
5 8 9
19 22 2
15 19 6
18 22 1
4 7 5
6 8 8
2 3 6
17 19 8
22 1 5
16 18 9
10 15 7
16 19 4
22 1 2
3 5 5
10 12 7
21 0 8
13 17 9
7 12 9
13 15 6
15 19 2
15 19 5
0 1 9
2 5 9
16 20 8
1 3 4
20 0 6
22 2 2
2 5 8
17 19 5
15 18 6
4 7 5
6 9 9
17 21 1
1 3 2
9 11 1
15 18 2
15 17 6
11 14 9
3 7 6
1 1 7
4 6 7
23 2 5
6 10 7
14 18 6
1 3 5
15 19 4
13 14 9
15 16 4
1 4 2
15 17 7
7 10 3
13 17 1
2 6 6
18 20 1
2 5 9
13 15 4
19 23 8
7 9 7
13 15 1
14 16 6
22 1 5
19 23 2
11 13 3
2 5 4
8 10 7
23 3 5
20 22 9
0 4 9
17 22 9
18 20 6
7 11 6
8 11 2
6 8 6
11 15 5
10 13 4
8 10 4
7 9 4
14 17 1
0 5 8
21 0 4
11 14 9
15 19 6
5 9 5
21 23 9
5 9 8
21 23 1
17 21 9
13 15 7
16 19 3
3 6 3
16 19 5
23 2 9
4 8 8
7 10 3
21 2 5
1 5 2
11 16 9
16 19 5
23 0 3
19 22 2
20 23 4
8 10 5
19 23 7
8 11 3
5 9 8
20 0 6
18 20 1
10 13 9
9 12 4
18 21 9
10 12 2
6 8 3
13 15 4
19 23 3
7 9 2
7 9 1
17 19 2
9 11 2
11 13 7
22 3 1
20 23 9
6 9 1
6 10 8
20 23 9
17 18 7
12 15 8
17 21 1
22 0 7
11 14 5
0 4 5
2 4 5
23 1 5
3 8 7
12 16 9
18 20 8
16 19 4
11 16 5
15 16 6
20 22 4
1 3 3
0 4 6
5 8 1
6 8 5
0 4 8
3 6 7
8 10 8
20 23 4
8 11 1
22 23 6
4 7 4
21 23 9
8 14 8
9 12 5
23 2 2
20 22 3
20 23 8
6 8 1
7 9 4
0 2 8
8 11 4
9 12 6
9 13 3
0 4 1
18 21 9
19 22 3
17 21 3
2 4 5
13 18 8
21 2 3
6 9 2
14 16 2
3 5 2
10 14 3
6 8 7
22 1 5
4 7 2
15 17 6
5 10 1
7 9 6
2 3 3
19 22 5
4 7 3
9 11 6
16 19 7
14 17 9
7 10 9
21 23 5
6 9 5
6 9 8
13 17 8
11 12 8
18 21 5
19 21 5
4 5 9
1 3 3
2 4 5
8 10 2
6 9 1
1 5 1
1 4 1
7 9 6
4 7 3
12 16 4
0 3 1
5 7 1
13 16 4
12 16 2
13 16 3
10 11 4
12 15 6
19 0 6
14 17 4
3 6 6
17 19 8
3 7 4
2 5 6
1 4 9
1 4 8
11 13 7
8 12 4
15 17 1
14 18 6
9 13 1
4 5 8
17 19 1
8 11 7
4 7 1
11 15 2
19 22 6
8 11 5
18 22 4
10 14 1
1 4 2
21 0 3
23 1 5
16 18 1
17 20 5
19 23 5
23 2 8
11 14 5
21 23 2
9 13 5
18 21 3
3 8 4
14 18 5
1 3 4
20 23 1
13 18 8
4 7 3
8 12 6
17 21 2
13 16 3
2 4 7
2 7 5
13 16 6
19 20 4
4 6 2
8 11 3
21 0 9
16 19 1
0 4 5
14 17 4
18 21 5
4 6 3
20 22 2
14 17 4
13 16 1
3 7 7
13 17 6
14 17 8
12 15 4
17 20 5
6 12 5
17 20 1
5 10 3
13 13 8
9 12 2
10 13 5
3 5 5
13 17 5
23 3 6
15 18 5
10 13 4
10 12 4
19 22 4
5 8 8
17 21 9
22 0 6
18 21 4
7 11 6
8 9 9
5 9 1
16 17 2
2 5 3
11 13 9
7 10 6
23 1 6
13 17 8
9 12 3
17 21 1
2 5 4
13 18 2
15 17 7
17 20 9
8 11 5
7 11 3
0 2 6
6 8 2
13 17 2
16 19 5
18 21 6
20 0 4
14 17 4
20 22 8
13 17 9
22 3 2
13 16 4
4 7 9
3 7 4
22 0 9
4 6 6
17 18 9
4 6 2
22 1 8
21 0 7
8 12 2
10 13 7
18 21 4
2 7 9
14 18 2
23 2 2
14 15 8
14 18 4
13 16 7
7 10 6
11 15 4
13 17 8
1 4 3
18 21 4
9 13 3
10 12 5
11 15 7
5 9 8
5 8 6
1 4 5
23 23 7
19 22 3
10 14 3
10 14 1
2 5 6
23 2 3
5 7 2
10 12 1
8 11 3
1 4 9
18 18 8
6 9 3
10 14 3
0 4 3
13 16 5
17 22 4
9 12 8
0 5 8
19 23 2
5 9 8
15 19 8
11 14 8
20 1 2
5 8 3
