850 5
5 3 7 6 3 
16 18 1
4 8 1
12 17 2
10 11 4
4 6 4
11 13 4
9 11 2
8 10 2
12 16 5
21 0 2
7 13 1
4 10 4
6 5 4
10 12 3
8 11 5
13 15 5
7 11 5
7 9 5
10 12 2
2 5 5
7 11 1
13 19 1
13 16 4
13 16 1
16 18 4
10 12 5
1 5 1
12 15 5
11 13 3
12 17 3
12 14 2
1 4 5
9 12 5
16 19 1
13 16 2
7 9 3
1 5 3
14 17 5
12 14 1
4 7 2
14 18 4
21 23 1
6 8 1
13 17 5
8 12 3
20 22 1
13 13 1
23 0 4
2 4 5
12 16 5
20 0 2
10 15 3
15 18 1
6 7 3
0 5 2
7 11 3
0 6 5
18 21 1
10 12 3
10 14 2
5 8 5
13 16 2
8 11 4
18 21 1
3 5 5
7 8 5
2 7 2
19 23 2
21 0 2
4 7 4
23 0 2
2 6 1
20 1 2
9 12 1
4 8 3
16 20 3
9 13 5
23 2 3
13 17 1
22 0 4
8 10 2
9 12 4
3 5 3
14 18 2
2 6 1
17 20 5
21 22 1
19 20 2
10 14 1
10 12 5
12 16 5
19 21 1
13 16 3
21 23 4
16 19 3
14 19 5
4 7 4
9 12 5
15 18 4
8 12 4
4 4 3
6 9 1
9 12 1
13 16 5
23 2 3
22 2 2
15 19 4
18 20 5
14 14 2
1 5 2
23 2 4
9 13 3
14 18 1
21 0 5
5 8 2
7 9 3
7 9 3
0 3 2
17 20 2
9 12 5
7 8 3
0 3 5
9 12 3
12 14 2
18 21 2
8 11 2
16 20 3
16 18 1
21 2 5
18 22 4
20 23 1
11 15 5
12 15 5
13 16 3
0 2 1
5 7 2
2 5 4
21 0 2
5 8 3
18 21 2
4 7 4
3 6 3
9 13 4
3 4 4
18 21 5
5 9 1
17 21 1
14 18 1
1 3 3
4 7 2
4 7 3
4 8 1
6 7 1
18 22 5
7 10 4
16 22 5
5 10 5
12 15 4
17 21 2
8 14 1
18 22 5
23 0 5
7 12 1
21 0 2
0 4 4
15 18 4
0 4 3
15 19 2
1 6 3
1 4 3
4 8 4
13 16 5
19 22 5
20 21 2
21 22 2
8 9 4
4 7 3
23 2 1
13 17 3
22 0 4
1 3 4
5 10 4
18 21 4
14 15 1
7 12 3
2 5 3
15 19 5
0 3 1
8 10 5
17 20 3
11 13 3
7 10 2
16 18 5
8 10 5
22 1 3
5 10 4
15 17 3
1 4 1
10 14 1
11 12 1
3 5 4
11 13 3
4 6 2
19 0 5
2 5 5
14 18 4
22 2 1
19 21 4
2 5 5
12 14 1
11 12 4
4 7 1
13 16 3
10 15 4
4 6 2
1 4 2
16 19 4
13 15 1
14 17 2
9 13 2
20 22 1
2 5 4
9 12 5
0 2 5
9 12 3
23 1 1
6 8 3
17 22 4
7 11 1
23 2 2
16 17 3
19 23 2
0 5 1
21 23 1
8 13 2
4 8 1
22 2 2
7 9 4
15 18 4
21 1 3
22 0 1
2 5 5
6 10 4
7 11 2
19 20 5
7 9 5
16 20 5
10 14 2
18 21 1
6 10 4
21 0 4
11 13 4
23 2 3
7 12 2
21 2 3
17 18 3
19 22 4
23 2 4
18 20 2
12 16 5
18 21 2
6 11 5
15 18 1
12 16 5
1 2 1
2 7 5
22 1 1
3 7 2
11 13 2
0 2 1
19 22 5
9 11 2
0 3 2
10 12 3
6 9 4
10 13 1
14 17 3
11 14 3
11 15 5
15 18 5
16 18 5
16 19 1
11 14 2
4 6 1
15 19 5
11 15 4
10 13 4
22 0 4
11 15 4
4 8 3
16 19 4
4 6 3
12 16 4
4 4 4
15 18 2
20 22 5
22 3 2
11 15 4
11 12 2
12 16 4
4 9 3
21 23 3
6 8 2
15 18 4
6 8 2
21 3 2
20 0 3
4 7 3
0 2 5
11 14 1
10 13 3
21 23 4
11 14 2
14 18 3
12 16 4
21 0 5
5 8 4
14 16 4
3 4 5
18 21 4
7 10 5
8 11 4
16 19 1
7 9 1
9 12 1
16 19 4
12 14 4
22 3 3
9 12 5
22 2 5
10 14 5
17 20 1
11 14 5
2 6 3
23 3 2
5 9 5
18 21 1
4 7 3
14 16 1
12 16 2
7 11 5
19 22 3
12 16 1
12 16 4
22 2 1
9 12 4
13 17 2
21 1 2
19 22 3
6 8 2
17 20 1
8 11 4
9 12 4
8 12 1
21 0 2
2 5 1
9 13 2
9 10 1
13 16 3
15 18 5
17 19 4
14 17 1
14 17 3
13 16 2
13 17 3
1 4 5
17 21 3
8 11 2
2 5 4
21 0 4
22 3 5
6 11 5
13 16 2
1 4 4
15 18 4
2 6 1
2 3 5
19 20 3
7 10 3
14 16 1
18 22 4
10 12 5
8 10 1
0 3 1
19 21 1
1 5 2
14 19 4
14 16 3
17 20 1
5 7 5
3 6 3
13 16 2
3 6 2
6 8 4
13 17 5
0 3 3
1 2 5
5 8 2
23 2 1
0 3 4
9 12 3
10 11 3
10 11 2
9 13 5
10 14 3
9 13 2
11 14 5
12 14 4
9 12 2
20 1 4
13 15 3
20 20 2
17 21 3
1 4 5
15 19 1
2 5 5
23 2 3
10 13 2
0 2 1
22 1 5
19 21 5
22 2 5
22 1 2
10 15 5
14 16 2
20 1 5
3 8 3
17 19 2
4 9 2
1 4 4
13 18 3
15 16 5
4 7 2
6 10 5
4 7 5
21 0 5
19 21 3
4 8 1
22 1 3
14 16 5
7 9 5
1 5 4
16 21 2
0 3 3
7 13 3
5 8 4
3 6 4
14 17 2
17 20 1
20 22 4
0 3 2
8 12 3
13 16 3
15 18 2
21 23 4
13 17 5
23 1 5
6 8 5
7 9 5
6 8 1
22 0 4
20 0 5
18 21 3
6 10 4
11 14 4
17 20 5
23 3 1
2 4 4
6 10 2
15 17 5
0 3 2
2 6 3
6 8 3
3 5 3
18 22 5
8 11 1
15 17 1
2 5 2
17 19 1
1 3 5
10 14 5
19 22 1
5 7 1
13 14 2
22 0 5
13 17 3
8 11 3
9 12 5
11 15 4
13 16 4
12 14 4
16 18 1
13 17 3
20 0 4
8 10 3
21 23 4
6 10 1
0 4 1
23 1 4
22 0 5
3 5 2
4 7 5
16 20 3
1 4 2
8 11 1
23 2 3
13 16 5
23 4 5
18 21 3
17 20 1
5 7 3
9 13 5
6 8 4
11 15 4
5 10 3
15 19 1
18 21 3
19 0 5
2 5 5
14 18 3
5 8 4
4 6 2
1 5 5
20 23 1
8 12 3
7 10 3
12 14 3
7 10 5
2 3 5
1 2 3
6 8 4
22 0 5
4 7 2
9 10 4
20 22 5
2 6 4
0 3 3
0 3 5
3 7 4
17 20 2
18 21 3
15 18 3
3 7 2
23 2 2
7 10 2
13 16 3
12 13 2
2 4 3
19 20 2
15 20 2
18 21 5
18 20 2
1 3 3
7 11 4
16 20 2
19 21 5
18 21 2
18 20 2
12 14 3
9 11 2
6 9 1
12 18 3
12 13 4
21 1 4
12 17 1
7 9 2
20 23 4
1 3 3
0 2 2
19 23 1
21 1 2
5 10 4
8 12 3
10 14 2
7 8 2
17 21 3
18 21 5
14 17 5
19 22 5
18 23 1
7 9 3
12 16 2
0 3 4
15 18 3
21 23 3
3 7 5
13 16 2
8 10 5
5 9 2
14 16 1
20 21 5
1 6 3
8 11 1
3 7 4
8 11 2
1 5 4
5 7 2
23 1 4
4 8 1
6 10 3
5 8 4
2 5 3
18 20 3
5 9 4
10 12 4
23 1 5
23 2 2
4 9 3
8 12 2
17 20 5
5 10 5
10 13 4
21 0 2
4 8 1
20 22 3
19 23 2
11 14 2
4 8 1
14 17 4
0 0 5
8 13 5
17 20 2
4 7 2
16 18 1
11 15 4
20 23 4
13 17 3
23 2 3
10 14 4
1 4 2
7 10 5
16 19 5
1 3 1
5 9 2
5 7 5
13 15 5
6 9 4
15 18 2
18 22 4
22 0 3
2 6 2
4 6 3
5 6 3
21 0 2
2 5 4
3 8 2
11 14 2
2 6 5
18 22 4
21 23 4
7 8 5
12 16 3
13 16 4
10 14 3
1 2 1
16 21 2
23 1 4
21 1 2
18 20 3
23 1 3
19 22 1
13 18 1
13 15 3
17 21 1
8 10 1
8 12 5
0 4 2
14 16 4
13 15 5
4 7 5
22 2 1
17 19 2
13 17 1
15 18 3
14 17 1
14 18 4
22 1 4
14 16 1
22 0 4
8 11 4
3 7 1
22 2 3
8 12 2
6 9 1
22 3 3
11 16 5
12 15 2
4 9 1
4 8 3
4 8 5
15 20 2
15 17 5
0 3 5
23 1 1
21 1 5
2 5 3
18 20 4
9 11 1
7 10 2
3 7 4
19 23 2
8 10 4
5 8 1
19 23 5
1 4 4
7 12 4
22 2 2
11 17 1
0 4 4
3 6 5
19 20 5
19 23 3
7 8 2
14 16 5
3 7 4
19 21 2
21 1 2
19 23 3
13 15 2
13 15 1
5 8 5
0 5 1
3 6 5
15 19 5
17 21 1
5 8 5
15 19 4
6 9 4
15 20 3
23 2 1
10 13 4
8 10 1
21 1 4
7 11 3
23 4 3
13 16 3
7 10 5
18 20 3
12 14 1
6 8 4
8 12 2
4 6 4
16 20 5
9 12 3
13 17 2
13 15 5
22 1 2
12 15 1
0 3 2
10 12 5
11 15 3
0 2 3
1 4 3
15 18 4
22 2 1
18 22 2
0 2 3
3 7 4
9 12 3
20 23 3
23 4 5
18 19 3
9 11 3
0 3 5
21 0 5
14 16 5
22 1 3
8 12 4
1 5 3
6 7 1
23 1 2
22 1 2
4 7 4
19 20 3
15 17 4
16 20 1
5 9 1
13 15 2
13 17 4
13 16 2
7 10 3
17 19 3
12 16 2
6 8 4
6 8 5
8 11 2
4 5 5
20 22 1
18 21 5
15 16 3
20 23 3
14 18 2
11 15 1
22 1 4
22 0 3
0 4 2
18 21 2
23 1 1
23 2 1
18 20 3
2 4 2
8 11 2
17 19 4
8 11 2
23 2 1
9 11 2
15 16 5
23 3 5
18 21 3
6 9 1
13 15 4
20 1 2
4 5 2
18 19 3
23 2 3
18 21 4
5 9 2
21 3 1
0 3 2
4 9 1
1 4 2
7 10 5
5 8 2
1 2 3
14 17 1
5 7 3
14 19 5
22 23 1
11 14 3
22 1 3
19 21 1
4 7 4
7 10 5
22 1 3
22 2 2
10 13 4
21 0 4
21 0 2
12 17 2
3 6 1
17 20 5
21 1 4
19 0 3
20 23 2
20 23 1
1 5 3
15 16 2
13 17 2
10 13 1
7 9 4
