1000 16
6 9 2 8 1 8 8 9 9 4 3 7 7 4 9 7 
4 7 1
20 22 13
3 5 5
18 20 16
12 16 14
12 14 11
13 14 2
6 8 2
5 8 12
2 6 4
9 10 3
11 14 5
23 2 4
0 2 15
9 12 14
11 13 15
16 18 9
23 1 14
14 17 8
5 8 9
0 3 11
5 8 9
6 8 14
0 4 14
5 8 12
11 12 4
0 4 11
11 15 6
16 19 12
14 17 9
19 21 8
1 4 8
6 9 2
3 7 3
1 4 6
14 18 7
6 10 13
7 10 2
21 0 2
15 18 4
0 5 10
16 20 1
11 14 8
10 13 14
9 12 8
5 8 3
17 20 6
18 19 11
6 9 8
19 0 3
14 18 13
1 6 9
18 23 4
6 9 8
22 0 8
5 8 9
9 14 12
17 20 4
1 4 2
19 23 3
6 10 3
23 2 3
23 0 14
11 15 2
4 7 12
19 22 13
11 13 2
8 11 2
14 20 8
9 13 13
17 21 13
0 3 2
14 17 15
18 23 13
10 12 15
14 15 11
13 16 5
4 6 14
5 8 8
6 10 12
2 6 14
4 5 1
14 16 14
7 10 10
19 22 11
18 22 15
10 14 15
0 3 2
15 16 5
7 11 10
23 2 7
16 19 12
1 4 16
20 1 15
14 17 13
9 14 9
10 12 11
20 0 10
22 0 4
17 20 12
21 1 7
17 20 5
2 7 11
8 11 10
6 9 9
7 11 10
23 1 6
16 19 4
17 20 8
11 14 14
16 19 7
15 19 2
12 16 16
16 19 16
2 6 9
14 19 3
16 19 5
7 9 11
2 4 12
4 9 8
22 22 11
18 22 3
14 18 6
18 21 2
0 4 14
18 22 16
13 13 9
21 23 9
12 13 12
13 17 12
10 13 8
21 1 7
13 15 5
6 8 12
13 16 16
7 10 11
0 4 10
19 21 6
10 12 16
23 3 11
23 3 5
4 8 15
11 14 9
7 8 7
6 8 1
6 10 3
1 4 10
10 13 5
20 23 4
4 8 2
12 14 13
9 10 8
9 13 5
18 20 11
19 21 14
9 12 14
8 11 15
18 20 9
7 9 2
17 20 14
23 3 15
5 8 8
23 2 5
18 20 8
1 5 2
8 12 14
12 14 15
12 14 11
8 10 4
4 7 5
22 1 5
12 16 12
0 3 6
7 11 11
14 17 12
17 19 16
3 6 8
23 1 16
7 9 5
21 1 16
7 9 2
11 14 13
10 12 3
19 22 16
18 21 1
12 14 8
21 23 3
13 14 11
11 13 6
12 16 7
20 1 16
13 16 14
22 0 1
7 9 15
17 20 8
9 12 4
16 17 13
14 17 11
15 17 15
7 10 9
3 7 7
15 18 13
5 8 12
22 2 8
14 16 1
21 0 7
3 4 11
21 0 11
5 8 10
11 14 16
2 4 2
6 9 9
11 15 3
13 16 9
19 22 15
13 15 7
20 0 11
13 17 11
0 4 3
2 4 5
5 9 12
9 13 6
16 19 3
7 11 13
11 16 8
10 13 9
3 5 9
2 7 10
20 21 6
15 17 1
20 0 13
14 18 5
17 22 15
2 5 5
10 15 3
17 18 9
13 16 3
2 6 5
19 22 1
22 3 8
0 3 5
5 9 11
17 19 11
12 15 4
7 10 5
1 4 10
4 7 10
3 6 16
7 11 10
22 1 2
14 18 2
14 18 1
10 12 8
19 0 2
17 19 1
3 7 6
11 13 2
1 5 9
4 7 2
2 6 1
1 5 7
0 4 1
5 8 8
20 23 2
23 2 13
10 14 9
11 14 15
10 12 6
17 20 11
15 18 3
0 2 12
7 10 2
11 13 11
23 3 1
2 5 3
17 22 13
0 3 2
23 2 7
22 0 5
19 23 14
3 6 11
11 14 8
4 6 14
8 11 6
12 15 13
17 20 4
14 17 8
10 12 14
2 6 9
11 16 1
11 15 1
19 23 15
8 12 14
5 8 9
7 10 4
2 5 14
22 23 10
6 9 2
18 20 13
17 19 11
0 4 13
7 12 7
5 7 4
1 5 12
10 13 11
11 14 13
23 0 12
4 8 8
23 2 1
11 13 5
1 6 12
8 11 5
21 1 9
7 12 13
13 16 9
12 15 15
0 2 6
11 13 3
3 7 12
6 10 9
18 21 14
12 15 14
4 6 2
9 12 6
13 15 1
22 1 12
2 5 10
13 17 5
5 8 13
12 14 2
22 23 2
5 9 11
21 23 1
18 19 2
11 14 2
9 12 5
15 19 5
21 1 13
5 8 7
6 9 9
13 14 13
16 19 2
1 2 4
0 1 6
18 22 9
8 10 11
15 18 13
3 7 9
3 7 10
9 13 11
8 10 12
15 17 2
16 20 9
19 22 6
22 0 4
21 1 7
9 10 6
22 2 12
19 21 12
5 9 1
14 17 2
23 2 14
8 12 10
11 15 15
0 4 4
16 18 11
20 1 14
7 9 14
1 4 5
5 8 15
2 6 9
11 15 9
23 1 9
7 10 3
22 1 9
0 3 4
16 19 5
10 13 14
9 12 12
14 18 3
21 0 9
9 13 13
16 19 15
16 19 13
17 21 15
16 20 3
15 17 10
3 8 5
19 0 7
12 14 11
11 14 2
10 13 9
0 2 12
6 9 13
1 4 1
6 9 10
2 5 3
10 13 8
13 17 6
6 10 13
8 11 15
15 17 16
14 17 4
0 3 12
0 4 2
2 5 7
13 16 13
11 15 12
18 21 7
8 11 4
8 11 3
20 0 2
13 16 2
23 3 13
1 6 16
7 10 3
0 5 11
13 15 4
13 15 10
11 13 12
23 3 10
9 13 15
4 8 11
17 21 7
7 8 5
10 13 2
4 7 8
9 11 5
8 10 16
19 21 6
19 22 4
21 23 16
11 13 8
5 9 16
22 1 13
6 8 11
1 3 3
10 13 8
16 19 11
21 1 3
13 17 11
15 18 7
13 15 4
4 7 1
23 1 15
13 13 14
23 2 8
13 16 14
0 4 14
13 16 9
20 22 10
16 20 2
4 8 16
3 7 10
1 3 4
19 22 5
8 12 5
21 1 15
6 10 13
0 4 11
18 20 14
23 2 16
9 12 11
4 8 1
7 13 11
15 17 5
20 0 6
16 18 7
14 17 2
3 7 6
19 22 5
9 11 5
8 11 15
0 4 1
22 2 14
4 8 10
4 8 8
0 3 5
14 17 1
4 8 7
19 21 15
11 16 9
15 19 10
3 6 4
7 8 13
20 23 9
11 14 10
18 21 15
3 6 1
16 19 4
21 0 10
3 5 14
8 11 15
9 13 4
5 7 10
5 8 2
22 1 2
10 14 3
10 13 16
15 18 15
10 13 9
1 4 13
16 20 6
21 1 13
7 10 7
0 2 15
2 5 5
10 13 10
13 15 16
18 21 15
4 7 16
12 14 3
22 2 8
21 0 11
21 1 4
3 6 8
6 8 7
17 19 2
4 5 4
20 0 5
3 6 10
6 9 10
7 9 1
3 5 1
23 3 14
9 13 8
15 18 1
18 21 12
19 19 7
12 15 4
5 7 16
3 7 10
18 20 16
15 16 15
19 21 2
0 0 5
16 18 2
1 5 5
6 9 14
13 15 8
3 5 14
20 22 4
21 23 7
0 2 4
0 4 13
20 0 6
9 12 4
5 8 14
2 5 13
21 0 6
11 15 15
0 3 15
14 20 13
9 11 4
21 23 10
4 7 6
11 15 11
22 1 11
5 8 14
22 2 14
1 4 14
4 6 8
1 3 7
20 22 7
6 10 8
19 22 3
12 16 7
8 11 1
9 12 4
9 12 7
17 21 9
22 1 12
3 6 8
20 22 15
23 1 14
0 1 9
7 9 11
18 19 4
15 16 6
23 2 16
17 18 10
11 13 11
23 1 7
23 2 13
7 10 16
8 10 8
22 0 4
12 17 7
21 0 2
21 0 6
10 11 2
17 20 11
20 22 4
17 21 5
20 22 14
23 1 5
17 23 10
16 20 9
6 9 15
23 2 9
19 22 4
11 14 2
17 18 16
21 23 12
18 20 16
16 18 8
12 15 13
18 21 10
19 23 13
9 10 6
21 1 3
17 21 14
16 22 13
19 21 16
2 4 1
15 20 13
18 21 10
17 21 10
11 14 9
11 14 16
13 17 1
14 17 8
20 23 3
3 8 8
4 7 8
13 16 16
18 20 10
17 21 4
2 6 3
4 8 5
16 19 12
9 11 16
9 12 3
18 20 6
10 13 8
8 11 3
6 10 9
13 17 15
10 13 3
12 16 3
21 1 10
6 9 6
1 4 7
13 17 2
1 5 10
19 20 3
13 16 16
19 0 1
17 20 2
5 8 10
13 15 15
1 4 3
17 21 12
16 19 8
8 12 7
8 11 9
4 7 8
9 12 8
6 9 6
8 11 15
11 14 2
23 3 4
8 11 10
18 21 9
15 18 3
16 20 15
13 17 15
18 19 12
4 6 15
19 22 12
17 21 12
22 2 11
6 9 10
21 1 14
13 14 12
3 5 1
20 0 12
11 14 14
6 10 4
12 14 1
23 1 16
15 17 1
11 15 9
15 18 8
12 16 10
12 14 10
4 6 3
23 0 8
22 2 12
8 10 12
14 16 7
23 4 4
3 7 10
17 20 12
8 12 16
19 22 12
23 1 11
21 0 6
18 21 15
18 21 8
11 14 7
14 17 8
17 21 13
17 19 16
11 15 11
13 16 15
9 11 9
12 14 14
16 19 16
10 12 12
1 4 8
22 3 8
4 6 14
4 10 9
1 4 5
20 1 6
23 2 11
10 13 2
11 12 5
6 8 10
19 21 7
8 12 15
17 19 6
16 20 11
20 1 1
5 6 3
18 20 13
8 11 16
6 10 6
11 15 3
23 1 16
2 3 5
16 19 3
13 15 12
1 4 13
12 15 10
22 0 6
17 18 1
18 20 11
16 20 1
5 7 13
23 0 16
6 9 6
23 4 13
11 14 9
23 3 14
22 23 14
9 13 4
2 6 12
6 9 12
16 18 13
21 1 14
14 18 11
8 11 11
9 13 8
7 10 7
8 12 4
18 22 13
8 9 1
6 11 4
4 7 11
20 23 3
14 17 4
17 20 16
14 17 2
23 1 7
3 6 13
19 22 3
21 1 7
18 22 8
21 1 8
9 10 13
2 6 15
22 2 12
1 6 5
7 10 15
6 7 16
5 7 6
17 19 15
20 22 12
20 21 15
21 0 5
21 0 8
21 21 8
9 12 2
15 19 10
5 9 11
10 13 7
12 16 15
11 13 11
18 21 5
20 23 5
4 7 16
4 7 16
23 1 13
23 2 3
8 12 13
20 0 9
19 23 4
21 1 6
6 11 3
2 7 7
10 14 11
11 14 7
4 8 3
22 1 7
1 6 12
5 6 1
0 3 15
9 11 14
22 1 12
16 19 13
16 20 15
11 14 2
3 7 10
1 5 13
13 16 14
2 6 12
22 1 16
11 13 1
11 13 14
13 16 13
18 21 3
2 6 9
6 10 10
6 8 13
13 16 7
22 2 9
7 9 9
2 5 7
1 4 15
10 13 14
1 3 12
21 1 5
20 0 3
5 8 15
14 19 11
6 8 1
18 22 16
9 11 5
0 4 8
14 18 12
4 5 7
14 18 8
17 19 3
4 9 7
4 6 3
12 14 13
1 4 7
21 2 14
16 19 7
20 23 4
3 6 8
15 18 16
19 0 6
5 6 9
8 11 1
8 11 2
13 16 11
17 23 11
4 7 8
16 19 4
19 22 10
21 2 16
21 1 12
22 1 11
8 11 9
23 3 12
3 7 5
7 11 12
20 2 6
22 1 3
0 1 13
6 9 10
17 21 2
2 4 12
17 21 9
10 12 6
5 8 11
2 4 2
6 10 4
16 20 1
18 20 9
23 2 2
21 23 12
4 5 14
18 21 10
0 2 1
9 13 11
11 15 8
18 22 6
17 20 15
15 17 9
6 8 15
11 13 8
9 11 16
13 17 6
20 0 9
8 10 14
23 2 7
7 10 11
7 11 14
3 6 3
22 1 6
9 12 11
6 8 1
17 21 4
23 1 13
13 18 16
0 4 6
4 7 2
20 22 7
21 1 2
16 19 9
18 21 7
12 15 13
20 22 3
6 10 15
15 18 16
10 12 7
16 19 7
7 11 13
9 12 5
16 19 1
1 3 3
14 16 14
2 5 7
19 21 2
8 13 7
21 23 11
3 5 12
15 19 7
21 0 6
2 5 2
3 6 8
23 2 8
22 1 1
0 3 13
18 21 1
4 6 8
10 13 10
23 2 13
11 14 16
19 21 9
0 4 13
23 4 9
15 18 10
12 15 16
20 0 3
12 15 13
12 15 6
3 7 1
18 20 10
8 12 2
7 11 15
3 6 5
16 20 8
14 17 7
5 8 4
21 0 12
10 13 9
0 3 6
16 19 11
0 2 4
21 0 2
7 11 6
3 6 4
17 20 16
16 18 5
10 14 6
23 2 11
14 17 3
1 4 16
7 9 2
6 10 6
14 16 11
11 14 11
10 13 5
4 6 13
4 6 15
20 0 4
8 11 12
12 16 15
14 18 14
13 15 9
21 0 4
9 13 12
4 6 13
23 2 10
21 0 6
19 21 4
20 0 5
21 1 6
14 17 8
2 7 1
17 21 3
18 22 11
8 11 15
4 7 2
14 16 15
