450 18
1 7 8 3 7 6 4 7 1 2 4 10 7 4 8 8 8 3 
12 16 5
0 4 5
3 6 15
20 0 7
11 14 4
21 0 4
8 12 17
17 20 7
0 3 18
21 0 2
6 9 9
11 15 15
10 15 8
22 1 5
0 3 3
5 8 11
12 16 12
17 21 2
10 14 11
11 13 8
14 17 5
10 14 14
3 5 9
2 3 7
4 7 17
20 0 11
3 5 16
7 9 10
10 13 16
3 6 10
3 6 16
1 5 13
19 21 17
15 17 10
3 5 14
20 0 15
14 15 5
11 13 12
11 13 11
15 18 17
16 20 4
22 1 16
9 12 3
5 6 3
20 0 7
8 12 1
9 12 3
2 6 5
21 2 1
8 12 8
9 12 1
14 17 6
12 14 16
7 9 8
21 1 13
18 21 16
13 16 5
2 5 8
22 1 12
6 8 6
2 5 12
11 15 18
1 4 8
15 17 5
15 17 10
9 12 13
10 13 17
3 8 16
13 15 15
14 17 3
4 8 18
13 17 3
14 17 6
19 22 2
20 20 2
2 3 6
4 7 3
2 3 11
15 18 16
14 18 6
9 11 1
13 18 10
3 7 15
13 16 11
18 19 8
13 15 16
11 15 16
4 6 10
5 7 18
4 7 10
1 3 17
9 13 6
11 14 11
21 1 16
0 4 2
18 19 7
5 7 9
18 19 13
6 10 7
17 21 1
19 21 16
1 5 3
19 1 7
20 1 3
0 2 11
7 10 15
23 3 3
9 14 18
19 22 10
12 14 7
5 8 5
5 8 8
21 0 15
12 15 1
13 16 14
0 4 2
19 22 10
7 11 10
20 22 15
1 4 5
3 6 18
12 16 9
23 2 7
21 2 14
12 16 9
0 3 11
2 5 13
17 20 2
19 23 13
18 20 3
16 19 14
18 21 14
10 12 9
2 4 17
19 21 15
2 3 17
6 8 5
6 10 14
5 9 13
5 8 16
1 3 12
14 18 7
19 22 15
16 17 7
19 22 14
18 22 7
8 12 16
14 16 7
12 15 9
16 19 2
13 17 7
0 2 15
15 20 9
13 17 7
19 21 4
11 15 10
14 17 12
16 20 16
19 22 14
21 0 5
2 4 6
4 9 16
4 5 5
17 22 3
21 0 8
18 22 16
22 2 6
21 23 15
2 6 4
5 9 2
19 22 18
3 8 17
12 15 9
4 6 9
6 10 5
0 3 3
10 13 7
7 11 17
11 13 14
2 4 10
14 17 2
5 8 2
21 1 4
11 15 12
14 16 17
10 13 4
11 14 14
0 4 12
4 6 4
15 18 13
15 18 2
13 17 18
17 20 7
9 12 15
14 16 7
15 19 4
3 6 7
16 17 18
19 22 2
5 9 8
21 0 6
23 2 14
3 7 3
14 17 7
12 12 1
9 12 14
17 19 8
5 7 4
19 22 15
18 19 7
5 7 18
22 1 10
7 10 15
18 22 11
4 7 1
11 14 8
21 22 2
13 16 16
18 23 15
10 13 8
14 17 13
11 14 16
7 12 4
19 21 15
17 20 14
5 8 3
15 19 2
1 3 11
17 20 6
15 16 4
5 9 14
12 14 13
1 4 10
17 21 16
6 9 4
12 16 9
21 0 16
12 16 10
11 14 4
18 20 13
21 23 17
6 10 4
6 10 17
8 10 10
20 1 11
13 15 7
6 7 15
17 19 11
0 3 18
16 18 11
7 10 7
13 16 5
10 14 2
9 12 7
15 19 18
2 4 16
3 7 3
5 7 9
20 22 9
14 19 1
14 16 11
8 10 15
1 2 3
0 3 11
0 3 16
10 13 16
20 23 12
13 17 17
4 8 9
12 14 10
11 13 3
19 22 4
0 3 14
19 23 16
16 20 7
9 13 7
4 7 8
1 5 18
0 2 13
7 9 12
12 17 6
2 4 11
21 1 3
16 19 16
1 4 16
11 13 5
10 14 10
1 4 10
6 8 8
9 13 3
6 8 18
16 17 4
8 11 7
21 1 7
0 3 3
22 2 18
7 10 3
12 16 7
22 2 17
12 14 5
18 20 1
14 16 7
20 21 7
14 17 15
7 11 7
0 4 4
4 7 7
7 9 12
11 14 15
3 4 17
7 10 10
2 6 13
18 21 10
16 19 4
1 3 8
16 20 14
9 12 3
14 16 6
16 18 17
21 2 9
2 5 1
1 6 9
10 12 14
3 7 4
17 19 13
1 3 2
3 5 8
3 7 9
0 2 17
20 23 8
20 23 9
18 20 1
4 7 15
5 9 5
18 21 3
1 4 16
10 13 6
17 19 3
20 0 14
11 16 18
10 14 17
21 23 13
15 18 13
14 16 12
15 19 9
21 23 13
16 20 2
2 7 17
0 4 1
7 8 18
1 5 15
15 17 7
22 1 17
10 13 17
10 13 5
1 4 5
19 22 4
15 18 16
11 14 17
10 12 8
9 13 13
10 14 4
7 8 1
3 5 13
13 16 12
15 16 4
15 17 1
22 1 18
10 12 17
19 22 3
7 9 2
23 3 6
9 12 7
20 22 10
14 15 17
1 4 1
14 15 8
3 7 16
19 21 8
23 2 8
3 6 15
11 14 6
0 3 8
18 20 15
8 11 8
13 16 9
14 16 1
7 9 6
0 2 13
16 20 10
13 15 13
4 8 18
0 4 5
6 8 3
6 9 9
3 6 4
8 12 11
16 18 18
20 0 4
21 23 7
19 19 2
4 6 15
6 9 8
13 16 12
5 9 6
19 22 5
23 1 16
21 1 16
12 16 16
21 23 7
19 21 13
23 3 2
1 4 9
15 19 12
13 18 5
9 13 18
16 18 2
16 19 2
2 5 4
13 16 13
13 18 9
13 16 9
8 9 5
9 12 7
5 9 17
2 3 13
6 7 13
10 13 7
14 18 12
13 16 15
5 10 16
17 19 6
9 12 15
20 22 7
0 1 3
22 2 4
5 7 1
4 7 3
14 18 14
5 6 1
12 16 18
16 19 17
13 16 13
12 15 18
9 11 13
22 23 4
13 18 1
0 2 15
8 9 9
5 9 13
