800 12
10 9 3 9 10 6 2 3 9 1 1 7 
17 21 10
18 20 4
16 17 11
23 1 9
11 15 9
12 15 10
20 23 2
2 4 9
22 2 9
16 19 4
23 0 2
13 17 4
3 5 6
15 18 6
3 6 9
9 12 2
5 7 2
18 22 1
3 7 8
13 16 9
13 15 4
11 14 7
14 17 3
6 8 3
17 19 9
14 18 4
13 15 11
22 1 6
0 3 2
4 9 11
15 17 4
17 23 8
5 8 4
5 7 7
3 7 6
3 7 6
11 13 5
4 6 5
3 6 9
1 3 1
2 5 3
14 18 10
5 9 10
4 9 10
9 12 9
1 5 7
12 15 7
0 3 4
11 14 3
20 22 3
23 2 8
4 6 4
20 23 8
18 20 10
14 18 2
18 22 11
13 16 6
8 11 7
21 0 10
19 23 9
7 10 1
15 19 6
17 20 3
15 18 9
0 4 2
8 12 2
4 8 4
18 22 1
20 22 7
6 9 4
0 3 8
19 23 1
11 14 7
8 11 5
0 3 11
10 14 10
5 8 5
20 0 6
14 16 5
3 7 8
22 0 12
22 1 2
4 7 6
16 19 4
23 4 11
1 4 4
14 17 11
2 3 5
6 9 8
21 0 4
22 1 10
15 18 7
11 14 8
23 3 6
20 23 4
2 5 7
10 13 12
15 18 3
17 21 9
15 18 5
20 23 7
17 19 1
9 13 6
11 13 2
14 16 5
3 6 4
2 6 1
12 16 7
20 23 5
6 9 7
14 18 1
10 16 5
19 23 11
3 6 3
2 5 1
13 16 1
15 17 4
1 3 12
18 23 2
22 0 12
14 19 5
3 5 12
19 23 9
6 9 11
9 10 3
22 0 3
17 20 6
14 19 10
22 2 12
21 1 8
5 8 5
2 5 2
13 18 3
9 12 2
19 21 4
11 13 10
5 9 11
14 17 4
17 20 1
18 21 7
10 12 3
4 8 12
22 0 12
14 18 12
5 7 12
21 23 6
6 9 4
12 17 4
6 7 4
8 11 3
6 10 4
15 20 1
16 19 2
18 21 10
22 0 7
0 2 8
2 4 12
9 12 1
1 5 5
3 6 3
4 6 4
23 3 2
14 19 2
11 12 8
21 1 9
20 21 12
2 4 4
6 8 2
2 6 2
10 13 12
9 11 10
15 18 7
2 4 10
3 5 8
17 20 8
7 9 2
3 6 7
17 20 9
15 17 11
20 0 1
23 2 6
19 23 12
11 14 9
5 7 3
8 11 9
4 6 4
23 1 11
19 22 7
1 2 4
6 8 12
15 17 3
0 3 3
6 8 7
5 10 10
11 16 4
21 0 11
6 8 2
10 13 12
4 5 4
14 18 10
20 1 8
16 18 10
22 1 3
17 20 7
21 0 10
6 10 3
0 3 1
20 1 8
4 7 2
1 4 10
4 9 12
17 19 3
8 11 3
13 16 4
21 0 2
9 13 2
11 13 2
18 21 11
1 3 2
16 20 5
12 13 3
23 4 12
7 11 2
21 2 8
21 0 10
14 17 9
10 14 2
11 14 3
9 14 8
17 20 3
11 16 11
1 4 11
9 13 7
15 18 5
20 22 8
14 15 2
22 1 2
22 2 5
8 11 4
5 10 1
5 8 5
0 2 8
9 14 3
5 9 12
18 21 1
7 9 3
9 11 1
6 9 1
21 0 10
6 8 4
20 1 1
18 22 2
4 6 5
11 14 3
17 20 6
3 6 11
4 8 4
7 8 11
18 21 2
2 7 1
20 0 2
14 17 10
14 19 2
18 22 10
2 4 12
14 18 6
18 21 10
2 4 7
13 15 6
6 9 4
0 2 9
5 8 7
11 15 7
1 7 1
5 8 8
7 11 8
11 14 11
4 7 7
3 5 12
16 18 7
15 19 9
13 16 6
10 12 9
1 4 3
5 8 11
1 3 12
23 2 2
3 8 5
9 13 6
20 22 5
4 7 7
3 5 11
7 11 2
9 10 12
2 6 11
16 21 10
14 16 6
13 17 4
7 9 11
3 6 3
23 0 5
7 10 2
7 9 3
6 8 3
1 5 6
23 2 6
14 17 3
6 10 3
6 9 5
16 19 10
18 20 8
11 14 7
7 10 5
20 22 3
14 16 4
20 23 2
16 19 11
18 20 3
1 4 1
12 15 3
20 22 6
13 14 1
6 7 11
6 8 3
0 0 5
12 15 10
11 14 1
2 5 10
9 12 5
7 12 2
16 16 1
3 5 12
10 11 7
15 18 7
17 20 11
13 17 9
9 11 9
5 8 7
0 2 8
13 14 5
23 2 8
5 8 8
0 4 8
7 11 3
13 15 1
12 16 10
4 7 8
8 12 2
17 20 4
23 4 4
2 4 6
9 11 5
11 13 11
23 3 8
9 12 5
16 20 9
19 22 2
13 16 7
4 7 5
23 2 5
23 2 6
3 7 3
1 5 6
9 12 3
18 21 10
3 4 3
11 13 1
14 17 6
21 0 11
21 23 12
17 20 3
5 10 10
15 19 12
12 14 9
14 16 1
6 10 3
5 7 10
19 23 9
13 17 3
4 5 12
19 23 11
5 7 9
3 7 1
5 9 11
23 4 6
20 23 10
0 5 6
18 20 3
21 0 10
3 7 7
6 9 3
19 21 2
19 21 8
23 2 5
10 14 12
23 3 10
11 14 4
3 6 4
2 5 12
2 5 3
2 7 3
9 12 11
6 10 11
23 1 5
0 2 6
1 3 8
10 11 8
16 19 11
9 12 1
20 22 9
16 18 5
6 11 9
19 22 9
12 16 7
11 13 4
4 6 10
0 4 4
15 17 11
9 14 7
12 16 2
16 18 7
13 16 9
15 17 2
8 12 9
10 14 5
1 3 4
16 20 5
10 11 7
14 16 5
14 16 5
16 20 9
5 9 7
22 0 4
17 20 3
9 13 9
5 8 5
17 21 5
8 12 2
1 5 10
12 15 11
0 3 11
9 12 4
9 11 4
7 10 6
8 10 4
19 23 9
0 2 9
23 3 5
14 19 9
13 15 1
7 11 12
7 10 11
14 16 9
2 3 11
7 11 11
17 22 7
12 16 5
1 5 11
12 15 7
9 12 5
2 5 6
23 3 9
15 18 11
15 17 10
0 2 5
14 17 7
21 23 12
23 3 8
5 7 12
19 22 7
9 11 3
7 9 10
3 7 9
9 13 10
21 23 7
17 21 4
21 1 1
16 19 11
8 11 12
8 11 5
12 14 4
17 21 8
21 0 1
9 14 6
6 10 2
6 8 7
3 6 4
18 21 3
11 13 1
0 3 4
19 22 8
13 16 3
0 4 1
13 16 10
9 14 12
0 2 10
18 21 10
22 0 6
2 4 8
7 8 6
1 2 5
12 15 12
7 10 3
0 3 7
0 3 10
22 23 3
19 23 7
16 19 3
1 4 5
15 19 10
8 9 10
12 16 4
20 22 4
19 22 2
2 6 4
16 19 10
6 8 12
13 16 3
10 12 8
10 14 8
9 12 6
13 16 5
15 18 7
20 21 1
2 6 12
11 12 12
9 13 8
8 12 9
22 0 1
15 19 8
4 8 11
11 14 7
22 0 12
16 17 4
1 5 2
9 12 10
12 15 2
18 21 2
0 3 11
4 8 5
4 6 2
19 23 11
5 10 1
18 18 11
0 5 10
23 3 3
16 21 10
16 20 5
6 9 6
2 5 12
18 22 10
7 9 8
21 0 4
10 12 2
12 15 5
5 10 9
3 3 11
10 12 4
14 17 4
18 21 12
10 12 8
6 8 7
4 8 3
12 16 6
19 21 7
23 1 6
13 16 6
12 14 12
15 19 5
15 19 9
18 21 10
12 16 10
10 14 4
6 11 7
22 0 12
17 20 7
3 4 5
13 16 10
14 16 10
18 19 5
20 23 2
8 12 9
2 6 4
1 4 9
6 10 4
16 17 7
17 21 12
7 9 2
19 23 10
12 16 4
18 20 2
9 14 12
8 12 7
4 7 7
0 2 2
15 19 7
19 21 11
3 5 2
6 8 6
6 9 11
0 4 11
20 23 12
18 19 11
17 21 8
23 1 10
11 13 4
10 13 6
6 8 8
5 7 3
13 15 1
8 13 11
9 13 4
4 6 4
18 21 2
11 15 4
11 14 3
20 23 7
20 23 11
15 21 4
6 9 11
3 6 12
22 3 1
22 23 4
10 15 6
6 9 9
22 2 9
7 11 7
12 15 1
8 12 11
23 3 11
14 16 2
4 7 5
5 8 10
10 15 3
9 13 3
5 8 6
11 14 7
15 19 4
16 19 2
9 13 11
13 19 3
11 14 6
10 15 8
11 12 4
14 17 5
15 19 8
23 1 2
3 6 9
18 22 4
0 3 10
13 16 11
1 5 1
16 19 9
1 5 12
0 3 8
2 6 4
13 16 1
19 22 9
10 11 4
13 17 11
23 1 9
12 16 7
7 10 10
10 12 10
21 22 7
14 17 2
9 12 7
8 11 11
10 13 9
6 8 11
17 20 11
18 22 2
7 10 5
21 22 11
15 18 5
14 17 1
0 4 3
7 10 6
17 20 1
2 5 5
0 1 12
12 14 11
7 10 12
13 15 1
4 7 4
10 13 5
9 13 5
4 8 9
10 14 1
22 1 4
13 15 5
5 9 1
14 17 8
15 18 10
6 8 5
4 7 1
8 11 3
20 23 7
3 6 4
4 6 11
21 23 9
9 13 1
10 13 6
10 13 9
14 17 12
4 7 9
12 15 11
6 8 4
10 11 11
14 17 7
1 2 4
21 23 5
8 12 8
10 13 12
2 6 12
11 15 4
20 22 6
19 21 4
5 6 9
6 9 1
6 9 3
23 3 3
13 15 12
4 7 7
17 20 6
20 23 11
16 20 1
2 5 8
13 16 12
11 14 2
6 8 11
19 22 4
2 4 9
17 18 10
14 16 10
0 4 11
14 17 9
10 15 12
18 22 12
16 20 3
18 22 9
4 7 2
5 7 12
16 20 6
16 19 11
11 13 11
11 13 6
0 2 3
16 18 1
5 8 6
0 3 11
19 23 10
4 9 3
7 12 6
17 19 9
7 7 12
20 0 8
11 12 3
10 12 7
6 9 8
23 2 8
13 17 9
22 3 8
22 0 6
17 19 7
14 16 3
17 20 4
1 6 11
5 8 8
3 6 6
9 12 4
11 14 2
3 6 5
12 15 11
20 23 3
7 9 10
8 11 9
22 23 9
11 13 11
14 17 10
20 22 10
10 13 8
7 11 12
19 21 5
15 18 8
6 11 12
5 7 2
8 13 2
1 4 4
14 18 12
5 6 1
18 21 3
9 13 8
13 14 11
13 13 6
15 18 8
10 12 9
10 13 8
9 11 12
9 11 5
