950 16
10 8 1 5 8 9 8 8 5 7 3 4 5 1 7 6 
6 11 5
0 3 13
0 1 15
21 22 16
22 1 11
3 6 1
14 18 14
1 5 2
19 21 11
20 23 5
19 22 8
15 18 6
13 17 5
4 7 11
17 18 10
9 12 5
17 21 8
16 18 8
15 17 13
20 0 5
1 3 4
23 1 16
18 20 11
13 15 16
17 18 2
20 23 8
4 7 3
5 8 13
14 19 6
12 15 3
11 13 2
1 5 7
3 6 7
11 13 10
22 1 5
21 1 15
18 21 3
2 6 10
1 4 6
14 17 3
21 0 12
3 5 13
13 16 3
1 4 15
22 2 5
22 1 10
14 17 2
20 22 12
1 3 12
16 19 5
15 18 8
16 19 2
14 17 13
13 16 15
13 15 1
13 17 8
5 9 10
9 11 8
22 0 10
22 1 8
18 21 4
18 23 13
21 0 2
4 9 14
3 5 10
20 0 1
5 8 13
21 1 5
18 21 4
6 10 12
14 16 3
20 21 11
19 23 1
1 3 3
6 9 1
7 9 16
20 23 8
19 22 9
21 23 5
11 14 13
20 23 16
8 10 10
11 13 6
17 20 7
22 1 2
12 15 10
5 7 1
17 19 14
1 6 5
16 18 7
15 21 13
1 5 3
7 9 14
1 6 10
11 14 9
8 10 6
15 19 6
7 9 5
23 3 3
9 14 4
18 20 3
15 19 5
22 0 6
21 1 3
19 23 3
19 21 14
21 1 10
2 5 13
6 9 9
10 14 5
12 15 1
9 12 2
2 5 7
4 7 3
13 16 5
22 2 3
7 10 3
23 3 3
14 16 12
18 20 13
16 19 14
13 16 8
4 5 11
8 12 2
14 16 4
14 17 16
7 8 5
7 10 2
22 0 11
19 21 10
6 11 13
13 16 12
0 3 1
22 0 12
3 5 4
14 16 11
7 9 13
11 14 5
10 13 8
1 5 16
19 23 12
2 6 9
6 9 1
22 1 2
16 18 5
4 5 9
21 0 16
19 23 2
22 2 8
5 7 14
15 18 1
6 11 8
20 1 5
12 16 6
18 21 1
15 18 8
7 10 11
8 11 11
6 10 12
14 17 6
12 17 10
8 10 5
4 7 5
7 10 8
22 0 14
5 8 4
4 5 14
0 3 9
0 2 10
3 6 6
4 9 3
1 4 16
5 9 3
5 7 4
10 12 14
23 0 10
21 23 7
2 5 14
3 6 5
8 13 2
12 13 11
13 16 11
9 10 13
20 21 15
14 19 4
8 10 1
19 23 10
7 12 15
16 18 14
8 10 6
0 3 16
13 14 4
22 0 4
14 14 1
15 17 6
1 4 1
2 5 9
15 18 5
19 23 8
22 2 13
23 2 6
13 16 7
4 8 13
0 2 13
6 8 12
14 16 2
21 0 9
20 23 12
4 9 3
16 20 14
19 22 13
1 4 2
20 0 1
3 5 11
18 22 5
19 22 1
10 12 15
12 16 11
22 1 7
10 14 15
21 0 2
14 15 9
10 14 2
22 2 15
0 3 13
2 6 6
15 18 16
6 8 14
0 4 12
22 3 7
15 18 8
9 13 11
22 2 15
20 0 14
7 10 10
23 2 9
4 7 9
19 23 7
13 16 15
22 0 6
11 15 13
3 4 2
16 20 4
21 0 10
5 9 6
15 19 5
5 9 10
2 5 5
3 6 13
6 9 7
21 0 9
3 6 14
23 1 3
6 8 3
9 13 7
2 4 3
15 17 13
5 8 10
9 12 6
6 9 6
3 6 8
10 14 9
5 9 4
20 23 8
20 0 2
12 14 4
21 0 15
15 18 4
16 20 1
19 22 12
6 9 3
21 1 14
9 12 1
23 3 14
20 23 1
8 12 4
2 4 16
16 21 11
15 17 6
17 22 13
10 15 16
3 6 7
16 20 7
18 22 5
12 17 4
7 7 7
8 11 16
4 7 8
0 2 11
7 9 1
0 4 9
12 15 8
16 18 13
9 11 1
6 8 7
12 17 10
21 23 12
0 1 3
11 14 9
12 16 16
18 21 13
21 0 4
11 14 4
8 10 7
0 3 4
6 8 7
17 21 8
12 15 4
15 18 13
19 23 6
12 16 15
2 3 8
3 6 13
4 6 1
16 18 5
14 15 13
20 1 8
4 8 6
21 23 11
15 16 3
14 16 7
21 23 12
9 10 1
12 15 13
15 16 4
14 16 14
23 3 2
19 23 16
22 0 10
17 19 2
10 13 11
3 6 5
2 6 5
6 10 12
20 0 13
20 22 8
22 0 4
4 6 3
4 7 10
4 7 11
13 17 9
17 19 2
8 9 14
7 10 15
2 5 3
13 16 5
17 19 6
23 3 11
11 14 10
6 8 6
2 4 15
23 1 13
14 17 8
18 20 15
4 8 7
15 18 1
0 2 9
1 3 11
18 21 13
17 20 11
1 6 7
14 16 15
19 0 3
12 14 1
13 16 9
13 15 5
17 21 11
5 8 13
6 10 9
23 2 10
22 1 5
18 20 15
1 4 7
13 14 7
5 5 5
9 12 5
13 17 6
19 19 4
18 22 4
8 10 6
3 6 13
14 16 10
17 20 3
21 23 6
9 11 2
10 13 10
12 15 1
7 9 15
16 18 14
16 19 15
9 13 5
12 14 8
4 8 13
5 6 2
13 15 5
1 4 11
1 6 9
1 4 11
19 0 1
13 17 14
8 10 4
6 8 9
10 13 10
16 18 14
19 23 5
16 17 5
9 12 12
21 0 14
5 6 1
15 18 16
7 10 15
5 8 8
23 3 12
1 3 8
9 13 12
8 11 16
14 15 7
0 4 2
14 17 15
15 19 13
12 15 12
17 19 9
17 18 5
8 10 11
23 3 2
20 21 13
21 0 4
8 11 10
12 14 4
17 19 10
5 9 5
3 7 14
1 6 5
0 4 10
5 6 13
5 9 8
18 21 12
6 10 7
17 20 1
19 22 9
12 14 4
3 6 10
1 3 4
1 3 10
2 5 7
9 13 14
3 5 13
13 15 7
16 20 9
20 20 5
3 7 4
2 6 3
15 18 14
22 1 9
20 23 10
3 8 10
17 20 14
16 20 16
5 7 7
18 22 8
9 12 15
23 1 10
9 10 6
17 19 1
21 23 13
12 16 3
12 16 9
20 21 4
4 8 2
23 2 3
14 17 16
12 14 5
1 6 5
14 17 2
14 16 10
4 6 8
4 7 13
6 10 14
23 2 7
16 19 9
14 14 14
8 10 1
12 15 10
17 20 8
22 1 1
4 6 6
7 10 11
1 4 5
12 15 6
4 6 11
22 1 12
11 13 10
14 17 8
22 2 13
4 7 13
20 22 11
14 17 1
10 12 3
22 1 16
19 22 1
11 12 13
21 1 15
10 12 13
12 16 1
9 12 11
23 4 12
3 6 6
21 2 1
23 3 11
18 23 2
20 0 16
1 4 3
6 11 5
1 4 13
12 14 13
10 13 9
4 7 6
14 16 13
18 20 13
17 20 7
5 8 10
14 17 5
3 5 16
13 16 4
1 4 6
7 11 4
14 15 12
3 5 8
19 22 10
8 11 1
19 22 3
0 5 2
6 9 14
3 6 10
1 2 1
20 22 7
5 8 7
9 12 10
8 12 5
20 23 6
14 16 16
15 18 3
5 7 12
5 9 15
23 2 10
13 17 10
8 11 13
1 5 14
3 6 15
0 3 4
21 0 16
19 22 10
1 4 3
16 17 12
9 12 2
4 9 11
14 16 3
12 13 7
18 21 10
11 15 5
13 15 15
5 7 8
7 9 3
23 2 5
9 13 2
11 13 7
19 22 4
2 6 16
3 7 4
21 0 4
4 7 6
22 1 12
9 13 12
6 8 13
14 16 14
17 19 1
23 2 8
22 3 16
14 16 6
21 0 5
10 12 14
2 6 16
4 5 14
20 0 8
14 15 1
23 3 9
19 22 2
2 3 2
13 16 6
22 1 6
7 8 10
1 4 13
11 13 10
7 9 2
20 22 2
10 12 11
23 2 15
1 5 12
17 19 11
1 5 3
15 18 8
0 5 7
23 2 16
11 14 1
6 8 2
19 21 3
0 4 11
21 0 11
17 19 6
7 10 9
12 15 2
10 12 5
15 17 2
0 3 3
17 19 5
18 21 14
20 0 4
12 15 5
20 23 10
12 14 1
6 10 14
8 11 5
10 12 2
10 13 8
13 14 13
23 3 16
21 0 12
12 15 14
1 5 10
21 1 6
14 17 15
1 4 12
16 20 15
5 9 4
19 22 7
4 7 7
1 5 2
10 12 16
22 2 10
4 6 10
1 3 12
0 3 7
12 17 14
2 4 4
21 1 9
8 11 11
11 14 9
6 9 4
2 4 4
16 19 6
4 6 16
23 3 8
17 20 11
9 11 3
16 20 9
17 20 9
17 20 15
0 3 9
23 2 9
16 19 8
23 3 13
18 21 3
11 14 10
14 16 6
2 3 3
9 12 6
3 5 14
23 1 8
22 1 7
20 21 10
11 14 14
16 18 15
0 2 7
4 6 5
17 20 8
20 0 8
3 6 10
4 6 4
16 19 12
22 1 14
17 20 15
9 12 3
6 9 2
0 4 11
14 17 10
1 4 14
18 21 6
16 18 4
1 4 6
8 12 15
8 11 15
16 20 8
8 12 16
22 1 6
2 4 4
9 12 6
17 21 2
21 23 13
9 12 8
19 21 12
0 3 11
15 20 3
6 10 5
3 5 14
14 16 2
3 5 5
22 0 12
18 20 11
12 16 6
13 16 7
3 7 1
13 15 10
13 15 1
4 8 15
8 11 2
12 17 12
1 4 1
2 5 1
12 14 8
23 2 13
11 14 4
2 7 14
7 9 2
22 23 10
5 8 4
14 17 6
12 15 5
5 8 4
23 2 14
1 4 6
5 8 16
19 22 16
11 13 9
22 2 9
2 4 7
12 17 4
4 8 15
22 2 10
3 7 12
17 20 11
4 7 5
9 13 1
16 20 1
0 4 9
1 5 13
16 19 16
12 14 12
6 8 10
20 23 1
4 8 12
18 21 4
22 0 8
16 18 5
2 6 12
19 22 8
19 22 9
2 5 11
16 19 13
23 2 2
20 0 7
15 19 7
9 12 16
23 2 9
3 7 3
13 16 9
15 18 13
14 17 5
20 23 1
2 5 2
4 6 4
15 18 15
22 0 10
15 18 8
13 15 7
2 5 1
10 13 4
1 4 7
3 4 15
6 9 15
2 4 16
10 13 13
11 14 10
19 22 3
10 13 1
9 14 14
18 22 10
16 19 8
20 23 5
10 14 12
3 6 13
12 17 3
9 13 10
21 23 10
6 10 6
21 2 12
22 1 4
10 13 10
23 2 6
17 20 11
13 15 6
22 0 3
23 4 7
13 17 6
13 17 6
15 18 14
7 10 12
0 1 1
4 7 5
3 7 8
17 22 8
16 18 15
14 18 7
13 16 5
7 10 6
10 12 11
0 4 16
21 0 9
1 5 9
14 17 15
19 22 11
22 1 7
11 13 10
15 19 7
17 18 15
20 21 1
13 15 7
21 0 3
2 5 13
0 2 14
22 0 2
12 15 8
19 21 11
10 13 1
20 0 8
13 14 6
7 11 6
10 14 13
20 22 8
17 20 5
11 14 15
1 4 5
21 0 8
18 20 11
15 19 8
2 6 3
12 13 15
17 21 11
20 22 4
23 3 16
17 19 7
4 8 16
1 4 10
6 10 6
4 7 7
16 19 9
10 14 8
8 9 10
2 4 16
17 19 12
4 7 1
0 1 11
16 18 12
8 12 10
13 15 14
15 16 12
12 15 13
22 1 7
13 18 8
2 5 8
12 16 4
20 22 13
21 23 9
5 9 12
15 19 1
1 2 3
6 7 10
16 20 8
12 16 9
13 17 12
13 16 9
13 14 11
9 13 14
1 6 3
5 7 7
11 13 14
6 9 14
12 15 11
12 15 1
11 13 3
13 13 3
15 18 6
8 10 5
5 7 13
16 19 4
15 20 15
1 5 14
2 5 8
2 4 1
16 18 4
10 13 2
15 18 13
23 3 5
16 20 2
16 21 15
19 21 16
23 1 1
16 18 2
4 9 8
16 20 15
6 7 11
7 8 14
20 22 1
21 1 8
3 6 12
21 23 11
21 1 6
2 7 8
19 22 3
15 20 12
6 11 16
20 0 10
23 1 5
12 16 4
12 15 16
12 15 12
18 21 11
19 23 11
0 2 6
14 17 2
23 3 5
7 9 5
23 3 10
4 7 15
12 15 16
20 23 3
10 13 4
2 6 16
23 2 11
13 15 14
7 11 15
21 1 15
14 19 16
3 5 15
8 10 11
4 5 13
16 18 8
3 5 12
5 9 13
18 20 9
4 5 5
