850 16
10 1 9 8 3 4 1 8 3 8 9 10 6 2 1 3 
1 5 13
8 11 7
13 17 13
1 4 1
1 4 9
10 14 15
20 0 6
11 13 9
23 3 10
12 13 7
2 4 16
0 5 5
5 8 6
11 13 15
23 2 15
11 15 4
4 7 11
18 21 7
5 9 9
22 0 16
8 12 12
7 10 11
8 11 8
8 12 12
4 7 3
17 21 13
22 1 13
10 12 10
20 22 10
4 8 8
23 3 11
17 19 13
15 20 10
5 7 16
3 5 13
14 18 8
6 10 5
5 6 5
8 11 2
5 10 15
15 19 14
16 19 9
0 4 2
8 12 16
4 7 4
0 4 16
23 1 13
18 21 15
22 23 10
17 19 2
1 4 8
9 12 2
12 14 7
1 2 4
16 19 7
3 5 4
11 14 4
15 17 4
3 7 3
7 10 7
7 10 6
2 6 14
7 11 12
1 3 13
14 17 13
6 10 2
16 19 11
22 2 4
0 3 1
20 22 10
10 13 5
13 18 11
15 19 12
12 13 12
19 23 12
17 19 9
6 9 14
12 15 16
19 21 8
22 1 2
12 15 15
7 10 2
13 16 7
18 19 10
11 12 9
10 12 12
6 9 6
10 12 1
14 17 15
12 14 1
20 23 15
8 12 6
0 3 2
4 7 14
17 19 15
21 2 1
19 22 8
3 5 15
18 22 5
18 20 8
22 1 6
14 15 8
20 22 12
17 20 5
17 19 14
1 5 14
10 13 5
7 11 8
22 2 1
14 17 14
23 1 11
6 12 13
20 0 2
18 22 8
19 22 1
22 0 11
7 9 8
5 5 11
21 23 7
2 8 3
23 2 7
16 21 5
17 21 5
11 14 4
23 3 5
20 0 8
0 1 13
4 6 3
7 8 4
17 20 6
4 6 16
10 15 11
14 18 12
10 15 11
10 13 8
20 21 13
19 22 15
23 2 8
12 14 15
19 21 13
7 11 5
2 4 4
10 12 5
14 18 13
16 19 16
15 19 15
8 13 8
15 20 15
21 22 5
11 13 11
19 21 15
9 12 1
22 0 6
21 0 10
8 11 16
2 5 3
19 23 7
7 11 11
20 22 5
21 1 6
20 0 4
8 8 13
3 7 7
9 13 9
14 20 12
18 22 14
21 1 7
14 17 5
12 15 9
20 23 15
22 23 6
14 17 6
15 18 14
3 8 6
6 9 7
16 20 10
14 18 2
23 3 1
23 1 1
22 1 3
15 19 16
2 5 12
4 6 3
7 8 1
15 18 1
20 0 7
20 21 7
6 9 7
7 10 3
23 1 12
19 21 13
7 9 9
4 5 16
12 14 2
10 14 5
19 22 15
20 22 8
17 21 11
9 12 11
8 11 7
8 11 3
21 0 8
4 6 13
3 7 5
5 7 14
15 17 12
18 21 15
8 11 9
7 11 12
8 11 9
20 0 2
11 15 10
9 12 14
18 22 15
16 19 16
4 7 1
7 11 10
2 5 1
22 0 7
20 23 9
4 8 10
14 18 7
3 7 9
10 16 10
8 10 8
6 10 9
17 20 14
23 2 7
15 16 8
10 14 14
8 9 1
22 1 5
2 4 3
23 3 8
16 19 2
10 13 2
21 22 12
10 12 3
11 13 11
0 4 2
9 12 15
0 4 13
12 13 16
0 4 1
3 6 6
19 21 9
2 5 5
14 18 3
22 1 9
19 0 2
0 2 3
2 6 13
8 10 15
21 0 1
9 11 10
23 2 3
23 1 13
23 2 9
11 14 3
5 6 5
8 11 13
4 9 6
21 1 1
2 6 2
4 8 8
1 2 14
23 2 11
12 13 1
5 9 13
1 5 16
11 14 12
8 11 9
12 14 11
2 5 16
5 7 11
8 12 1
5 9 14
9 11 11
20 23 16
12 15 6
14 17 5
13 16 2
0 3 11
12 15 8
22 1 5
1 4 5
21 0 2
16 20 10
11 15 13
9 12 14
1 3 3
5 8 11
13 16 9
19 21 10
6 9 2
21 0 11
3 7 15
21 0 4
5 7 9
10 15 16
18 21 10
14 17 15
13 16 13
2 5 1
0 3 2
2 5 13
12 14 14
17 20 11
6 9 8
7 10 16
2 4 3
7 10 13
22 2 7
21 0 3
0 5 1
14 17 9
20 21 13
5 9 8
7 12 7
8 12 6
22 3 3
20 23 5
23 3 5
22 0 11
6 8 12
10 13 2
8 10 2
16 21 7
16 17 2
8 11 8
7 11 14
19 21 8
5 7 7
2 6 14
13 16 15
12 17 16
0 4 2
3 6 14
21 23 1
4 6 15
22 2 10
17 20 4
15 18 12
17 20 5
0 4 7
5 7 14
7 11 12
9 13 16
16 20 4
19 22 6
12 15 6
1 4 15
4 6 1
21 1 2
18 21 4
21 2 7
11 13 10
22 0 14
18 22 14
6 10 13
12 17 3
10 11 12
9 13 14
3 7 3
0 2 5
15 18 1
11 12 7
16 19 4
18 22 16
21 1 12
20 23 7
8 11 4
9 13 2
23 3 2
5 9 7
10 11 3
12 14 12
6 10 12
13 15 16
5 9 15
20 22 5
13 17 12
15 18 2
18 21 10
5 7 4
17 19 11
1 4 12
21 1 3
19 22 6
21 0 6
20 23 8
17 20 7
22 2 12
3 7 16
17 20 15
13 17 11
7 12 13
11 14 10
19 20 14
5 7 7
4 8 14
16 19 7
12 15 13
22 1 14
19 22 9
9 10 12
20 22 10
20 23 7
4 8 14
5 8 14
12 15 8
4 6 8
14 18 3
7 11 11
17 20 2
14 16 10
16 18 15
12 14 10
19 22 10
17 21 13
7 9 14
4 8 12
0 3 16
8 11 15
17 20 8
15 17 10
21 23 11
12 16 9
8 10 3
11 14 9
8 9 14
5 8 11
10 12 15
18 19 13
11 12 12
4 6 10
9 12 1
0 4 16
19 22 2
8 11 6
10 14 4
16 18 1
0 3 10
19 22 7
18 19 2
7 10 13
19 21 7
9 12 15
22 2 6
7 10 15
23 2 12
10 14 3
3 7 4
23 2 2
22 2 11
8 12 11
18 22 13
6 8 8
7 12 1
15 18 16
16 18 14
11 14 7
13 15 6
7 8 12
12 15 2
10 13 15
0 3 8
14 19 2
17 20 5
17 20 13
5 9 12
1 4 6
21 23 15
2 5 2
16 19 2
11 13 15
20 23 16
18 22 14
13 15 10
17 18 9
19 22 4
9 12 10
0 3 8
14 15 13
22 2 9
16 17 8
1 4 5
13 16 5
23 1 4
13 16 15
20 1 14
3 6 11
22 2 11
8 10 1
0 2 6
19 21 13
5 8 11
18 21 3
17 22 6
11 14 8
23 3 14
12 17 7
2 5 4
1 4 2
0 3 1
14 17 1
7 10 14
16 19 4
12 15 2
22 0 4
1 2 12
2 4 1
2 5 4
13 16 16
14 17 6
20 0 9
18 21 12
12 16 14
18 20 5
14 17 3
6 9 14
10 13 14
20 23 3
11 14 6
10 12 13
3 7 12
3 5 13
18 22 7
14 18 6
12 15 9
20 21 5
8 11 5
5 9 4
11 15 6
22 1 2
3 4 1
9 11 6
8 10 1
18 20 10
5 9 1
14 16 10
19 23 4
17 21 14
23 2 16
14 16 8
21 1 11
18 20 12
7 9 6
23 1 12
4 6 4
10 14 9
21 23 2
22 23 10
11 13 16
4 6 12
19 23 12
23 2 15
22 0 2
11 13 16
1 3 15
3 6 6
10 13 2
21 1 3
12 15 4
8 13 6
10 12 8
3 8 16
14 16 7
9 11 3
6 10 5
11 13 4
17 19 5
18 21 1
0 2 15
17 21 10
18 22 1
10 14 8
0 4 16
12 14 8
1 6 7
5 5 10
9 10 6
16 19 5
2 8 4
23 4 7
15 18 9
11 14 5
7 12 2
2 4 15
8 11 1
22 0 13
15 18 16
17 20 2
7 11 3
7 11 6
12 14 12
23 4 6
2 3 16
9 12 9
16 19 14
6 8 4
1 6 7
8 10 13
13 15 2
19 22 13
10 12 13
12 15 9
2 5 5
18 20 14
19 21 7
0 3 15
22 1 7
5 6 4
16 20 12
19 23 10
22 2 7
22 0 4
23 4 12
19 21 1
9 11 5
12 15 8
18 22 15
9 13 12
20 21 9
1 3 16
12 12 1
23 2 12
0 4 1
13 17 6
23 1 5
11 14 3
4 8 15
1 4 4
6 9 5
20 2 2
3 6 10
7 8 3
8 11 13
10 13 15
8 11 1
6 9 11
1 4 3
0 5 10
21 23 5
11 14 7
17 19 4
19 23 2
7 10 13
18 21 6
13 16 11
18 21 7
13 15 12
9 14 11
15 19 1
4 7 8
18 19 14
4 8 3
4 8 2
12 15 16
13 15 13
4 9 5
2 5 16
4 9 11
18 22 1
1 3 8
2 5 10
10 13 9
20 22 6
15 20 6
2 6 6
2 7 6
22 2 11
2 4 9
20 23 16
9 13 4
20 22 15
11 13 8
21 1 10
5 11 15
17 19 5
3 7 14
4 7 1
11 14 4
13 17 16
0 3 4
0 4 3
19 21 13
1 4 12
23 1 8
23 1 7
15 18 1
2 5 14
21 23 2
21 1 10
2 5 1
2 6 8
10 11 15
13 13 3
23 3 4
12 15 16
10 12 1
9 11 15
2 3 16
8 11 3
6 8 11
0 4 6
8 10 4
4 8 16
13 17 3
9 11 10
15 18 16
8 12 11
12 14 7
14 17 5
1 3 8
19 21 6
21 0 16
19 22 3
5 7 8
23 0 8
10 13 16
13 16 9
5 7 13
3 6 14
16 20 6
15 19 8
1 3 16
0 3 1
2 3 11
18 22 14
1 3 16
12 15 8
5 8 8
3 6 6
7 10 8
18 21 6
6 9 7
22 2 2
19 22 12
19 21 14
10 13 2
2 4 5
9 10 6
8 10 7
23 1 8
19 23 16
6 8 14
17 20 11
11 13 12
4 6 9
22 0 8
8 10 10
8 12 10
3 6 8
8 11 9
16 20 12
16 20 7
7 9 16
3 7 2
4 6 2
13 18 11
6 9 14
7 11 7
4 7 9
16 19 4
12 16 15
5 8 3
22 1 13
8 12 1
22 1 10
13 17 13
4 6 10
1 3 9
2 6 5
0 2 14
13 15 2
2 5 6
11 14 4
16 17 11
21 23 10
15 17 10
23 2 11
6 9 1
6 9 10
20 23 12
15 17 11
23 3 7
23 2 3
7 10 10
22 2 8
2 5 5
18 22 13
17 21 4
18 22 2
22 1 16
20 0 1
18 21 1
20 22 12
0 5 2
10 14 1
2 4 6
2 7 16
14 17 1
18 21 8
17 18 7
10 13 14
8 10 14
1 4 10
15 17 1
14 19 5
10 13 9
8 13 7
9 12 1
20 23 2
7 11 9
17 21 11
4 7 12
7 11 6
22 23 4
11 13 1
14 16 16
10 12 12
11 14 6
0 4 14
4 5 4
13 14 3
3 7 3
5 9 11
11 12 16
12 14 6
6 9 14
6 10 10
2 5 6
17 20 5
0 5 14
15 19 1
13 17 16
5 8 9
11 15 14
22 2 10
13 17 12
6 8 14
23 2 13
10 12 16
9 13 11
15 19 10
2 6 12
8 11 16
14 18 15
3 7 10
