550 18
9 4 10 1 7 6 9 7 7 4 5 2 6 10 4 8 10 9 
18 21 18
1 4 13
5 7 18
0 3 14
5 8 11
9 12 6
10 13 16
19 0 4
7 12 2
1 4 5
17 19 14
16 19 11
21 23 15
21 0 17
21 1 4
8 10 13
7 12 1
21 1 7
18 22 8
6 11 6
8 12 11
22 2 5
0 3 13
13 15 14
5 8 1
9 13 8
22 2 2
14 18 15
5 7 5
7 11 11
3 6 8
8 11 8
7 10 15
18 22 12
19 21 15
8 10 7
16 19 6
11 13 12
20 23 17
7 9 8
17 19 4
8 11 4
16 17 10
23 3 9
2 2 18
7 11 6
12 14 16
14 16 18
14 17 13
8 12 18
16 20 11
13 16 8
16 19 4
12 15 18
15 17 16
8 11 4
5 9 9
19 23 4
5 8 17
13 18 17
4 6 6
22 0 3
9 11 13
20 23 16
20 22 18
1 6 9
7 9 15
19 22 2
3 6 5
1 5 1
13 18 2
5 9 5
16 19 6
15 18 9
20 0 11
21 23 2
2 5 17
0 1 7
22 2 16
16 17 2
19 23 17
7 10 10
19 1 11
13 15 1
9 11 1
16 19 4
6 8 12
9 12 11
9 12 6
4 6 9
0 2 8
22 1 8
4 8 11
1 5 6
22 0 12
15 17 1
22 2 15
20 23 15
4 7 6
18 21 16
23 1 8
2 5 17
17 19 9
1 4 18
18 21 18
5 8 16
6 8 2
16 19 4
12 15 17
23 1 7
2 3 18
12 16 16
19 23 16
22 23 5
1 4 3
18 20 6
1 2 5
20 23 17
2 5 11
10 12 6
11 16 12
18 22 15
22 1 8
4 6 7
5 9 17
21 0 11
22 1 12
13 17 10
11 14 18
1 5 8
1 2 16
6 10 8
0 3 6
21 22 8
6 10 3
19 21 17
16 19 4
8 10 11
10 12 15
11 13 18
4 8 14
12 14 8
2 5 12
21 0 16
8 10 16
17 21 16
8 10 15
14 17 8
16 17 15
10 13 12
14 17 14
21 23 3
6 10 5
7 10 18
0 3 7
13 17 1
21 23 1
17 21 16
9 12 12
13 16 7
16 19 6
4 7 6
6 8 5
9 12 14
15 18 14
15 17 17
15 19 1
3 5 15
21 23 7
15 17 5
18 21 3
14 17 13
19 23 1
1 7 16
21 0 5
14 17 15
21 0 9
18 22 8
0 3 13
0 3 15
2 4 8
10 12 13
10 13 13
14 16 17
20 23 17
18 20 3
13 15 18
14 14 13
18 21 3
12 13 17
5 7 12
10 13 3
7 10 8
16 19 18
12 17 17
6 7 3
7 11 13
11 15 17
12 16 15
4 8 17
4 6 18
8 12 17
21 23 12
15 17 7
15 19 2
20 23 4
20 23 14
5 9 5
8 11 4
12 13 11
3 6 5
5 7 15
9 13 17
3 6 18
8 12 4
5 8 2
20 23 16
1 4 5
8 12 15
1 5 1
17 21 10
13 14 12
21 1 15
10 12 17
23 2 13
6 8 9
16 19 1
10 14 15
13 16 5
18 22 16
18 21 13
4 7 4
4 7 5
15 18 18
20 23 13
8 12 8
13 16 2
19 22 12
6 10 17
21 0 3
20 23 17
8 11 16
6 10 7
16 19 1
13 16 11
4 7 7
15 18 17
23 2 13
0 4 3
18 21 15
3 6 5
3 6 4
12 15 11
1 4 1
18 22 1
7 9 16
17 19 7
18 21 1
14 17 16
15 18 18
5 11 14
1 4 12
14 17 14
8 9 4
10 12 4
0 3 1
12 14 5
15 19 18
4 9 17
7 9 15
9 12 10
13 16 13
9 12 10
20 22 13
20 23 12
2 4 7
21 0 10
7 10 16
12 14 16
11 14 15
14 18 4
2 6 13
8 10 15
18 21 13
20 0 9
16 18 5
9 13 12
13 16 1
9 12 2
6 7 5
18 21 11
12 14 10
0 2 11
7 9 13
2 6 15
16 18 4
9 13 3
10 12 6
18 20 2
13 16 6
19 23 15
22 0 2
10 14 7
20 20 18
13 17 1
12 14 1
15 18 15
21 23 10
7 9 14
1 4 9
10 13 12
11 15 8
1 5 10
5 7 3
5 8 10
16 18 14
6 9 4
5 8 1
5 9 15
4 6 18
10 14 1
20 22 4
21 23 9
0 3 18
23 1 6
10 13 7
7 10 10
11 15 11
4 8 1
22 3 15
8 12 10
15 18 7
7 10 8
2 6 10
8 11 14
21 0 10
5 7 13
6 10 7
6 7 15
20 22 17
22 3 1
16 17 13
14 19 15
4 6 9
20 22 5
7 10 1
14 17 6
15 19 5
21 1 10
19 22 14
23 2 6
6 10 2
1 4 14
22 1 3
13 15 10
22 2 8
6 10 5
0 3 6
9 12 14
17 20 16
18 22 6
23 3 10
7 10 9
0 1 18
5 9 10
15 16 5
5 7 13
3 6 18
10 14 6
5 9 17
6 9 3
9 12 14
6 10 18
14 18 14
17 18 11
3 5 14
15 17 15
23 1 5
4 7 14
10 13 3
21 0 2
17 21 8
15 18 2
2 5 5
1 2 4
6 8 15
6 9 7
13 17 18
14 17 8
7 9 18
20 23 13
22 1 2
18 21 14
21 0 3
3 6 10
5 8 13
18 20 13
8 10 8
18 19 18
3 6 18
2 4 17
20 22 17
12 15 6
14 17 12
17 19 9
15 18 9
23 3 7
20 23 14
0 3 18
7 9 2
15 19 11
6 8 15
14 17 17
13 15 11
20 22 15
0 2 15
3 5 3
3 7 13
3 5 3
2 5 9
5 6 18
15 18 15
22 2 18
13 16 10
13 17 10
5 8 10
2 6 10
23 2 3
20 23 9
0 2 7
14 15 12
0 5 12
12 15 5
0 4 5
9 12 18
15 16 15
13 16 17
5 9 14
9 15 4
18 21 5
10 11 2
13 15 13
7 10 2
13 16 15
18 21 15
8 9 5
16 17 11
13 17 18
18 21 7
4 7 6
6 8 2
21 23 11
12 15 4
15 18 7
11 15 5
21 0 9
12 16 15
18 20 4
9 13 18
1 4 18
7 9 15
15 18 3
15 18 6
6 9 15
8 12 2
23 2 18
4 7 7
6 10 6
11 12 12
13 17 1
7 9 4
8 10 15
20 23 6
16 18 14
10 15 12
12 14 15
8 11 17
10 13 8
20 23 5
6 8 15
5 9 12
3 5 4
5 7 7
13 16 15
3 7 18
2 7 13
18 21 4
10 13 13
19 0 3
15 19 14
1 6 16
21 0 9
17 20 9
18 20 15
8 10 9
7 10 18
9 12 7
18 20 13
16 19 11
4 7 8
3 6 16
10 14 8
14 17 16
17 20 3
20 23 10
16 17 15
13 16 5
15 19 3
19 22 13
6 8 8
7 12 4
16 17 7
6 10 16
18 22 1
18 21 5
7 11 8
23 1 18
20 0 11
10 13 17
16 19 3
9 10 4
4 8 16
11 15 3
2 5 3
6 7 6
4 7 17
23 2 9
3 4 8
21 1 13
15 19 1
12 14 13
0 3 16
22 22 18
1 5 8
10 13 18
12 15 2
17 21 13
14 18 18
7 10 4
19 23 4
16 20 17
5 9 7
10 12 8
19 21 4
20 22 6
22 3 2
2 4 15
0 3 4
15 15 8
16 18 7
