2250 15
8 1 6 9 7 9 5 7 7 6 4 7 1 3 3 
10 14 3
11 13 8
21 0 5
17 18 6
4 6 5
21 23 12
5 8 3
16 18 14
1 4 12
2 6 7
9 11 2
21 0 9
7 10 3
18 21 10
13 15 15
5 8 15
12 15 1
5 8 3
19 21 11
2 3 15
20 23 13
9 13 4
11 14 15
15 19 3
17 19 12
16 18 15
9 11 12
4 7 7
13 17 4
0 4 8
15 17 9
0 2 14
4 7 7
17 19 15
12 15 7
7 10 13
14 15 13
6 9 15
20 22 11
1 3 14
13 17 12
9 12 5
7 9 11
11 14 4
5 8 15
19 21 2
15 18 5
2 4 13
20 23 10
9 11 10
14 16 12
21 23 15
2 6 7
7 9 5
13 16 2
4 7 4
3 7 7
3 5 5
9 12 9
18 20 8
23 1 9
2 6 4
15 21 1
18 22 9
2 7 2
14 17 4
23 0 13
22 2 2
14 17 3
9 14 10
23 1 1
14 16 9
6 9 10
8 9 6
0 4 8
5 7 12
16 20 11
6 10 8
19 22 14
6 10 6
21 1 10
0 3 7
23 3 13
8 10 8
19 23 15
7 8 6
19 22 3
22 1 2
0 3 5
14 20 15
21 23 15
6 10 1
2 5 10
7 10 13
23 0 1
0 2 5
18 20 9
8 10 1
23 1 3
15 16 2
3 7 15
7 12 15
13 16 13
5 9 4
15 18 11
6 9 2
2 6 7
6 10 9
14 17 2
13 17 14
23 1 15
2 5 3
18 21 2
13 16 8
8 10 4
11 14 11
23 2 13
2 5 15
2 4 1
9 12 10
11 16 7
0 3 10
5 9 14
13 16 13
20 23 7
1 3 11
15 18 3
6 11 12
17 18 2
5 9 14
11 13 6
1 3 3
8 11 3
22 2 9
16 20 3
18 22 10
10 12 15
2 7 15
12 14 2
20 2 2
15 19 12
18 22 3
7 9 15
23 2 11
16 19 14
21 1 10
8 11 3
16 21 15
16 19 8
0 3 13
15 18 6
0 1 9
0 3 8
23 2 8
0 3 4
9 12 1
8 10 8
15 20 11
4 6 14
3 6 1
12 16 15
17 20 2
12 14 8
4 7 15
7 10 9
23 3 6
21 0 3
2 6 1
6 10 1
19 0 7
12 14 2
18 21 8
0 2 14
6 9 14
16 19 9
4 8 3
8 11 2
17 20 6
5 9 8
21 0 5
5 7 5
15 17 1
8 11 8
11 12 9
11 13 15
20 23 10
9 11 6
5 9 10
20 0 3
12 15 4
7 9 1
3 5 11
4 6 1
20 23 8
20 23 14
5 8 8
7 10 3
23 3 11
4 6 5
14 18 8
12 14 5
6 9 7
8 11 10
1 4 6
3 7 3
10 13 3
13 16 8
14 17 9
2 4 8
11 12 15
11 14 13
22 1 11
0 2 1
20 1 1
4 5 14
1 4 1
23 0 15
22 4 5
2 5 15
0 2 11
15 18 11
17 21 15
10 13 6
3 4 11
13 16 15
8 11 4
13 15 11
20 0 11
7 13 8
11 12 12
4 7 11
14 18 7
16 20 13
8 11 6
0 4 12
9 10 1
7 10 9
4 5 5
7 9 5
20 23 13
11 14 12
10 12 14
9 13 15
9 11 14
9 10 8
5 7 13
7 9 1
19 20 6
15 18 8
12 14 5
2 5 2
20 23 15
16 18 12
18 21 3
11 13 5
8 11 15
15 17 8
20 21 5
6 9 6
8 11 6
14 18 3
9 10 13
12 15 11
21 0 1
13 15 5
13 15 9
1 4 13
19 23 9
22 23 7
21 23 15
15 20 4
1 4 11
13 17 2
11 15 10
15 18 7
20 0 12
7 13 8
21 0 15
22 1 1
23 2 6
23 4 10
19 0 3
7 11 9
12 13 12
22 2 9
7 9 8
8 11 2
17 21 5
13 16 14
5 8 1
22 2 13
3 6 4
12 15 8
5 6 10
5 7 7
14 17 2
6 9 8
15 21 7
17 21 5
6 7 5
16 21 3
20 23 4
16 18 10
23 0 15
10 12 15
15 18 5
5 10 4
6 10 1
0 1 5
23 2 2
19 21 9
0 2 13
6 11 6
10 13 6
14 18 11
17 20 13
18 22 13
12 16 9
2 7 7
18 20 11
16 19 11
18 20 6
18 22 10
15 19 12
18 21 4
19 23 11
4 8 10
0 3 14
22 2 12
20 0 3
21 0 9
10 14 6
14 17 12
15 20 8
6 9 5
13 16 9
3 5 11
5 8 1
18 19 8
4 7 1
7 10 3
22 1 15
18 20 1
5 7 7
9 13 1
15 19 8
5 6 14
1 5 7
5 6 1
4 8 13
13 16 1
9 13 11
1 3 6
15 19 9
18 23 11
12 15 14
10 13 7
14 17 9
0 2 9
16 18 5
22 0 6
9 14 9
5 9 6
4 6 14
7 10 4
13 15 9
15 17 4
1 3 1
10 12 4
12 16 13
21 2 2
0 4 1
20 23 14
16 19 6
5 10 3
13 15 14
3 7 7
17 21 6
17 20 12
11 13 11
7 10 11
14 17 11
13 17 10
22 2 8
9 11 11
0 3 14
8 11 14
4 7 2
6 10 15
19 22 9
15 17 6
8 9 10
3 5 11
4 5 6
20 23 10
8 12 7
17 19 6
14 17 3
23 4 1
20 22 12
5 8 4
2 6 4
1 3 5
0 3 14
1 2 8
13 16 12
17 18 1
3 7 13
8 11 12
11 14 3
23 3 9
23 1 2
11 13 1
17 21 3
1 5 4
12 16 7
16 18 9
3 5 12
0 4 1
15 18 10
22 2 9
4 6 9
5 9 3
4 8 6
23 3 13
0 3 1
12 14 14
21 0 14
13 18 3
1 3 14
12 15 3
2 4 11
18 21 12
21 22 3
3 7 8
4 7 4
20 23 14
14 19 13
16 20 2
18 20 11
22 2 10
6 9 15
12 16 7
7 10 4
1 4 8
3 5 14
4 6 12
14 17 12
9 13 2
19 21 11
21 0 10
23 2 13
3 5 7
21 1 14
19 22 8
13 17 15
22 22 13
20 0 2
8 11 9
21 23 12
6 9 5
2 4 8
8 13 1
14 18 11
14 15 1
9 12 5
13 16 15
8 8 7
8 10 5
13 16 4
15 20 6
9 11 14
10 13 15
15 17 1
4 6 8
6 8 4
12 16 8
17 21 12
4 8 3
5 9 6
13 16 5
20 23 4
21 22 2
19 23 11
18 21 1
20 23 3
2 6 5
10 14 13
6 10 13
3 7 4
18 23 11
12 14 4
8 10 13
11 13 5
6 9 9
1 4 15
6 9 3
5 7 12
21 0 13
17 20 7
8 11 7
22 23 5
12 16 14
19 23 15
1 3 2
3 5 8
4 7 7
10 12 6
13 15 10
18 22 2
6 9 11
3 4 10
17 22 1
12 15 15
22 1 9
2 4 13
13 17 2
23 2 12
7 10 6
15 18 1
10 14 6
15 19 5
7 10 10
13 16 14
3 7 5
12 15 6
23 2 9
21 2 3
1 5 9
7 11 10
7 11 1
16 20 5
19 21 4
3 5 7
4 9 4
7 10 3
16 18 8
11 15 7
12 16 14
23 2 1
2 6 10
18 21 10
20 0 11
0 3 11
23 0 7
8 12 1
13 14 5
15 18 2
6 7 11
16 21 12
6 9 1
21 0 6
9 11 6
22 1 2
9 12 13
7 12 7
11 14 14
5 6 14
17 20 1
11 12 1
17 19 6
18 22 12
9 12 8
9 12 14
1 4 8
6 9 9
3 7 7
6 9 9
12 17 8
5 7 8
20 1 10
5 8 4
6 7 10
0 3 8
9 12 15
17 20 6
17 20 13
14 18 6
11 15 2
21 23 13
9 13 1
22 1 15
15 18 4
16 19 15
12 14 13
5 8 4
4 8 4
16 20 9
21 0 10
23 4 10
11 15 3
2 5 8
6 7 3
9 11 13
8 11 6
16 20 14
5 7 2
18 23 10
6 10 10
19 21 4
8 10 8
18 21 6
17 20 1
17 21 15
5 8 4
9 12 5
9 12 15
6 8 14
6 8 4
7 9 9
12 14 5
21 23 3
1 5 11
4 8 5
14 15 12
6 10 3
18 21 7
2 5 9
21 2 10
2 7 10
12 16 10
8 10 8
7 9 4
18 22 15
7 9 4
3 7 11
5 9 4
21 0 11
1 3 4
8 11 13
5 9 13
22 1 7
9 12 9
17 20 2
6 10 7
4 8 4
7 8 14
13 15 2
22 1 6
12 16 10
17 22 6
2 5 8
7 10 6
19 22 9
6 8 13
13 16 1
3 8 5
17 20 9
0 4 13
18 20 3
0 4 6
7 10 5
0 5 12
0 3 10
7 12 11
21 1 14
16 19 5
14 18 4
4 8 13
15 18 5
14 17 10
19 23 9
1 4 12
9 12 13
0 4 14
4 7 4
18 21 15
2 5 13
9 12 13
7 8 4
11 14 6
18 21 5
6 10 12
5 7 12
18 21 5
11 16 15
16 19 2
11 14 14
11 13 6
6 10 7
8 11 15
9 11 4
8 12 13
15 16 4
20 22 8
14 18 7
18 22 10
18 22 1
14 16 1
19 22 2
10 11 10
0 1 15
13 16 15
17 20 4
15 19 14
21 0 12
18 22 14
2 3 10
21 23 9
22 1 15
8 12 4
13 15 13
20 0 11
5 7 6
23 3 9
13 15 2
5 9 15
21 22 2
4 7 11
22 0 1
9 10 2
1 5 13
17 19 12
6 10 3
2 5 13
12 17 4
4 7 5
17 20 5
8 11 15
8 14 5
16 20 3
3 5 10
17 21 4
22 0 11
19 22 11
10 13 5
17 22 14
12 16 8
5 7 6
3 5 6
15 17 7
2 5 13
0 4 15
18 19 3
13 16 2
11 15 4
6 9 1
15 18 13
20 0 5
4 6 10
2 5 7
17 19 5
23 0 3
23 2 1
12 16 2
6 9 8
23 2 6
23 1 6
4 7 1
14 18 10
9 11 4
6 8 4
11 13 13
20 1 3
5 7 13
15 20 8
20 23 8
4 6 5
19 20 2
23 2 2
19 22 8
8 9 4
17 21 4
5 8 7
21 23 10
12 16 3
16 18 4
19 22 5
10 15 5
20 23 1
4 5 13
1 4 10
13 15 13
1 4 12
1 5 5
22 23 15
15 17 4
20 0 9
0 2 2
23 3 4
22 0 12
6 8 10
7 11 1
18 21 13
19 22 14
7 11 6
8 11 5
9 13 7
18 20 10
4 6 3
19 21 13
22 1 8
16 21 13
18 22 5
4 6 8
3 5 13
14 17 1
11 12 13
3 7 11
14 17 14
7 9 4
4 6 7
20 1 5
19 19 6
11 14 9
23 2 11
22 2 15
7 9 11
13 15 8
4 5 1
23 1 7
16 18 5
4 7 9
2 5 5
10 13 6
6 10 10
22 0 3
14 17 7
20 22 15
18 20 2
22 1 15
23 2 5
7 11 3
9 13 2
8 11 1
5 8 13
17 20 14
11 16 11
13 16 6
21 2 9
3 5 5
1 4 8
5 10 8
21 0 4
1 4 9
3 4 2
2 5 3
14 16 2
11 15 4
2 4 3
8 9 12
4 6 1
9 13 8
23 1 15
10 12 10
21 22 3
22 1 6
19 22 5
5 9 4
15 19 5
13 15 13
9 11 15
1 6 13
3 8 8
0 2 8
1 4 10
18 21 4
19 23 9
16 19 14
20 0 12
1 6 15
9 13 5
17 18 13
10 13 2
22 23 15
3 5 8
18 21 3
3 6 11
20 23 14
3 6 11
2 5 2
18 22 5
12 14 2
22 2 5
9 11 2
23 1 8
7 12 10
22 2 6
4 9 8
3 6 4
8 10 7
11 11 8
7 10 4
8 12 8
15 19 10
12 15 7
7 10 11
2 7 11
12 15 15
20 22 9
14 15 10
2 7 3
1 5 13
6 9 2
10 13 5
21 2 2
20 23 2
3 8 5
5 10 4
8 11 6
8 10 12
12 15 3
9 12 3
9 13 7
7 9 6
14 17 2
5 7 5
23 2 9
7 12 3
20 0 15
4 6 12
19 21 14
14 17 11
11 16 2
7 12 8
15 19 9
8 10 3
5 9 2
0 3 6
16 19 9
8 10 11
0 2 7
4 7 10
21 1 15
0 4 2
14 17 5
1 4 5
23 2 5
17 19 12
15 18 14
4 7 7
0 4 7
19 21 1
9 13 12
4 7 9
8 10 5
9 12 10
4 7 9
12 15 7
15 18 5
12 16 13
14 18 10
6 8 11
6 7 9
3 6 1
7 10 6
3 7 6
22 2 2
15 18 2
10 12 14
18 22 3
17 20 10
19 22 13
11 14 11
22 3 9
1 4 13
17 21 5
20 23 2
16 19 7
22 1 7
13 16 8
11 14 12
11 15 3
20 0 15
14 16 9
18 20 9
9 10 7
9 13 6
3 6 11
16 19 3
6 8 2
6 9 14
7 9 10
8 11 5
12 15 2
10 13 8
23 2 8
22 2 12
8 11 9
12 14 11
20 23 12
13 16 11
18 22 11
9 11 2
8 11 6
8 10 8
22 1 11
1 3 11
16 19 15
9 13 15
10 14 10
7 12 2
0 3 12
13 16 9
23 1 3
18 22 5
1 4 8
6 9 1
3 6 1
10 14 13
1 4 6
16 19 13
14 19 5
18 20 15
8 11 7
22 2 2
8 12 15
19 23 2
21 1 7
13 16 13
2 6 12
8 11 10
10 11 6
15 18 15
7 9 5
16 20 7
15 18 9
8 10 8
22 1 11
2 4 11
10 13 8
12 15 9
12 16 7
17 21 5
3 7 4
11 16 5
4 7 6
12 14 13
8 12 12
5 8 8
9 12 5
1 2 4
12 15 15
12 15 4
16 21 9
5 7 5
7 9 4
11 14 15
3 7 7
14 16 5
6 10 3
19 23 9
18 21 9
15 18 2
7 11 11
13 16 8
6 8 13
10 12 9
20 23 10
6 8 9
1 2 13
21 0 5
16 17 9
0 2 8
10 11 12
19 22 10
6 8 13
20 23 9
16 18 6
8 11 8
17 20 14
18 18 6
10 13 6
4 7 6
13 16 13
6 8 14
2 7 11
16 20 2
17 20 3
22 1 15
4 5 2
0 3 6
23 3 9
11 14 6
23 1 8
16 20 10
18 22 1
3 6 10
7 10 15
1 4 11
1 4 11
21 1 7
15 17 13
15 20 2
1 3 3
19 23 6
16 19 12
14 17 11
23 1 4
1 3 6
18 20 3
23 2 3
7 10 13
12 15 14
17 21 12
11 15 10
10 13 13
15 19 14
4 6 5
16 21 7
15 18 12
11 13 11
21 1 3
18 20 2
11 15 11
11 14 14
13 15 5
2 5 14
20 23 8
7 10 1
22 0 7
17 19 8
22 1 11
5 6 1
15 19 13
2 5 5
22 1 1
14 17 6
23 2 3
16 20 8
7 10 14
13 15 4
0 3 6
20 23 9
18 22 1
22 0 14
4 8 11
14 17 15
15 16 6
11 15 5
17 20 4
8 10 7
16 19 6
9 13 9
14 15 7
16 19 13
7 10 7
9 12 12
15 16 6
16 18 12
21 0 6
17 20 8
18 18 4
2 6 2
4 6 11
2 6 7
5 7 15
20 23 6
0 3 4
22 0 2
0 2 9
23 1 14
9 12 14
0 4 8
1 5 15
21 0 13
13 16 12
3 7 3
8 11 12
9 11 4
19 22 5
7 10 11
11 13 7
14 17 9
14 18 6
18 21 4
20 22 5
20 1 15
10 13 15
6 11 15
10 11 2
16 18 12
6 9 3
22 2 10
21 1 5
21 1 13
1 4 11
23 2 5
8 12 11
7 10 3
6 10 14
0 4 8
23 2 8
3 6 2
7 9 13
5 8 11
11 13 3
4 6 8
21 0 13
11 15 11
5 9 12
1 4 12
20 0 6
20 1 1
14 16 11
6 8 3
18 21 6
21 1 3
4 8 1
6 9 5
12 16 3
16 20 15
15 16 6
5 9 13
0 3 12
3 5 13
19 22 6
14 16 14
10 13 10
2 5 10
2 6 15
22 1 5
21 2 4
23 0 6
16 20 8
8 11 3
14 18 12
7 9 15
18 23 9
22 1 7
4 9 10
8 13 3
10 15 3
2 5 6
2 7 1
1 2 15
3 5 10
5 9 1
1 6 15
8 10 7
7 11 1
6 9 4
2 5 3
2 6 3
5 9 10
22 0 15
20 0 1
20 23 6
16 18 15
19 21 3
22 2 2
7 10 7
16 19 9
15 18 15
12 15 3
15 16 4
20 22 9
15 17 15
14 17 13
3 6 12
21 1 15
10 14 2
19 22 11
10 14 2
1 5 12
4 7 9
5 8 11
16 18 3
13 15 6
8 11 2
7 10 8
12 15 3
14 18 15
17 20 14
23 1 3
20 23 6
22 1 13
7 9 11
9 11 10
18 23 9
21 1 4
0 3 3
10 13 9
19 22 15
6 8 15
2 7 11
2 5 15
19 22 9
13 18 8
20 22 3
7 9 1
11 14 8
20 0 6
22 23 4
21 1 15
1 5 2
8 11 1
5 8 5
7 11 11
15 18 2
17 21 3
5 8 13
7 11 7
23 4 10
18 22 1
23 2 7
3 6 3
1 4 5
11 15 12
17 21 2
16 19 9
7 11 13
20 0 3
21 0 14
3 6 3
6 9 14
13 15 12
5 9 2
21 0 11
9 12 1
1 5 10
23 4 11
16 19 4
0 4 10
20 23 9
19 0 9
18 21 15
13 15 3
20 23 1
20 23 13
7 8 10
7 10 15
23 2 3
3 6 3
17 20 12
23 2 4
0 1 8
5 7 14
15 17 9
0 3 9
1 5 1
14 17 12
21 0 5
17 20 1
3 5 12
8 12 3
16 17 7
11 13 4
4 7 9
4 6 7
17 19 3
6 7 1
1 5 15
13 17 13
2 2 12
19 22 3
2 4 7
22 1 4
21 2 4
0 3 6
7 10 10
10 12 12
23 3 5
19 22 1
6 9 8
20 1 9
22 1 9
23 3 1
10 13 7
2 6 4
12 15 3
9 12 6
7 10 11
19 23 6
0 4 11
19 21 4
5 8 6
17 20 12
5 7 9
17 20 8
23 2 11
11 15 14
4 7 2
14 18 14
0 2 4
20 23 10
10 12 7
5 8 4
7 10 12
11 14 1
23 3 10
0 2 6
12 14 1
0 4 10
21 0 6
12 15 7
7 11 14
21 0 5
4 6 15
10 13 13
21 1 13
18 22 5
5 7 1
4 7 6
11 13 3
2 5 6
10 15 5
13 15 10
7 10 3
3 5 1
20 23 10
5 8 1
7 9 8
10 13 2
23 2 2
0 3 6
13 16 14
3 6 3
19 22 5
8 10 15
17 20 3
13 15 13
13 16 13
15 18 6
16 21 10
17 20 6
9 13 7
21 1 14
0 3 11
18 20 3
5 9 1
20 0 10
2 6 4
13 16 3
2 6 7
6 8 11
15 20 5
15 20 3
6 10 9
15 17 3
10 14 2
8 11 4
16 20 1
3 6 10
21 23 11
2 6 9
17 22 3
0 3 3
12 14 1
22 1 8
12 15 15
9 12 3
7 9 15
14 16 15
0 4 13
21 1 1
2 4 15
18 20 4
15 18 2
1 2 12
5 8 11
10 14 3
5 8 14
23 1 6
17 19 15
6 9 5
19 20 6
6 10 14
18 21 15
5 9 6
6 8 1
1 3 3
5 8 8
0 2 3
7 10 5
8 10 4
22 1 12
14 17 5
3 6 12
14 18 5
7 9 7
12 15 12
18 21 9
1 5 5
2 6 7
22 3 13
23 0 13
19 21 14
3 6 7
3 6 7
22 0 7
3 6 6
10 13 2
6 8 2
6 9 15
2 4 14
14 17 3
20 22 13
23 3 14
18 21 1
9 12 12
22 1 6
7 9 7
2 4 6
10 13 8
22 1 1
9 11 6
9 12 14
2 6 7
7 11 9
9 11 13
5 8 10
21 0 1
22 2 8
15 19 10
11 14 13
20 23 12
19 22 7
11 15 13
8 12 13
17 22 13
11 15 12
14 16 6
5 9 6
9 14 4
15 18 8
16 17 5
15 18 14
18 19 7
15 18 1
17 18 7
4 7 3
18 21 2
3 6 9
16 18 6
15 16 6
0 3 5
13 16 11
19 21 1
13 16 13
18 22 5
11 15 9
23 1 10
16 20 8
3 6 3
11 15 4
9 9 11
0 4 7
9 13 4
17 20 2
8 10 10
14 16 8
3 6 2
8 12 11
21 0 5
14 15 8
3 6 1
20 22 13
9 13 6
7 10 9
17 20 1
14 16 3
18 20 4
15 18 12
0 2 3
1 5 15
0 4 9
16 18 9
13 15 9
16 20 5
0 3 15
14 19 7
18 20 9
7 8 11
5 7 8
19 23 7
1 4 3
8 11 8
21 1 7
22 0 2
19 22 14
13 17 11
23 1 11
11 14 6
12 15 7
3 5 7
13 15 8
0 6 14
9 13 11
6 9 7
4 7 5
0 3 8
3 7 4
5 9 6
23 4 1
12 15 3
1 6 9
18 21 2
10 12 12
7 9 10
12 15 13
11 13 13
19 19 11
12 17 5
16 19 12
11 14 15
1 4 14
20 0 14
0 3 12
12 15 5
2 6 1
23 1 5
19 21 8
0 3 2
6 8 1
12 14 9
3 8 12
7 9 12
16 19 3
22 0 13
7 10 5
4 6 5
17 20 11
20 0 13
18 21 7
2 5 14
11 14 3
16 17 11
17 19 7
19 23 4
4 8 4
18 22 14
1 4 9
7 9 5
1 4 13
23 1 13
10 15 9
2 6 15
16 17 8
2 5 9
8 11 15
21 1 10
1 5 7
19 20 11
18 20 13
4 7 1
17 20 1
18 20 10
10 12 4
16 17 8
14 17 4
12 16 6
14 17 9
8 11 6
17 19 3
7 11 11
8 14 5
19 21 14
11 14 4
7 11 13
3 8 2
22 3 13
18 22 7
7 9 4
17 20 8
1 3 1
13 15 5
6 10 1
20 23 1
19 22 7
13 16 9
11 14 4
18 21 15
4 7 13
14 18 7
8 11 4
4 9 6
6 10 12
9 12 12
3 5 1
1 6 5
14 17 15
15 18 1
14 17 13
6 8 3
1 5 10
20 23 2
20 0 7
7 10 14
19 23 12
14 17 11
6 11 8
6 10 3
0 4 4
23 3 8
4 6 4
18 21 2
6 11 3
8 11 12
17 20 9
4 7 2
7 11 11
9 11 11
12 15 9
10 14 2
17 20 12
14 17 3
5 8 7
18 21 6
3 6 5
4 7 7
15 18 6
1 4 11
19 23 13
19 21 14
8 11 5
5 7 2
1 5 10
15 18 13
9 12 14
22 2 2
5 7 8
15 17 12
5 10 7
23 5 10
11 14 7
2 5 5
18 20 1
2 5 1
19 0 12
20 23 15
5 7 3
17 20 8
15 18 7
18 21 15
9 12 12
14 18 11
6 9 15
21 2 8
10 12 12
2 7 2
2 7 5
5 8 12
13 18 7
4 8 8
3 7 5
4 7 5
0 2 11
6 11 10
3 7 8
14 17 2
8 11 10
10 13 12
18 0 8
2 5 15
11 15 1
21 22 7
11 14 1
6 10 10
23 23 3
16 17 1
1 5 15
15 17 15
0 1 8
10 15 6
2 5 14
3 5 3
16 20 8
4 6 5
5 8 15
8 9 8
12 14 13
1 3 8
20 0 13
19 22 11
17 19 1
9 11 12
21 1 10
2 4 9
22 1 12
7 10 6
11 14 3
10 13 7
6 9 9
21 0 7
4 7 4
4 9 14
4 6 13
16 19 13
19 22 2
10 12 4
7 9 10
22 2 5
18 22 7
4 7 5
1 3 13
12 15 10
12 15 13
5 8 13
11 13 10
3 6 8
14 17 9
3 5 1
12 14 1
9 12 5
18 23 15
11 14 2
5 8 14
19 22 14
5 9 11
19 23 9
10 11 11
22 1 8
5 7 7
17 23 8
8 11 10
14 16 1
5 9 6
10 14 15
10 12 10
21 0 12
9 11 9
3 7 9
22 1 10
18 21 8
6 7 9
18 22 1
7 12 1
7 12 1
1 4 8
3 6 1
9 13 3
8 11 14
8 11 14
23 4 2
5 9 7
20 21 8
16 19 3
12 14 9
4 7 8
4 8 14
1 5 13
19 21 7
0 2 6
1 4 12
14 17 10
21 2 12
10 12 14
3 6 12
16 19 12
9 12 4
14 17 6
22 2 3
11 13 9
5 6 3
20 0 15
11 13 8
12 15 7
10 12 9
4 7 7
17 19 13
4 7 6
5 8 12
15 18 12
6 10 9
22 1 1
21 1 10
22 0 8
9 12 4
0 5 14
18 22 1
22 23 9
22 1 11
4 7 12
0 4 9
19 22 8
15 18 1
6 9 9
1 4 9
6 10 6
14 15 4
14 18 1
19 21 12
17 19 10
4 6 12
11 15 13
7 9 1
9 12 11
7 9 7
15 18 8
11 14 10
10 13 8
14 17 11
2 5 13
19 22 5
11 14 14
22 1 14
22 2 6
4 6 4
9 12 7
8 10 11
23 2 2
23 2 15
8 10 15
22 1 9
6 8 4
14 18 11
18 21 6
5 9 4
12 15 13
2 5 7
0 4 7
10 14 9
3 6 3
3 6 2
12 14 3
17 21 4
5 9 15
3 5 13
5 8 1
20 0 13
5 8 6
14 18 10
6 10 3
4 6 9
6 8 14
5 8 1
0 3 7
20 23 14
17 20 2
2 2 15
23 3 1
11 14 6
10 16 9
5 10 2
10 13 6
18 21 3
12 14 7
2 4 15
9 12 10
21 2 15
3 6 8
13 17 1
23 2 12
12 15 1
1 3 8
11 13 13
8 10 5
12 14 5
3 5 4
13 16 8
8 13 14
20 23 1
5 9 12
15 17 3
14 17 11
7 11 1
7 10 4
19 22 2
16 18 12
2 6 3
21 0 6
0 2 2
1 4 7
0 2 7
10 12 13
0 3 5
4 7 7
3 6 13
7 10 2
8 11 10
22 1 3
1 5 14
0 3 5
10 13 5
22 0 14
19 23 4
12 14 8
11 14 3
8 12 13
7 8 8
17 21 3
20 23 4
8 11 6
11 13 6
0 2 11
6 10 1
22 0 5
8 12 6
16 20 13
6 9 5
17 21 4
11 16 10
11 14 1
19 23 11
14 16 5
0 4 2
10 14 15
18 22 2
16 18 15
11 16 6
19 22 10
17 21 6
6 9 13
14 16 2
5 6 15
4 7 9
7 9 12
11 16 7
11 15 6
14 18 8
0 5 13
4 6 5
1 4 4
1 4 6
21 23 4
11 16 4
2 6 14
18 21 1
5 8 3
13 16 13
8 10 14
17 18 5
5 8 9
14 17 7
2 4 14
5 8 10
16 17 9
4 6 1
4 8 10
5 8 12
17 20 2
2 5 14
12 14 5
17 21 9
18 19 9
11 14 1
22 2 12
0 2 13
6 9 11
16 20 2
3 4 15
14 17 8
19 23 10
17 18 12
13 15 13
1 3 9
15 18 4
9 10 6
15 19 15
18 20 2
19 20 13
7 9 2
22 0 4
4 8 2
15 18 15
5 7 1
19 22 8
22 2 4
22 1 7
6 8 12
23 1 14
10 11 9
3 7 2
21 1 4
23 3 4
1 5 4
11 13 3
13 15 3
14 16 14
2 7 11
19 23 6
12 17 1
14 16 8
12 15 6
20 23 12
20 22 14
7 10 3
9 13 10
12 16 8
13 17 10
3 7 14
22 0 14
10 13 5
22 0 5
12 16 10
1 3 2
3 7 9
8 10 12
6 9 5
19 21 7
22 2 15
14 18 8
12 15 10
4 9 15
6 9 11
19 23 15
16 19 5
17 21 6
23 4 13
22 2 11
8 10 2
8 11 5
10 13 5
8 12 5
13 15 9
21 23 2
0 2 11
10 13 15
4 9 14
8 11 1
1 3 15
11 13 2
15 17 13
8 12 12
15 16 2
2 3 6
12 14 2
23 1 4
15 20 4
4 8 2
20 23 7
3 7 6
9 11 10
19 23 2
12 16 14
15 18 9
18 20 1
10 13 12
0 2 12
17 19 7
2 4 15
22 1 15
21 0 3
2 4 14
5 7 1
0 2 5
3 7 11
21 23 9
21 0 9
6 9 11
2 6 13
13 16 5
1 4 1
3 5 3
8 11 2
16 19 7
21 0 5
4 7 5
9 12 3
13 16 14
15 17 9
5 7 5
6 9 12
7 9 11
14 19 3
11 14 3
10 13 1
0 4 2
15 17 1
21 0 1
9 12 5
3 7 1
18 20 2
15 20 14
14 17 9
15 17 12
0 3 12
23 2 1
17 19 5
22 1 6
13 15 7
20 22 7
15 19 5
16 19 15
3 7 9
22 0 5
8 11 15
14 17 3
23 2 6
13 16 1
9 11 3
0 3 7
19 22 1
3 7 13
21 0 6
13 16 5
4 6 12
9 11 9
11 15 2
16 19 6
2 5 11
13 14 13
6 9 2
2 4 15
9 11 11
12 16 5
18 19 8
13 17 1
15 17 5
9 13 5
18 21 7
12 12 12
1 5 15
7 9 10
11 15 14
5 8 6
22 1 5
8 10 12
10 14 11
5 9 13
8 12 2
8 10 2
17 19 15
21 0 10
7 8 8
19 23 15
6 9 11
1 4 2
12 13 3
3 7 13
6 7 11
20 22 13
11 14 12
18 22 9
12 16 9
2 5 8
14 16 15
12 14 3
21 0 2
8 11 7
16 20 8
0 2 2
15 18 8
3 6 12
3 6 15
1 4 15
17 21 11
14 16 6
18 20 11
16 18 9
15 18 4
18 21 5
2 5 9
23 3 4
0 3 13
4 6 7
10 12 3
11 14 15
20 0 3
6 11 5
7 10 4
0 2 9
7 11 10
14 18 15
11 13 1
3 5 9
3 4 4
6 10 8
6 8 1
