450 10
8 4 9 8 4 3 7 9 10 10 
4 8 2
19 22 5
17 20 1
2 6 9
4 6 9
10 14 3
2 6 4
19 22 2
22 1 6
6 9 4
2 3 4
19 0 8
19 23 1
4 8 7
20 23 2
20 23 10
7 8 9
15 18 8
21 1 9
2 6 1
16 20 7
6 9 8
16 18 9
19 23 5
5 8 9
19 22 10
4 6 8
18 22 2
10 14 3
3 6 9
23 4 5
4 7 5
4 7 4
8 12 2
22 2 2
14 18 6
11 16 9
16 19 10
21 23 10
9 13 7
0 3 6
11 14 8
3 6 9
17 20 7
12 14 1
9 12 8
5 9 2
5 7 9
5 6 4
16 19 5
18 22 5
20 23 1
11 13 1
8 12 7
17 19 2
15 18 4
1 4 4
1 3 4
10 14 5
9 11 4
20 23 2
0 3 5
4 5 10
2 6 4
14 16 4
10 13 3
10 15 10
3 6 2
13 16 6
13 15 9
12 13 10
12 16 10
0 4 1
19 22 3
20 23 8
14 17 7
8 12 3
7 11 7
2 6 5
10 13 1
7 10 3
2 5 2
5 9 1
11 13 7
20 23 10
9 13 4
0 3 2
0 2 1
20 22 6
10 13 8
15 18 4
22 22 2
14 17 2
11 14 1
16 18 4
3 4 7
0 0 4
11 15 8
21 0 2
13 17 9
21 0 4
0 4 8
0 2 5
10 14 3
1 5 7
1 2 5
2 5 10
4 5 2
2 5 6
20 23 9
15 21 6
4 8 2
6 10 5
9 11 1
6 7 9
7 10 5
5 9 5
21 1 7
18 22 7
2 5 1
16 18 6
6 9 3
1 6 10
8 10 3
21 1 4
4 6 3
7 9 5
11 15 3
0 3 10
11 16 9
21 1 2
11 15 7
10 13 4
3 7 1
21 22 5
6 10 5
21 1 7
0 3 2
0 2 9
11 14 10
8 10 6
13 16 3
6 10 3
8 10 9
13 14 5
20 0 7
14 18 2
23 1 2
13 16 7
16 19 2
23 1 1
18 20 2
6 9 4
8 11 4
20 22 4
14 17 1
14 17 10
2 3 10
5 8 2
23 3 9
8 10 3
0 3 7
4 6 8
0 3 3
23 1 9
12 14 10
22 23 9
4 9 2
23 2 8
0 2 5
22 4 4
21 1 9
4 7 2
23 3 2
17 20 5
16 19 9
23 3 10
11 14 7
4 8 4
7 10 7
17 20 6
21 1 2
15 17 4
11 13 7
1 4 1
17 20 6
11 13 9
4 6 8
20 22 10
17 19 10
13 16 2
15 16 2
2 5 3
11 12 3
23 3 6
6 9 3
17 18 4
0 3 4
12 15 6
20 23 5
5 9 8
19 23 8
4 7 2
13 16 2
17 21 4
20 23 7
9 12 2
14 16 9
13 18 6
11 15 10
6 7 5
11 13 4
14 18 10
12 16 1
9 13 8
7 9 4
8 10 7
20 0 2
18 21 2
10 13 5
19 23 5
18 20 2
11 13 5
1 2 3
11 13 10
4 8 10
10 15 1
23 2 5
14 16 7
2 5 5
5 8 4
5 6 8
8 10 8
16 19 5
8 11 9
23 2 6
16 17 1
19 22 1
11 13 10
11 14 6
3 6 2
3 7 9
19 22 5
11 14 1
15 19 7
18 20 10
1 3 1
1 4 3
13 18 3
23 2 4
2 7 1
15 18 4
11 15 7
12 16 6
4 8 10
17 21 7
13 16 10
11 13 6
10 11 3
2 7 7
0 2 2
18 21 1
6 9 7
20 0 5
21 23 6
13 17 8
19 23 2
21 0 2
2 6 7
5 7 3
2 5 10
19 22 10
12 16 6
18 22 4
13 17 4
1 4 3
8 11 8
2 6 3
17 21 2
2 5 7
14 17 10
15 16 8
8 11 5
18 21 3
21 1 6
23 4 9
23 3 7
20 23 6
10 15 3
15 17 7
20 22 10
7 12 6
18 21 5
11 12 9
1 5 5
15 18 5
17 22 10
15 16 10
10 13 6
5 8 3
4 7 5
13 15 7
17 22 9
0 3 3
5 8 6
16 19 5
2 3 4
15 17 7
3 7 5
20 21 2
12 14 9
23 3 5
11 13 2
1 4 4
9 11 7
22 0 6
23 2 7
4 7 8
9 11 8
7 10 1
15 18 2
12 16 4
11 15 6
7 9 1
23 2 1
7 10 5
7 9 3
17 20 2
0 4 1
15 18 5
19 22 2
23 2 4
19 22 7
10 13 4
22 1 9
20 22 7
2 6 5
1 5 6
1 4 9
3 7 8
13 16 10
16 19 3
10 12 1
19 21 10
11 14 5
10 12 10
7 10 2
13 17 1
5 9 7
3 8 1
7 10 8
21 1 6
13 14 7
4 8 7
16 18 1
3 5 7
4 8 6
16 19 7
11 14 10
1 5 8
15 16 8
10 13 9
4 7 1
6 9 10
9 12 1
13 17 8
19 20 4
4 6 5
9 12 7
8 12 7
16 20 9
21 1 1
9 11 4
17 21 6
5 9 1
16 19 1
12 14 2
3 7 9
16 21 9
1 4 4
12 14 2
14 17 6
9 14 7
14 18 5
8 12 1
13 15 6
6 11 9
18 21 1
15 21 10
10 13 7
12 16 3
10 13 10
10 14 4
0 3 3
8 11 6
14 18 2
1 5 1
8 11 5
11 15 4
16 18 6
20 0 8
20 22 1
21 0 4
15 18 2
21 0 10
10 14 1
4 6 7
11 14 1
15 19 9
4 8 2
4 6 9
14 19 6
9 13 9
9 12 3
18 22 9
18 21 1
16 17 6
14 17 8
9 14 1
5 9 6
18 21 3
23 3 10
13 17 5
23 4 8
15 20 9
23 23 7
13 16 4
11 15 2
23 3 3
17 22 7
14 18 1
13 17 2
9 13 4
10 13 8
5 9 5
22 23 6
13 16 2
1 5 10
14 18 8
1 4 10
9 11 8
11 14 4
19 22 8
12 14 2
12 15 9
11 16 7
11 13 8
22 3 7
15 18 5
23 1 2
