950 18
10 8 6 7 1 2 3 6 4 4 6 8 7 1 9 1 4 2 
22 1 18
4 8 7
20 0 12
12 13 13
20 22 8
11 15 14
10 14 8
7 11 9
3 7 10
9 12 2
16 19 2
0 2 18
14 17 9
20 0 11
23 3 5
13 15 7
0 3 10
6 9 12
20 23 14
8 11 6
18 22 1
0 4 6
3 6 1
8 12 14
7 11 13
5 7 16
9 13 9
0 1 1
7 10 16
10 12 9
18 20 11
19 22 2
8 12 2
5 8 16
17 21 10
0 4 4
6 9 4
21 23 5
19 21 9
5 7 7
11 13 8
8 11 8
15 17 10
17 20 16
12 14 2
2 4 3
6 9 2
13 16 8
7 12 8
9 13 2
0 3 4
4 7 14
8 11 11
6 12 4
4 8 9
7 9 11
19 22 6
20 0 5
2 5 5
1 6 17
1 4 6
6 8 14
21 2 8
13 15 12
23 3 18
22 23 8
12 15 17
6 10 5
22 1 15
11 16 5
8 10 7
1 4 6
13 15 1
13 17 2
7 10 9
6 8 3
11 13 5
4 7 2
16 20 2
8 10 18
16 19 10
18 21 7
7 10 6
18 21 9
11 12 5
19 21 13
20 0 16
21 0 11
2 5 11
14 16 3
1 5 5
20 0 6
13 17 6
15 17 2
9 12 17
20 22 12
8 13 10
7 10 13
10 14 1
11 14 7
3 6 5
21 2 10
5 7 15
16 20 18
15 20 17
18 21 7
19 23 16
9 11 9
22 1 11
15 16 3
13 18 13
14 17 7
17 20 15
16 19 1
12 17 17
2 5 17
8 10 13
20 23 15
2 4 16
21 0 3
11 14 9
15 19 10
4 7 13
12 17 4
18 21 2
1 3 18
23 1 7
15 18 18
11 13 6
2 6 10
11 15 8
15 18 7
20 23 17
1 4 18
0 3 3
21 0 5
22 0 5
2 5 11
20 22 6
2 3 14
1 4 10
9 11 15
21 1 2
4 5 11
9 13 13
16 20 18
1 5 13
20 22 6
4 8 17
12 15 11
14 16 2
14 16 1
11 14 16
5 7 10
9 12 16
10 14 7
20 22 11
1 3 1
18 21 12
19 22 18
13 15 12
17 18 10
13 16 14
3 7 17
7 9 7
11 13 17
15 18 3
12 15 18
7 10 15
0 3 15
17 20 3
20 22 14
21 1 14
10 12 4
6 9 8
17 20 15
16 19 2
21 22 9
7 10 12
13 15 15
1 3 13
0 4 18
12 16 18
15 20 9
19 22 18
22 0 4
6 8 14
16 18 8
15 18 8
14 16 12
12 15 15
22 1 11
14 17 2
4 4 4
15 17 8
21 23 16
18 22 6
23 3 7
14 16 7
18 21 18
3 3 5
12 14 3
6 9 11
12 13 8
17 21 9
16 20 4
13 16 13
2 5 7
21 0 8
10 13 16
18 20 18
4 8 17
17 20 2
20 22 18
2 5 2
18 22 8
6 8 16
20 2 18
7 10 7
11 14 4
20 22 17
0 4 2
14 17 1
8 11 2
11 14 1
0 2 3
4 7 14
11 13 8
20 22 13
18 21 18
1 4 10
18 22 6
10 14 1
3 5 7
10 14 14
8 12 17
0 2 15
11 15 13
16 18 9
8 11 13
14 17 2
6 9 2
19 22 13
20 22 13
17 21 13
10 13 2
22 0 8
17 22 1
3 8 16
1 3 17
11 13 13
22 0 11
9 12 10
7 9 11
11 14 7
3 6 3
15 18 15
10 13 4
21 23 9
2 5 5
19 21 18
13 16 14
22 22 7
14 16 5
9 11 8
20 23 7
5 8 8
23 1 5
0 3 11
2 6 1
9 13 18
15 18 3
9 12 8
2 3 7
23 1 13
5 8 10
17 19 11
18 21 18
7 10 4
15 18 15
2 7 1
11 14 12
5 7 5
20 23 1
0 3 13
2 5 1
7 9 15
8 10 6
19 22 8
19 23 17
11 14 13
7 10 12
11 15 14
19 21 14
20 0 8
5 7 16
3 5 5
11 14 2
0 2 5
16 20 13
4 6 8
0 4 6
12 16 9
11 14 4
16 19 15
5 9 6
23 2 17
8 12 8
9 11 3
13 16 15
14 18 5
1 5 5
7 11 1
8 12 8
22 2 14
0 2 11
11 14 7
3 6 7
23 2 13
22 1 12
13 17 11
10 13 11
23 1 16
14 18 13
4 6 7
3 4 17
21 23 5
18 21 4
19 22 17
18 21 1
3 5 17
13 16 6
18 21 10
13 17 18
1 4 11
21 22 7
15 18 7
22 0 4
10 13 6
2 6 4
3 7 13
4 7 13
4 8 10
16 19 10
1 3 14
21 0 6
5 9 12
10 13 9
20 23 18
3 7 12
6 10 5
12 15 6
13 15 4
16 20 18
7 10 6
13 15 13
10 12 3
19 23 18
7 10 2
16 19 13
23 3 17
0 3 15
5 7 5
19 23 12
5 8 11
21 23 10
2 5 13
6 10 16
2 4 8
19 22 18
8 9 1
13 15 17
20 22 2
10 14 14
9 13 12
16 19 12
15 18 3
9 13 16
3 6 16
23 1 4
0 4 7
21 2 13
18 20 3
8 13 6
15 18 15
2 5 10
5 8 10
8 10 6
14 17 1
10 13 2
14 18 2
17 20 3
18 20 15
5 7 8
0 1 7
21 22 4
4 7 9
17 20 5
20 22 1
15 17 11
10 12 18
4 8 8
7 9 16
5 7 11
3 8 17
8 10 16
16 18 11
9 13 4
21 1 9
22 0 18
0 3 10
13 16 11
2 5 5
13 15 5
0 3 16
0 2 17
9 12 10
9 12 7
8 11 13
17 21 8
20 23 15
19 22 11
10 12 3
22 23 15
7 7 12
7 9 3
8 9 4
2 6 6
9 11 16
7 9 18
14 16 9
4 7 2
9 12 3
22 1 9
14 18 2
9 15 16
1 4 13
19 23 14
7 9 5
15 19 10
23 2 3
14 18 11
22 0 17
16 19 13
9 12 4
10 14 12
18 21 11
21 23 10
16 18 8
6 9 11
13 17 6
3 6 7
20 21 7
1 5 8
0 2 6
14 17 2
21 0 8
17 19 11
18 21 13
20 1 4
16 17 1
1 5 6
9 13 13
16 19 9
21 1 9
10 13 18
2 5 2
4 6 10
4 7 3
7 10 16
12 15 18
20 0 6
16 19 8
21 0 11
19 23 8
1 4 10
7 12 3
17 23 12
6 9 18
3 6 13
11 12 12
15 18 7
17 20 3
7 11 18
6 9 2
9 12 11
2 4 7
7 11 16
5 10 3
5 8 9
23 2 5
21 0 11
5 7 5
18 21 12
15 20 9
5 7 14
3 7 13
20 22 7
11 13 2
5 9 11
19 23 2
21 0 2
19 22 14
6 8 15
17 19 8
1 6 15
22 3 12
18 21 9
20 21 15
14 16 11
4 7 11
15 17 5
14 16 11
14 16 6
15 18 17
15 18 7
6 8 11
21 0 18
18 20 13
16 18 1
23 1 10
20 22 1
15 17 14
22 1 10
6 12 18
3 7 18
10 14 1
15 19 3
14 17 12
12 14 11
22 1 8
7 12 4
1 4 7
16 17 17
5 6 16
2 5 14
15 18 3
1 4 1
14 17 1
10 14 4
21 0 3
7 10 4
6 9 15
20 22 6
4 8 9
16 20 11
6 8 14
10 13 15
21 0 2
15 17 14
10 13 8
21 0 8
19 1 4
4 6 2
21 23 6
3 6 13
8 12 11
2 5 18
2 5 5
9 11 3
22 1 3
22 1 5
7 11 2
20 0 5
14 16 4
2 5 14
15 16 8
21 23 6
11 15 10
6 12 6
8 13 18
21 1 14
7 10 14
14 18 3
20 22 11
16 19 10
17 18 13
6 10 2
3 8 13
11 14 11
5 7 3
6 9 5
21 23 9
21 23 2
23 0 3
23 1 17
16 20 18
9 12 9
23 1 1
10 14 16
13 18 17
8 9 15
8 12 14
15 17 18
7 9 17
14 17 14
7 11 7
4 7 12
1 5 2
21 0 10
1 4 5
10 11 14
0 4 1
7 10 9
15 18 17
23 3 7
9 11 10
22 1 10
4 6 5
7 11 11
15 18 14
8 11 4
2 6 1
18 21 4
17 17 2
5 8 7
9 12 18
14 17 4
14 17 6
6 8 14
10 12 14
14 18 3
11 13 3
2 5 15
18 23 5
8 12 18
13 15 4
22 0 5
4 7 13
10 12 3
6 10 18
22 0 6
22 2 12
14 18 15
23 3 3
15 20 5
14 16 2
3 7 4
18 21 3
15 18 18
4 8 6
11 15 2
15 18 16
20 22 9
4 6 17
3 7 7
18 22 18
12 13 3
21 1 4
16 20 3
22 1 9
23 3 11
23 1 16
19 22 18
15 19 3
7 9 12
10 12 6
7 11 16
8 12 11
1 3 1
15 19 14
6 10 16
15 16 2
15 18 11
13 16 2
4 10 14
15 20 7
5 8 7
2 4 13
23 2 7
18 20 11
14 16 4
0 3 12
15 18 10
6 8 15
11 14 5
12 15 18
6 9 9
18 20 11
3 5 17
9 13 7
19 22 9
6 9 11
14 16 6
8 11 18
0 4 13
5 8 5
11 15 14
5 8 13
10 12 12
12 15 16
4 8 13
1 4 4
19 22 7
4 8 9
19 22 18
15 18 6
14 17 3
3 6 6
21 2 5
8 11 15
19 21 14
4 6 13
13 16 10
8 9 15
3 6 12
17 20 13
11 13 13
0 3 7
12 16 6
7 10 10
21 0 14
3 6 17
12 16 17
3 8 3
13 16 18
23 2 7
18 21 2
8 11 12
17 19 13
6 8 1
15 21 13
12 14 7
17 20 13
4 8 17
6 9 11
16 21 12
18 20 5
17 21 4
1 5 9
18 21 5
14 16 8
0 3 17
16 20 3
6 8 14
13 14 17
20 23 2
21 0 3
2 5 18
0 3 2
6 8 15
6 10 2
6 9 16
3 5 3
12 14 11
19 22 4
4 5 10
1 3 1
22 2 13
4 6 17
1 4 8
12 14 9
18 22 6
9 12 2
17 20 7
1 3 9
20 0 12
8 10 14
21 1 16
14 17 5
4 8 5
22 1 1
20 23 14
23 2 12
14 16 17
6 9 10
15 18 15
17 21 17
0 2 18
1 3 11
19 23 5
21 1 18
16 18 3
22 1 18
7 9 6
18 20 1
21 0 5
21 23 5
18 20 16
13 17 17
15 17 14
20 22 1
5 8 18
10 12 6
8 12 14
12 16 11
8 12 6
8 11 7
5 9 15
15 19 5
13 14 9
10 14 17
8 11 4
18 21 12
3 6 7
4 6 14
12 16 11
18 20 10
11 14 18
1 4 14
16 19 15
14 16 8
5 9 4
23 0 3
8 12 5
7 10 14
6 9 15
4 8 18
19 22 15
6 10 13
5 9 7
5 8 8
1 3 11
2 5 4
3 5 2
10 14 7
21 0 15
4 6 15
10 13 15
16 18 17
23 3 6
5 6 11
13 15 15
22 3 16
1 5 18
8 12 12
12 14 13
4 6 7
22 1 8
19 22 17
2 7 3
14 19 10
13 17 17
23 2 14
4 5 16
9 13 4
1 4 10
3 7 13
6 7 5
8 11 7
4 6 3
1 4 18
18 20 15
10 12 11
10 12 13
13 15 15
15 17 17
14 17 12
14 18 18
5 9 11
12 16 14
23 2 3
7 9 9
19 23 13
15 17 12
21 1 12
17 21 11
14 17 3
12 14 17
18 22 8
14 17 6
2 6 12
19 0 8
7 10 4
14 17 11
4 5 16
16 19 17
12 16 6
18 19 16
18 20 11
14 17 6
7 10 18
3 6 15
19 23 12
2 6 15
3 6 10
16 20 18
1 4 1
4 6 18
12 15 15
16 20 16
4 6 9
10 14 10
2 6 16
19 21 3
4 6 10
4 8 14
5 8 2
22 0 14
9 12 4
5 8 10
4 7 15
4 6 4
20 23 13
19 22 16
17 19 4
0 3 14
10 13 9
15 19 14
3 7 7
21 1 17
4 7 3
11 13 2
23 2 15
3 7 15
21 1 8
5 6 3
5 8 4
0 2 9
17 19 1
4 8 18
6 9 18
11 15 17
7 9 4
5 9 10
21 22 17
12 14 4
1 5 1
0 2 5
7 10 1
16 16 3
17 21 16
18 20 10
21 2 5
21 0 18
18 22 7
6 10 12
18 21 18
6 10 18
13 16 16
13 17 8
22 0 5
0 4 6
14 18 2
5 10 13
21 0 15
8 10 16
22 0 2
5 6 11
19 22 7
20 2 17
4 7 12
16 18 15
7 11 17
16 18 12
21 0 13
9 12 17
22 1 9
19 23 11
11 15 6
