750 18
9 3 10 1 4 2 6 8 7 5 2 7 10 9 5 1 5 7 
4 8 13
17 20 16
15 17 3
22 2 4
14 18 7
5 9 3
22 1 13
14 17 13
20 0 17
13 16 3
14 16 12
20 22 18
3 8 5
16 19 5
1 5 3
1 5 10
12 14 5
15 17 6
0 3 4
18 20 4
12 15 14
8 11 6
5 8 15
23 1 11
12 16 3
9 12 11
6 9 12
9 12 17
17 19 8
12 14 17
3 6 15
5 8 17
5 8 1
0 3 15
22 0 17
21 23 7
12 16 14
7 11 4
11 14 11
5 6 12
13 14 11
8 11 16
21 0 16
4 6 16
5 10 15
14 16 8
6 11 14
15 17 3
1 4 1
22 3 17
11 13 3
4 7 6
21 0 13
8 10 8
14 16 8
19 22 4
21 2 15
16 18 15
20 23 15
1 5 8
18 22 10
11 13 15
1 4 2
19 22 13
11 13 5
3 6 12
15 19 15
3 6 13
20 22 4
18 20 5
2 3 4
8 12 5
20 23 4
13 17 4
14 17 2
19 22 3
18 22 3
8 11 12
21 23 2
5 8 2
21 23 10
15 19 14
16 18 10
17 22 2
19 21 4
11 15 10
18 23 5
1 4 8
22 1 16
17 18 9
11 13 9
18 22 13
19 23 4
13 18 18
20 23 15
0 4 3
19 20 18
12 16 10
1 3 16
18 21 14
9 12 14
7 10 2
23 3 14
11 14 11
3 5 2
1 4 15
20 0 8
1 3 9
4 9 14
21 0 14
17 20 15
0 5 3
7 11 8
20 21 9
8 11 8
9 13 12
1 4 15
0 3 6
20 22 3
11 14 6
17 20 16
17 19 3
5 8 7
4 6 2
12 14 6
2 3 2
1 6 6
11 14 7
14 19 15
11 13 4
12 17 16
20 23 7
0 3 6
23 2 9
18 20 1
8 11 5
6 8 13
17 20 15
13 15 2
10 15 18
14 18 7
7 9 4
0 4 1
19 0 9
0 2 11
1 5 3
16 21 2
23 2 5
13 16 4
23 2 5
14 16 8
19 21 4
13 17 4
4 8 13
11 14 9
0 3 3
14 19 15
2 5 7
0 2 8
19 21 17
22 2 9
12 14 2
17 20 1
15 17 17
13 16 11
15 18 17
21 0 1
12 15 7
7 11 10
3 6 9
11 13 8
17 20 10
2 3 17
2 4 1
23 3 8
21 23 4
12 16 4
13 16 10
14 16 1
4 7 3
18 22 9
12 16 13
12 15 12
11 17 4
13 16 4
1 3 6
4 6 5
1 3 9
5 11 15
9 12 4
19 20 6
12 14 9
1 4 8
7 10 7
5 9 13
23 2 2
6 9 13
5 9 13
8 12 4
20 0 13
15 19 2
12 15 14
2 5 18
17 19 12
19 23 5
23 4 18
4 6 18
18 21 18
9 13 1
19 22 5
4 7 4
20 23 1
0 4 3
10 13 12
22 0 9
21 1 3
2 3 8
3 7 14
19 23 9
20 22 5
17 21 18
19 19 7
3 6 3
23 2 4
19 22 15
1 5 18
16 19 17
17 19 16
13 17 4
18 21 3
13 16 4
7 9 8
23 2 9
15 18 11
6 8 9
0 3 2
4 8 12
8 11 10
14 18 17
20 23 12
18 21 6
8 11 2
5 7 16
8 13 17
13 15 15
10 13 5
10 14 14
4 7 10
8 10 12
5 8 17
9 13 12
14 17 13
19 0 8
17 19 10
6 10 16
17 20 11
8 12 5
22 1 8
12 15 17
6 8 18
10 14 13
5 8 4
7 10 17
19 21 5
19 22 11
1 4 3
1 5 7
14 18 5
23 2 14
15 18 10
17 22 18
3 7 5
19 22 17
15 17 12
15 20 15
8 11 7
0 4 17
20 0 16
21 0 9
23 1 8
16 18 17
14 18 11
17 19 8
13 17 14
12 15 8
16 17 16
0 3 1
23 2 7
22 2 18
2 4 11
12 15 16
20 23 10
4 6 1
2 5 15
6 10 6
5 9 18
13 14 6
19 23 18
3 7 3
4 7 15
0 3 4
15 17 12
0 3 16
21 1 1
21 2 14
0 4 17
19 22 16
15 20 10
13 17 15
8 11 18
4 8 13
7 9 9
7 10 5
13 17 15
20 22 6
2 5 6
3 5 18
4 6 3
2 5 13
0 4 13
11 14 15
17 20 9
2 4 13
6 10 18
15 17 6
11 15 2
9 11 17
20 0 17
4 8 4
17 21 15
12 14 11
13 16 12
20 23 15
23 3 16
20 22 12
8 12 6
2 5 9
7 10 14
2 5 3
5 8 5
18 21 16
9 11 16
19 19 18
16 19 11
6 9 15
11 15 15
20 23 10
12 15 5
12 15 18
0 3 4
11 14 11
3 7 10
5 8 8
15 18 2
5 7 15
5 7 6
11 13 1
3 5 1
22 1 14
8 10 18
10 12 9
12 15 5
9 12 10
6 10 7
5 7 10
4 7 6
3 6 2
8 10 7
3 6 13
2 4 2
14 17 4
3 7 16
15 17 11
19 22 14
17 18 16
16 19 7
20 22 15
11 15 11
15 20 13
9 11 8
19 23 11
2 5 15
10 14 1
15 17 7
0 2 9
19 0 13
5 9 10
15 18 18
18 19 16
17 21 9
1 4 14
9 11 6
10 11 10
6 9 18
12 15 11
1 4 10
19 23 4
5 8 17
8 11 1
20 0 5
23 1 4
19 20 4
23 3 2
18 21 13
9 10 7
16 19 16
17 19 1
6 9 5
7 9 18
7 8 5
3 6 1
23 1 4
19 23 15
19 21 2
20 22 11
2 5 16
0 4 15
4 8 12
13 17 17
11 14 1
3 6 1
15 19 1
1 4 5
23 2 9
16 19 8
4 10 7
7 10 13
19 23 5
3 7 18
0 2 10
15 19 9
16 20 18
23 4 1
1 3 3
3 6 8
2 4 9
3 7 18
0 4 18
12 17 7
21 23 1
2 5 9
17 21 17
2 6 6
20 23 4
13 16 17
3 6 7
2 7 6
21 23 15
11 13 9
3 5 6
10 14 15
6 9 14
21 1 17
2 6 13
0 3 14
9 13 16
8 11 7
3 4 14
22 0 5
8 11 17
2 5 2
19 20 1
14 18 12
18 20 15
19 22 13
16 20 1
4 8 1
13 15 2
14 16 9
21 1 14
5 8 1
15 18 18
5 8 8
14 17 4
1 4 18
16 19 15
9 11 10
15 18 13
5 8 7
17 20 5
9 11 15
17 19 5
6 9 4
8 12 13
9 13 14
3 6 14
4 6 4
16 20 8
16 19 18
18 20 10
7 8 5
5 7 8
0 3 1
9 12 11
0 3 8
4 8 10
8 11 4
9 11 4
10 13 4
14 17 17
17 21 15
2 5 1
20 0 9
14 18 16
12 14 13
19 23 9
7 10 10
3 5 12
20 23 15
9 12 7
2 8 1
16 19 2
5 7 8
6 11 12
14 16 8
14 18 13
7 10 2
1 5 3
2 4 1
5 7 9
20 23 12
6 9 11
3 5 18
20 22 4
4 7 14
18 22 3
14 17 7
8 13 17
1 3 3
1 4 14
5 9 17
16 18 17
1 4 11
20 22 6
22 1 7
6 11 8
5 6 18
13 17 5
17 21 4
5 9 10
22 2 13
2 8 10
8 12 16
16 19 3
7 12 4
23 2 2
5 7 4
12 14 17
8 12 18
23 2 13
0 2 3
14 17 9
1 2 4
22 1 14
6 10 9
20 22 10
8 10 10
0 2 12
10 12 11
7 10 12
3 6 10
20 23 17
13 16 7
11 13 10
12 13 13
3 5 9
3 8 15
0 3 14
15 18 9
7 9 13
23 1 17
4 5 15
15 18 13
8 11 6
23 1 1
12 17 5
20 21 8
13 15 13
11 13 15
6 10 16
2 7 3
2 5 10
13 16 12
0 3 11
1 4 10
2 5 14
0 3 1
13 16 7
13 16 10
1 3 1
19 23 8
13 14 9
9 12 17
10 13 13
19 22 6
21 22 15
18 22 1
8 12 16
4 8 1
21 0 17
11 15 11
21 1 12
18 20 7
3 6 7
15 20 5
11 14 17
12 15 5
2 5 15
0 3 4
5 7 9
8 11 7
9 12 17
17 19 8
19 22 13
0 3 11
18 21 18
4 6 6
16 18 10
18 20 6
20 0 3
23 3 16
19 21 16
21 23 5
7 11 3
2 4 18
6 10 8
0 4 14
13 17 9
16 21 11
8 11 4
10 13 13
4 8 7
4 5 9
21 0 9
4 7 9
9 10 7
12 15 1
6 9 2
13 16 1
2 6 6
1 5 15
16 19 2
18 21 6
23 3 4
21 23 3
20 22 5
2 5 17
16 19 13
4 7 13
15 18 5
22 1 8
3 7 3
21 1 17
22 0 17
1 3 1
12 15 9
21 0 2
8 11 7
5 9 14
11 14 9
13 16 14
21 1 9
3 5 3
4 8 3
11 13 5
9 11 1
11 15 15
5 8 11
3 6 8
1 4 1
14 19 5
10 13 3
16 19 18
0 1 17
15 18 2
11 13 8
8 11 16
16 18 6
1 5 1
22 1 9
10 14 9
6 9 14
5 8 14
20 22 12
13 16 15
13 18 16
5 10 11
10 13 13
21 1 11
0 2 3
16 20 11
13 14 9
22 0 5
10 13 17
4 7 1
5 8 2
21 0 3
2 6 6
12 14 11
19 22 6
15 17 4
11 17 7
12 14 13
4 7 12
3 6 12
19 20 11
9 13 6
1 5 6
1 5 4
0 3 16
1 2 4
20 23 10
12 16 11
2 5 18
8 13 3
18 22 7
13 15 18
18 20 12
14 18 11
18 22 9
11 15 6
16 18 18
16 20 1
6 10 8
10 13 17
21 0 1
13 15 18
23 1 14
3 7 18
20 0 14
10 13 6
10 13 10
18 22 10
21 0 1
9 12 3
17 20 5
1 2 17
3 7 15
11 16 9
20 22 13
13 17 12
17 19 9
22 0 16
2 5 17
11 14 18
23 2 18
21 1 16
0 2 9
0 3 9
8 11 10
