200 11
6 8 7 9 5 3 4 3 6 6 2 
3 7 2
14 15 10
9 11 9
16 21 4
17 19 3
2 6 6
4 6 2
2 4 1
13 15 11
4 7 8
8 10 8
3 4 2
12 14 2
20 22 10
22 2 5
6 9 1
4 7 8
17 22 10
15 20 6
16 18 6
19 0 3
0 3 10
2 7 4
20 23 11
8 10 8
5 8 7
5 6 7
17 19 9
16 18 8
13 14 8
14 17 1
13 16 7
13 16 1
5 8 10
17 21 2
22 2 4
16 18 10
2 6 9
12 14 11
20 23 2
4 8 1
21 22 7
3 5 7
11 14 11
21 0 5
0 2 9
8 11 8
1 3 3
3 8 1
20 2 2
13 16 3
8 10 11
22 3 8
12 13 5
20 23 3
4 8 6
0 2 7
7 9 8
14 17 10
19 23 10
18 21 11
8 12 9
12 16 9
3 6 11
6 10 2
7 12 1
8 12 6
9 14 7
4 7 4
10 13 7
7 10 5
13 18 1
15 19 3
8 11 1
0 2 9
17 21 1
10 12 9
2 5 4
4 5 8
9 11 7
19 22 4
12 14 1
2 5 8
16 20 6
23 3 1
20 22 1
20 23 7
8 11 6
7 11 7
6 8 1
3 7 2
6 7 6
17 20 11
14 18 1
21 23 6
5 9 7
17 19 8
2 4 8
3 5 5
5 9 8
2 6 7
16 20 7
3 6 3
19 22 10
12 15 9
3 7 9
22 1 9
4 9 5
4 8 2
3 6 11
3 6 2
15 17 1
18 23 9
23 3 3
23 2 7
21 0 5
4 6 1
17 19 10
5 8 5
6 10 8
5 7 11
16 18 11
21 0 5
0 2 5
5 8 1
20 22 2
19 22 10
8 12 10
7 9 4
16 19 8
11 13 10
23 3 7
19 23 4
19 20 3
23 2 2
17 22 4
14 16 7
17 20 2
15 16 3
11 13 6
8 9 1
22 1 11
15 20 8
9 11 7
23 2 4
22 23 10
0 2 9
11 14 6
5 8 1
7 9 6
13 15 1
12 16 6
23 2 6
13 15 3
2 6 1
17 20 8
17 20 10
15 19 7
22 3 5
2 5 3
6 8 6
7 10 2
17 20 1
21 1 6
10 12 1
9 12 1
23 2 4
23 1 11
2 6 2
16 18 6
15 20 5
5 10 1
22 2 8
8 11 6
10 13 11
20 0 8
20 22 9
1 3 10
0 3 8
4 9 1
23 1 11
16 18 4
11 15 5
12 16 7
4 6 4
17 19 3
13 15 1
11 13 1
4 8 1
15 19 7
3 8 4
18 21 3
12 16 2
16 19 10
23 3 6
23 4 3
15 19 7
21 0 1
14 16 10
0 3 4
