200 12
3 9 9 1 10 7 4 8 10 9 9 8 
14 18 2
3 6 11
23 2 10
19 22 10
10 14 7
17 19 8
18 21 12
15 18 4
18 21 2
23 3 8
7 9 1
1 3 5
13 15 8
7 10 4
3 5 2
5 8 1
1 5 12
5 9 4
19 22 11
17 20 2
23 1 12
2 6 1
1 6 6
20 0 3
8 10 8
17 20 6
0 3 7
20 23 9
8 10 5
9 12 5
2 6 7
7 9 1
16 19 3
22 2 11
21 22 7
20 0 6
12 14 11
15 17 10
21 1 7
22 0 6
9 12 3
16 20 12
2 3 3
5 7 4
14 18 11
3 5 5
4 9 6
2 5 7
13 16 6
23 1 9
1 4 1
21 1 1
22 1 11
16 19 2
19 19 6
3 4 12
1 5 3
1 4 12
18 22 7
15 17 6
7 11 12
9 12 1
2 5 7
23 2 5
21 2 11
18 20 6
23 3 2
10 12 10
10 14 5
2 5 6
10 12 6
12 15 12
7 11 12
8 11 7
14 18 5
2 6 2
5 9 8
21 2 9
1 3 1
3 5 7
6 9 1
17 19 11
13 16 12
2 6 9
19 23 2
16 20 7
2 4 9
10 13 4
1 3 10
16 20 12
19 20 3
11 15 6
22 0 2
19 21 8
10 12 8
23 3 9
18 23 11
12 15 8
20 21 8
12 17 8
5 9 7
21 1 1
6 8 11
2 5 8
6 8 1
8 11 6
21 21 8
10 13 2
12 15 4
19 21 1
12 14 6
15 17 9
1 4 9
13 18 9
20 23 3
18 21 4
12 14 6
18 21 10
14 17 2
19 23 6
12 16 1
1 4 1
20 0 12
22 23 9
10 13 5
15 16 4
1 5 5
5 8 5
1 4 12
18 21 7
6 8 1
22 3 8
21 1 8
23 2 4
10 12 5
23 2 8
20 23 5
2 6 9
17 20 8
19 23 3
21 1 9
9 12 1
13 17 6
9 10 9
22 2 8
23 2 5
8 12 2
5 9 5
8 12 12
18 22 3
0 4 12
13 16 2
13 16 8
9 13 2
5 9 6
8 12 12
23 3 6
1 4 6
19 22 5
3 7 1
0 4 1
12 15 11
20 23 2
18 20 12
5 10 8
16 21 3
22 2 11
15 17 4
6 9 1
22 0 5
7 8 11
5 7 11
18 20 1
6 8 10
7 10 11
5 9 3
5 8 11
5 8 9
11 15 7
9 12 8
12 16 5
5 9 4
8 13 12
11 14 3
1 4 9
14 16 2
16 18 10
14 17 1
3 6 2
12 15 5
5 8 7
10 13 3
12 17 9
2 4 4
5 9 6
10 14 12
0 2 11
21 2 9
21 0 5
4 8 9
