650 14
1 8 1 5 5 8 6 9 7 8 9 4 8 8 
7 11 14
15 19 10
16 19 12
2 4 5
18 21 7
15 18 2
14 17 9
2 3 13
16 20 8
15 19 12
11 15 7
22 1 5
1 4 3
18 21 4
22 1 10
18 21 13
4 9 14
13 16 11
8 13 13
3 6 4
10 12 11
14 16 6
13 15 14
6 9 12
12 15 7
23 2 7
14 17 4
1 3 4
18 21 9
21 1 10
13 17 11
22 2 10
23 1 3
23 2 9
1 3 3
0 2 3
23 1 3
19 22 1
13 16 9
18 21 14
7 10 4
9 11 14
8 10 10
2 4 11
21 0 8
22 1 9
21 1 5
16 20 12
17 19 12
19 0 2
2 7 3
17 18 3
17 21 14
12 15 1
12 16 6
20 23 5
0 0 13
4 7 9
7 11 12
18 22 6
2 5 8
13 16 11
0 4 9
21 0 12
22 1 2
11 13 11
12 16 4
2 5 9
0 2 3
18 21 5
8 10 5
11 15 6
15 18 12
6 9 4
4 8 1
3 5 6
15 19 3
11 12 8
3 7 4
22 2 3
18 19 5
13 17 1
11 14 13
10 12 5
22 2 14
0 3 13
23 2 13
9 13 7
4 9 8
9 12 5
9 13 3
23 2 8
7 9 11
23 1 12
23 1 9
19 0 9
12 17 3
6 9 4
20 22 1
8 12 14
4 7 6
16 20 12
9 10 4
20 23 3
13 16 8
1 5 7
18 21 7
5 9 10
11 15 8
14 17 10
21 0 11
9 13 13
7 11 4
14 18 3
15 19 9
3 6 13
8 12 8
5 8 13
11 14 12
12 15 6
7 11 5
15 20 2
11 13 4
21 0 9
7 10 14
3 5 9
9 14 10
17 21 6
10 14 5
22 0 2
18 21 10
7 12 2
13 15 2
21 0 9
5 7 7
22 2 6
6 9 8
16 19 13
10 13 3
23 2 11
9 11 2
19 22 6
23 1 12
0 4 12
0 2 4
13 15 1
4 8 6
12 18 7
7 10 1
5 9 14
7 10 9
13 13 5
16 18 12
20 0 5
7 11 12
6 8 2
8 10 13
9 12 7
9 13 1
8 12 1
8 13 4
0 4 2
4 7 13
7 9 11
0 3 8
20 23 2
1 5 1
16 19 8
21 0 8
16 20 1
12 17 13
17 20 9
22 2 1
1 3 1
6 7 10
14 19 8
20 0 10
0 3 3
20 0 4
11 13 7
5 9 1
16 20 1
8 12 10
21 23 2
0 4 9
6 8 13
7 10 2
18 21 12
3 8 8
13 17 3
7 10 9
15 19 13
9 13 13
13 16 14
9 13 1
17 20 1
10 13 8
1 4 7
22 1 14
14 19 9
5 9 4
13 16 10
23 0 12
9 11 13
19 21 7
11 14 8
20 0 9
18 21 7
7 13 3
5 8 12
16 20 5
7 11 7
10 12 14
3 5 10
9 10 11
21 0 7
1 6 5
4 6 13
7 10 3
1 7 8
21 1 2
23 1 2
15 19 1
7 11 5
23 3 12
7 10 5
11 13 12
4 7 2
18 22 10
14 18 13
8 12 2
4 7 13
0 2 3
12 16 12
4 6 1
17 19 1
22 1 4
13 16 12
13 16 9
17 19 9
22 1 14
12 14 4
11 14 7
11 16 13
5 7 5
3 5 11
12 15 14
18 21 12
0 3 5
21 23 1
14 17 2
18 21 12
14 18 7
19 22 10
12 15 8
16 19 9
17 20 2
23 2 6
18 20 5
17 20 3
0 2 9
23 1 9
1 4 12
5 7 2
8 13 14
1 4 4
9 13 9
9 12 1
20 23 1
0 2 2
4 7 10
9 10 7
2 7 11
10 13 7
3 6 14
16 18 14
21 1 11
10 13 3
15 17 3
12 16 12
14 17 7
8 12 11
14 16 1
13 16 11
18 21 5
0 3 7
7 10 13
17 20 13
4 9 4
5 8 6
5 8 1
11 15 7
6 8 1
11 13 9
12 15 7
1 4 12
14 16 10
2 7 4
3 7 11
23 1 9
6 8 3
16 20 10
9 10 10
4 7 8
21 1 6
9 13 8
16 20 3
20 23 7
20 0 14
5 7 5
22 2 2
14 16 11
2 6 7
14 17 12
12 14 5
7 10 11
17 20 8
13 15 3
12 15 4
16 20 6
17 20 14
11 13 13
1 2 4
17 19 13
13 15 6
7 10 8
11 14 12
21 1 7
6 8 2
11 13 7
10 14 5
0 2 1
5 9 11
8 11 5
12 14 13
15 19 13
18 22 6
10 12 13
4 8 8
6 8 14
0 3 10
7 12 5
23 3 9
10 14 7
20 23 1
18 21 13
19 20 4
0 2 14
9 13 6
12 15 9
16 20 6
12 15 6
23 2 13
3 4 11
5 9 2
14 17 2
7 10 2
5 7 14
16 18 10
6 9 5
21 0 6
22 0 8
0 4 10
22 1 12
4 7 1
14 19 7
18 22 3
5 8 4
11 14 14
7 9 10
10 14 8
22 1 12
16 19 10
18 20 7
9 13 13
12 15 6
12 15 1
14 14 8
1 4 4
7 10 11
18 20 4
9 12 14
9 11 6
1 5 7
13 14 6
11 13 8
16 18 11
14 17 1
16 19 5
18 21 5
18 21 7
20 0 12
20 22 13
12 15 13
20 23 8
19 21 14
16 20 7
10 13 9
1 5 2
13 17 3
16 20 11
10 13 6
10 12 6
14 15 14
10 14 8
0 3 12
3 8 2
9 13 10
6 10 3
1 5 11
13 17 11
4 7 5
9 12 12
16 17 9
23 0 9
4 7 3
23 4 14
22 2 7
5 9 3
3 7 5
11 14 9
21 0 2
15 18 6
2 4 11
6 10 10
3 4 12
23 1 10
15 20 2
6 10 3
16 21 2
17 21 9
14 17 8
10 13 12
13 17 13
21 1 9
12 15 11
11 14 3
19 23 2
10 14 14
17 20 2
12 15 12
9 12 7
15 17 10
5 7 2
22 1 10
13 14 13
6 8 6
4 8 7
16 20 10
11 13 8
6 8 11
12 15 12
21 23 6
16 18 14
13 14 7
8 12 10
11 14 6
14 18 9
19 21 12
4 7 4
0 3 4
11 13 4
9 10 4
3 7 12
9 12 5
7 10 1
18 20 5
22 0 9
0 3 5
9 12 1
20 0 6
10 13 2
8 12 2
4 8 5
4 8 14
0 3 1
1 3 6
15 18 12
22 0 2
15 17 1
9 11 4
15 16 11
10 15 13
12 15 12
16 19 4
10 14 14
4 6 3
18 22 12
14 18 6
7 9 11
21 1 12
19 0 1
5 9 9
6 9 10
11 15 5
17 22 4
7 8 14
21 0 5
14 17 12
10 13 3
12 16 14
22 0 9
15 18 14
0 4 5
10 14 2
21 0 10
1 4 3
0 4 5
15 17 14
12 16 1
16 20 4
13 17 2
19 22 10
14 17 13
7 13 2
11 13 6
21 0 9
18 21 2
18 21 14
6 10 1
1 3 5
5 6 14
1 4 5
10 14 10
23 3 12
20 22 11
22 2 6
20 23 12
8 12 6
6 9 12
5 8 5
12 13 7
16 17 10
6 8 3
2 5 10
14 18 8
16 19 4
4 8 13
4 7 4
2 6 14
9 10 5
16 19 4
5 8 10
3 5 1
19 23 14
16 19 10
15 18 1
9 13 6
13 18 8
18 22 2
0 2 14
16 20 3
21 0 2
7 12 8
9 11 7
17 20 13
10 13 3
3 5 6
3 5 11
19 22 3
3 7 12
2 5 10
14 19 4
16 19 11
15 19 5
10 15 2
10 14 14
6 8 4
4 6 2
4 7 9
2 5 1
13 16 7
10 12 13
2 3 4
8 10 5
0 2 8
13 16 2
5 9 14
17 19 9
7 9 14
11 12 12
4 6 14
17 22 14
1 3 8
21 0 10
9 12 5
17 21 10
23 1 6
1 4 1
9 12 6
18 19 3
12 16 6
9 11 9
7 10 13
13 15 4
4 8 8
2 7 13
15 16 13
9 14 12
8 10 1
0 3 5
8 12 6
8 10 4
18 19 10
10 12 1
4 7 11
8 12 9
12 15 6
14 18 5
1 4 9
16 20 13
22 1 10
17 21 7
5 9 13
1 6 11
11 13 1
11 14 10
15 18 11
9 11 14
1 4 7
1 5 14
8 13 1
19 20 4
22 2 2
2 4 3
15 18 10
23 1 13
20 21 3
4 8 7
23 3 12
19 22 4
6 10 2
16 19 9
11 12 3
12 17 13
15 20 10
15 18 12
20 1 10
17 21 8
10 14 3
19 23 1
4 7 11
12 14 12
3 8 6
15 19 4
17 22 1
0 3 6
17 19 10
6 9 2
7 11 12
