450 15
6 5 5 5 10 10 10 3 7 7 9 9 10 3 2 
7 11 9
4 8 3
6 9 10
16 20 12
8 10 10
18 19 3
14 18 15
10 13 13
1 4 4
1 2 6
5 8 6
11 15 15
16 18 10
22 23 10
0 2 8
11 13 6
11 14 15
4 8 15
11 14 2
20 23 9
7 11 12
20 23 14
20 23 2
22 2 5
5 9 13
2 4 13
20 23 5
21 1 6
19 20 4
23 1 14
18 19 10
2 5 14
9 11 4
0 2 9
17 20 2
21 1 1
3 6 10
3 8 7
14 16 8
11 15 1
19 22 10
3 5 5
2 3 9
16 19 5
10 15 4
22 1 11
6 8 7
19 21 11
4 6 4
0 3 3
8 10 3
5 9 2
11 14 2
17 21 12
2 5 4
2 6 5
2 6 5
5 7 5
13 17 5
3 3 1
5 7 1
8 9 5
3 6 7
23 1 4
2 6 6
1 5 4
14 17 9
6 12 13
22 23 5
19 20 3
11 14 5
16 19 12
17 20 3
16 19 8
10 11 2
10 13 6
13 15 5
20 0 4
11 14 7
3 6 4
5 8 14
11 13 5
4 5 12
17 19 7
23 2 1
10 12 14
20 21 5
0 3 10
22 0 2
1 3 1
20 23 1
12 15 10
22 1 6
18 20 8
1 4 15
7 8 2
20 0 8
19 0 2
1 3 4
21 23 14
6 7 11
4 7 13
5 7 2
7 11 13
11 15 1
22 1 15
20 23 14
7 11 7
7 8 4
5 8 4
5 7 6
15 19 5
8 11 9
7 12 3
23 2 12
6 10 13
11 14 8
3 7 4
18 21 2
23 3 10
14 17 7
5 8 6
12 14 2
22 1 5
5 9 6
1 5 9
1 3 1
13 15 4
11 14 1
11 14 5
12 14 6
14 17 1
21 23 3
17 19 6
16 18 13
4 6 9
2 6 14
0 3 14
14 19 6
20 22 12
6 10 4
17 19 7
14 17 10
7 11 9
22 2 12
0 4 8
19 22 9
18 20 9
23 3 7
9 13 9
13 15 4
22 23 4
0 4 14
17 19 4
4 8 3
7 12 8
9 14 13
10 12 1
23 2 5
12 15 9
17 18 7
18 21 15
4 6 5
10 11 9
11 15 1
15 19 5
7 11 4
18 19 15
4 5 5
7 10 5
11 14 2
15 17 1
8 12 3
11 13 2
19 22 8
21 1 5
13 15 14
8 9 1
4 5 13
17 20 8
18 21 3
20 23 4
13 15 2
19 0 4
14 16 11
10 15 8
16 20 6
17 20 10
23 2 12
21 22 8
15 17 1
10 14 2
9 10 3
3 6 6
0 4 3
20 0 2
23 1 14
9 12 14
7 10 3
13 17 13
3 3 12
17 21 10
18 19 1
7 9 2
15 18 5
8 11 8
1 4 14
21 23 10
3 6 5
23 3 8
13 15 11
13 19 9
21 1 12
13 15 12
11 14 14
16 20 2
18 22 13
0 3 7
8 12 2
2 6 10
21 23 15
19 22 8
6 9 2
18 21 11
1 4 1
18 20 4
0 4 11
22 1 6
20 23 13
11 14 7
16 19 2
17 20 9
8 9 5
18 20 7
23 1 12
18 21 15
17 21 7
10 13 8
8 13 4
22 1 10
23 3 5
22 2 15
16 21 11
7 9 9
22 2 1
1 1 2
8 12 1
22 1 1
19 22 14
5 8 6
19 21 7
16 20 5
18 19 5
2 7 12
1 5 6
1 5 5
17 18 4
2 5 6
0 2 14
9 11 15
1 5 15
14 15 8
13 15 6
6 9 9
1 4 6
4 6 13
22 1 2
13 15 11
17 20 4
4 7 1
20 23 11
9 13 8
14 17 3
17 20 10
2 6 15
3 7 5
16 18 7
3 8 6
16 17 14
7 9 10
0 3 9
1 4 7
15 17 8
23 3 2
6 8 13
6 9 4
8 10 2
23 2 10
9 12 2
15 19 2
11 14 3
7 10 3
10 13 14
23 3 3
6 10 14
3 7 5
2 6 12
16 19 9
8 11 9
8 10 5
21 2 6
10 13 12
2 6 9
19 20 10
17 19 7
18 22 10
14 17 4
0 2 8
7 12 6
5 7 8
15 17 13
8 10 3
1 4 1
3 7 11
17 21 13
21 23 2
11 14 6
5 7 2
9 11 10
14 17 3
1 4 15
16 20 7
12 12 10
22 23 11
15 18 13
11 14 15
18 22 2
4 8 1
4 7 6
13 16 13
6 10 14
7 10 15
21 0 14
15 19 11
18 21 15
14 18 6
5 10 10
1 4 1
6 9 10
12 14 14
11 14 9
4 7 15
4 6 13
0 3 5
10 13 1
16 18 6
13 14 12
23 1 8
0 3 9
14 16 10
21 0 10
18 23 14
17 22 1
13 15 9
12 15 12
8 12 8
19 21 14
10 14 2
23 3 4
13 16 6
0 3 14
4 8 1
15 17 14
0 3 3
7 11 5
18 22 9
1 4 11
11 15 14
6 9 12
5 8 1
20 0 11
21 0 14
13 15 2
10 14 2
18 22 12
19 0 2
13 18 4
12 16 14
8 11 14
1 5 4
10 12 8
21 23 5
17 18 12
22 2 14
18 20 11
16 20 15
13 17 6
18 21 11
11 15 8
16 18 3
4 9 2
14 16 2
21 0 11
13 17 2
4 7 1
17 20 3
11 15 13
5 6 3
21 1 9
23 1 5
11 14 9
0 3 1
0 2 5
22 3 11
4 8 10
15 18 2
6 10 2
16 17 3
17 17 1
6 10 11
9 12 14
22 2 2
9 10 7
10 13 15
21 23 11
22 1 9
1 3 14
8 11 11
10 12 12
20 23 7
9 12 6
16 19 2
17 21 4
4 7 11
15 18 7
6 9 9
20 22 9
1 4 15
18 20 12
22 2 13
23 1 6
15 19 10
14 17 5
19 23 8
0 1 4
7 10 5
5 8 11
2 6 13
7 11 8
13 17 6
15 18 15
2 5 2
13 17 7
6 11 7
5 9 11
6 9 14
14 19 8
14 17 3
18 22 12
1 3 2
