900 19
3 9 1 9 1 2 9 1 9 4 9 2 1 8 4 7 4 1 3 
5 10 4
11 15 14
2 4 18
17 20 12
2 6 1
23 2 10
22 1 19
14 16 13
17 20 12
17 21 15
1 3 4
1 3 10
0 3 18
21 0 13
20 1 15
8 11 9
12 16 9
10 13 3
1 4 8
11 14 6
19 22 4
10 13 18
12 14 9
8 12 15
1 4 10
18 22 2
22 3 16
19 22 13
18 21 2
18 21 3
6 9 3
16 20 8
22 1 5
16 20 19
19 21 17
14 17 14
17 18 7
9 12 10
14 16 10
18 20 6
1 3 1
22 2 3
17 21 5
17 19 8
19 22 5
11 16 16
19 23 5
13 14 15
21 23 8
10 12 6
5 8 5
15 16 12
6 8 3
0 4 17
1 4 1
8 13 18
16 19 12
8 12 18
15 18 7
8 10 10
23 2 14
8 13 5
7 10 14
15 18 16
21 0 10
17 19 13
18 21 7
22 0 10
2 5 17
16 19 2
22 0 4
5 9 10
11 13 5
12 16 10
17 20 14
3 5 13
2 4 15
8 11 3
18 22 11
20 23 1
1 5 8
8 10 4
1 5 14
19 21 1
20 1 3
7 9 19
14 15 5
13 16 5
2 5 1
15 16 13
8 10 10
6 10 1
8 11 4
16 19 2
5 7 3
12 14 9
10 13 14
3 4 17
8 10 18
23 2 17
3 6 13
23 0 13
12 15 13
16 19 17
6 9 14
17 18 16
20 23 8
22 0 7
5 8 8
7 10 8
0 1 7
14 17 6
3 7 13
16 20 13
12 13 16
9 13 12
16 19 5
17 20 4
23 2 17
16 18 15
14 16 14
0 2 8
12 15 17
6 11 10
19 22 19
9 11 14
4 7 2
6 9 18
3 8 15
12 16 6
9 13 17
11 15 7
10 11 3
5 6 18
17 19 17
0 6 8
17 21 14
0 1 14
11 13 2
12 14 1
2 6 4
22 1 19
6 8 14
11 14 18
0 3 11
7 12 17
16 19 9
5 9 6
0 3 14
15 17 1
16 19 8
23 1 10
6 9 12
11 13 12
8 12 5
4 8 1
18 20 10
2 5 7
2 4 16
23 2 16
4 8 19
1 5 1
12 15 17
22 1 19
7 10 10
12 14 2
2 4 12
19 23 6
4 6 9
14 17 16
2 8 19
13 17 10
17 20 3
13 16 8
20 23 2
7 11 1
10 14 11
0 2 12
23 2 15
17 21 15
0 4 5
4 7 9
13 17 1
23 3 2
18 21 14
7 12 8
9 11 15
22 1 13
23 3 7
21 23 10
16 21 17
16 17 17
23 2 11
0 3 2
22 2 5
7 10 12
20 1 8
2 6 9
21 0 13
17 20 10
11 15 5
17 19 5
18 23 2
2 5 19
13 17 17
13 16 8
18 21 15
2 4 15
11 13 11
7 11 14
3 8 6
3 5 9
2 6 5
12 16 18
10 14 6
13 16 14
3 7 6
15 17 4
3 6 6
11 13 8
12 16 10
17 20 5
16 19 15
4 8 6
1 5 4
7 8 7
14 18 7
16 20 11
9 12 11
4 8 15
5 5 7
8 10 4
11 16 5
21 23 15
8 11 8
18 21 13
11 16 6
1 4 9
17 21 13
17 20 11
13 16 1
12 16 13
21 1 4
6 8 3
18 22 12
8 11 16
16 19 6
4 8 4
15 18 10
0 2 2
5 8 8
22 1 6
8 10 6
14 16 14
21 23 11
14 17 4
12 14 2
17 22 5
8 10 16
7 10 19
11 12 2
18 22 18
14 16 19
5 10 8
5 7 6
7 10 2
14 17 15
11 15 15
13 14 5
3 6 2
0 5 11
3 5 5
3 5 3
11 15 2
4 6 16
9 13 15
10 13 16
23 1 3
21 1 6
7 10 14
6 10 17
12 14 17
11 14 15
16 19 19
13 17 4
23 3 14
1 4 7
3 8 11
2 4 4
15 18 9
4 10 13
7 11 15
1 5 3
8 11 19
11 13 18
15 17 11
0 1 11
23 3 16
7 10 3
14 15 10
0 4 19
5 8 19
22 3 18
7 9 10
0 3 19
3 6 6
0 3 4
14 17 9
4 8 13
5 10 8
9 12 15
22 1 5
10 15 16
17 19 15
5 9 5
16 18 6
3 7 3
18 22 2
5 8 4
13 15 16
12 14 18
21 23 15
7 11 2
2 6 16
13 14 6
15 19 9
6 8 17
0 2 3
10 15 16
13 15 16
20 22 4
9 13 19
17 21 5
2 6 3
2 6 3
3 7 19
18 22 7
6 9 1
13 16 16
3 8 14
21 0 4
4 7 14
17 20 1
11 13 1
20 0 8
15 18 12
3 7 1
18 22 14
8 12 3
15 19 9
20 22 16
1 3 18
2 5 11
8 11 12
2 5 16
16 19 9
9 12 16
14 18 19
5 7 7
18 21 19
4 7 11
22 2 2
4 5 19
12 15 4
12 15 7
22 1 18
13 16 19
17 22 19
1 4 15
9 14 12
19 0 17
4 6 9
12 15 16
16 19 12
18 21 18
4 7 14
8 11 17
2 4 17
0 3 14
1 3 1
16 18 6
15 17 16
7 10 11
5 8 16
9 10 13
22 2 14
22 0 2
12 16 14
3 5 1
23 2 16
8 12 9
17 20 13
9 10 17
3 8 11
14 16 1
20 0 13
9 10 13
15 18 9
13 17 13
23 3 12
5 9 10
7 11 8
13 18 11
4 9 9
12 15 15
6 8 16
7 10 8
17 21 15
4 6 2
23 1 10
13 14 11
16 20 4
1 4 18
22 0 5
10 13 17
8 11 18
0 3 11
3 6 11
20 23 19
1 5 6
17 19 2
10 14 5
17 18 2
4 5 15
0 2 11
11 14 6
4 8 16
8 11 3
13 16 7
22 0 14
7 11 1
9 12 15
17 19 1
6 9 12
10 12 6
10 13 15
9 13 18
21 23 1
5 7 12
3 7 1
6 8 6
1 4 19
20 0 6
7 10 1
22 1 10
20 23 17
23 3 10
4 6 4
4 6 19
7 10 9
6 10 13
21 23 11
8 10 13
21 0 17
11 15 15
8 13 15
22 0 2
3 4 14
0 4 17
15 18 9
5 8 6
4 8 4
22 23 9
20 0 11
22 3 17
13 16 10
2 3 9
1 4 15
2 6 10
12 13 6
19 21 3
10 11 7
18 22 12
12 16 14
21 1 6
11 15 5
20 23 18
20 22 3
21 0 6
17 21 1
8 11 5
2 7 4
23 3 11
3 6 2
1 3 2
1 2 7
15 19 11
12 15 16
9 10 12
9 13 5
14 16 17
5 8 8
10 13 2
5 9 5
6 10 1
13 15 13
20 23 19
3 7 9
8 12 2
21 0 14
23 2 5
16 21 7
9 12 5
2 6 6
18 21 12
3 7 2
20 0 17
13 17 9
2 7 9
1 3 14
15 18 13
20 22 12
2 6 4
22 0 2
16 20 16
22 0 1
15 17 8
21 1 4
8 11 8
14 18 5
6 9 5
6 8 10
1 4 16
20 0 7
7 10 6
2 6 18
12 15 8
3 6 2
3 7 8
7 12 6
19 20 2
1 3 8
20 0 8
19 0 6
21 0 12
11 13 8
7 11 11
0 4 6
10 12 13
11 15 17
12 14 16
21 0 9
19 21 7
10 11 6
6 9 10
1 3 14
21 23 18
8 11 12
17 20 14
20 0 16
22 1 7
3 8 4
17 20 1
9 13 12
3 7 16
8 11 7
23 2 8
17 22 16
15 17 1
7 10 4
0 2 9
23 2 14
4 6 17
12 16 3
7 11 13
2 6 1
16 20 7
13 18 4
2 5 12
15 18 10
16 17 15
23 2 7
5 10 10
6 8 9
11 14 10
6 8 18
14 17 18
22 2 17
6 9 18
21 0 10
13 15 6
13 16 17
22 2 1
2 5 8
13 15 1
18 19 9
11 14 13
13 17 5
12 15 4
8 11 19
20 23 2
5 8 12
0 3 8
9 12 3
7 10 11
6 10 14
6 8 19
10 11 19
7 10 7
14 16 7
21 23 18
16 20 8
2 4 8
9 12 2
22 3 19
16 19 19
9 12 16
14 18 16
2 3 2
5 7 16
15 18 9
20 0 14
11 13 3
15 17 10
14 17 8
22 0 18
7 12 10
21 0 8
22 0 13
12 16 11
10 13 1
22 2 8
19 22 10
23 3 12
12 15 3
0 4 15
15 18 18
23 1 9
0 4 15
6 8 18
3 6 9
10 12 15
20 22 14
0 4 14
5 8 5
22 0 7
3 7 8
4 7 17
18 22 1
7 10 5
6 11 15
19 0 6
16 20 17
17 20 6
0 2 9
11 15 18
0 2 16
0 2 15
19 21 2
7 11 18
14 16 1
22 23 7
18 21 4
9 14 15
18 22 4
19 23 12
21 0 8
14 16 3
13 16 9
2 6 12
10 13 9
14 18 3
14 18 19
1 4 3
1 5 11
5 9 17
14 18 12
0 4 7
9 12 4
18 22 18
6 8 3
3 6 7
16 17 17
20 22 11
10 14 10
3 5 10
1 3 10
13 16 5
1 3 9
23 2 19
3 6 13
3 8 6
4 6 11
20 23 4
19 23 8
23 2 5
11 14 8
8 13 12
7 8 8
7 10 7
9 11 3
8 10 15
12 15 8
5 5 5
11 14 6
6 10 15
12 16 4
21 0 18
3 7 19
3 7 4
8 11 6
15 19 15
6 9 2
23 1 16
18 21 2
14 17 10
17 19 1
19 0 8
20 23 16
8 11 18
13 17 11
11 14 10
1 3 8
10 14 9
8 12 14
19 21 2
8 11 12
7 9 8
17 20 11
7 9 14
17 20 16
20 21 11
13 17 19
8 11 3
23 1 11
23 2 8
18 20 10
2 6 8
16 20 18
22 23 17
20 22 18
10 12 8
12 16 11
5 7 8
6 8 4
12 15 16
19 22 9
4 7 5
7 10 16
9 12 1
15 18 1
3 6 15
19 22 8
17 18 4
4 6 5
2 6 15
10 14 16
12 15 6
0 2 9
20 23 19
6 8 1
11 14 8
6 9 10
10 10 6
4 6 2
15 16 9
21 0 12
14 18 17
12 14 3
21 23 11
17 19 19
2 5 4
8 10 19
18 20 14
9 13 17
12 14 12
1 4 16
4 7 2
17 19 14
15 18 3
9 13 10
4 5 16
18 21 3
7 10 9
5 9 10
19 21 14
14 15 18
21 0 4
13 16 7
5 8 11
10 13 9
16 19 9
1 4 9
6 9 12
19 23 3
11 12 2
19 23 10
13 18 18
19 20 15
10 14 15
13 16 7
13 15 6
11 15 4
4 9 9
16 20 17
12 14 5
3 6 6
19 21 6
6 8 12
21 2 2
15 17 18
9 11 9
5 7 3
0 2 11
21 22 10
6 8 2
20 23 19
15 20 9
17 19 2
21 22 10
10 11 9
11 14 12
0 2 5
6 9 13
0 2 11
2 5 16
6 9 4
16 18 12
18 21 18
12 15 15
1 4 1
19 23 12
17 21 10
17 18 2
8 10 17
15 18 9
11 13 3
0 4 6
3 6 9
11 15 7
3 5 18
21 21 3
17 22 15
11 14 2
11 14 15
23 3 2
2 6 8
19 22 18
16 19 18
8 10 9
0 3 6
12 15 6
0 2 11
22 0 17
12 14 12
10 14 6
9 13 1
3 7 12
12 14 1
17 19 8
0 1 9
5 7 18
8 11 8
3 5 12
13 15 14
18 20 16
16 19 10
21 0 19
5 7 10
17 19 2
23 3 11
4 8 1
12 13 19
8 9 15
5 6 6
21 1 4
8 10 16
12 15 6
0 3 1
11 13 4
19 22 5
18 22 5
11 16 15
20 0 18
14 17 10
13 17 14
14 17 5
13 18 5
12 14 5
19 23 9
21 1 6
1 4 15
17 21 5
23 3 8
22 1 13
9 12 10
4 6 13
10 13 2
5 9 4
3 5 7
3 6 19
6 8 5
16 19 19
0 3 18
14 18 19
5 6 12
1 2 14
2 4 14
7 8 18
4 7 10
