250 7
5 7 6 2 7 2 8 
6 9 1
12 14 4
17 21 2
6 8 3
14 17 1
7 8 1
5 8 3
18 20 5
2 3 2
9 14 5
16 18 3
6 10 6
20 23 2
9 10 7
8 11 1
15 17 5
13 16 3
20 23 1
1 5 7
2 5 5
22 2 3
23 2 1
16 19 4
6 9 5
4 7 4
12 15 4
8 9 7
22 1 3
12 17 6
22 0 7
5 10 7
7 10 4
9 12 1
20 23 5
22 0 4
10 13 2
2 7 7
16 21 4
21 0 2
20 23 1
22 1 3
6 9 5
15 16 5
19 22 6
10 12 4
17 19 2
5 7 4
14 16 1
13 15 3
1 3 2
3 6 2
13 15 5
8 13 3
10 13 7
18 19 6
6 10 6
7 9 6
23 2 1
2 4 2
11 14 3
12 14 3
10 12 6
23 1 7
16 20 4
13 14 5
14 17 7
16 18 5
14 17 2
12 15 1
14 18 7
20 23 1
13 17 4
14 15 7
3 6 6
11 15 7
0 3 5
21 0 4
1 5 4
15 18 1
14 18 5
8 12 1
3 7 6
6 8 7
16 19 2
20 23 6
17 20 2
22 1 7
11 14 4
10 11 3
19 0 6
15 18 2
16 20 4
2 5 3
14 17 3
8 12 7
15 17 1
12 15 5
2 6 7
19 21 4
4 6 1
12 15 4
15 18 3
14 17 7
11 14 7
22 2 5
3 4 7
17 19 2
5 9 6
20 23 4
11 14 7
17 20 3
18 22 4
12 13 6
8 9 1
13 16 3
20 22 6
2 5 2
5 7 2
18 21 2
8 13 7
17 20 7
16 19 6
14 17 5
3 6 6
22 3 3
7 11 3
1 4 7
1 5 5
3 6 2
7 11 6
16 19 7
19 21 4
12 15 5
18 21 6
11 14 7
0 4 2
18 21 5
10 13 5
9 12 4
1 5 7
14 17 2
5 8 1
9 9 6
15 18 1
9 12 3
14 17 7
19 22 4
22 2 3
1 3 7
17 21 7
11 14 1
3 6 3
4 9 4
14 18 4
0 2 2
12 15 2
5 8 2
22 2 3
5 8 1
19 21 1
5 6 2
17 20 2
17 21 5
13 17 2
19 21 5
2 6 4
14 18 2
20 0 5
5 8 6
21 23 2
23 3 2
19 22 7
18 21 4
18 21 7
4 5 7
0 1 3
9 10 7
5 10 4
20 22 5
19 0 2
13 15 3
5 7 6
4 5 2
7 9 2
16 20 6
22 23 6
2 4 1
18 23 2
7 11 6
6 9 4
0 3 3
8 11 6
13 15 6
7 10 5
18 21 4
17 19 1
19 22 7
2 5 4
7 9 3
17 19 5
15 18 7
14 17 2
2 5 5
20 0 7
16 18 6
0 1 4
7 9 5
6 9 2
7 8 3
2 6 1
8 11 5
6 9 1
11 13 4
23 1 7
3 6 3
2 5 7
12 15 6
17 20 3
4 7 7
13 15 2
15 19 5
4 6 4
2 4 1
18 22 5
20 23 3
19 21 4
21 23 1
1 5 7
6 9 2
3 6 2
6 10 5
11 14 3
23 2 2
10 14 1
15 16 3
14 17 1
7 10 2
3 9 4
15 19 6
2 4 1
21 0 7
22 3 3
1 4 6
4 8 2
5 8 1
15 19 7
15 18 7
19 21 5
18 21 7
8 11 6
