150 12
1 7 8 3 7 6 10 9 9 2 8 3 
7 12 10
19 22 4
15 17 9
6 10 7
9 11 5
12 16 10
15 18 6
15 17 2
3 7 9
18 20 1
12 15 11
12 14 1
21 1 5
3 7 9
17 18 11
22 0 4
12 15 4
4 7 8
13 15 5
5 10 9
20 22 9
5 10 11
22 1 12
9 10 10
17 21 2
2 5 5
22 1 1
9 12 6
9 12 7
9 10 12
8 11 11
10 14 12
16 18 8
5 9 9
12 15 11
17 21 5
16 19 12
16 18 11
13 16 1
14 16 12
13 17 8
18 21 7
15 17 9
18 20 9
11 14 3
7 10 2
10 14 8
15 16 1
12 15 10
5 9 1
0 3 9
7 10 8
18 21 11
12 14 8
23 3 1
9 13 6
23 4 10
17 23 4
23 3 5
3 8 10
21 23 1
2 4 7
20 22 4
0 4 1
7 10 7
16 19 12
18 21 12
3 7 5
1 3 7
17 20 12
17 19 11
4 9 12
21 22 11
15 18 9
7 11 5
20 1 1
20 22 3
4 6 12
5 8 5
2 5 10
1 5 11
14 18 9
14 16 1
10 12 6
22 0 12
5 8 8
6 10 6
11 15 8
10 14 4
8 10 6
19 22 12
13 15 5
6 10 4
12 14 4
6 8 6
12 15 10
5 8 10
7 9 9
10 11 7
10 14 8
17 21 7
20 23 4
15 18 7
6 8 2
18 22 6
6 10 6
9 13 6
3 6 5
18 21 9
8 11 11
13 16 8
3 6 7
1 5 12
16 19 10
3 5 9
4 8 7
0 2 4
3 6 2
0 2 2
10 14 5
16 18 4
3 5 3
8 10 9
9 14 7
9 10 1
23 4 1
17 22 9
15 19 9
23 4 9
17 20 4
9 12 3
9 11 3
9 11 7
3 6 3
21 0 9
19 22 12
12 13 5
18 21 6
14 14 7
5 8 7
9 13 5
15 17 10
19 23 10
19 23 11
2 3 3
7 10 8
20 0 6
1 4 7
14 18 3
22 4 2
