2650 19
5 2 1 6 6 8 4 2 2 5 6 9 10 5 3 9 9 2 8 
23 2 4
7 10 2
19 23 6
10 14 18
23 1 5
8 12 16
0 2 19
17 20 6
23 2 14
22 2 8
10 13 4
0 2 7
13 14 9
7 9 9
11 16 15
13 15 11
20 23 14
4 7 15
1 3 4
12 15 8
2 5 12
13 16 11
21 23 10
7 11 7
4 8 9
15 18 9
3 7 17
10 12 10
8 13 13
17 20 8
3 5 3
4 6 18
20 1 11
0 2 15
11 13 12
12 16 15
6 9 12
23 1 14
16 19 17
20 23 18
17 20 3
7 11 8
17 21 17
22 0 7
21 23 2
9 13 14
13 16 17
3 7 8
4 8 5
23 2 6
4 7 4
17 21 8
13 17 8
4 7 19
5 9 6
17 20 12
22 2 5
7 10 14
12 14 18
12 17 4
17 20 16
9 14 12
10 13 5
22 23 13
6 8 6
11 13 10
1 5 19
1 4 7
6 9 18
8 12 14
22 2 4
5 7 1
22 2 19
16 18 2
13 17 2
7 10 1
23 2 5
4 6 3
11 14 1
7 10 19
17 17 5
17 19 3
15 17 4
1 4 10
21 0 15
10 12 6
14 18 5
20 0 13
20 0 14
20 22 19
7 9 7
13 17 4
23 1 1
14 16 5
6 8 3
22 0 13
4 7 6
9 11 3
1 4 3
20 22 7
22 0 13
16 19 14
14 19 11
17 20 15
6 9 14
16 20 9
3 5 3
6 11 15
7 12 10
10 13 7
10 15 17
9 12 3
9 12 8
18 22 5
14 17 12
19 22 8
10 13 18
10 13 5
19 22 1
23 2 1
18 20 10
17 20 6
5 8 4
7 10 11
22 2 17
10 12 1
8 13 7
11 15 7
20 1 13
15 17 6
17 21 6
19 21 8
17 22 16
10 14 3
3 5 12
19 23 6
15 17 1
13 15 9
9 10 3
21 1 13
13 13 4
3 5 15
14 18 1
5 7 11
9 13 15
15 17 15
14 17 4
23 2 17
2 5 3
12 14 5
8 10 7
19 22 8
11 13 7
3 7 11
18 21 18
2 6 16
19 23 3
19 22 7
20 21 16
0 3 4
18 21 17
17 20 1
7 9 17
18 22 6
21 0 3
2 4 18
15 17 15
18 0 4
13 17 9
12 15 3
19 21 15
6 11 4
18 22 18
3 4 17
15 17 1
7 12 6
18 20 7
0 5 10
23 2 14
3 7 6
11 15 8
22 3 15
1 4 9
11 13 4
17 19 16
9 11 11
18 21 10
20 23 12
4 8 8
7 10 12
4 6 7
19 23 17
20 23 10
22 1 18
8 11 14
21 0 15
15 17 12
11 15 12
2 7 17
16 19 16
22 2 18
2 4 18
7 12 4
19 23 2
1 4 7
16 19 10
19 22 8
7 11 9
19 21 19
13 17 5
18 20 15
0 4 12
17 19 13
17 21 4
5 8 6
23 3 3
5 8 10
6 8 18
9 10 1
7 8 15
2 5 1
23 3 14
10 14 17
13 14 2
20 0 16
21 23 9
8 12 10
3 5 18
4 5 10
5 6 5
6 11 11
20 22 15
9 12 6
9 12 18
12 16 12
7 10 15
12 15 3
2 5 13
23 2 9
0 2 7
12 15 7
16 17 2
23 3 1
15 17 7
17 19 6
17 20 1
1 2 10
17 20 15
20 23 3
13 16 12
21 0 4
16 19 12
4 9 13
1 4 16
19 22 16
13 16 4
4 7 4
15 18 9
12 17 3
20 23 10
16 18 15
21 2 5
13 17 8
10 14 4
12 14 15
10 13 1
6 8 10
22 2 17
16 19 11
5 8 7
13 16 16
5 8 2
9 13 7
1 4 9
6 9 2
15 18 10
10 13 8
13 16 2
11 13 2
13 14 6
19 22 19
7 9 6
7 9 3
2 2 14
1 4 15
21 0 13
20 23 3
10 13 2
12 15 11
20 0 5
16 19 5
22 0 5
20 23 10
19 22 3
21 22 11
6 9 14
22 0 8
23 1 17
3 6 16
3 8 17
16 20 14
20 22 9
9 11 7
21 0 2
6 8 7
6 9 14
16 20 11
7 10 10
0 2 3
23 3 12
19 0 1
11 16 18
20 23 9
6 8 5
14 17 18
8 11 18
7 9 8
1 1 16
19 21 17
22 1 8
7 10 5
23 1 10
4 8 19
15 17 3
8 10 19
9 11 18
15 19 17
5 8 19
4 7 13
13 16 7
15 18 19
10 13 9
8 13 19
22 1 18
16 20 16
12 15 7
5 9 7
17 20 19
16 20 12
6 9 9
9 11 19
15 16 6
1 4 2
6 11 3
5 6 16
4 7 19
18 0 8
17 21 13
0 4 10
4 7 14
14 16 16
13 17 14
15 17 16
8 13 3
0 4 16
1 3 2
8 12 14
2 4 17
7 9 5
9 10 14
5 7 13
4 7 16
12 14 12
12 15 5
14 16 10
13 15 7
11 15 12
2 4 16
1 4 7
7 8 16
8 12 13
17 20 10
2 5 14
3 5 18
15 18 8
16 19 14
21 23 16
5 7 4
19 21 6
5 9 8
17 20 3
20 0 8
11 13 3
18 21 12
15 18 3
11 15 5
5 8 18
6 8 12
6 10 4
11 13 14
18 21 18
4 7 2
20 22 3
7 10 4
16 19 19
16 20 11
0 3 13
10 12 16
16 20 8
11 13 9
21 23 7
21 22 19
3 7 10
11 15 1
18 21 11
1 6 13
13 15 1
14 18 18
10 15 7
22 1 12
18 23 18
16 19 9
0 4 13
15 18 15
7 12 11
17 19 2
10 14 9
20 0 18
9 11 6
12 16 5
8 10 15
14 16 5
12 16 16
11 13 19
7 10 13
19 21 2
10 12 13
9 11 14
12 16 11
21 0 2
18 21 4
2 5 11
10 13 14
3 7 5
21 1 9
9 13 2
11 15 4
8 8 5
13 17 19
13 16 3
4 7 10
0 1 14
14 17 10
6 9 17
1 3 1
23 3 9
2 4 9
16 19 8
16 19 18
7 11 19
11 14 8
21 0 16
17 19 5
18 21 2
0 2 19
14 17 5
1 3 11
21 1 15
10 13 11
19 22 5
7 8 11
4 7 4
18 20 8
12 17 6
12 16 8
22 1 5
13 18 1
11 13 9
5 8 15
4 7 2
4 7 11
23 2 2
19 22 13
20 21 6
7 10 9
10 13 18
12 13 6
18 22 8
19 21 16
23 2 17
9 13 14
16 19 11
5 8 15
20 22 10
21 2 14
18 21 8
9 13 5
22 2 11
19 21 4
9 13 18
17 20 9
11 15 16
16 19 16
22 0 4
19 22 15
11 15 10
8 11 6
4 8 6
4 5 15
14 16 10
9 13 3
10 14 2
22 1 18
7 10 13
22 0 1
1 4 5
8 12 13
15 19 17
3 6 9
23 2 8
11 14 9
14 15 17
20 23 10
3 6 16
19 23 17
1 1 11
18 21 15
16 19 3
2 5 4
23 3 19
4 7 10
6 8 7
11 13 14
23 3 4
16 18 8
16 18 8
12 17 1
5 7 11
6 9 9
23 3 14
19 21 8
14 16 18
8 9 14
9 11 3
4 8 2
3 6 14
0 2 15
21 23 10
11 14 2
2 5 15
1 4 10
17 20 5
7 11 1
18 21 16
1 5 14
1 3 11
8 11 1
0 3 1
20 0 11
15 19 7
16 18 12
1 5 8
12 14 18
22 1 9
18 21 17
12 17 9
17 20 6
14 17 17
2 4 9
16 18 18
22 1 1
14 17 1
6 10 3
8 12 10
5 7 12
14 18 6
18 22 3
16 17 7
2 5 8
14 15 17
22 2 17
5 7 12
23 2 5
9 10 13
14 17 7
11 15 3
19 23 9
23 3 18
11 13 12
17 21 5
2 4 9
18 22 5
14 17 12
15 20 5
13 15 13
11 15 17
6 10 4
22 1 10
15 19 8
15 19 6
7 11 7
0 4 18
19 0 1
23 1 13
5 7 5
0 3 1
22 0 19
2 6 16
15 18 11
4 7 16
22 1 12
0 4 11
19 21 13
18 20 5
19 22 6
0 2 10
22 1 5
13 15 4
7 9 7
6 9 5
8 10 7
21 1 3
7 9 11
22 1 5
18 22 6
16 20 19
2 3 8
11 15 2
10 14 8
18 21 5
19 22 6
8 10 1
0 3 15
15 17 14
14 16 7
14 18 17
5 8 2
0 3 19
6 9 10
0 1 13
6 9 19
9 12 10
14 20 14
22 3 10
13 16 5
20 23 10
7 10 13
16 19 7
9 12 7
0 2 16
13 18 10
16 21 15
6 9 14
20 1 12
22 1 6
0 3 6
15 18 10
3 5 4
19 22 5
12 15 2
5 8 6
7 9 19
23 2 14
23 1 12
20 21 7
7 12 10
0 3 8
21 1 11
12 15 3
21 1 6
23 2 5
23 2 4
11 13 14
22 3 4
19 23 13
3 6 3
11 14 13
19 20 17
19 23 4
23 23 1
4 6 9
5 8 10
3 5 12
12 14 1
15 16 1
15 18 10
19 23 15
12 14 7
5 8 1
14 18 18
11 14 10
8 11 10
11 15 15
8 10 6
17 19 8
12 15 9
23 2 18
3 7 7
12 15 5
15 18 17
6 10 14
11 14 1
9 12 9
13 15 10
9 12 2
3 8 4
5 9 1
15 18 11
22 1 5
14 17 3
19 23 19
23 1 5
23 3 12
2 5 17
1 4 12
13 16 8
6 10 15
7 11 9
14 16 16
20 22 11
5 7 4
14 17 16
23 2 1
21 2 10
0 4 1
14 18 7
16 18 4
12 14 11
12 14 2
9 11 12
5 6 10
6 10 6
15 17 4
16 22 8
2 5 16
9 10 16
6 9 11
10 12 19
3 6 15
21 2 12
16 19 18
8 13 17
19 22 16
12 15 6
15 18 17
9 11 9
2 5 14
8 12 11
2 4 15
18 21 2
7 8 9
22 1 1
17 20 17
5 8 10
8 10 18
6 10 14
11 15 2
20 0 18
2 6 5
1 3 9
8 13 17
20 21 11
0 1 17
22 2 7
23 1 3
17 20 5
8 10 8
3 5 16
2 5 6
12 14 17
1 4 17
5 10 16
22 1 14
22 1 1
3 4 11
11 15 6
6 11 11
19 22 5
3 5 13
23 4 7
13 16 9
4 6 4
21 1 2
17 20 4
6 8 1
12 16 9
2 5 19
0 3 5
23 3 10
0 3 11
5 7 15
16 18 16
21 0 2
0 1 3
0 3 19
5 7 17
11 13 3
9 12 11
11 14 9
4 8 11
16 18 8
17 21 5
22 0 7
0 3 5
11 14 13
4 7 18
9 11 13
7 12 7
19 22 5
8 11 15
13 16 18
16 20 14
0 4 18
3 5 8
8 13 11
4 7 11
6 9 10
6 9 6
11 15 6
8 12 4
5 9 9
2 4 2
5 9 1
22 1 6
4 7 18
9 13 18
8 12 5
19 22 15
3 5 6
13 14 16
14 15 15
2 3 14
13 18 10
5 9 1
16 19 16
23 23 8
16 18 16
7 9 16
17 19 11
22 0 19
22 1 6
21 1 1
13 16 4
14 16 14
17 20 15
14 17 12
21 1 16
18 21 11
21 23 18
10 14 10
19 22 18
11 15 4
8 13 5
15 17 7
19 22 13
7 12 6
16 18 16
10 14 4
23 2 15
16 18 17
0 3 11
4 7 14
2 4 19
19 22 17
11 14 4
22 2 2
23 2 8
17 20 7
21 2 17
6 8 15
1 4 11
14 17 8
6 11 14
6 10 8
4 8 11
7 9 8
13 16 9
3 5 10
20 0 19
18 22 4
4 8 7
21 0 5
9 12 3
12 16 9
17 19 15
15 18 6
0 3 18
15 18 3
3 5 8
17 20 1
19 22 1
0 3 10
14 15 2
12 14 7
18 20 17
1 2 7
4 7 2
7 12 14
12 15 13
3 6 16
3 6 2
15 18 3
19 21 2
9 13 13
16 17 5
0 4 18
12 13 8
11 13 14
8 9 15
20 0 4
9 11 10
4 7 15
2 6 11
9 12 1
12 14 9
1 4 19
15 17 10
12 15 19
9 13 8
17 20 4
1 4 2
12 16 14
7 11 12
20 22 11
19 0 16
23 2 17
12 16 4
12 16 3
17 18 12
12 15 4
2 4 9
6 8 10
21 0 9
8 11 17
23 2 13
9 12 14
4 7 4
9 11 1
4 6 11
11 14 7
22 1 17
17 20 6
10 12 1
2 4 4
18 20 5
23 3 5
0 2 9
20 0 13
15 16 6
5 10 4
6 9 13
11 13 2
9 13 9
11 14 6
6 9 17
17 21 1
0 3 5
6 11 9
11 14 3
3 6 5
5 11 12
0 2 8
12 12 9
6 8 17
15 17 15
8 11 6
19 22 4
10 12 9
20 23 7
16 18 8
8 12 6
8 10 7
4 8 5
19 23 6
8 11 19
7 10 11
6 11 13
4 6 18
15 19 6
23 3 7
17 19 4
12 13 2
2 6 7
6 9 3
19 23 5
17 18 14
8 10 13
5 9 13
9 11 10
6 8 10
14 17 9
17 21 18
19 21 3
5 8 7
2 3 4
17 21 10
5 8 9
8 13 6
20 21 15
17 22 11
9 11 16
12 15 17
15 17 5
5 7 2
18 23 10
22 23 11
16 18 5
23 1 6
20 22 1
21 22 18
12 17 11
16 18 4
7 7 18
2 6 9
22 1 14
7 11 16
10 14 18
4 8 18
22 1 16
21 23 6
20 0 1
12 15 3
19 22 4
17 21 8
19 21 12
0 4 9
20 0 10
10 11 4
0 4 1
2 5 13
2 3 1
15 17 16
9 12 8
1 3 8
15 18 19
7 9 11
0 5 17
2 7 11
22 23 6
4 6 19
18 21 1
18 20 8
17 21 1
12 15 11
11 15 6
10 12 6
2 7 4
14 17 5
17 21 3
17 21 12
3 4 9
0 3 19
12 14 3
0 3 9
0 3 2
8 11 19
2 6 14
12 15 3
14 16 8
4 8 10
6 10 8
20 22 8
2 6 15
7 10 1
1 3 2
10 15 11
20 23 13
7 10 6
22 0 13
11 14 12
17 20 8
3 7 5
21 0 12
5 8 12
8 10 7
11 14 11
13 15 15
17 18 7
2 4 16
3 6 16
9 13 15
18 22 14
3 6 14
11 15 6
22 1 4
17 21 8
12 14 9
0 4 4
13 15 9
4 6 7
14 16 9
17 21 10
7 10 8
5 5 19
11 15 6
0 3 16
20 23 5
17 19 14
10 14 12
1 3 17
19 22 1
11 14 14
0 5 1
21 23 18
16 18 11
14 18 3
18 21 16
13 16 14
1 5 12
16 19 11
0 1 13
18 21 7
4 6 18
23 2 8
17 17 12
16 20 17
12 15 13
19 22 15
10 11 10
2 5 8
18 21 9
14 15 16
23 2 1
0 2 15
20 0 4
20 23 8
8 11 10
15 16 12
10 13 7
17 20 2
4 6 4
12 15 13
8 11 9
3 8 12
2 5 16
6 8 14
17 20 15
20 23 4
13 17 17
12 17 1
21 2 14
15 19 10
18 21 15
1 5 1
23 3 4
5 8 15
19 22 16
4 7 4
14 15 2
18 21 14
14 18 10
0 3 14
13 15 18
22 23 12
3 7 19
15 18 5
8 13 1
6 8 14
2 5 19
0 4 19
10 13 5
12 15 10
3 7 6
1 4 19
5 9 14
13 16 19
20 23 1
10 13 14
15 18 14
21 22 15
3 8 14
22 0 5
22 2 2
20 23 8
18 22 15
22 2 3
16 18 4
1 5 1
6 9 11
10 14 13
7 10 17
14 15 3
7 11 15
3 6 2
11 16 10
10 14 5
21 0 2
18 21 11
18 20 10
13 16 12
21 23 12
14 15 14
23 3 17
23 2 4
6 10 15
3 6 4
13 18 7
20 1 12
18 21 7
2 6 1
1 4 9
0 3 1
1 5 16
8 12 2
15 18 18
11 14 16
21 23 17
7 9 12
13 14 10
16 20 3
9 11 9
18 22 7
17 21 14
11 13 6
8 10 14
5 9 10
20 23 13
7 10 18
21 1 3
17 18 18
21 1 19
15 18 1
4 7 8
6 8 15
9 14 17
17 20 3
9 12 2
20 0 9
11 14 1
11 14 3
23 3 19
16 19 9
16 17 5
6 8 5
14 17 13
21 23 8
17 23 8
10 13 19
17 20 16
17 20 10
1 6 13
7 11 11
23 2 18
7 11 9
4 8 4
13 17 3
19 22 1
9 12 11
19 21 7
23 1 15
20 0 3
13 17 2
17 20 2
6 11 2
8 11 19
4 8 5
21 1 2
18 21 10
15 19 8
7 9 12
1 3 10
21 21 18
8 10 16
21 0 1
2 5 5
15 18 8
15 17 10
2 5 17
11 15 2
2 6 6
13 17 9
6 8 5
15 18 2
7 10 7
21 0 9
11 15 7
11 15 18
22 0 3
5 9 4
8 12 17
3 4 6
21 23 11
21 23 3
22 2 17
7 10 6
9 12 16
8 11 5
0 3 1
16 19 1
22 1 3
16 20 2
1 4 2
0 3 2
22 0 6
9 13 19
21 1 9
11 15 8
4 5 9
11 12 5
20 22 1
19 20 15
21 0 18
12 15 8
20 23 14
16 21 2
9 12 14
4 7 3
20 23 1
12 15 3
7 10 8
16 18 3
2 6 13
11 13 8
6 9 9
14 17 17
19 0 12
1 6 2
6 9 6
10 12 4
2 5 8
21 1 7
12 14 6
13 16 9
16 19 3
4 8 1
10 10 3
12 16 3
3 5 12
19 22 16
20 21 12
3 5 1
11 14 16
12 15 13
6 10 19
0 6 5
6 9 5
4 8 5
4 10 19
20 23 11
17 19 14
6 10 14
18 20 9
21 1 15
23 2 3
0 1 9
3 5 8
2 5 14
23 1 18
10 12 4
2 6 11
20 22 13
23 3 7
22 1 18
21 1 1
4 6 19
14 17 17
16 18 18
15 19 6
0 5 7
2 5 12
11 13 7
5 8 4
18 21 6
18 0 19
23 0 11
12 14 15
12 15 7
23 3 10
16 19 2
7 9 7
14 16 15
14 16 2
11 13 4
19 21 5
19 21 16
13 16 18
0 3 11
1 6 18
11 13 2
12 14 7
5 9 16
19 22 12
9 11 4
6 9 19
16 18 6
20 22 4
0 1 3
14 18 2
13 18 7
9 12 18
23 0 1
16 19 13
8 10 11
22 1 4
4 8 10
8 11 11
13 16 16
14 18 19
15 16 6
17 21 14
23 2 4
21 3 18
15 18 3
18 21 12
14 17 11
11 14 5
17 20 8
16 18 17
16 17 3
7 11 1
22 1 3
0 4 14
1 5 14
20 23 12
8 11 12
2 4 11
13 16 4
13 18 6
22 1 3
1 5 18
21 23 2
19 22 1
6 10 2
14 18 7
23 4 4
20 23 16
3 7 16
19 23 9
3 8 5
19 22 19
22 3 3
9 13 17
10 14 13
2 6 16
18 21 18
23 2 17
15 19 17
8 10 3
20 3 8
12 12 6
6 8 14
20 22 11
16 21 6
0 2 13
18 22 7
1 5 1
17 19 16
14 15 16
3 7 4
22 0 1
6 10 16
17 21 9
2 5 6
7 10 7
21 23 15
5 8 5
22 2 13
5 8 2
4 8 16
8 10 3
20 22 17
15 18 10
21 23 12
15 18 10
8 10 14
19 21 3
2 5 3
7 10 10
21 1 12
23 1 13
19 23 9
7 10 13
8 10 18
13 15 7
18 21 11
23 2 6
2 5 12
2 6 18
20 23 16
23 1 12
15 17 7
3 4 10
6 10 17
4 7 18
16 19 7
8 12 11
3 6 7
21 0 19
6 8 5
7 9 17
0 3 8
12 16 3
14 17 4
8 9 10
14 18 4
3 5 4
3 6 17
22 1 6
12 15 8
13 17 8
0 3 14
15 18 18
13 17 13
7 10 11
8 11 6
7 10 8
9 13 2
1 4 3
15 20 14
9 10 10
18 21 17
4 6 4
7 10 3
11 13 19
21 23 17
1 5 9
23 0 11
17 21 15
21 22 14
12 13 17
18 22 9
6 11 13
13 16 9
14 17 13
18 20 13
17 20 4
12 14 4
11 14 15
7 10 15
10 12 10
10 12 16
13 18 15
2 4 7
4 7 1
0 4 6
5 9 16
7 11 5
6 8 6
7 8 6
8 11 18
10 12 18
13 14 14
20 22 9
9 12 5
3 5 6
20 0 9
23 1 11
6 9 16
22 2 3
10 12 13
5 9 19
15 19 10
5 8 11
1 3 10
0 2 18
10 13 8
11 17 3
0 4 19
7 11 12
12 15 9
0 4 18
16 19 18
8 11 18
3 6 5
2 4 6
14 19 16
0 3 7
10 14 2
17 20 4
2 5 3
7 9 5
21 22 2
17 18 8
12 15 12
0 4 1
15 19 10
14 16 11
23 2 12
14 18 9
8 10 1
0 4 5
13 14 12
22 2 9
21 0 18
19 22 3
5 7 5
6 8 2
7 10 15
13 17 6
0 2 3
18 20 18
6 12 19
17 21 1
18 22 19
17 20 12
1 5 2
17 21 3
2 4 4
6 9 8
16 18 4
7 9 17
3 4 18
19 22 19
9 13 8
22 1 6
2 5 5
1 2 10
5 8 18
17 21 9
4 5 8
20 23 5
2 7 5
2 6 18
19 20 13
13 16 1
14 17 1
7 11 12
20 22 19
11 13 4
0 2 16
15 19 11
5 8 19
2 5 10
8 12 4
14 17 17
12 16 9
23 1 19
13 16 12
6 10 11
12 17 2
13 17 17
22 0 5
9 12 1
16 20 8
14 18 8
5 7 18
9 11 16
3 7 7
22 2 15
0 3 2
3 5 10
9 13 14
14 18 15
13 16 1
23 0 5
0 4 16
19 23 12
14 16 11
17 20 10
3 6 4
13 16 16
21 0 15
7 9 5
5 8 11
10 12 12
15 18 4
12 16 6
22 23 9
1 3 12
20 22 6
12 14 8
13 15 18
1 4 14
18 21 16
9 12 3
23 3 1
14 17 1
22 1 13
16 17 19
2 5 19
3 6 5
0 4 17
6 9 16
1 4 4
12 15 10
20 23 5
0 4 18
1 4 3
12 16 8
1 4 16
22 3 3
6 9 5
0 2 11
3 6 2
20 23 11
9 12 5
14 17 12
22 0 15
0 1 8
7 8 3
4 7 1
6 8 14
13 17 4
4 8 2
20 23 15
2 6 12
16 19 1
12 15 6
18 20 8
12 15 3
9 11 17
10 13 8
4 10 4
20 0 12
20 22 18
9 12 11
5 8 13
14 15 8
11 15 16
14 17 12
19 22 8
7 12 6
16 19 11
23 1 10
13 16 6
7 10 1
16 18 2
14 16 18
9 11 12
21 1 14
10 14 1
9 12 12
11 13 1
20 0 10
0 1 3
8 12 19
16 20 1
21 23 12
21 0 11
20 23 4
15 19 14
22 23 19
2 5 7
7 9 1
4 9 15
13 17 11
11 12 8
5 8 3
0 1 2
4 7 17
12 14 12
19 21 13
7 10 7
10 13 1
1 2 17
14 18 2
10 13 5
6 9 4
20 0 14
16 18 13
19 23 3
6 9 3
15 18 7
16 17 2
13 16 14
13 15 3
3 6 4
12 15 5
0 2 10
9 14 7
10 13 7
13 16 8
8 12 5
17 18 16
10 12 17
4 8 4
20 23 15
2 6 10
13 17 2
16 19 12
8 10 19
1 3 7
2 5 19
6 8 3
20 0 11
21 3 8
4 6 5
21 23 11
10 12 9
10 12 12
7 9 11
17 19 15
9 12 8
13 16 5
18 20 11
1 3 13
9 13 11
1 4 18
5 8 14
17 20 1
10 12 19
23 4 17
10 12 6
19 0 12
18 21 19
7 10 5
17 19 2
19 22 4
10 12 18
4 6 15
10 13 10
13 17 12
3 5 14
3 5 10
18 18 14
0 4 14
12 14 2
23 1 11
3 6 1
5 10 8
7 10 8
8 12 14
9 11 7
23 1 1
10 11 1
22 2 19
1 5 9
8 11 3
3 6 12
23 2 13
8 12 19
7 12 17
9 10 13
1 4 13
23 4 13
20 0 18
15 18 5
2 7 2
15 19 3
1 4 11
17 19 9
19 23 18
4 8 10
9 12 16
11 15 8
11 12 1
5 8 8
11 13 10
6 10 2
10 12 4
23 1 13
0 3 5
11 13 5
1 4 12
11 16 10
4 9 17
0 2 13
4 6 13
14 18 1
19 21 16
1 5 13
7 12 1
17 21 10
0 4 17
10 13 12
10 13 1
14 15 11
2 2 14
3 7 17
17 20 17
20 0 7
21 23 13
5 6 3
4 5 10
16 17 8
7 10 2
8 9 16
17 20 16
6 10 3
8 12 1
9 12 4
10 14 17
1 4 14
10 14 6
0 4 2
23 3 7
16 19 6
16 19 18
14 16 18
14 17 15
1 5 6
16 20 7
13 17 18
9 16 3
3 5 7
17 21 14
9 13 4
21 2 17
14 16 9
13 14 17
2 5 7
1 3 3
10 12 3
0 0 8
0 2 14
0 4 13
19 23 15
10 11 18
16 19 9
18 20 10
17 20 13
23 0 12
5 8 10
19 21 13
4 9 12
12 17 10
1 4 2
5 7 10
17 21 18
21 1 2
17 19 7
13 16 15
20 1 19
20 23 11
10 13 10
19 0 11
1 5 4
14 18 13
1 4 4
9 11 18
16 21 16
12 15 14
2 5 19
18 22 2
8 11 16
21 23 7
1 4 16
7 10 3
20 23 17
1 4 1
16 18 13
6 8 11
9 12 15
3 7 2
7 10 2
2 5 4
8 12 17
15 18 4
17 20 17
0 1 5
11 14 3
19 22 10
6 10 8
14 17 4
23 2 2
23 2 16
13 16 6
10 15 15
5 8 12
5 7 9
6 10 18
20 22 17
11 14 6
12 15 6
9 11 14
2 6 11
16 19 11
9 12 2
23 2 4
22 2 5
15 18 14
12 14 9
1 3 16
17 20 16
21 0 17
11 15 3
7 11 15
8 12 19
23 2 7
7 8 13
7 10 8
14 16 16
21 22 7
9 13 18
16 19 17
13 17 9
10 13 17
14 17 14
2 6 3
18 23 10
11 14 3
21 23 9
22 2 14
21 0 19
11 14 10
14 18 11
2 6 1
20 23 11
15 18 2
17 20 17
13 17 13
12 15 1
2 6 16
17 20 9
10 14 9
10 13 14
7 9 1
8 9 1
20 0 10
5 9 6
16 19 19
0 3 10
18 22 6
2 6 18
3 5 7
1 5 10
12 16 4
6 9 4
8 11 16
7 9 5
14 16 1
23 2 3
19 22 18
14 16 3
14 18 15
23 2 6
17 21 5
5 9 15
3 5 5
12 15 9
6 9 12
12 17 19
16 17 16
18 21 8
6 8 8
6 8 1
17 20 13
10 14 9
14 16 16
1 3 14
21 0 6
5 9 6
8 12 17
8 13 19
17 19 14
7 11 10
18 20 12
13 16 1
11 13 14
16 19 3
7 11 15
18 19 10
20 23 7
10 13 13
15 17 1
16 19 6
18 21 19
0 2 1
20 23 18
15 18 1
4 7 9
14 16 1
7 9 3
3 5 2
10 13 7
19 0 5
4 8 1
3 8 8
1 4 8
18 21 14
11 14 14
19 22 6
20 22 7
19 23 18
11 16 6
22 1 5
3 7 5
2 7 2
21 0 2
0 3 2
14 16 6
22 1 11
16 20 15
5 8 1
12 16 4
14 16 7
15 17 11
19 21 2
10 13 7
9 12 19
12 14 13
20 0 3
7 12 11
10 13 6
19 23 6
13 17 15
15 17 12
14 17 8
3 7 2
22 23 4
1 2 16
21 0 3
10 16 8
10 12 18
22 3 17
10 11 3
13 16 10
13 16 10
12 16 12
14 16 19
4 6 14
7 10 10
14 17 14
9 13 10
11 14 12
16 20 4
22 0 2
8 10 13
13 17 5
12 16 12
5 8 14
11 16 4
3 5 8
10 14 10
18 20 2
12 15 1
0 0 8
15 18 18
10 12 10
1 3 5
17 19 13
20 0 5
8 10 15
17 20 13
21 0 6
16 19 4
7 10 9
12 15 12
12 14 9
10 14 2
9 11 4
3 7 18
21 0 18
6 9 12
23 2 16
16 21 5
3 6 10
18 22 7
1 2 12
4 5 15
16 19 15
12 15 16
9 13 6
9 12 14
17 21 1
13 16 5
21 1 3
0 4 9
21 1 4
10 13 5
17 19 7
17 18 11
7 8 18
20 0 9
4 7 6
20 0 9
11 15 4
15 16 9
21 1 5
14 18 9
19 23 9
22 1 18
6 7 3
23 3 17
3 6 7
15 16 8
6 11 4
10 13 19
16 20 3
5 7 16
11 13 4
17 19 8
8 11 2
9 12 18
14 16 1
4 8 18
23 2 14
11 13 3
0 2 19
8 11 12
1 3 7
21 0 15
20 0 5
10 13 16
14 17 16
9 11 2
17 21 8
10 14 13
16 20 2
7 10 7
18 21 1
11 15 4
4 7 5
20 22 19
16 18 12
10 13 5
20 23 8
21 0 10
23 3 15
13 16 4
5 8 14
21 0 12
8 9 5
23 1 13
17 20 13
16 17 4
7 9 17
4 7 19
17 19 11
12 16 13
23 1 14
0 2 11
2 6 5
16 19 12
2 6 6
16 20 11
3 8 18
6 9 4
3 7 18
6 9 12
11 15 4
21 0 13
14 17 15
10 13 17
23 0 15
20 23 16
21 1 4
6 9 8
21 1 1
18 22 9
20 23 13
13 16 4
21 23 3
22 1 8
7 9 7
7 11 1
7 11 13
10 13 1
22 2 3
13 16 13
13 16 15
6 9 4
1 3 19
11 14 8
23 2 5
8 10 7
0 3 18
10 13 14
21 1 16
7 11 4
10 11 15
16 18 13
6 8 17
0 4 14
6 9 14
3 7 18
8 11 17
23 1 14
19 22 11
15 18 19
16 18 8
12 16 4
5 10 2
19 21 5
5 9 10
0 2 10
23 1 12
13 16 1
2 6 8
13 18 17
22 1 13
19 22 6
12 16 19
8 10 19
8 11 11
12 14 6
2 4 15
2 7 9
9 13 1
16 18 16
22 23 19
23 2 14
6 8 19
6 8 17
1 4 16
13 17 13
2 4 19
22 1 3
17 18 1
22 0 12
6 11 16
11 13 1
8 11 19
18 20 16
17 20 4
2 4 17
6 8 19
12 15 6
17 19 1
8 12 18
10 12 12
2 4 11
20 23 9
2 6 6
20 23 14
7 9 18
10 15 13
18 22 10
18 21 19
7 11 3
22 0 4
20 22 13
17 20 18
2 5 16
23 3 2
8 10 9
1 4 6
18 21 6
15 16 18
5 7 10
7 11 14
1 5 19
23 3 14
14 17 2
18 21 7
16 20 10
18 22 3
9 12 3
19 22 10
0 4 13
4 8 9
1 5 19
3 6 12
15 18 1
18 18 7
10 15 19
13 14 2
11 13 14
2 3 1
0 5 15
9 10 5
19 0 6
11 13 16
9 12 3
16 20 17
0 2 3
5 8 18
18 20 10
22 2 11
9 13 1
16 18 8
23 2 15
2 6 8
14 16 19
12 15 19
11 14 12
19 22 8
5 8 11
19 21 14
3 5 12
4 7 6
21 22 19
22 1 17
2 6 2
20 22 14
17 19 4
15 19 18
14 17 19
2 6 12
20 0 13
17 21 12
8 12 8
23 5 1
13 17 5
16 19 11
1 3 7
23 2 13
22 2 14
18 23 11
0 3 10
8 11 2
3 7 1
1 4 11
1 4 4
18 22 10
11 15 6
12 15 16
15 19 1
11 13 5
5 8 8
15 19 4
3 7 2
17 21 12
20 23 1
12 15 10
20 23 15
14 17 7
0 4 10
17 19 5
12 16 14
16 19 14
2 7 8
18 20 14
13 16 5
8 10 14
16 19 13
4 7 1
17 20 13
20 0 8
18 20 5
10 13 12
23 3 11
3 6 15
5 8 7
2 3 8
1 2 16
11 16 16
16 20 17
0 5 10
16 20 1
18 21 3
13 18 10
9 13 9
16 20 15
1 3 9
22 3 1
6 9 9
11 13 7
8 11 7
8 9 2
17 20 1
10 12 19
17 20 10
18 23 19
11 14 17
14 17 10
16 19 8
15 18 6
0 5 2
6 10 3
19 23 8
2 6 1
0 4 14
21 0 3
19 22 9
1 6 2
14 17 2
16 18 13
17 21 15
4 6 8
13 16 14
3 7 2
17 21 9
5 9 7
20 0 7
15 18 14
14 17 12
17 20 9
21 1 7
12 14 1
18 20 4
7 11 6
23 3 17
16 18 16
0 0 4
16 18 8
13 16 2
16 19 4
17 20 12
14 17 17
19 23 8
1 3 11
21 23 12
23 2 15
21 23 3
9 12 1
18 21 3
0 5 9
9 12 18
17 20 6
2 6 2
9 12 11
22 1 7
19 21 10
9 11 10
9 12 17
21 0 10
14 16 12
3 7 11
14 17 6
0 3 19
22 1 8
13 16 7
19 20 5
3 7 14
0 3 13
4 6 18
7 11 16
22 1 17
11 14 12
17 20 9
17 21 15
20 23 11
8 10 3
14 15 8
20 23 17
0 3 4
4 7 17
0 3 13
12 14 9
20 23 11
0 3 13
17 19 14
1 6 15
21 1 7
7 9 16
17 20 9
16 19 17
3 7 9
8 13 1
11 15 10
13 16 15
10 13 10
8 10 4
23 3 10
12 15 7
4 9 14
15 18 5
11 12 9
23 2 1
2 3 1
22 1 18
10 13 7
10 14 7
9 11 6
1 4 13
19 22 12
9 12 4
2 4 4
2 3 1
11 14 3
9 10 15
13 16 11
1 4 8
18 21 4
11 12 9
16 18 14
15 18 4
11 12 1
17 19 8
1 3 1
14 17 18
22 2 9
10 14 4
14 17 16
12 16 19
17 20 14
1 6 16
23 3 11
16 17 11
18 20 17
12 15 10
7 10 12
1 4 13
5 7 19
23 3 4
14 16 10
22 1 12
18 20 14
12 16 9
2 5 14
22 3 16
19 22 1
12 15 18
14 17 18
3 7 10
5 8 9
5 8 8
9 13 13
16 18 18
17 20 5
8 11 18
21 23 16
22 23 12
9 12 18
9 12 13
23 3 14
5 9 5
8 11 14
6 9 19
6 9 8
6 9 5
5 9 10
3 7 12
11 16 10
8 11 13
10 13 3
21 0 10
21 23 13
9 11 6
16 19 6
19 22 19
2 5 1
2 4 6
4 4 2
5 8 8
0 3 5
6 10 12
0 1 12
23 3 6
0 4 4
12 15 18
12 15 17
22 0 14
16 20 3
1 3 2
22 1 16
6 9 5
3 7 10
12 14 7
5 7 5
5 10 16
22 2 10
20 0 8
6 9 5
0 1 2
18 22 8
3 5 2
8 12 11
16 19 15
17 21 18
23 3 19
22 1 13
11 13 1
9 13 16
10 13 9
1 3 9
17 20 2
11 12 3
6 11 9
10 12 1
16 18 2
0 4 9
8 12 17
18 19 16
6 8 9
9 13 8
7 10 12
2 3 15
6 10 14
14 17 12
17 20 7
11 15 1
15 20 16
18 21 6
1 4 9
12 14 9
6 9 14
4 8 10
14 17 17
