1700 16
2 9 2 1 7 10 3 7 9 2 6 5 9 6 8 4 
5 7 13
12 16 16
21 23 7
3 7 15
16 19 1
19 21 14
3 6 15
10 12 6
10 13 4
3 5 7
0 4 6
18 22 8
18 23 13
5 8 6
9 12 16
3 5 10
20 21 16
3 5 4
23 0 12
2 6 1
3 7 8
4 7 9
17 22 14
6 8 2
0 4 8
20 23 14
10 15 8
9 11 5
13 16 1
11 14 8
8 12 9
23 1 1
2 5 2
7 9 6
8 9 13
1 5 6
18 21 3
0 1 13
0 1 15
18 22 6
16 19 16
11 13 7
13 18 7
18 20 9
11 16 7
6 11 7
23 2 5
19 22 8
0 4 5
11 15 14
1 5 5
23 3 4
23 1 7
8 11 6
15 20 10
8 11 13
22 23 8
19 20 5
16 19 16
16 19 5
9 9 6
23 4 11
3 6 4
13 15 4
11 15 10
16 19 7
20 0 4
17 21 6
13 15 3
15 20 5
1 4 2
18 19 9
14 15 11
14 16 1
3 7 6
23 2 5
11 14 15
0 4 5
1 4 11
18 20 1
5 10 6
0 3 11
18 22 14
8 10 7
19 23 2
10 13 6
6 10 16
19 23 13
20 22 15
12 15 10
16 20 10
3 7 14
20 23 12
12 14 1
10 14 4
8 11 6
23 3 15
0 3 2
7 9 1
20 22 6
21 1 15
19 21 5
7 10 7
21 0 12
5 8 11
14 16 5
5 9 16
17 18 1
20 0 9
16 21 5
14 18 13
20 1 15
5 7 14
6 9 16
7 10 13
18 21 9
1 5 5
3 4 4
16 18 10
22 1 10
18 21 6
0 2 5
10 14 15
15 19 10
22 1 1
15 19 4
1 4 1
15 19 9
10 14 10
20 22 9
18 22 1
21 0 12
14 16 11
21 1 12
4 7 8
7 10 5
8 11 14
9 11 14
3 6 10
19 22 11
4 7 9
21 0 1
8 10 10
3 5 6
9 14 13
20 0 5
21 0 6
14 20 9
20 23 3
1 3 4
22 3 5
17 19 7
18 20 9
6 10 15
20 0 9
13 16 5
4 7 15
18 22 4
6 8 12
10 14 3
5 9 7
23 4 2
15 17 1
19 23 7
2 5 10
14 16 4
3 5 6
9 14 10
11 14 9
9 13 11
17 18 4
6 10 8
9 12 10
2 5 2
3 6 15
5 8 7
18 20 10
15 18 15
22 1 1
11 13 12
4 8 12
12 15 14
1 3 10
6 9 14
7 10 5
3 6 7
9 12 2
6 7 5
11 14 4
17 20 1
10 12 7
9 13 10
19 21 1
8 11 4
10 14 9
19 21 15
5 8 7
18 23 6
20 22 8
9 12 4
21 23 9
18 21 8
4 7 1
17 18 10
3 7 11
10 14 10
6 9 16
1 3 9
5 7 11
10 13 11
3 5 15
15 18 4
23 3 6
11 15 11
7 10 13
10 12 5
1 4 1
20 22 10
22 1 11
6 9 16
1 3 4
22 1 14
1 4 7
20 22 12
4 7 14
0 4 1
20 23 11
4 5 5
20 0 6
20 23 12
7 9 4
11 13 15
14 17 15
2 6 6
22 1 9
8 11 8
22 1 7
11 15 8
5 10 8
15 18 3
18 21 9
13 18 15
1 5 4
18 19 11
11 15 13
11 13 5
1 4 15
1 4 3
2 3 15
18 22 7
0 2 2
10 14 4
6 11 2
16 20 10
18 22 1
17 19 14
2 4 5
21 0 16
8 11 2
5 8 16
2 6 10
18 20 3
7 11 13
9 12 12
12 14 9
16 20 12
23 2 14
14 18 13
3 5 3
16 18 2
7 10 16
11 15 12
2 6 2
4 9 5
0 3 14
15 18 6
22 2 1
10 14 2
6 9 16
16 19 6
10 14 9
8 9 3
21 1 14
13 17 11
23 3 9
3 5 2
2 2 9
11 14 5
22 1 13
13 15 16
11 14 16
13 17 11
10 12 15
2 5 15
23 3 9
3 4 11
15 18 8
0 4 3
12 16 5
20 22 3
23 1 16
6 8 4
3 4 5
12 15 13
9 12 12
17 20 7
9 12 10
10 13 8
19 21 7
19 21 3
18 19 8
16 19 16
21 22 15
16 18 9
12 15 7
11 14 12
22 3 13
8 10 13
11 15 8
13 16 13
18 23 16
3 6 13
21 23 15
11 13 3
11 14 16
10 14 12
8 10 13
15 19 8
1 6 8
10 14 10
8 12 6
14 18 5
5 8 13
1 6 14
23 1 11
4 6 16
4 7 4
21 0 13
7 11 16
17 19 10
18 21 14
20 23 2
12 14 12
19 21 14
19 20 12
13 17 14
4 7 16
1 5 8
22 1 13
0 2 3
1 3 5
5 9 11
17 22 7
19 22 16
16 21 16
11 15 12
20 23 12
4 7 5
11 15 16
11 15 13
5 9 8
17 19 7
22 0 2
21 22 9
19 22 2
6 9 3
12 16 4
3 7 6
17 20 16
13 16 3
12 18 15
7 10 14
9 11 9
13 16 13
15 18 13
23 2 14
10 12 11
0 3 6
22 0 3
14 16 13
21 0 1
0 2 4
7 10 11
3 7 3
5 8 14
15 19 3
23 2 1
12 14 14
13 15 3
3 6 15
3 7 12
23 1 6
6 9 11
2 6 16
7 13 14
16 18 16
7 11 1
3 6 9
3 5 2
5 9 3
4 5 12
4 8 1
1 5 14
2 6 3
17 20 16
14 17 16
17 19 3
11 14 1
14 17 6
22 3 4
8 11 4
23 3 13
11 15 9
4 7 4
16 18 5
23 2 12
19 22 2
16 18 3
19 22 5
22 1 13
5 9 16
3 7 5
14 17 8
23 1 8
12 14 6
13 15 7
7 8 4
23 1 6
14 18 12
10 13 14
1 4 1
5 8 9
7 8 6
0 3 8
23 3 15
9 11 11
9 13 5
4 6 15
1 4 5
8 10 8
6 9 5
19 22 12
16 19 3
1 3 9
11 15 10
4 8 11
18 20 7
10 14 1
23 1 8
0 3 14
0 2 13
4 7 14
4 7 15
8 10 6
1 3 8
3 6 10
9 14 16
21 0 9
14 19 12
10 12 14
19 22 9
11 14 4
7 11 11
22 1 11
17 19 1
18 20 14
8 13 5
6 8 12
19 0 5
9 13 3
16 20 14
10 14 12
7 9 7
20 0 12
19 22 8
13 16 14
13 17 3
7 7 2
14 17 4
22 1 8
4 6 7
23 4 11
22 2 5
14 18 3
10 12 9
4 8 9
18 22 2
1 3 16
18 22 6
8 10 7
21 1 8
2 5 10
7 10 15
11 15 16
13 15 3
9 13 1
20 0 13
13 16 12
16 20 13
20 23 6
21 22 3
17 20 2
9 11 1
8 11 10
21 0 5
20 23 7
2 5 14
18 22 16
2 5 6
11 12 8
1 5 11
16 18 15
16 19 10
18 19 10
5 9 13
5 7 1
4 7 14
22 2 6
19 23 5
3 6 4
11 13 16
9 10 16
19 21 5
17 20 5
20 22 10
12 14 14
23 2 5
1 3 7
1 6 6
22 23 4
15 17 15
23 2 11
15 19 11
22 1 14
17 21 1
23 4 8
4 8 2
21 0 1
12 16 7
0 1 16
6 8 7
12 15 15
13 16 1
20 23 14
1 3 15
22 0 6
9 11 7
14 16 9
14 18 1
8 9 12
13 15 1
3 5 1
2 5 5
12 14 16
9 13 9
11 15 3
19 22 15
19 21 6
1 4 10
7 9 10
16 18 14
23 3 15
7 10 11
21 1 12
19 23 7
1 2 15
23 2 8
3 6 10
7 10 3
18 21 16
0 4 9
15 18 8
23 0 4
15 17 7
10 12 4
19 23 13
16 19 4
19 23 3
9 11 7
2 5 2
16 19 14
22 1 8
18 19 10
6 10 8
10 12 9
15 20 14
19 22 4
22 1 8
0 2 6
22 2 13
23 0 2
22 0 14
22 3 9
15 17 8
15 16 14
17 19 2
10 13 3
11 15 7
19 21 8
16 19 14
8 10 6
14 17 14
20 0 16
17 19 8
17 20 6
21 23 8
1 5 9
0 4 4
8 11 12
6 9 9
22 2 2
22 1 2
19 23 4
18 21 2
15 19 3
3 7 3
11 15 10
19 22 6
6 9 4
9 11 5
6 11 13
8 12 10
7 10 10
10 12 11
15 18 4
22 0 2
20 23 9
4 6 15
0 3 2
12 14 11
10 13 14
21 23 6
11 15 3
10 13 8
12 16 1
5 7 5
7 10 16
1 4 7
4 8 9
8 9 3
3 4 10
5 9 7
13 17 12
17 21 11
0 2 8
1 4 1
19 23 2
2 4 11
21 23 14
15 20 16
17 21 8
19 23 2
7 9 8
16 18 9
5 6 4
17 21 8
16 18 8
13 15 7
16 20 7
21 1 6
22 1 15
23 2 4
1 4 8
20 23 11
22 0 16
7 9 7
3 4 4
14 16 4
0 4 2
5 8 10
11 15 3
14 17 14
5 10 1
17 20 1
4 6 14
3 6 13
10 12 7
6 10 11
8 12 11
4 6 12
6 10 9
9 12 13
23 2 13
4 8 9
10 13 3
23 3 6
18 19 8
6 8 15
11 14 6
21 0 2
9 12 12
1 3 3
19 22 2
0 4 16
0 3 16
1 5 2
20 23 11
1 4 9
12 16 6
20 23 12
14 18 8
7 11 8
22 23 10
6 10 9
9 13 9
16 18 6
19 21 4
10 13 5
8 12 9
0 4 10
5 6 1
16 19 14
11 14 11
5 7 13
2 3 11
7 9 1
19 21 11
12 13 14
2 5 7
16 18 13
22 0 15
21 0 2
5 8 12
6 10 3
11 13 4
10 11 10
14 17 13
11 14 9
0 3 14
20 23 6
8 12 3
22 0 9
1 4 4
9 13 11
7 10 3
15 17 15
9 10 9
17 19 2
8 11 14
7 11 5
20 21 6
9 12 2
23 3 14
7 11 14
1 4 5
11 14 13
10 12 16
17 19 16
22 1 14
17 18 2
17 20 15
7 11 8
8 11 3
19 23 9
18 20 10
19 22 6
6 9 14
13 17 11
16 20 13
0 4 12
11 15 13
16 21 5
21 0 1
4 7 2
23 2 9
12 16 15
19 22 8
1 4 5
19 22 9
10 12 8
11 14 14
2 5 8
21 23 9
1 3 13
11 15 3
16 19 11
9 13 7
19 22 3
19 20 2
10 13 5
21 1 6
2 5 2
1 2 6
23 2 8
2 6 12
16 20 16
11 13 8
1 3 1
16 18 7
0 3 8
21 0 15
7 10 6
9 11 14
9 12 9
19 22 16
18 22 14
14 19 12
8 11 1
7 11 11
3 7 11
4 7 9
8 11 11
7 12 13
20 0 6
21 0 7
16 19 9
0 3 6
20 23 2
19 21 15
13 15 14
4 7 9
8 13 7
2 5 8
12 15 6
23 4 13
17 22 16
3 6 7
3 6 10
16 20 3
20 1 8
10 11 12
19 23 13
12 14 1
23 3 12
11 13 6
22 3 4
9 10 5
3 5 15
15 17 12
6 10 16
18 22 4
21 0 8
19 22 13
19 20 2
8 12 11
18 20 16
10 12 3
17 20 9
2 5 3
5 7 6
22 0 1
11 13 9
3 5 2
23 3 13
8 12 3
8 10 13
22 0 2
17 21 3
21 0 13
10 14 3
15 18 2
15 18 6
22 1 4
13 16 6
8 12 1
17 19 12
9 13 4
7 10 11
4 8 9
22 2 4
21 0 15
5 7 1
1 5 2
18 22 12
2 4 16
2 8 14
20 0 3
11 15 7
0 2 8
6 8 4
3 6 7
23 1 14
0 4 12
7 10 11
17 20 8
1 3 14
22 1 16
19 23 8
10 13 13
6 11 12
0 3 9
10 13 11
1 4 7
7 11 1
7 11 13
16 18 1
6 11 12
16 17 7
14 17 6
8 10 2
9 12 4
12 13 2
13 16 7
2 8 14
16 18 8
15 19 6
17 21 15
10 13 1
8 12 9
23 2 9
23 2 9
13 14 12
21 1 9
3 6 6
16 20 4
9 13 13
6 10 1
13 16 13
12 15 10
13 16 9
9 13 7
10 15 15
22 0 15
8 11 13
15 19 11
2 7 16
14 16 11
20 23 1
11 14 12
15 16 11
17 20 12
0 3 3
20 1 5
23 4 2
9 12 4
18 20 3
15 17 10
0 5 12
5 9 1
11 14 12
22 1 7
9 11 11
17 20 14
14 17 10
22 1 10
2 4 3
21 1 7
14 18 7
12 15 4
7 12 10
4 5 15
13 18 13
19 21 13
13 17 16
11 13 4
20 1 6
12 16 4
17 20 8
19 22 7
14 16 5
23 3 5
23 2 9
10 14 4
1 4 16
21 1 4
4 8 3
3 6 9
1 5 12
3 8 7
4 7 12
15 19 6
6 9 3
21 1 10
16 19 3
23 1 15
8 11 5
3 7 12
6 10 1
6 11 5
1 5 1
15 20 7
6 8 9
19 22 6
4 7 10
6 12 1
11 13 3
12 15 13
10 14 8
17 21 15
22 1 11
1 3 2
19 21 3
22 1 8
9 11 4
7 10 8
13 17 3
17 22 9
20 23 5
22 22 1
8 10 9
10 13 11
4 7 5
14 18 8
4 6 13
20 0 1
16 19 3
21 23 4
7 10 7
7 10 4
17 22 3
3 7 12
15 17 4
1 3 9
19 21 4
22 1 8
11 14 12
20 22 12
12 16 2
12 15 6
13 16 4
1 3 8
22 2 7
23 1 14
19 0 8
23 1 12
17 21 8
5 8 1
16 19 3
2 6 9
23 2 12
12 17 13
16 20 1
1 2 9
13 16 15
20 0 13
14 16 6
0 3 16
20 22 11
14 16 13
23 1 15
4 7 8
6 9 4
2 5 8
15 19 2
4 6 10
21 2 4
23 3 11
5 8 8
22 1 1
19 22 8
9 13 16
0 3 16
22 1 8
6 7 9
19 22 4
7 12 1
19 22 4
0 4 6
16 19 6
22 0 1
8 11 7
21 0 8
6 8 2
19 20 15
12 16 8
2 4 16
11 14 3
12 15 12
1 4 7
12 15 15
22 2 12
10 11 16
22 0 8
18 22 3
9 14 9
23 2 14
22 0 8
18 22 7
5 8 7
20 23 12
8 11 6
3 6 10
22 2 13
2 5 16
2 4 15
0 2 1
15 18 15
0 2 12
3 6 12
8 12 12
1 5 6
23 2 9
14 18 9
1 3 7
5 8 13
0 4 10
12 17 3
4 6 7
22 1 3
11 14 13
10 13 9
22 1 14
7 10 6
14 16 3
6 9 7
8 11 14
3 5 12
13 15 10
7 9 14
0 3 3
13 16 15
15 18 12
18 22 5
8 11 10
12 14 7
4 4 14
22 2 4
6 9 5
12 13 5
1 6 6
4 8 11
11 15 13
9 13 5
8 11 5
2 3 8
19 22 8
14 18 10
9 11 13
5 7 13
15 18 2
5 7 8
16 21 6
4 8 2
0 3 8
20 0 12
21 1 10
18 21 6
0 2 3
16 19 14
5 10 10
13 15 2
13 16 8
0 4 10
8 12 10
18 21 15
19 22 15
4 7 9
14 17 16
13 16 9
12 16 11
21 0 8
10 11 8
20 23 8
12 16 12
5 9 10
1 4 3
2 4 4
17 19 13
22 2 13
9 12 14
15 19 16
19 22 15
5 7 14
19 22 16
8 9 15
4 6 6
7 9 5
14 18 9
19 22 3
18 21 15
8 11 12
4 6 16
11 14 12
4 9 1
11 14 16
10 13 12
3 6 7
12 14 10
21 23 13
21 1 16
18 19 6
1 4 9
8 12 1
20 0 3
21 23 4
10 14 6
5 8 11
17 21 5
6 10 14
8 12 15
10 14 14
8 12 14
16 19 5
4 6 9
10 13 10
8 11 11
5 7 11
9 12 7
14 16 12
13 15 16
19 23 6
6 9 9
22 0 10
16 20 1
9 13 3
14 17 9
18 23 13
18 21 15
6 9 14
4 7 12
20 1 6
13 17 12
7 10 13
4 6 4
7 10 1
1 4 12
6 7 1
4 7 16
4 7 15
8 10 12
10 13 6
21 0 14
0 3 7
20 21 9
12 15 5
5 7 10
16 20 14
9 13 2
0 5 4
7 10 4
7 10 10
23 1 4
7 9 5
11 14 10
8 11 16
8 10 10
20 23 8
0 4 1
1 2 4
0 2 4
13 17 6
17 20 6
21 22 16
21 22 4
18 19 11
4 7 5
20 23 10
13 15 12
19 23 14
3 4 7
23 3 3
18 21 8
10 13 13
1 5 8
23 2 14
0 2 16
14 17 2
10 13 9
5 8 9
5 7 13
11 14 9
14 18 7
4 6 13
7 10 10
8 11 1
17 21 4
18 23 13
2 5 11
3 6 4
12 16 10
21 0 15
0 4 9
14 18 3
10 13 15
2 6 12
14 18 5
19 21 7
19 22 5
15 19 14
22 1 12
18 22 8
13 16 10
14 15 4
7 11 16
23 2 6
23 2 12
8 12 4
3 5 7
2 3 15
20 0 14
8 12 13
1 4 4
12 16 13
9 13 9
15 15 11
5 7 11
23 4 5
9 11 16
5 9 14
5 9 16
17 21 1
23 2 15
11 13 10
21 23 5
23 0 8
11 14 6
16 19 9
17 20 2
11 14 10
0 2 16
17 19 5
23 3 15
3 8 11
2 5 11
20 23 9
11 13 8
2 5 5
15 17 10
11 16 8
9 11 8
18 21 16
11 16 3
12 14 13
0 3 5
20 23 5
8 11 2
17 21 11
0 3 2
5 7 8
9 13 14
13 14 7
14 16 8
18 22 10
4 7 15
10 14 3
23 2 4
5 9 5
13 14 4
4 7 7
7 10 2
20 22 7
11 14 9
7 11 8
20 0 2
13 17 7
17 22 10
21 22 14
6 10 6
16 19 4
13 16 7
18 21 13
0 3 8
11 15 13
21 0 15
14 16 7
9 13 10
13 16 2
16 18 7
21 23 8
12 15 2
16 19 8
8 10 1
16 20 4
21 23 14
3 7 1
13 15 6
14 17 2
5 8 6
18 20 14
4 6 16
20 23 6
10 15 4
4 7 6
20 22 10
9 12 7
11 13 8
15 16 14
4 6 6
20 22 4
2 5 16
2 5 13
3 7 11
17 18 10
17 21 3
17 19 13
23 3 12
14 18 8
22 1 8
2 5 14
21 1 2
9 13 1
13 14 1
1 5 12
16 19 8
13 16 11
3 7 16
6 8 15
2 6 5
3 6 9
20 23 3
21 22 5
19 23 11
23 2 9
21 2 7
11 14 1
4 8 11
13 17 16
16 21 12
6 9 9
8 11 1
7 9 6
22 1 4
23 1 5
19 23 10
21 0 1
23 1 15
2 7 8
12 16 6
22 0 11
11 14 10
6 9 5
1 3 11
1 4 12
6 10 11
16 19 9
16 20 1
17 21 6
17 21 6
6 11 5
10 13 15
8 12 11
16 21 5
5 8 14
12 14 10
19 21 4
21 23 8
10 14 5
14 16 15
10 13 1
5 9 1
18 21 4
5 7 5
8 12 14
14 18 1
16 19 11
12 15 13
15 17 11
22 1 14
2 5 15
3 5 4
7 10 13
1 5 12
1 4 1
22 0 16
2 5 16
20 23 13
2 6 8
4 7 9
13 16 8
2 4 10
18 21 1
1 4 13
23 2 1
0 2 3
1 5 4
20 22 3
21 1 12
14 18 5
5 8 6
2 4 14
12 16 2
9 13 7
16 19 14
10 13 1
8 12 2
14 17 3
2 4 7
19 22 6
7 11 16
10 13 7
5 7 12
8 10 2
9 12 3
20 23 2
8 11 15
7 10 12
9 12 11
16 19 2
6 10 15
6 10 2
8 11 4
10 14 15
18 22 10
4 7 14
0 3 7
23 2 1
23 0 2
18 19 4
20 21 10
11 13 10
7 11 3
12 14 13
0 3 2
7 10 15
21 0 16
5 8 11
3 6 15
18 21 12
14 17 5
15 19 12
6 9 2
1 2 10
13 14 11
18 21 15
6 10 11
2 6 13
20 22 3
21 3 11
1 4 8
7 10 11
12 15 14
13 15 5
10 12 3
10 13 13
8 11 6
7 7 13
22 0 12
21 0 11
20 22 9
13 16 1
15 18 15
8 10 13
16 20 7
12 13 12
16 19 12
3 5 4
0 2 16
0 1 11
18 23 13
10 12 8
12 16 9
16 17 11
20 22 10
12 14 7
9 13 6
1 4 3
13 15 9
17 21 13
8 10 1
19 23 3
19 22 10
13 16 15
10 14 1
15 17 6
6 7 2
21 1 11
21 0 5
20 0 6
7 10 8
14 17 6
12 15 7
8 12 8
11 14 14
4 6 14
15 18 5
8 12 9
11 13 16
18 21 12
1 4 3
10 13 8
9 13 16
5 9 9
12 13 13
8 11 6
15 18 14
5 11 3
18 22 10
16 19 14
16 19 5
6 9 9
20 0 7
19 21 6
21 23 5
9 12 5
13 16 7
21 0 16
22 3 10
5 10 4
1 4 6
16 20 15
13 16 14
3 7 8
15 17 15
10 14 10
3 6 13
1 3 15
7 10 2
8 10 8
23 1 2
23 2 14
3 4 1
8 11 5
3 7 9
16 19 9
21 0 5
13 15 2
11 16 15
0 2 10
2 6 12
19 20 2
16 19 12
19 21 7
4 8 10
5 8 14
2 4 2
22 1 8
2 4 9
12 16 6
18 19 16
14 16 11
6 11 11
17 20 5
11 14 2
16 19 12
18 22 7
6 8 7
14 16 16
2 5 9
20 22 9
13 17 7
17 20 14
9 12 10
17 22 2
19 21 10
9 14 16
2 6 15
6 11 13
21 0 3
5 7 7
17 20 14
23 3 11
20 23 11
15 19 15
14 18 7
6 8 13
23 2 16
4 8 3
0 2 13
13 16 14
20 0 12
1 5 14
7 9 10
23 2 4
11 14 6
18 23 16
1 4 6
0 2 3
19 22 14
6 7 2
17 20 2
12 15 12
19 21 11
0 2 16
10 13 12
17 19 14
12 16 6
7 10 14
4 7 16
4 7 4
2 6 16
4 7 16
17 22 3
2 6 8
2 7 13
20 0 3
9 12 7
16 20 14
20 0 13
21 1 1
18 23 13
2 6 13
19 23 12
21 23 1
23 2 8
11 15 7
5 9 4
22 1 13
5 8 9
4 7 4
8 14 4
14 19 3
23 2 9
8 12 9
13 16 13
23 1 3
17 22 9
21 23 9
6 9 7
23 3 14
15 19 1
16 21 11
13 15 12
17 19 8
6 8 10
3 5 15
20 0 3
9 12 1
21 23 12
9 12 15
1 4 15
