250 4
2 5 4 6 
3 6 2
16 19 2
15 19 2
17 21 3
22 1 2
13 16 1
6 8 2
13 15 4
14 17 2
0 3 2
5 7 1
15 18 4
11 12 1
20 23 2
6 8 1
9 13 4
21 2 1
18 21 2
22 0 4
12 16 4
4 8 4
12 13 1
1 4 2
10 13 4
9 12 2
9 11 4
5 8 2
6 8 1
6 11 2
0 3 2
10 14 2
12 15 2
18 22 4
10 14 1
20 0 3
4 7 1
20 23 3
16 19 2
6 10 2
5 9 1
14 16 3
18 21 3
9 12 2
10 13 2
1 3 1
17 20 1
8 12 3
7 12 4
17 20 1
4 6 2
8 11 1
3 6 3
20 23 1
2 4 4
7 11 1
18 22 3
20 22 4
18 21 3
14 19 3
19 22 1
22 1 2
7 11 1
16 19 1
7 10 2
15 18 3
1 4 2
8 12 2
10 13 3
14 16 4
16 20 2
22 23 2
17 19 4
3 8 3
1 5 3
20 0 2
2 6 4
15 19 4
16 19 3
14 16 2
16 19 2
22 1 1
8 11 4
18 23 2
2 6 1
9 12 3
16 21 1
0 4 1
10 13 2
22 1 3
19 22 2
14 17 1
18 22 3
11 15 1
6 7 3
12 15 3
3 6 3
7 10 4
21 0 3
14 15 2
9 12 1
13 16 3
23 3 3
6 9 1
0 5 2
6 8 1
22 1 1
0 3 1
13 18 3
5 8 2
12 14 2
0 3 2
11 14 2
17 20 3
1 4 2
6 8 3
11 15 2
10 13 3
2 5 4
3 6 1
22 1 2
10 13 4
12 15 4
19 22 1
0 3 2
21 1 3
16 19 4
19 22 4
22 0 4
2 4 1
14 18 2
16 20 1
22 1 2
4 7 2
3 6 3
1 3 1
20 22 2
5 7 1
3 7 4
12 15 3
9 12 4
17 21 4
5 9 2
9 13 2
11 15 2
19 20 3
20 22 3
5 8 3
20 22 3
12 14 2
1 6 3
6 9 2
21 23 1
17 21 1
23 1 4
8 10 3
17 21 3
10 14 2
16 19 1
23 3 4
7 9 4
5 10 2
3 4 1
10 11 3
8 11 3
17 21 4
2 6 1
11 14 1
21 1 4
3 4 3
6 9 4
1 4 1
17 20 2
13 14 2
8 11 3
23 3 3
14 18 4
17 22 1
17 20 4
19 22 4
14 15 1
12 16 3
3 4 1
21 1 2
12 15 1
2 6 3
20 22 2
1 5 2
17 19 1
2 5 4
4 7 4
12 16 4
6 10 2
22 0 2
6 10 1
19 0 2
14 16 3
15 18 4
15 17 1
23 3 3
1 5 1
7 9 3
8 13 1
1 3 3
20 0 1
0 4 2
19 22 3
16 19 4
6 9 4
20 22 2
22 2 2
17 19 4
6 9 4
0 4 2
9 12 3
2 6 3
4 5 4
10 13 2
3 5 3
3 8 4
17 18 4
4 7 1
14 17 1
6 11 4
6 9 4
3 4 4
17 20 3
21 1 3
9 11 3
7 8 3
0 2 4
9 13 1
12 16 4
7 11 1
3 5 4
12 14 4
0 4 2
4 9 4
5 7 1
18 20 3
21 1 2
2 6 2
12 15 2
17 19 4
12 17 4
18 20 4
2 5 3
17 21 3
9 11 1
4 7 1
20 23 2
