1350 14
10 5 1 8 9 3 4 2 3 5 9 3 3 8 
7 9 14
20 23 8
14 16 8
13 18 13
5 8 12
4 8 10
23 2 3
0 4 13
5 7 9
17 19 6
15 18 1
18 21 3
0 3 13
0 4 8
5 7 12
17 21 9
18 20 3
16 21 6
4 7 14
17 19 14
15 18 4
8 10 5
22 0 1
16 18 2
23 1 7
6 10 9
10 12 12
17 22 14
22 2 5
12 15 9
6 9 3
21 0 4
16 19 10
19 21 11
6 12 6
22 0 8
4 7 11
10 15 7
5 9 3
15 18 2
0 4 2
13 16 5
20 22 9
16 19 11
8 11 5
0 2 6
10 15 12
6 8 10
15 17 10
3 6 6
19 21 3
11 14 3
11 13 1
0 3 12
7 11 11
19 23 13
5 9 14
23 2 4
19 21 11
17 18 13
21 0 14
12 15 11
19 20 1
9 12 13
3 5 8
16 20 5
16 19 12
7 12 5
13 16 2
4 8 6
17 20 5
22 1 3
19 21 11
4 6 4
1 3 1
2 7 12
0 3 9
10 12 7
12 15 4
19 22 12
19 22 9
22 2 7
13 16 12
15 16 10
4 8 3
4 7 14
2 4 9
8 10 12
5 8 12
6 10 11
9 11 14
9 11 4
7 10 13
23 4 4
16 20 8
12 15 9
22 1 1
18 20 14
23 3 7
14 16 1
7 10 7
16 20 14
14 17 14
18 20 4
23 1 8
4 6 2
1 5 5
17 19 12
5 8 11
14 17 4
6 9 7
11 14 7
6 9 13
12 16 8
1 5 3
18 21 8
18 20 11
17 19 11
8 13 13
20 21 13
11 14 11
7 10 9
15 19 5
5 9 11
13 16 4
4 7 10
16 18 13
10 12 14
17 20 8
20 0 2
17 20 12
4 7 10
16 18 7
18 21 14
5 7 3
17 20 6
21 0 5
10 13 1
1 6 10
7 11 3
6 9 10
4 9 13
1 4 10
9 13 10
19 23 12
10 13 6
19 20 12
9 11 2
2 5 11
7 9 2
14 17 7
5 8 5
23 2 13
12 14 10
2 5 1
1 4 5
23 3 8
0 4 14
10 13 13
16 17 4
22 1 2
8 11 11
23 2 6
20 1 8
4 6 6
8 8 2
11 14 14
9 15 12
10 11 2
12 15 8
2 4 10
10 13 12
0 4 5
15 20 8
4 9 8
11 14 8
3 7 2
6 7 14
18 20 5
15 18 6
4 8 9
17 18 11
4 7 1
3 6 12
5 9 10
12 14 8
5 7 11
20 22 3
15 18 8
9 13 4
12 14 1
11 14 5
8 10 8
15 18 9
10 14 6
14 17 12
19 23 10
1 3 3
4 6 8
18 21 14
6 6 2
0 3 12
10 12 3
5 8 4
19 22 1
23 1 10
15 18 13
22 2 6
4 7 3
23 2 10
16 16 3
14 16 6
11 13 9
23 1 9
2 5 1
2 6 7
5 8 6
14 18 4
11 13 9
13 17 13
12 17 4
2 5 13
12 14 14
9 13 5
9 12 10
8 13 11
17 20 10
6 8 13
16 20 6
16 20 11
5 9 2
0 2 2
12 12 1
4 6 6
11 14 10
6 9 13
7 10 9
7 11 11
15 18 8
4 5 8
7 10 9
12 14 14
4 6 11
5 7 8
3 6 1
11 14 6
13 15 11
12 16 11
20 23 10
19 20 9
11 13 2
5 6 4
15 17 12
8 12 5
16 19 1
9 12 7
12 15 3
1 4 13
8 10 6
5 9 3
20 22 11
0 3 1
2 5 5
2 6 13
21 23 6
4 6 2
11 15 7
5 9 1
9 12 9
22 2 2
7 11 12
1 5 3
13 17 7
22 2 14
2 6 7
4 7 8
19 23 3
6 9 10
2 8 7
18 19 10
16 19 12
5 10 13
14 17 2
1 3 11
8 12 3
0 3 10
22 1 2
12 15 7
15 17 3
9 14 14
4 7 5
21 0 3
12 16 11
15 18 1
7 11 2
15 17 7
4 8 12
21 0 3
3 7 3
17 20 2
5 7 7
14 18 12
9 12 12
9 11 8
16 18 1
14 17 8
2 5 9
13 15 4
6 10 8
11 14 14
12 17 4
15 18 10
14 17 9
23 1 6
13 15 9
9 13 2
17 21 5
7 12 14
9 14 8
16 20 14
6 8 7
10 13 9
16 18 4
9 12 2
12 14 7
23 1 1
1 4 9
0 2 6
4 5 6
18 21 10
20 0 3
10 11 1
5 9 9
12 15 12
12 16 4
20 23 3
10 14 8
12 15 10
5 9 9
9 13 4
14 19 10
21 0 2
15 16 7
12 16 5
16 20 8
11 14 3
9 11 10
23 3 12
3 6 10
18 22 6
0 2 1
10 13 10
3 6 8
20 23 2
2 7 7
17 20 13
2 5 6
13 17 13
5 8 7
1 5 12
0 3 8
22 2 12
3 5 4
3 6 4
1 5 12
17 21 5
14 17 4
2 4 12
17 21 6
22 2 7
1 3 14
23 3 10
2 5 11
7 12 11
3 5 14
18 20 5
8 11 11
22 1 9
0 2 13
15 18 5
15 17 9
23 1 7
4 7 11
1 4 1
13 15 1
18 20 10
8 11 6
5 9 9
12 16 12
0 2 1
7 10 10
22 2 10
22 22 4
9 12 7
0 4 7
20 23 2
16 19 10
8 11 7
9 11 8
4 7 11
4 6 2
7 10 10
4 8 8
11 14 9
15 18 4
21 23 3
14 17 13
5 8 14
6 8 3
20 0 8
11 15 4
2 5 4
22 1 6
12 15 11
18 20 6
14 18 10
17 20 8
13 17 10
15 17 1
15 18 2
13 17 13
23 3 2
22 1 5
23 4 3
5 8 11
6 9 13
8 12 6
0 1 1
5 8 8
17 21 7
3 6 7
19 22 3
6 9 2
15 17 10
19 20 5
8 14 10
11 13 4
16 19 3
15 18 4
14 16 1
6 11 1
22 0 2
3 4 10
20 0 11
4 7 10
21 1 2
14 18 13
7 10 8
1 2 4
7 10 6
7 11 12
2 6 13
9 11 14
9 13 9
2 4 2
18 21 9
10 12 5
7 10 8
1 4 4
20 0 10
16 20 2
21 23 13
17 19 6
16 18 13
3 6 10
6 8 14
0 3 7
22 1 10
5 8 11
5 8 10
8 13 1
3 5 10
21 23 5
18 20 9
21 23 6
0 3 1
5 7 13
17 19 5
2 5 4
2 3 14
8 10 12
20 0 14
20 0 8
12 17 8
16 18 5
0 2 13
10 14 10
22 1 13
14 16 1
0 3 8
21 1 8
16 19 4
4 6 7
23 1 7
1 3 10
2 4 3
10 12 13
0 3 12
21 0 3
15 17 10
18 21 4
12 14 14
14 17 2
3 6 10
5 8 4
9 12 5
6 10 4
10 15 8
3 4 4
14 19 1
4 7 13
21 2 6
1 6 1
10 13 2
14 19 14
4 8 14
6 9 8
23 1 1
3 6 4
23 0 3
5 9 13
12 16 8
9 12 1
7 9 3
21 2 5
13 16 5
17 19 6
3 3 11
12 15 14
22 3 2
13 15 9
3 5 2
0 1 13
18 19 6
9 12 11
18 20 14
13 15 11
5 8 6
19 22 10
19 21 9
6 10 12
8 11 5
23 1 2
7 9 2
3 7 1
8 9 14
1 3 12
16 18 11
13 15 4
2 5 6
2 5 11
18 22 2
7 11 10
7 11 7
11 13 13
13 17 6
8 12 6
10 14 2
16 19 13
18 21 1
13 15 6
3 6 8
12 16 11
21 23 5
13 16 9
9 13 5
9 13 14
8 11 12
2 6 13
20 23 6
0 3 9
19 22 12
20 22 3
0 2 8
0 3 3
23 1 4
19 22 2
2 4 4
9 13 14
9 13 10
13 18 5
2 4 7
5 7 14
15 18 12
13 15 2
5 9 2
22 0 14
18 20 9
5 7 13
13 16 1
16 19 6
8 11 1
20 0 8
1 3 5
20 23 10
4 7 5
23 3 14
10 12 10
23 2 1
17 20 9
12 16 11
7 10 7
17 20 13
20 22 10
19 22 9
6 9 7
15 19 13
0 4 1
7 10 12
11 16 7
8 10 6
18 22 1
9 10 8
7 10 2
9 12 7
16 22 8
4 6 12
18 20 10
9 11 13
3 5 2
7 9 3
8 10 12
14 17 4
0 3 5
23 0 6
18 18 5
2 4 6
2 4 14
7 9 5
3 4 8
7 11 14
9 13 8
9 10 13
21 1 7
6 8 13
11 16 12
4 7 14
11 14 13
17 21 5
0 3 10
13 16 1
9 13 5
20 1 6
1 4 12
23 2 3
13 16 5
7 11 8
23 1 2
11 13 6
12 15 14
0 4 5
7 9 7
22 23 1
16 18 13
8 9 4
2 6 2
16 20 9
16 18 11
1 5 12
15 17 3
16 18 10
11 13 14
14 16 11
6 8 9
3 7 5
13 15 5
23 2 12
14 17 6
20 22 4
11 14 7
1 3 10
20 1 6
8 12 10
2 5 14
16 20 10
6 8 6
4 6 9
15 19 14
0 3 4
5 9 11
12 15 13
12 16 5
7 9 7
10 15 13
14 16 11
7 10 7
13 15 6
15 19 13
21 0 2
15 18 10
0 3 7
22 1 1
1 4 1
20 22 5
17 19 1
11 15 5
19 21 6
3 6 13
2 5 11
20 23 8
23 1 2
18 20 2
9 13 2
13 15 10
2 5 6
20 0 14
8 10 8
10 12 10
3 4 4
17 19 5
14 16 2
0 4 2
7 11 6
12 17 5
15 17 8
15 17 6
9 13 14
22 0 1
9 11 7
6 10 11
16 18 1
10 16 11
20 0 7
7 9 11
9 11 13
18 22 8
4 7 6
13 17 10
7 11 14
0 2 6
4 6 4
17 19 8
16 18 2
23 1 14
2 4 12
22 0 5
13 15 3
13 17 7
16 20 14
11 14 7
5 8 6
12 13 9
8 11 6
7 10 2
5 9 8
8 11 10
9 13 13
10 14 8
17 19 2
9 14 11
23 2 11
6 9 1
23 2 1
11 13 8
8 9 9
18 21 11
21 23 9
3 6 12
18 22 12
1 3 5
6 9 11
22 1 8
20 23 2
3 8 8
13 17 6
21 1 7
22 1 1
5 9 1
14 17 5
21 0 7
4 7 9
11 12 7
9 12 4
10 14 13
23 1 2
17 20 7
9 11 7
8 11 11
18 22 8
10 12 3
14 16 6
10 13 13
14 18 8
5 8 7
19 22 9
3 7 11
8 11 14
18 21 8
23 3 2
15 20 7
10 12 4
9 12 14
17 21 4
7 9 4
8 10 7
12 15 5
23 2 13
17 20 1
6 9 12
8 10 13
20 0 6
7 10 10
4 8 13
19 23 14
20 0 10
2 5 3
22 2 12
19 23 7
23 1 3
1 6 3
4 8 1
17 19 10
0 4 14
1 5 8
18 23 10
12 15 6
23 1 8
5 8 10
9 12 5
22 1 14
5 8 5
22 2 1
3 7 1
4 7 8
14 18 11
21 23 7
2 7 14
21 0 3
7 10 11
13 17 3
8 11 13
1 4 6
14 17 10
17 21 9
21 23 7
4 9 10
13 16 4
5 8 9
8 12 3
12 16 10
23 1 1
5 8 11
8 11 3
21 0 9
12 14 13
18 21 7
16 18 14
13 18 13
11 14 12
19 20 8
7 9 10
16 18 11
19 22 7
14 16 11
16 19 10
21 2 2
3 7 4
16 19 3
7 11 7
5 7 11
8 12 14
21 0 3
16 20 4
11 13 10
12 14 6
2 3 5
21 0 1
19 23 12
11 14 1
3 6 3
4 7 14
20 23 3
14 14 14
17 20 10
10 14 5
21 0 7
3 6 3
17 21 11
6 10 14
20 23 9
19 22 11
1 4 11
1 3 12
13 17 3
10 12 2
21 23 1
4 6 14
16 19 13
17 19 11
4 6 8
10 14 4
17 20 7
5 8 7
6 9 14
5 9 2
23 5 9
3 7 11
20 22 9
23 3 14
12 15 6
18 20 9
12 15 9
5 6 10
0 4 8
17 19 14
22 1 9
17 20 3
0 4 13
11 14 1
8 12 14
19 21 5
14 17 3
20 22 10
22 0 5
11 14 3
20 0 13
5 8 2
18 21 12
23 1 8
3 7 8
12 14 14
18 21 8
5 8 7
10 13 12
3 6 14
17 20 11
2 5 4
8 11 13
8 12 7
20 22 5
19 22 2
18 22 12
12 15 4
7 10 14
6 7 3
4 7 6
13 15 14
3 5 5
1 3 5
9 11 8
16 19 5
4 8 8
7 8 13
12 15 9
14 17 9
12 15 5
7 11 2
15 18 14
20 22 5
0 4 4
19 23 4
12 15 5
3 7 4
11 13 13
18 22 10
8 12 13
11 13 5
13 16 9
22 1 12
4 7 9
17 21 13
23 2 12
21 0 4
0 2 3
17 20 4
11 14 11
2 8 14
21 0 5
4 6 12
20 23 3
13 17 7
0 3 3
6 9 8
21 23 2
12 17 12
1 6 8
16 18 7
0 4 10
17 20 4
2 6 9
15 18 10
19 22 12
13 16 14
9 13 7
13 15 4
20 22 2
15 17 10
8 11 12
23 3 4
10 13 13
18 20 1
9 12 14
0 4 14
7 10 13
0 3 8
17 20 13
22 0 11
2 6 12
1 3 1
6 9 8
0 2 12
22 2 12
8 11 1
22 1 13
17 19 11
4 6 10
21 1 3
4 7 3
21 0 12
12 14 4
10 11 14
8 13 12
22 23 2
20 22 9
23 1 10
4 8 13
22 23 7
7 9 3
5 8 2
5 8 6
21 0 3
12 14 1
8 13 3
1 4 3
17 20 9
16 19 8
10 14 6
8 11 9
13 17 9
1 5 1
19 22 5
23 0 6
7 9 5
23 1 1
1 5 9
5 6 6
23 2 2
11 14 12
7 12 13
22 0 2
12 13 13
3 4 3
11 14 7
16 18 2
17 21 10
9 12 11
7 10 13
12 15 7
21 1 3
14 16 12
6 8 14
20 22 7
15 19 1
7 9 14
20 22 13
15 17 1
5 7 10
17 20 12
23 4 6
21 0 11
12 15 2
8 13 12
9 11 11
13 16 6
1 4 6
17 20 6
4 5 7
3 8 13
17 20 3
4 5 2
8 11 4
10 12 11
17 20 1
8 12 8
6 8 2
5 7 13
6 9 6
3 7 6
13 14 12
18 20 3
3 6 5
1 5 11
4 7 5
17 20 1
16 20 14
6 8 12
18 20 6
1 6 9
21 23 12
13 17 5
22 2 13
8 10 11
14 17 4
13 16 2
12 15 11
4 8 7
3 7 10
22 1 11
0 3 8
8 9 5
18 21 12
9 11 4
0 4 6
7 10 7
22 0 8
20 23 2
8 11 14
9 14 2
7 11 2
13 14 1
17 20 7
6 10 5
12 14 14
18 21 14
13 17 12
18 21 10
13 15 1
9 11 10
21 23 11
0 4 11
19 23 3
22 0 1
10 12 10
6 10 7
4 8 3
1 5 4
7 9 11
10 14 9
22 1 14
6 8 3
6 8 7
7 11 5
16 18 11
6 9 7
23 1 1
15 18 4
14 18 5
0 5 9
7 9 13
19 20 7
19 21 7
17 19 3
18 21 10
21 0 5
13 15 2
16 18 1
8 12 6
14 17 6
0 3 10
13 16 5
1 4 4
0 4 5
21 1 13
1 3 9
6 8 10
18 20 13
21 23 6
11 13 10
11 15 13
11 14 13
5 8 5
15 18 8
1 2 5
15 17 13
21 0 7
16 18 11
4 6 4
15 18 12
12 15 11
18 22 11
19 22 9
5 6 11
3 6 7
8 12 1
2 4 14
18 20 5
1 5 13
9 10 6
6 10 1
21 2 6
8 12 2
3 7 9
3 5 5
7 11 9
16 20 11
22 1 10
3 5 12
14 17 13
19 23 12
20 23 4
22 2 13
20 23 8
11 11 12
10 13 12
6 11 3
1 4 3
20 23 10
20 23 2
3 6 12
0 4 10
2 5 5
15 18 14
4 7 6
4 6 7
0 3 1
17 21 3
17 20 13
23 3 11
15 19 12
23 3 5
4 7 12
13 15 10
2 7 2
12 15 9
7 8 13
23 3 12
16 19 6
14 18 3
16 19 10
7 10 5
14 16 4
7 10 13
10 11 10
15 18 4
14 17 13
0 3 4
19 22 9
8 12 1
17 20 10
8 10 7
9 11 8
19 22 11
22 23 7
20 1 2
11 16 9
11 16 13
3 6 7
9 12 7
3 4 5
23 2 8
5 9 5
10 14 7
0 5 3
6 8 9
2 5 6
9 13 10
19 22 3
19 23 3
9 13 1
23 2 13
15 17 8
14 17 5
16 19 9
2 4 3
11 14 14
2 5 11
0 5 2
1 7 3
9 13 5
15 17 9
16 20 1
5 8 12
17 20 3
16 19 11
15 17 14
19 22 11
20 23 3
22 1 10
14 18 8
17 20 8
5 8 2
13 16 3
8 13 10
4 8 11
0 3 10
12 14 10
20 22 8
17 20 13
16 19 5
12 15 13
10 13 14
15 20 5
12 16 14
10 14 8
2 5 6
0 4 12
23 0 11
17 21 12
19 22 2
7 10 10
18 21 10
10 13 13
2 6 14
3 4 12
5 8 2
3 5 10
10 13 12
2 4 8
2 5 9
10 13 2
19 21 7
3 5 14
10 13 8
0 4 9
3 5 14
17 22 3
18 22 13
10 13 3
1 3 12
8 11 1
8 10 10
3 7 10
20 23 3
3 5 12
20 0 3
5 8 14
13 17 3
9 13 14
17 21 1
23 2 13
14 18 8
3 7 10
21 1 9
22 1 11
13 16 10
10 12 3
16 20 5
22 2 2
23 1 12
4 9 2
7 10 3
19 22 8
3 7 12
18 20 7
21 23 7
18 20 9
12 15 1
15 18 2
21 23 3
15 18 10
18 20 4
16 20 10
12 17 6
12 15 1
6 9 11
0 3 9
10 13 11
5 9 13
6 10 11
14 16 14
