1850 15
1 7 8 2 5 1 8 1 8 8 6 6 9 5 10 
5 8 14
16 18 9
23 2 10
3 6 10
19 22 5
20 0 7
7 10 2
1 3 2
12 16 2
4 9 5
7 11 1
13 15 11
6 10 8
11 14 5
9 12 1
17 19 6
20 22 1
6 9 1
5 9 3
0 4 8
1 5 13
12 16 13
16 20 4
7 9 8
9 12 10
12 15 9
4 8 9
0 1 1
16 19 15
20 1 7
12 16 3
0 4 15
19 20 5
21 0 10
12 13 1
7 9 12
15 18 6
2 5 14
17 20 14
20 0 8
2 6 13
23 1 14
13 16 2
15 20 12
21 0 2
13 16 10
4 6 5
10 12 12
6 9 10
4 5 6
13 16 7
0 5 8
15 18 1
0 3 10
23 3 5
14 16 4
13 15 6
5 7 13
14 15 13
8 10 9
9 13 12
12 16 8
3 4 6
12 16 12
6 8 7
11 13 6
3 5 11
1 4 8
22 3 2
4 8 6
14 18 6
23 0 8
16 19 6
19 22 9
11 13 10
16 19 10
15 17 8
15 18 2
0 2 10
15 18 12
5 9 14
1 4 6
21 23 1
0 4 7
7 10 2
19 0 14
19 23 7
18 22 1
8 11 7
20 23 2
22 0 1
6 9 10
7 10 6
2 5 1
6 11 13
11 13 12
10 14 5
12 15 12
18 21 11
21 0 4
12 13 2
2 7 1
11 14 14
16 18 14
7 10 1
3 8 10
3 6 13
12 14 5
22 2 5
13 16 10
3 6 1
21 0 9
15 18 6
9 10 9
19 22 1
4 6 5
20 22 11
5 6 14
12 16 1
10 11 7
6 10 4
5 8 3
23 2 9
13 17 10
16 18 1
8 11 14
2 5 12
10 13 15
22 1 6
9 13 3
19 22 4
16 18 4
11 15 13
8 11 2
5 7 5
8 10 11
13 16 13
11 15 12
10 14 3
4 7 6
12 13 4
21 1 6
22 0 6
8 12 7
7 11 13
5 6 3
21 23 11
9 10 8
8 9 12
20 22 15
21 0 13
17 21 13
0 1 4
17 20 12
4 7 7
11 15 1
13 14 5
20 1 12
3 8 2
5 8 10
23 2 8
10 12 13
21 23 2
20 23 14
19 22 12
7 11 2
12 14 10
14 16 10
6 9 4
8 13 11
19 23 8
11 14 6
1 5 14
7 11 6
6 7 11
21 1 3
10 12 3
2 6 9
2 7 7
1 4 2
14 16 12
8 10 11
3 5 14
6 9 13
14 18 14
4 7 15
9 12 5
21 1 14
7 9 2
3 6 15
10 13 7
9 14 14
2 5 11
17 19 8
20 23 2
17 20 14
10 13 5
1 3 14
23 2 13
4 8 7
22 1 9
0 2 11
13 16 11
12 15 1
17 20 5
13 17 9
17 20 8
16 18 12
21 1 4
8 10 10
9 11 10
13 17 7
1 5 5
20 23 5
0 5 10
22 0 3
11 14 8
0 4 10
0 3 8
11 14 1
19 22 11
23 2 1
11 14 6
19 21 14
6 11 1
20 0 12
21 23 5
11 14 10
9 12 1
16 21 10
6 11 1
22 4 10
3 6 7
18 20 7
3 7 15
12 14 2
4 7 3
11 14 1
3 8 7
15 17 11
8 11 2
5 7 11
7 9 15
3 9 13
0 4 15
3 5 2
8 12 8
13 16 10
14 16 8
3 7 3
9 12 15
0 5 14
21 1 5
7 11 2
20 23 15
19 20 3
13 16 7
21 1 11
23 2 15
7 11 5
13 14 12
12 18 13
0 2 7
20 22 8
12 15 12
17 19 1
5 7 4
10 13 9
21 0 5
15 18 9
14 17 1
12 15 6
18 22 3
16 19 10
0 3 7
23 3 6
5 9 7
10 13 10
17 20 14
13 16 7
15 18 8
19 23 6
10 13 1
12 14 14
1 3 10
7 8 15
2 5 1
3 6 3
7 13 14
2 5 5
18 21 11
8 10 5
11 14 5
6 10 11
6 8 6
13 16 11
10 12 11
23 3 13
20 23 2
6 10 15
7 8 4
10 12 13
17 21 2
7 8 2
6 8 13
16 18 12
20 0 10
2 6 10
6 8 15
21 1 6
5 7 7
5 7 1
22 3 4
20 23 8
13 14 15
13 16 4
13 17 14
12 16 14
3 6 10
14 16 14
5 6 15
21 23 7
7 9 9
21 2 14
22 2 3
19 21 2
9 12 14
9 12 5
22 2 12
16 20 6
17 21 4
19 23 3
5 6 12
18 21 8
3 6 12
21 0 4
20 0 2
16 18 5
13 14 1
11 14 5
1 4 6
0 4 15
20 22 15
8 11 14
11 14 5
23 3 4
19 22 9
6 9 2
23 3 10
18 22 9
11 13 3
13 17 6
9 11 2
2 5 13
7 10 4
2 4 4
11 14 15
20 22 3
21 1 6
11 15 5
15 17 2
5 8 3
15 18 2
6 8 15
19 22 5
0 3 4
19 19 2
7 10 3
18 20 2
6 10 8
2 4 1
5 8 5
1 6 6
12 15 8
6 9 13
8 11 1
17 20 5
9 12 2
15 17 13
23 1 12
15 17 14
14 17 7
21 0 15
9 12 12
9 12 6
1 4 7
9 14 13
12 14 13
17 21 3
10 13 7
17 20 6
16 20 4
2 4 12
10 11 10
6 11 9
13 16 4
22 1 1
3 8 12
12 14 8
0 3 9
3 6 14
2 6 5
1 4 1
13 17 3
21 1 15
12 15 7
22 0 7
23 0 5
16 20 9
15 17 4
5 7 3
9 13 2
15 18 4
5 8 8
16 19 5
19 23 1
2 6 9
19 22 13
10 13 10
0 2 14
9 11 8
7 10 8
15 19 13
23 3 4
19 20 2
1 3 8
20 22 10
22 0 14
22 2 7
0 2 14
13 16 4
15 17 8
6 8 11
14 16 13
5 7 3
21 23 6
2 6 3
19 22 10
10 14 10
11 14 13
19 22 11
8 13 9
3 6 6
14 19 4
10 13 9
7 12 15
13 16 7
5 6 13
14 17 7
0 6 14
17 21 8
22 0 2
17 20 12
7 10 2
4 6 12
8 10 4
23 3 8
11 14 10
1 4 6
4 8 4
22 3 8
14 18 1
16 18 5
8 10 1
13 16 7
7 9 7
3 7 12
8 11 8
12 16 4
10 13 3
6 9 3
4 7 13
15 18 6
9 13 3
21 0 14
3 5 14
5 6 14
10 12 10
2 4 13
9 13 5
20 22 8
5 8 2
18 20 13
6 9 7
5 7 15
16 18 1
2 5 12
15 18 3
16 20 13
12 16 13
13 16 8
14 17 13
18 22 1
14 17 9
2 5 14
8 12 10
23 0 7
0 3 11
23 2 13
19 23 8
15 18 1
15 19 7
2 5 12
20 23 4
18 21 8
15 18 8
2 6 9
13 15 4
23 4 12
15 18 3
9 13 6
8 11 7
5 9 12
18 22 3
2 7 15
3 6 11
6 8 11
20 2 1
8 10 8
10 11 2
6 8 8
16 19 10
8 13 8
13 16 8
9 11 12
14 17 7
22 2 12
14 17 3
17 20 2
3 4 9
9 12 8
18 20 15
20 23 3
10 13 1
16 19 12
23 2 8
3 7 5
1 4 13
2 4 8
22 2 10
12 16 5
0 4 6
8 10 12
15 18 9
23 2 6
17 19 8
19 21 1
18 20 7
10 13 9
5 9 9
23 3 5
23 1 9
13 16 12
2 5 5
20 0 14
23 2 3
18 20 11
13 17 9
10 12 1
14 17 14
21 23 8
2 6 11
5 8 9
17 19 9
23 1 8
20 22 9
10 13 3
3 8 14
7 11 2
17 20 4
2 4 1
7 9 1
3 6 5
3 5 2
21 23 15
14 15 3
15 19 11
3 6 13
9 12 1
5 9 15
5 8 7
14 19 10
13 17 15
14 18 13
4 8 4
18 21 2
7 12 2
2 4 3
16 19 5
21 0 11
3 5 6
6 8 8
10 13 12
21 23 3
3 6 4
23 1 9
18 21 15
8 12 2
1 4 15
1 4 6
18 22 6
0 2 2
11 14 7
22 1 12
21 2 9
9 11 2
21 22 3
18 22 4
20 22 11
18 21 10
2 6 7
12 15 12
15 19 1
16 20 13
17 21 15
6 9 6
20 23 9
7 10 4
6 10 9
4 6 3
6 9 6
22 0 11
21 0 4
16 17 1
16 18 12
4 7 13
5 6 13
18 23 11
17 20 8
5 7 11
4 8 3
14 19 10
14 17 9
12 14 1
18 22 4
0 3 10
18 21 9
0 3 10
7 10 2
1 5 14
6 9 8
20 0 12
1 3 11
17 19 8
8 11 10
1 4 10
18 22 7
14 15 2
2 3 13
15 17 7
21 0 1
20 23 1
18 21 3
5 8 11
0 2 4
9 13 7
22 1 2
23 1 15
23 3 14
16 16 7
9 11 15
23 1 4
8 9 6
15 18 1
4 7 13
14 16 6
19 22 7
2 4 11
12 14 5
10 14 1
5 7 9
23 2 11
19 22 5
15 18 4
16 20 1
13 18 11
9 13 14
3 6 4
10 12 11
4 7 14
15 18 8
22 1 12
15 17 7
5 7 6
8 11 13
19 0 3
12 15 14
6 9 12
10 13 8
21 0 10
1 6 6
19 1 1
21 22 3
9 12 10
0 3 7
12 15 3
13 16 8
0 1 7
21 23 13
22 23 9
18 19 11
3 5 6
1 5 9
12 14 10
3 5 8
11 14 13
13 16 6
17 19 4
23 4 5
16 20 2
7 9 2
15 18 5
8 11 14
20 0 1
4 7 4
13 16 11
3 7 7
12 15 2
8 11 3
15 18 14
4 6 8
11 14 1
22 2 8
20 0 3
2 5 4
7 11 3
16 19 11
10 12 3
4 6 4
1 4 9
11 12 15
13 16 9
0 3 11
8 9 15
5 6 7
6 9 10
6 9 7
12 16 13
5 7 2
12 16 5
20 0 5
22 2 13
22 23 8
8 9 10
3 6 10
10 12 15
7 11 9
2 5 12
19 20 1
22 1 4
19 0 1
15 17 10
6 10 4
10 14 13
16 20 15
16 21 6
8 12 2
6 8 12
16 19 1
2 5 5
5 8 7
3 6 15
21 0 13
9 11 6
18 21 11
19 21 2
12 15 15
14 18 11
10 12 6
5 8 13
7 10 5
7 10 11
10 13 14
4 6 8
0 4 4
16 19 13
14 18 14
10 12 8
13 14 12
21 23 5
13 16 6
8 11 6
10 13 6
8 10 8
5 8 8
20 23 5
0 3 12
7 11 15
9 13 9
11 13 5
20 22 14
10 12 12
3 4 12
2 5 1
15 19 13
10 11 8
15 19 9
18 21 2
7 10 15
6 10 12
12 16 13
3 6 9
10 13 3
2 4 1
20 23 11
6 8 13
13 18 13
8 13 8
8 10 6
14 18 7
13 16 14
5 7 12
19 21 9
12 14 2
19 21 12
20 21 8
4 4 8
9 12 1
11 16 1
5 8 6
8 10 11
16 19 9
8 10 13
6 9 4
15 20 5
9 12 9
17 20 2
21 1 6
7 9 2
10 14 3
4 7 8
22 2 12
8 11 6
19 23 6
10 13 13
23 2 5
17 20 4
15 18 5
17 21 14
10 13 3
9 11 13
11 16 11
14 19 5
0 2 2
7 9 13
18 20 14
3 6 9
10 12 8
14 17 1
16 20 4
13 16 1
5 9 3
20 23 5
12 15 15
10 14 2
14 17 8
20 23 14
19 22 5
19 0 7
9 12 7
6 9 6
7 10 14
2 5 6
10 14 1
12 15 10
15 19 15
2 5 6
0 4 5
10 12 4
8 12 5
11 13 4
17 22 11
7 9 3
20 22 11
12 16 11
7 10 4
3 6 6
0 3 3
17 19 3
8 10 7
11 14 8
0 2 6
7 10 2
15 18 14
3 5 6
22 1 6
4 6 6
17 20 6
0 2 9
14 17 4
7 11 6
0 3 14
4 7 14
18 19 14
3 6 11
14 17 12
2 7 6
3 7 9
6 8 6
4 7 6
12 15 6
7 9 5
6 9 13
14 17 13
13 17 6
22 0 2
17 19 5
1 4 15
2 6 4
9 12 5
19 22 3
15 19 3
23 3 3
2 4 13
12 16 15
17 20 3
22 2 13
11 12 12
4 6 12
4 6 15
0 2 3
3 6 13
3 6 5
15 17 14
8 9 7
19 23 2
19 23 11
20 23 12
17 20 15
16 21 10
7 10 15
17 21 12
15 18 10
5 6 5
2 4 5
14 17 8
10 14 5
19 23 10
6 8 13
18 20 11
19 23 2
11 13 9
19 22 5
0 4 10
13 16 1
3 7 4
17 21 8
19 22 2
16 20 1
19 19 12
19 22 5
23 1 2
21 23 12
0 4 9
13 15 6
22 2 5
16 19 9
5 9 2
7 12 8
12 14 15
9 12 10
22 3 5
11 13 8
11 13 14
20 1 6
18 21 4
3 6 14
15 16 15
17 21 4
12 15 5
15 16 2
18 21 6
15 18 12
21 22 13
1 3 12
5 8 9
6 9 2
21 22 13
9 13 15
15 18 10
13 15 2
20 0 14
19 23 11
15 18 5
6 8 9
10 14 8
12 14 15
13 16 11
3 6 12
19 23 13
21 1 2
13 15 14
10 12 4
4 6 5
3 7 13
5 8 9
18 21 15
5 8 11
15 15 9
3 5 4
2 4 1
11 15 6
3 6 12
5 7 12
19 21 3
22 0 1
3 6 8
10 12 9
22 2 3
2 5 12
14 15 1
14 17 6
4 8 8
1 3 4
19 23 6
13 17 3
21 1 3
5 8 4
7 9 1
10 15 1
7 9 8
23 2 13
19 22 6
5 8 6
11 14 8
12 15 12
3 6 12
6 10 5
22 1 7
21 0 8
8 12 12
22 1 13
19 0 1
21 23 10
20 23 4
15 18 8
23 2 6
13 15 6
21 1 14
7 10 11
10 13 13
2 5 2
9 12 2
14 16 12
8 12 10
17 19 11
18 21 8
14 16 9
4 4 6
20 0 11
9 13 9
20 22 11
20 22 1
6 7 1
2 3 6
14 15 8
4 9 11
14 17 12
16 19 7
9 13 5
4 8 9
2 5 10
14 17 9
12 14 9
20 23 9
14 17 7
18 21 8
14 18 10
0 3 2
14 16 14
7 9 1
9 12 15
2 4 14
12 14 10
3 6 11
6 8 11
19 19 7
17 19 5
20 0 1
9 12 10
8 10 1
16 20 4
18 21 3
22 0 13
16 20 12
16 19 11
16 20 4
17 20 10
1 3 10
10 14 11
1 5 14
7 11 10
22 1 3
16 18 15
8 10 4
16 19 6
6 7 2
11 14 6
23 1 15
16 18 14
5 8 11
20 22 4
0 2 4
13 16 11
19 21 6
7 10 15
4 7 12
3 6 6
5 6 4
19 23 3
12 15 3
13 18 5
18 21 2
14 18 7
18 21 6
1 4 2
12 15 2
18 20 8
21 1 12
18 21 11
12 14 10
8 11 9
17 18 7
2 4 12
18 22 15
15 20 14
9 14 13
23 3 9
17 20 1
8 11 9
0 3 10
23 3 15
11 15 10
9 12 9
12 14 15
3 6 1
17 20 12
19 23 15
8 12 12
0 3 12
20 0 5
1 5 13
16 18 7
20 23 6
14 16 5
7 10 6
21 1 14
22 1 2
17 22 5
2 5 4
19 21 12
9 12 15
14 18 12
14 18 10
11 15 12
6 10 9
4 7 6
11 13 9
15 18 15
17 19 6
11 15 6
12 13 11
9 11 6
17 21 3
4 8 5
11 14 10
9 13 13
7 10 13
15 18 1
6 9 10
17 19 3
21 0 12
16 19 15
7 10 1
7 12 2
6 10 8
10 13 3
9 13 12
11 14 6
0 2 9
22 0 10
3 6 5
15 18 8
8 10 15
6 9 5
6 8 2
7 9 9
10 13 2
19 22 7
19 22 12
1 3 7
21 1 5
19 22 3
6 9 11
5 9 9
21 0 6
16 16 7
15 18 3
22 1 12
4 7 1
13 17 6
13 17 9
14 18 5
6 9 11
17 19 4
20 23 5
22 0 3
21 1 15
0 3 10
11 14 15
16 19 3
12 17 8
12 14 11
14 18 4
17 22 6
16 20 9
19 0 10
20 23 10
13 16 4
4 6 10
6 10 12
10 14 11
8 10 9
9 14 8
13 15 8
13 16 3
8 10 4
6 9 7
8 12 4
15 17 13
1 3 5
9 11 14
0 1 1
10 12 11
8 9 14
15 17 2
7 10 9
11 15 8
2 6 4
2 6 5
22 1 11
1 5 2
13 16 7
5 7 10
8 12 15
11 13 11
23 1 8
5 9 12
23 0 9
3 7 3
18 19 9
23 2 14
23 1 9
8 12 10
6 8 10
18 22 3
20 21 11
19 20 14
3 5 5
16 21 7
17 20 5
5 9 2
15 19 7
0 3 5
10 12 7
14 17 13
18 22 7
21 2 7
23 1 7
16 18 11
20 22 8
18 21 13
14 17 2
18 21 1
0 1 15
21 23 4
13 17 6
11 15 3
16 19 1
14 17 13
15 19 2
17 21 10
11 12 9
2 6 14
12 15 13
6 9 8
4 8 8
16 16 10
17 20 1
4 6 3
14 19 13
5 8 12
16 18 10
21 0 15
13 16 1
9 13 13
14 18 4
18 21 1
9 12 7
4 8 1
3 6 5
17 19 13
16 20 11
0 4 10
22 0 10
12 16 1
4 7 14
20 22 4
3 7 14
1 5 10
9 10 3
2 6 10
23 1 7
1 4 8
7 11 6
13 14 15
1 3 7
6 9 2
8 11 10
4 5 8
18 21 6
2 6 15
19 21 3
9 12 4
16 18 9
20 23 13
5 8 13
0 0 13
18 19 12
22 23 2
6 11 11
19 0 8
11 14 9
11 15 1
3 4 8
18 21 5
23 1 12
17 18 7
13 13 4
8 11 5
14 17 6
14 18 1
7 9 12
5 8 14
0 3 11
18 21 10
21 22 2
17 18 3
5 9 8
19 23 8
20 23 14
8 10 8
13 17 7
17 22 12
16 21 2
19 21 13
11 14 13
22 23 12
0 2 9
6 11 9
9 13 3
4 6 9
20 23 11
18 20 2
3 7 1
15 18 14
16 19 10
7 10 1
15 19 8
1 4 15
23 2 5
23 1 5
13 15 4
23 3 5
9 12 6
8 12 5
23 1 15
14 19 7
3 6 10
16 20 12
16 19 8
19 21 14
4 7 7
12 15 14
12 16 12
18 21 6
3 7 1
4 5 5
7 11 12
11 15 1
8 12 3
17 20 5
23 2 3
18 21 8
20 23 11
13 16 2
20 23 7
9 11 13
6 9 4
9 11 7
21 0 10
13 16 1
3 6 11
22 2 14
21 0 12
3 6 5
5 9 14
4 7 5
1 4 11
1 6 12
12 15 15
23 4 3
23 3 7
23 3 3
0 2 15
0 4 3
18 21 2
21 0 6
8 11 9
3 7 3
17 20 5
1 2 3
4 7 14
16 20 6
11 15 7
9 12 6
15 18 6
22 1 7
8 11 6
0 2 11
8 13 2
10 13 13
10 14 10
10 13 2
9 13 14
17 21 12
9 12 10
10 12 9
14 17 1
4 6 2
21 1 10
0 3 4
3 5 12
2 6 4
8 12 5
21 22 6
8 13 1
16 19 5
4 7 2
21 0 9
13 17 7
10 13 2
14 15 8
3 6 9
3 5 11
8 11 13
3 7 10
20 23 8
23 3 10
7 10 2
16 18 7
20 21 15
21 2 10
10 12 1
22 1 1
11 15 9
9 12 6
10 14 6
14 17 11
11 11 13
13 17 4
11 14 8
17 21 3
2 5 12
2 5 10
22 2 2
11 13 4
5 10 2
12 15 13
23 3 11
14 16 6
18 21 9
10 13 14
13 16 11
16 19 12
21 0 10
16 18 10
4 7 11
19 23 9
18 21 9
21 2 9
11 14 12
6 8 3
22 2 9
23 3 15
6 11 1
3 5 8
9 13 14
3 6 2
8 10 7
2 6 1
23 2 11
0 4 5
17 20 15
7 11 5
19 21 8
15 20 13
21 0 5
19 22 15
22 0 8
11 14 8
11 14 12
18 22 10
7 9 13
23 1 6
19 23 1
21 23 3
23 1 8
11 13 5
12 15 6
20 1 3
16 18 14
15 17 2
18 23 2
8 12 4
0 4 9
14 17 11
13 17 11
1 5 10
17 20 14
0 3 13
2 5 13
0 4 2
2 4 11
16 19 10
9 12 4
22 1 11
11 14 10
18 22 9
8 10 9
18 21 9
10 13 9
10 12 2
10 14 9
5 8 8
7 11 4
1 5 15
16 17 11
5 8 7
23 2 4
1 5 5
20 0 8
5 8 11
7 10 1
20 23 8
6 9 7
23 4 3
18 22 1
1 3 11
17 20 11
17 22 6
5 8 7
11 13 8
23 1 15
8 10 13
13 17 4
20 22 15
1 3 1
12 14 13
10 14 13
7 10 10
9 10 2
8 11 5
12 13 15
10 13 8
9 14 6
12 16 3
11 14 14
17 20 15
6 10 6
21 0 14
13 18 12
23 3 13
15 18 12
23 3 9
20 0 15
7 9 6
7 9 9
9 12 2
4 7 6
2 4 13
11 14 9
4 7 3
15 18 9
17 20 13
21 0 10
17 21 3
4 7 8
13 16 3
3 5 1
21 23 6
20 0 14
15 16 7
20 23 13
19 21 5
1 3 6
5 7 9
7 10 2
21 0 13
14 17 5
13 16 7
12 15 4
19 0 11
7 9 9
7 10 14
23 4 14
2 4 1
19 0 15
21 0 4
14 19 10
8 12 11
7 10 13
4 8 8
11 16 3
4 7 10
18 21 10
14 18 15
9 12 12
9 10 7
12 15 3
17 20 1
13 16 4
4 10 14
22 2 4
23 0 8
2 4 6
17 21 15
10 14 1
6 8 8
0 3 9
16 18 7
5 8 7
1 3 8
11 14 8
13 17 7
5 8 7
1 6 1
2 7 7
18 20 3
2 4 13
0 2 12
3 6 4
10 14 5
16 20 3
8 11 13
20 0 13
7 10 3
23 2 9
5 7 10
20 23 1
6 8 1
15 19 15
22 0 4
6 8 8
9 11 8
14 17 5
13 15 6
19 21 2
20 0 13
18 21 6
10 14 10
7 10 8
7 12 13
22 2 3
3 7 10
4 6 14
9 13 2
10 12 15
9 10 12
17 20 7
8 11 3
9 14 15
10 14 4
22 0 2
0 4 4
14 18 1
8 13 12
1 4 5
11 13 2
23 1 14
15 19 10
1 3 2
22 23 7
13 16 10
19 22 7
19 0 7
3 6 2
2 5 13
10 14 4
7 11 11
13 16 7
1 5 3
12 14 6
14 17 9
15 18 12
13 15 13
12 14 3
21 23 11
20 23 12
10 14 8
3 5 4
19 22 15
17 19 1
22 1 5
1 3 3
19 23 15
18 22 14
0 2 6
14 17 6
15 16 6
5 7 3
11 13 14
11 13 1
16 20 6
12 15 3
14 17 9
13 17 13
1 3 4
0 4 1
7 9 9
22 2 7
9 11 8
14 17 12
22 1 10
13 16 5
10 12 1
1 4 3
20 23 4
19 23 3
17 19 9
2 3 1
11 14 8
12 14 5
13 17 14
9 12 2
2 4 6
0 4 6
15 18 12
16 18 7
1 3 11
23 1 14
9 13 13
13 14 1
5 8 13
15 17 8
2 6 8
14 17 2
6 8 10
17 19 1
21 0 2
15 19 2
1 4 14
15 18 11
11 12 13
18 22 12
9 13 10
22 1 1
5 10 15
13 16 9
15 18 2
6 9 13
22 1 7
9 11 12
12 15 7
16 19 14
20 0 10
19 22 6
7 11 13
19 23 9
5 8 3
0 2 10
0 3 11
17 18 6
1 3 1
7 8 13
20 23 2
13 17 2
9 11 12
20 0 10
2 5 12
3 6 3
11 12 13
8 12 7
9 12 8
18 21 1
8 10 12
16 21 9
8 11 9
18 22 5
22 0 2
11 15 5
8 11 13
20 23 10
21 0 4
5 6 3
22 0 9
18 23 10
23 2 5
16 19 1
12 15 5
11 14 8
17 22 14
21 23 3
21 23 15
17 21 15
22 3 3
4 8 6
2 4 7
10 13 7
0 2 2
21 2 3
23 1 8
9 12 12
15 18 9
5 10 1
4 8 4
19 0 11
13 16 15
23 2 5
2 4 1
0 4 3
17 20 4
19 22 3
21 1 3
15 18 12
5 8 6
16 19 10
20 22 7
2 5 13
21 1 12
23 1 6
22 23 15
22 0 8
16 19 9
17 20 15
9 10 8
0 2 3
18 22 11
19 21 1
1 5 11
