1900 8
1 6 1 3 1 7 9 8 
4 9 4
23 1 4
16 20 1
0 3 6
12 15 7
6 9 3
11 14 2
18 21 5
23 0 6
0 2 3
21 22 8
19 22 5
17 21 1
23 4 5
15 17 5
18 22 3
23 23 2
7 10 4
1 4 6
7 7 3
1 3 7
3 5 5
10 14 6
19 23 3
8 11 6
8 12 3
9 12 6
3 6 1
7 9 6
22 0 8
1 6 7
18 21 1
8 11 7
15 17 3
20 21 1
20 21 2
2 4 4
5 11 6
9 12 3
19 23 1
6 8 6
6 9 6
6 9 1
10 13 2
21 22 3
10 12 2
6 9 8
17 21 2
5 8 6
13 14 3
14 17 4
4 7 8
3 7 8
5 9 7
20 2 4
12 15 3
18 21 8
1 4 4
1 4 8
7 9 8
4 6 6
13 16 8
10 15 5
4 7 8
3 6 7
18 21 3
7 9 6
11 14 8
2 3 5
3 5 7
9 12 1
11 12 4
17 20 4
9 12 2
4 7 6
15 19 1
6 8 7
17 20 5
9 12 1
14 16 2
16 19 3
6 8 7
15 18 8
10 13 2
5 8 5
16 17 2
6 9 7
23 2 8
1 5 8
23 2 6
10 14 4
23 3 2
13 15 4
4 7 1
11 14 2
10 12 2
9 12 1
22 3 1
20 0 3
11 12 6
9 14 3
15 19 3
8 10 6
23 1 3
23 2 5
23 1 2
8 10 3
1 4 2
13 16 5
22 0 3
6 9 7
5 7 8
16 18 8
3 7 7
8 12 8
14 16 7
16 21 1
3 5 7
7 10 7
20 0 5
19 21 3
20 21 7
2 4 5
9 11 2
7 10 5
0 4 7
15 16 6
20 22 2
22 3 1
4 7 7
21 1 4
9 11 6
17 20 2
14 16 6
12 16 5
5 9 6
15 17 4
14 17 2
7 9 2
12 15 1
8 11 1
2 3 8
9 12 6
8 12 6
15 18 3
12 16 2
23 1 6
0 3 7
18 20 1
16 19 2
18 20 7
8 11 7
12 14 7
3 7 4
13 17 6
1 6 5
4 9 7
17 21 1
17 20 4
8 11 7
17 20 4
15 18 7
20 23 5
23 1 8
13 18 4
19 22 8
10 10 2
13 15 6
1 4 7
0 3 1
8 12 7
12 14 5
11 12 5
4 5 1
22 0 6
3 6 6
22 1 6
22 1 2
1 5 7
22 1 8
18 21 7
23 3 3
2 5 4
0 0 8
12 15 6
8 10 4
7 10 7
10 14 8
23 1 5
1 5 5
7 9 1
5 9 1
21 1 2
2 4 2
13 15 8
8 13 5
1 3 4
6 11 5
3 8 4
9 13 2
14 18 8
10 13 3
2 5 3
17 20 1
11 14 6
13 18 5
19 23 1
11 12 3
13 15 1
14 17 2
1 4 6
11 15 4
8 11 4
0 3 8
19 23 6
20 23 8
12 14 3
21 22 5
0 3 7
3 8 2
0 4 4
10 13 7
0 1 5
3 5 5
12 16 2
19 21 4
0 3 5
9 12 2
0 2 8
11 14 2
10 13 6
15 20 2
3 6 7
8 12 8
3 6 4
2 5 5
17 19 6
21 0 1
11 14 6
17 22 3
1 5 3
12 16 7
11 15 7
17 18 5
7 10 6
0 1 8
18 20 3
6 10 8
14 16 7
22 23 5
3 7 5
0 4 8
13 15 4
20 23 4
12 15 3
9 10 1
17 21 3
2 4 8
14 18 1
1 4 5
16 20 4
4 8 4
6 7 7
18 21 5
20 23 6
22 22 2
12 16 4
16 20 6
17 19 5
11 14 4
16 20 1
16 20 2
16 21 8
14 19 7
3 6 4
22 2 4
5 9 6
6 8 4
15 18 1
8 12 5
14 18 2
0 2 7
15 18 7
15 17 8
13 17 5
17 21 3
13 15 2
21 0 7
15 17 8
0 2 1
18 0 8
10 15 2
7 10 7
4 6 7
20 22 4
13 17 2
6 10 1
2 5 6
10 15 6
12 15 1
3 6 7
15 19 3
7 12 1
8 10 2
6 9 5
21 1 5
18 21 3
19 22 2
13 16 8
18 21 7
0 3 6
10 15 5
10 12 8
0 3 6
17 21 1
0 5 1
21 22 3
17 20 1
11 15 6
23 1 1
15 19 8
22 2 4
2 6 5
1 5 2
4 6 3
12 17 3
3 4 1
10 13 1
1 3 3
7 10 4
3 7 1
14 17 4
15 18 1
8 10 1
7 9 3
8 13 3
5 7 3
8 9 5
15 18 1
7 8 3
8 11 6
15 20 7
11 14 3
9 13 6
2 6 2
22 2 7
21 1 2
18 21 6
22 2 3
12 13 5
1 5 8
7 10 1
23 3 4
6 9 8
3 5 4
2 5 8
3 7 1
15 18 1
8 10 7
10 13 6
17 20 1
19 0 5
22 0 5
19 23 2
11 13 3
11 13 6
12 15 3
18 21 2
2 5 8
12 14 8
1 3 3
10 13 1
11 14 2
1 4 2
23 3 3
14 17 6
11 13 3
15 18 5
19 23 6
1 4 5
10 13 8
15 19 2
6 10 6
18 21 8
13 14 8
2 5 3
8 10 7
10 14 5
17 18 2
14 16 6
8 13 1
11 15 8
13 17 1
0 1 2
23 1 3
15 19 3
20 22 3
22 2 8
15 17 2
17 19 3
4 8 1
4 7 1
12 16 8
22 1 5
8 11 2
9 10 6
12 15 5
22 3 4
19 21 1
19 22 6
6 10 1
0 2 2
18 21 8
21 1 8
9 11 2
7 11 5
17 20 5
23 1 8
9 13 8
18 22 6
13 18 7
22 23 8
21 1 5
14 17 6
14 16 1
15 18 8
10 12 8
15 19 3
17 20 1
9 12 1
8 10 5
17 20 5
22 0 4
6 7 2
11 13 8
11 13 8
14 16 2
20 23 2
12 15 7
12 15 5
5 6 3
12 15 2
20 21 5
3 7 7
5 7 6
8 11 8
21 1 1
12 14 6
1 5 3
11 13 2
17 20 6
15 18 2
3 7 1
8 10 8
18 20 6
13 16 5
17 19 2
8 12 5
14 16 7
16 18 4
3 6 8
21 0 2
21 1 4
4 7 7
0 3 7
23 2 6
12 14 7
14 17 5
15 18 2
9 11 6
16 18 2
3 8 2
23 2 3
5 8 6
20 0 4
8 11 4
11 14 4
21 0 1
7 11 6
18 20 2
0 2 8
16 19 2
5 7 4
14 18 3
9 13 7
8 11 8
15 18 2
5 6 1
2 5 4
20 22 2
10 13 2
23 1 6
11 14 5
23 2 5
11 14 6
14 17 7
7 10 2
12 14 3
14 17 2
6 10 8
20 0 5
12 13 6
7 11 7
1 5 3
22 0 5
2 4 3
11 13 1
1 4 5
18 22 5
12 16 8
1 2 3
3 5 6
9 13 5
3 4 1
7 9 5
1 3 2
7 10 1
17 18 6
11 13 3
3 5 6
14 17 6
13 18 7
9 14 2
18 21 4
3 6 4
21 23 5
5 8 2
17 19 2
16 20 4
5 7 1
7 9 8
8 8 4
11 13 4
0 4 1
20 0 4
18 21 1
3 6 5
11 14 5
21 23 3
4 8 3
13 16 7
17 19 6
1 3 7
15 15 1
9 13 5
16 19 8
10 12 6
21 0 7
17 20 1
9 13 2
19 22 4
13 16 2
16 17 4
12 14 4
4 6 2
19 22 5
17 20 2
9 12 6
13 17 4
19 23 3
7 11 6
9 12 4
5 7 3
22 1 1
15 18 6
20 22 3
10 13 1
7 9 1
12 13 7
5 8 2
17 20 3
7 9 6
16 17 7
20 23 2
9 12 6
12 14 7
16 21 8
0 1 3
14 16 8
9 12 1
18 22 8
3 5 7
8 10 3
3 5 6
10 11 1
9 10 4
23 2 2
11 15 1
1 4 4
17 20 1
21 23 2
22 2 2
2 6 8
21 0 5
15 20 2
0 2 8
22 23 7
14 19 3
14 18 7
14 18 4
9 13 1
20 23 3
6 10 7
4 6 3
23 4 4
4 6 3
17 22 5
12 16 7
14 16 7
5 9 5
21 2 8
15 20 5
2 5 5
7 10 6
5 8 6
21 2 2
3 6 8
9 13 1
4 6 8
9 13 7
4 6 8
1 4 3
11 14 6
22 0 7
23 1 6
6 10 4
9 14 8
10 13 1
1 4 8
21 23 8
15 17 2
16 18 1
18 21 8
14 18 5
3 5 6
21 2 8
17 21 2
0 3 6
4 8 8
20 2 8
12 13 3
1 4 6
11 16 8
10 14 1
21 1 3
0 4 1
18 21 5
13 16 8
18 22 4
10 13 8
11 13 2
15 17 5
18 19 2
3 6 7
12 14 2
15 17 3
4 7 7
0 2 1
9 13 3
13 16 2
15 20 7
7 9 1
21 2 5
4 7 2
3 5 5
9 13 6
1 5 3
12 16 3
8 11 6
9 13 7
17 21 7
10 13 4
22 2 3
22 1 5
5 8 5
13 16 5
2 6 2
5 6 1
22 1 5
5 8 1
18 21 8
3 6 4
3 7 4
14 18 1
0 4 6
10 11 5
0 5 2
10 13 6
6 10 8
14 16 3
16 19 3
7 10 3
15 18 6
15 18 8
11 14 4
0 2 6
15 19 5
3 6 1
3 7 1
23 1 7
22 2 1
17 21 7
23 2 3
22 0 2
18 21 2
16 18 8
2 5 7
16 21 4
23 2 4
15 18 7
11 15 6
8 10 5
20 0 5
13 16 2
13 15 8
19 0 1
2 4 6
12 15 7
4 8 8
0 2 4
5 8 8
17 21 2
10 12 4
19 22 3
20 23 1
16 16 2
16 18 3
21 0 7
11 14 3
7 9 1
3 6 1
9 10 5
2 6 1
13 15 2
5 10 6
12 16 5
13 16 3
21 0 1
8 11 5
11 14 4
23 3 7
21 22 7
1 3 7
14 17 1
5 8 3
14 17 2
12 15 7
16 17 4
13 17 4
6 9 3
21 22 8
1 5 1
2 5 3
5 9 1
5 7 7
13 16 8
23 2 1
22 3 8
14 20 8
11 16 1
0 2 4
17 19 8
18 20 1
15 17 3
0 5 8
19 21 5
5 7 6
23 2 5
22 1 7
6 9 8
4 8 2
8 12 1
11 14 5
9 13 5
6 11 4
3 7 4
1 4 8
7 9 8
23 2 1
10 12 1
6 9 5
10 13 4
3 5 6
4 7 6
12 14 2
7 11 3
18 20 7
6 9 1
19 23 5
16 19 7
13 17 8
4 9 3
23 4 4
5 7 5
3 7 5
18 22 6
20 23 1
7 9 5
7 9 3
6 9 8
16 19 3
4 5 3
4 8 5
4 9 1
12 13 3
23 2 6
13 17 3
23 1 1
0 4 7
17 20 4
11 15 6
1 5 7
0 2 5
2 5 8
8 10 1
6 9 2
11 15 3
10 13 7
5 5 1
17 20 1
13 16 6
5 9 2
13 16 5
9 12 3
15 18 3
12 15 2
12 15 6
16 20 1
19 21 7
16 17 3
15 19 7
15 18 1
7 8 7
2 5 2
3 6 4
1 3 1
0 4 4
0 2 4
11 14 2
0 1 3
23 2 6
19 21 3
0 4 4
6 9 6
20 23 8
1 7 2
16 20 5
1 3 7
12 16 8
6 9 2
5 11 4
13 16 4
20 0 5
5 9 4
3 6 6
18 19 7
12 15 6
20 1 8
2 6 5
14 16 7
17 19 7
17 20 4
10 14 6
9 13 4
2 7 8
18 22 7
13 15 6
14 18 3
6 9 5
14 16 8
23 2 4
22 2 8
14 17 8
13 17 1
10 14 5
21 0 5
19 22 7
3 7 5
3 6 3
23 3 1
22 0 1
1 4 1
0 1 3
10 13 7
22 1 2
19 21 2
17 19 4
3 4 5
11 14 6
11 11 7
17 21 8
17 18 4
13 17 1
4 5 8
7 9 2
4 7 5
8 11 5
14 19 5
22 0 7
17 19 1
13 17 6
13 16 1
7 9 5
23 2 6
0 2 7
23 2 7
7 9 5
6 8 4
18 20 4
12 14 1
5 8 6
5 8 8
15 18 8
0 2 7
10 12 4
14 17 3
11 13 8
15 18 7
10 13 4
3 4 8
6 10 7
6 10 1
9 11 8
19 21 8
13 15 2
5 9 2
19 22 7
3 4 6
3 6 2
6 9 7
5 9 4
18 21 3
9 11 2
5 7 6
18 22 5
4 8 6
14 16 7
14 16 5
23 2 1
22 2 3
23 1 6
15 19 3
15 17 7
2 6 8
19 22 2
18 20 5
2 4 5
17 23 4
0 4 7
7 12 4
15 17 2
1 3 8
13 18 2
4 5 2
2 6 2
4 6 4
15 16 5
15 17 1
1 3 4
22 1 3
2 4 3
15 18 1
12 16 3
5 8 7
14 18 4
2 3 3
6 9 7
3 5 1
17 21 6
18 19 5
2 4 1
7 11 5
3 7 6
0 2 4
1 3 4
11 15 2
13 16 4
15 19 1
23 2 7
22 2 1
12 16 3
9 12 1
13 18 6
17 20 2
5 8 8
19 20 2
12 15 4
20 22 4
5 8 4
11 14 1
5 8 4
16 21 7
0 4 7
23 3 8
20 1 3
16 19 4
5 7 4
1 4 5
10 12 2
8 11 4
8 11 1
10 12 2
5 8 3
19 22 3
23 2 6
13 16 2
2 6 7
22 0 3
14 18 3
11 14 5
22 23 1
20 22 3
1 3 6
19 23 4
10 15 2
0 4 1
9 12 7
10 13 4
11 13 5
15 19 7
2 5 5
17 19 4
1 4 7
2 4 7
2 4 2
3 7 8
13 15 2
12 14 3
20 1 5
18 21 6
14 16 7
12 14 5
13 15 1
23 1 6
19 22 8
20 0 3
10 14 4
16 20 8
1 3 4
10 14 1
10 12 4
5 8 1
1 5 3
5 9 4
0 4 8
17 21 1
16 18 7
1 4 2
15 19 4
19 22 6
8 12 4
0 1 8
23 1 2
20 0 8
12 13 2
17 19 4
6 11 5
0 2 7
0 2 3
21 2 5
2 3 3
8 11 7
23 1 4
22 1 6
18 22 6
2 5 7
10 13 8
0 3 6
15 18 7
18 21 7
4 7 3
10 14 3
5 10 5
20 23 2
23 2 8
7 9 4
7 10 8
12 15 8
6 8 7
15 18 6
6 10 2
14 17 4
23 2 7
2 5 8
2 6 2
6 9 7
10 12 7
15 17 7
0 3 6
10 11 1
19 21 6
0 5 7
16 19 3
18 22 6
12 15 7
10 13 5
17 20 4
11 15 2
18 21 7
23 0 1
20 0 8
11 14 1
1 4 6
7 10 2
8 12 7
19 23 5
10 12 6
12 16 1
8 11 1
14 18 5
11 15 2
9 11 4
16 19 1
8 10 8
4 6 8
20 0 7
21 23 2
21 2 6
5 10 6
21 0 7
15 19 4
13 15 7
8 11 8
15 18 2
11 14 7
13 18 5
22 1 7
6 8 6
15 18 3
18 21 5
1 4 5
12 16 7
7 9 3
5 8 4
0 3 3
17 20 1
2 4 6
17 19 7
23 3 6
15 19 2
2 6 4
23 2 3
11 11 7
4 6 8
14 17 5
12 17 7
20 22 5
17 19 3
11 14 2
7 9 3
11 14 3
0 2 3
21 0 6
14 18 5
21 23 8
5 8 6
16 19 2
12 15 7
13 16 7
7 11 7
14 16 6
14 17 8
11 14 4
16 18 8
20 1 7
13 17 2
18 20 3
4 6 5
15 18 2
1 2 3
4 7 4
6 9 3
23 1 5
11 13 6
21 2 1
23 2 3
2 4 2
3 6 1
2 5 8
10 13 2
16 19 3
5 7 5
7 11 5
4 7 4
1 6 3
4 5 7
13 16 7
17 18 8
20 23 8
8 12 7
8 10 8
3 5 6
23 3 3
0 2 6
11 13 7
15 18 5
5 9 5
20 22 8
0 5 4
18 22 3
23 3 5
2 4 4
6 11 4
18 21 5
9 12 8
14 17 7
11 14 5
12 15 3
20 23 8
21 23 2
2 6 7
3 9 5
13 18 4
18 21 6
13 15 5
20 22 1
1 4 7
19 21 3
10 14 1
0 4 2
15 16 3
11 16 2
18 21 2
15 18 8
2 5 7
12 16 7
8 14 6
14 18 8
18 20 4
7 10 8
3 6 1
22 0 7
19 21 6
14 17 6
21 0 1
23 2 8
11 13 8
20 22 7
12 16 1
14 16 6
8 10 5
6 11 6
0 3 3
18 20 5
8 12 3
23 1 6
12 14 6
7 10 1
7 10 6
14 18 2
6 9 8
6 8 2
1 6 4
12 15 2
21 1 5
3 6 2
6 8 5
8 11 4
23 0 5
18 19 4
1 2 6
9 12 3
5 5 5
10 11 4
19 20 4
1 4 6
9 13 2
4 8 3
3 5 7
20 23 2
2 6 8
16 20 4
9 11 5
18 19 2
10 13 4
1 4 5
1 4 8
4 8 1
0 4 3
4 6 4
17 20 5
11 13 4
16 20 1
3 8 4
18 23 3
19 23 8
8 9 1
0 3 3
11 15 5
8 11 4
8 10 5
7 8 5
0 3 3
14 17 8
9 12 2
21 0 2
5 7 7
13 15 1
4 6 2
15 18 8
15 18 2
6 8 5
19 22 7
11 14 7
23 2 4
7 11 8
5 7 4
2 7 2
11 16 8
3 6 8
14 15 4
12 15 8
0 5 6
17 20 4
13 17 5
8 11 8
8 9 4
8 12 6
5 8 8
15 20 6
15 19 2
11 15 3
0 2 7
8 10 6
11 13 4
23 1 1
16 17 4
5 10 6
16 19 8
11 14 1
15 19 8
6 9 5
6 9 2
7 11 6
12 16 2
20 23 8
7 11 1
13 17 7
14 16 6
15 19 3
14 18 4
13 16 8
9 13 4
7 8 3
16 18 4
18 22 8
3 7 5
23 1 1
1 3 4
10 14 3
19 22 4
4 6 7
4 6 2
0 3 6
23 1 7
21 23 4
14 17 8
16 17 6
17 20 7
5 8 3
0 2 1
10 15 5
13 17 5
21 23 6
21 23 7
2 3 5
15 17 6
23 3 2
13 16 6
1 2 1
8 12 4
15 18 7
1 2 6
6 9 1
13 16 4
12 15 5
13 16 1
17 18 1
11 15 5
20 23 6
4 7 3
11 14 8
20 23 1
6 8 2
5 10 6
0 3 7
16 19 7
3 6 8
21 1 4
8 9 5
9 12 2
1 4 3
2 4 1
15 17 4
3 6 7
16 18 3
18 20 7
12 15 7
9 13 3
4 7 4
18 20 6
12 15 6
2 5 4
5 6 4
14 17 5
6 9 4
9 11 4
4 6 5
3 5 2
6 9 7
19 22 5
9 11 6
0 4 7
20 0 5
23 1 5
22 0 5
4 8 6
16 19 1
6 9 3
4 7 3
18 21 1
6 10 3
8 10 7
14 17 2
1 5 4
19 22 4
20 0 5
1 4 6
5 6 2
15 17 5
12 14 7
11 13 6
6 9 7
7 9 5
11 15 6
18 22 1
11 14 5
2 6 1
8 11 8
5 8 1
9 12 8
4 8 1
3 7 7
4 7 5
8 10 4
12 15 7
4 5 3
10 13 1
5 7 1
5 8 3
19 22 8
23 2 5
16 20 7
15 19 6
15 17 5
15 18 3
21 1 1
13 15 1
11 15 5
18 21 1
8 10 7
14 18 6
20 23 3
14 16 4
18 22 7
13 16 2
7 10 6
17 20 6
4 6 1
14 18 5
10 12 1
15 17 5
16 19 7
18 23 7
23 1 4
1 6 1
0 4 5
21 0 4
5 7 7
15 18 3
7 10 2
5 7 8
18 21 2
15 18 4
11 13 8
22 23 6
13 17 4
13 17 4
16 19 1
10 13 5
9 12 6
9 13 8
21 2 2
19 22 8
5 9 8
1 4 8
4 9 8
7 9 1
20 1 7
14 16 4
17 21 1
20 23 5
22 1 1
11 13 8
22 3 1
1 4 4
10 14 1
18 20 6
12 14 3
23 0 6
1 4 5
23 1 5
21 0 2
21 0 3
4 7 8
13 14 5
18 20 4
10 15 5
1 3 7
6 9 6
13 18 4
11 15 3
2 6 2
11 14 5
20 21 8
2 5 7
4 7 7
14 16 7
15 17 4
1 5 6
3 6 8
13 15 1
20 2 3
3 6 2
17 20 5
21 1 3
18 20 7
16 20 2
16 20 1
7 9 1
12 14 7
4 6 3
8 10 6
12 14 5
22 1 6
21 1 3
3 7 2
1 4 3
23 2 4
18 21 4
4 7 3
0 2 4
17 17 1
8 12 2
18 22 1
22 1 3
6 9 5
2 6 5
11 14 6
9 11 2
16 19 6
12 15 2
20 22 8
11 14 3
21 22 5
15 18 2
2 5 4
12 15 6
1 4 3
0 5 8
16 19 2
17 21 5
15 17 8
20 23 4
23 2 2
15 18 4
15 19 6
11 14 1
19 21 5
17 21 3
9 13 1
7 9 2
17 19 4
18 23 5
14 17 4
18 21 3
20 22 7
7 10 3
16 19 4
14 17 8
19 22 5
3 6 6
10 13 6
4 5 5
7 9 8
7 8 6
8 13 8
6 10 3
5 8 4
3 7 2
15 18 3
20 23 1
9 13 7
3 6 1
17 21 1
0 2 1
16 19 5
22 1 5
18 21 4
19 23 3
14 17 5
4 7 8
1 4 7
9 13 3
21 0 3
16 19 4
9 13 2
20 23 2
3 6 8
3 7 4
13 17 8
9 11 4
9 12 1
21 23 4
20 1 2
13 15 7
22 1 8
20 0 3
12 15 2
7 11 8
17 19 7
1 4 6
9 12 1
2 5 8
2 6 4
23 2 5
9 14 4
2 6 8
5 7 5
22 2 2
8 12 5
8 11 2
10 15 3
15 20 8
20 0 6
0 4 8
12 14 3
8 11 3
6 10 2
20 22 2
4 6 1
19 21 3
7 9 7
3 7 1
20 22 7
6 9 8
4 8 1
19 22 6
23 2 2
18 22 3
10 15 5
20 21 2
10 11 3
11 15 1
8 11 1
14 16 3
6 9 2
7 10 8
22 1 1
2 4 3
22 3 3
20 0 3
20 0 8
3 6 5
9 11 7
22 1 7
16 19 3
4 7 1
3 6 4
19 22 6
9 12 4
17 20 4
5 8 3
3 5 8
3 5 5
11 13 4
23 2 6
22 0 3
13 15 6
16 20 5
2 5 3
7 10 2
2 6 2
8 11 6
3 6 1
3 7 3
0 4 1
16 19 5
23 1 8
16 20 1
2 6 2
20 23 8
6 9 3
10 11 6
21 0 5
19 22 5
0 5 2
19 21 6
2 5 2
13 16 4
0 3 7
13 19 2
22 0 6
17 20 8
20 23 4
9 13 6
16 18 8
3 7 5
3 7 4
11 14 7
13 16 1
1 4 6
11 13 2
23 2 8
13 17 3
15 17 4
17 18 5
12 15 2
5 7 4
19 22 2
12 14 8
14 16 6
17 20 3
15 18 6
11 15 8
21 0 4
23 1 8
23 3 7
22 2 1
8 10 2
10 12 7
14 17 2
20 22 7
10 14 6
13 15 8
22 2 8
13 15 6
20 23 4
11 13 6
9 12 2
20 21 1
4 7 8
17 20 8
2 6 3
12 16 1
20 0 5
21 23 5
23 1 3
14 16 3
5 10 2
18 21 1
2 7 3
4 7 2
15 17 4
19 23 7
5 9 4
19 23 3
3 6 8
2 6 7
22 1 4
7 10 8
0 2 7
10 13 1
4 10 2
3 6 5
20 0 3
4 8 4
22 3 5
2 4 6
9 12 4
19 23 5
14 18 6
4 7 1
3 4 1
22 2 4
1 5 7
16 21 5
7 10 2
6 9 4
7 11 1
21 23 4
18 20 6
17 21 5
16 18 3
1 6 6
10 12 8
19 22 5
1 4 4
1 4 4
19 21 6
3 7 7
1 4 6
6 9 8
23 1 4
16 18 6
5 8 1
6 11 6
15 18 5
19 23 3
18 20 2
22 1 8
1 7 4
23 2 8
11 16 2
8 11 1
17 18 1
2 6 8
19 22 5
21 0 3
2 3 4
20 22 4
2 5 8
19 0 5
20 22 1
0 4 4
13 15 5
14 16 6
17 19 4
23 1 2
11 13 8
6 8 5
6 9 8
17 22 8
2 5 4
22 0 8
0 4 1
12 14 5
4 7 3
15 17 7
2 5 6
6 9 3
15 19 1
3 6 2
17 19 3
12 16 2
23 1 4
0 3 3
7 11 8
9 11 8
6 10 3
15 17 2
21 1 2
23 3 6
19 23 7
8 12 3
7 11 8
17 20 4
23 2 1
5 8 6
12 16 6
21 22 6
2 5 1
10 12 6
5 7 8
11 13 7
5 6 5
16 19 2
20 0 1
3 5 1
18 21 4
13 16 4
19 0 5
0 3 3
3 7 1
3 5 6
6 10 4
1 3 4
20 22 6
6 10 5
20 23 7
19 22 5
7 11 4
18 21 5
23 2 5
16 19 2
15 19 4
1 3 3
13 15 5
14 17 8
3 4 7
23 4 7
17 19 1
2 6 4
9 10 1
10 12 1
13 14 3
21 1 2
16 18 1
19 21 8
16 19 4
