300 18
1 1 3 1 1 3 10 3 5 8 9 4 9 10 9 3 1 5 
12 16 2
16 19 8
23 3 12
21 1 2
6 7 13
16 19 18
0 5 13
16 19 13
13 15 17
4 7 3
14 18 8
13 15 4
20 22 7
22 1 6
4 4 13
20 0 4
17 23 5
14 18 1
22 1 3
11 13 6
17 21 10
20 22 16
7 9 16
14 19 10
18 20 4
22 22 13
1 3 17
10 13 14
1 6 14
6 10 8
16 19 3
14 19 2
16 20 18
7 8 5
2 5 9
14 18 12
23 1 15
22 3 15
13 15 5
4 5 15
10 15 8
18 21 14
8 11 14
14 17 11
22 2 12
17 20 9
11 14 8
22 1 15
14 16 10
15 18 4
6 9 8
3 4 11
23 1 16
16 20 4
7 10 1
7 11 9
7 11 3
15 18 4
10 12 5
5 9 8
23 2 8
20 22 17
6 8 15
23 2 8
11 14 9
1 5 16
2 5 2
8 10 10
10 12 17
15 18 13
17 19 15
21 1 7
9 13 1
8 11 12
6 9 12
7 9 15
1 3 14
0 2 4
0 3 5
22 1 3
20 23 6
12 14 1
6 8 15
18 21 4
5 7 13
21 0 6
14 18 13
10 9 2
7 9 4
14 18 6
14 18 2
20 23 10
4 6 7
10 14 3
13 18 5
1 5 13
15 17 3
22 1 1
12 15 11
5 9 4
5 7 7
12 16 5
16 18 6
11 15 5
2 4 8
8 10 4
22 0 10
21 3 9
8 12 4
17 20 4
9 13 13
18 22 6
8 11 5
23 1 1
20 22 13
7 9 14
5 7 12
18 19 18
18 22 2
16 18 5
15 18 4
10 12 1
16 19 3
9 12 2
20 23 17
0 4 15
1 2 10
0 4 11
0 2 4
13 17 3
19 23 16
20 23 16
0 3 7
10 14 12
7 10 1
8 12 18
12 14 17
4 6 3
11 15 2
19 22 14
16 20 7
11 15 4
18 22 2
22 1 13
8 10 6
8 10 13
23 2 3
9 14 12
14 16 16
8 12 11
3 5 14
11 14 14
23 0 7
19 22 1
16 19 17
14 18 9
4 7 18
15 19 12
0 3 14
14 17 2
22 22 7
4 8 1
14 17 4
12 15 14
23 2 11
5 9 1
23 3 7
2 5 1
16 19 11
21 0 3
6 10 1
18 21 2
15 18 14
5 9 17
12 13 10
13 18 14
18 20 17
7 11 11
12 15 11
17 19 1
20 0 7
4 8 10
2 4 6
5 7 8
18 23 18
23 0 11
23 1 11
21 0 6
20 0 18
3 7 11
15 18 14
16 19 11
7 10 11
23 4 3
3 5 6
20 23 7
6 10 5
19 23 1
14 18 5
5 7 12
0 2 10
22 2 18
19 22 3
17 20 14
1 4 5
16 18 14
18 21 17
4 7 5
2 6 17
18 21 16
23 2 1
1 5 6
18 21 16
0 3 9
9 13 18
3 6 9
8 12 9
5 9 16
19 22 6
3 7 3
0 3 7
16 18 5
12 14 10
5 9 16
1 3 2
18 20 11
23 4 9
17 20 9
21 0 11
16 19 10
19 22 10
14 17 16
22 23 16
21 23 14
2 6 18
4 7 1
9 11 4
6 9 11
7 10 14
5 9 12
22 1 8
9 14 15
18 20 15
6 9 2
9 11 14
2 5 12
4 7 9
7 10 1
4 6 17
20 0 12
19 21 1
11 14 17
5 9 18
23 2 14
18 21 14
0 3 7
6 8 7
12 14 13
0 3 8
19 22 5
19 23 8
15 19 16
4 8 17
17 19 14
1 3 2
7 10 5
16 19 17
0 2 11
22 0 2
10 12 3
2 4 11
21 23 7
20 0 7
6 8 11
12 15 2
8 11 11
16 18 3
10 12 3
22 1 13
8 10 10
18 21 5
5 9 4
5 8 17
1 5 5
4 6 16
23 4 6
2 4 17
12 16 9
21 0 4
3 7 18
7 10 2
22 2 14
1 3 5
10 12 17
17 20 7
22 2 4
17 20 2
7 12 16
14 17 2
5 8 7
