550 19
5 9 5 4 7 3 8 7 3 4 4 5 5 7 1 1 9 3 3 
19 23 19
4 7 7
17 21 19
14 16 4
18 20 10
7 11 16
14 16 1
19 21 6
6 8 15
10 12 4
12 14 7
20 23 9
16 17 17
21 0 18
18 20 3
7 11 18
6 11 1
19 22 17
3 5 9
3 5 8
13 17 19
21 22 5
22 1 2
2 5 3
1 5 17
12 15 2
4 7 19
10 13 14
17 20 17
15 20 14
1 4 1
13 18 7
12 14 4
2 6 4
1 5 17
21 22 12
15 19 12
20 0 15
16 20 7
15 18 15
11 14 13
0 3 14
10 14 17
10 12 16
20 23 11
20 22 19
17 20 14
13 15 7
7 10 6
8 11 18
2 5 12
19 21 3
8 12 15
1 3 18
12 15 8
11 14 10
11 15 17
11 14 12
15 17 8
3 6 19
20 22 19
19 22 1
17 19 9
5 8 7
9 12 5
20 0 1
2 7 8
2 5 19
9 11 13
14 18 19
19 23 5
19 23 16
9 11 12
8 11 4
1 3 10
1 3 13
8 9 3
3 5 5
10 15 16
20 23 16
6 9 7
11 13 1
19 21 5
11 15 7
4 7 3
4 8 4
11 12 15
14 18 16
21 0 10
7 11 15
20 23 11
12 14 17
6 9 11
8 11 12
10 13 12
18 21 16
20 23 15
17 19 18
18 22 8
23 3 6
12 16 3
5 7 1
5 8 16
12 15 3
10 14 6
22 2 17
7 10 14
9 11 2
2 4 10
12 15 16
2 4 11
3 4 1
7 8 3
17 19 12
13 16 8
15 19 3
23 0 16
13 17 19
5 9 6
23 2 1
5 7 14
6 9 11
20 0 17
10 13 14
0 3 13
22 1 3
1 3 11
17 20 13
6 10 1
6 10 8
16 18 16
0 5 12
18 22 17
10 12 5
21 0 2
8 13 19
23 2 15
15 18 14
18 21 3
9 12 3
8 12 10
13 16 17
14 18 8
5 9 12
12 15 7
10 14 3
19 20 13
8 11 8
3 6 1
5 8 16
14 18 9
22 0 16
22 23 2
4 7 6
15 19 11
7 10 15
22 1 6
10 13 11
15 19 6
19 21 15
21 1 5
12 16 5
18 20 3
18 21 5
10 12 7
22 0 13
6 9 16
13 16 3
18 18 8
15 19 13
5 9 7
8 12 18
19 22 13
23 4 11
17 22 11
15 19 2
5 7 16
0 3 8
20 0 7
16 20 2
0 2 9
19 22 13
19 23 1
13 16 15
2 5 8
9 11 8
3 6 2
7 9 10
22 0 15
11 14 15
0 3 12
9 13 17
12 14 13
15 19 15
2 4 13
3 4 1
13 15 1
20 22 18
0 4 18
10 12 6
9 12 3
6 10 2
1 4 11
10 12 12
5 9 6
15 16 1
5 8 3
3 6 8
4 7 7
18 20 1
11 13 16
11 13 1
20 22 10
14 17 14
3 7 5
23 3 2
19 20 11
7 10 3
18 20 2
21 23 2
22 0 7
20 22 8
15 18 11
6 8 3
23 2 8
11 13 3
6 8 18
1 5 14
0 3 11
5 8 11
15 18 18
23 4 18
19 22 18
22 1 2
15 17 17
4 9 17
3 6 4
3 6 12
1 3 4
15 19 8
22 1 4
20 22 16
13 15 17
0 2 14
20 21 19
5 8 19
13 17 9
9 13 8
22 0 9
10 14 5
15 17 12
4 9 7
3 8 11
6 8 18
22 1 6
3 8 1
4 8 14
20 0 18
8 13 7
9 10 13
12 14 8
13 17 5
12 16 5
1 3 16
19 22 14
15 18 19
4 8 2
17 20 5
23 3 7
8 12 9
8 8 16
7 9 19
9 11 7
16 19 12
4 8 4
19 22 2
9 11 12
4 5 18
11 13 13
1 3 6
10 11 3
15 19 16
12 17 2
7 9 18
13 17 14
17 20 19
19 21 18
0 3 12
3 7 10
9 12 12
4 6 3
2 5 14
19 23 11
22 1 6
17 18 9
5 6 17
4 6 4
16 20 9
1 4 10
18 20 7
18 20 12
20 0 6
0 3 11
13 15 11
8 13 9
8 10 7
0 2 18
6 9 15
21 1 19
22 1 2
9 13 12
1 2 2
10 12 12
17 20 5
9 13 7
3 5 4
7 10 10
22 1 19
3 7 4
10 14 7
11 14 11
17 20 14
12 15 14
3 6 11
13 17 10
23 3 16
21 22 14
21 0 6
6 7 12
4 6 1
20 21 14
16 19 15
1 5 11
16 19 12
1 3 18
23 2 7
18 23 9
11 15 2
5 7 12
16 19 5
6 9 8
11 13 9
18 22 5
0 2 2
7 11 13
3 6 2
7 8 2
2 4 13
17 19 12
5 9 9
9 11 13
6 9 8
10 13 6
12 15 15
9 12 19
9 11 1
20 23 19
9 12 6
13 17 19
20 22 8
19 23 7
16 19 6
0 4 8
18 20 4
7 9 16
4 8 11
7 10 14
12 15 14
19 22 7
21 0 1
23 2 14
7 10 13
12 15 17
2 5 10
7 10 9
22 1 7
19 21 11
18 20 4
12 16 4
23 1 1
12 14 5
9 12 11
16 17 17
8 10 8
14 17 5
9 13 10
5 9 7
1 4 19
13 18 15
5 7 19
14 19 5
20 23 19
6 10 3
21 1 17
23 2 5
7 11 14
21 0 11
6 9 16
7 12 12
2 5 2
8 10 3
11 15 9
18 21 13
7 8 7
22 1 1
8 11 4
2 5 8
16 19 14
15 17 17
23 1 1
17 19 2
2 6 4
0 4 7
21 0 19
6 7 12
14 16 8
16 18 1
20 23 5
12 14 17
15 17 10
19 0 10
7 10 14
14 18 1
19 23 18
14 15 10
22 2 8
6 9 9
2 5 16
6 11 10
5 8 1
3 4 11
23 3 5
2 5 4
11 15 19
23 2 5
16 16 18
19 22 3
21 0 9
4 8 15
2 6 2
9 12 7
6 9 2
0 2 11
7 11 15
21 0 12
3 6 17
17 20 18
19 22 17
12 15 4
10 12 19
9 13 2
22 1 15
5 8 14
17 17 14
12 16 8
23 3 1
12 15 17
1 2 13
4 7 11
20 23 9
14 19 2
9 13 1
20 23 12
6 9 12
8 10 12
15 18 17
15 18 1
13 17 9
12 15 14
7 10 9
22 1 3
20 0 11
23 2 7
0 2 18
17 19 4
23 4 3
1 4 7
4 6 5
15 19 13
19 21 11
21 1 13
13 17 15
20 23 4
7 10 5
14 17 6
16 18 1
13 16 2
4 8 3
9 12 10
17 19 11
11 15 13
17 21 5
12 16 4
6 8 13
5 8 12
4 7 19
16 18 14
1 3 10
23 2 15
22 1 12
11 15 18
23 1 14
17 21 13
5 6 18
7 9 18
11 14 6
18 21 9
18 21 2
18 22 14
2 4 17
20 23 6
23 3 8
6 8 17
17 20 18
6 9 13
6 8 10
9 12 13
12 15 1
2 5 7
21 0 1
9 12 4
22 2 2
1 4 16
13 16 13
5 7 9
11 15 18
22 3 11
23 3 9
3 4 8
21 1 17
9 11 7
1 6 10
22 0 18
16 20 4
8 9 4
14 16 16
0 5 9
17 21 5
11 14 4
19 21 9
8 11 7
17 20 17
7 9 19
11 14 19
19 23 13
4 8 9
11 14 17
8 12 8
13 15 16
13 16 5
