1500 15
2 10 8 6 1 3 3 1 8 3 10 10 6 9 2 
18 20 15
18 19 13
3 5 14
7 9 14
18 21 1
11 13 7
18 22 2
17 20 5
22 0 11
7 9 14
22 23 13
15 16 7
17 20 3
12 15 2
13 14 11
8 9 12
6 11 5
6 11 15
4 7 2
8 11 10
5 9 2
14 17 11
2 4 15
15 19 2
6 9 4
17 20 11
18 21 4
2 7 6
3 4 2
23 1 4
8 12 5
10 13 8
9 13 13
17 21 6
11 14 5
17 20 8
13 15 8
5 8 10
9 13 10
19 21 9
23 1 5
9 12 3
7 11 15
5 7 1
2 5 3
10 12 12
21 1 5
22 3 9
6 8 11
13 16 8
7 10 8
8 9 13
10 13 6
14 17 5
10 14 14
1 3 13
16 19 13
0 4 5
12 14 8
5 9 13
2 6 11
23 3 15
4 7 8
19 22 1
21 23 3
13 16 11
8 11 12
13 16 8
7 11 7
17 20 3
23 3 14
14 15 11
11 15 5
5 7 9
17 21 7
2 2 12
20 23 14
13 16 15
1 4 1
10 13 9
3 6 13
17 20 5
21 0 4
5 8 4
20 23 5
21 1 13
6 9 9
16 19 9
22 0 11
14 17 11
9 12 8
18 21 14
16 19 5
19 23 5
17 21 13
15 19 4
18 21 4
15 17 3
10 12 14
3 6 9
10 14 6
3 7 12
10 13 9
10 12 10
2 4 14
5 7 8
3 5 15
7 10 12
7 9 8
12 16 2
11 15 14
17 19 13
13 16 4
9 11 10
1 4 13
13 19 12
3 7 10
17 20 4
13 16 4
14 17 7
9 12 1
4 6 7
10 12 2
3 5 2
7 12 13
7 8 13
3 5 1
8 10 7
7 10 10
0 5 7
1 4 1
11 14 14
15 17 15
5 6 6
0 4 1
14 18 12
14 16 5
2 4 5
8 11 1
0 5 9
8 12 6
18 20 12
11 14 4
22 2 9
9 12 3
19 22 6
20 0 2
10 12 10
22 0 7
12 13 8
18 20 12
3 7 14
14 16 1
21 22 6
13 15 7
13 17 14
10 13 11
7 11 15
10 12 9
16 17 4
21 0 9
19 21 11
16 19 14
8 11 12
22 4 3
16 20 1
1 5 12
10 12 10
16 17 13
9 11 5
5 9 9
2 4 11
1 4 11
0 4 7
10 13 9
4 7 1
19 21 7
14 17 4
20 23 9
21 0 2
20 22 2
15 18 9
14 14 7
14 17 11
9 13 6
19 21 7
4 7 15
10 13 5
18 23 6
1 4 15
8 10 9
21 0 14
14 17 9
0 2 11
4 6 15
4 9 5
11 12 14
5 9 7
13 16 12
22 0 1
22 2 6
4 6 5
14 18 8
7 9 2
4 7 6
23 3 4
20 0 11
18 22 14
5 9 5
21 0 4
12 16 2
14 18 14
9 11 11
8 10 14
0 3 11
16 20 14
16 19 12
2 5 13
12 14 3
21 1 3
12 16 1
20 22 15
1 4 8
11 14 12
18 21 3
10 13 5
10 14 1
7 10 9
11 14 7
11 14 5
1 4 10
11 12 14
10 15 12
21 0 4
0 3 7
21 1 8
16 19 5
23 1 4
18 20 6
22 1 13
5 8 14
21 23 5
14 16 4
1 4 11
18 21 7
16 18 1
5 8 12
2 4 2
11 13 12
12 14 14
14 18 9
16 20 7
6 8 1
18 20 6
1 2 7
20 0 15
22 1 14
14 17 13
12 16 13
19 21 7
13 16 8
3 4 11
8 10 9
23 0 11
4 7 13
2 6 2
21 0 4
22 1 9
17 20 15
12 14 11
3 5 15
8 9 2
17 19 12
6 7 4
2 5 13
12 15 8
1 5 14
21 0 7
14 17 14
0 1 7
4 7 5
12 15 8
19 21 5
0 3 2
16 22 5
5 10 3
2 6 9
14 16 15
12 15 9
13 17 9
0 4 1
9 13 12
21 0 13
1 2 2
13 15 5
6 8 15
16 20 5
12 14 7
19 22 15
5 9 13
17 21 11
9 11 6
10 14 12
9 12 1
6 9 1
2 4 5
22 23 9
8 11 12
17 19 3
9 13 13
10 13 4
6 8 2
4 8 1
16 17 6
11 14 7
6 9 2
13 17 2
15 18 1
5 9 3
15 17 8
3 4 4
3 6 3
0 3 4
15 16 4
6 10 8
21 0 15
10 13 14
22 0 14
1 5 7
12 16 10
17 20 7
14 16 11
9 13 5
7 11 9
2 5 15
18 22 2
10 15 10
0 3 15
23 2 4
15 17 10
22 0 11
19 23 9
12 14 11
18 21 2
22 2 12
21 0 14
23 2 6
10 15 2
3 7 6
12 15 13
16 18 13
4 8 11
6 10 8
11 13 4
18 21 7
14 17 11
2 5 15
15 16 13
16 19 15
15 19 6
9 10 11
1 3 3
12 15 2
7 9 1
8 13 14
11 14 1
14 17 13
15 19 6
23 1 12
15 17 6
20 22 2
20 0 5
9 14 9
15 17 14
16 20 11
20 22 14
14 17 5
7 11 13
21 23 1
1 3 11
17 22 7
13 15 4
22 1 3
14 16 1
16 19 14
7 10 11
18 19 4
5 7 8
19 23 10
14 16 1
10 11 2
4 7 10
8 10 5
11 14 2
1 2 3
19 21 5
21 0 14
2 6 2
19 23 13
18 20 3
12 14 14
11 14 15
3 4 6
22 1 14
16 18 5
0 3 8
13 16 4
0 3 1
4 7 12
14 17 14
16 17 15
12 14 1
10 13 4
14 17 8
15 19 5
17 22 6
5 8 4
3 6 15
19 23 11
9 11 3
12 15 7
6 7 9
19 23 8
2 5 15
11 15 8
4 6 14
23 2 4
15 17 9
3 7 14
10 14 5
21 0 2
3 6 9
14 16 7
15 19 4
13 15 5
17 20 6
2 4 4
14 18 13
13 15 1
19 20 10
18 21 4
18 21 14
3 6 14
21 0 10
10 14 13
13 18 9
9 12 14
5 9 6
3 6 7
15 19 5
19 23 11
21 0 3
3 6 3
1 4 8
2 5 4
16 21 9
11 13 3
13 17 8
22 2 14
18 22 5
16 18 6
7 9 4
19 21 5
7 10 11
9 13 12
23 1 6
5 9 1
19 21 2
11 15 7
5 8 1
5 7 9
7 9 2
20 23 5
20 22 15
0 4 7
12 16 12
11 14 3
6 7 15
11 14 10
22 3 3
19 22 5
2 6 4
10 14 5
3 7 12
23 4 4
22 2 15
15 18 10
5 8 2
12 14 13
21 0 13
4 8 6
8 11 9
20 22 8
17 18 6
3 6 10
3 6 3
23 3 15
1 4 2
15 17 14
2 5 6
15 19 6
5 9 6
19 23 1
19 22 7
4 4 1
3 5 12
5 8 12
16 19 7
21 0 10
17 20 10
2 4 14
14 17 7
0 3 4
22 0 7
23 4 13
0 1 13
11 14 8
18 23 2
4 6 6
4 6 9
1 5 5
10 13 4
22 1 10
5 8 9
20 0 3
8 12 10
22 2 1
19 23 11
18 19 8
4 5 4
13 16 3
23 2 1
16 19 11
18 21 11
16 19 13
20 1 14
9 13 8
4 7 7
21 23 2
9 12 6
12 13 5
22 1 15
0 2 2
13 17 13
11 14 1
3 6 7
19 23 6
23 2 15
2 5 6
11 13 13
14 19 12
2 4 2
11 13 13
7 10 14
1 3 1
11 13 3
11 15 8
3 7 13
3 7 9
0 3 12
15 17 10
19 21 1
13 14 12
11 14 12
0 4 3
14 17 7
9 11 9
9 13 7
22 3 6
14 16 2
10 12 1
6 9 14
22 1 9
6 9 11
13 16 14
7 11 1
23 2 4
2 5 6
15 18 2
22 1 14
8 10 3
13 16 14
21 0 15
3 6 12
14 18 11
10 13 12
13 16 7
1 4 5
2 6 8
2 5 4
13 16 9
5 8 7
10 16 15
19 23 14
0 4 4
19 23 11
23 0 14
4 8 10
15 19 4
16 19 9
22 23 5
11 15 2
1 3 5
13 16 11
12 14 8
7 9 3
15 17 4
8 11 6
13 16 5
14 18 10
10 15 2
1 3 3
14 17 9
1 4 5
4 6 5
13 14 5
14 15 13
22 1 15
11 13 2
17 19 15
18 20 13
12 16 11
2 6 6
15 18 1
14 17 10
19 21 3
3 5 14
16 19 5
6 10 1
22 2 7
9 12 6
11 15 5
15 19 6
5 6 12
23 2 4
14 17 6
10 13 7
13 17 13
5 8 2
9 13 9
9 12 10
21 23 10
23 1 10
16 18 8
5 9 2
22 1 8
19 20 3
15 17 1
0 4 8
8 10 3
22 1 8
17 20 1
18 20 14
14 16 14
9 13 9
20 23 11
13 16 1
23 2 14
22 1 12
21 1 15
7 10 1
8 10 10
21 23 7
14 17 11
7 11 2
13 17 9
14 17 7
17 18 9
1 5 5
0 3 7
10 13 15
23 1 2
4 7 12
18 20 1
18 21 3
20 23 1
23 1 15
4 9 6
12 15 10
6 9 4
12 15 9
11 13 3
17 19 6
6 8 9
23 2 10
14 18 9
9 11 1
18 20 13
8 11 15
6 10 7
6 8 2
6 6 12
4 6 15
23 2 8
1 3 5
16 19 7
22 23 15
19 22 10
20 23 12
22 1 12
0 2 14
8 11 12
7 9 11
1 5 13
23 2 14
3 7 3
3 7 5
12 16 14
5 8 3
12 15 1
18 21 9
20 23 3
21 1 14
14 15 10
10 13 3
6 9 12
8 12 6
6 9 14
10 13 9
11 14 7
13 16 2
19 20 3
6 9 13
10 14 6
8 11 11
16 19 11
10 13 14
6 10 2
4 6 5
17 21 8
5 9 2
6 9 2
4 8 3
15 17 10
5 7 10
1 3 12
11 12 4
7 10 12
11 13 2
5 9 6
9 14 3
6 9 7
20 0 4
4 7 9
18 20 6
15 17 1
7 10 6
2 5 12
11 16 8
17 18 6
20 22 13
9 13 15
6 8 2
5 9 7
20 23 9
7 9 3
0 1 8
4 6 1
10 14 2
2 6 10
13 16 11
4 8 10
7 10 4
3 7 15
0 3 6
9 15 2
0 1 8
12 16 1
18 22 14
1 2 13
11 12 2
21 0 9
0 3 5
15 19 10
5 5 11
4 7 14
4 8 9
6 8 13
18 22 5
15 20 8
14 16 14
9 12 13
17 20 7
7 9 4
18 19 2
3 8 14
10 13 15
2 5 11
0 2 6
21 0 6
14 18 4
21 0 11
19 21 10
22 3 3
3 6 10
6 6 1
15 18 9
4 6 14
19 23 3
4 8 11
4 8 2
17 19 15
12 14 7
1 2 14
5 8 12
4 7 13
21 2 12
18 21 6
2 4 11
19 22 2
9 12 7
9 11 4
12 16 9
16 20 4
21 23 13
0 1 1
12 16 5
11 14 13
17 21 5
19 22 15
9 11 9
3 6 15
7 8 13
16 18 3
18 22 3
12 13 13
11 16 1
8 10 9
1 4 14
4 7 13
14 16 15
21 0 6
12 16 10
19 21 15
13 15 3
13 13 11
15 20 4
19 0 9
11 14 11
14 16 8
9 12 15
19 21 13
1 3 12
15 18 8
9 9 5
0 3 2
12 15 3
22 2 1
19 22 5
22 1 15
7 9 2
2 3 1
9 12 11
4 6 8
6 10 8
15 17 14
0 2 4
0 3 14
0 4 12
19 22 12
22 1 15
19 21 12
16 19 12
6 9 10
22 2 6
8 11 7
22 0 2
9 12 8
15 19 1
10 12 5
12 14 11
22 1 4
12 17 2
2 8 10
11 16 14
10 12 4
20 1 7
4 7 15
5 8 9
3 5 14
11 13 1
4 6 12
22 1 15
21 23 2
15 17 8
8 9 6
13 16 1
15 18 5
15 19 11
9 11 15
15 18 2
14 17 10
19 23 15
13 16 8
5 9 4
23 1 5
15 19 10
4 8 13
14 18 11
1 6 6
21 23 2
2 3 13
4 7 5
5 8 2
14 17 11
11 16 2
19 21 10
9 13 5
18 21 12
16 17 6
8 11 10
7 9 8
12 16 14
15 18 10
18 21 14
12 15 14
3 7 5
18 20 1
20 23 3
23 2 6
8 9 5
7 9 6
8 12 9
9 11 4
23 1 7
21 0 7
20 23 9
13 16 12
8 11 13
17 19 12
0 3 2
1 5 3
15 17 7
19 20 13
4 7 6
6 9 5
15 20 8
12 14 4
11 13 14
21 23 15
22 0 7
18 21 8
17 20 14
7 9 6
20 23 12
21 1 9
22 23 12
2 5 3
17 21 11
3 5 9
13 15 14
15 18 13
19 21 12
19 21 14
15 17 10
20 22 8
2 6 3
16 20 7
4 8 11
5 7 12
20 22 1
23 3 5
6 9 10
13 15 12
11 12 8
0 3 7
13 16 11
15 16 9
5 8 6
11 15 9
7 8 1
11 13 11
19 22 12
18 0 6
8 9 4
3 7 9
20 23 11
16 18 7
19 22 3
14 18 15
12 15 1
9 13 14
19 22 15
3 7 8
1 4 13
11 14 14
0 4 8
8 12 1
16 19 5
4 8 1
1 3 6
2 4 14
23 1 3
23 1 3
4 7 4
6 9 7
22 1 12
12 14 9
12 17 8
1 4 13
17 21 14
7 10 5
17 20 15
6 9 4
7 10 14
10 15 11
10 13 11
4 7 1
23 4 7
14 17 12
7 10 2
1 2 10
21 1 2
19 21 4
10 13 2
1 2 14
2 4 9
1 4 13
13 15 13
15 15 4
22 0 14
10 12 8
22 1 7
8 11 12
10 13 12
18 22 5
21 23 1
15 17 4
4 7 1
0 3 5
11 15 13
17 18 8
15 19 12
20 0 5
21 23 2
20 23 12
16 19 14
2 6 13
13 14 13
21 23 6
20 23 3
18 20 8
0 3 13
15 18 11
17 20 2
19 23 6
21 22 8
12 17 1
17 21 14
13 17 11
8 12 6
19 22 3
22 2 13
13 18 9
11 11 11
22 2 5
10 14 4
9 13 3
23 2 13
21 23 13
14 18 9
22 1 4
17 20 5
15 17 1
18 22 14
2 4 3
10 11 2
22 1 9
16 18 13
21 0 4
23 2 9
0 5 8
12 14 5
10 12 10
9 13 15
0 4 9
11 14 11
19 22 14
4 7 12
15 18 3
7 10 4
3 6 14
3 6 9
15 19 10
14 17 11
5 8 6
23 2 9
6 8 3
16 20 2
20 23 8
5 8 4
4 8 12
18 22 5
13 14 1
21 23 10
9 11 2
8 9 1
1 6 12
22 1 12
23 1 4
21 22 6
13 17 4
12 14 8
1 4 13
19 21 14
0 4 15
7 9 6
12 17 4
15 20 3
5 9 15
18 21 7
3 6 6
17 21 11
18 0 4
20 23 5
18 21 12
7 10 13
6 9 13
1 4 4
2 5 8
23 1 9
2 4 10
19 23 7
22 23 14
6 10 8
12 14 14
18 20 6
9 11 8
19 0 5
21 0 10
13 16 15
10 13 8
17 19 3
22 2 6
17 20 3
4 7 14
18 20 6
0 1 12
13 15 1
20 23 7
12 15 2
21 0 12
5 7 11
15 19 8
8 12 3
23 1 1
12 16 9
23 2 10
5 7 8
3 5 12
11 16 5
19 23 13
0 2 4
7 10 11
23 3 12
16 19 7
3 5 1
6 9 3
4 7 2
19 23 1
10 13 14
8 10 3
8 10 2
13 16 15
7 10 13
16 18 6
5 9 5
2 3 12
4 7 15
11 14 1
12 15 7
10 14 9
19 21 1
9 12 10
12 15 15
5 8 10
9 11 9
9 13 7
1 6 9
1 4 1
13 16 3
3 5 3
18 22 7
10 13 13
5 7 14
14 18 11
11 13 10
12 16 10
6 9 7
6 10 8
21 1 4
14 17 10
4 5 3
10 12 2
8 11 7
13 16 2
23 2 15
8 12 12
1 4 2
4 6 1
22 0 13
10 15 9
4 6 9
1 3 11
7 8 14
8 12 4
5 10 14
9 12 5
6 9 10
15 18 8
1 5 4
17 20 8
11 13 5
4 7 11
21 0 14
22 2 5
3 6 9
13 15 9
11 14 9
21 0 14
22 2 9
16 19 2
1 3 15
10 13 11
14 16 1
19 21 12
14 17 15
7 8 12
1 4 7
1 4 1
7 10 7
19 22 12
0 4 1
0 3 15
22 3 13
0 2 5
5 8 13
10 12 3
7 11 12
1 5 10
17 20 10
12 15 12
10 14 7
9 12 9
1 4 7
12 15 14
21 23 11
12 15 15
0 3 5
12 16 10
9 13 14
10 14 10
9 12 7
5 8 3
3 6 15
20 22 6
15 18 10
23 2 11
23 1 2
0 2 15
1 3 7
9 8 8
4 8 3
21 2 9
3 5 6
12 15 3
21 22 15
22 3 7
9 12 13
5 7 7
4 5 12
1 3 12
20 21 13
6 10 2
23 2 8
0 1 15
18 21 13
3 7 1
10 14 14
3 7 8
17 20 8
18 22 6
8 12 2
15 19 3
23 2 4
11 12 15
11 13 6
6 9 3
1 4 2
1 5 8
0 2 8
20 23 10
23 3 1
11 13 15
21 23 10
13 15 7
20 1 3
10 13 1
17 18 6
10 13 9
23 3 15
15 18 6
9 13 11
0 3 3
15 17 5
10 12 12
21 3 1
12 14 11
23 3 13
11 15 2
16 19 2
5 9 12
2 5 5
23 1 3
13 15 11
16 19 3
14 17 5
21 22 4
13 18 12
12 15 9
19 23 4
3 6 5
9 12 3
4 9 2
11 15 5
10 12 14
14 16 2
6 10 13
14 16 9
10 11 1
16 17 5
12 14 12
10 12 1
17 18 9
7 12 10
10 13 5
11 15 2
1 5 4
4 8 14
7 10 2
5 10 13
2 4 11
1 4 5
22 0 4
6 8 7
22 0 10
1 4 15
23 3 12
7 10 14
11 15 10
7 10 2
13 16 2
13 16 9
10 13 5
8 11 4
0 2 5
21 1 6
15 17 12
9 13 2
11 14 6
3 6 7
14 18 10
18 22 1
0 3 9
14 17 11
12 15 5
16 19 13
20 22 2
5 9 6
1 4 10
15 18 14
7 8 5
5 8 13
19 23 5
14 19 13
6 9 12
2 4 6
12 16 3
1 2 10
21 23 3
8 10 2
12 14 14
19 22 5
12 16 7
8 11 14
11 14 15
7 10 5
23 3 10
6 9 12
0 3 13
13 17 8
21 1 10
9 13 12
12 17 3
15 17 12
23 3 3
19 22 5
19 21 1
6 9 2
22 0 9
11 14 2
2 5 3
10 12 10
18 21 2
9 13 4
0 4 6
6 9 1
5 7 8
5 8 8
21 0 10
7 9 1
23 3 6
17 22 3
16 19 13
9 12 1
18 23 9
19 22 3
22 2 13
21 0 3
10 13 4
18 20 12
16 19 12
4 8 8
15 19 9
20 23 7
14 17 13
0 2 14
21 22 4
16 16 15
12 15 3
9 13 6
0 3 3
1 3 8
23 1 2
5 6 13
3 6 12
11 14 13
18 20 9
16 19 15
1 2 10
4 8 5
19 22 10
20 23 9
21 23 13
1 3 13
22 0 13
5 8 3
0 2 8
7 9 10
6 8 1
8 12 1
12 15 11
1 4 5
16 20 6
3 5 10
13 18 6
6 8 13
20 23 15
22 1 15
9 14 10
5 7 1
19 22 10
15 17 3
23 4 2
23 2 11
4 7 2
20 22 14
20 0 8
14 19 3
15 18 11
4 8 4
12 15 1
10 12 14
17 19 7
0 2 7
9 11 13
9 12 7
6 9 12
15 19 6
16 20 1
20 1 13
21 0 2
23 4 8
22 0 7
14 18 6
16 19 15
3 6 3
15 17 15
13 16 8
11 12 15
22 0 14
12 17 5
0 4 14
7 11 15
4 6 15
7 12 6
21 23 7
13 14 2
9 12 11
8 12 3
