200 19
4 9 2 2 6 2 5 9 8 9 4 9 5 4 4 6 3 3 6 
14 18 9
23 4 19
12 15 8
16 17 4
14 17 5
7 10 1
10 12 8
22 1 7
17 20 14
8 12 3
15 18 4
12 13 17
17 19 16
7 11 4
2 4 4
6 9 19
2 6 15
8 10 4
5 8 18
3 5 1
22 1 10
15 17 2
1 3 9
18 21 11
14 15 1
5 7 12
23 1 6
0 3 19
14 18 6
22 2 2
5 5 7
7 9 10
13 18 4
20 23 14
6 8 15
9 9 9
17 21 9
4 8 5
20 22 17
20 23 2
7 10 5
8 10 18
8 9 13
16 20 2
17 21 11
1 5 4
15 17 7
16 20 2
4 6 9
3 6 9
2 6 12
5 7 1
15 18 11
8 12 16
20 0 1
7 9 9
0 2 16
20 0 12
21 0 15
22 1 3
13 17 6
4 7 3
18 21 14
21 23 1
17 18 5
4 7 6
17 19 16
4 7 9
17 21 18
4 7 1
11 15 2
23 4 13
17 19 17
11 14 18
1 5 7
12 15 4
16 19 19
15 18 10
9 11 18
0 4 13
18 22 15
8 10 14
6 6 19
22 23 11
3 5 1
10 12 9
17 20 14
22 2 18
22 2 12
9 10 8
16 19 6
16 18 4
9 10 17
2 4 2
10 15 2
11 14 12
2 3 18
5 9 7
10 15 2
6 8 9
0 3 18
14 18 13
16 18 7
13 16 19
13 15 17
18 21 7
0 4 1
15 18 18
10 12 16
15 19 10
21 23 15
14 16 3
21 22 2
4 6 12
1 4 16
9 12 15
8 10 10
12 15 17
8 12 7
8 11 15
7 11 5
17 19 15
12 13 14
20 0 17
1 3 9
23 4 8
0 3 19
4 9 13
16 19 7
8 11 7
5 10 14
2 6 1
2 4 4
16 18 18
13 16 11
11 14 13
2 6 12
9 14 2
1 3 19
19 23 1
19 22 4
1 6 3
21 23 15
10 14 6
10 15 19
20 0 5
9 12 10
15 18 10
7 11 17
20 23 9
7 9 15
19 21 5
16 19 19
19 22 19
21 23 9
4 9 10
2 5 16
10 11 7
22 2 13
10 12 3
20 22 18
14 15 14
4 5 9
23 1 2
14 17 1
3 7 16
15 18 18
21 0 7
18 21 16
0 3 12
19 22 19
8 10 19
18 22 17
17 20 14
0 4 17
12 14 10
21 0 2
7 9 12
7 10 5
3 7 5
2 4 17
13 18 18
7 10 19
8 10 17
16 18 3
15 18 15
5 9 13
18 21 17
23 3 4
7 9 12
8 10 17
18 21 3
7 12 2
15 18 1
9 12 8
14 16 1
10 12 17
22 0 3
0 2 1
1 6 16
