1150 11
7 2 7 7 5 7 6 7 9 2 10 
22 0 5
21 1 2
7 10 6
8 10 5
13 16 3
5 8 4
1 5 8
4 7 8
21 1 4
9 15 11
20 23 9
13 17 8
9 12 8
7 10 3
19 23 4
17 19 7
23 2 1
18 22 11
2 6 1
1 5 4
11 11 6
3 8 10
1 4 8
23 3 7
16 18 11
14 18 3
15 17 1
19 22 6
4 6 3
18 21 10
7 11 6
20 23 11
8 10 3
20 21 6
14 17 4
3 7 8
5 7 8
8 10 2
21 0 4
7 10 2
19 22 6
1 3 6
9 11 5
12 16 8
17 19 5
14 19 10
7 11 5
18 21 9
12 16 3
5 7 6
15 19 4
4 8 8
11 14 8
14 17 6
16 20 3
1 4 2
21 0 6
3 6 3
18 19 1
6 11 10
2 5 4
15 16 9
14 17 9
22 3 5
15 18 7
10 14 9
3 6 2
1 4 3
16 18 3
16 19 6
8 11 5
3 7 10
17 19 11
21 23 4
14 16 7
12 15 5
7 10 2
5 9 8
4 7 6
8 13 5
0 2 4
2 6 4
16 18 10
1 5 9
9 10 9
2 4 4
17 20 2
2 7 7
9 12 10
9 12 1
18 20 4
7 9 8
14 16 3
17 21 4
0 2 2
10 13 6
19 22 11
3 6 7
18 22 11
16 18 11
19 23 8
14 15 10
15 19 8
6 7 1
13 15 1
6 10 4
14 16 8
1 2 11
23 1 6
2 5 7
1 4 11
19 22 9
5 8 10
6 9 5
0 5 4
5 9 9
5 7 6
19 21 4
17 22 9
5 8 6
1 5 10
22 1 7
21 1 11
4 9 5
19 22 8
6 9 8
14 16 3
17 22 6
5 7 5
11 14 5
17 20 3
6 8 4
16 19 7
2 6 10
8 12 4
1 5 3
14 17 8
17 19 10
10 14 9
3 6 3
11 13 2
6 7 5
14 18 6
5 8 9
21 0 2
18 22 4
16 20 3
21 1 9
20 23 9
8 12 10
1 3 9
6 8 6
18 21 7
22 1 5
20 23 6
3 6 8
18 21 4
19 22 10
16 18 2
15 17 3
16 20 6
22 0 3
1 5 10
5 9 2
15 17 8
11 14 5
6 9 6
22 0 6
16 20 7
22 1 11
20 0 2
11 13 8
22 1 7
6 8 3
6 10 10
0 3 5
6 10 10
0 4 7
20 0 5
21 23 6
22 1 4
14 17 8
1 4 1
10 12 2
10 13 4
21 0 5
1 5 11
17 20 3
12 17 8
4 9 2
2 4 9
0 4 6
3 7 1
19 22 8
0 4 2
23 3 6
6 9 8
15 16 7
2 4 5
19 23 5
0 2 3
15 18 4
0 2 11
1 3 5
2 5 6
11 14 9
9 13 11
16 21 2
3 6 3
3 4 4
0 2 6
18 20 1
17 21 1
17 20 4
6 10 6
8 11 6
20 23 8
2 2 1
10 12 9
17 21 5
18 20 5
21 0 6
20 23 1
2 5 5
0 2 5
2 5 9
1 4 2
13 16 6
7 11 7
2 5 2
23 1 9
10 12 1
1 3 11
15 16 1
18 0 4
4 7 8
4 8 9
14 16 4
9 11 8
2 5 9
19 21 2
20 0 5
16 19 4
2 3 9
9 11 10
7 9 6
5 8 10
14 18 8
14 16 4
17 20 11
15 17 3
11 14 9
10 13 11
4 6 9
5 8 4
7 10 9
14 16 10
21 23 8
14 18 1
14 18 2
23 2 1
9 12 6
9 13 2
11 14 5
14 18 8
13 17 7
14 18 11
9 11 3
19 0 1
3 5 7
9 12 9
2 6 1
8 11 1
7 11 1
6 7 7
9 13 10
10 13 4
19 21 5
20 0 2
18 21 11
14 18 1
11 14 5
2 6 1
7 11 10
12 14 8
8 10 11
13 16 11
13 15 3
20 22 9
2 5 10
11 16 5
14 17 7
13 16 9
10 13 11
15 16 10
2 6 11
19 21 4
23 2 11
19 22 1
22 1 1
12 16 9
9 11 1
4 7 8
9 10 8
12 15 6
17 18 4
11 14 9
14 17 1
14 18 6
7 10 9
15 20 10
10 14 7
12 15 5
21 0 1
14 16 4
14 16 3
20 22 3
8 11 9
0 2 1
5 7 6
10 11 9
4 7 5
8 10 2
2 4 8
1 4 10
18 21 3
7 10 10
21 23 11
14 18 8
2 5 4
6 10 3
18 22 8
21 0 5
2 6 2
19 22 7
11 14 10
18 19 3
14 18 6
11 14 11
10 14 1
21 0 1
0 3 8
3 5 5
2 6 5
1 2 3
17 19 2
18 19 11
6 10 7
5 8 1
12 14 2
0 2 6
22 1 11
14 16 9
15 17 10
1 2 10
4 7 3
6 9 9
15 17 10
7 11 3
20 23 8
9 11 9
20 22 6
19 0 5
19 0 5
17 20 8
0 2 5
16 20 1
1 2 8
19 22 3
2 5 6
13 14 10
6 10 3
0 2 4
0 3 9
1 5 7
13 18 6
10 12 7
2 5 3
5 9 3
18 22 7
21 1 11
20 23 11
1 5 10
10 12 7
9 12 1
10 12 3
11 15 5
17 21 8
4 5 8
13 16 4
16 19 10
17 21 10
3 6 4
20 22 2
6 9 4
10 14 1
7 7 9
23 2 6
8 10 4
9 12 3
0 3 5
9 13 9
6 9 7
17 21 7
16 20 4
14 15 5
6 8 11
11 15 2
21 23 7
4 7 6
16 18 7
1 4 6
2 5 1
21 23 4
7 10 10
13 15 2
8 9 8
16 19 4
10 13 3
20 22 7
23 2 9
7 11 10
16 19 11
23 3 10
17 21 4
0 3 10
9 12 5
6 9 7
8 10 10
22 1 6
11 15 4
19 22 5
7 10 1
21 2 7
16 19 4
22 1 1
5 7 11
16 17 3
9 13 1
14 15 10
23 2 7
5 9 4
14 18 4
15 20 9
12 16 10
20 22 7
23 2 1
3 6 5
6 9 4
2 5 1
21 0 7
8 12 4
4 6 2
18 22 9
10 13 10
7 9 8
3 6 10
16 20 2
13 15 6
18 21 11
18 22 5
20 21 4
15 18 9
15 19 6
18 22 7
8 10 6
2 4 2
5 7 8
2 5 6
13 17 11
20 0 3
4 6 6
9 14 11
21 0 4
10 14 8
4 10 7
9 13 2
19 22 2
8 11 8
19 22 8
3 5 10
13 16 1
17 18 2
22 2 10
11 15 4
10 11 8
19 21 3
17 20 4
19 22 4
22 0 4
20 22 7
17 19 5
20 23 10
8 12 3
2 6 6
20 0 9
10 15 3
16 17 1
10 13 8
18 23 8
13 16 6
6 10 3
1 5 9
7 9 3
23 2 11
16 19 3
1 5 11
23 0 7
7 11 9
14 17 9
10 13 10
0 4 1
19 21 8
5 7 6
0 4 9
4 7 8
4 7 6
11 13 10
15 20 9
18 20 4
12 17 6
13 16 1
16 20 2
21 23 4
6 8 3
9 13 11
10 14 6
8 14 3
6 10 2
12 15 6
17 20 8
2 6 1
22 0 5
13 16 6
7 11 10
23 2 4
11 15 3
18 20 1
1 6 10
2 5 8
15 19 10
5 7 2
21 0 8
22 0 9
17 21 9
17 19 8
17 19 3
14 16 3
10 13 7
17 19 1
12 16 8
20 22 10
0 5 6
8 13 9
0 2 6
17 22 6
6 8 7
14 16 2
19 22 10
10 13 11
7 11 4
11 14 11
3 6 7
9 11 7
11 14 4
11 15 10
22 1 6
14 18 11
19 23 2
8 11 3
18 20 6
3 7 10
21 2 2
18 22 1
5 10 2
11 14 9
20 22 3
2 4 5
4 8 9
18 20 2
19 20 6
7 10 1
20 22 2
19 21 2
22 1 2
22 0 2
18 21 10
5 9 1
2 3 4
10 13 10
8 10 1
9 12 4
2 5 4
16 20 11
16 20 5
8 11 7
11 16 5
12 15 8
3 6 6
19 21 2
22 0 11
2 3 3
5 9 3
20 22 1
21 23 1
11 14 6
23 2 2
20 22 4
15 19 10
17 18 2
10 13 10
0 3 11
20 0 4
22 3 10
2 5 10
20 0 4
12 15 1
10 13 3
18 22 10
8 10 1
5 9 1
14 15 3
22 1 1
13 16 2
23 0 6
4 8 9
8 10 4
8 12 11
16 19 10
7 11 4
14 18 8
17 20 5
1 3 8
10 14 10
23 2 6
18 23 2
2 7 8
20 21 1
13 16 8
11 15 9
20 23 2
13 16 3
22 0 9
19 22 1
17 21 5
3 7 3
7 10 9
18 19 1
17 21 6
16 18 4
22 1 3
13 15 5
12 14 8
8 9 2
16 18 3
0 3 3
6 10 4
13 17 10
21 23 4
17 20 5
11 14 4
14 17 9
11 13 3
23 3 4
9 11 5
9 12 2
17 20 6
22 1 9
13 16 11
5 8 4
20 22 1
12 14 3
9 12 6
8 10 9
22 0 3
10 13 5
19 21 7
12 14 2
5 7 4
1 5 10
1 3 2
17 20 10
22 1 9
2 5 11
13 16 1
20 23 2
6 9 11
5 9 7
17 20 8
7 9 7
14 16 4
1 4 5
7 10 3
9 12 5
2 3 7
13 14 5
20 21 8
2 6 9
12 15 8
4 6 7
17 22 7
16 19 3
8 13 7
8 9 2
23 1 2
2 5 3
0 4 4
19 21 5
7 10 3
3 6 4
21 0 3
5 10 5
17 20 7
23 2 11
22 2 4
7 10 8
3 5 6
23 1 2
5 8 8
5 8 5
19 22 3
19 22 5
22 1 7
17 19 7
0 3 4
11 14 11
0 2 4
13 15 2
11 12 7
22 3 8
17 20 6
17 21 6
1 2 1
7 11 2
21 0 1
2 5 4
19 22 10
23 3 2
18 22 5
1 5 2
5 7 10
18 21 8
3 6 8
6 8 5
18 22 5
1 2 5
4 8 6
12 16 9
18 19 3
19 22 6
17 20 6
20 22 1
3 7 8
19 22 6
17 20 5
0 2 10
16 20 11
11 13 4
11 15 1
11 14 1
8 12 4
13 15 4
23 2 2
10 14 1
15 18 11
16 18 9
16 18 9
18 22 10
20 23 7
15 17 5
9 13 6
8 9 8
18 20 4
11 16 3
19 23 2
22 1 1
22 1 3
10 14 5
1 3 2
7 9 9
5 9 5
5 6 8
9 10 7
12 15 1
9 13 5
23 3 5
14 17 5
8 12 6
14 16 10
8 10 9
3 6 8
12 16 7
14 18 11
6 11 8
13 16 10
8 11 7
0 2 1
10 13 4
13 15 1
22 0 7
19 22 9
12 16 10
10 12 11
1 6 11
1 4 2
14 19 3
23 1 6
18 22 8
22 23 2
14 15 7
17 20 2
4 6 4
16 20 4
5 11 10
7 11 7
19 21 7
6 8 11
16 19 6
12 14 2
16 20 3
17 22 7
1 3 5
5 7 4
17 20 8
20 23 1
3 7 1
12 14 11
13 14 2
4 8 5
19 22 11
18 20 3
11 13 5
16 19 4
18 21 11
13 16 10
20 23 6
3 7 11
10 14 8
3 6 9
4 5 7
9 11 3
17 21 1
22 1 3
3 6 11
21 1 4
18 23 3
0 4 1
6 10 9
4 6 6
20 22 10
2 6 4
9 11 2
17 20 4
16 18 11
10 12 10
6 8 8
5 10 1
2 5 3
0 3 5
21 0 2
13 17 3
17 20 4
14 17 10
23 3 1
8 10 3
0 1 10
9 13 11
10 14 10
15 18 1
20 22 3
0 3 9
8 12 4
9 12 1
23 3 3
0 3 8
17 22 10
22 2 4
9 12 7
21 0 11
16 18 10
16 18 1
13 16 2
15 19 6
0 3 11
5 8 3
13 14 9
3 7 7
20 0 2
22 2 3
23 2 2
4 7 7
6 9 11
10 15 1
1 4 1
22 1 5
6 9 4
8 10 10
16 18 10
15 18 5
21 23 4
19 23 6
13 16 1
23 1 9
9 14 7
1 4 2
5 8 4
4 7 6
22 0 10
16 17 1
14 18 10
12 15 1
19 21 7
6 11 6
17 20 9
20 21 11
8 11 11
17 21 4
5 8 3
5 9 4
23 3 3
7 10 11
12 15 7
14 17 11
13 17 2
4 8 7
10 14 1
1 5 4
21 1 9
1 5 3
21 23 2
7 10 5
14 18 10
12 14 8
15 18 4
14 17 11
17 20 2
5 7 2
13 17 2
6 9 5
6 9 5
7 10 2
19 22 1
19 22 10
10 13 1
10 12 10
12 13 7
15 18 1
8 10 3
19 23 10
4 6 10
22 1 8
14 18 2
6 10 6
11 12 10
0 5 7
5 9 4
5 7 10
8 10 7
16 19 6
0 3 10
0 3 3
3 7 3
16 19 11
19 23 11
3 5 9
4 9 11
3 6 8
10 14 6
0 3 1
1 5 11
10 11 9
11 14 5
3 5 2
9 11 2
4 8 8
8 9 8
0 5 3
10 13 1
12 17 11
23 3 2
4 8 9
2 5 3
23 1 7
17 19 6
11 13 10
23 1 5
13 18 9
21 0 2
13 16 4
1 5 10
6 8 6
18 22 8
8 12 11
6 9 11
7 10 1
7 11 5
10 13 9
21 23 4
21 0 6
19 22 3
22 2 8
13 16 6
0 2 5
13 16 2
17 20 1
14 17 1
15 18 10
10 13 5
13 17 8
5 9 8
10 15 11
0 2 2
8 11 8
17 19 4
7 10 11
1 3 5
3 7 6
19 21 6
10 13 4
13 16 1
7 11 2
10 14 1
9 11 11
2 4 4
19 23 5
22 2 6
18 20 8
11 16 7
15 17 11
19 22 4
1 5 3
6 10 8
21 23 6
20 0 5
12 14 3
12 15 5
20 0 1
22 1 5
10 14 10
17 21 10
21 0 7
12 13 10
0 3 5
19 21 5
11 16 3
20 0 4
9 13 9
23 3 10
17 21 5
12 15 2
4 6 10
19 23 11
11 13 2
5 7 6
19 21 11
6 9 9
2 5 5
17 20 9
19 23 5
16 20 2
22 23 2
6 8 1
7 9 3
14 17 6
6 8 2
12 17 3
17 20 11
2 4 10
5 8 5
6 9 4
11 12 2
7 10 9
5 9 10
6 9 9
21 23 4
16 18 5
14 17 6
20 22 9
14 16 7
15 18 2
7 10 9
8 11 3
20 20 11
20 23 8
17 21 3
9 13 5
19 22 2
0 4 9
11 15 2
16 20 1
11 12 2
3 7 3
23 2 1
3 7 4
1 3 8
10 13 2
12 15 1
6 9 1
8 12 10
14 17 1
5 9 7
4 7 2
18 21 4
4 7 3
9 13 3
12 15 10
9 13 7
21 23 10
8 10 3
9 10 2
17 19 3
18 20 4
9 14 4
14 19 8
0 5 10
9 11 2
10 13 1
2 6 6
17 19 10
0 3 5
7 11 5
4 7 3
14 17 7
14 17 9
10 12 4
2 5 8
2 5 1
21 1 1
6 9 3
19 22 5
23 2 9
14 17 1
13 15 3
6 8 5
4 7 3
22 1 6
19 21 9
6 8 1
0 4 4
10 14 4
10 12 1
22 2 4
12 15 6
8 11 8
3 6 4
3 6 10
9 13 9
10 13 7
13 14 3
17 22 2
