1250 15
1 6 6 4 6 1 8 7 10 7 10 2 9 10 1 
21 23 4
4 7 15
21 0 2
15 18 5
9 13 15
8 10 5
17 20 3
23 23 6
6 7 8
10 14 6
20 22 1
10 14 8
11 14 8
8 11 3
9 12 4
9 10 7
6 11 14
11 14 3
13 16 11
17 19 9
9 12 6
7 10 15
19 23 5
7 9 15
5 7 7
20 0 11
2 5 10
11 14 1
19 22 3
12 17 13
20 22 10
8 12 4
7 9 4
12 15 7
12 13 13
17 20 10
23 1 7
13 15 9
12 18 1
12 17 11
4 6 4
12 15 2
6 8 3
22 0 14
2 5 15
9 11 5
9 11 4
12 16 12
0 4 4
17 19 15
5 8 14
8 11 14
20 23 8
10 14 12
2 3 2
4 7 11
0 3 2
14 18 13
13 16 4
22 1 5
6 11 8
18 21 11
4 8 8
19 21 3
5 11 8
20 21 6
14 17 2
2 5 2
15 17 7
18 21 8
23 1 3
13 17 5
11 13 7
7 10 8
20 22 12
1 4 13
22 1 10
13 16 10
9 12 3
17 19 13
15 18 2
7 9 9
4 7 8
23 2 7
4 8 8
1 3 3
19 22 12
23 1 15
10 11 8
2 5 7
4 7 11
15 18 7
13 16 12
9 12 12
13 16 4
9 11 2
22 0 6
21 1 10
23 2 10
18 21 15
2 6 9
18 22 10
23 3 8
6 9 13
10 13 3
3 5 2
23 3 8
15 20 15
19 21 3
5 8 1
12 15 1
15 19 10
10 12 12
21 1 8
13 16 14
16 17 5
23 1 9
17 22 3
14 16 3
14 15 13
4 5 11
19 22 15
3 6 9
14 18 12
7 11 12
1 4 14
14 16 10
3 5 13
0 3 6
14 16 15
15 19 11
8 12 15
13 15 3
22 1 11
16 20 10
19 20 8
22 0 11
4 8 2
6 9 7
9 10 11
23 3 8
4 9 10
7 10 13
12 14 3
23 2 2
15 18 15
18 20 7
23 3 8
12 15 15
21 0 8
8 10 7
17 19 5
9 11 2
3 6 13
1 4 14
0 4 12
17 20 12
14 18 11
16 19 3
17 19 5
2 4 5
23 2 4
11 13 2
9 12 14
8 11 1
1 6 10
0 1 10
15 16 2
15 17 1
19 23 15
20 0 13
6 11 4
4 6 1
14 17 9
6 10 15
13 17 10
19 1 13
2 4 10
14 17 6
8 11 7
14 17 6
8 8 11
10 11 1
14 19 13
17 18 5
5 9 15
22 2 2
4 6 7
17 21 7
9 13 5
8 12 1
0 3 12
21 22 13
16 18 13
17 19 13
3 5 5
13 15 2
6 9 6
4 7 4
22 0 9
23 2 8
10 13 2
2 5 3
8 12 4
11 16 7
16 18 3
4 8 10
5 9 11
11 14 11
15 16 2
12 15 11
18 21 9
11 13 9
20 22 10
15 19 4
12 14 12
11 14 9
12 16 14
6 9 13
12 15 4
2 5 10
4 6 5
15 18 9
21 2 15
20 22 4
8 12 9
23 2 9
2 7 8
16 20 13
23 1 6
22 2 9
13 16 13
1 3 7
9 11 14
18 20 4
22 0 2
15 18 12
10 13 14
11 14 11
10 13 5
13 17 6
12 15 8
17 22 10
16 19 7
4 7 15
12 15 6
18 23 4
14 16 13
1 3 9
10 14 15
9 11 12
2 5 14
1 5 11
21 23 10
6 8 10
13 16 15
4 7 13
19 21 7
15 18 8
14 17 1
10 13 9
20 0 2
1 6 6
21 1 8
8 11 10
22 2 11
13 16 5
8 9 6
6 9 12
16 18 12
8 10 15
23 3 6
21 0 10
11 15 8
1 3 2
1 3 4
19 22 3
4 6 1
23 3 2
9 11 14
19 0 12
4 9 13
15 19 12
13 17 10
11 14 14
20 23 5
7 11 14
10 13 10
0 2 12
0 3 4
8 10 12
15 19 9
21 23 2
11 14 11
18 22 12
8 11 9
23 2 13
6 10 5
3 6 10
5 8 11
6 10 12
1 4 12
6 8 8
18 21 13
6 8 8
12 15 6
23 3 5
22 1 11
4 7 13
6 10 10
18 19 2
7 11 4
9 12 7
1 4 1
5 8 11
5 9 5
8 12 15
2 6 15
11 16 12
13 15 11
6 9 13
10 12 11
17 20 12
7 8 4
3 5 4
23 2 8
0 3 1
3 7 6
4 6 15
22 1 15
22 2 7
23 3 3
6 9 8
4 8 7
0 3 8
19 23 4
13 15 15
13 17 9
9 9 5
2 6 12
12 14 15
13 15 3
4 7 15
18 20 3
23 0 7
16 18 10
5 7 7
16 19 10
10 14 5
7 10 13
16 21 6
7 10 13
1 3 11
22 1 14
22 0 14
16 19 8
11 14 10
16 19 1
5 8 11
22 2 10
1 5 1
1 5 5
14 18 10
5 8 8
16 20 1
21 0 15
13 16 2
5 9 11
20 23 14
11 12 11
4 7 5
7 10 6
15 17 11
16 21 8
11 14 10
8 10 12
13 17 14
2 4 14
0 2 4
16 20 10
23 1 12
19 22 2
11 14 15
7 10 5
13 15 1
21 1 13
15 18 15
17 21 14
9 13 6
7 10 8
6 10 1
19 0 13
0 3 12
1 3 12
1 3 12
20 23 6
7 12 10
7 10 2
9 11 6
0 3 12
7 11 14
12 15 10
8 10 3
8 12 1
18 21 12
1 5 4
20 21 7
4 8 14
17 18 9
10 13 7
1 6 13
14 17 1
0 5 1
23 2 1
15 19 10
4 6 1
11 14 10
5 7 7
6 9 8
22 1 1
14 17 3
19 22 9
5 9 2
12 16 12
0 4 15
23 1 9
13 15 14
8 10 15
17 20 15
19 21 8
15 18 12
10 13 13
10 15 1
15 17 13
22 1 15
9 13 12
4 7 5
6 8 1
19 23 2
18 21 15
17 21 15
4 7 10
15 19 1
22 3 3
13 16 11
10 12 15
23 0 10
8 11 4
10 13 1
6 10 12
3 7 8
1 3 11
4 5 8
7 11 10
12 15 7
0 2 13
7 9 12
14 17 7
4 7 7
17 20 5
13 16 12
17 19 3
3 6 3
0 3 9
13 17 15
23 2 10
19 23 1
10 12 3
6 10 10
4 7 7
23 0 3
22 3 4
8 12 2
13 16 11
12 15 13
20 22 1
0 3 4
1 3 13
11 15 9
18 20 5
5 7 7
4 6 3
11 13 13
16 19 6
10 14 15
14 19 5
23 1 13
8 11 9
1 4 10
8 12 14
20 23 8
0 4 5
23 3 9
10 14 6
11 15 6
10 11 12
16 19 14
9 13 3
0 4 15
22 2 5
13 15 1
17 19 7
19 23 9
8 9 7
21 23 15
14 17 13
4 7 7
3 6 1
17 21 6
0 2 4
11 14 3
2 5 12
1 5 9
2 5 4
7 11 12
21 0 12
20 22 7
7 11 5
22 0 1
14 17 10
14 17 11
15 18 14
21 1 14
20 0 10
22 1 14
16 19 14
5 10 12
19 23 11
17 21 5
1 5 3
10 12 15
23 1 8
18 23 12
10 11 4
1 4 5
4 7 8
18 20 9
21 23 14
2 3 5
16 19 3
10 13 3
13 17 13
4 6 5
10 12 9
8 9 12
16 17 13
17 20 2
17 21 4
12 16 9
22 1 4
1 2 8
2 4 8
11 13 15
3 6 3
12 14 11
14 17 1
21 23 8
2 5 5
0 1 14
12 15 3
14 18 10
11 13 13
17 21 12
20 0 15
15 19 12
22 2 9
6 8 14
2 5 12
15 17 8
1 4 5
18 20 14
12 15 13
15 19 5
18 21 15
2 4 13
7 9 3
19 21 11
8 11 7
22 1 14
20 22 9
3 3 13
23 1 15
16 20 13
16 17 11
11 14 13
2 4 2
8 11 13
14 18 7
4 6 11
1 5 6
7 10 2
9 14 4
8 11 4
21 23 15
19 22 9
2 6 15
10 14 7
12 14 1
23 3 12
4 7 15
3 5 1
23 3 4
12 14 6
3 6 4
16 20 2
16 20 3
16 19 8
21 22 10
23 2 10
15 19 13
15 18 8
22 2 2
23 3 6
22 1 11
19 21 1
11 13 5
16 20 10
6 9 9
10 11 10
23 2 12
16 19 4
5 8 2
4 8 5
3 7 14
7 11 9
10 15 8
0 4 4
15 16 6
9 13 9
5 6 6
2 7 11
14 17 4
22 2 14
9 11 15
1 5 5
12 15 11
6 8 5
13 17 7
13 16 9
6 9 10
15 21 6
0 3 13
23 2 14
2 5 2
15 17 11
18 21 8
2 5 5
12 15 10
1 4 7
6 9 13
2 3 5
10 13 9
11 13 11
15 18 12
0 3 1
21 2 11
1 3 7
19 23 12
18 21 10
14 17 7
17 20 8
10 13 4
4 7 14
0 4 4
19 21 3
23 1 15
6 9 2
10 12 13
22 1 12
3 5 1
15 18 9
23 4 13
16 19 14
0 3 15
5 8 3
16 20 10
17 19 2
20 23 7
9 11 2
21 0 12
13 14 1
8 11 12
3 5 6
4 7 7
8 9 11
23 2 13
2 5 10
1 4 10
7 9 5
17 20 13
8 13 7
0 3 12
17 21 13
3 7 14
23 1 15
17 20 11
11 14 1
10 13 7
5 10 8
10 13 12
19 22 4
2 4 12
19 22 10
11 12 4
21 2 7
15 17 6
13 16 15
3 8 15
11 13 4
16 18 7
21 3 11
7 10 6
21 23 11
5 9 8
0 4 2
9 11 3
11 14 2
11 15 1
1 3 15
3 7 8
14 17 6
20 22 2
13 17 1
8 10 15
17 19 10
12 15 14
23 3 7
4 6 2
18 20 4
8 12 12
14 17 15
13 16 12
5 8 7
23 3 11
0 3 6
17 20 6
9 12 7
16 20 3
16 19 8
9 12 2
15 15 2
17 20 7
14 17 1
4 7 3
10 13 1
9 11 15
15 19 11
16 17 6
4 7 3
14 16 15
15 18 6
10 14 12
2 4 8
6 8 5
0 4 8
19 20 4
17 20 3
8 12 3
7 9 4
7 11 12
10 13 9
10 11 1
11 13 5
13 16 6
14 16 4
13 15 5
16 18 13
20 0 3
2 4 3
6 8 1
3 5 3
9 13 8
19 21 14
9 11 15
9 13 15
6 10 1
6 10 13
13 17 6
7 11 12
18 22 7
22 0 14
20 1 14
20 23 4
10 13 8
5 9 1
0 2 4
22 2 2
20 23 3
9 11 5
4 6 10
14 17 13
17 21 1
17 20 6
17 19 5
17 21 4
12 15 4
10 13 2
7 10 13
13 18 14
4 8 2
3 6 5
20 1 4
7 11 14
4 6 15
10 12 5
21 1 2
4 7 4
3 6 3
8 11 10
15 18 4
12 14 10
9 11 5
20 22 9
14 18 1
7 10 13
13 17 2
14 17 10
11 13 13
15 16 2
19 23 3
1 4 14
7 10 2
14 16 12
15 19 9
10 13 3
13 15 8
13 17 2
22 1 14
21 23 13
5 9 5
14 17 15
7 11 7
15 19 4
1 3 4
20 23 6
7 10 11
7 8 11
3 6 6
20 1 12
23 2 1
20 23 4
18 21 14
5 8 2
17 20 3
7 10 11
13 16 13
14 17 14
5 7 3
21 0 7
1 4 3
17 20 4
12 16 11
8 12 3
0 5 5
12 15 10
15 17 12
5 8 3
5 8 15
12 14 15
19 22 9
14 18 12
1 4 3
9 12 14
10 15 1
23 2 14
17 21 15
13 16 5
8 11 2
19 21 4
20 22 14
20 22 1
12 15 2
12 15 11
5 8 9
13 15 14
23 2 7
19 23 12
4 7 13
10 12 7
13 18 6
7 10 13
4 6 14
20 21 14
16 18 8
20 23 7
17 22 6
8 10 11
6 10 10
11 13 13
13 18 1
16 19 10
0 4 8
14 18 14
12 14 13
6 9 14
13 16 2
11 15 6
11 14 3
12 15 13
19 22 14
1 4 5
19 22 15
10 11 9
0 2 3
5 9 3
6 9 11
0 2 7
4 6 14
19 0 6
14 15 1
5 8 4
7 10 11
23 1 1
16 18 2
20 0 10
7 9 9
6 11 10
23 1 7
15 19 5
5 8 5
13 13 10
2 5 5
22 1 4
16 18 14
5 9 10
14 17 15
23 1 7
18 22 12
11 15 9
1 4 4
19 23 6
23 0 14
5 8 4
18 21 5
4 7 9
7 9 7
4 8 1
22 0 11
3 6 2
11 16 10
10 11 2
10 13 10
20 22 14
6 9 10
10 14 13
7 10 15
1 4 4
17 21 15
20 22 15
0 2 11
22 1 5
20 22 8
12 17 10
6 9 6
18 22 1
23 1 1
6 9 5
23 3 9
10 13 8
8 12 1
1 4 15
17 19 1
3 8 3
22 3 13
8 12 6
16 20 6
6 8 12
10 13 13
22 2 5
19 22 2
20 22 2
20 20 10
13 13 7
23 1 1
10 13 5
18 20 8
7 10 10
15 19 4
9 12 15
4 7 14
23 2 14
9 11 4
7 8 8
8 11 8
23 3 13
15 17 15
21 22 5
13 16 9
13 15 14
20 0 10
14 18 8
19 23 6
17 20 11
11 15 2
9 11 11
7 10 14
12 15 2
23 3 14
5 7 1
9 12 5
20 23 2
10 12 1
10 15 15
22 3 7
6 8 14
19 22 10
11 13 9
16 19 8
23 3 1
15 17 7
1 4 7
22 0 3
21 0 10
0 3 3
10 12 3
19 20 12
14 16 7
4 8 13
19 0 3
22 0 15
9 13 12
7 10 14
6 10 15
10 14 9
7 10 10
20 1 11
2 6 14
12 16 13
20 22 9
21 0 4
7 8 14
11 12 11
1 4 9
14 18 1
1 5 11
10 12 15
21 1 8
15 18 3
18 22 7
22 2 9
5 9 2
12 15 6
10 13 14
14 16 15
21 0 7
22 1 9
1 5 5
7 9 8
20 23 11
1 5 10
17 21 5
4 7 4
8 13 13
11 13 2
9 14 8
11 14 9
2 5 3
10 13 15
21 0 8
13 16 10
17 21 11
21 1 13
8 11 6
22 1 8
13 16 15
1 4 5
16 19 12
23 0 11
20 23 2
7 10 1
19 22 9
15 18 5
18 22 15
6 8 12
9 12 2
6 10 11
23 3 9
8 11 11
6 9 1
15 17 15
16 20 7
0 5 2
13 17 9
0 3 9
6 9 7
22 2 14
17 20 12
5 8 5
0 2 10
8 11 5
11 12 1
18 21 3
0 2 5
17 19 3
6 8 15
2 4 1
21 23 4
10 14 13
16 19 1
1 2 7
0 1 14
11 14 14
10 13 8
18 21 7
14 17 11
1 3 12
17 21 12
5 7 10
15 18 10
18 22 9
23 4 1
5 7 10
19 23 3
6 7 8
14 16 11
15 17 14
11 15 12
20 23 9
10 13 3
4 7 8
3 5 8
11 13 11
14 15 15
14 16 8
9 12 7
2 4 12
13 16 15
20 0 14
10 13 11
13 16 8
5 8 10
22 1 7
11 12 11
20 0 10
12 16 15
13 17 2
2 4 10
17 21 1
22 2 5
4 6 11
3 8 13
0 3 8
7 11 1
10 14 9
21 23 10
14 18 12
0 4 3
5 6 15
18 20 12
9 12 5
1 5 14
11 14 7
16 21 2
5 9 12
18 21 14
23 1 15
10 14 9
4 7 2
22 1 2
11 14 10
13 16 15
19 23 12
2 5 15
3 6 14
2 4 9
4 5 4
0 2 10
4 7 1
19 23 14
14 17 5
5 8 5
17 22 11
23 1 15
23 4 1
3 4 14
10 14 2
14 17 1
14 16 12
13 16 15
10 13 5
22 2 4
13 17 1
8 11 2
12 14 4
5 9 7
7 12 1
16 18 10
6 8 13
14 17 6
0 2 1
4 6 11
0 2 5
2 5 12
7 9 9
9 10 2
14 17 11
1 5 8
5 9 14
3 6 13
15 19 4
18 21 2
4 7 6
4 9 8
15 15 12
11 14 15
7 10 2
6 8 6
2 5 4
5 9 5
22 0 10
6 8 2
6 9 7
21 3 12
16 21 6
9 11 8
7 9 3
22 2 5
3 5 4
22 3 3
4 9 7
4 6 2
0 3 13
16 20 5
13 16 15
1 4 5
14 17 6
16 18 2
5 7 13
4 8 15
11 14 10
9 13 11
1 5 12
21 1 11
16 21 12
2 7 3
4 7 6
19 21 14
8 12 15
3 5 13
11 15 8
2 6 15
11 12 11
10 15 5
12 17 8
0 3 15
10 12 7
7 11 5
23 0 13
17 19 12
8 12 9
