350 19
5 2 7 7 7 4 3 5 3 2 7 3 6 3 9 9 9 5 5 
11 14 3
2 6 11
8 11 2
4 8 14
2 3 5
5 8 3
16 20 7
9 11 17
17 21 7
7 8 17
10 12 15
3 6 11
2 5 2
12 14 6
8 9 19
18 22 2
19 21 8
4 7 19
1 4 7
13 16 5
13 16 16
20 22 17
7 9 18
15 18 6
16 18 6
19 20 19
10 11 17
17 21 15
1 5 2
16 20 3
16 18 8
13 16 15
19 22 10
10 13 15
10 13 2
21 22 18
4 7 13
22 1 13
15 18 12
9 11 9
19 21 3
19 23 12
13 17 1
5 8 17
16 17 13
0 3 19
4 8 6
15 17 6
7 11 4
10 13 11
16 18 6
3 6 8
0 3 19
21 0 10
5 9 7
9 12 9
4 7 6
17 19 10
17 20 5
4 7 18
18 20 8
22 1 4
18 21 15
17 20 2
22 1 19
2 5 19
10 15 4
8 11 19
16 19 16
10 14 6
8 11 8
22 1 6
0 4 2
17 19 2
2 4 6
21 1 7
18 21 16
18 21 14
17 20 7
5 10 6
18 22 9
0 2 11
2 5 5
4 7 3
2 6 19
23 4 6
23 1 2
14 18 10
15 18 13
9 11 3
1 4 18
2 3 13
0 5 3
20 22 16
5 9 14
5 8 11
16 20 9
16 18 8
11 15 14
21 1 15
23 3 4
23 1 8
13 15 8
8 11 9
22 23 19
23 3 18
1 4 11
12 14 10
4 6 1
2 4 19
11 15 19
0 1 6
17 20 4
18 23 11
17 20 9
10 13 13
0 0 5
19 0 9
4 8 9
19 22 12
19 21 9
0 2 13
23 1 6
7 12 11
6 8 17
11 13 8
6 8 14
1 3 12
8 10 16
10 11 18
9 10 1
18 20 8
6 8 19
11 13 5
6 11 6
5 9 6
8 11 15
11 15 3
13 16 13
15 17 4
14 17 15
15 18 5
1 7 19
10 13 3
7 11 13
22 2 6
9 13 8
10 13 8
2 6 5
9 12 2
13 17 1
17 20 1
22 2 2
0 2 12
18 22 16
12 16 12
16 17 4
18 21 18
4 8 12
13 16 17
2 4 18
7 10 6
18 21 3
16 20 14
3 5 19
9 12 8
11 13 14
9 11 8
8 12 17
19 21 5
8 11 4
13 17 1
19 23 3
14 17 4
17 19 7
12 12 6
5 7 15
7 9 10
1 4 10
2 6 1
5 9 9
4 7 15
6 9 12
22 1 18
20 1 19
11 17 2
5 9 17
5 8 18
23 3 12
13 15 4
14 17 2
22 1 5
17 19 11
21 0 14
23 2 18
18 20 9
15 19 14
20 23 11
2 5 7
16 20 8
14 16 5
10 14 15
0 4 13
8 11 9
21 21 18
19 20 12
8 14 10
1 6 11
15 19 14
21 23 4
15 18 19
9 13 3
12 14 2
23 3 16
3 7 7
4 8 1
9 15 10
20 22 6
5 8 7
14 17 11
3 7 9
1 3 1
5 8 2
2 7 10
0 3 13
11 13 6
3 5 1
23 3 1
9 13 5
15 18 6
20 0 12
11 15 10
15 18 3
4 8 15
23 3 1
8 9 7
11 15 1
2 7 12
4 6 4
4 8 7
16 20 10
16 18 5
10 14 11
9 11 8
17 21 10
16 19 4
11 13 7
1 5 8
16 19 10
0 4 10
15 18 4
6 10 6
21 1 14
7 9 5
19 22 14
2 5 14
13 15 3
13 17 18
18 21 14
22 0 1
9 12 2
21 0 15
0 4 3
15 18 4
6 10 15
15 17 5
1 5 4
18 21 19
15 19 5
3 6 18
3 6 14
20 0 3
10 12 7
21 0 14
17 21 17
8 11 19
5 5 3
1 4 15
12 13 2
16 18 10
15 19 5
8 11 10
1 4 10
8 11 11
7 11 5
13 16 4
5 7 15
14 16 16
22 1 2
15 19 2
1 4 3
9 11 1
8 11 12
7 9 17
19 23 13
5 8 2
0 2 16
6 9 14
9 11 5
5 8 8
18 20 4
9 12 13
12 17 6
10 13 1
3 7 8
4 5 9
13 17 16
10 14 13
17 21 14
21 0 11
2 5 17
18 21 15
17 21 12
4 5 11
23 1 14
14 17 9
4 8 12
19 21 9
21 0 5
15 19 13
4 5 8
11 13 11
2 5 7
18 21 1
23 1 7
0 2 2
4 7 7
10 11 18
16 19 15
10 13 9
20 22 12
16 19 17
17 19 9
0 2 13
0 3 7
4 7 7
11 13 9
2 7 14
8 12 10
8 11 1
2 4 13
16 18 3
0 4 7
0 2 10
20 23 5
7 10 4
16 21 18
6 8 7
8 11 9
8 10 19
