1050 14
8 3 3 1 5 7 8 3 3 1 8 9 4 3 
20 23 12
3 6 5
22 1 3
10 12 10
2 5 2
15 19 14
8 9 5
22 2 12
7 11 8
21 23 10
12 15 9
18 21 9
13 16 1
13 16 5
11 12 6
6 9 8
18 21 9
18 19 9
4 7 9
7 10 13
2 6 3
3 7 10
15 17 13
18 20 12
15 18 12
11 12 9
2 4 14
22 2 3
6 10 13
21 3 12
14 17 7
21 1 13
0 3 8
18 20 14
8 8 6
2 4 9
8 10 12
9 12 12
5 8 12
4 9 1
16 19 13
14 16 3
20 20 1
1 3 3
7 10 14
20 22 14
19 21 13
7 9 3
15 19 11
19 21 11
12 15 5
0 3 5
11 13 14
3 5 14
2 4 12
11 15 13
11 15 1
16 17 6
18 20 14
20 23 7
20 23 11
1 4 11
14 17 6
12 15 6
18 21 2
13 15 10
2 6 10
14 18 7
11 14 6
14 16 7
6 9 7
16 18 11
5 7 4
11 13 5
20 23 13
16 19 11
8 12 1
4 7 5
0 2 8
19 22 1
3 6 4
7 9 3
17 21 14
22 1 3
17 20 6
14 18 5
1 5 1
7 10 10
10 14 10
15 17 6
23 5 1
9 14 4
5 7 6
5 7 1
16 19 5
0 3 5
15 17 8
4 6 1
4 8 7
12 15 2
13 16 4
13 15 13
1 3 12
8 10 10
3 7 3
8 12 3
3 7 14
9 12 13
11 15 9
11 13 10
16 19 4
7 10 14
13 17 6
14 17 5
1 3 10
2 7 3
22 0 12
23 3 12
6 7 6
18 22 11
10 13 4
17 22 2
3 6 8
17 21 3
6 10 12
20 22 6
19 22 4
5 7 6
8 12 13
0 4 3
13 15 2
3 6 5
9 13 3
18 21 5
22 2 6
10 13 11
17 20 8
23 1 8
21 2 2
12 16 12
22 0 2
16 20 4
0 2 1
21 1 10
23 3 13
13 17 12
18 19 2
6 10 2
22 0 2
4 9 2
0 5 1
4 6 2
13 17 5
0 2 14
3 6 12
7 10 1
6 8 2
1 4 4
0 3 13
12 14 3
2 5 7
23 2 8
21 23 14
23 3 10
0 4 7
10 14 11
12 15 13
12 15 2
19 21 2
10 11 10
17 21 11
5 8 6
18 20 14
6 10 2
2 5 10
11 15 10
4 8 13
20 22 9
14 16 14
19 0 7
16 20 9
12 15 4
8 11 11
4 9 1
23 4 2
20 22 13
14 16 7
1 5 2
15 20 11
11 13 11
15 18 6
2 3 8
21 23 9
8 10 13
19 23 13
19 20 10
13 17 8
17 20 14
19 22 1
18 20 13
15 17 13
6 9 8
8 11 1
2 5 5
5 8 5
9 12 5
19 22 3
13 16 13
8 11 2
10 14 3
19 22 1
19 23 7
1 4 4
15 17 13
19 21 3
21 23 1
0 3 7
9 12 3
22 0 1
20 23 6
16 20 13
2 5 2
18 22 1
16 20 11
17 19 1
23 5 14
17 20 1
10 14 8
11 13 9
12 13 3
6 6 5
17 19 13
9 12 2
16 19 11
20 21 2
21 0 12
15 16 1
21 0 1
15 18 10
14 14 7
23 3 12
7 10 3
1 4 5
2 5 12
11 15 5
6 9 4
12 14 7
13 16 5
2 4 11
10 12 1
13 18 7
10 13 2
14 16 7
13 18 3
1 3 4
2 6 3
8 11 9
1 4 8
16 19 12
10 12 6
2 5 7
8 12 2
21 0 12
21 0 1
19 0 5
3 8 8
2 4 13
14 18 11
5 9 9
23 2 3
22 23 12
15 19 8
4 7 6
17 21 5
10 11 9
3 4 13
11 14 6
12 15 11
12 15 1
2 5 9
23 1 8
6 8 6
19 22 9
7 11 13
7 9 13
16 19 9
7 10 1
21 23 11
21 0 9
12 16 10
16 19 10
1 4 9
21 0 9
4 9 10
11 14 6
0 4 5
8 12 13
20 23 1
11 14 11
12 14 9
20 22 7
3 6 14
12 17 6
22 0 12
15 19 1
19 23 6
10 12 12
8 11 7
7 9 6
2 6 9
0 3 10
19 22 4
3 5 10
17 20 6
8 10 7
1 5 5
18 22 11
21 23 10
0 3 12
1 5 14
15 18 4
11 15 3
18 22 2
13 15 13
17 20 11
3 5 1
12 14 9
10 15 11
11 13 9
22 1 5
8 10 6
0 2 6
5 8 1
4 5 12
12 14 7
21 2 14
8 12 11
8 10 5
22 2 11
22 2 2
16 21 11
0 2 9
19 23 6
13 17 8
1 3 5
1 3 12
15 19 5
13 17 7
13 15 10
8 10 5
17 21 11
20 23 9
0 4 5
5 8 13
13 16 3
0 5 7
8 10 14
5 8 11
8 11 13
8 10 14
11 15 1
23 2 14
18 20 13
14 17 4
19 21 13
14 19 3
12 17 5
15 20 7
21 1 14
14 17 13
9 12 1
23 2 8
4 5 1
21 0 7
6 7 9
16 19 11
19 23 8
18 22 1
17 19 13
9 11 14
13 15 1
23 2 2
10 14 5
3 6 8
20 23 7
11 12 3
18 22 5
23 3 13
1 4 11
21 0 4
18 21 9
10 12 9
1 4 13
20 22 2
18 22 3
19 22 6
6 10 2
11 14 9
19 22 9
11 12 1
13 15 3
16 19 1
16 18 1
23 2 10
8 12 10
18 22 3
10 12 12
12 15 13
13 16 14
3 5 6
18 22 7
23 2 6
2 5 5
4 8 10
16 19 6
22 2 14
12 16 13
19 23 5
12 15 9
8 9 11
18 20 4
20 22 3
1 3 12
19 22 10
1 5 1
12 14 14
2 5 2
2 5 10
16 19 12
15 17 11
20 23 12
1 4 9
17 21 8
14 17 2
9 11 9
6 9 12
14 17 1
13 16 12
12 16 12
19 21 10
22 0 7
2 6 13
1 6 3
13 15 8
10 12 13
8 13 10
14 17 3
20 23 1
21 0 13
23 2 9
12 15 9
20 23 7
15 18 2
1 5 5
15 18 8
7 11 5
2 5 8
7 10 14
9 13 13
21 1 3
23 2 3
10 14 4
20 1 13
4 5 10
3 6 14
8 10 6
14 18 9
15 20 3
10 12 1
10 12 6
3 6 7
16 20 9
13 17 3
17 19 8
15 17 14
19 22 2
11 13 11
11 16 5
0 4 6
1 4 10
16 16 6
21 0 7
18 22 4
0 4 1
0 3 9
3 5 12
18 0 2
23 2 10
4 6 2
20 22 9
20 22 13
6 10 6
5 7 10
14 17 11
11 15 1
18 22 14
8 12 13
23 5 4
14 14 11
17 19 8
22 1 6
3 7 12
9 10 11
13 16 14
11 13 8
14 16 8
18 21 6
9 12 14
11 13 10
2 3 6
5 7 9
12 15 2
23 2 11
19 21 1
19 0 9
15 17 8
16 19 7
7 11 7
19 21 5
18 23 3
12 15 7
12 15 5
3 4 12
22 0 5
5 7 2
10 13 6
7 10 13
15 17 3
10 13 1
1 3 1
23 3 13
19 23 8
17 19 4
18 21 1
17 21 13
17 20 13
0 2 2
20 21 14
4 8 12
12 15 12
12 16 13
11 13 4
15 20 7
4 6 13
15 18 6
21 0 7
6 8 7
9 11 1
7 11 9
17 20 3
17 20 14
23 2 7
22 1 13
20 0 12
14 16 3
21 0 1
10 14 13
3 7 9
23 3 10
6 9 13
17 20 8
0 4 6
7 11 4
1 3 1
16 20 7
4 7 10
2 6 3
23 1 1
16 18 8
20 21 9
3 5 6
17 20 4
8 13 11
0 2 11
2 6 13
17 20 7
10 13 14
11 14 7
20 0 5
13 16 13
0 2 4
15 19 11
12 14 7
9 13 4
5 8 6
3 6 2
23 1 2
16 19 6
9 12 2
21 23 10
20 21 8
1 3 7
7 10 12
23 2 4
3 8 14
6 11 2
21 0 14
10 13 7
21 1 12
17 19 12
23 2 7
1 1 13
22 0 4
17 22 7
23 4 4
0 2 13
8 10 2
16 19 13
13 16 6
12 15 2
17 21 8
17 20 2
0 3 1
14 18 9
18 20 12
3 7 7
19 22 8
9 12 4
19 21 8
1 5 1
11 13 13
4 7 14
3 6 13
21 0 1
2 4 11
20 0 14
3 6 3
9 13 14
13 14 6
11 12 4
14 18 6
17 20 6
12 16 3
0 1 14
11 16 13
4 7 9
17 21 2
21 1 7
7 10 14
17 22 9
15 18 13
22 1 5
0 1 3
22 2 11
19 20 4
21 1 13
23 1 9
0 1 11
4 7 6
1 5 6
8 10 14
8 10 12
9 13 12
3 6 5
9 12 8
11 13 12
15 17 7
11 13 13
9 13 4
14 16 9
8 13 12
18 21 13
17 20 6
19 22 2
12 16 11
15 19 14
16 19 14
23 3 2
23 1 3
4 8 13
3 6 10
11 16 14
18 23 1
21 23 14
9 12 13
11 13 9
23 1 9
19 21 10
6 9 6
11 14 11
4 7 4
22 0 7
15 20 7
23 2 3
14 17 14
1 5 13
8 12 4
18 21 6
19 22 3
23 2 12
8 10 9
15 18 3
3 5 10
5 9 11
0 5 4
10 13 4
13 14 6
7 10 14
5 8 4
15 18 8
8 12 6
15 18 5
10 14 14
18 20 6
4 7 14
3 9 13
18 22 13
15 19 11
6 8 10
19 0 6
2 4 9
20 23 13
16 19 6
9 12 2
0 2 4
20 23 12
11 13 9
17 20 10
1 3 13
9 12 13
22 1 9
7 10 3
2 5 2
9 13 11
10 13 4
17 19 1
8 11 10
6 9 8
5 7 4
21 1 5
15 18 7
9 13 3
12 17 3
14 17 10
18 20 6
3 4 11
13 16 4
6 8 9
3 7 14
4 8 12
10 13 9
20 23 6
9 11 8
9 12 5
7 11 10
14 18 11
1 4 12
22 2 8
6 8 3
22 0 11
8 12 5
23 2 10
13 16 13
1 4 13
12 15 10
11 15 3
6 9 14
5 8 7
5 8 7
10 13 7
9 12 7
18 20 10
3 7 3
0 5 2
15 19 14
6 9 8
1 3 13
22 1 8
16 18 8
4 7 10
22 2 11
21 0 1
8 9 7
6 9 12
12 15 6
4 7 2
5 8 10
13 16 7
5 8 1
19 23 14
22 4 10
21 0 2
15 18 8
3 5 7
3 6 10
16 20 5
0 3 12
0 3 2
23 2 12
19 22 1
1 4 9
17 21 1
6 10 5
22 0 2
19 22 3
18 21 12
19 21 13
21 23 4
10 14 4
8 12 5
16 19 10
14 17 2
22 23 5
12 14 6
21 23 12
12 14 6
1 3 11
12 14 9
23 0 8
1 4 4
17 23 10
11 16 13
16 17 14
14 16 5
20 21 11
8 11 10
10 12 4
18 19 13
23 2 7
9 11 10
18 21 11
21 23 4
1 6 3
8 12 11
12 17 11
7 10 1
1 3 3
8 11 11
17 21 3
20 23 12
20 23 11
0 3 3
15 18 4
11 14 6
19 23 10
15 17 8
8 12 5
17 21 6
13 17 7
3 6 2
3 7 3
1 5 3
5 7 12
13 16 9
12 16 14
21 0 14
1 6 10
12 16 8
8 11 10
1 3 11
14 18 8
8 11 3
6 10 7
13 17 1
17 21 3
1 4 11
2 6 1
0 2 11
23 1 10
5 9 4
17 20 10
1 4 13
5 9 5
17 20 10
12 14 2
7 9 3
13 14 7
3 8 7
13 14 12
8 11 9
11 14 12
15 20 8
4 6 14
10 13 13
4 8 12
12 15 10
5 8 8
8 12 12
9 14 5
23 3 2
9 10 2
8 11 3
5 10 2
10 13 1
6 11 6
5 7 10
11 14 12
8 11 12
23 2 10
2 6 9
3 6 4
23 2 2
13 16 4
3 5 2
8 12 3
3 6 12
9 13 2
0 3 4
2 4 8
15 17 7
12 16 3
4 7 11
18 20 5
3 5 10
14 17 12
19 22 11
6 9 9
4 6 14
7 12 4
16 18 5
5 8 9
18 23 2
14 17 14
15 18 11
8 11 12
12 13 6
2 5 14
15 17 7
22 2 2
14 17 5
16 17 11
6 9 5
17 21 11
22 0 4
5 7 12
0 3 9
19 22 11
18 22 3
16 21 4
19 20 14
14 16 8
2 6 6
6 10 12
23 2 5
7 7 5
15 18 4
15 18 8
3 7 2
7 10 1
4 7 13
3 6 6
9 13 8
7 11 2
12 15 7
12 17 9
18 19 13
21 0 3
23 3 8
19 20 8
3 6 10
15 16 8
17 21 1
7 10 12
5 7 10
7 10 4
8 12 10
1 5 13
21 23 11
8 11 5
10 13 5
23 23 8
11 13 1
20 22 10
10 12 4
6 9 11
9 10 4
9 11 8
17 20 4
21 1 6
20 0 3
10 13 9
16 18 1
17 20 14
18 21 4
2 4 10
3 5 1
8 10 13
10 13 3
9 11 12
5 7 2
13 16 9
18 23 1
18 21 14
4 8 3
0 4 10
19 21 8
1 4 11
0 2 1
1 4 11
19 22 13
7 10 14
4 7 11
6 9 4
12 15 11
22 1 1
19 0 13
8 13 9
17 20 3
21 23 4
10 14 13
13 17 11
13 16 12
22 2 4
4 9 6
0 4 12
14 18 13
8 11 7
9 13 2
7 8 11
22 2 10
3 7 1
14 19 7
12 14 1
13 16 2
4 6 13
8 11 12
21 23 6
4 7 3
7 11 4
10 12 9
10 12 9
11 13 12
12 14 13
15 17 7
10 14 2
18 21 14
16 19 13
15 18 12
19 21 8
21 23 12
5 6 13
18 21 13
14 19 10
1 4 10
12 16 6
4 7 13
5 6 11
4 8 2
16 21 13
23 2 12
5 8 11
12 13 14
18 22 1
18 19 14
22 1 1
17 23 6
5 8 9
23 1 12
15 15 8
10 14 3
