2000 19
2 5 5 3 3 4 1 10 3 9 7 5 8 5 1 4 5 10 9 
19 23 11
17 20 8
19 21 10
12 15 17
12 15 17
8 13 19
16 19 13
18 19 18
1 5 8
10 13 18
20 22 4
20 20 13
12 16 12
8 12 15
11 14 16
15 17 14
21 1 11
17 20 19
10 12 14
7 9 2
19 19 5
3 7 19
1 4 5
23 2 3
4 8 9
5 9 10
19 23 1
18 23 6
11 13 4
7 8 4
15 18 14
6 9 10
4 6 5
15 19 16
4 7 13
14 18 16
22 0 6
23 4 17
9 13 8
22 1 5
8 12 3
19 20 16
20 22 17
23 2 10
3 7 2
20 23 3
8 12 5
19 21 18
12 16 17
10 12 17
10 13 14
20 23 13
9 11 13
8 10 7
7 11 8
21 0 8
12 17 11
18 20 8
5 6 6
0 2 16
13 18 9
12 14 5
18 21 12
13 16 5
2 4 13
2 3 3
1 4 14
11 15 15
14 18 14
1 4 13
20 22 18
13 17 9
22 0 4
9 12 3
19 19 3
8 11 19
10 11 6
20 0 5
20 0 10
22 1 16
14 17 10
1 2 17
0 5 3
5 8 7
17 20 8
8 10 16
8 11 15
23 2 14
18 19 10
2 5 7
14 17 10
15 17 19
1 4 13
20 22 19
2 6 18
17 20 19
13 15 8
1 4 5
16 19 11
1 5 19
10 14 3
16 18 2
4 8 16
3 7 7
0 3 15
12 17 19
15 19 1
23 1 16
18 22 2
13 16 19
9 12 15
19 23 7
9 12 16
1 3 18
14 19 13
21 0 18
0 4 17
1 3 3
9 12 5
18 20 9
6 8 10
21 2 2
14 17 5
1 5 8
0 3 16
2 5 14
20 0 5
20 0 8
1 4 2
3 7 13
18 22 19
16 21 2
4 7 10
19 22 11
16 17 3
19 22 2
14 18 4
7 10 19
20 22 1
8 12 19
13 15 9
10 12 8
4 8 6
8 12 13
14 18 1
1 5 2
4 7 4
6 9 7
7 10 4
13 16 5
9 11 19
1 4 6
7 10 1
16 18 18
8 11 3
13 15 2
12 14 7
16 19 10
17 21 5
14 18 2
4 9 18
5 9 5
11 14 18
14 17 18
13 15 18
7 10 12
5 7 13
15 17 17
22 1 6
2 5 16
4 6 3
22 22 12
17 22 15
7 11 6
0 2 4
12 15 7
22 2 16
9 11 4
19 22 6
14 17 7
12 15 3
22 23 18
10 14 11
14 17 3
17 19 5
18 22 18
17 19 1
8 11 10
21 3 8
15 18 8
4 7 19
19 23 12
18 22 5
4 7 19
0 2 2
18 20 4
7 10 19
8 12 3
8 10 15
3 8 2
15 17 8
5 6 10
16 17 5
15 17 12
3 5 12
17 20 19
3 6 12
22 2 18
14 17 18
5 8 3
6 9 6
23 3 12
2 6 18
9 14 14
17 22 2
6 11 17
7 10 11
9 13 6
8 12 15
6 11 8
17 20 15
4 7 16
3 7 19
17 21 18
17 21 4
5 8 19
21 22 19
7 11 9
3 6 2
3 7 15
7 10 17
17 19 16
9 10 11
22 1 2
4 7 19
21 1 16
18 20 1
11 12 4
5 9 13
12 16 5
22 0 1
6 10 13
11 12 7
17 22 11
13 16 19
23 1 16
5 8 16
12 14 18
1 3 10
13 16 4
2 7 15
5 8 3
8 12 6
11 16 8
7 11 8
11 14 12
12 16 7
21 23 3
15 17 16
11 13 17
16 20 18
2 5 14
23 1 3
13 16 1
9 12 10
13 17 10
7 11 14
14 16 10
0 2 14
10 14 10
15 18 15
1 3 4
5 9 7
2 5 16
5 7 2
0 4 13
20 22 3
7 9 14
22 0 13
0 3 2
12 15 11
14 16 16
16 19 15
21 23 5
9 13 16
15 19 2
0 3 6
12 16 11
17 18 16
21 1 3
3 6 19
4 8 15
5 9 5
5 9 1
12 16 8
10 13 12
1 5 15
23 3 18
18 21 19
9 12 6
14 16 16
20 0 6
18 22 6
14 16 8
17 17 17
15 18 11
19 21 13
14 17 13
22 1 7
10 13 16
19 22 5
4 8 7
18 23 18
18 20 2
7 10 11
23 0 1
9 13 12
6 10 6
19 23 11
6 9 14
0 4 1
7 12 16
22 23 1
13 15 5
18 21 3
0 3 1
18 19 18
0 5 1
15 16 17
7 13 18
21 0 12
19 22 6
8 11 17
19 22 19
13 14 5
5 9 11
23 3 8
15 19 7
10 11 17
22 0 9
21 23 17
12 16 4
3 6 13
6 8 7
11 14 8
23 2 6
11 15 9
8 14 13
9 14 2
19 22 19
13 15 15
16 19 7
9 13 12
22 1 12
17 18 10
16 20 14
22 1 3
16 19 9
7 12 17
16 20 18
18 20 6
6 9 15
13 15 19
18 20 7
0 3 5
5 7 16
17 19 7
10 12 1
6 8 8
20 1 5
2 5 11
6 8 3
17 20 18
9 11 2
10 13 16
5 8 10
20 22 5
8 12 11
0 2 19
17 18 10
3 6 18
9 12 11
9 13 15
18 21 11
6 9 19
7 12 12
6 10 18
11 13 19
14 16 7
21 23 16
17 21 18
8 11 11
21 23 8
9 13 15
4 8 17
14 17 9
12 14 2
17 20 15
13 15 9
13 18 1
14 18 3
14 15 12
19 0 12
15 19 3
4 8 6
15 17 17
5 10 3
0 2 8
16 20 9
2 5 8
4 6 10
20 22 7
3 7 18
10 13 12
22 1 10
19 22 16
10 13 11
20 22 12
19 22 8
10 13 5
18 21 8
1 5 12
20 22 16
22 0 17
13 16 3
9 12 13
21 23 5
7 9 4
8 13 3
0 2 8
22 22 5
7 9 5
9 12 12
20 22 6
14 18 12
6 9 9
6 9 15
9 12 12
7 11 15
11 14 12
18 20 1
5 6 17
2 5 8
11 15 17
9 12 5
14 18 16
1 5 14
13 16 5
20 23 8
17 19 6
2 4 5
10 12 5
18 20 18
18 20 4
8 12 10
17 21 7
6 9 5
20 0 11
20 23 17
9 13 8
18 21 7
23 2 8
11 13 1
21 0 14
6 9 4
16 17 17
1 3 9
13 16 2
18 22 10
12 14 5
8 9 16
15 18 18
15 19 11
18 23 8
18 21 13
9 11 12
3 7 14
10 14 6
23 3 14
21 23 18
20 22 5
20 23 10
6 9 5
3 6 14
18 21 5
12 14 9
19 21 17
22 1 12
12 16 14
15 19 11
2 3 1
6 9 5
20 23 18
11 13 14
0 3 10
22 23 16
16 20 18
12 16 7
11 14 14
21 2 6
18 20 10
21 0 19
16 19 6
20 21 5
13 14 18
18 22 6
4 8 6
20 22 8
19 23 12
10 13 8
2 5 4
2 4 13
5 8 1
14 18 15
3 6 10
15 18 4
15 19 10
4 8 13
0 4 14
17 19 7
23 4 3
0 2 3
6 7 9
2 7 11
9 11 7
11 14 16
0 4 8
6 8 1
4 8 19
21 1 7
21 0 2
12 16 15
7 10 1
12 15 18
20 22 10
20 23 4
2 5 16
4 7 8
12 15 12
16 19 16
9 11 4
13 15 11
0 2 5
13 16 3
3 5 16
6 9 3
22 0 6
12 16 13
7 9 9
10 13 15
2 5 13
3 5 14
9 11 17
1 2 2
1 5 17
22 1 11
1 4 13
3 6 2
13 17 11
16 19 15
18 22 8
19 23 4
17 20 1
1 4 4
10 14 3
11 13 12
4 7 18
5 7 13
1 4 13
18 22 19
0 2 15
1 3 12
18 21 17
11 15 10
13 16 3
3 7 1
12 15 5
11 13 17
17 22 7
21 23 12
6 9 7
14 16 17
11 15 5
7 11 18
14 17 3
18 20 10
18 22 18
0 3 15
16 19 7
15 17 9
6 9 5
2 8 14
19 22 4
1 3 16
8 10 18
7 9 1
16 20 3
16 19 10
22 1 6
13 17 10
15 20 19
18 20 19
1 4 9
12 16 15
6 8 7
2 5 9
21 23 1
16 17 13
1 4 10
2 6 19
7 10 3
0 2 16
15 18 13
2 5 2
2 5 9
15 18 14
17 20 7
16 19 16
16 20 13
16 19 11
13 16 7
1 5 16
13 16 12
5 8 9
10 13 8
16 20 19
16 19 9
7 9 7
0 2 5
23 4 5
0 2 18
13 15 13
16 18 17
6 10 3
15 19 19
15 18 3
2 4 14
23 3 7
3 6 17
3 6 8
8 10 7
19 21 11
3 7 14
14 17 6
10 13 11
4 7 8
23 2 5
19 22 13
7 9 15
22 2 10
22 0 17
20 23 8
9 14 10
10 12 19
17 21 17
19 21 16
16 19 13
23 1 13
12 16 17
19 22 15
12 16 5
10 12 10
16 20 13
16 19 7
3 7 15
21 23 13
3 5 4
22 1 2
21 23 16
4 5 9
21 0 17
8 10 16
13 14 10
21 23 4
7 9 17
6 8 8
4 7 12
22 1 7
5 9 13
20 21 5
14 17 8
5 9 4
1 5 2
21 2 18
12 15 12
19 22 8
7 10 17
2 4 3
22 23 18
5 7 3
13 17 16
11 14 3
11 13 8
21 1 10
19 22 1
18 20 14
3 6 5
19 23 7
14 16 8
19 20 17
21 1 17
20 0 10
20 23 12
1 5 17
16 18 15
3 5 18
16 18 12
5 8 15
7 10 19
0 2 13
7 8 10
20 1 5
3 6 9
8 10 4
8 10 5
17 20 16
22 0 1
12 16 16
15 18 17
2 5 2
11 14 4
7 10 2
2 5 10
0 5 7
9 12 10
6 10 5
2 6 12
11 15 5
17 21 15
9 10 7
14 15 9
8 11 6
2 5 4
5 8 9
18 21 8
21 0 1
21 0 19
11 13 7
23 3 8
15 17 4
5 9 5
10 13 17
23 2 16
4 6 10
9 12 6
1 4 19
22 3 4
17 21 14
23 3 6
18 22 3
7 10 18
22 0 12
18 21 11
9 11 17
4 6 9
14 18 14
15 19 10
0 2 3
2 4 10
4 6 8
16 20 18
5 9 12
17 21 12
0 3 1
18 21 5
2 5 11
10 14 12
11 14 15
8 11 11
10 12 1
1 2 17
7 11 13
8 12 12
21 23 10
16 20 15
16 18 6
9 13 17
5 7 18
3 6 4
23 2 15
2 4 14
13 15 5
0 2 2
13 15 11
12 14 3
18 19 19
6 9 19
12 15 10
10 12 1
15 18 15
0 2 7
9 12 14
1 5 11
3 8 5
9 11 11
1 3 6
3 7 11
6 10 13
8 9 8
10 15 1
13 16 17
13 16 7
10 13 19
16 19 6
6 10 11
22 0 12
15 19 14
11 15 16
14 17 11
9 14 3
19 20 6
11 13 9
16 20 8
6 9 19
11 12 10
0 3 18
12 16 4
10 13 17
21 22 15
21 1 5
13 17 6
4 8 15
6 7 12
15 19 9
14 18 3
14 17 14
9 13 4
15 20 1
23 1 11
0 4 14
12 17 9
20 21 6
19 22 17
17 19 11
22 1 17
5 8 16
17 19 2
19 23 15
0 4 8
23 1 4
16 19 1
7 10 14
18 22 11
19 22 7
23 3 17
20 0 18
20 22 16
20 22 14
1 6 19
17 19 11
21 1 15
21 0 9
16 16 16
21 22 7
22 22 15
15 21 1
7 9 11
20 23 15
22 2 10
21 0 1
0 2 14
19 20 5
10 12 9
21 1 5
1 5 10
15 19 10
0 4 13
15 19 13
10 13 13
0 2 14
11 14 7
22 0 3
12 14 10
8 10 12
7 10 8
20 23 8
4 7 9
2 6 15
0 3 18
16 18 11
21 0 16
0 3 17
10 14 18
1 5 14
5 7 9
14 16 7
13 17 8
6 11 14
4 8 15
17 19 4
8 10 15
9 12 1
15 18 15
23 2 17
0 2 1
19 23 12
5 10 3
10 12 14
5 8 8
15 18 2
20 22 11
16 18 8
14 15 5
5 7 6
9 12 3
12 14 1
15 17 6
20 1 18
7 11 15
18 21 7
21 1 6
6 8 9
1 4 15
3 5 11
13 16 1
22 1 16
10 13 3
3 6 16
10 11 4
22 1 16
3 5 15
8 12 6
11 14 18
9 13 10
4 7 2
3 5 4
11 14 2
11 14 6
14 16 1
20 23 16
9 11 15
6 11 8
7 10 17
6 8 17
16 18 1
17 21 5
5 9 1
18 21 18
18 22 17
15 17 3
13 16 18
2 4 6
23 1 16
4 7 18
3 8 7
23 3 10
2 7 4
13 16 14
23 2 2
13 16 10
9 11 10
11 12 13
12 16 11
20 1 4
3 7 5
20 23 4
1 5 11
12 16 4
19 21 8
23 4 9
0 3 17
20 23 11
6 8 3
11 14 2
0 4 15
5 7 13
0 4 13
22 2 5
11 14 5
5 6 19
8 11 17
1 4 2
19 23 9
17 20 4
15 19 12
8 11 13
15 19 5
5 10 7
4 8 4
22 1 17
13 16 15
15 18 8
16 19 17
15 17 13
17 19 18
4 7 7
23 4 7
2 6 3
5 9 11
7 9 11
5 8 14
18 20 10
13 15 7
17 20 11
5 8 13
7 8 13
20 23 8
8 10 12
6 10 13
1 3 12
20 21 8
5 5 5
14 18 15
11 15 5
23 1 12
20 22 11
17 20 10
1 6 17
10 14 9
13 15 4
11 13 15
16 18 13
2 4 9
22 0 4
5 8 2
21 23 8
4 8 13
4 7 16
7 9 16
6 11 14
3 5 16
1 4 10
16 17 18
23 1 2
10 12 1
5 10 7
22 1 19
17 22 7
11 15 10
5 8 7
20 22 4
15 18 7
3 5 8
12 14 18
20 0 10
13 16 12
18 22 4
3 5 11
20 23 9
16 20 10
15 19 17
12 16 13
18 22 7
3 7 17
22 0 19
15 17 17
20 0 4
10 14 17
21 0 6
17 19 10
19 23 12
11 13 14
4 7 9
11 14 13
12 14 4
12 14 9
19 22 4
22 1 16
17 18 2
23 2 4
12 14 8
3 6 2
8 12 17
19 22 10
10 13 15
11 16 17
11 14 4
11 16 8
7 11 6
11 14 2
4 7 12
16 18 3
6 11 2
3 8 14
1 3 5
2 3 11
1 4 18
10 13 2
0 3 1
14 17 12
6 9 3
15 18 5
21 22 12
3 6 7
7 9 8
19 23 4
3 5 18
19 21 19
21 0 2
16 17 6
7 13 4
9 13 9
14 17 11
22 1 3
19 20 18
13 16 6
20 22 6
1 5 1
10 12 2
13 18 1
12 16 1
21 0 8
15 18 17
15 18 9
2 5 11
13 15 4
4 7 2
22 1 9
4 7 6
6 10 12
8 9 7
0 4 6
13 16 17
4 7 11
7 10 5
14 18 4
17 19 3
5 7 5
1 3 11
22 2 7
3 6 15
11 14 1
21 0 13
1 5 8
21 23 13
15 18 13
0 2 8
4 9 11
11 16 4
6 6 7
7 11 10
22 1 1
12 15 17
15 19 6
16 21 13
23 1 14
13 16 17
5 8 2
0 4 14
23 3 6
15 18 14
9 12 8
19 22 15
21 1 2
4 6 11
12 15 6
15 17 8
16 18 11
9 12 9
22 2 11
21 0 10
11 13 15
9 12 9
5 6 16
0 2 9
3 6 7
15 17 11
19 23 19
7 10 12
1 4 19
18 21 15
0 4 7
3 6 2
7 8 17
1 5 4
23 1 15
22 0 19
16 19 9
0 2 1
11 14 2
21 2 3
3 5 18
14 17 16
1 3 4
1 4 15
7 12 8
9 11 1
1 6 18
3 5 10
14 16 3
0 3 14
21 22 1
1 3 9
8 11 1
3 5 5
15 18 11
3 5 7
11 15 8
22 2 5
12 16 18
21 1 7
10 12 6
1 6 15
2 5 6
12 15 10
7 10 17
6 10 11
17 21 2
12 14 18
15 17 6
13 15 15
23 2 7
19 22 18
0 3 16
9 11 1
5 6 16
13 16 16
10 14 12
18 19 17
21 1 5
11 14 19
21 0 1
3 6 6
9 11 2
11 13 17
7 11 7
2 6 2
21 1 7
9 12 12
13 16 5
0 4 17
0 2 12
9 13 5
6 9 9
14 16 6
13 15 18
22 1 17
15 19 1
16 18 7
10 12 10
22 0 11
23 2 13
15 19 14
20 23 3
14 17 19
1 4 2
19 21 11
23 1 3
14 16 9
14 15 14
1 5 6
0 3 2
12 15 16
4 7 5
2 3 3
22 23 4
15 17 15
14 17 9
11 12 11
13 16 1
4 7 11
20 22 8
10 12 6
15 18 19
7 10 5
13 16 10
15 19 10
12 16 17
13 17 15
15 18 13
21 1 9
14 17 15
9 12 12
11 14 13
2 6 16
4 8 14
23 1 12
2 6 19
22 2 1
14 19 1
13 15 14
20 22 5
18 19 13
13 15 7
5 11 7
5 9 11
2 5 13
19 22 15
11 14 8
12 16 2
16 18 13
19 21 6
12 16 15
13 17 14
18 21 14
16 17 14
6 11 14
13 15 7
4 7 13
8 12 18
22 0 8
19 21 2
16 19 16
17 20 5
20 0 3
6 9 6
7 10 15
14 16 15
11 14 9
0 5 5
10 11 9
4 8 6
3 6 12
10 13 12
18 20 1
9 13 19
3 7 13
22 0 10
17 19 12
17 20 15
7 11 12
21 1 5
8 11 10
10 13 3
13 15 16
0 3 4
7 10 8
0 4 3
6 8 15
16 19 7
16 19 8
20 23 11
8 10 2
8 11 18
1 3 12
18 21 16
23 2 4
6 9 19
8 12 19
18 21 7
21 23 6
15 18 3
22 1 15
16 21 4
2 5 5
0 4 14
5 7 11
4 8 12
4 8 7
10 13 15
3 7 9
19 21 7
4 7 12
3 7 15
1 6 2
19 20 6
4 7 14
19 23 4
7 9 12
7 10 19
0 2 18
11 15 3
15 18 4
16 20 6
14 17 1
12 14 11
17 18 16
14 16 18
13 17 8
18 20 9
22 1 11
20 0 3
14 16 2
14 16 8
15 18 8
9 12 1
8 11 9
3 6 8
17 20 16
18 22 19
16 21 18
3 8 7
8 10 11
3 5 13
8 12 3
18 21 8
1 4 18
4 6 13
15 18 4
7 10 12
0 4 8
21 1 2
7 9 6
6 9 4
16 19 17
1 4 11
19 22 4
15 18 5
9 12 6
3 4 11
15 17 2
1 3 15
18 21 5
23 2 10
15 18 14
12 15 19
13 16 11
17 20 3
4 5 15
3 6 4
22 2 5
17 23 3
12 16 11
8 14 3
5 9 15
12 15 8
3 6 13
19 22 16
23 1 8
13 15 5
3 6 19
7 10 4
11 15 2
15 18 1
22 2 15
22 2 14
21 0 15
20 22 7
0 3 19
20 22 16
20 0 14
13 15 6
2 5 10
12 17 3
9 13 6
7 10 12
0 3 10
22 2 7
12 16 14
6 12 6
14 17 1
17 21 10
15 20 15
10 12 16
17 20 3
10 12 9
4 8 18
3 6 3
1 5 13
15 19 15
10 14 9
0 2 15
23 0 8
17 20 18
5 8 4
23 3 7
1 4 1
15 19 1
18 20 8
15 18 7
21 1 19
6 9 9
11 15 1
16 18 8
2 6 18
18 20 6
17 20 2
0 3 13
18 20 7
7 9 3
18 21 7
23 2 16
4 7 14
2 5 11
22 1 17
13 14 15
13 15 12
11 13 3
1 4 10
21 1 7
4 8 17
3 6 19
12 15 7
19 22 7
22 1 19
22 1 18
20 22 3
6 9 16
9 12 5
6 9 5
8 12 16
16 21 10
21 23 12
1 3 3
13 16 1
16 18 9
10 14 3
3 7 10
19 23 17
14 18 3
17 19 16
8 11 12
4 8 9
12 14 1
6 8 18
9 12 7
9 10 12
9 10 4
5 9 4
2 5 11
19 23 19
20 22 10
16 18 18
23 4 14
13 15 18
3 6 4
9 11 15
19 21 3
16 19 11
15 18 16
8 10 19
2 4 10
4 8 18
15 19 3
7 10 10
23 3 13
8 11 18
16 18 8
22 0 17
9 12 16
18 20 15
15 19 15
22 0 15
12 16 8
4 7 4
9 12 1
4 7 11
8 11 14
10 14 9
2 6 19
6 10 3
22 2 10
23 1 18
0 4 13
7 10 16
20 23 12
4 7 3
9 11 1
21 0 12
23 2 4
18 21 9
11 12 3
3 7 1
18 21 19
5 9 10
14 18 7
14 18 5
19 22 11
15 17 10
19 23 10
12 15 7
11 13 6
23 1 6
12 13 2
19 21 2
20 23 6
2 5 17
1 3 1
19 22 11
0 2 3
21 22 3
15 18 18
12 16 2
2 6 16
15 18 7
8 9 16
23 3 6
22 1 13
17 20 12
17 19 16
2 4 5
5 7 8
4 8 6
9 12 2
7 9 17
16 17 13
12 15 7
19 0 1
15 18 17
4 6 11
21 1 12
14 18 10
11 13 12
15 17 2
5 7 13
22 1 15
4 5 9
3 7 10
6 9 7
18 23 13
3 7 17
5 9 10
1 4 11
4 7 1
15 21 2
22 0 15
9 12 14
13 16 2
4 6 10
23 2 3
5 7 5
19 0 3
21 23 5
9 12 13
13 14 16
4 7 8
18 23 17
18 20 19
13 18 5
23 2 18
13 14 13
19 22 5
5 9 11
10 12 7
5 7 18
19 22 12
7 9 2
18 22 5
23 2 19
12 16 7
22 1 19
6 10 8
15 18 13
19 1 18
8 12 2
0 3 13
2 6 16
1 5 19
2 5 13
6 9 3
11 12 4
8 11 18
21 23 1
14 18 4
3 5 12
14 19 18
10 13 10
8 11 12
16 20 2
21 23 9
22 2 13
5 8 13
21 1 17
4 8 14
2 5 10
9 14 3
8 13 19
12 16 4
5 7 10
9 12 11
1 5 2
3 5 4
10 14 16
10 12 12
20 23 14
9 13 16
13 17 13
12 16 7
10 13 1
6 9 10
11 14 5
4 8 7
3 7 18
1 4 11
22 3 6
17 20 14
2 6 8
12 17 4
3 5 16
18 21 10
1 3 18
2 4 11
0 2 7
10 12 17
15 18 13
15 18 4
18 21 18
3 6 5
3 4 11
21 0 5
10 14 3
14 17 14
16 18 11
8 12 1
2 5 1
4 5 8
20 0 10
1 5 16
6 9 11
11 13 14
10 13 8
1 4 13
5 9 10
7 10 1
15 19 1
22 1 19
19 23 11
1 3 16
14 19 5
23 3 8
9 12 1
3 7 3
6 8 19
22 23 17
15 18 3
18 20 13
3 7 1
15 17 19
19 22 18
22 2 6
7 9 8
4 8 16
12 15 15
0 3 8
16 18 5
10 13 12
20 0 12
20 23 8
8 9 14
16 18 1
10 14 15
2 4 15
23 1 11
16 17 9
23 1 6
23 1 6
6 8 16
7 10 13
23 2 12
8 12 8
9 13 19
6 9 18
14 16 14
18 20 18
21 1 8
7 11 8
2 7 1
4 7 16
21 0 7
2 4 16
14 18 3
20 0 19
1 2 6
0 3 8
15 17 18
18 18 19
13 18 5
22 3 2
14 17 7
7 10 8
2 5 17
22 1 9
5 7 19
19 21 17
11 12 7
10 13 7
22 1 2
8 12 6
21 1 2
2 4 13
11 15 5
9 12 6
16 19 16
11 16 12
4 7 16
22 2 17
5 8 4
18 21 4
11 14 15
15 18 19
23 2 17
0 3 10
17 20 6
12 14 1
2 6 7
10 16 1
21 23 2
10 13 14
15 18 6
2 4 13
13 16 12
12 14 19
12 16 17
4 5 1
6 9 15
11 14 2
12 15 6
0 3 3
19 21 10
12 15 8
18 21 1
4 7 4
4 8 7
2 3 12
22 2 13
3 6 13
21 23 19
2 6 1
7 13 16
13 16 18
18 22 6
9 11 4
3 8 13
18 21 6
17 20 1
13 15 6
7 11 1
12 15 12
17 19 19
21 23 5
14 18 19
13 16 14
10 13 4
17 19 16
13 16 4
16 20 18
16 21 11
23 2 2
21 23 16
23 2 19
19 22 6
20 23 19
23 1 9
3 5 8
2 5 4
8 11 5
5 10 2
5 7 1
16 19 4
13 15 12
9 13 15
4 7 3
11 15 17
10 13 10
14 16 6
3 5 7
17 21 2
13 16 7
6 10 2
20 22 5
22 2 6
5 7 9
17 22 5
14 18 12
19 22 16
9 12 6
2 6 10
11 15 17
15 19 8
18 21 5
23 1 9
19 22 8
18 22 13
3 7 14
7 10 19
20 23 3
2 6 1
23 2 17
6 9 13
0 2 19
10 11 11
6 10 19
2 5 3
2 4 6
8 12 17
8 11 4
11 12 1
10 11 6
23 1 5
7 11 12
21 23 17
2 5 18
0 3 19
9 14 8
2 5 6
3 6 16
4 7 12
5 10 9
21 2 6
8 10 14
23 3 2
20 22 14
21 23 6
19 21 15
8 12 3
4 7 4
3 7 9
13 16 19
6 8 15
19 21 9
0 4 11
23 3 4
22 23 16
6 9 13
22 1 15
5 9 8
3 6 1
23 1 19
2 6 17
4 8 7
20 23 11
2 5 19
20 0 12
9 10 15
14 17 8
19 20 12
10 14 7
6 10 3
14 18 10
8 13 18
15 17 2
14 16 9
3 7 2
4 7 1
9 13 8
4 7 2
12 14 18
0 2 4
23 2 6
18 20 19
23 2 12
20 22 9
4 6 6
6 9 1
7 10 8
3 6 19
11 14 14
7 11 17
4 6 19
10 12 10
5 7 17
12 15 4
17 21 3
23 3 17
3 6 19
12 16 1
16 19 1
3 4 13
21 2 8
20 21 15
23 3 7
23 2 1
22 1 12
7 9 12
2 5 14
20 23 11
13 17 6
1 5 16
21 0 1
22 2 19
2 6 15
17 19 19
2 6 18
1 3 19
17 20 1
9 12 11
6 10 8
4 7 11
7 12 10
11 14 18
9 13 12
13 16 2
21 1 4
20 0 6
16 21 6
16 19 12
0 3 8
12 14 1
13 15 2
12 15 12
1 4 14
12 15 15
14 16 6
17 20 10
7 10 11
17 18 12
19 22 16
0 2 19
18 20 18
13 18 2
0 2 19
15 16 9
1 4 16
12 15 11
18 20 1
16 20 8
17 21 15
3 7 16
0 1 3
16 20 17
1 3 10
5 11 12
12 16 2
1 4 15
9 10 5
20 23 14
22 0 3
21 1 18
20 22 15
17 20 12
