400 8
1 9 1 2 4 10 6 5 
8 12 4
13 16 8
5 9 1
5 9 3
17 19 7
7 10 7
13 16 6
14 16 6
19 22 6
15 17 3
7 11 3
14 18 1
11 13 1
2 5 7
22 1 1
21 23 1
23 2 1
6 7 8
10 13 1
2 4 8
19 23 2
21 0 4
6 8 7
7 10 1
7 9 3
19 21 5
11 16 7
6 9 8
13 14 3
14 16 6
18 21 7
8 11 6
18 21 5
20 23 3
7 12 3
8 12 5
2 5 5
9 12 4
10 13 8
8 10 1
6 10 3
19 22 8
8 11 6
23 3 7
6 10 7
11 14 4
7 9 3
21 23 2
23 2 7
10 12 7
6 10 3
0 3 2
15 19 8
0 4 4
12 13 8
21 23 3
13 16 2
18 21 4
9 13 7
20 22 3
23 2 4
13 16 6
9 11 8
1 2 1
15 18 8
11 14 3
6 10 8
20 22 6
4 7 1
8 10 3
14 16 6
20 0 4
19 22 6
7 10 8
21 23 4
21 0 4
14 17 5
19 22 1
2 4 8
22 1 7
21 23 6
2 3 4
13 14 4
5 7 4
2 5 7
11 14 3
8 11 1
2 5 2
8 12 4
2 6 8
13 15 1
17 20 7
17 19 8
23 1 6
9 10 4
13 16 5
18 21 4
8 10 4
1 1 1
9 13 2
15 19 2
16 19 8
1 4 8
18 20 1
21 0 3
13 17 6
14 16 2
5 7 7
19 21 2
9 13 2
21 0 5
17 21 8
16 18 4
7 10 8
2 6 8
11 15 2
17 20 2
12 15 8
20 0 5
3 8 5
2 7 1
19 23 1
7 9 3
15 19 2
9 10 3
3 5 2
11 14 6
23 4 4
12 16 6
13 16 1
0 4 1
6 9 5
8 11 6
18 21 1
22 1 7
8 12 8
20 23 5
3 6 2
23 1 6
16 18 4
13 18 7
0 1 1
3 6 4
20 0 4
4 5 7
18 22 7
9 14 8
16 19 3
18 21 7
9 13 7
10 12 6
0 3 4
0 3 8
20 23 6
13 18 2
0 4 2
20 23 7
3 5 7
13 17 7
10 13 7
1 5 5
23 2 3
12 14 2
15 18 1
8 10 2
12 13 3
11 14 2
6 9 1
21 23 8
6 10 7
10 13 2
21 23 3
2 5 6
17 19 5
1 7 3
21 23 2
0 3 6
10 15 7
12 16 5
20 1 7
5 9 8
14 17 6
7 10 3
3 6 4
0 5 2
13 16 8
16 20 8
21 1 2
11 13 2
8 10 4
7 10 8
18 21 3
20 22 8
19 22 4
11 12 8
16 20 5
17 19 1
9 12 5
12 13 2
11 15 2
10 13 6
9 11 6
9 14 4
6 9 2
10 13 1
10 15 5
3 6 6
11 14 6
13 16 5
20 0 4
6 9 3
14 16 7
0 4 2
3 7 2
7 10 8
1 4 7
22 0 6
10 11 2
21 23 1
20 0 7
5 8 5
7 11 3
12 14 8
20 22 4
17 19 2
16 18 5
19 23 6
10 15 7
18 23 7
6 7 6
16 21 2
20 23 8
17 21 6
22 1 8
18 22 1
20 23 8
21 0 5
15 18 2
2 5 5
14 15 2
5 7 4
16 18 6
4 8 5
23 1 5
11 15 4
18 22 8
4 8 2
12 15 6
19 22 3
21 0 7
16 18 5
4 7 7
10 12 5
6 8 5
19 21 6
3 7 7
13 16 4
5 8 2
10 14 6
17 20 5
19 0 3
22 3 5
16 21 5
10 14 5
1 4 1
11 15 5
22 1 2
2 5 5
23 2 8
20 23 5
0 3 3
21 0 8
15 19 3
6 9 1
19 21 5
1 3 6
6 9 2
20 0 4
18 20 8
21 0 2
23 2 2
0 3 6
20 22 4
3 7 5
15 18 7
1 2 8
15 16 2
10 12 6
3 6 8
23 2 6
4 6 8
14 19 3
16 19 3
1 4 5
21 1 4
8 11 7
17 20 3
8 10 1
8 10 8
2 5 6
14 16 1
21 22 7
5 9 2
16 19 3
11 14 1
11 14 3
1 4 5
18 21 3
9 12 8
17 19 6
11 14 6
20 23 7
19 20 3
12 15 5
4 9 8
20 1 7
5 9 7
13 16 5
10 13 6
2 4 5
21 23 4
0 3 3
7 10 3
16 20 2
8 11 4
20 23 5
13 16 7
12 16 6
8 11 5
16 17 7
23 23 6
0 4 4
5 7 5
9 14 8
6 8 1
4 7 5
2 6 3
0 3 2
3 3 7
23 2 4
11 14 1
5 9 6
13 17 8
22 1 5
4 6 5
15 20 4
21 0 8
14 16 7
17 19 1
1 3 8
8 12 8
17 17 4
4 5 4
2 3 3
6 9 1
1 2 5
23 2 4
4 7 2
15 18 2
15 19 3
23 4 6
7 11 4
20 0 6
0 2 2
1 4 5
23 2 3
4 5 6
20 23 7
4 8 8
12 16 1
7 10 4
18 23 4
10 12 3
17 21 5
4 7 8
16 19 3
10 15 5
23 2 2
4 7 8
9 12 7
13 14 5
19 2 2
2 6 1
18 21 1
18 20 2
16 19 6
3 6 4
13 16 7
23 3 7
1 4 3
4 7 8
12 16 7
17 22 4
6 9 6
13 15 6
6 10 3
0 1 4
7 10 5
4 8 1
5 10 4
