850 19
5 6 10 9 1 6 2 2 2 5 8 1 1 5 3 7 1 10 10 
18 21 11
15 17 10
5 8 3
4 6 9
3 4 1
20 23 12
18 20 17
10 12 8
13 15 3
8 12 9
5 7 14
5 9 19
5 8 3
23 2 5
21 0 3
23 1 6
10 12 4
3 5 12
0 3 10
3 7 18
7 11 19
4 6 3
19 22 6
15 19 4
23 1 7
9 13 13
11 14 13
7 10 5
5 8 8
14 18 7
7 10 3
8 13 5
19 23 16
18 19 17
7 10 9
5 10 3
21 23 9
0 1 14
16 20 1
13 15 17
0 3 17
13 15 11
3 7 3
16 20 4
2 5 18
15 17 12
0 5 7
2 5 19
3 7 17
3 4 5
6 10 18
18 21 2
3 7 13
9 12 1
9 12 6
23 0 17
14 17 4
23 2 11
5 6 7
23 2 4
4 7 12
20 23 13
19 22 8
13 15 13
17 21 9
18 21 8
8 12 2
0 5 9
11 14 2
14 18 6
11 14 3
16 19 7
11 14 6
9 13 7
18 22 17
3 8 5
22 2 13
15 18 9
2 5 8
19 21 14
2 7 4
2 4 14
23 4 10
14 16 7
19 22 14
7 9 7
8 10 18
8 12 9
17 20 8
23 2 5
13 17 1
0 3 8
7 10 3
19 23 5
16 18 6
13 14 6
12 15 15
10 13 4
18 22 15
15 18 6
1 5 8
1 5 5
6 9 8
7 11 7
13 16 5
10 14 9
7 11 5
1 3 5
12 14 13
15 17 9
5 9 13
13 15 10
16 21 6
11 15 17
16 20 1
5 9 8
19 0 15
0 1 13
20 23 6
1 4 5
7 9 16
15 17 7
12 15 15
20 21 16
2 6 7
0 2 19
15 18 7
11 15 2
19 23 13
5 7 9
0 2 11
22 2 2
5 8 11
13 16 14
13 13 18
19 21 19
7 9 5
12 15 19
2 5 4
17 19 14
9 12 1
12 14 5
1 3 9
15 18 14
20 21 13
14 17 18
7 9 6
8 11 4
9 11 6
18 21 16
14 17 16
13 17 7
15 19 7
10 13 1
12 14 4
19 21 13
12 16 12
7 12 3
12 14 11
11 15 16
18 22 7
2 6 3
12 18 11
8 12 6
1 4 6
3 6 14
11 14 6
4 6 14
14 18 5
21 0 8
9 11 8
21 23 12
4 6 14
16 19 18
17 18 11
16 19 11
20 22 12
22 3 11
7 9 14
20 22 3
3 5 7
9 11 14
2 4 5
3 5 6
13 15 15
14 18 18
12 14 2
20 23 7
19 21 15
6 9 1
11 14 15
22 3 19
8 11 3
3 6 5
23 2 7
1 4 12
7 9 18
3 5 13
3 8 19
20 23 14
15 17 19
8 12 4
9 13 1
13 16 4
4 7 14
8 11 16
16 19 2
18 22 6
9 14 12
7 11 4
22 0 18
13 14 18
5 8 17
17 20 5
14 17 12
22 2 17
21 0 5
5 8 1
21 23 17
1 4 13
9 11 5
5 7 7
20 22 8
21 0 1
19 23 1
0 1 16
9 13 14
20 22 18
9 13 17
21 1 11
22 1 10
23 2 9
19 20 11
16 18 1
21 23 4
19 19 10
9 12 6
2 5 11
14 17 16
19 20 1
14 15 4
7 10 11
10 13 6
16 18 13
9 13 8
15 19 10
2 4 1
23 3 11
1 4 7
6 9 7
23 1 11
12 15 3
2 5 9
0 4 18
1 4 16
13 18 14
20 23 9
1 4 1
22 2 3
12 14 8
1 3 15
15 16 8
20 0 16
8 10 4
15 17 6
7 10 10
18 21 16
16 18 15
15 16 1
20 22 5
12 14 6
15 17 5
21 1 8
21 1 5
14 16 13
5 10 14
1 5 18
3 5 15
0 2 1
0 2 14
12 15 3
12 17 13
9 12 3
11 16 18
4 7 5
1 4 4
19 23 17
11 13 2
12 15 15
23 3 8
9 13 13
3 7 13
13 17 5
16 20 5
21 0 14
13 15 12
5 10 12
23 2 4
21 23 2
19 22 15
19 22 9
4 6 6
20 23 4
22 3 4
22 1 4
0 4 18
4 7 15
0 1 16
3 6 10
10 14 15
13 16 11
23 1 7
13 16 15
11 15 3
15 19 10
4 8 11
1 4 15
16 18 6
0 3 17
16 18 13
6 8 3
4 7 10
2 5 8
20 22 9
16 19 18
19 22 14
12 15 8
7 10 19
4 6 11
1 6 12
23 2 15
15 18 12
5 9 9
15 19 17
16 21 5
15 17 4
4 7 14
5 9 15
2 6 14
17 19 13
7 10 6
23 4 5
21 0 4
1 4 18
19 23 13
11 12 14
6 10 16
7 11 9
4 6 2
3 6 8
16 20 7
22 2 11
20 0 13
20 22 13
3 6 11
13 16 9
3 7 13
8 10 9
8 10 3
1 5 10
16 18 1
11 14 2
2 5 5
16 19 5
10 15 8
1 4 15
8 12 10
18 21 11
1 4 4
0 2 19
10 14 19
13 17 17
18 20 19
21 1 7
20 22 14
12 15 11
5 9 19
22 2 2
20 23 6
14 18 16
14 16 4
0 3 18
10 12 19
18 21 19
10 16 10
16 19 16
4 8 2
14 18 19
8 11 6
23 4 18
9 11 7
10 13 14
10 12 6
0 3 1
3 7 9
5 8 5
4 5 15
14 17 5
18 20 16
17 20 1
4 7 12
0 3 4
6 8 19
12 14 2
15 17 17
18 22 12
13 15 1
18 22 6
5 8 7
21 23 13
23 2 5
17 21 8
16 17 5
22 2 12
17 21 10
21 1 7
17 20 16
23 2 7
16 19 1
22 2 17
2 5 11
22 3 19
15 18 12
4 7 16
22 3 10
19 23 15
22 2 7
16 18 6
21 1 4
15 16 10
5 10 18
23 2 11
22 2 2
3 4 12
9 13 6
13 18 2
4 8 3
0 2 14
11 15 7
14 17 8
7 10 11
23 0 10
23 3 2
7 10 2
9 13 6
15 18 9
10 13 14
6 7 16
3 6 18
20 21 11
9 13 8
4 8 19
15 19 12
16 18 2
16 19 5
13 17 1
17 19 18
10 12 14
22 0 11
0 4 15
21 1 3
15 19 8
15 19 3
14 18 3
6 9 6
20 0 10
7 9 9
1 3 12
9 11 4
20 22 4
14 17 4
14 18 5
3 6 13
12 14 17
11 14 6
23 4 10
0 5 3
7 11 5
21 0 1
12 16 16
19 23 6
4 7 2
1 5 3
11 14 13
6 8 2
21 1 3
19 22 17
3 4 11
2 6 11
11 16 1
10 12 6
18 21 11
15 19 11
11 13 4
2 5 16
19 0 5
14 17 2
22 23 4
11 13 8
20 23 15
15 19 18
1 4 18
11 13 18
4 7 10
15 18 13
17 21 1
15 18 3
17 19 5
4 6 14
0 1 19
14 18 9
5 8 1
5 8 9
15 20 18
17 19 16
10 13 4
0 3 3
13 15 17
5 9 3
3 6 11
17 21 14
2 6 6
21 23 5
14 14 1
12 15 5
12 17 17
12 16 17
15 20 3
2 5 11
11 13 1
9 10 3
22 0 6
9 13 18
14 16 5
3 6 10
5 7 4
6 9 5
19 22 19
1 4 15
10 12 4
11 15 8
1 5 10
9 12 1
19 20 6
16 19 9
4 6 3
16 19 4
22 1 9
9 13 2
17 20 4
2 3 15
22 23 18
7 10 7
4 6 3
2 3 16
2 5 2
6 10 9
14 18 8
9 14 12
2 4 4
11 12 16
18 21 15
2 6 10
2 5 9
23 2 13
14 18 14
17 20 8
14 16 6
21 1 1
21 1 11
18 20 4
18 22 11
5 6 8
14 17 8
8 10 11
22 1 5
23 2 1
19 22 1
7 10 7
9 12 6
8 11 7
5 9 17
11 13 12
6 10 15
10 13 4
10 14 19
9 12 14
20 0 18
19 23 2
6 9 3
8 11 4
1 5 6
9 12 15
5 9 15
1 6 17
10 14 13
23 3 2
13 17 10
7 12 19
7 11 18
7 9 12
20 22 15
22 0 16
16 18 14
17 21 13
4 7 10
13 16 11
7 12 11
4 7 9
13 14 7
0 3 18
8 12 16
2 4 10
21 23 10
11 14 10
1 3 11
19 22 17
18 22 3
15 17 9
22 0 5
21 0 17
10 12 13
9 13 4
6 9 19
16 20 8
11 14 12
7 11 13
22 0 13
9 13 1
20 1 14
3 6 5
15 19 4
15 18 19
13 18 11
16 19 8
9 12 3
8 11 4
21 23 1
13 16 11
14 17 19
16 20 4
0 5 14
15 18 15
15 18 9
6 9 3
17 21 6
10 14 18
19 22 1
2 6 6
20 23 9
2 5 9
16 19 4
2 5 16
7 11 3
15 17 2
20 21 11
15 18 13
6 9 17
10 11 16
7 10 7
23 2 14
5 8 16
15 19 1
14 17 15
3 5 6
6 9 17
13 15 17
16 19 2
21 23 15
0 3 5
8 12 12
16 18 14
21 1 11
21 0 10
19 22 2
4 7 9
21 1 5
12 16 6
19 22 18
6 8 18
3 7 15
11 14 8
14 17 5
16 20 6
6 8 8
9 12 15
12 15 13
7 12 5
11 14 19
0 3 13
9 10 8
16 19 16
13 15 2
22 1 7
11 13 11
0 2 6
5 8 4
10 14 13
10 12 11
20 23 7
13 16 19
0 2 12
20 1 16
6 9 16
13 16 13
8 12 12
17 20 16
4 7 15
11 17 13
4 8 18
21 23 7
2 5 12
1 2 1
12 14 15
0 2 11
2 5 12
2 4 17
23 2 5
22 0 14
14 18 18
1 4 14
17 19 10
22 1 3
7 11 6
12 14 2
11 14 9
20 1 18
10 14 18
9 13 1
7 10 4
18 21 9
2 5 2
20 0 11
7 9 12
14 17 19
2 6 3
2 5 1
10 13 4
11 13 17
13 14 17
18 20 17
23 3 12
21 1 1
14 17 4
7 10 9
11 14 14
0 2 14
0 4 12
0 4 19
13 16 6
0 4 4
11 14 8
6 9 13
15 19 9
8 9 5
7 10 2
14 19 2
15 20 14
11 15 6
2 5 10
23 3 11
18 23 13
9 13 7
1 5 14
12 14 6
13 18 18
23 2 2
9 11 19
13 18 6
14 15 6
21 23 16
16 18 5
6 9 17
4 7 14
23 2 8
7 9 8
7 8 19
11 15 11
5 10 4
16 18 6
18 21 7
0 1 2
19 23 8
16 20 9
16 20 6
9 12 3
1 4 4
12 13 17
6 9 6
21 0 19
19 22 2
5 7 18
7 9 11
20 0 19
15 18 14
22 0 13
10 12 16
23 1 13
16 19 11
3 6 18
4 8 13
18 21 2
13 16 4
3 4 2
3 6 4
23 2 1
11 15 14
15 16 8
7 9 13
13 17 12
3 6 10
12 15 5
1 5 10
19 23 17
21 1 3
17 19 2
23 3 1
14 17 7
10 14 17
15 17 1
4 6 16
0 3 3
16 19 3
10 13 19
15 18 18
21 1 5
12 14 9
21 1 15
23 2 12
8 11 14
7 11 1
5 9 16
12 15 17
11 15 19
3 8 8
3 6 11
0 0 11
20 22 8
8 11 5
5 8 2
2 4 10
6 8 9
1 4 12
6 9 17
14 16 19
15 19 6
20 23 6
16 19 1
11 14 12
0 2 11
