650 13
3 5 2 4 3 5 4 2 2 6 4 6 7 
10 15 13
5 7 12
15 18 9
18 21 8
20 0 7
19 23 1
14 17 7
19 20 2
18 20 13
21 22 4
23 2 2
12 16 2
18 21 5
16 18 13
21 0 11
11 15 7
22 1 9
2 4 13
19 21 8
21 22 6
7 10 2
2 5 8
1 4 6
7 11 1
2 4 2
9 11 9
21 0 10
19 23 11
2 4 3
5 7 12
2 5 13
15 19 3
8 12 5
13 15 11
17 19 8
13 16 7
11 15 3
0 3 5
1 4 3
17 21 7
8 11 6
18 20 4
15 16 12
0 3 2
15 17 2
20 23 4
0 2 4
12 15 3
5 9 2
10 13 8
23 3 1
8 9 13
23 2 12
0 3 13
13 15 6
20 23 11
8 12 12
15 18 8
4 8 8
5 7 10
8 11 10
6 10 6
21 0 5
9 14 3
2 5 3
18 21 4
11 13 6
2 5 2
5 10 4
20 23 10
16 19 10
2 6 5
20 23 1
19 23 13
6 9 11
17 21 4
23 0 7
0 4 11
12 14 4
11 15 7
3 6 12
7 10 3
14 16 11
14 18 11
8 11 13
13 15 12
11 11 6
18 21 8
5 8 13
20 0 10
23 0 10
6 10 1
17 19 8
18 21 8
5 6 1
16 17 11
5 8 13
20 23 5
14 18 8
5 7 7
22 2 1
14 16 13
14 16 3
10 11 3
9 13 7
0 3 4
10 12 4
18 19 3
4 7 6
4 6 12
20 23 4
20 22 8
13 16 12
23 3 8
23 1 5
3 4 9
9 13 12
23 2 13
21 23 4
23 2 8
3 6 1
17 17 2
21 1 2
23 5 2
3 5 2
11 12 5
18 22 2
19 20 5
14 18 1
7 9 13
21 0 12
15 16 5
9 11 9
8 10 12
3 5 1
20 23 1
8 12 10
0 3 11
23 0 6
5 7 13
20 0 4
17 21 7
15 17 1
5 9 5
11 14 10
1 5 7
20 22 1
8 12 3
12 16 5
22 0 7
13 15 9
4 6 1
14 18 13
13 16 8
20 22 13
22 0 8
1 4 4
13 17 2
20 23 8
6 9 4
3 5 3
19 22 12
10 13 7
0 3 7
6 9 5
7 9 13
13 16 7
22 0 8
2 5 5
11 15 8
19 22 1
9 13 12
3 7 6
23 1 10
18 22 7
2 5 5
19 22 9
19 22 13
2 5 11
12 16 9
22 23 11
3 5 3
8 10 6
1 4 1
20 23 13
21 22 13
17 20 7
3 4 13
2 4 5
16 19 7
10 14 7
23 3 2
2 4 4
14 16 7
22 1 7
17 21 6
23 0 6
12 15 2
20 21 4
23 2 6
5 9 1
16 19 11
6 8 1
22 1 9
20 22 9
20 23 1
5 9 8
0 4 8
16 20 13
21 23 5
6 10 13
16 19 4
20 1 12
13 16 5
20 0 4
0 4 10
14 17 8
23 2 4
12 14 1
4 7 5
19 0 7
9 13 1
23 3 7
11 15 8
13 16 9
5 8 5
11 14 1
17 20 6
20 1 4
5 11 1
18 21 5
3 7 5
12 14 3
15 18 1
11 13 13
14 17 3
11 15 9
16 19 10
1 4 10
18 19 1
4 6 11
22 2 10
23 2 8
14 17 1
6 9 5
0 3 12
8 12 9
15 17 6
16 19 12
12 13 10
21 1 2
1 3 9
20 22 13
16 21 6
5 8 3
22 2 4
3 7 5
13 15 9
13 15 11
12 14 10
10 11 2
18 20 11
3 7 12
12 15 9
3 5 11
14 15 2
8 12 4
1 5 8
8 10 10
5 8 1
13 15 5
16 19 13
17 21 3
15 17 8
18 21 4
3 4 2
13 16 6
23 3 13
15 19 4
4 6 11
5 7 2
4 5 3
21 23 2
6 9 13
4 7 11
19 21 1
2 5 12
20 23 1
0 3 6
22 2 9
12 15 8
12 14 8
18 19 11
17 20 6
2 5 9
1 4 4
14 17 6
6 9 11
4 6 4
1 4 5
2 5 5
8 11 7
11 15 8
16 19 10
1 3 11
16 18 4
9 15 13
15 20 8
15 17 2
4 6 6
0 4 10
8 9 10
11 14 3
23 3 9
15 17 11
13 15 13
19 23 1
23 2 8
19 23 9
23 3 10
10 13 2
21 23 9
20 22 5
15 18 9
2 3 8
13 15 5
2 6 7
4 5 8
7 9 4
4 9 4
6 8 11
11 13 7
3 5 4
8 12 3
17 21 10
1 4 11
11 13 8
8 11 5
21 0 8
23 2 5
7 10 4
7 10 5
13 14 10
4 7 9
18 21 3
3 8 7
19 22 2
17 21 13
21 1 4
14 18 3
19 22 10
17 20 12
15 18 1
1 6 5
11 13 2
5 7 2
23 2 10
17 19 12
5 8 5
12 15 11
15 18 9
17 21 8
10 13 5
10 12 11
9 14 13
3 8 2
14 16 7
12 14 6
23 1 2
21 23 7
2 9 10
19 23 1
1 5 3
14 16 6
18 21 3
8 13 7
11 14 12
22 1 4
17 19 3
22 1 10
23 4 10
20 23 6
23 3 12
19 20 2
0 4 3
0 3 6
13 15 4
22 1 3
5 7 11
11 14 5
14 17 4
4 8 9
4 5 12
0 4 8
10 13 6
1 4 8
9 12 8
6 9 11
10 12 1
7 10 5
13 16 10
6 9 10
8 11 9
10 11 5
11 16 3
0 4 4
8 11 5
0 4 10
13 16 1
18 22 13
4 8 3
5 8 1
8 10 7
20 23 2
13 17 3
1 4 11
9 12 4
23 0 7
10 14 7
4 7 12
6 9 12
16 18 2
18 22 8
11 13 2
4 8 5
10 13 4
13 16 5
8 10 6
14 19 9
8 11 8
4 8 9
15 18 7
14 17 6
1 6 8
17 21 6
19 23 3
20 22 2
11 14 10
21 1 13
16 18 11
11 14 6
11 15 8
8 12 2
19 22 9
2 5 2
10 15 9
20 23 4
17 19 1
20 22 1
18 20 3
5 8 3
15 19 3
5 9 12
0 3 2
5 7 2
9 11 9
6 10 8
0 3 7
0 4 2
16 18 4
17 19 11
18 21 1
8 11 13
17 21 9
0 2 12
17 19 10
5 9 11
22 0 3
16 18 12
22 23 4
4 6 7
1 5 3
10 12 4
8 11 3
20 0 5
3 5 10
1 4 10
1 3 2
19 23 4
11 15 3
9 13 5
9 13 2
1 3 6
4 6 8
18 22 13
23 2 4
0 3 11
3 6 7
23 2 8
9 12 2
5 8 1
5 11 7
7 11 9
18 21 1
8 12 6
16 20 13
22 1 6
18 22 2
3 5 6
13 17 1
10 12 9
22 2 7
13 16 11
12 14 8
15 18 5
3 5 2
20 23 6
12 14 10
9 11 4
20 22 6
1 5 5
19 23 10
7 10 5
6 9 8
20 23 9
17 19 4
1 4 9
18 22 3
3 6 6
19 22 10
22 2 1
17 18 7
23 3 12
15 18 7
5 9 9
2 7 4
5 7 3
8 10 12
23 3 12
12 14 5
14 19 5
6 8 1
7 10 12
3 6 10
7 10 5
5 9 9
15 19 7
19 23 3
23 3 9
12 16 6
7 9 7
8 12 4
4 9 6
10 13 6
20 23 5
13 15 11
18 21 9
6 9 12
16 20 1
0 4 13
23 1 7
23 1 12
17 19 3
18 20 3
19 22 2
0 3 9
21 1 1
18 21 9
0 4 1
22 1 1
17 22 6
10 14 8
9 13 8
11 12 4
1 6 5
5 9 6
8 12 5
5 6 6
6 9 9
11 15 11
23 3 2
6 10 2
13 16 12
13 15 7
14 17 8
9 13 7
6 8 2
3 6 9
18 20 13
15 19 10
22 2 3
22 0 10
1 4 11
8 11 10
12 13 8
13 16 9
16 18 7
17 21 9
22 23 2
20 23 13
13 16 5
16 18 8
4 6 5
0 4 10
9 13 9
15 18 4
11 14 7
20 0 2
15 19 12
2 4 4
3 5 4
0 5 13
16 19 3
8 13 7
16 19 8
5 7 6
11 14 12
12 15 10
10 13 13
13 15 9
10 13 9
4 7 3
16 19 4
15 19 2
21 1 2
4 8 12
6 9 7
13 17 4
23 4 4
0 4 2
7 10 9
21 22 1
4 8 13
1 3 4
7 13 11
16 19 2
12 14 8
14 18 6
20 23 11
11 15 3
8 13 7
23 2 11
3 6 13
19 20 9
19 20 13
9 12 11
19 23 13
8 13 13
4 8 9
17 20 10
19 23 3
22 2 2
8 11 11
10 13 7
13 17 8
10 15 5
17 18 10
4 8 4
23 2 12
8 9 13
