100 4
9 4 10 5 
9 12 2
13 16 1
7 10 1
0 2 2
11 15 3
18 22 1
10 11 2
1 5 4
7 10 4
8 10 3
8 12 3
16 19 4
2 5 2
19 21 1
7 10 3
4 8 3
8 10 3
8 10 1
3 6 2
6 10 3
10 13 1
9 12 3
6 7 2
23 4 2
21 2 3
7 10 2
18 22 1
12 15 4
16 19 2
4 8 1
13 18 1
5 9 1
2 6 4
19 20 2
19 21 3
23 1 4
9 12 2
8 10 4
0 4 1
16 19 3
19 21 3
21 1 3
17 22 3
0 4 1
11 13 2
2 6 3
5 6 4
2 5 2
0 2 4
11 15 4
22 1 2
11 12 4
8 11 2
23 3 3
13 19 4
11 15 3
18 21 1
21 2 2
3 7 1
21 0 4
0 4 3
17 18 4
6 11 4
7 10 4
8 10 3
18 20 3
18 21 1
5 8 2
3 9 3
10 13 2
22 0 3
14 18 1
18 21 3
3 7 1
23 2 3
14 19 3
21 1 3
4 9 1
5 9 3
8 9 1
18 22 2
23 1 4
16 20 1
4 6 3
10 13 3
23 2 4
3 5 2
21 2 4
6 9 3
5 9 2
6 11 2
18 20 4
9 12 2
21 2 4
0 5 4
4 8 1
16 19 1
14 16 3
5 10 1
23 2 2
