850 15
4 7 8 7 6 5 6 2 6 6 10 9 4 4 4 
0 5 5
15 19 15
13 15 4
10 13 4
11 14 3
6 9 7
11 15 14
2 5 14
9 12 12
8 12 1
13 16 14
10 14 5
5 8 6
3 5 3
3 6 15
8 10 9
5 9 12
5 7 3
5 7 12
18 22 5
14 17 4
1 3 8
4 7 14
15 18 3
8 12 8
13 16 1
7 11 7
13 16 14
10 12 10
11 14 3
5 9 7
11 14 12
7 9 6
21 23 14
21 0 14
16 18 2
6 10 11
6 7 8
20 22 13
7 10 7
19 0 7
3 6 11
13 15 4
4 8 10
7 9 13
2 3 9
10 14 3
3 5 1
5 8 5
14 15 6
9 11 4
2 6 5
8 11 5
7 10 7
1 5 14
9 11 8
0 3 4
19 22 4
1 5 4
3 6 12
23 3 1
10 15 5
11 13 1
17 20 13
1 4 11
12 13 5
7 9 6
18 23 8
8 10 13
12 14 14
1 3 2
6 10 6
17 22 9
22 1 7
9 11 5
7 11 8
7 11 15
0 3 5
1 3 12
6 10 14
3 7 7
17 20 12
20 23 10
6 7 8
14 17 10
9 14 11
16 20 13
20 23 7
16 18 10
11 14 1
15 18 2
10 13 3
21 0 8
19 22 8
21 0 4
1 3 12
23 1 8
14 17 5
21 23 10
1 4 14
3 6 12
13 16 11
15 19 5
18 21 9
8 11 5
22 0 2
2 7 13
19 21 9
14 17 6
20 23 4
16 18 6
6 10 6
9 11 8
15 19 13
0 2 14
18 22 11
7 10 7
8 11 3
13 14 8
4 8 2
13 16 7
17 21 4
16 18 7
1 5 2
10 15 15
14 18 10
1 5 4
4 9 8
3 6 15
4 8 3
3 4 3
21 23 13
22 1 13
16 20 8
9 11 3
7 9 13
7 10 11
8 11 1
18 19 4
8 10 4
22 1 3
2 5 12
3 4 7
16 18 4
15 19 1
22 1 11
4 9 12
4 9 7
9 12 6
2 5 8
8 9 7
23 2 3
15 19 12
5 8 6
9 12 10
16 20 10
2 5 13
14 19 14
23 0 13
12 15 10
21 0 8
3 8 5
0 2 15
7 9 8
23 2 3
21 23 6
21 22 3
21 23 15
8 11 4
16 17 12
23 1 1
3 7 2
22 0 1
20 0 13
22 1 2
5 9 12
4 9 1
20 22 7
17 21 14
0 4 10
23 3 13
9 13 6
14 17 5
5 8 2
14 15 5
23 0 9
5 10 1
4 6 12
16 18 8
1 4 10
6 9 8
22 0 10
9 11 6
9 12 11
0 2 1
20 0 14
13 16 6
10 12 7
13 17 3
13 16 6
4 7 15
2 5 2
6 8 10
16 19 6
10 14 15
4 5 10
8 13 5
12 15 1
3 6 10
23 2 4
20 23 7
3 4 10
22 2 15
0 5 11
3 6 5
12 14 4
17 20 10
0 3 5
21 1 2
12 14 11
17 23 8
17 18 14
16 20 10
17 19 6
14 17 14
3 7 14
20 0 6
16 20 1
13 16 3
15 18 15
3 6 15
4 10 12
17 21 12
4 9 11
6 9 11
23 0 4
7 9 9
19 21 5
13 18 15
4 8 3
0 1 3
23 5 10
2 5 11
21 1 2
3 6 14
16 20 12
5 7 2
9 13 4
5 7 12
18 21 3
15 17 12
22 2 4
8 11 12
3 7 12
3 7 7
3 6 13
19 21 10
10 14 2
21 2 14
0 3 7
7 10 1
15 19 7
14 18 3
21 23 10
10 14 4
11 14 7
11 14 5
12 13 9
7 12 4
1 3 9
1 5 12
21 1 12
22 2 12
3 7 12
19 21 13
2 4 6
21 1 2
6 10 7
5 7 6
8 12 14
15 18 9
7 12 3
12 15 15
8 11 11
20 0 13
23 4 10
11 15 10
3 6 5
20 22 3
6 10 4
0 4 4
9 13 15
21 2 1
15 20 14
18 20 12
12 14 15
16 20 12
5 8 9
22 23 14
14 17 11
23 3 13
2 7 1
13 17 5
1 5 1
7 8 10
21 2 7
8 10 7
13 17 8
7 10 5
18 21 10
19 21 12
2 6 8
6 10 9
3 6 8
17 20 9
19 0 2
18 23 10
5 9 6
2 6 7
16 21 6
12 15 1
23 3 13
6 11 7
11 12 14
18 20 3
3 6 12
19 19 1
12 15 2
15 18 15
18 21 1
0 3 7
19 20 1
3 5 7
9 12 8
4 8 2
6 8 1
23 3 10
12 15 10
4 9 3
17 18 6
3 7 3
22 1 6
17 19 6
5 8 15
13 14 10
23 1 3
19 22 10
8 12 5
14 17 13
7 11 8
20 23 1
8 11 15
22 1 4
16 20 13
8 10 3
11 15 5
9 10 13
1 3 4
12 15 11
14 18 6
15 17 15
16 20 4
1 4 3
23 1 1
12 15 12
23 3 10
22 0 2
19 1 15
21 1 1
19 22 9
13 17 15
14 17 15
22 1 8
5 9 3
6 9 2
8 12 14
10 14 15
20 1 5
20 0 4
18 20 11
8 12 4
21 1 8
19 20 4
5 9 15
23 1 15
8 11 4
19 23 10
9 14 11
4 9 2
3 7 13
18 21 4
21 0 12
19 21 11
12 16 2
4 7 3
9 11 10
7 10 8
2 5 1
17 21 1
20 22 6
10 13 9
6 10 4
1 5 11
6 9 5
10 15 6
3 5 11
22 2 12
15 17 12
15 19 11
11 14 11
12 15 12
14 17 7
16 21 12
9 12 15
7 10 15
22 0 5
14 16 9
4 6 10
15 19 15
10 14 12
13 14 15
0 3 15
21 1 8
11 12 8
1 3 14
22 1 12
6 9 12
13 17 15
22 1 3
21 2 11
2 6 4
21 2 5
23 2 3
14 17 11
12 13 6
23 2 12
2 5 6
19 20 1
7 11 12
16 18 1
6 9 1
5 8 9
11 15 8
10 15 12
13 16 4
23 1 11
0 2 9
18 23 10
4 7 3
9 11 6
15 20 7
7 10 15
19 23 7
4 6 1
20 0 9
10 14 12
22 23 15
22 2 1
14 17 9
15 17 13
3 5 4
18 20 3
11 14 9
7 11 15
19 21 9
17 22 4
13 15 13
9 11 1
20 23 6
16 19 9
11 14 15
14 19 14
11 13 2
21 0 11
0 4 10
23 1 14
7 11 1
18 20 9
23 2 11
12 13 3
9 11 2
5 7 14
9 13 2
8 11 14
9 12 1
7 9 7
21 1 13
4 8 4
23 2 15
4 7 3
20 22 6
9 13 13
7 11 8
0 3 10
4 8 15
0 4 14
20 0 7
8 11 10
13 16 8
5 8 4
19 21 14
21 23 14
22 1 13
23 1 10
8 10 11
3 5 1
1 3 3
17 20 11
11 14 11
18 22 5
2 6 10
13 15 11
11 14 5
10 13 10
13 18 6
8 12 10
13 15 4
6 9 10
5 8 6
16 20 3
18 21 13
11 14 7
12 16 7
3 6 10
13 15 13
19 23 6
13 16 1
3 6 15
18 21 12
6 9 1
22 2 9
5 8 12
21 0 15
15 19 3
3 5 2
22 1 15
13 16 13
5 8 12
16 21 8
11 14 8
20 23 7
20 21 4
21 0 13
22 2 7
8 11 3
9 11 2
0 2 4
8 10 14
11 12 6
19 22 5
14 18 6
3 5 6
17 21 9
4 8 13
4 6 2
17 18 2
0 4 7
4 7 1
10 13 6
19 22 8
17 20 14
13 16 15
7 10 12
6 9 1
17 19 3
18 20 15
7 12 4
19 23 8
1 4 4
12 16 12
8 11 9
19 22 14
5 9 12
13 15 15
9 10 12
19 22 8
8 10 9
4 7 11
10 14 3
16 20 14
19 22 15
19 21 5
22 0 4
23 2 4
17 22 14
2 6 3
13 15 6
10 14 5
21 22 5
14 18 13
23 4 14
3 6 15
20 22 3
6 8 11
18 21 10
13 17 9
20 23 13
22 1 14
23 3 4
18 21 11
12 15 14
11 14 12
23 1 5
10 11 13
3 6 8
11 13 14
0 3 15
9 12 5
9 11 11
21 1 5
19 22 6
13 16 2
0 2 9
3 7 13
12 14 10
19 21 13
6 7 4
10 12 3
16 19 15
17 19 6
13 17 7
18 22 14
21 0 7
16 20 6
21 1 12
5 9 13
8 13 9
3 4 1
13 17 11
1 6 14
12 16 1
17 19 1
17 20 9
13 15 12
22 1 8
10 14 7
0 0 10
22 3 1
18 20 11
5 8 1
23 1 11
2 5 5
21 22 3
13 17 10
17 20 5
6 7 5
12 17 14
17 20 13
17 20 1
15 19 7
7 9 5
1 3 11
18 23 6
17 20 12
23 2 12
20 23 7
23 1 12
16 20 4
22 1 12
22 2 10
17 21 9
6 8 10
9 13 12
7 9 9
4 6 11
19 23 13
22 2 9
20 0 5
6 10 7
11 16 12
18 20 1
12 14 6
12 14 2
7 10 9
11 13 15
5 8 15
11 13 8
14 17 14
9 13 8
15 19 1
20 0 7
22 2 10
6 9 5
23 3 7
16 20 13
12 15 6
11 13 12
10 14 10
2 5 13
5 6 15
22 0 7
16 20 10
21 2 5
10 13 9
16 18 3
14 18 12
10 13 13
19 22 7
4 6 6
3 7 10
11 15 15
13 15 8
13 17 11
14 16 8
15 17 14
1 3 10
7 11 9
13 17 14
14 18 9
6 9 15
16 20 3
9 12 2
19 22 13
19 22 7
11 12 15
8 11 15
21 1 1
4 6 4
3 7 15
0 3 1
3 6 7
22 3 6
10 14 3
10 13 6
12 15 14
4 9 10
13 15 3
1 5 11
20 1 13
13 16 6
12 15 12
1 5 9
12 15 4
15 18 3
14 18 2
6 9 11
4 8 11
1 4 4
11 14 8
19 23 4
16 19 4
23 3 13
7 8 6
23 3 5
2 6 9
11 14 9
12 16 15
6 7 3
2 5 15
17 20 13
11 14 4
0 2 10
8 12 6
3 5 9
16 19 15
19 21 4
13 17 10
11 14 8
7 9 9
4 6 8
14 16 8
1 4 1
14 19 12
2 6 13
18 23 1
8 11 9
5 9 2
18 21 10
23 2 6
11 13 15
13 15 7
3 5 9
6 7 15
22 2 2
8 10 9
12 16 1
16 19 9
9 14 15
0 3 3
19 21 7
14 18 4
16 19 3
5 8 14
3 6 10
19 22 10
0 3 11
20 1 7
6 10 6
17 19 13
20 0 14
15 18 14
20 0 5
12 15 8
6 9 2
12 16 14
3 6 9
13 15 7
11 15 13
15 19 6
6 11 4
19 21 8
2 5 11
9 12 15
0 4 11
13 16 11
9 13 10
8 11 2
10 14 14
17 21 3
4 6 5
3 4 14
0 2 4
16 19 2
14 17 11
6 10 15
18 23 5
4 8 11
23 2 11
16 18 5
0 4 4
8 12 2
23 2 12
12 14 11
14 16 3
0 6 9
5 8 3
11 15 12
1 6 1
20 23 9
13 17 11
1 4 15
14 16 8
6 10 12
4 7 6
8 12 13
18 22 2
1 4 2
2 5 6
20 0 8
16 17 10
3 6 15
0 3 6
5 10 9
8 11 8
23 2 11
21 23 9
22 2 9
7 10 5
3 6 9
12 15 7
