950 15
5 6 9 4 7 9 10 3 1 8 5 3 2 5 10 
15 17 8
13 16 14
17 21 4
18 21 15
16 21 4
19 21 11
2 4 12
16 19 14
19 21 14
8 11 12
2 5 15
4 8 11
18 19 1
19 23 7
3 5 2
12 16 12
10 14 12
22 1 15
6 9 14
2 4 2
20 0 15
3 6 3
18 20 11
23 2 11
15 19 8
6 10 14
7 10 5
21 0 5
8 12 10
14 17 3
8 12 7
4 6 5
2 5 7
12 14 7
6 8 5
19 21 1
0 3 1
21 23 9
6 7 13
12 16 15
7 10 12
13 17 10
12 15 4
10 13 10
12 16 11
19 22 8
4 7 5
1 5 4
17 20 4
7 10 1
16 19 5
16 18 10
3 6 3
9 13 5
18 21 11
5 10 15
10 12 4
6 8 6
12 15 14
21 23 11
3 7 5
18 20 6
14 17 3
11 15 13
1 2 15
1 4 5
17 20 15
4 6 9
15 17 13
20 22 3
19 23 13
2 6 8
21 0 11
14 15 14
14 18 8
1 4 5
3 6 7
7 12 13
19 23 7
17 20 12
3 5 1
6 9 8
17 20 13
7 10 3
8 11 7
17 20 10
20 23 7
5 7 15
15 17 4
7 11 9
18 20 9
6 10 5
15 17 14
20 0 11
16 19 3
20 0 2
4 6 8
7 9 12
4 6 14
23 1 10
13 16 5
10 14 12
22 1 5
14 17 14
0 5 13
21 0 5
18 22 2
5 6 10
22 1 6
10 13 1
13 18 13
8 10 11
13 15 15
12 13 8
6 9 14
10 13 8
16 19 12
0 3 6
20 22 5
17 21 5
10 15 14
5 8 8
17 21 7
15 16 6
19 23 8
4 8 1
18 20 13
13 15 14
21 1 10
4 7 1
2 5 9
10 13 10
5 8 2
17 18 4
7 11 6
17 21 11
3 4 4
8 11 9
9 10 5
23 1 15
15 19 6
8 10 13
17 19 9
18 20 6
16 18 7
17 21 15
3 7 4
6 10 5
19 21 15
12 14 12
18 22 6
3 4 4
6 7 9
10 13 6
11 14 2
16 18 8
18 21 3
20 0 4
6 9 9
9 12 2
2 3 10
11 15 5
22 0 4
21 1 14
1 2 14
13 16 6
0 2 4
16 18 13
16 20 11
14 16 8
10 14 8
20 23 3
6 8 2
18 20 8
22 0 1
8 9 8
7 9 6
10 12 8
14 16 6
10 14 12
18 22 3
8 10 6
0 3 5
1 2 1
10 14 3
8 9 1
12 15 15
7 11 11
11 13 7
19 21 1
20 23 6
18 20 13
2 5 3
22 1 9
17 20 12
5 8 1
0 2 10
9 13 4
22 23 3
14 16 14
2 6 12
19 22 7
17 20 1
17 19 3
19 22 4
21 23 11
9 11 15
2 6 14
0 5 13
12 16 6
4 5 14
4 7 12
11 12 12
20 23 12
11 13 7
16 19 15
3 4 12
11 14 4
23 0 6
13 17 3
17 20 9
1 4 7
21 0 11
16 20 9
12 14 2
14 20 5
4 7 7
13 16 4
10 12 11
11 13 14
7 9 15
15 18 11
22 2 10
10 15 8
12 15 12
4 7 12
0 3 5
13 16 10
4 6 2
10 12 5
6 10 10
11 14 5
20 23 4
11 14 12
4 6 7
23 2 12
8 11 11
16 19 9
11 14 10
8 12 1
6 10 9
21 0 1
0 3 8
8 9 3
12 15 15
14 17 8
20 22 15
18 22 1
13 18 2
8 10 11
2 6 15
22 1 5
17 20 6
12 14 7
21 1 14
10 15 2
22 2 11
10 13 8
21 23 7
5 8 10
16 19 13
15 19 3
7 11 7
22 23 8
13 15 13
4 7 2
0 5 12
9 12 10
8 11 5
1 4 14
2 6 14
0 2 11
8 10 7
16 19 7
1 5 10
16 19 14
23 2 3
8 10 13
0 4 8
20 23 12
0 2 10
3 6 3
7 10 1
19 0 10
18 20 4
13 17 3
10 13 6
19 0 10
23 2 10
15 17 9
10 14 10
1 4 11
7 10 10
11 13 11
9 13 11
1 5 12
1 4 15
15 18 15
12 14 10
22 1 6
20 0 14
6 8 11
23 1 15
23 2 3
4 7 6
10 12 11
21 0 3
3 6 6
10 13 2
0 2 11
14 18 9
14 18 3
16 17 2
0 4 12
12 15 2
7 9 14
4 6 9
1 5 1
3 5 5
9 11 13
19 21 15
23 4 4
22 0 13
17 19 13
7 12 4
3 8 4
18 20 9
23 2 8
19 21 12
0 6 4
8 10 11
0 4 7
5 8 3
7 10 6
5 9 6
2 6 8
3 6 11
15 18 13
6 8 1
22 2 2
8 11 4
17 20 1
4 7 8
18 22 14
13 16 5
15 20 11
20 1 6
16 19 15
9 12 1
11 15 9
10 14 9
14 18 3
1 4 14
16 19 12
18 21 15
17 20 1
19 22 9
4 8 14
9 14 7
7 10 4
3 8 5
11 15 1
18 20 8
15 18 1
14 19 13
11 13 1
1 1 1
6 9 11
5 9 1
9 13 3
10 13 14
7 10 1
16 18 3
3 6 5
8 13 3
1 5 11
3 6 5
1 4 14
22 1 4
9 13 11
14 17 1
15 18 14
4 6 1
20 1 2
1 3 5
16 19 5
5 8 6
22 2 12
19 22 11
19 22 11
3 5 3
20 23 12
15 18 2
13 16 9
12 15 4
14 17 13
3 4 9
8 12 11
16 19 7
8 11 2
13 16 8
5 7 2
22 0 14
5 8 6
8 10 9
17 21 6
23 2 2
20 0 6
12 16 9
14 18 3
21 0 15
5 9 7
18 22 7
19 22 12
3 7 9
10 14 3
0 1 5
23 3 6
17 20 4
14 16 11
22 2 7
8 11 13
10 12 6
16 20 15
21 23 6
19 0 15
22 1 6
15 17 2
1 4 12
10 13 1
1 5 4
12 13 3
19 22 3
3 6 6
1 3 11
2 5 12
11 13 14
8 11 13
16 18 2
15 17 14
18 22 11
15 18 14
1 4 5
5 9 10
23 2 4
21 0 9
14 16 13
15 19 15
4 6 7
12 15 8
19 23 6
15 17 10
22 1 12
7 9 3
19 22 2
5 6 7
20 0 2
2 4 1
7 9 3
12 17 13
15 18 4
18 22 4
10 12 7
5 8 13
8 11 14
22 1 9
11 14 6
16 17 2
4 7 1
7 11 4
18 19 3
6 8 3
14 16 12
1 5 5
16 19 10
14 16 9
1 5 6
15 17 12
2 4 10
15 18 8
23 3 11
0 5 15
15 17 7
14 19 11
21 0 13
4 7 10
4 7 4
21 0 4
17 22 1
11 15 13
17 19 1
17 20 3
18 20 2
14 17 3
5 8 5
7 10 15
15 16 12
8 9 7
1 4 2
16 18 3
22 1 9
20 1 3
21 23 1
22 0 2
15 18 10
19 21 8
1 4 7
13 16 10
1 5 9
1 4 15
15 17 12
3 7 9
19 1 3
4 7 7
9 13 12
3 5 7
10 12 15
20 23 12
21 23 7
19 23 3
22 0 12
20 21 14
1 5 6
3 7 15
6 8 2
15 19 9
21 1 8
4 8 4
3 6 3
7 9 2
5 7 6
14 16 8
1 3 8
6 9 5
7 10 4
1 3 15
8 9 7
21 22 7
13 17 14
23 2 5
21 22 2
10 12 9
16 18 4
19 21 2
19 20 5
22 1 12
0 3 9
0 1 4
2 6 1
13 17 6
1 3 4
5 7 10
18 21 1
18 22 14
15 19 4
12 16 4
1 4 13
16 19 1
6 7 7
6 9 14
18 19 13
22 1 14
11 13 9
13 16 11
8 11 2
9 13 12
8 11 7
22 0 11
15 18 6
1 4 1
6 9 5
10 13 1
21 23 7
0 3 2
4 7 14
16 17 2
9 12 4
5 9 10
19 21 13
22 0 15
22 2 6
5 9 8
20 23 1
22 1 1
8 12 11
14 17 15
15 16 10
9 12 6
16 19 12
1 3 4
2 5 6
6 9 15
3 6 12
7 10 12
12 15 2
23 3 3
15 17 3
7 11 10
19 22 13
5 9 7
13 16 8
1 4 15
7 11 13
22 2 5
10 13 12
7 10 10
17 19 2
22 0 5
1 5 5
12 15 6
23 2 5
23 2 5
8 11 11
17 18 5
11 15 8
2 6 14
22 0 5
6 10 10
9 13 1
9 11 7
14 15 5
15 18 10
6 9 12
16 20 3
18 20 13
17 22 4
0 4 3
18 22 9
12 15 2
5 8 5
11 14 8
2 5 8
12 16 15
3 5 14
5 7 2
23 5 5
21 0 14
18 20 3
20 1 5
8 10 7
3 4 11
14 18 10
8 11 10
3 5 3
12 15 13
15 18 8
22 3 11
15 18 11
18 20 2
4 9 7
17 20 2
15 18 2
6 10 2
19 23 6
22 0 7
1 4 3
11 13 14
7 10 15
1 5 4
16 20 4
12 16 2
8 12 8
21 0 14
17 19 8
1 5 4
15 18 8
22 23 12
21 1 14
1 4 10
8 11 5
5 8 1
1 5 11
4 6 13
3 7 12
21 23 7
2 5 7
4 6 2
3 7 10
23 3 12
7 10 1
5 7 10
22 1 15
6 9 13
13 16 5
23 1 13
23 1 3
20 22 14
11 15 5
16 19 11
20 23 14
17 19 15
23 1 7
12 16 6
2 5 3
21 0 3
23 2 10
6 9 1
16 20 6
19 22 11
9 12 10
22 1 8
5 8 1
11 12 7
21 0 15
12 17 11
17 20 3
2 6 1
10 13 13
23 2 14
3 6 5
16 19 3
20 23 3
20 22 12
2 4 6
23 4 5
5 9 11
7 10 5
0 5 9
5 7 2
19 22 3
9 12 1
12 15 2
13 15 14
8 12 15
14 18 12
13 17 12
21 0 14
2 6 1
20 23 11
1 4 10
4 6 7
2 4 4
4 9 9
8 12 5
18 21 14
20 0 3
19 23 14
11 14 10
1 4 9
18 21 15
19 23 15
12 15 8
20 23 7
7 9 9
14 17 14
21 23 9
12 16 5
9 13 2
12 17 9
1 2 13
5 10 9
11 12 5
7 9 5
2 6 4
14 17 5
22 0 7
18 21 6
14 17 7
10 14 12
14 16 9
23 2 7
10 13 12
0 2 9
17 20 4
6 9 14
16 17 8
0 3 6
9 11 3
21 23 4
18 21 2
18 22 4
0 4 5
1 3 2
21 0 1
14 18 4
19 21 13
15 19 13
13 15 4
11 14 2
3 5 3
4 7 2
7 11 11
8 10 10
16 18 11
20 23 10
6 10 11
15 17 15
21 0 13
10 12 1
12 15 7
2 5 10
6 8 14
8 12 15
22 1 13
1 4 11
13 16 7
18 21 11
19 22 6
2 4 14
1 5 8
21 0 4
9 11 7
13 16 5
18 21 3
0 4 12
19 20 7
9 13 12
16 18 11
20 0 7
17 20 14
18 21 6
7 11 6
23 4 7
22 1 14
4 7 9
12 14 6
10 12 5
15 18 3
19 21 4
13 17 4
5 8 4
19 22 8
10 12 11
19 23 4
16 19 10
2 5 12
23 0 1
19 22 10
10 12 7
13 16 9
12 16 6
0 0 12
2 4 4
20 23 12
7 9 7
21 23 7
12 15 2
12 15 13
5 6 5
6 9 8
3 6 4
8 10 7
18 21 2
1 4 2
7 11 3
12 15 5
15 18 6
18 23 13
16 18 14
0 2 15
14 16 14
18 22 10
20 0 12
20 0 15
17 20 2
15 17 5
10 12 8
19 22 12
23 1 6
3 4 1
8 12 12
8 11 14
18 21 4
1 4 9
7 9 9
14 19 1
0 2 2
13 17 2
5 9 11
13 16 7
20 22 15
17 22 11
23 3 3
10 14 14
22 0 2
11 14 1
19 23 3
3 6 5
9 14 2
5 9 4
20 0 2
1 4 2
0 4 14
19 22 11
2 6 8
16 18 6
18 20 12
17 22 11
18 20 9
14 18 2
14 14 3
1 4 8
4 6 1
16 19 5
11 16 3
14 17 13
8 10 6
2 4 4
11 15 9
1 3 11
6 9 4
0 4 14
4 7 4
22 22 8
9 13 10
7 11 4
12 15 10
18 21 9
23 3 13
4 8 15
6 9 8
17 19 6
8 12 10
3 6 7
2 4 15
19 22 10
2 6 11
7 11 11
5 9 2
11 14 15
4 8 5
9 13 11
2 6 11
0 4 9
13 15 7
22 0 3
12 14 6
12 15 14
18 20 12
4 6 1
18 21 6
17 22 7
15 17 8
8 11 12
9 11 2
17 20 3
10 14 6
7 11 12
20 23 2
10 13 4
