500 13
9 4 5 9 2 8 8 5 7 5 3 6 7 
9 11 7
14 17 5
10 12 4
15 19 9
3 6 7
7 9 11
19 22 3
7 11 10
10 12 13
1 6 1
1 3 12
23 2 4
3 5 10
2 5 6
23 1 8
10 13 13
5 8 2
23 3 10
7 10 9
8 13 5
19 21 6
21 23 2
14 16 3
9 12 9
19 22 12
9 13 4
12 16 1
19 21 4
20 2 10
15 19 12
21 0 8
16 17 11
7 12 11
13 17 13
22 0 8
0 4 6
3 4 13
1 3 2
0 3 6
19 21 12
0 3 6
17 19 11
17 19 7
2 5 12
12 14 8
12 15 1
13 16 2
10 14 1
20 22 2
11 13 11
12 15 11
7 11 1
19 23 5
1 4 4
20 23 6
4 8 3
15 17 13
9 12 5
12 15 12
12 14 10
8 10 8
11 12 6
15 17 11
22 3 4
3 7 4
9 12 5
4 7 6
20 0 1
20 22 13
3 6 8
15 18 10
6 9 4
4 7 7
7 9 11
3 7 6
4 6 13
11 15 3
5 8 4
11 14 5
19 23 4
14 17 12
11 14 10
0 3 1
10 12 3
2 3 11
7 10 6
18 23 11
5 10 2
20 22 10
9 12 5
16 21 11
14 17 5
0 2 1
2 3 12
1 5 2
12 14 2
2 5 8
18 21 9
20 22 10
7 11 2
5 9 10
22 2 2
19 22 7
19 22 6
5 9 13
12 16 9
6 9 13
23 3 7
3 5 1
6 11 9
14 15 7
15 18 3
0 2 3
13 15 2
4 7 10
3 5 1
9 12 3
4 7 3
10 14 4
4 7 12
22 1 7
21 22 6
22 3 2
11 13 9
13 16 4
19 22 8
21 1 12
21 0 5
2 4 13
14 17 9
21 23 8
15 17 9
5 7 13
5 9 7
14 17 7
20 1 2
14 16 9
23 2 4
14 17 1
4 8 8
20 23 2
16 18 5
14 16 3
22 1 2
4 6 4
8 12 3
23 2 4
5 8 6
21 1 3
5 8 11
4 7 13
19 0 13
5 9 7
20 23 10
5 8 12
5 8 9
4 6 7
7 11 8
20 23 7
19 23 6
19 23 8
21 21 6
13 17 6
11 13 7
19 22 8
2 4 3
0 1 5
8 10 2
14 16 13
3 7 6
19 23 4
18 22 5
18 21 5
1 5 5
1 5 6
1 4 13
23 4 6
4 8 13
10 13 1
23 1 3
20 1 9
13 18 9
5 7 8
6 11 8
14 19 4
18 21 12
5 8 2
15 18 12
2 6 1
13 17 6
12 14 8
1 2 9
20 22 8
22 1 6
17 20 8
22 1 7
0 4 13
8 11 8
6 10 6
5 7 2
22 1 4
6 12 12
3 6 9
13 16 10
6 8 11
23 3 7
9 12 11
5 9 2
11 14 3
17 21 7
6 10 9
17 19 10
17 22 10
7 11 1
18 22 4
10 13 13
8 12 6
14 16 11
22 1 5
23 3 3
1 4 5
12 13 9
19 21 8
22 1 3
21 0 12
15 20 10
19 21 7
22 2 5
15 19 5
16 20 11
22 2 7
11 14 5
3 8 12
22 23 12
13 16 3
16 19 11
21 0 3
4 6 6
10 14 4
3 8 3
2 6 4
18 20 6
7 9 1
13 16 4
21 0 12
3 7 11
15 18 10
18 22 1
11 12 4
9 11 9
22 2 7
16 17 4
0 5 1
3 8 1
22 1 1
14 16 13
7 10 5
9 11 11
1 5 10
6 11 5
20 0 9
11 17 11
19 22 5
16 18 11
6 11 1
19 20 5
7 10 8
0 2 7
23 0 6
11 13 9
11 14 1
23 2 6
5 10 10
3 6 7
19 21 10
6 9 3
12 14 3
14 17 10
2 4 9
8 13 2
17 20 11
4 8 12
10 13 9
12 16 7
6 8 11
12 16 9
19 21 3
1 4 5
2 5 9
9 12 6
16 18 4
0 2 4
6 9 11
15 18 1
21 1 13
17 18 13
4 8 3
12 15 11
10 13 13
23 4 9
0 3 4
10 14 8
22 0 8
4 7 2
16 21 8
9 11 1
10 13 1
2 5 4
8 11 4
11 16 6
17 21 13
15 18 4
14 16 10
20 23 4
22 1 8
9 12 8
9 11 6
2 7 7
3 6 8
8 11 5
21 23 3
2 5 4
0 2 7
3 5 12
5 10 3
8 10 3
0 3 9
8 12 4
19 22 12
4 7 2
6 9 13
10 13 10
8 10 13
12 16 10
19 23 9
8 12 10
2 5 11
8 11 3
15 18 13
6 11 7
7 11 4
0 3 10
5 8 12
11 14 2
12 15 1
7 8 5
12 16 13
22 3 5
6 11 9
17 20 12
6 8 5
15 19 12
3 7 13
10 13 5
0 3 3
3 6 2
13 17 3
17 20 5
17 21 11
9 12 13
14 16 6
8 13 13
1 3 13
1 5 8
15 18 1
22 1 1
0 1 13
15 18 12
13 15 5
11 14 7
4 8 8
10 15 1
5 9 13
0 3 6
11 13 3
11 15 9
1 4 5
11 15 2
13 16 2
23 2 3
20 23 4
3 5 7
4 9 1
8 11 12
15 18 6
17 20 6
0 4 10
22 0 6
3 7 2
21 23 11
22 1 12
19 23 7
17 21 4
9 12 7
0 3 11
15 19 9
13 16 1
2 4 7
23 2 6
14 19 10
12 14 13
22 0 4
12 15 8
2 5 13
11 16 9
5 6 12
8 12 10
11 16 1
5 8 10
19 0 6
20 23 8
12 14 11
0 3 8
6 9 5
15 17 5
16 18 10
22 1 8
9 13 5
0 2 1
13 16 2
17 20 4
1 3 9
18 21 7
20 23 3
11 14 8
8 11 2
9 13 6
16 18 13
19 22 7
2 5 4
11 16 13
6 8 10
15 17 6
11 13 7
15 17 5
7 10 6
20 23 4
15 18 10
7 9 7
17 20 7
15 18 8
0 3 13
21 22 12
7 9 1
6 9 3
13 16 12
8 9 10
3 6 11
18 21 13
21 0 11
11 14 11
20 0 9
8 13 1
19 22 7
20 23 7
19 22 12
17 20 11
12 14 4
15 16 3
16 18 11
0 2 8
12 15 6
11 14 3
21 0 11
20 23 12
10 14 5
0 2 10
1 6 10
15 18 1
3 6 7
21 1 8
0 3 11
6 7 5
18 20 3
17 20 13
13 19 3
14 18 13
18 22 9
22 2 2
11 15 6
0 4 4
9 12 8
15 17 1
20 0 8
1 3 7
18 21 1
8 12 9
7 9 8
11 17 11
5 9 8
0 4 12
8 11 11
15 17 2
22 1 7
17 19 6
14 17 7
23 0 11
1 5 4
11 14 10
10 14 5
