750 15
5 10 6 5 6 9 4 2 10 9 6 5 6 8 1 
17 23 9
22 0 1
15 18 4
3 6 6
12 15 9
17 20 2
5 6 14
7 10 3
9 11 10
10 12 10
3 7 5
17 21 6
14 16 7
6 9 4
20 22 14
1 3 12
8 12 5
11 14 15
5 7 5
22 2 11
16 18 3
0 2 5
22 0 9
7 11 8
17 20 3
21 0 11
3 5 3
12 15 10
2 4 9
12 16 15
6 10 5
6 9 7
12 16 5
21 0 4
23 2 7
22 3 13
10 13 8
4 7 14
15 18 8
9 12 8
22 2 3
17 21 1
8 10 9
21 23 7
11 15 2
2 6 5
17 20 3
5 8 7
20 23 3
7 12 8
14 18 11
16 19 4
8 11 12
18 21 7
18 21 8
16 20 3
18 20 15
6 9 2
10 12 6
0 3 10
17 21 2
5 7 7
7 9 10
9 12 11
3 4 14
6 9 10
2 4 7
0 3 2
5 9 4
13 18 6
23 0 4
20 0 3
6 8 1
19 23 3
14 17 8
23 2 10
12 16 15
4 6 10
15 18 1
23 2 15
4 6 4
17 21 14
8 12 8
9 12 6
3 6 12
15 19 12
23 3 7
9 12 9
13 17 6
2 5 13
5 9 8
7 10 2
9 12 13
5 8 10
18 23 13
4 6 7
22 1 13
3 6 10
19 22 2
5 9 3
0 1 7
12 16 10
12 16 4
20 0 13
2 5 13
22 2 14
5 7 7
20 22 1
8 10 2
22 1 12
12 16 10
9 11 13
11 13 14
18 20 2
4 6 13
12 16 3
10 14 11
6 8 5
1 2 6
11 13 10
0 2 13
15 19 5
11 12 9
2 6 10
11 14 2
13 14 10
13 17 8
9 12 4
2 5 11
9 12 13
10 12 15
14 16 6
10 13 8
9 12 12
14 15 14
16 20 5
21 22 15
0 2 5
21 0 8
0 3 12
10 13 4
9 13 9
10 12 6
1 3 3
19 21 8
2 7 6
22 1 7
1 4 11
15 18 9
17 20 8
14 18 2
22 1 7
7 11 13
4 8 3
0 3 12
2 5 7
5 8 10
13 18 9
16 21 7
16 20 1
15 17 15
18 23 7
16 19 12
7 10 3
18 20 15
3 7 1
22 0 1
10 13 7
14 18 4
16 18 2
2 6 10
23 2 9
16 20 8
7 9 8
5 8 8
1 5 3
3 7 8
1 3 11
12 14 11
10 14 13
4 7 6
3 7 1
23 2 10
18 22 7
16 18 11
12 14 3
8 11 10
3 5 5
11 15 11
9 14 11
11 14 1
11 15 13
4 8 6
17 21 7
22 0 5
4 10 15
0 1 2
8 9 1
23 4 2
14 17 2
3 7 7
1 5 3
11 14 2
16 19 13
13 16 2
23 2 8
10 15 1
1 3 13
4 6 1
3 7 1
13 15 2
19 22 11
6 9 11
4 7 6
17 21 9
21 1 2
19 22 11
13 16 12
17 21 1
18 20 15
21 0 10
17 20 11
17 20 3
7 10 6
4 9 4
8 11 12
8 11 2
0 3 5
8 11 10
4 9 9
19 22 15
8 10 2
15 18 14
5 7 2
19 21 2
1 4 2
9 11 12
3 5 8
2 4 4
20 0 8
9 13 4
16 20 6
15 18 1
18 22 6
16 17 4
19 22 11
17 20 3
17 19 2
19 21 15
7 11 5
18 21 6
19 20 13
5 9 12
16 19 9
19 23 13
7 10 9
10 12 14
4 7 2
12 15 15
5 9 4
2 5 6
2 5 2
11 15 4
14 18 3
4 8 9
12 14 8
18 20 9
23 1 7
0 2 13
3 7 4
22 1 3
22 2 3
12 15 2
11 15 9
13 16 1
1 6 15
10 12 5
21 0 3
1 3 2
8 11 15
6 9 4
21 0 9
3 6 14
9 14 5
18 22 9
9 12 2
21 1 12
3 6 1
9 14 11
0 2 2
21 23 12
19 23 1
6 8 11
20 23 4
14 16 8
22 2 14
3 5 15
16 19 4
13 14 4
12 15 6
15 18 9
8 10 2
17 19 7
20 0 4
9 12 13
2 6 14
16 19 10
9 11 10
16 16 1
9 12 12
19 22 5
15 18 7
23 2 4
4 7 3
19 22 10
12 14 11
9 12 8
14 15 6
1 4 10
20 22 15
6 8 2
12 16 1
8 12 8
22 0 15
22 2 9
18 22 8
14 16 9
5 9 13
9 12 8
0 5 6
6 9 4
16 20 3
1 4 15
21 1 4
15 19 4
23 1 1
12 17 13
19 0 15
6 9 2
1 4 9
3 5 8
17 19 10
10 15 5
20 0 2
22 3 9
10 14 6
6 9 3
17 20 3
7 12 3
4 7 7
20 23 13
6 9 12
22 0 8
3 6 7
19 23 10
7 10 4
1 4 11
6 7 15
16 18 8
6 9 11
14 16 7
14 18 14
2 5 1
3 6 5
4 7 12
8 10 11
4 6 9
3 5 10
0 3 6
7 11 13
4 7 9
16 19 12
17 19 8
14 16 12
3 7 14
20 23 14
6 8 15
8 10 10
14 19 2
17 22 12
6 9 5
1 5 9
13 15 1
14 17 9
20 0 8
0 5 14
1 4 2
14 17 6
19 22 6
15 19 15
0 2 11
4 8 2
19 21 1
12 15 2
11 13 12
19 22 7
2 5 8
8 12 1
19 23 11
18 22 14
18 21 2
6 12 10
20 23 4
23 1 8
17 17 9
3 5 7
11 13 4
4 7 1
18 23 6
14 16 5
19 23 5
10 11 11
17 19 6
1 3 1
20 22 4
4 7 2
8 10 7
4 7 11
15 18 9
1 5 12
13 15 6
3 8 14
6 11 9
3 7 5
18 20 4
1 5 14
20 0 11
12 16 11
21 22 9
2 5 11
14 17 1
11 14 4
11 15 12
6 10 4
14 15 15
12 15 12
13 15 7
12 15 9
6 8 3
4 9 8
22 1 11
6 11 4
22 0 1
6 10 6
18 22 5
9 12 12
9 11 12
14 16 14
22 1 7
17 18 15
17 20 6
4 8 6
2 5 15
7 10 13
0 4 15
11 15 13
20 0 12
12 17 2
14 17 4
5 8 9
12 15 9
21 1 9
1 4 5
13 17 5
8 11 13
8 10 13
14 16 3
1 3 8
15 17 6
23 3 11
10 12 6
14 19 3
8 11 4
18 21 12
17 21 2
17 19 4
3 5 1
0 3 6
10 12 6
7 8 1
12 16 7
1 3 10
0 4 15
22 2 12
13 14 3
23 1 6
10 14 6
15 18 12
13 16 7
12 13 14
19 22 13
10 14 10
15 18 4
0 2 6
9 12 1
10 13 7
20 23 4
13 19 9
8 13 15
3 5 12
5 5 13
8 11 12
17 19 1
11 14 15
20 22 13
9 13 13
19 23 12
15 16 4
15 19 2
9 12 6
18 21 13
8 12 15
15 20 11
23 2 3
15 19 15
12 14 15
17 21 8
14 18 10
5 9 4
12 14 11
10 11 3
23 0 13
21 1 14
20 0 8
18 22 2
5 11 4
11 14 14
7 10 4
20 23 13
4 8 9
21 1 10
19 21 9
11 13 12
3 6 4
20 0 4
13 16 10
4 8 4
5 8 14
8 11 9
2 4 5
12 15 7
22 1 7
20 0 4
19 21 3
20 22 15
14 18 15
14 16 4
11 14 9
7 10 11
21 0 12
5 9 9
4 7 8
15 17 11
22 3 14
16 18 13
9 13 10
3 7 1
1 5 7
18 21 1
13 15 11
14 16 1
17 20 7
18 20 10
12 15 10
8 12 13
0 3 13
4 6 15
11 14 6
15 18 8
9 12 7
13 17 9
15 18 5
18 21 12
4 7 4
21 0 1
4 8 15
17 19 9
19 22 10
0 5 13
16 20 1
20 23 7
22 0 6
19 21 15
10 13 10
8 11 11
9 12 4
6 9 15
13 16 3
6 11 9
20 23 14
3 5 6
1 2 9
15 18 9
7 12 6
3 4 11
17 20 3
7 9 12
11 14 10
20 23 5
18 21 12
13 18 12
7 12 7
1 4 2
12 15 4
23 1 4
11 15 10
6 8 6
3 6 8
15 18 6
19 23 11
3 5 14
19 22 1
1 4 12
17 20 7
11 13 5
11 13 11
1 5 9
4 6 7
16 20 2
15 18 5
9 11 4
20 23 8
5 10 2
18 21 15
19 23 5
8 10 13
6 11 1
20 23 8
20 0 11
0 5 10
17 19 8
13 15 9
15 18 3
22 1 10
7 10 9
14 16 2
16 18 13
16 18 2
9 14 12
17 22 4
19 22 5
16 18 11
10 14 12
1 5 13
13 16 15
6 9 6
12 15 3
17 19 14
19 21 1
13 15 6
4 7 10
14 18 5
16 18 2
23 1 10
19 22 2
19 23 12
3 6 6
21 0 10
16 19 4
16 21 8
20 21 1
18 20 9
9 11 1
5 8 14
2 5 5
22 0 4
6 9 12
7 10 8
23 2 2
7 11 15
19 23 8
2 5 15
20 0 5
2 5 3
16 19 6
3 5 9
6 9 3
11 14 2
15 17 8
23 2 12
20 23 10
14 18 1
20 0 3
1 4 3
10 13 10
18 22 12
23 1 2
15 19 2
3 5 8
1 5 5
13 16 15
5 8 11
7 10 2
10 13 14
11 13 9
7 9 7
19 21 9
20 21 15
12 15 11
1 2 5
19 22 14
2 6 6
14 18 3
1 4 10
13 16 12
3 5 15
18 22 11
20 0 10
2 5 10
2 5 15
10 12 14
16 19 13
2 4 1
2 6 13
20 23 13
13 17 13
5 10 3
6 8 13
15 19 11
6 9 14
15 19 4
8 11 14
8 12 11
2 3 10
19 20 15
21 1 12
9 13 15
6 7 7
16 20 13
11 16 8
23 1 14
1 5 8
12 15 14
22 2 4
20 23 8
10 13 11
17 21 5
4 6 3
12 16 15
17 19 8
8 12 5
23 0 8
10 14 12
13 17 13
6 11 13
14 19 6
17 19 3
7 9 15
6 9 1
7 9 13
