150 11
6 4 3 10 4 9 3 5 1 6 10 
22 2 10
21 0 4
22 0 11
2 5 8
10 10 1
4 6 3
9 12 4
2 4 7
19 21 2
3 5 9
14 17 4
1 4 5
4 7 7
7 12 7
15 18 3
19 22 6
12 15 1
22 1 7
23 2 11
9 12 10
17 19 10
19 21 3
16 20 5
10 13 10
6 8 1
21 0 5
21 1 9
22 1 1
18 22 3
1 6 7
16 20 8
4 7 8
16 19 11
10 13 2
3 7 3
7 10 6
14 16 11
11 13 5
23 2 4
7 11 3
21 0 11
10 13 6
1 4 4
1 5 3
12 14 4
23 2 4
5 7 8
11 14 11
3 6 5
23 3 5
22 1 11
20 0 11
7 13 10
6 10 2
23 2 6
1 4 11
18 22 9
20 23 8
20 22 9
12 15 10
8 11 8
13 15 5
6 9 9
16 20 2
21 0 9
21 0 1
9 13 4
13 15 11
20 22 6
10 14 11
6 9 3
7 10 7
4 7 4
14 17 8
20 23 6
1 2 11
6 10 4
6 8 8
15 18 4
0 3 3
20 23 9
14 17 7
19 21 3
16 19 11
11 14 9
0 2 7
10 13 10
14 17 2
8 11 10
18 21 7
2 5 9
16 18 5
8 10 3
11 13 6
19 22 8
20 23 8
1 4 7
1 3 3
14 18 4
11 14 3
5 8 9
0 2 4
17 23 8
5 8 10
1 5 9
18 22 5
19 22 11
17 19 4
22 1 4
4 8 1
4 7 3
22 1 10
10 13 8
21 1 8
12 15 6
1 3 9
20 23 7
7 9 1
3 5 10
1 2 3
18 21 8
3 5 3
1 4 1
2 6 10
11 15 7
8 12 9
5 7 1
19 23 3
21 23 6
7 10 9
0 2 4
3 6 2
10 14 9
8 11 5
5 9 11
6 8 2
19 23 4
19 21 7
5 7 11
1 3 11
2 4 8
16 20 4
13 16 4
19 23 7
22 0 10
8 11 10
13 14 3
23 3 11
16 20 10
14 18 1
