350 15
10 9 7 7 1 3 9 4 8 3 10 6 6 4 1 
19 20 15
6 9 7
8 11 14
16 18 10
16 19 7
6 8 2
0 5 3
23 2 1
12 16 5
17 20 11
20 21 5
2 6 11
4 6 13
17 17 11
7 10 10
18 21 5
9 13 9
9 12 3
8 11 14
5 7 13
2 5 5
6 8 8
20 22 11
3 5 2
10 13 12
3 8 12
12 16 10
19 21 14
19 22 4
20 21 13
8 10 1
18 22 4
1 4 2
19 22 2
14 18 1
22 1 12
5 9 8
18 22 11
8 11 6
4 8 5
10 12 12
21 0 10
20 21 4
14 19 5
23 2 5
16 20 7
17 22 9
22 0 13
0 4 8
19 23 11
10 15 5
7 9 2
15 18 7
16 19 8
19 22 6
18 20 3
19 21 1
10 12 6
3 5 8
4 6 9
22 23 4
22 1 4
7 11 15
22 1 5
22 2 9
19 23 10
5 7 7
14 15 13
10 12 12
7 8 1
10 13 6
1 4 4
9 12 13
5 9 6
1 4 1
18 21 10
12 15 3
20 0 10
9 12 10
18 21 9
22 23 15
12 16 2
17 20 10
2 5 5
19 22 5
12 14 1
1 5 13
4 6 15
17 20 6
20 23 12
9 12 11
19 21 15
5 10 10
17 20 12
9 13 3
11 14 13
16 19 4
6 9 10
7 11 11
9 12 8
1 2 9
1 3 10
7 10 14
16 20 12
4 8 7
22 1 3
1 3 4
6 7 8
0 3 7
19 22 7
17 19 3
6 10 11
15 18 4
16 17 14
19 22 3
19 22 8
0 4 12
8 11 9
3 6 5
8 11 9
13 14 10
13 17 9
8 11 3
17 19 13
23 3 1
8 12 6
6 8 4
21 2 9
3 4 13
16 20 1
13 18 3
6 7 3
23 1 12
13 17 10
6 9 10
8 9 11
2 4 5
5 9 12
10 14 6
14 16 2
3 6 10
4 6 8
6 11 13
12 15 5
14 18 7
16 19 15
9 12 4
7 12 7
4 5 15
17 22 14
12 15 9
5 9 15
0 2 14
10 12 6
15 18 9
15 16 8
19 22 4
4 7 2
5 9 7
22 1 13
6 7 3
12 14 15
19 22 13
16 19 5
17 19 2
0 5 12
18 23 9
16 19 2
0 2 3
20 1 8
3 6 1
10 14 1
0 3 1
5 7 11
8 11 7
23 1 11
3 7 6
8 11 10
7 11 10
3 7 8
9 12 2
22 0 8
15 19 10
7 11 10
5 8 2
17 20 1
15 17 12
1 3 9
23 1 5
4 7 2
3 6 9
23 3 2
2 4 4
4 7 10
12 14 12
6 9 6
20 22 2
12 15 9
23 1 13
21 23 14
2 4 14
3 6 15
22 1 11
12 14 15
6 8 12
0 3 9
11 14 9
7 12 2
4 6 13
0 1 5
5 9 7
3 6 2
1 3 3
8 11 13
17 19 8
19 22 4
23 3 14
18 21 4
21 1 10
23 2 1
2 4 4
2 3 9
20 1 12
7 10 10
19 19 10
4 6 1
1 5 5
6 10 1
14 16 9
20 22 13
9 12 3
9 12 2
16 19 3
17 21 14
10 12 14
0 4 11
23 2 15
1 3 12
9 12 11
10 13 6
22 2 4
2 6 14
23 3 5
0 4 3
19 21 9
7 9 10
4 8 2
4 6 10
18 21 7
11 14 4
3 8 2
16 21 4
4 6 1
20 21 15
20 23 3
0 2 7
1 4 14
20 23 7
16 19 4
7 9 4
0 5 11
4 8 5
3 7 5
5 8 4
20 23 11
2 5 7
3 5 13
0 3 5
12 15 15
10 12 4
15 19 12
22 1 11
15 17 3
13 18 10
8 11 12
7 9 12
23 1 7
23 2 2
3 5 5
6 9 3
21 22 9
19 0 2
4 7 9
7 10 1
11 14 7
11 14 7
7 8 10
10 14 13
14 17 5
2 4 9
7 8 2
16 17 12
15 16 9
7 12 9
12 15 8
10 12 9
23 2 11
3 7 8
13 15 4
18 21 13
12 15 7
13 15 1
14 17 1
22 2 4
14 18 12
18 20 10
16 19 3
11 15 13
11 14 13
21 23 6
11 14 1
2 8 3
11 15 15
4 6 7
19 0 12
18 21 12
11 14 4
11 16 8
11 15 13
19 23 13
21 0 4
12 14 12
5 10 7
15 19 11
12 15 6
11 15 2
18 19 10
20 23 13
13 14 15
10 12 7
5 7 15
11 14 13
20 23 14
0 2 9
17 19 12
0 4 5
5 6 14
9 13 8
13 16 1
12 15 15
14 17 2
11 13 10
9 11 5
1 4 10
4 8 5
4 7 10
20 23 15
4 7 7
10 16 12
13 14 7
