1800 14
3 5 2 5 2 2 10 5 10 7 10 10 8 2 
16 20 12
3 7 1
10 13 1
5 8 12
15 17 12
0 3 9
0 4 9
15 18 11
13 15 14
7 10 13
1 4 11
15 19 9
14 17 14
5 9 7
11 16 11
22 1 2
18 21 4
12 16 9
4 7 12
2 4 9
3 6 10
0 2 14
19 21 10
18 21 14
9 13 1
4 7 5
8 11 13
4 8 4
22 1 11
9 11 12
7 11 1
18 22 7
4 7 7
10 13 5
14 17 11
7 9 10
23 1 1
9 12 11
12 16 12
0 3 1
14 16 9
0 3 1
0 3 9
9 12 6
14 18 4
17 20 12
17 19 14
13 15 7
13 15 4
5 10 12
11 15 7
16 18 3
10 15 3
21 0 10
18 21 7
14 16 4
21 1 5
22 2 6
22 2 3
16 20 7
12 15 8
11 13 11
20 23 3
8 11 5
7 10 12
12 16 3
21 1 3
11 14 5
8 12 13
11 13 4
13 16 12
12 14 9
16 20 6
22 0 7
17 19 13
17 20 8
1 6 13
23 1 7
20 23 12
19 21 3
19 22 4
18 21 13
14 17 5
20 23 9
14 17 1
3 5 12
18 20 13
2 6 11
0 3 2
19 22 6
10 12 12
4 7 8
18 21 11
20 1 9
7 9 14
21 23 12
21 2 3
8 11 7
18 20 1
18 22 14
9 12 12
3 6 7
6 9 5
15 19 2
20 21 1
2 7 13
13 16 9
12 16 1
10 15 10
17 21 9
16 20 1
15 17 9
0 4 4
18 22 4
20 0 5
6 10 13
4 8 14
12 14 13
20 1 11
20 23 4
0 2 7
22 0 10
9 13 8
15 18 14
6 8 3
9 12 13
6 8 10
0 3 13
8 11 6
21 0 3
5 5 12
6 8 1
4 7 4
23 0 13
3 8 4
6 10 10
13 15 1
20 22 5
1 4 5
4 8 2
14 17 1
7 11 2
18 20 2
2 6 4
10 12 7
17 21 5
8 11 3
1 2 8
20 0 8
2 5 13
16 19 13
23 3 6
19 21 2
4 7 12
5 9 3
6 9 13
0 3 3
5 7 8
17 20 2
13 15 7
14 19 4
12 15 13
8 9 13
13 16 14
18 21 7
21 1 5
6 8 10
11 13 12
13 16 12
8 12 10
6 8 5
5 9 10
13 15 4
8 10 13
20 0 13
6 9 13
11 13 14
6 10 7
7 10 12
2 4 8
15 17 11
1 4 2
7 10 4
10 13 13
0 3 2
23 2 2
21 1 7
19 23 14
5 8 11
22 1 3
19 22 14
7 11 13
9 13 1
1 2 7
3 7 5
20 23 3
9 12 12
20 23 7
16 18 7
23 1 10
19 23 11
12 14 6
3 6 12
7 12 5
6 9 1
19 22 4
16 19 9
19 21 11
6 8 5
15 16 1
4 8 7
15 19 8
3 7 8
18 22 12
16 18 4
8 11 6
5 9 7
21 0 10
9 12 10
20 22 9
5 8 4
19 21 5
16 20 4
22 2 3
22 1 13
15 19 5
23 4 12
3 6 4
20 1 1
19 21 5
12 14 8
13 17 5
21 1 7
16 19 11
18 21 14
20 21 4
22 3 6
18 21 8
7 10 14
14 17 9
18 20 12
2 4 2
7 11 11
10 12 14
3 6 6
19 22 2
14 18 6
0 2 8
2 5 7
17 20 3
0 1 6
12 16 6
18 23 13
20 22 4
5 8 3
19 0 12
11 15 13
21 23 11
10 13 11
17 19 10
8 10 5
3 7 9
5 9 13
7 11 3
14 17 7
19 22 13
7 10 5
3 6 8
15 17 6
19 22 1
1 3 6
3 5 3
22 1 1
5 8 1
20 22 14
13 15 9
18 22 4
22 0 12
7 10 1
14 19 8
22 2 10
9 14 12
8 11 10
11 14 1
12 16 6
17 21 4
12 14 6
0 5 1
21 0 8
15 20 11
22 1 2
22 1 11
11 15 11
13 15 8
2 4 7
17 20 7
8 11 1
17 20 4
16 19 6
0 2 3
8 11 13
18 21 3
18 23 4
16 18 12
2 6 10
8 10 13
20 22 7
11 15 2
1 5 8
18 20 13
0 4 1
12 15 14
20 23 12
0 5 8
1 3 1
16 18 12
5 7 10
14 16 2
1 5 3
15 17 8
10 14 12
4 7 9
7 12 10
23 1 4
9 12 5
7 10 4
1 4 9
3 6 1
2 6 4
11 15 8
0 3 14
1 5 11
4 7 3
14 17 14
4 8 13
22 2 6
19 21 14
1 3 10
23 2 5
1 4 1
19 22 12
16 18 14
23 2 3
13 16 14
19 21 3
19 22 5
9 12 9
6 10 8
13 17 11
22 2 4
2 5 14
14 18 13
6 9 5
3 4 12
5 7 8
3 5 14
19 20 13
10 13 9
7 9 2
17 19 5
1 2 4
6 9 10
4 7 1
1 5 13
14 16 11
3 5 3
7 11 1
16 21 8
7 11 7
3 7 5
19 22 5
12 15 10
5 8 13
19 21 5
9 14 6
21 23 6
17 20 14
2 5 14
5 8 3
17 18 12
10 13 10
22 0 12
19 20 10
16 20 10
22 0 13
23 3 11
11 11 7
22 1 5
7 11 5
19 22 7
7 12 10
17 19 9
17 21 2
0 4 1
18 21 9
21 0 9
7 10 5
6 10 14
16 20 11
11 16 13
5 9 6
20 23 8
2 7 9
21 22 12
18 21 11
12 15 5
0 3 12
19 0 5
10 15 1
6 10 1
15 19 14
20 23 5
16 19 14
15 19 10
22 0 4
22 0 14
8 11 1
4 6 13
3 5 4
13 15 12
9 11 9
16 19 10
2 6 11
7 10 14
20 23 6
3 5 10
16 19 4
5 8 9
12 15 7
3 5 3
22 2 13
7 8 11
16 18 1
22 1 2
0 4 7
19 22 11
6 7 4
19 22 6
4 5 11
9 13 3
11 16 8
1 4 6
19 22 9
6 9 13
7 9 3
3 6 7
6 9 3
14 15 1
9 11 9
1 3 10
22 1 9
18 20 10
17 18 10
14 18 14
9 14 4
4 6 11
20 22 5
7 10 3
12 16 1
20 23 5
1 5 7
20 23 9
5 9 10
19 22 7
3 6 11
16 20 4
15 19 10
3 6 5
22 23 14
5 8 14
10 12 6
17 22 6
6 10 5
13 17 3
14 19 8
19 20 2
2 5 13
4 9 10
9 13 4
0 2 9
9 13 11
23 3 5
18 21 14
9 12 8
17 21 8
10 12 6
7 9 3
9 12 14
2 5 13
1 4 9
14 17 6
21 23 9
5 7 1
15 17 14
10 15 13
23 1 12
20 0 5
18 22 13
12 16 13
6 8 10
17 20 14
2 4 13
11 15 12
22 0 3
3 5 14
5 8 6
22 1 1
23 2 3
6 11 10
4 8 13
9 12 13
17 21 10
10 13 14
1 6 6
17 20 11
19 21 2
18 22 9
15 19 13
20 23 4
16 18 5
6 9 4
22 2 7
19 0 8
20 23 11
7 11 8
21 1 1
17 21 10
16 20 14
0 3 10
16 20 1
8 11 10
17 20 8
22 1 11
18 21 3
18 21 13
18 22 6
22 0 6
18 21 14
13 16 3
13 16 10
7 9 14
16 19 13
17 18 2
9 11 12
0 1 7
7 11 9
2 6 6
2 5 5
22 1 10
13 16 14
16 19 5
14 17 11
6 10 12
15 20 2
0 3 1
20 23 12
7 11 5
4 6 1
11 13 7
1 5 2
11 15 12
5 9 6
12 16 4
4 9 9
6 10 8
2 3 7
0 3 6
15 18 10
23 0 3
11 14 11
13 16 4
19 23 2
9 11 14
2 5 10
4 6 9
11 14 11
9 10 14
21 0 6
10 12 8
13 16 8
14 17 3
15 19 3
3 7 13
5 8 9
23 5 13
21 0 10
8 13 9
7 10 3
7 10 6
7 9 11
14 15 9
15 20 8
10 13 11
7 8 3
23 5 14
17 21 10
21 0 13
9 13 6
11 14 9
23 1 11
8 11 10
16 20 1
9 13 8
9 15 6
11 13 12
16 20 14
13 17 11
22 1 10
21 1 12
22 1 1
7 12 14
12 16 9
7 10 5
3 7 12
18 19 12
6 10 2
16 19 6
0 3 9
10 12 2
6 7 3
22 2 9
20 23 2
23 3 12
7 10 8
15 18 8
10 13 8
13 16 7
17 20 2
10 13 3
12 13 12
6 9 7
5 7 3
15 18 8
16 18 1
14 16 7
7 11 2
19 22 12
5 8 2
15 18 5
22 2 5
10 12 12
23 3 12
18 21 14
13 16 2
16 17 8
23 0 11
9 13 14
14 18 11
11 14 13
5 7 6
10 15 10
2 5 8
23 1 3
6 10 5
10 15 14
10 12 9
10 15 14
19 22 7
22 2 13
0 3 10
13 17 12
18 23 3
17 19 2
11 15 14
19 21 12
19 21 1
15 16 10
16 20 2
13 15 2
21 0 12
20 1 4
13 16 10
21 0 3
3 4 2
1 3 2
10 14 1
11 13 14
4 7 10
17 21 1
15 21 8
18 20 3
23 2 2
1 6 3
20 0 3
18 21 4
17 20 8
23 1 5
1 2 1
5 10 13
18 21 7
2 5 2
9 12 7
4 7 11
18 21 12
14 17 4
17 20 14
15 18 13
9 10 5
12 14 12
19 20 5
18 23 3
5 9 2
23 2 7
6 9 14
21 22 6
6 10 8
6 9 2
16 18 14
17 19 7
15 19 7
15 19 11
12 13 1
22 2 12
21 23 12
5 7 6
11 13 2
7 10 6
18 20 14
21 3 11
8 11 7
17 21 12
13 16 14
19 22 5
13 17 4
8 11 2
12 14 14
17 20 7
9 13 3
7 12 5
2 6 1
1 4 9
18 20 10
16 19 13
12 14 6
13 15 5
3 6 9
3 4 7
9 13 7
22 1 3
12 15 4
0 5 11
20 0 7
15 19 3
18 20 10
10 15 12
11 14 5
12 14 2
19 21 11
9 13 2
9 10 2
22 0 12
16 18 6
3 6 4
9 12 10
7 10 11
23 3 8
4 6 9
6 9 4
20 0 8
4 6 8
18 21 13
22 2 14
21 0 2
16 16 1
19 22 9
2 7 12
0 6 9
6 10 8
0 4 3
11 15 1
13 17 2
7 9 2
14 18 7
14 18 3
14 19 1
13 17 13
7 10 10
2 5 12
13 18 3
7 10 7
10 14 10
7 9 12
18 21 3
23 1 10
16 18 10
23 3 8
12 14 10
4 7 12
8 13 1
9 13 7
2 6 4
17 21 11
8 11 9
20 22 1
6 9 13
19 21 5
20 0 5
0 3 11
4 7 11
23 3 2
16 21 2
5 8 5
19 23 10
2 4 10
19 0 13
6 7 14
1 3 1
3 6 14
21 1 5
4 8 4
16 20 8
7 10 8
21 23 2
15 18 7
8 10 1
0 3 7
18 22 4
12 15 1
19 22 7
23 2 7
13 16 5
21 0 12
23 3 13
3 5 6
2 5 5
8 11 8
22 1 6
23 4 12
21 0 5
6 8 7
11 12 11
23 2 4
12 15 4
18 21 10
7 11 3
22 1 1
21 0 9
10 13 9
21 1 12
9 13 7
5 9 7
4 6 3
0 4 6
14 17 8
9 13 9
13 15 3
6 9 4
3 7 13
23 3 4
4 9 14
8 10 8
9 12 6
6 9 8
2 8 5
20 0 7
10 13 11
20 0 14
10 12 6
4 7 2
17 21 5
3 7 14
21 0 10
10 13 2
10 13 7
22 1 12
7 9 9
11 14 14
3 7 7
20 23 11
12 14 10
19 22 7
8 11 13
20 21 8
18 21 9
7 10 13
1 4 13
17 21 6
14 17 11
22 2 12
18 21 2
9 11 7
20 23 6
6 9 5
20 23 4
6 7 6
19 0 11
21 0 12
20 1 9
1 4 13
22 0 2
13 16 6
18 21 7
6 10 3
9 14 13
17 19 5
9 12 2
23 2 7
21 23 10
4 8 5
21 1 2
19 22 7
15 19 3
1 3 11
15 19 3
19 21 3
19 23 4
13 15 14
17 19 2
21 1 14
12 15 10
13 17 4
18 21 7
2 5 9
10 14 8
8 12 13
20 23 6
20 23 7
2 4 10
11 13 3
3 6 1
9 13 13
21 23 4
21 0 3
6 9 8
16 17 12
19 22 2
17 20 7
5 7 10
9 12 7
0 3 3
19 22 8
19 22 9
23 0 10
15 17 4
5 7 3
18 0 2
7 10 1
17 22 8
7 10 9
11 15 8
21 0 13
6 10 3
11 14 7
17 20 11
0 3 12
6 8 5
7 10 9
4 7 12
10 14 1
0 2 4
15 18 12
9 12 12
18 22 9
0 2 5
12 15 7
17 21 12
1 4 11
22 2 13
12 16 9
13 16 5
16 18 13
11 14 13
14 16 6
16 19 7
1 4 13
5 8 13
2 4 5
3 6 5
10 13 13
9 13 14
20 23 10
9 13 10
19 23 10
20 0 10
4 9 14
23 3 13
21 23 13
21 1 9
5 9 10
14 17 11
9 12 13
15 18 14
22 1 4
22 1 5
22 0 5
7 11 2
21 1 1
0 4 8
8 12 1
0 3 9
5 9 12
9 15 11
22 1 9
14 18 1
1 3 8
18 21 12
18 22 12
10 15 11
5 8 13
3 5 1
1 5 3
3 8 3
16 20 2
17 19 3
4 6 4
14 17 10
15 18 3
11 12 7
3 5 6
9 12 2
7 11 13
17 19 12
16 19 10
0 4 11
19 22 7
15 18 10
2 5 9
7 9 1
9 13 14
12 15 2
17 22 8
20 23 10
4 5 8
21 0 7
5 7 12
20 0 10
15 17 1
6 10 14
13 16 9
10 12 8
14 17 3
6 9 12
2 4 14
5 9 5
21 23 9
2 6 5
5 8 7
23 3 9
10 13 10
12 16 13
14 16 2
23 1 10
8 9 10
18 21 14
14 17 8
8 11 10
2 5 14
17 20 12
16 20 4
19 23 11
7 10 1
20 0 8
4 6 7
14 15 4
1 4 8
4 8 12
6 10 7
20 23 3
13 16 13
8 11 14
9 11 7
10 13 12
3 5 3
16 18 12
16 19 6
5 8 10
21 1 8
16 19 1
8 12 10
13 15 8
19 23 11
22 1 4
6 9 7
16 20 11
22 0 10
22 1 2
15 19 2
22 1 6
17 21 8
11 14 14
17 20 12
5 9 3
4 8 13
2 4 2
21 0 9
23 2 13
5 8 3
9 13 6
3 5 7
6 8 9
4 8 4
15 19 1
13 17 9
1 3 8
17 19 7
8 12 14
0 2 2
8 9 3
4 5 8
13 15 3
4 7 8
12 16 2
8 10 13
12 17 9
8 11 8
8 12 2
17 20 7
8 11 5
23 2 2
15 18 13
3 7 9
7 11 9
3 6 9
14 20 6
12 16 12
20 22 1
17 19 10
6 10 4
0 4 3
1 2 12
8 11 8
22 1 12
10 14 11
20 22 4
16 19 2
7 11 10
23 3 10
22 1 3
23 4 13
2 4 11
16 19 2
4 8 7
17 20 14
10 13 5
2 6 8
18 19 4
17 20 11
16 19 5
22 0 5
6 8 5
18 0 3
18 22 10
9 12 10
13 16 6
6 10 3
1 4 5
12 15 12
8 10 4
1 2 6
13 14 14
7 11 1
14 18 4
10 14 13
8 9 12
20 23 8
23 2 8
18 22 9
4 6 12
15 18 8
13 17 9
7 10 3
15 18 7
19 21 2
7 9 8
6 8 14
11 15 6
17 19 1
21 2 12
20 23 9
15 18 7
3 8 3
18 21 3
19 22 5
5 8 4
0 4 14
6 9 12
9 12 10
7 9 3
19 21 10
21 0 5
20 1 1
4 7 2
4 7 3
12 15 5
16 20 8
6 8 13
18 20 11
9 10 13
11 14 5
13 17 10
5 9 4
9 12 10
8 11 7
16 18 4
7 11 1
17 21 8
22 1 12
16 17 3
6 10 1
20 23 1
21 0 2
4 7 14
12 17 11
11 14 7
1 5 11
5 9 12
16 19 14
13 15 2
11 16 5
18 20 11
12 14 1
10 14 9
5 11 14
21 1 1
14 18 14
7 10 1
17 20 11
3 7 9
23 3 11
15 18 12
16 18 9
7 9 5
4 8 1
7 8 9
11 15 9
7 7 12
22 2 4
23 0 13
8 11 6
12 14 14
12 15 14
2 7 9
2 6 9
8 11 1
8 12 2
1 5 11
20 23 2
20 23 14
11 16 14
1 4 1
0 2 1
8 12 10
4 7 13
9 12 5
5 7 5
20 0 12
14 15 7
0 4 14
9 12 12
9 13 2
21 23 6
4 7 10
14 16 5
20 23 12
20 22 8
16 19 6
5 9 5
8 11 2
21 0 3
7 10 6
14 18 6
17 20 1
7 11 3
20 1 2
11 13 12
22 2 10
7 10 5
18 22 4
17 21 8
8 10 10
11 13 4
17 17 10
10 12 1
1 3 12
18 21 6
6 9 8
21 2 14
3 7 9
7 10 6
16 21 3
18 20 4
14 19 2
12 14 8
13 15 3
5 8 4
3 6 14
9 11 12
16 17 11
15 20 12
14 15 13
2 5 1
9 13 10
12 16 12
1 4 5
22 1 1
20 22 3
21 0 13
23 2 5
21 23 9
1 3 10
20 23 4
5 8 9
23 2 14
5 10 6
21 0 13
3 6 13
15 16 8
4 7 4
8 11 2
1 3 14
22 1 10
21 0 1
11 15 11
22 2 4
16 19 2
3 6 13
17 22 2
16 19 2
13 14 3
20 1 7
6 8 12
8 12 6
0 1 9
6 10 11
21 0 4
2 5 11
20 0 2
11 13 9
10 14 12
13 15 4
2 4 8
11 13 3
11 16 10
19 21 12
0 2 2
19 22 14
14 19 2
18 20 8
4 6 13
17 20 11
17 19 1
5 9 4
22 1 1
0 3 7
6 10 11
22 1 13
6 9 14
19 23 2
17 21 7
0 4 5
13 16 11
0 3 11
23 2 10
9 13 12
17 19 14
17 20 12
0 2 5
9 13 12
17 19 11
6 9 12
16 19 14
6 10 6
9 12 8
21 2 11
9 13 4
4 6 12
0 5 1
7 11 4
15 19 13
18 21 5
12 16 1
8 10 3
16 19 10
0 2 1
19 20 2
21 1 10
16 20 14
3 4 1
3 5 10
10 13 13
3 7 3
13 16 3
7 10 12
23 0 2
4 7 12
8 10 1
21 1 5
22 1 6
3 6 7
9 12 1
4 8 2
12 14 8
16 18 6
17 20 7
2 3 1
9 13 11
1 4 5
12 15 5
6 10 12
23 3 13
12 13 11
13 15 1
12 16 2
17 19 13
9 12 1
2 6 7
1 5 7
8 13 11
4 10 11
3 5 6
13 15 3
19 20 13
21 0 8
18 22 7
12 15 6
7 11 1
4 9 2
15 17 4
23 3 14
3 4 5
10 14 6
9 11 8
21 0 7
23 2 10
7 9 3
0 4 7
20 22 5
21 23 6
18 19 4
10 14 10
12 17 10
17 20 13
6 9 8
21 23 13
11 16 2
13 16 3
4 7 14
15 17 10
6 9 10
19 22 4
23 2 13
22 0 5
19 23 12
13 16 3
13 16 4
8 13 10
23 2 11
9 12 13
0 1 8
15 17 4
4 6 1
4 8 14
9 12 6
13 17 14
17 21 1
23 1 9
7 9 6
4 6 3
0 5 8
23 2 12
10 13 14
4 8 6
9 13 10
10 12 12
8 12 4
15 18 4
2 5 3
20 2 2
18 22 9
5 9 2
7 10 4
18 20 8
11 15 7
23 2 2
17 21 14
2 5 9
15 17 4
0 2 13
3 8 8
15 19 5
21 1 5
1 5 2
8 12 2
22 1 8
3 5 2
1 5 6
8 12 2
1 4 5
11 14 3
6 9 2
0 4 8
4 8 11
16 18 5
8 12 13
19 23 7
17 21 2
9 12 14
19 21 10
3 4 14
23 3 7
14 19 8
16 20 8
8 11 1
14 18 8
0 2 2
22 2 3
16 19 4
16 20 13
8 11 13
18 20 6
6 8 2
5 8 8
6 10 1
20 23 1
8 12 9
19 0 1
14 18 7
17 19 9
16 22 11
3 5 7
1 4 5
10 13 1
10 13 10
11 14 4
16 18 1
1 4 9
11 16 3
1 4 7
4 7 6
16 21 12
20 0 7
0 4 6
13 16 7
13 16 11
12 15 4
2 5 4
19 21 13
11 14 6
18 21 8
11 14 7
16 20 2
17 21 2
1 4 14
16 18 11
5 8 3
12 15 7
5 8 10
18 20 12
15 17 14
19 21 8
12 15 10
10 14 1
17 20 12
4 7 10
4 7 11
4 7 2
5 8 4
12 14 10
19 23 10
15 18 5
11 14 10
10 13 13
22 0 12
20 0 13
23 1 11
8 11 4
3 5 12
3 5 8
5 8 6
10 15 2
9 12 6
3 5 3
16 18 2
20 0 12
23 1 12
12 14 6
16 20 3
9 14 6
21 1 14
1 4 13
16 18 14
6 10 7
14 18 9
9 11 3
5 7 5
7 11 9
11 14 4
6 8 14
10 13 10
7 10 14
17 20 1
9 10 11
15 18 11
14 18 3
22 23 12
17 20 12
6 9 10
16 18 10
1 4 8
3 6 2
0 2 8
13 16 7
9 12 4
6 9 12
20 23 1
9 13 10
15 17 10
18 21 3
19 22 1
23 2 1
13 16 2
7 11 7
0 3 11
4 7 12
20 1 9
16 19 3
15 18 3
5 9 8
10 15 14
13 15 7
0 3 8
8 12 9
0 3 14
16 20 3
23 2 6
10 14 8
17 20 10
14 17 6
6 9 1
14 18 14
21 0 8
15 20 9
11 14 4
18 23 2
2 5 10
1 3 9
10 14 8
22 1 4
1 5 4
11 13 9
8 10 10
13 15 4
15 16 14
17 19 13
21 0 8
5 8 13
1 4 11
20 23 6
7 7 8
10 15 9
9 12 8
18 22 12
16 19 4
8 11 12
12 13 7
4 7 1
9 11 7
10 14 7
4 8 13
10 11 10
3 6 4
4 6 2
21 23 5
10 13 14
17 20 5
16 19 11
15 21 12
15 20 7
12 15 9
10 12 5
12 14 2
22 2 7
12 15 3
10 11 5
18 22 5
2 4 10
7 10 3
18 22 4
11 14 11
23 2 6
4 8 12
7 11 12
17 20 7
8 12 1
21 0 8
10 14 12
21 0 4
14 17 6
7 11 6
23 1 7
19 0 13
13 15 1
6 9 1
18 23 11
11 13 11
13 16 9
13 16 2
1 5 2
22 1 14
1 5 3
15 19 2
10 14 5
21 23 2
8 11 4
7 10 10
9 13 12
15 17 1
22 1 6
15 17 5
22 2 2
0 4 3
17 20 2
22 3 12
7 11 3
14 18 11
1 5 4
3 7 1
4 7 6
0 3 1
17 23 7
4 7 7
22 2 14
17 20 5
0 3 8
4 8 1
14 17 11
15 19 13
1 3 13
14 18 2
21 0 9
0 3 4
21 2 12
18 22 4
1 5 4
23 1 7
13 16 13
22 1 13
12 14 14
5 7 10
22 1 7
18 22 5
9 11 12
22 3 9
4 7 6
14 17 9
12 14 4
12 15 2
9 12 13
21 23 13
9 12 4
1 4 7
23 1 14
4 8 7
8 9 7
6 9 11
20 23 11
12 13 10
19 21 13
10 14 3
3 5 6
6 7 7
13 15 13
8 11 12
20 0 10
22 0 5
22 0 2
2 5 5
19 22 13
23 2 1
4 7 8
6 7 10
20 23 13
0 3 5
11 14 9
6 10 1
17 20 4
17 20 12
23 3 9
12 15 7
7 9 8
9 12 6
22 1 14
3 5 3
3 6 1
1 4 9
4 4 1
8 13 3
2 5 9
13 15 1
22 2 12
21 2 13
21 0 13
22 1 12
16 18 2
21 22 8
8 11 8
10 13 5
4 7 7
7 11 2
8 11 8
