3000 18
4 5 9 7 7 9 4 1 4 8 1 6 6 10 10 8 6 1 
16 18 3
21 23 2
7 10 7
0 2 12
22 1 7
9 14 9
8 11 5
1 4 10
23 1 14
14 17 2
3 6 10
14 15 5
11 14 9
8 12 7
10 13 12
19 21 11
2 6 4
6 8 11
1 2 14
9 12 15
4 7 9
18 21 5
20 22 3
21 0 6
20 23 18
8 11 8
1 5 15
2 6 13
14 18 12
6 7 4
13 17 6
4 9 15
20 23 14
3 8 10
12 16 17
21 1 18
7 10 10
11 14 6
9 13 4
15 18 10
16 20 16
21 22 13
4 7 11
16 19 7
19 22 18
21 0 14
12 13 15
19 21 2
16 19 18
12 15 13
21 0 10
7 11 6
8 12 12
19 22 12
8 11 14
14 18 3
1 6 1
11 14 14
2 4 18
23 3 5
13 17 14
4 8 12
5 9 2
8 10 8
12 13 12
11 14 12
18 20 3
15 18 4
19 0 7
1 3 9
14 18 13
17 22 18
19 23 9
1 4 2
6 10 2
15 19 12
19 22 9
4 8 4
20 23 5
15 17 1
15 19 9
18 20 7
4 6 7
12 15 18
17 20 8
5 9 3
18 21 16
7 9 18
23 2 9
3 5 17
2 6 16
13 17 4
13 15 2
16 20 1
5 7 14
11 13 18
1 2 4
0 2 18
1 4 4
19 22 14
8 10 11
8 10 6
17 22 11
22 1 16
23 2 18
10 12 16
11 14 3
17 20 5
21 2 3
7 10 18
16 19 2
14 17 7
10 14 2
22 0 18
5 8 1
13 17 6
19 22 15
3 6 11
8 10 18
7 10 10
9 12 17
15 18 12
3 4 1
23 1 14
16 21 2
19 22 4
6 10 2
3 4 17
19 23 6
4 6 2
6 8 13
6 11 18
13 18 17
19 0 13
0 4 8
20 22 12
2 5 2
23 23 10
10 13 7
15 17 7
3 6 5
23 3 7
20 0 8
23 3 15
13 14 14
20 21 2
14 15 6
1 5 13
11 16 5
21 0 9
3 7 4
13 15 5
12 16 1
10 12 5
9 12 17
14 17 14
12 16 16
20 22 9
21 1 14
7 10 10
6 10 18
11 16 3
20 0 11
13 16 15
23 1 1
16 19 14
5 8 5
2 5 17
17 20 8
16 18 15
22 0 1
14 15 14
22 1 7
15 16 15
11 14 7
23 3 14
6 9 9
1 4 16
15 19 13
10 13 9
22 1 18
2 4 12
5 7 2
0 4 18
12 14 13
20 23 13
15 17 3
4 6 6
18 21 1
1 7 1
1 4 6
15 17 7
22 1 5
6 10 13
9 12 3
14 18 5
14 17 10
10 13 17
11 14 12
0 3 15
15 17 2
15 18 14
15 19 14
17 21 14
19 22 14
11 14 11
2 7 9
14 16 7
16 20 8
10 11 4
16 20 11
22 2 13
19 20 16
23 1 10
11 14 13
4 8 5
23 3 12
17 19 5
18 20 12
19 21 1
21 0 18
17 17 17
10 14 14
20 22 2
4 5 17
10 13 10
22 0 1
1 5 14
20 21 9
12 16 1
10 12 3
2 4 5
18 21 9
10 14 1
15 17 12
8 11 7
15 19 17
2 6 16
23 0 4
19 23 1
14 17 6
23 2 14
11 15 18
15 18 5
11 14 7
6 9 4
20 23 10
0 3 8
5 9 8
19 21 11
9 11 8
17 20 7
16 18 9
23 2 3
2 7 6
8 10 14
10 15 16
8 10 9
21 2 1
14 17 3
20 21 14
9 14 10
1 4 5
4 7 7
15 18 6
20 0 10
2 5 14
20 23 9
18 21 16
21 1 8
12 15 1
3 8 3
8 11 10
7 12 5
23 2 5
3 7 5
15 16 6
20 21 11
21 1 10
16 16 1
13 16 8
13 15 8
1 5 9
12 16 13
10 14 2
7 9 5
17 19 17
22 1 7
14 17 9
23 1 8
5 10 3
2 5 1
13 15 10
23 4 3
11 15 18
12 14 8
23 3 11
7 10 6
4 8 12
2 5 1
9 12 15
15 17 9
7 10 3
2 5 5
4 8 5
13 16 12
2 4 14
3 7 16
10 13 5
13 16 4
21 23 17
20 0 1
19 22 7
1 3 12
8 12 5
0 2 14
7 10 12
19 22 18
21 22 8
5 7 4
15 17 12
8 10 4
4 6 14
19 23 10
23 2 10
15 21 4
15 18 17
3 5 2
5 7 14
22 1 2
18 22 16
16 19 2
21 1 2
0 3 10
9 12 11
4 8 10
2 4 14
15 19 15
5 8 14
17 21 11
1 4 13
10 13 15
21 0 16
3 7 1
6 9 14
21 22 12
20 22 4
1 4 2
22 2 14
15 18 7
10 15 18
3 6 5
14 16 16
12 15 14
4 6 7
19 23 7
16 19 16
6 7 2
12 15 6
23 0 2
6 10 13
17 19 10
1 2 1
2 5 11
22 2 14
11 13 7
0 1 17
22 0 3
22 0 8
18 0 5
16 20 8
3 6 8
18 22 11
7 11 11
21 2 14
19 20 3
22 0 13
22 4 15
18 20 8
5 7 10
3 6 10
4 6 5
14 16 15
5 9 2
19 22 12
11 15 16
22 0 15
8 11 1
1 3 4
22 1 2
20 22 6
21 1 5
16 19 15
6 9 11
3 6 10
2 4 2
2 5 5
20 0 7
5 7 16
17 22 13
7 11 6
14 16 2
16 18 12
7 10 6
13 18 1
10 13 2
7 10 17
3 6 5
4 7 7
13 15 3
21 0 12
16 18 8
16 19 17
11 14 4
6 9 16
13 16 14
17 18 9
14 18 11
5 7 6
19 22 13
12 16 4
20 22 15
10 13 11
21 0 5
21 23 2
9 13 1
13 16 9
14 18 18
8 12 8
14 18 15
5 7 11
20 23 3
14 17 15
9 10 14
19 21 7
13 15 8
10 15 6
15 20 7
18 21 15
20 0 18
9 11 4
3 7 9
0 2 17
7 9 11
0 2 4
11 15 16
1 5 7
13 16 3
2 7 6
11 14 18
15 19 8
18 21 4
11 16 8
5 8 6
13 17 13
21 2 16
15 19 6
15 19 18
23 2 8
11 14 15
18 22 17
3 8 3
16 17 18
10 13 6
3 5 16
9 13 2
15 16 6
0 3 13
6 8 15
8 11 1
17 21 17
20 23 3
20 23 9
16 19 4
3 6 11
20 0 16
21 0 9
4 7 14
14 17 14
20 23 11
19 21 6
10 13 5
4 8 13
21 23 12
10 14 13
10 12 12
17 20 13
9 10 15
4 7 12
17 19 13
17 21 9
12 16 5
5 7 3
0 2 14
20 23 18
5 9 2
9 12 12
20 22 10
18 21 8
0 2 7
20 1 10
20 22 8
13 16 2
4 6 16
1 5 18
9 12 1
7 9 9
17 18 9
13 15 18
3 7 10
22 2 8
21 1 14
5 9 8
15 19 13
11 13 1
15 18 11
14 17 10
16 20 1
5 7 5
17 18 18
12 16 11
16 19 11
8 13 4
16 19 13
3 8 7
14 17 17
17 22 8
11 16 16
19 22 10
11 14 16
15 19 14
14 19 14
14 17 17
16 18 16
18 20 3
23 0 11
23 1 10
21 0 12
1 3 18
4 6 17
1 5 9
13 16 18
21 1 6
2 6 2
9 11 14
1 4 10
23 3 5
9 10 15
2 5 10
13 16 3
15 17 4
23 3 4
4 7 10
4 7 2
21 23 8
7 10 15
6 10 2
16 19 17
3 7 10
3 4 6
13 15 13
18 20 3
10 13 4
8 10 17
16 18 3
23 4 1
9 14 18
12 14 1
11 15 15
15 17 6
10 13 17
6 11 11
22 23 12
3 5 13
21 23 5
21 0 17
1 1 7
14 16 4
14 17 14
13 17 9
20 23 2
8 13 5
7 12 11
0 4 1
8 13 11
17 18 4
12 16 6
14 18 13
23 1 1
18 20 17
4 8 9
16 20 14
14 18 13
12 16 13
21 22 5
0 3 14
19 23 16
3 6 9
2 3 9
4 8 15
4 6 18
7 9 1
8 11 8
15 18 18
14 17 8
16 19 12
3 6 3
15 19 8
8 11 15
10 13 7
15 19 8
8 12 8
13 18 18
14 15 16
10 13 18
22 1 5
3 6 9
23 2 4
4 9 5
2 4 4
8 10 7
5 7 14
21 0 4
23 3 2
7 11 11
1 4 8
15 19 4
13 18 2
0 5 3
12 14 13
12 14 17
10 12 7
14 19 12
13 17 9
16 20 11
15 18 6
18 19 8
19 22 18
1 5 10
10 12 11
2 4 1
10 14 9
6 10 5
12 14 17
23 1 14
12 17 14
12 15 6
5 8 14
18 22 11
0 3 11
19 22 13
1 5 14
7 8 5
21 23 5
22 1 9
7 12 14
22 1 1
0 4 7
17 19 7
16 20 13
9 12 10
1 2 17
3 6 4
1 3 16
1 5 7
4 7 9
6 10 17
3 6 10
1 5 6
6 7 13
23 2 3
22 1 16
10 13 16
9 10 15
2 4 18
4 6 15
12 14 13
14 17 8
16 20 16
17 20 1
6 9 18
13 17 5
5 7 18
14 17 2
9 12 2
2 6 13
3 6 11
12 13 18
13 16 9
12 14 11
5 7 13
2 6 8
12 14 1
0 3 9
2 5 15
6 8 16
10 13 14
11 13 6
19 21 6
17 20 4
12 16 10
20 0 2
22 1 7
18 23 11
10 13 17
23 3 17
12 15 12
15 19 14
19 0 12
15 19 5
22 21 16
15 17 10
22 2 2
4 7 9
3 7 5
0 3 14
13 18 6
11 13 11
13 16 9
8 11 14
12 14 2
20 22 10
21 0 7
6 7 1
1 4 4
17 20 9
4 8 11
14 19 2
15 17 2
16 20 8
18 20 13
2 5 5
1 2 14
7 10 13
8 11 6
2 7 3
14 17 15
2 6 2
17 22 3
19 22 10
7 11 13
23 3 1
11 14 3
22 2 9
2 6 11
12 17 11
14 16 3
21 0 10
10 13 18
11 16 6
7 9 6
14 17 4
0 4 6
15 19 3
8 11 16
0 4 6
15 18 9
4 6 7
15 18 15
22 2 10
10 15 10
20 23 8
3 5 9
12 13 18
8 12 8
14 17 18
18 21 11
16 19 4
21 1 18
6 8 4
9 13 17
5 7 13
9 11 6
20 22 11
9 12 12
8 11 18
10 12 1
15 18 12
18 21 7
2 5 12
19 22 5
15 18 5
10 12 6
22 1 13
0 3 6
4 8 7
8 13 4
5 8 6
17 20 1
6 8 15
9 12 14
2 7 2
11 16 12
18 21 3
10 13 3
15 19 15
5 7 3
9 12 2
9 11 12
4 7 9
17 19 17
0 3 12
10 14 3
9 13 2
16 19 15
17 20 5
9 11 8
0 4 3
3 6 8
0 3 3
7 11 6
4 6 10
11 14 5
12 13 5
16 19 17
8 9 15
9 13 11
2 4 1
5 8 15
12 15 3
14 19 13
1 3 1
20 22 12
6 10 3
8 13 4
19 0 14
12 16 11
12 15 10
22 1 8
20 23 12
11 13 8
22 0 17
20 0 16
21 1 9
21 0 15
13 17 18
4 7 17
20 22 15
19 22 8
4 7 10
7 9 13
14 18 16
20 23 12
18 20 6
18 20 3
7 8 5
1 4 9
17 21 17
5 9 11
20 22 3
7 10 9
12 16 11
20 0 2
3 7 1
3 7 2
8 10 11
20 0 8
21 0 5
12 14 10
0 3 18
19 23 14
1 5 7
3 5 2
21 0 1
19 21 3
2 6 6
23 3 12
13 16 16
4 7 1
11 12 15
0 4 10
17 20 2
18 19 11
23 2 17
15 18 9
13 15 10
14 16 18
1 3 9
20 23 15
7 9 9
20 23 5
21 0 16
1 5 13
17 19 3
14 19 2
9 12 6
8 12 3
5 8 18
7 10 3
10 14 11
20 1 18
19 21 10
13 16 18
12 15 9
6 11 7
8 12 2
5 6 18
3 6 9
13 17 15
16 19 4
12 15 13
5 7 13
9 12 5
6 9 2
5 7 16
7 10 6
19 22 10
16 19 5
9 12 8
20 22 1
9 13 7
16 19 8
19 21 15
19 22 5
6 7 18
15 18 18
4 8 17
20 22 15
14 18 9
17 21 1
3 6 1
21 23 11
0 4 6
12 17 5
7 8 18
16 19 4
2 5 18
2 5 8
10 14 3
22 1 1
21 0 6
18 21 14
5 7 7
7 9 10
6 10 14
0 3 11
6 9 17
9 11 8
16 19 7
8 11 10
5 9 14
19 21 5
12 16 10
12 13 6
19 0 6
1 3 6
7 11 7
4 7 3
1 4 4
16 19 7
3 6 14
14 18 3
19 22 3
8 12 16
9 13 12
2 6 12
13 16 7
10 11 11
9 12 15
10 13 6
17 20 11
11 15 17
8 11 12
5 7 8
22 2 13
15 20 8
4 7 9
17 20 2
7 10 5
13 16 14
5 7 17
1 5 10
11 14 13
13 16 17
3 8 4
16 18 12
16 20 11
18 20 1
10 12 16
0 3 5
15 18 12
3 6 18
22 2 17
23 2 12
0 4 10
12 14 18
13 16 9
7 9 11
5 7 2
0 2 2
4 8 8
9 11 10
10 13 14
23 2 8
21 2 9
17 19 9
18 20 6
7 11 9
8 12 6
13 16 8
3 7 13
10 12 16
10 16 14
15 18 7
10 12 17
9 12 18
12 16 4
10 14 8
5 9 18
9 12 3
8 11 11
20 0 18
5 9 14
7 8 11
4 7 18
12 13 10
2 6 2
5 6 18
17 21 8
2 6 16
6 9 12
0 2 3
23 3 18
13 16 1
6 8 18
8 12 5
13 17 5
4 7 11
17 19 2
7 9 17
15 19 3
14 16 18
3 6 16
19 21 17
5 8 18
22 3 14
19 21 9
18 21 14
19 21 12
9 10 2
14 16 10
22 0 8
6 9 17
23 1 18
10 13 15
17 20 1
3 6 11
14 18 18
20 22 7
14 17 14
0 2 15
21 0 18
13 15 9
14 18 2
19 22 5
2 5 2
4 8 12
0 3 9
17 21 1
8 9 15
11 14 6
21 23 15
11 15 16
4 6 10
9 12 6
6 10 16
22 2 13
21 22 10
7 10 18
17 20 18
4 7 12
11 15 5
1 5 14
8 13 10
11 14 1
22 1 14
21 1 10
22 1 9
21 1 13
6 10 6
23 2 15
22 0 13
11 14 16
20 1 15
11 13 18
5 8 17
3 6 9
1 6 4
3 5 6
21 1 16
12 14 17
15 17 16
7 11 11
11 14 11
23 2 10
8 12 1
7 10 6
3 7 5
15 19 11
8 12 6
12 13 17
12 15 17
10 13 8
10 13 16
6 11 11
3 6 2
4 7 5
18 21 16
14 17 13
9 13 15
13 15 16
17 19 13
7 10 5
22 0 1
5 8 11
15 19 4
3 5 2
1 4 3
0 3 8
14 15 4
16 18 1
20 22 16
7 9 12
9 11 2
16 18 18
16 17 2
7 10 17
11 16 13
5 7 12
6 11 13
0 3 11
17 20 7
8 10 6
9 12 11
15 18 1
8 11 1
4 6 14
8 12 11
14 17 14
7 10 9
13 15 14
20 22 14
10 12 7
19 21 4
23 2 9
6 9 12
1 2 1
1 6 12
4 5 10
14 17 2
0 4 5
12 16 9
6 9 8
2 6 12
7 11 14
4 6 6
1 4 14
9 11 10
3 6 14
6 10 15
1 4 2
13 14 14
11 12 6
11 15 3
3 6 6
16 21 13
5 6 12
16 17 7
2 5 12
8 12 9
15 17 9
11 15 14
23 2 17
3 6 12
6 9 5
3 5 6
6 9 8
3 7 16
4 6 7
18 19 4
14 17 1
23 3 2
17 21 2
5 9 12
13 14 16
5 8 11
19 23 9
16 18 10
0 4 14
23 3 3
22 0 5
16 19 1
9 12 18
11 14 17
23 3 15
9 13 3
15 18 16
19 23 18
5 7 9
19 22 18
0 4 12
13 15 17
3 7 10
21 2 17
3 8 4
20 23 2
12 15 6
8 11 4
2 5 13
17 21 4
18 21 14
16 18 3
13 15 15
22 0 16
19 21 11
18 20 11
19 21 8
20 22 7
3 6 11
12 17 2
2 5 17
3 4 4
10 14 18
5 7 12
12 14 8
10 15 18
2 3 15
4 6 18
3 7 7
0 1 4
19 0 1
12 15 17
4 9 6
23 4 1
18 23 13
0 3 11
14 18 11
14 17 5
7 11 3
16 20 14
15 17 18
16 19 9
8 11 18
21 1 11
19 22 5
4 5 4
10 13 18
8 11 18
20 0 7
16 18 16
0 5 2
15 18 16
8 12 17
15 17 10
5 6 18
11 15 9
12 14 4
10 12 11
3 7 8
14 17 4
4 8 14
6 10 8
19 22 8
17 20 18
20 22 14
1 2 10
15 18 15
6 10 2
12 14 1
15 18 12
0 3 17
15 17 8
21 0 5
5 9 2
0 3 2
9 11 9
14 17 15
20 23 8
1 4 10
22 2 12
16 20 17
0 5 2
21 22 3
20 23 13
16 18 17
3 7 5
21 0 15
22 1 11
8 11 7
22 1 6
12 14 14
20 22 1
19 22 12
17 20 18
11 13 2
20 23 3
15 19 6
9 11 6
2 5 16
22 1 6
23 1 17
8 10 4
19 22 4
9 11 7
0 3 12
20 23 18
7 9 3
23 1 13
1 4 8
2 3 17
10 14 6
0 3 8
13 15 16
17 21 14
14 18 4
6 9 9
5 8 1
6 8 4
12 14 2
14 17 3
8 13 1
14 16 9
22 2 18
13 15 10
11 14 14
6 7 7
7 8 14
22 0 3
2 6 8
13 17 14
1 3 4
23 2 8
19 22 11
14 17 10
0 3 10
17 20 2
20 23 12
18 20 14
0 5 11
18 23 3
17 19 6
22 1 14
11 13 14
5 8 16
19 21 5
5 8 6
16 18 10
15 18 10
9 14 18
20 22 2
10 14 8
1 2 14
16 19 11
0 2 1
14 18 16
2 6 3
6 10 18
12 15 13
17 18 8
22 3 9
3 5 16
20 23 7
10 13 12
17 19 10
2 5 17
13 16 17
3 8 5
20 23 3
13 18 3
18 21 7
11 12 9
12 15 9
22 4 13
3 7 15
23 2 16
12 15 17
9 13 5
16 20 10
13 16 9
18 21 12
8 11 5
12 15 2
17 18 4
20 23 16
7 12 4
13 16 15
20 23 17
2 5 9
7 12 12
20 1 10
14 17 13
18 21 11
11 15 11
4 6 5
11 15 7
2 4 2
23 1 12
5 9 6
15 17 18
5 8 17
6 10 10
21 23 10
19 23 8
22 0 15
14 19 9
2 5 8
11 15 16
2 5 18
4 6 3
16 18 13
5 6 5
16 18 2
22 0 6
8 12 18
9 13 14
23 2 9
0 2 12
19 22 15
17 21 18
13 16 15
13 13 13
15 19 8
3 8 15
1 3 8
5 8 8
15 19 10
5 6 1
14 17 11
14 17 3
11 13 18
2 5 10
15 19 7
1 4 4
5 5 18
10 15 17
7 12 4
19 0 2
13 14 3
6 8 18
2 6 17
19 22 12
6 8 18
11 15 13
18 20 17
11 15 9
0 1 12
16 19 11
18 21 5
23 1 9
18 23 5
8 11 17
17 21 14
12 15 9
18 21 12
8 12 7
10 12 2
6 10 6
15 18 1
11 15 5
3 7 12
15 18 14
10 12 15
16 19 10
0 4 13
0 5 16
7 8 10
23 2 8
18 22 6
9 12 6
12 14 3
3 8 16
11 14 3
5 9 13
1 4 10
3 8 8
19 22 3
13 16 4
16 16 7
0 3 3
19 0 4
19 21 4
9 11 10
1 4 10
8 11 11
21 0 17
20 23 11
10 14 3
9 12 3
12 14 11
12 14 10
22 1 4
7 11 8
6 8 14
17 19 4
17 20 1
23 1 4
4 7 18
9 12 10
13 16 6
7 10 6
16 18 10
8 9 4
18 20 13
16 19 6
4 7 3
12 17 16
19 23 18
12 15 1
8 10 3
15 18 6
6 9 2
12 15 11
4 7 12
6 9 2
11 14 3
18 21 10
4 8 8
10 11 7
22 3 4
19 22 7
23 3 9
17 21 1
5 9 12
20 23 6
11 14 17
14 17 17
9 13 5
19 0 16
6 8 10
22 3 7
16 19 14
15 19 12
3 5 2
13 15 9
19 20 9
7 8 8
14 16 10
15 17 8
17 21 13
17 19 16
14 16 4
5 6 9
9 10 2
16 19 6
11 14 7
17 20 4
15 19 11
20 23 14
5 9 4
16 20 5
14 17 18
11 13 3
17 20 13
23 1 18
3 4 7
9 12 6
15 18 10
16 19 5
20 22 4
15 19 6
10 14 13
22 0 12
12 17 7
20 23 8
1 8 4
3 5 6
5 8 6
14 16 9
4 7 5
13 15 10
10 13 8
20 22 4
6 10 14
16 18 8
12 15 5
22 1 13
3 6 7
6 9 15
19 21 7
1 4 13
13 18 9
19 23 3
10 12 16
23 1 3
7 10 16
7 11 18
4 7 12
12 14 11
3 7 2
19 20 13
16 18 2
18 22 15
4 7 10
18 20 10
1 5 7
12 14 2
14 16 3
10 14 2
22 2 5
10 13 10
15 18 11
3 6 5
19 22 9
1 3 14
14 17 6
20 22 12
23 1 10
23 1 5
22 2 10
21 0 16
8 11 15
17 20 5
11 15 11
23 1 9
13 16 8
7 8 15
12 15 3
11 14 5
20 0 2
7 10 7
22 1 15
4 6 12
15 18 18
2 5 16
16 19 14
8 13 5
20 22 4
3 7 3
23 3 12
0 2 18
5 10 1
0 1 8
16 19 2
5 8 4
10 12 16
4 7 8
18 21 3
8 11 17
2 6 16
20 23 15
0 5 4
21 1 7
14 17 10
14 18 4
19 22 11
17 18 2
7 10 12
17 21 17
10 14 14
6 9 15
15 20 14
8 10 6
10 13 16
5 7 12
18 21 1
2 4 12
7 9 14
3 6 6
22 1 18
16 18 7
15 18 7
5 7 11
21 0 15
9 11 3
5 8 2
14 17 6
20 0 12
18 20 11
22 2 6
4 8 15
4 7 15
6 9 4
10 12 2
20 21 11
23 1 8
15 19 11
5 7 15
12 14 13
12 13 17
2 6 1
19 21 4
22 0 14
23 3 17
3 5 4
22 1 9
1 2 9
13 16 18
4 9 10
11 14 5
9 13 8
13 15 16
14 16 18
6 9 13
6 8 8
3 5 12
9 12 5
18 20 13
19 22 3
7 9 7
19 22 8
2 4 16
9 11 10
6 7 3
16 18 9
23 0 18
5 9 7
23 1 16
16 20 13
18 20 17
11 13 6
23 2 5
10 13 11
12 16 3
10 15 3
12 14 14
7 8 15
22 1 17
20 22 15
16 20 8
3 6 14
7 9 4
12 16 16
0 4 17
3 5 2
11 13 7
16 19 18
3 5 16
1 4 18
7 11 12
15 18 16
14 17 1
5 7 11
1 3 7
23 2 13
19 23 4
10 12 10
7 11 13
11 14 17
16 19 18
21 0 15
18 21 9
0 3 8
4 8 14
19 21 2
4 7 10
9 12 12
3 6 17
8 11 8
11 14 16
21 0 3
2 5 3
11 15 12
16 18 2
19 23 14
20 21 13
9 12 9
4 8 13
21 1 6
16 17 11
16 18 15
23 1 3
17 22 14
0 3 8
15 18 12
15 18 8
5 9 9
5 7 1
4 5 15
21 23 6
6 9 4
22 2 9
16 20 6
22 0 8
13 15 17
20 23 18
9 10 17
13 16 9
13 16 17
6 11 1
14 19 1
9 12 3
13 16 9
9 12 6
5 8 11
9 12 1
8 10 11
23 1 2
14 20 6
20 0 3
12 16 2
9 11 10
16 20 13
13 16 14
12 15 9
19 22 3
1 4 17
1 5 14
17 20 7
20 0 12
20 22 4
6 8 7
14 18 4
16 19 16
1 3 15
18 22 17
2 4 11
19 22 12
17 21 3
17 21 7
16 19 17
11 14 8
3 9 5
14 16 9
21 1 13
8 12 10
16 19 14
8 11 4
23 4 8
5 8 8
0 2 17
17 18 6
20 23 6
15 19 4
2 5 4
7 9 2
1 4 5
11 16 15
19 21 18
7 11 13
17 20 15
2 6 1
6 10 11
23 2 10
20 23 2
17 21 3
4 6 18
4 6 5
21 0 12
3 4 4
1 4 12
15 18 13
6 8 5
20 22 16
3 7 14
8 10 10
22 2 8
23 1 13
7 10 9
15 19 11
11 15 9
15 18 3
18 22 12
12 15 18
23 3 15
13 17 9
9 11 8
7 10 18
20 1 7
0 3 16
2 5 9
12 14 9
22 0 16
9 11 3
12 17 5
2 5 7
15 17 15
12 16 7
0 2 10
11 14 2
3 7 9
9 11 4
10 12 4
21 0 10
6 10 18
9 13 18
14 18 4
13 16 18
19 21 2
2 5 9
18 23 14
8 12 18
11 13 16
20 22 6
7 11 10
20 0 13
4 7 15
23 1 18
4 6 1
9 10 16
23 2 3
7 9 7
3 6 11
11 14 8
20 23 14
3 7 6
6 9 11
15 18 3
11 15 3
8 11 5
16 18 2
19 22 4
13 16 2
16 17 13
15 20 12
13 16 8
7 10 6
13 15 9
21 23 17
14 16 12
7 9 4
0 2 7
2 4 1
20 22 3
15 16 14
2 5 1
2 4 12
1 4 7
8 12 18
1 4 12
7 9 7
0 4 3
20 0 11
6 8 11
16 19 10
20 0 2
14 16 10
14 17 2
23 1 5
20 21 13
5 8 7
21 0 2
13 16 12
22 1 13
13 16 13
14 18 8
8 9 9
7 10 5
21 23 18
1 4 10
16 17 1
11 15 3
19 21 1
22 2 9
12 15 15
17 20 9
14 16 4
7 11 11
13 17 8
15 17 17
2 5 9
22 1 2
21 1 18
18 21 15
4 8 6
1 4 1
16 19 5
2 4 2
13 16 18
6 8 8
14 17 18
9 14 17
13 15 3
5 8 18
10 12 10
20 0 13
1 5 12
17 19 7
10 13 18
5 9 2
11 14 15
22 1 1
19 23 9
1 5 5
16 19 1
6 9 14
19 23 10
13 15 7
14 17 17
10 13 6
12 16 12
14 16 1
21 1 2
6 10 15
7 9 18
20 22 8
3 4 13
7 9 9
21 0 7
10 13 1
1 3 11
0 3 12
22 1 13
23 1 2
22 2 17
17 18 5
3 4 15
3 7 3
16 20 2
17 19 17
13 15 10
19 23 8
5 6 14
23 2 12
3 5 4
15 17 18
20 23 13
9 10 4
17 19 6
22 2 4
15 17 1
10 13 5
13 14 5
3 5 7
11 14 11
12 16 6
23 2 2
16 20 11
5 7 12
14 16 8
0 3 14
3 6 1
23 0 11
7 11 6
14 18 3
8 9 15
20 0 16
20 0 10
10 13 5
7 9 17
21 0 10
15 18 11
9 13 17
13 15 8
3 7 9
22 1 9
6 10 3
3 4 15
11 15 2
13 15 11
20 0 1
19 0 18
23 3 13
19 22 13
23 2 5
5 8 5
1 5 16
0 4 3
21 0 5
21 0 3
10 11 18
21 22 7
7 9 9
2 4 4
11 13 11
15 17 5
23 3 2
6 9 1
12 15 18
19 22 18
9 11 12
0 4 13
1 3 2
8 12 10
13 16 8
21 23 16
23 2 11
8 11 9
0 4 18
18 21 7
17 21 9
22 1 7
14 17 3
19 22 1
11 15 1
8 12 17
18 22 4
10 12 4
11 15 15
12 17 16
14 17 17
5 7 17
19 22 9
7 8 14
7 11 8
23 1 2
17 20 10
6 8 2
18 20 17
10 14 1
12 14 7
16 18 1
5 7 1
23 3 10
4 5 17
8 12 2
10 13 12
12 17 8
23 2 13
8 11 15
17 21 8
1 5 10
6 9 1
10 13 18
23 1 2
10 12 9
7 11 5
13 17 7
1 3 7
23 3 12
20 23 2
10 13 12
11 13 2
10 12 6
19 22 18
9 12 8
20 0 15
4 6 15
12 13 16
19 22 8
7 10 6
15 20 5
4 6 18
2 6 2
2 3 6
1 4 11
6 9 15
21 0 3
1 3 7
18 22 16
12 15 4
12 15 1
15 17 17
16 21 15
23 2 1
18 20 8
16 19 13
20 23 11
18 21 13
16 20 13
19 22 18
5 8 4
7 9 16
13 16 2
2 6 13
10 15 15
22 4 2
8 9 14
0 3 14
9 12 12
17 20 18
21 2 7
1 4 14
16 18 13
5 8 2
12 16 16
7 10 5
8 11 6
9 13 7
18 21 9
20 23 5
0 4 12
5 8 12
22 2 11
14 17 8
9 13 6
3 5 13
10 11 6
14 17 10
20 21 10
23 2 6
5 7 9
18 21 8
8 11 4
2 4 10
21 23 18
4 9 12
20 0 7
3 7 16
3 6 6
5 9 14
3 5 13
7 11 8
3 6 16
8 11 18
23 2 4
4 7 1
0 4 13
2 4 2
5 7 18
23 3 11
9 10 10
1 5 4
18 21 10
3 8 13
23 2 12
16 20 17
20 21 12
5 9 3
10 12 16
10 13 4
17 22 3
8 12 9
20 23 5
9 14 16
3 6 9
12 16 16
5 7 8
19 23 15
5 9 14
4 7 1
9 12 18
7 9 18
22 0 7
16 20 12
11 14 3
6 7 16
21 1 12
4 8 3
6 10 4
4 7 14
22 1 14
8 11 15
15 17 5
3 6 6
18 22 10
14 16 18
5 7 17
23 1 6
9 11 8
11 14 16
23 1 9
14 17 1
18 21 6
16 18 8
9 11 9
23 2 12
16 19 2
8 10 16
6 10 8
9 11 9
21 23 10
18 22 13
13 17 3
13 15 6
5 9 13
22 2 9
7 9 5
5 8 15
17 20 12
19 22 11
16 20 3
20 22 12
17 18 18
12 13 11
22 2 2
16 20 17
7 12 6
23 1 11
1 3 17
9 14 6
13 16 8
18 20 6
0 1 17
17 21 14
17 19 7
11 13 11
23 2 6
21 1 12
21 22 13
22 2 12
22 0 1
6 8 1
16 19 15
16 17 14
15 19 13
3 7 8
6 11 12
23 1 12
22 1 8
16 19 12
11 13 9
23 2 13
18 22 2
23 0 17
11 14 14
17 20 6
1 3 16
14 17 16
16 17 6
12 14 12
20 0 7
13 15 18
20 22 8
3 8 1
12 14 16
20 0 9
8 10 8
15 17 2
16 19 12
9 12 18
14 17 1
22 1 6
16 20 3
11 14 12
17 21 4
1 6 12
12 15 16
6 10 1
22 0 6
13 16 12
7 8 2
3 7 11
2 4 1
18 20 18
9 12 18
1 4 14
19 21 10
4 6 2
21 2 15
17 19 4
8 11 6
2 6 18
15 18 17
15 18 1
6 8 18
15 19 11
1 5 2
4 6 17
12 14 1
13 16 15
14 18 18
16 19 3
23 0 10
22 2 1
10 14 17
14 18 13
14 18 16
0 4 17
3 6 18
18 21 13
7 11 3
1 5 10
23 3 3
23 3 17
2 5 16
0 3 7
14 19 5
5 9 5
19 22 10
11 14 15
20 22 12
11 14 7
0 2 3
10 12 4
20 0 17
18 23 11
8 11 3
11 15 3
4 7 5
22 23 5
10 15 2
5 6 1
8 11 5
17 19 13
3 4 9
6 9 6
10 14 12
5 7 10
12 14 13
15 19 11
8 11 7
1 3 5
4 7 13
16 19 2
17 20 17
18 21 2
22 0 13
14 18 6
10 13 13
21 1 16
12 15 1
22 3 3
21 23 7
17 21 9
7 8 10
12 16 17
0 2 16
13 15 1
15 19 1
18 22 16
8 10 5
0 2 15
13 15 9
23 1 11
22 2 7
0 3 16
18 22 9
1 5 18
17 20 4
2 8 12
8 11 17
19 21 7
9 14 15
21 1 9
1 6 10
9 12 9
4 6 12
5 8 6
4 8 13
4 7 15
11 14 10
7 8 16
12 16 2
21 23 14
17 19 9
18 22 17
18 22 1
13 17 5
16 19 7
20 23 3
19 23 3
9 11 12
17 21 9
22 1 5
0 5 16
2 6 6
19 22 11
16 19 11
14 17 10
18 20 14
19 21 2
23 4 7
14 17 6
15 18 14
17 20 4
13 16 12
15 19 3
18 20 18
5 7 4
15 16 6
9 12 15
8 11 5
0 1 2
0 3 7
6 10 9
17 20 4
12 15 13
0 3 10
4 6 8
17 19 18
8 11 5
5 8 13
0 2 9
5 7 4
5 8 3
20 22 17
4 8 14
11 14 18
6 8 13
12 14 17
17 20 1
10 15 10
16 19 16
6 8 13
20 21 8
22 2 2
7 9 4
9 11 4
4 8 14
22 0 11
12 15 2
0 4 15
10 13 15
16 19 10
18 22 13
15 18 1
15 18 5
4 6 14
2 5 18
19 21 17
18 20 9
10 13 11
6 11 9
8 10 1
5 7 5
19 22 14
18 20 11
3 5 14
20 23 1
19 21 15
6 8 6
9 12 8
14 18 14
13 17 14
17 20 7
5 7 10
7 11 3
19 23 12
9 13 13
19 22 2
0 3 18
22 1 15
10 13 15
20 22 15
13 17 3
1 3 2
6 9 2
21 0 1
21 0 1
4 6 16
23 3 11
1 5 8
6 7 15
18 21 3
14 17 2
18 22 4
2 4 4
1 5 7
13 15 5
17 20 18
1 5 16
23 1 3
20 22 3
20 0 2
6 12 6
11 13 7
0 2 15
7 10 17
18 20 15
0 5 10
10 12 17
5 8 4
16 20 6
6 8 1
9 13 9
13 16 7
10 13 10
16 19 10
6 8 14
21 2 15
10 12 12
16 20 3
23 1 14
21 22 10
18 22 5
19 22 8
22 3 17
4 9 1
15 19 11
3 7 8
18 20 4
6 10 15
1 6 2
23 2 6
4 7 7
22 2 10
7 10 8
6 9 11
22 0 4
19 23 5
12 14 4
23 2 8
21 22 6
21 1 11
2 6 15
18 19 11
14 19 13
19 20 12
15 18 13
7 9 3
3 4 14
11 14 17
10 12 7
12 16 17
12 16 6
22 23 18
10 13 7
17 20 8
0 4 2
15 17 2
18 21 15
7 10 10
23 3 8
8 10 13
17 20 5
16 19 1
20 22 17
15 18 17
4 8 2
4 9 6
17 21 15
19 22 5
13 17 8
12 16 2
3 6 3
22 2 4
8 11 10
22 23 16
11 14 13
0 3 12
20 22 9
8 10 10
17 19 16
11 13 15
22 2 13
23 1 2
4 7 12
22 0 9
4 6 1
18 22 3
20 0 7
9 12 16
15 17 6
9 12 9
9 13 13
17 20 14
21 2 4
21 23 12
10 14 10
11 15 13
3 6 10
20 23 4
9 12 2
14 16 9
1 4 1
6 11 15
8 11 7
9 12 10
6 9 18
7 10 1
8 10 12
7 11 6
2 4 1
5 9 2
8 12 8
23 2 7
10 14 12
13 14 17
14 16 6
16 19 16
4 7 6
13 16 6
10 11 13
4 7 16
19 23 4
15 19 15
4 7 1
3 7 12
7 10 4
9 13 11
19 20 9
15 20 10
7 9 9
23 4 9
22 0 12
10 13 12
0 1 18
3 5 6
15 18 1
19 22 11
12 16 13
2 8 5
22 0 10
23 3 15
20 22 11
15 19 13
19 21 2
20 23 1
11 13 14
21 0 6
22 1 3
21 0 3
2 4 9
21 1 5
5 10 10
9 13 4
10 13 10
2 7 9
5 8 11
5 8 4
16 18 13
2 5 5
1 4 8
8 10 15
3 4 3
4 4 17
7 11 18
11 15 8
14 17 11
2 6 1
15 18 14
8 11 12
4 7 12
15 18 6
2 7 10
1 5 15
22 1 11
14 18 12
21 23 8
2 4 7
13 14 18
1 3 9
11 14 17
5 9 3
8 12 12
8 12 14
8 12 14
7 10 10
0 4 8
7 10 8
4 6 3
8 12 16
23 2 6
12 15 17
4 6 14
6 10 14
15 19 2
17 19 15
0 4 3
3 7 15
11 13 17
22 2 18
5 8 6
3 3 4
4 5 8
22 1 16
15 18 12
10 14 17
0 4 14
21 23 16
7 10 11
15 19 6
8 12 11
22 1 15
6 8 13
15 19 5
22 0 4
21 23 11
0 4 15
22 0 18
22 0 18
15 18 18
4 7 13
7 9 14
11 16 13
8 11 3
1 4 13
19 22 17
17 22 16
1 5 17
4 6 14
18 20 5
20 0 14
1 3 5
4 7 9
20 0 15
15 17 14
6 9 10
3 5 3
0 4 13
1 3 1
14 15 17
13 16 9
21 1 6
18 21 3
12 16 4
20 23 10
6 9 18
11 13 16
0 2 7
6 8 7
13 16 3
21 22 15
12 15 10
10 12 3
17 20 18
20 0 13
12 15 14
8 9 1
5 6 9
7 9 1
8 8 6
10 13 15
0 3 16
11 14 13
13 16 2
3 6 9
11 14 17
11 12 10
23 2 4
18 22 8
21 1 18
19 22 16
23 3 12
0 5 5
0 3 4
6 9 8
20 0 14
5 9 12
7 10 10
8 12 14
13 15 18
20 23 11
9 11 5
5 9 5
22 2 13
21 22 18
23 3 9
22 1 18
9 12 13
0 3 14
8 9 18
15 17 2
0 2 3
16 19 5
6 10 10
11 13 12
15 17 18
6 9 5
3 6 2
4 9 11
9 14 9
20 23 10
7 11 2
23 3 4
22 2 6
22 1 17
4 7 12
8 10 14
4 7 13
12 12 16
6 9 14
6 8 1
5 6 13
21 23 15
4 9 10
4 7 9
0 2 2
18 21 14
23 3 14
21 1 9
19 19 16
0 4 12
6 11 7
6 7 11
20 22 9
17 20 3
20 0 6
10 12 13
13 17 17
23 2 11
0 4 15
15 16 16
7 10 1
17 21 5
10 14 3
9 12 15
8 11 2
7 11 12
4 7 7
2 5 5
1 5 9
0 3 16
16 20 15
20 0 10
8 10 7
11 15 15
15 16 14
12 15 3
12 14 1
12 16 13
18 23 17
17 20 9
0 3 17
14 16 8
6 8 14
8 12 2
6 8 15
0 3 8
9 11 11
17 21 10
10 13 15
18 20 6
4 5 13
9 12 5
9 12 14
3 5 12
14 17 12
13 16 11
16 18 9
4 7 1
10 12 2
2 6 3
23 3 13
22 0 10
20 22 11
19 23 2
7 11 10
0 4 17
13 17 11
12 14 5
7 10 6
1 3 2
11 14 8
0 4 12
15 17 2
18 22 12
20 23 16
0 5 3
5 8 6
23 1 18
1 4 14
0 2 18
11 14 17
21 23 16
5 7 6
15 18 6
17 19 15
1 2 12
0 3 5
15 18 8
14 19 2
2 5 7
8 12 18
10 14 14
23 3 8
18 21 15
4 6 5
6 8 14
2 5 15
6 10 12
14 16 2
9 13 13
3 7 15
6 10 12
5 9 18
22 0 14
11 14 10
22 2 9
19 22 12
22 3 13
17 20 11
16 19 18
11 14 17
16 19 18
21 0 6
21 1 8
14 16 18
5 7 7
14 16 2
17 20 8
14 17 18
9 13 3
12 15 6
9 10 9
6 10 6
3 6 1
16 18 13
11 14 4
21 1 13
20 23 9
4 8 6
14 15 2
9 11 13
2 5 18
18 21 15
0 3 6
1 4 8
22 22 16
3 5 6
3 6 17
7 11 14
7 11 9
5 7 1
1 4 11
21 22 4
12 16 8
11 13 6
0 3 16
20 0 14
1 5 7
19 0 1
6 9 2
1 5 4
14 17 12
10 13 17
4 7 8
16 19 5
9 12 17
15 16 6
11 14 16
3 5 3
7 10 15
18 22 10
13 15 11
23 4 4
16 21 16
18 20 11
4 8 5
12 15 4
