350 4
3 10 5 5 
14 16 4
8 13 2
21 1 2
11 13 3
12 14 2
11 15 2
9 13 1
15 18 4
6 8 2
12 16 3
4 7 3
5 7 4
10 12 3
8 11 3
8 11 3
6 8 1
6 9 3
4 9 1
11 14 1
11 17 2
19 22 3
9 12 2
15 20 4
2 6 3
8 10 3
5 9 1
21 1 4
18 18 3
22 1 1
1 4 1
21 23 1
8 11 3
21 23 4
20 21 3
9 12 2
6 11 3
22 1 2
10 13 1
13 16 3
16 19 3
12 14 4
13 15 2
20 22 4
11 13 4
14 16 3
14 17 4
9 13 4
3 7 2
0 2 3
11 14 4
3 8 2
23 1 2
2 4 2
11 15 2
5 9 4
9 12 4
1 4 2
5 8 1
1 5 3
20 22 4
5 7 4
15 20 2
13 15 1
4 8 4
0 3 4
12 14 3
8 11 1
22 1 3
17 18 4
16 19 3
2 6 3
8 9 1
17 22 3
3 6 4
22 3 2
7 10 1
20 22 1
11 14 1
22 1 3
9 12 2
15 15 2
17 22 1
9 12 4
20 1 4
17 20 2
3 5 1
15 17 3
14 18 3
21 0 2
3 7 3
6 8 2
12 14 4
20 22 1
1 3 3
10 15 2
23 3 1
5 8 3
13 16 3
22 2 1
18 20 2
15 17 2
8 11 4
12 14 4
8 10 1
20 23 4
22 1 3
11 14 2
6 10 1
21 0 4
15 18 2
4 6 3
14 19 3
19 23 1
13 18 4
9 13 4
15 18 3
6 8 3
22 1 1
15 19 3
19 22 3
2 5 4
21 2 2
7 8 2
13 16 3
14 17 1
16 18 2
11 13 1
5 9 2
20 23 1
11 14 4
0 3 2
13 16 1
7 12 2
2 4 4
21 2 3
17 21 2
3 5 4
11 14 1
16 19 4
15 18 3
21 23 1
14 17 4
19 21 4
8 11 4
10 13 4
8 10 4
0 2 1
17 20 3
9 12 4
8 11 4
14 18 2
12 15 1
5 7 1
17 22 4
10 13 2
3 6 3
3 6 1
22 2 2
0 2 1
18 21 3
20 21 3
22 2 4
13 16 2
7 10 3
13 15 4
1 3 2
17 20 3
17 20 1
13 16 2
17 19 3
19 21 2
19 21 3
23 1 3
19 22 4
7 10 4
3 6 4
9 11 2
4 5 2
19 23 3
20 23 3
14 17 4
21 23 1
19 22 3
12 15 2
17 21 2
5 6 4
15 18 1
21 2 2
9 13 2
16 19 3
23 3 1
10 16 1
23 1 1
2 4 2
9 13 4
16 20 1
4 5 1
15 19 1
23 2 1
5 8 1
13 16 4
16 19 2
15 20 1
18 20 1
2 4 3
11 14 1
20 0 1
18 22 2
1 5 2
6 9 4
7 10 3
3 5 3
5 9 2
11 13 3
18 21 2
18 20 2
10 13 3
11 13 3
17 20 1
2 7 1
20 0 1
13 16 4
0 3 4
5 9 2
7 9 1
6 10 3
0 3 2
20 0 2
22 2 2
0 4 2
17 22 1
15 19 4
18 20 2
23 2 2
5 8 1
14 17 1
1 5 1
2 4 2
4 7 3
21 0 2
15 18 1
19 23 1
17 20 4
15 18 2
17 21 2
10 13 1
21 0 2
15 18 2
2 4 2
0 3 2
5 8 4
17 21 1
10 12 2
5 8 2
6 10 4
18 21 3
20 23 3
12 15 4
19 22 2
17 21 3
3 6 3
8 12 2
22 0 4
7 10 4
1 4 2
9 12 2
7 10 1
17 21 3
10 14 4
16 19 1
0 3 1
16 20 1
1 6 4
22 1 2
23 1 3
9 12 4
12 16 2
4 7 2
10 14 2
18 20 1
4 7 3
1 4 3
0 3 1
9 12 1
21 23 1
19 22 3
18 21 1
16 19 1
13 16 2
7 11 3
5 9 1
20 0 3
17 20 4
0 3 2
19 22 1
18 19 1
13 17 2
6 9 1
13 15 4
17 22 2
4 6 4
10 15 4
1 4 2
19 22 2
18 19 2
15 17 1
11 15 2
13 15 1
15 16 2
17 19 1
16 21 4
16 19 3
2 3 4
17 19 2
19 22 2
4 7 1
3 5 1
7 10 4
3 7 1
5 7 4
14 17 4
17 20 2
23 1 3
6 9 3
14 17 3
15 21 2
19 22 2
16 18 1
20 23 4
0 3 1
23 2 3
12 16 4
0 3 3
21 0 2
11 16 4
14 18 1
0 2 2
9 10 3
16 20 1
1 3 1
8 11 2
19 21 2
8 10 2
12 15 4
11 13 3
17 20 4
1 6 3
20 22 3
0 5 3
3 5 4
