1850 8
8 7 1 6 6 1 7 2 
1 2 1
18 20 5
0 3 1
22 1 8
22 1 5
16 18 7
16 19 4
16 19 2
15 18 4
22 23 6
10 11 5
4 9 2
16 20 7
23 3 6
5 7 4
22 1 5
13 15 5
11 15 1
19 20 5
22 1 1
8 12 3
12 15 3
19 22 5
6 9 7
15 17 4
2 5 7
15 18 1
5 7 1
13 15 4
6 8 8
1 4 5
14 15 3
3 8 5
1 5 7
14 15 2
11 14 4
18 20 8
7 10 2
0 3 7
8 11 4
15 19 5
6 10 7
5 8 5
14 15 7
11 13 4
0 4 6
10 14 8
13 18 8
20 23 1
3 6 6
17 21 6
0 2 4
21 1 4
0 1 6
16 18 5
1 3 5
4 7 7
3 8 3
4 7 7
22 1 4
18 21 6
21 0 4
7 10 2
18 19 1
12 14 5
19 21 7
15 19 6
16 19 1
2 6 5
23 1 6
16 18 7
5 9 4
22 1 3
16 21 5
14 18 5
13 16 2
11 14 4
10 13 5
23 4 1
12 14 5
19 21 6
22 0 5
22 2 6
6 11 7
1 4 7
20 23 7
22 1 1
16 19 5
10 10 1
7 12 2
9 12 7
3 5 4
14 16 6
23 2 7
16 20 7
17 20 3
0 3 5
18 21 4
17 20 3
11 14 4
9 12 4
13 17 2
7 10 5
15 18 8
20 0 8
14 17 5
18 20 2
1 6 4
13 17 1
3 6 6
7 9 2
3 6 8
21 23 4
12 15 4
14 18 5
19 22 5
12 14 1
17 19 5
11 13 6
18 21 5
16 18 6
7 10 1
15 19 1
2 4 3
21 23 6
9 11 3
9 12 7
21 23 1
15 18 2
10 13 6
20 23 6
19 23 2
14 17 2
9 12 5
9 11 6
11 13 5
23 1 2
23 4 6
17 21 6
9 13 6
3 5 6
15 18 4
16 18 5
23 0 1
10 13 2
14 15 5
15 17 5
21 1 4
4 7 1
16 18 4
4 7 6
12 15 8
19 22 3
21 0 1
18 21 4
1 3 7
5 6 5
22 2 6
0 5 8
17 21 2
0 3 7
6 10 7
9 12 1
13 16 5
1 3 7
7 12 1
12 15 4
10 13 8
7 10 6
6 9 3
3 5 3
13 16 3
2 6 6
11 14 7
23 1 4
19 21 3
10 14 3
8 12 7
6 11 2
1 4 4
13 15 6
9 10 3
11 14 3
11 14 3
19 22 8
16 19 5
8 11 8
11 14 5
8 11 5
17 20 1
5 9 1
13 15 3
2 5 3
23 1 5
3 6 3
22 2 8
8 13 2
5 7 2
3 5 5
21 0 6
9 13 2
2 6 6
1 4 8
23 3 2
7 9 2
11 14 4
22 1 7
7 10 8
11 15 3
18 21 5
8 10 6
1 3 1
11 15 5
23 3 5
21 23 2
1 4 6
10 13 5
4 9 7
11 15 8
9 10 6
6 8 8
18 22 3
6 10 3
14 17 6
12 14 2
15 18 1
16 21 7
5 7 2
3 6 3
13 15 1
23 2 4
15 19 3
17 21 2
9 13 7
2 8 1
14 17 6
19 22 8
6 8 7
12 15 3
4 7 5
18 20 1
13 16 7
0 3 1
23 3 2
22 0 8
21 0 2
17 18 4
15 18 3
9 12 6
4 8 5
13 15 2
1 4 8
13 16 5
0 3 7
18 21 2
13 16 8
21 0 6
7 10 3
23 2 4
9 12 3
22 1 3
9 13 4
19 0 7
0 1 4
1 5 7
11 13 4
11 13 2
11 14 5
19 1 2
16 18 2
20 23 6
18 22 5
6 8 4
2 5 6
17 17 6
22 2 2
16 20 2
10 12 4
7 9 3
4 6 6
7 11 6
23 1 8
4 8 1
0 3 4
23 3 4
15 18 8
21 0 1
16 18 8
20 22 6
13 15 7
6 9 7
7 10 6
18 22 5
12 16 1
14 19 2
22 0 5
7 11 7
3 7 1
1 3 3
18 23 3
13 15 5
3 7 5
11 12 7
23 2 3
14 17 3
17 18 7
20 22 3
17 20 7
15 18 3
20 23 1
12 15 8
20 0 1
8 12 7
17 21 5
10 12 6
21 1 7
4 6 1
0 3 5
22 2 4
2 4 6
8 10 4
20 22 2
3 6 5
15 18 3
0 3 5
13 16 1
18 22 4
21 22 5
2 6 8
3 6 3
1 2 4
23 1 8
19 21 4
3 7 5
16 19 5
9 13 1
0 1 7
1 5 8
5 7 3
7 12 7
15 18 1
5 7 8
23 2 2
16 20 3
12 14 5
20 0 4
13 15 3
7 11 7
21 23 2
3 5 7
2 4 7
14 16 8
0 2 4
12 16 3
11 14 7
16 20 5
11 14 1
8 11 2
22 23 2
14 13 4
18 20 2
11 14 8
14 17 2
16 19 3
1 4 1
22 3 4
10 14 4
5 9 8
10 11 5
7 11 6
2 6 1
13 16 1
3 5 6
22 1 3
17 18 8
16 18 3
12 14 1
10 12 2
1 6 7
3 5 2
20 22 2
2 5 8
19 21 7
17 20 2
0 3 2
6 8 3
12 14 1
14 20 7
0 5 5
12 16 8
2 5 1
5 9 7
14 18 4
23 2 1
8 12 4
18 21 2
15 18 8
10 13 8
12 14 3
5 7 3
12 16 1
10 13 8
17 22 3
23 3 6
9 14 4
13 16 4
3 7 2
0 3 1
17 18 6
0 1 2
12 14 8
15 20 7
4 8 6
17 21 7
18 21 5
0 1 1
6 9 1
13 15 3
23 2 8
2 5 8
15 19 6
21 1 8
9 11 2
7 10 8
10 14 6
9 14 6
10 13 2
20 23 3
20 22 3
18 22 6
14 17 4
18 22 3
6 9 5
3 6 5
1 2 1
9 11 6
7 9 2
9 15 6
9 10 6
23 2 3
11 14 4
2 5 5
1 3 5
19 23 6
11 13 3
18 20 6
20 22 1
22 2 1
15 17 4
4 7 6
10 13 8
11 16 1
6 8 2
15 17 8
19 21 7
17 22 4
20 1 4
2 4 5
4 7 5
21 2 1
17 21 6
9 11 1
19 21 2
23 1 5
6 10 5
12 16 5
0 4 8
16 19 7
6 10 7
5 10 2
17 20 8
14 17 4
3 6 5
9 13 3
10 12 8
15 16 1
8 11 5
17 20 2
13 15 8
6 8 2
12 16 5
4 7 8
12 15 7
15 18 7
14 17 1
14 18 1
2 4 2
21 0 8
6 9 2
1 4 7
17 21 5
4 7 7
9 14 8
22 1 2
5 10 7
18 21 3
17 19 3
16 17 8
7 11 5
9 10 2
2 4 3
4 6 3
13 14 8
10 13 8
6 10 2
14 15 7
22 23 4
17 18 1
9 13 3
11 14 8
2 6 3
15 18 4
23 3 1
11 14 2
7 9 5
21 0 2
17 22 5
19 22 2
5 9 2
23 1 3
9 12 6
22 3 7
20 0 2
0 3 5
16 18 5
22 1 6
9 13 1
19 22 8
2 6 7
17 20 2
10 15 3
9 14 4
21 0 7
18 21 8
20 22 8
22 1 7
17 21 3
3 7 8
3 5 3
6 10 4
19 23 1
5 9 6
13 18 4
13 17 2
13 15 8
17 19 5
9 10 7
4 6 1
6 8 3
3 7 6
1 3 7
13 16 2
21 23 1
15 17 8
9 11 2
14 17 6
22 1 7
19 22 8
8 12 1
6 9 4
6 8 1
9 13 2
17 20 7
19 23 8
0 5 3
12 15 3
8 12 3
21 1 7
6 9 7
18 21 8
21 0 1
4 7 3
22 1 2
15 17 3
9 14 8
17 19 4
21 0 5
17 20 3
22 2 4
20 22 6
8 10 4
0 4 5
10 15 8
2 5 7
14 16 1
15 18 3
17 21 8
17 20 1
4 7 2
22 23 8
0 2 2
6 9 2
17 20 8
16 20 3
1 5 3
14 17 6
21 22 1
7 10 8
16 19 7
17 19 5
17 20 5
19 20 3
7 10 4
6 11 2
2 6 1
11 15 4
2 5 6
1 3 5
9 14 8
7 10 8
5 7 7
2 5 2
9 11 1
3 6 8
2 6 6
6 10 7
13 16 1
14 16 2
9 12 8
22 3 8
12 15 3
5 9 1
6 8 4
19 21 8
9 12 3
17 20 5
23 3 2
22 2 4
5 9 3
9 13 8
17 22 7
23 3 1
11 15 3
9 12 2
14 17 6
9 10 3
22 2 1
5 9 7
2 6 5
1 5 3
2 3 2
1 5 7
17 20 8
10 13 2
1 5 2
17 20 3
18 19 4
5 9 2
2 3 5
0 2 1
8 11 3
20 22 4
17 21 6
19 22 5
11 14 7
14 17 5
7 11 4
22 2 1
2 5 3
17 20 3
7 10 8
0 2 6
10 13 4
16 21 5
0 3 8
14 18 3
22 0 3
3 5 6
18 20 6
2 3 5
13 17 2
3 6 2
15 20 2
14 19 1
0 3 6
9 12 6
13 17 5
1 4 3
8 10 3
19 20 5
0 3 8
10 13 1
2 4 3
17 20 4
17 20 1
23 2 5
17 20 2
0 3 1
19 23 4
23 2 1
7 10 2
0 3 1
7 12 6
9 13 5
16 19 2
0 2 7
23 2 6
17 20 7
9 12 2
23 3 1
1 5 6
5 6 6
15 16 3
12 15 2
14 17 2
3 5 7
12 15 8
11 14 2
2 4 1
17 20 3
16 18 2
23 3 5
12 16 5
17 19 5
7 9 4
1 6 7
11 15 8
0 0 6
5 9 1
4 5 5
2 4 2
0 1 1
17 19 4
21 0 7
9 11 4
13 15 8
8 11 4
10 13 7
9 11 4
10 14 3
19 22 1
22 0 1
22 2 6
17 19 3
23 4 6
17 21 8
16 20 3
16 20 6
1 4 2
0 3 2
17 19 5
18 20 3
21 23 2
9 11 7
7 12 5
1 4 5
17 20 3
0 2 7
3 6 4
10 13 8
22 2 6
17 21 7
5 7 2
21 0 7
2 5 8
5 7 8
9 14 6
21 0 6
20 23 8
23 0 6
19 22 3
13 17 8
14 17 6
8 11 3
8 12 1
14 18 3
8 12 1
15 17 5
5 8 6
4 8 6
21 23 3
7 10 6
7 9 7
12 16 2
19 22 7
9 12 7
2 4 2
23 4 6
1 2 4
22 1 3
11 13 3
2 5 5
13 15 7
4 8 8
1 5 2
14 18 3
15 18 6
7 11 2
14 18 5
8 11 5
20 22 8
8 12 3
18 20 6
5 8 4
7 9 3
18 22 2
6 8 2
5 8 3
11 15 7
11 14 3
13 16 1
2 4 3
18 22 3
6 10 1
0 2 2
21 22 2
21 1 6
4 5 5
14 18 5
7 10 7
2 6 1
23 5 5
21 23 7
15 18 8
3 7 8
3 8 8
12 13 1
0 3 2
1 5 3
19 23 4
12 16 3
12 14 2
7 11 5
12 16 6
13 16 2
4 7 3
16 17 5
14 18 5
12 13 5
1 5 8
20 0 2
20 23 7
7 10 1
8 11 4
15 17 7
5 10 2
16 18 7
16 19 8
1 3 8
16 18 3
6 6 8
6 9 4
18 21 5
8 11 1
6 9 2
3 5 1
9 13 2
6 10 5
4 7 7
10 14 6
5 7 4
5 7 6
9 12 3
0 2 1
19 22 2
20 1 2
2 5 3
7 9 5
7 10 4
22 3 7
15 18 1
1 5 2
1 4 3
14 18 3
0 2 6
10 13 2
19 22 2
9 11 1
22 1 4
12 16 7
9 13 5
5 6 4
16 18 4
20 0 1
8 12 2
8 13 5
9 11 1
19 22 2
1 3 1
7 9 1
8 11 7
5 7 2
9 12 3
23 3 6
3 7 1
9 12 1
6 10 8
7 12 2
8 11 2
0 3 6
18 21 1
12 14 4
22 2 7
21 0 5
14 16 8
17 20 7
2 6 3
12 14 4
7 9 3
4 7 3
1 3 4
10 13 7
11 12 5
15 19 5
22 2 3
16 18 8
3 6 5
9 13 5
14 17 1
7 13 8
9 12 1
18 20 2
21 1 6
9 12 3
22 1 5
18 23 8
20 0 6
3 5 3
0 4 4
0 3 8
23 2 5
23 1 7
11 15 1
14 16 2
20 21 4
9 12 2
17 19 7
6 9 2
17 22 6
8 11 3
17 20 2
4 7 6
20 21 2
17 19 7
10 12 6
14 17 1
5 9 6
12 16 6
20 23 4
21 0 8
17 20 3
3 5 2
18 21 5
10 15 2
5 6 5
11 13 8
14 16 2
5 8 6
2 5 7
0 3 7
13 15 3
7 9 2
18 21 2
22 2 7
18 20 3
3 6 2
2 7 5
1 5 2
19 23 7
17 20 5
14 18 5
14 16 6
19 21 7
3 5 8
18 20 4
2 7 3
16 18 5
23 2 1
4 7 5
17 20 7
12 16 5
13 17 7
16 20 7
19 22 4
15 16 3
5 8 5
2 4 8
23 2 7
0 2 8
14 16 7
7 9 4
8 10 2
19 23 5
3 7 5
22 3 7
15 19 6
15 20 6
9 12 1
5 6 1
16 18 3
8 12 1
11 13 1
21 1 2
21 23 4
20 23 8
5 7 6
20 23 5
4 7 7
6 11 6
20 23 2
6 9 2
9 11 2
18 22 8
10 12 8
1 1 6
1 4 8
19 22 8
11 13 1
13 16 3
21 0 1
7 11 3
21 23 1
6 9 2
4 8 1
12 14 5
19 0 7
7 9 8
3 5 6
19 23 7
9 14 4
22 2 4
14 15 8
15 17 6
15 19 6
1 5 6
14 17 1
22 0 4
21 1 2
1 5 5
20 22 1
6 10 7
9 13 5
2 6 2
12 15 1
10 13 7
4 7 8
13 14 5
0 2 2
12 14 7
17 21 1
2 6 4
23 2 6
13 15 4
0 4 2
19 21 5
6 8 4
17 21 7
23 2 8
21 0 8
9 12 7
15 16 2
4 8 1
10 13 7
19 21 5
16 20 5
7 10 1
20 23 6
8 12 6
15 19 7
6 9 8
23 2 2
6 10 1
10 14 8
19 20 2
0 2 6
4 8 5
2 5 2
2 4 4
10 14 2
17 20 2
18 23 1
5 9 7
9 12 2
15 18 6
7 11 2
23 1 2
16 19 1
12 14 8
21 23 3
15 18 7
7 10 7
16 19 2
16 19 1
17 21 6
14 17 8
13 17 1
9 13 3
10 15 6
11 13 6
6 8 2
17 22 5
22 0 7
20 22 5
7 10 1
19 21 2
9 11 4
2 6 1
8 10 7
9 11 3
10 14 2
11 13 5
13 16 4
6 10 8
20 23 7
14 18 8
20 23 7
5 8 1
0 2 3
11 15 4
6 10 7
3 9 7
12 14 5
16 17 8
12 17 5
23 2 4
20 23 7
6 10 5
15 17 4
15 19 4
1 5 5
5 6 6
0 4 6
11 12 8
1 3 1
17 20 4
23 3 8
16 18 5
11 12 5
4 6 6
15 19 5
2 7 1
16 18 1
6 7 2
10 14 1
9 12 6
10 13 3
21 0 6
22 2 4
1 4 4
2 5 7
8 12 8
5 8 6
11 13 4
1 2 8
9 13 1
3 6 8
6 10 8
7 10 8
6 10 8
4 7 3
21 1 4
23 2 4
3 7 1
5 6 5
20 0 4
2 5 6
7 10 7
23 2 8
2 4 6
14 18 5
8 11 7
16 18 4
18 22 2
16 21 6
17 20 4
2 5 5
13 13 5
9 12 2
8 10 3
4 6 2
12 15 2
10 14 1
9 11 4
2 4 3
0 2 3
1 5 8
15 19 1
20 22 4
15 17 5
13 15 8
7 10 6
11 13 2
4 6 8
5 9 8
7 10 3
5 8 5
0 4 1
23 2 2
18 19 2
22 0 6
15 18 5
7 10 8
4 6 4
21 0 5
14 16 4
18 22 8
12 15 6
14 17 5
5 7 5
20 0 8
10 12 1
9 12 8
23 2 4
14 19 4
7 11 6
2 3 7
9 12 5
7 10 1
20 22 2
15 19 2
16 21 2
3 6 1
12 14 7
20 23 7
10 13 2
4 8 3
22 0 2
18 20 3
6 9 8
13 16 6
13 17 2
11 15 6
20 23 4
2 5 1
19 21 7
20 22 7
12 15 8
15 21 5
23 4 4
15 19 2
3 6 2
9 11 1
17 20 2
11 15 1
4 7 1
1 4 7
16 20 1
13 15 7
3 5 2
3 4 5
2 6 8
9 11 3
16 19 4
13 15 4
20 22 6
13 16 7
7 10 1
14 17 2
10 11 4
17 21 3
15 17 6
3 7 3
20 0 5
7 11 4
18 21 8
2 5 5
13 15 7
5 10 6
21 0 8
18 20 4
16 18 2
15 18 8
19 22 2
11 14 7
9 13 6
17 20 4
17 19 3
21 23 8
13 17 3
20 23 6
19 21 2
1 4 5
6 8 5
15 17 2
6 10 1
21 1 2
17 19 7
12 15 7
8 10 6
23 4 5
19 23 1
5 8 3
5 9 4
14 15 6
4 7 7
4 9 7
6 9 2
2 6 1
1 6 4
11 14 6
6 9 4
11 13 6
13 16 1
16 19 2
15 18 4
17 21 2
7 10 7
5 7 3
21 23 7
14 17 6
11 15 3
23 1 1
18 20 6
18 22 7
23 1 7
5 8 4
14 18 3
19 22 7
17 19 1
18 21 8
21 2 2
21 1 4
4 8 1
17 20 7
11 13 6
14 18 2
3 7 8
12 15 5
6 8 3
19 23 2
6 8 1
12 14 7
8 10 5
22 0 4
15 18 8
1 4 4
0 2 4
15 19 5
15 18 8
6 8 4
7 9 4
9 11 3
16 20 4
21 22 4
16 20 3
7 8 5
21 23 7
4 7 7
19 23 3
4 7 5
7 9 1
21 0 6
9 12 5
16 19 8
0 3 3
1 3 1
6 7 2
9 13 7
5 9 6
10 14 5
14 18 4
4 8 7
7 9 8
18 21 5
3 7 2
3 6 8
15 18 7
18 22 1
5 8 7
18 21 6
23 0 6
13 14 2
12 14 5
13 16 4
4 8 8
15 19 2
17 22 8
10 12 6
22 2 7
9 13 3
12 15 7
19 21 8
20 22 6
16 20 4
1 4 2
10 11 5
12 16 3
11 13 2
23 3 2
0 3 1
23 3 4
8 11 4
18 23 7
3 4 6
22 23 5
15 19 3
12 14 7
12 15 4
16 18 1
11 14 2
6 7 1
12 15 7
19 0 8
9 13 1
5 8 6
1 4 6
6 9 1
4 6 7
11 14 1
3 8 1
5 9 7
14 17 6
3 6 1
17 20 4
8 13 1
16 19 7
2 5 3
7 12 3
13 15 7
7 11 7
14 16 6
17 19 2
3 7 4
5 8 3
8 10 1
13 16 2
22 0 4
2 5 2
8 11 5
13 16 5
15 18 3
10 14 6
17 19 5
10 15 8
17 21 3
15 19 5
23 1 5
19 21 4
12 15 6
15 17 5
8 12 1
8 11 3
4 7 7
21 0 4
15 17 8
17 21 3
18 21 8
22 0 7
8 11 7
5 9 5
23 3 7
4 8 8
19 0 4
11 12 4
17 20 8
20 22 6
13 14 3
22 3 1
10 13 1
4 8 6
13 17 4
11 13 5
2 6 2
20 21 2
1 3 7
12 17 6
22 0 8
15 17 3
22 1 2
14 17 6
23 2 6
12 14 8
1 4 4
8 11 6
14 17 3
7 9 5
1 5 4
12 17 5
1 3 3
16 18 3
21 0 4
20 1 4
5 8 5
8 10 2
22 1 8
3 5 5
5 9 6
10 15 8
0 3 4
1 3 6
16 19 4
16 19 3
11 14 7
15 18 8
23 2 6
16 21 5
0 3 2
10 11 2
19 21 5
6 8 6
4 7 1
10 12 6
10 13 7
4 8 4
5 9 7
5 7 1
12 17 8
14 17 4
21 0 3
7 10 6
9 11 6
11 13 1
5 8 3
17 19 4
12 15 5
6 8 6
15 18 4
20 21 6
6 10 8
22 1 4
0 2 7
23 3 4
15 18 4
21 23 7
3 4 1
1 5 3
14 18 3
2 5 7
5 6 6
14 16 5
12 14 6
20 23 4
9 11 1
19 23 6
20 22 7
17 20 2
5 8 7
17 22 3
14 16 3
6 9 4
21 2 7
22 1 2
7 12 2
11 14 3
19 22 7
2 7 1
23 2 7
10 13 7
16 20 2
20 23 5
13 16 5
14 15 4
12 18 2
0 3 7
3 8 1
14 19 4
21 0 3
1 4 5
0 3 5
0 3 5
16 20 2
15 20 4
1 4 7
21 23 6
3 6 5
21 22 5
19 22 1
17 20 1
5 9 2
0 5 7
18 22 7
6 9 2
2 4 7
12 15 8
2 5 2
14 18 1
8 12 3
10 14 2
22 0 7
5 7 3
19 23 8
20 22 4
1 1 8
7 11 1
7 8 8
15 17 6
6 10 4
8 13 3
6 9 3
22 1 8
15 15 8
0 2 6
9 13 7
17 20 8
6 8 4
12 15 1
20 23 4
11 12 1
12 15 1
21 23 5
0 4 5
9 12 3
14 19 4
16 20 2
16 18 6
22 1 2
15 17 3
0 2 1
5 6 1
18 22 3
8 11 3
3 8 4
22 1 6
6 8 6
18 22 5
0 2 5
22 3 5
3 5 3
9 12 5
9 11 7
20 1 8
3 5 5
17 21 8
12 15 4
5 8 8
8 10 1
18 20 5
2 6 3
17 21 6
15 20 2
7 10 3
6 9 3
0 3 4
12 13 2
16 20 4
3 7 4
18 22 5
19 23 6
22 1 7
14 17 2
13 16 8
16 19 4
10 13 5
1 2 8
20 23 1
15 18 3
16 19 2
13 17 1
3 4 6
2 6 4
3 7 2
6 8 4
19 22 5
3 7 4
12 15 8
18 21 7
15 18 1
13 16 6
16 19 7
15 18 7
14 17 4
18 22 2
11 13 1
11 14 2
6 10 2
17 21 8
4 6 5
1 3 7
10 13 1
16 19 5
21 23 4
20 22 4
5 8 6
2 4 5
1 4 2
14 16 3
10 14 7
7 11 1
15 16 5
15 16 1
1 4 7
11 14 6
6 9 8
8 8 7
6 8 2
17 22 8
14 18 8
8 10 7
4 6 4
23 4 1
7 10 2
15 18 3
15 19 7
23 2 2
19 22 5
19 22 4
14 18 6
5 8 2
7 9 4
8 10 7
1 4 7
0 3 4
12 15 3
14 18 1
1 4 2
3 7 5
4 6 4
18 22 2
23 2 6
11 13 4
0 4 1
3 6 2
16 18 2
20 0 8
0 1 6
1 5 6
3 6 8
17 19 3
18 20 3
15 17 1
13 16 4
9 13 4
7 10 2
9 12 2
0 3 3
17 21 8
14 17 5
6 9 4
2 4 1
17 20 1
18 23 5
15 17 1
7 10 8
6 9 5
3 5 8
12 14 6
16 19 8
11 13 8
8 11 5
8 11 8
9 12 1
10 12 7
2 5 2
13 15 7
4 8 3
14 16 2
16 20 6
20 0 4
19 22 1
10 12 1
14 19 5
10 14 2
15 16 5
7 10 3
21 0 1
0 2 5
2 5 1
8 11 3
0 3 4
19 23 8
21 23 1
4 9 4
6 9 7
17 21 5
4 7 1
17 20 7
12 15 5
9 11 7
17 21 3
14 17 3
18 22 8
20 22 8
16 20 4
16 20 6
22 1 1
22 0 8
2 6 8
22 1 3
8 13 1
5 8 4
17 20 6
8 12 6
6 9 5
22 0 2
14 16 2
13 16 2
20 0 7
7 9 4
20 23 7
5 9 5
11 14 7
23 4 3
2 4 7
0 2 4
6 9 1
5 8 3
21 22 2
15 19 7
3 5 4
9 10 5
0 4 1
6 10 2
7 11 3
1 2 7
7 10 7
18 23 4
16 18 4
16 19 5
7 9 6
16 20 4
20 0 4
11 14 7
0 3 3
13 17 7
17 20 2
8 12 4
23 1 1
6 9 1
17 19 2
20 21 1
13 17 5
15 18 4
21 23 7
2 4 7
10 12 2
20 0 2
0 4 3
8 12 4
17 19 5
1 4 4
20 0 8
17 22 4
9 12 2
9 12 2
20 23 8
10 13 4
14 18 1
14 18 8
8 11 1
12 15 5
3 7 8
22 0 2
15 18 6
16 21 7
15 18 5
0 0 1
2 4 1
19 22 5
20 0 4
14 16 8
5 8 7
11 15 7
1 4 4
21 0 3
19 0 1
9 13 1
8 12 4
20 23 7
4 7 5
0 4 8
