500 12
3 1 2 7 8 3 2 9 2 8 10 3 
17 20 7
2 4 7
3 6 3
1 4 5
12 17 10
7 10 12
15 18 9
14 17 6
20 22 6
2 5 6
11 13 7
14 16 4
0 2 8
23 2 1
3 4 6
14 15 9
14 17 6
5 9 10
9 12 11
11 13 7
23 2 7
12 16 1
5 10 4
10 14 2
13 16 1
2 4 2
7 8 5
20 23 2
18 19 2
4 7 1
4 6 1
2 4 10
23 2 6
5 6 5
19 22 12
16 19 12
16 19 9
9 11 1
20 23 12
14 17 8
8 12 3
2 5 11
5 8 10
1 6 11
15 18 2
20 23 5
12 17 3
3 6 8
20 0 5
4 8 3
20 22 3
16 21 4
4 8 4
2 5 11
8 10 2
4 8 6
6 10 8
19 22 7
12 16 6
13 17 6
8 10 11
23 2 10
3 5 6
16 21 2
10 13 7
5 7 11
17 20 11
12 14 6
11 15 1
13 17 2
5 9 5
9 12 11
16 20 4
8 10 3
3 6 2
14 17 8
23 3 4
0 1 7
20 0 10
3 6 1
14 16 4
10 13 9
12 15 11
15 18 1
1 3 8
1 4 8
6 9 3
21 1 1
4 6 12
3 3 12
2 5 10
14 15 6
8 11 9
21 1 12
10 13 1
12 14 2
18 21 12
13 15 2
7 9 12
3 8 8
8 10 8
9 14 8
0 2 3
8 11 11
8 11 9
22 1 7
18 19 10
18 20 3
23 2 5
18 19 2
10 14 4
20 23 6
2 4 12
18 20 7
4 8 11
20 23 6
19 22 5
14 17 2
13 16 9
16 20 1
10 13 8
3 6 8
18 21 9
7 10 6
5 7 6
22 1 5
14 16 1
20 23 8
21 1 3
3 5 6
2 2 2
19 22 6
20 23 4
14 18 9
7 10 10
22 0 1
0 0 10
20 0 11
14 17 1
9 13 1
20 22 2
19 22 12
0 2 4
19 23 2
18 20 2
16 19 11
13 14 8
17 22 4
23 1 5
7 10 4
16 19 9
20 21 10
22 1 4
7 10 2
6 8 6
10 14 4
19 23 7
7 10 12
20 23 8
23 2 12
2 5 12
6 10 6
19 21 11
5 7 1
3 5 3
9 11 11
7 11 2
3 5 9
1 3 10
5 8 9
16 20 7
22 2 7
8 11 12
18 21 4
9 10 8
2 6 7
11 14 6
22 1 1
0 2 6
14 16 6
6 10 3
3 5 9
4 7 8
5 7 6
3 7 6
10 14 11
11 13 10
12 13 6
19 22 4
4 7 12
0 3 10
23 1 10
18 22 10
21 23 1
1 4 5
16 18 10
17 20 9
3 7 10
18 22 8
23 3 12
15 18 9
20 23 6
6 9 1
0 3 2
17 19 6
9 11 5
1 6 7
19 23 4
23 2 7
1 6 6
5 7 2
14 16 7
1 3 5
7 10 10
0 3 7
18 21 12
12 14 7
15 19 7
3 5 2
10 13 7
3 6 5
4 7 8
2 5 5
7 8 12
9 11 11
22 2 5
1 2 5
5 10 10
8 11 9
21 21 7
16 20 6
6 10 9
3 7 7
6 8 7
9 11 1
1 4 12
4 7 7
7 10 1
3 5 11
2 6 12
9 13 9
9 13 8
0 2 10
5 6 11
16 19 11
23 1 10
15 18 8
7 11 1
20 23 9
15 19 4
22 2 10
6 9 3
18 23 1
16 19 8
11 16 11
5 8 2
23 1 9
16 19 3
12 16 10
16 21 6
19 22 3
23 2 11
13 16 10
2 8 3
11 14 7
5 8 2
20 23 2
22 2 9
21 0 5
0 4 6
20 22 3
6 10 4
10 12 11
1 5 10
5 10 3
17 20 11
15 17 10
11 14 4
22 2 1
19 21 6
7 10 7
21 0 12
7 9 4
23 5 8
13 15 5
22 0 6
13 15 12
4 7 11
14 17 2
10 14 8
0 4 7
16 20 12
16 20 10
1 3 8
7 9 5
9 12 7
22 1 2
4 9 11
6 9 7
10 11 7
12 15 7
8 11 6
17 19 1
8 13 8
10 11 6
0 4 4
15 18 12
1 4 9
15 19 7
0 4 12
0 3 9
15 19 6
8 8 2
7 10 6
23 4 9
22 0 1
23 1 5
20 22 1
19 22 2
2 5 7
10 13 6
8 11 5
21 1 10
6 10 2
1 3 8
19 22 11
0 3 7
19 23 12
2 5 2
21 0 3
3 6 2
1 4 3
21 23 11
11 16 10
0 3 7
1 4 12
8 11 5
17 20 11
21 0 8
21 23 3
23 1 6
7 10 12
6 8 8
9 12 3
21 23 11
16 19 12
9 11 8
6 9 12
2 6 8
23 1 10
20 0 4
13 17 7
4 8 2
9 12 9
14 19 6
5 7 8
14 19 6
2 4 12
3 8 2
3 6 5
20 1 3
2 4 7
6 8 9
5 8 10
7 10 10
1 3 1
4 6 2
13 16 3
19 22 8
7 9 1
2 7 10
9 13 10
7 10 6
16 19 8
20 23 4
6 9 1
22 1 2
10 12 10
9 11 7
22 2 6
22 0 10
10 12 5
2 6 9
22 4 10
10 12 3
5 7 1
18 23 8
11 14 2
7 9 7
2 5 8
22 1 5
23 3 12
1 5 3
6 9 4
8 11 6
18 21 9
17 20 10
17 20 4
15 18 5
3 5 8
12 13 12
16 19 8
14 19 7
14 17 12
4 8 7
8 12 11
4 7 12
0 2 8
4 8 7
2 5 12
0 2 8
19 23 11
8 9 9
7 10 3
13 17 2
10 13 5
7 12 10
3 5 7
4 7 10
9 11 6
9 11 6
7 9 4
16 19 11
12 15 9
17 20 12
22 2 8
3 6 2
3 5 4
12 15 9
7 11 10
17 20 11
1 4 8
0 3 1
15 17 1
8 10 12
4 9 2
0 4 11
21 1 10
14 16 5
12 16 1
0 1 11
12 14 8
20 0 2
20 0 8
13 18 9
1 3 5
0 3 6
17 21 10
19 23 10
0 2 10
0 4 7
11 14 1
22 0 6
17 22 1
2 6 8
8 11 7
10 13 9
1 4 7
11 13 8
0 2 1
18 21 2
18 20 8
20 22 8
14 18 9
1 4 3
9 10 1
11 15 8
19 22 2
2 4 5
0 4 9
5 7 9
6 8 2
6 10 1
3 4 3
1 4 7
10 12 2
23 1 7
18 20 5
5 7 11
13 15 6
6 10 8
22 1 3
2 6 3
4 9 7
9 12 12
11 14 4
14 16 5
6 8 6
15 17 10
7 11 4
5 8 2
7 9 6
19 21 5
1 6 12
12 16 6
11 16 3
11 13 5
9 13 2
3 6 5
21 0 2
