1800 16
6 1 8 9 9 7 6 5 8 7 2 9 8 5 8 4 
14 18 2
5 8 16
22 0 13
1 4 1
6 9 13
19 21 14
7 11 1
17 20 10
2 5 8
4 6 5
12 14 4
10 14 2
20 1 8
12 15 16
22 2 11
7 9 14
23 1 1
21 23 15
10 13 15
11 15 13
10 13 4
21 1 12
22 0 13
0 5 8
0 2 13
10 13 11
8 12 16
19 21 7
19 23 2
2 6 3
21 1 13
14 18 12
12 14 2
20 23 4
1 5 10
5 7 7
9 12 4
22 1 13
14 16 12
21 0 15
22 2 2
5 10 7
20 0 7
17 19 3
1 5 5
11 15 8
17 21 5
4 8 12
15 16 15
19 22 11
8 13 16
13 15 2
12 16 12
20 23 9
22 1 13
15 20 9
8 13 1
5 10 7
9 12 9
0 3 5
22 2 15
0 4 3
3 6 5
22 0 7
11 13 14
23 3 1
14 19 9
4 8 12
18 21 4
22 0 11
21 1 11
3 7 1
21 23 3
9 12 6
17 20 12
22 3 12
4 7 14
14 18 5
2 7 12
17 20 13
9 11 1
12 15 7
5 9 6
2 4 2
15 18 8
10 14 2
17 18 13
2 6 13
14 17 11
9 9 13
11 14 5
13 15 14
11 14 9
3 6 12
16 19 5
13 15 2
7 10 3
18 21 12
19 22 3
5 8 12
13 17 10
9 12 9
16 18 14
12 15 15
3 8 3
17 19 14
13 17 2
8 10 6
5 6 9
9 11 12
5 9 9
7 10 16
16 18 7
13 15 12
22 1 14
16 19 4
17 20 13
12 15 16
3 6 7
9 12 12
3 6 4
7 11 1
23 0 8
1 5 4
11 13 5
12 15 1
17 19 5
6 8 15
0 3 12
22 0 3
7 11 5
17 21 6
11 13 8
8 12 4
14 17 10
0 1 11
6 9 7
10 13 11
12 15 2
22 0 9
22 1 8
9 12 3
0 3 6
22 23 6
21 23 15
12 13 6
1 3 15
23 2 7
15 18 14
11 12 1
18 20 5
8 10 15
19 22 10
11 14 1
10 11 5
10 12 14
6 9 2
10 16 3
11 14 2
11 13 2
16 19 16
13 16 6
10 13 11
23 3 16
4 7 12
20 0 7
17 18 3
20 0 13
17 18 10
14 17 3
14 18 3
4 7 15
22 2 3
0 3 16
6 8 13
11 14 14
14 18 7
11 14 15
17 22 15
19 23 3
5 8 9
7 10 13
4 8 12
9 12 7
22 1 4
14 18 13
18 21 11
3 7 14
15 17 9
12 15 3
14 18 1
7 10 11
9 10 3
7 10 10
14 18 6
19 22 16
21 22 15
7 11 9
17 19 15
13 17 13
20 22 10
19 23 1
8 12 4
11 13 4
6 10 15
22 23 13
13 16 16
6 9 14
23 4 12
9 13 13
0 2 6
16 18 13
15 19 16
9 13 5
17 18 12
14 17 7
20 0 13
13 16 7
10 15 5
18 20 9
19 21 6
10 14 3
22 1 12
10 14 6
22 0 7
10 14 7
3 7 15
13 18 1
14 15 13
14 18 3
22 1 16
16 18 1
16 18 1
21 2 7
14 18 2
15 18 11
2 6 1
13 14 1
4 8 13
6 8 13
21 0 3
11 15 4
4 6 6
8 12 13
19 23 9
8 10 15
8 12 5
14 17 7
3 6 13
6 8 15
15 18 5
7 10 12
6 9 10
18 22 13
8 11 14
10 13 9
23 3 6
13 17 7
0 5 3
1 2 16
10 14 16
18 22 7
17 19 2
3 6 12
4 6 4
23 1 9
19 20 5
4 6 1
18 23 4
19 21 7
2 6 16
15 17 6
15 18 9
22 1 2
5 7 16
12 14 3
12 13 9
0 4 14
7 11 9
23 1 4
17 20 1
21 0 1
15 18 15
4 6 2
17 20 9
0 1 4
2 6 13
18 20 4
20 22 11
20 23 6
6 9 2
22 1 5
10 15 5
4 7 7
12 15 2
18 21 13
14 17 6
6 10 8
23 2 10
19 22 3
15 18 7
22 1 11
6 9 5
8 11 4
18 22 16
14 18 5
20 23 14
12 16 1
9 12 12
14 16 10
20 23 14
14 17 6
7 11 5
18 21 13
17 20 15
19 23 8
10 12 14
8 10 3
19 23 13
11 13 13
6 9 7
6 8 10
11 15 15
6 9 16
17 21 7
21 22 2
7 10 8
3 7 7
10 13 10
15 19 15
0 3 13
3 7 14
10 13 12
9 12 12
18 23 9
23 3 3
1 5 3
1 3 1
4 6 14
5 8 7
12 15 3
21 23 13
20 22 9
13 14 10
23 2 7
13 19 3
9 12 7
11 15 12
14 17 8
7 10 13
2 5 13
20 21 10
17 20 9
4 7 6
6 7 5
18 22 15
21 1 7
8 11 13
19 22 11
17 18 12
4 7 4
15 17 9
5 6 1
14 16 1
0 3 12
4 8 13
10 12 12
13 16 2
5 7 14
2 7 11
23 2 11
16 20 15
0 3 9
10 13 13
7 11 6
10 13 14
21 0 13
15 19 5
19 23 11
22 0 15
17 21 10
21 1 9
4 5 16
6 8 12
11 14 13
8 11 6
3 6 6
14 17 2
9 12 12
0 3 12
7 11 7
14 17 7
3 7 16
13 17 15
5 9 3
20 0 6
5 9 10
18 20 2
0 3 9
13 16 4
12 15 8
6 10 14
11 14 7
19 22 5
18 19 12
0 4 9
14 16 5
11 13 7
21 1 16
7 9 6
13 17 4
1 4 2
13 15 11
6 9 16
13 16 12
9 12 11
2 6 13
6 9 1
14 18 1
20 0 9
23 3 13
20 23 11
2 4 9
10 13 13
9 13 12
10 14 8
6 9 7
23 2 4
0 3 15
3 5 5
11 13 2
2 4 14
1 4 14
5 8 9
15 18 11
3 6 1
18 22 11
8 12 8
13 16 10
2 4 4
10 13 9
15 17 3
16 19 13
21 0 12
3 7 3
4 7 6
1 5 1
13 16 13
15 17 2
7 10 5
22 2 8
9 13 2
14 17 15
21 0 15
1 5 3
19 23 9
9 12 11
8 10 9
8 12 2
7 10 9
15 19 8
22 1 11
2 5 2
17 21 8
1 3 7
2 5 11
6 9 10
22 2 7
8 12 11
15 18 4
12 14 7
13 15 2
4 7 7
5 9 13
17 20 5
12 15 7
18 21 4
21 0 12
7 10 14
2 5 6
14 17 4
15 17 5
17 21 12
11 14 5
3 7 14
8 9 9
2 4 6
3 5 1
14 17 10
7 8 8
21 1 2
20 23 11
15 19 7
10 12 16
13 17 15
23 4 11
2 4 5
8 10 15
6 10 11
2 6 8
23 3 7
9 11 2
20 23 6
23 2 10
20 23 1
7 12 14
14 19 15
14 18 14
15 17 12
8 11 12
19 21 15
22 1 7
11 14 6
5 7 7
7 9 13
11 15 13
8 12 15
19 22 9
4 7 5
9 11 13
14 17 10
5 8 9
17 19 8
17 21 9
8 11 3
0 3 9
6 8 4
1 3 16
8 11 12
13 15 11
2 5 2
17 21 2
15 17 9
12 15 11
5 8 10
12 14 12
12 15 8
13 15 13
20 23 5
20 2 4
21 0 2
15 19 13
2 5 13
2 6 8
7 10 8
13 16 5
14 18 16
11 14 10
1 5 16
17 21 1
16 21 5
1 6 3
23 1 14
10 14 16
22 1 14
12 17 6
3 7 15
2 5 5
8 12 16
10 14 4
7 11 3
2 5 15
8 12 3
9 11 14
10 13 5
11 15 9
21 1 8
17 22 3
8 12 12
2 6 13
12 16 1
4 7 7
15 19 8
2 5 12
11 14 16
3 6 1
19 22 15
22 2 5
4 8 8
19 0 3
23 1 11
2 6 15
7 11 6
4 8 9
20 23 14
17 19 9
13 15 2
0 4 4
14 19 6
8 12 3
20 23 1
20 0 15
5 8 7
1 4 12
0 4 9
3 6 13
4 7 2
16 20 10
23 3 6
11 13 15
20 0 14
6 9 4
3 8 8
17 20 12
7 11 10
9 15 6
21 23 2
16 19 11
14 18 10
16 19 9
13 15 10
18 22 6
7 9 2
19 22 9
3 6 11
19 22 10
12 14 16
16 19 12
14 16 12
20 23 16
21 1 12
12 15 9
9 12 7
8 11 13
0 4 1
0 4 4
22 1 2
13 15 12
0 2 12
0 4 15
4 6 3
8 11 8
19 20 12
8 12 16
14 15 4
18 21 15
4 8 2
17 20 6
15 18 2
23 1 6
16 18 15
21 23 4
22 1 13
17 18 3
15 18 16
17 20 14
17 21 5
3 5 15
13 15 5
7 10 5
12 13 11
22 0 5
0 4 3
3 5 11
5 7 7
12 15 14
16 19 5
9 14 5
20 22 6
2 5 6
21 23 14
5 8 11
18 21 5
18 21 3
1 6 8
14 15 13
9 12 2
15 18 3
22 2 2
9 12 9
21 1 15
16 20 2
0 3 7
7 9 1
0 2 13
17 20 7
9 13 8
6 8 3
15 18 4
7 9 14
18 19 5
3 7 2
8 12 10
22 1 11
6 8 14
1 4 4
2 4 3
19 0 15
9 12 15
14 20 3
12 15 7
20 0 8
19 21 6
10 14 7
22 0 16
21 0 1
21 0 9
16 18 11
10 13 11
13 16 12
2 6 13
22 1 10
21 1 10
15 19 7
3 6 10
3 5 4
23 2 11
3 5 14
20 0 14
18 0 5
7 9 12
20 23 2
20 0 14
5 8 4
8 10 7
8 11 9
18 20 12
18 19 1
8 13 5
0 2 5
6 7 13
12 15 7
23 3 1
8 11 4
7 9 14
10 12 12
23 3 5
4 6 10
17 18 6
11 15 15
21 0 6
12 14 9
8 11 2
19 22 16
3 6 8
4 7 14
9 13 1
17 19 1
12 14 16
23 2 9
2 5 1
9 12 8
3 6 4
22 2 1
13 16 11
13 16 12
1 5 9
19 22 15
9 12 6
19 21 11
1 2 15
1 5 4
16 19 12
23 5 9
23 2 12
20 23 14
11 13 4
6 9 16
1 3 8
12 14 6
4 8 11
5 8 1
16 19 6
21 0 9
22 23 15
7 11 14
9 13 16
14 15 12
7 11 1
13 17 5
15 18 10
16 19 3
0 3 5
0 3 10
9 13 11
10 12 9
2 5 3
16 19 1
17 18 8
9 11 11
3 5 12
10 14 10
0 3 1
15 16 6
17 22 9
9 13 10
9 13 2
2 5 14
13 14 13
8 12 7
10 12 8
16 19 2
13 16 7
8 10 14
14 16 5
7 9 7
15 18 12
5 8 12
15 17 8
14 18 12
11 15 13
18 21 9
15 18 4
19 21 14
10 12 5
4 9 4
19 21 8
5 10 3
19 22 1
2 6 7
22 4 1
4 7 14
10 12 6
3 7 14
5 7 14
2 6 9
19 23 2
4 7 12
20 22 16
19 20 16
18 22 4
10 14 2
11 15 2
8 12 8
14 16 2
4 7 10
23 3 4
13 16 5
8 9 10
6 7 7
11 16 4
3 5 13
21 1 5
21 1 9
18 22 1
15 17 12
6 8 16
22 0 16
7 9 12
1 3 3
18 20 12
11 15 9
0 3 7
22 0 10
15 18 8
3 7 4
12 15 4
1 4 4
18 21 9
23 2 12
9 13 2
20 0 14
19 21 3
1 4 14
8 9 3
3 7 6
16 20 10
18 20 1
15 18 14
23 2 6
14 18 14
23 2 4
7 9 7
10 12 4
17 20 7
7 10 12
21 0 14
22 2 4
10 14 11
19 21 14
1 4 9
6 10 8
21 1 10
13 18 9
12 15 6
14 18 9
13 16 16
1 3 1
13 16 12
16 19 10
21 23 13
7 10 12
3 6 4
3 6 11
18 23 14
8 11 2
11 14 15
1 4 15
23 1 2
20 0 16
2 6 11
15 17 6
20 22 16
12 16 13
23 1 16
11 15 14
16 20 8
17 19 5
12 16 8
0 3 2
5 9 5
15 18 1
16 21 11
23 2 13
20 21 9
21 23 12
19 22 16
2 5 2
6 8 1
21 1 12
23 2 10
13 15 3
4 7 3
2 5 12
11 14 7
11 14 2
6 9 4
5 8 12
16 17 14
15 19 10
21 21 2
2 6 10
16 18 1
19 22 12
2 6 9
1 5 1
22 1 8
2 5 6
18 21 14
20 23 10
18 22 3
21 0 8
8 12 6
5 7 5
1 5 6
6 11 5
8 11 11
12 15 5
8 11 3
10 14 15
15 18 2
20 22 5
5 7 6
13 17 2
3 7 14
16 20 1
11 14 2
7 11 15
1 5 12
23 2 8
5 6 16
19 22 13
8 11 8
14 16 11
4 9 5
22 0 16
0 4 6
12 14 12
21 23 8
16 17 11
15 18 9
3 7 2
3 6 15
12 15 6
16 19 9
10 13 16
2 5 5
12 14 4
20 23 15
3 6 5
1 4 8
4 7 8
9 13 15
22 0 2
21 1 9
2 5 16
18 23 2
20 0 3
10 14 12
8 12 4
14 18 6
1 5 11
9 13 5
3 7 7
10 13 2
16 19 1
7 11 6
13 16 9
18 21 15
20 23 10
7 9 4
15 16 2
6 9 14
18 20 6
22 1 14
18 23 10
21 0 16
11 14 3
18 22 9
9 11 15
1 3 10
4 7 5
10 12 5
6 9 13
6 8 4
5 11 3
9 12 2
19 21 1
4 6 7
0 4 7
10 13 2
13 16 7
16 19 16
10 11 11
2 4 6
7 9 7
14 18 1
22 1 7
7 11 1
22 1 2
0 3 16
22 2 14
21 1 10
0 2 12
12 15 16
3 5 10
9 12 2
4 9 11
19 23 15
21 2 5
17 20 12
8 10 11
16 21 4
17 20 3
18 19 4
3 4 2
5 8 7
3 6 5
16 19 11
22 2 4
6 8 1
11 15 9
6 9 10
8 12 7
3 7 8
8 9 16
11 15 11
2 5 12
17 20 6
0 3 5
14 19 7
22 1 4
22 1 13
16 20 5
9 10 12
8 10 9
10 14 4
1 5 6
11 14 7
4 7 15
14 18 8
12 15 9
19 22 13
7 10 7
16 19 13
11 16 5
22 2 7
10 13 4
7 9 11
15 17 15
19 22 9
11 14 14
17 21 15
22 2 3
17 19 4
16 17 8
3 6 11
12 14 3
20 22 16
8 12 12
3 6 9
22 0 2
19 0 9
15 18 10
8 12 11
4 6 16
14 17 12
11 14 5
6 10 3
12 16 5
19 22 7
9 13 15
15 17 16
13 16 5
22 1 14
8 12 3
10 13 16
21 1 3
6 7 11
0 4 10
8 11 15
2 6 7
6 8 1
12 15 11
12 13 8
7 11 5
8 12 3
19 22 12
19 22 3
22 1 3
17 20 6
3 5 1
2 4 3
13 16 11
11 13 12
17 20 12
9 12 9
12 16 6
9 12 12
14 18 13
6 7 16
20 22 5
18 22 4
6 9 6
4 7 9
7 10 13
3 6 10
14 16 6
9 14 12
22 2 3
4 6 13
19 22 8
14 17 3
2 5 11
14 17 14
22 0 13
7 10 7
3 5 16
1 4 13
16 20 7
14 18 3
7 11 8
14 17 2
19 22 16
6 10 6
10 11 13
11 15 1
8 11 4
3 6 7
4 5 1
18 20 13
20 23 5
14 16 7
12 15 8
23 2 14
4 7 16
3 6 15
23 3 5
15 19 3
9 11 1
15 19 8
0 2 11
10 11 7
18 19 2
11 14 9
19 21 7
7 8 10
23 1 10
11 13 9
0 3 10
20 23 12
22 2 14
23 4 10
3 6 5
8 10 6
19 22 5
21 22 4
21 23 1
1 3 1
21 0 15
3 6 1
22 1 8
17 20 16
5 7 8
22 23 7
11 14 3
16 21 10
6 10 2
0 2 8
10 12 7
18 22 10
21 23 14
2 5 13
1 5 16
15 19 10
21 0 9
0 2 7
8 10 11
15 17 11
0 2 2
21 23 1
9 11 1
7 9 16
0 3 7
5 6 5
13 18 11
20 0 6
2 5 12
8 10 10
12 14 10
11 13 4
22 2 6
21 1 5
21 0 2
4 8 6
4 8 12
17 21 12
16 18 9
3 6 11
15 18 13
19 0 10
7 8 11
17 21 8
18 22 15
13 16 7
0 2 16
8 12 6
6 9 7
14 17 6
16 19 6
17 20 9
23 2 3
11 14 10
16 20 10
0 3 9
18 21 13
5 8 3
23 1 4
15 18 4
10 14 13
20 23 14
6 10 5
10 15 3
17 20 13
14 17 13
15 17 14
17 20 6
14 17 7
17 20 3
8 12 14
4 6 6
9 12 7
19 22 3
1 3 5
2 6 11
13 14 11
16 20 12
8 11 3
15 18 1
12 14 3
23 1 3
16 19 15
3 7 1
3 7 7
4 7 6
1 4 14
2 6 10
21 23 5
22 0 6
0 4 10
0 3 1
17 20 5
10 13 11
21 0 8
14 15 7
17 20 16
22 2 14
16 19 9
12 15 14
9 12 9
2 5 8
6 10 16
13 18 9
3 6 12
1 5 8
6 9 15
11 14 10
6 10 3
10 12 4
2 5 4
2 4 8
6 8 2
0 4 7
15 18 5
15 18 11
2 4 12
22 23 11
10 14 8
16 18 9
1 5 4
19 21 16
5 7 13
9 13 3
20 22 2
13 16 6
5 9 9
7 10 15
17 20 15
12 16 1
16 19 1
12 15 5
15 18 3
23 1 14
17 21 9
23 2 14
13 16 12
13 16 1
11 14 1
1 4 6
6 6 1
16 19 16
18 20 10
7 8 10
7 9 9
11 15 3
0 3 12
17 19 6
4 9 5
22 2 7
6 9 4
22 1 13
20 22 3
3 7 10
11 15 7
20 22 16
13 17 9
5 7 12
14 16 14
22 3 14
9 11 4
23 2 16
1 4 10
9 12 7
16 20 15
0 5 12
1 3 11
9 13 14
4 8 10
14 19 10
19 22 1
3 7 9
21 22 10
11 13 10
21 0 14
23 4 14
14 18 13
10 13 5
6 10 9
7 9 3
16 19 3
6 10 16
8 11 10
15 19 16
7 9 1
14 17 11
12 16 7
1 5 7
14 16 5
21 0 16
11 13 6
23 2 6
9 11 3
12 16 13
3 5 15
21 23 4
13 17 1
19 0 13
14 18 11
3 7 1
19 22 12
4 6 14
21 23 14
19 22 4
13 18 12
21 1 16
0 5 1
21 0 10
4 8 1
2 7 9
11 14 6
8 12 8
9 11 6
9 13 11
11 13 2
1 4 16
17 21 6
11 15 16
3 6 14
18 20 4
1 7 1
21 1 10
19 21 11
15 18 6
16 19 15
20 0 3
4 7 3
7 9 5
16 20 13
12 15 4
16 20 15
19 21 2
21 2 3
11 14 9
1 4 4
19 22 6
21 0 15
14 17 10
10 13 5
11 14 7
23 1 9
21 0 3
4 8 2
3 6 14
19 20 11
21 2 2
2 6 10
8 12 8
23 1 10
2 5 2
20 21 9
14 18 5
4 10 5
0 2 5
1 3 8
2 4 6
5 7 1
18 19 5
9 13 6
23 1 5
22 0 6
12 15 2
10 12 2
0 1 9
9 13 5
19 23 10
11 14 1
11 13 7
22 3 2
9 11 14
12 15 15
18 20 3
14 17 3
6 11 9
22 3 8
16 19 4
17 20 12
10 14 1
12 15 9
8 12 4
12 14 6
2 5 2
23 2 9
16 20 2
12 15 15
2 5 4
9 14 5
23 1 1
11 15 7
18 21 14
8 10 7
8 13 2
5 6 11
4 8 10
9 13 5
4 7 14
7 11 12
1 5 10
5 8 14
23 2 16
4 7 8
22 2 14
8 11 2
2 4 16
22 1 1
19 21 6
18 19 13
16 17 8
1 2 7
3 7 2
4 7 2
13 17 13
14 18 5
1 4 10
18 19 4
0 4 5
15 19 2
8 11 9
5 8 2
22 1 13
17 19 5
22 1 9
10 14 7
3 6 4
1 2 7
11 15 3
16 18 2
1 5 13
6 9 9
18 21 10
4 7 13
18 22 1
9 10 7
17 20 6
7 9 9
5 8 1
21 0 12
17 20 1
1 4 13
15 18 9
23 1 6
10 14 13
19 21 3
2 6 1
5 7 11
18 21 12
22 2 3
0 1 8
21 0 7
10 13 11
12 17 2
13 17 11
22 23 8
15 18 11
13 17 7
17 19 11
5 8 16
3 7 9
20 0 1
2 6 3
4 8 13
17 20 9
17 20 5
17 20 16
15 17 11
6 9 12
0 3 9
11 13 8
2 5 16
18 20 14
12 16 8
16 18 11
21 1 14
6 7 3
11 14 15
19 23 2
13 15 9
15 19 2
10 13 6
0 4 13
14 15 6
19 22 10
6 8 12
17 19 16
7 10 2
6 11 4
13 17 10
8 11 10
21 0 6
17 20 7
21 23 2
13 16 15
4 9 13
9 12 16
11 14 9
11 14 8
12 15 5
10 14 1
15 19 3
15 18 9
11 13 11
15 19 12
3 6 10
4 6 5
22 2 10
22 2 6
23 3 1
3 6 3
18 21 15
15 18 12
20 0 14
13 17 13
20 0 1
14 17 7
21 0 9
15 17 12
21 1 2
14 16 14
6 8 16
16 19 1
23 1 10
5 8 3
18 22 15
18 22 5
8 12 6
9 12 7
16 19 10
4 7 3
15 19 8
3 5 6
11 15 5
21 23 12
23 3 6
10 12 9
13 16 5
5 9 1
3 6 13
17 20 13
2 4 2
18 22 4
4 6 3
20 23 5
11 16 7
18 21 13
17 19 8
22 3 7
19 22 16
23 3 10
18 21 7
12 15 3
20 23 4
23 2 14
20 22 8
6 10 3
5 8 3
23 4 1
17 20 12
10 15 10
0 4 15
20 23 8
5 7 7
5 9 15
19 22 16
3 6 12
20 23 12
15 17 10
18 20 7
22 1 2
4 7 1
17 22 15
12 15 7
4 7 1
12 16 3
4 8 1
0 3 10
3 5 14
7 9 15
2 4 8
13 16 11
10 13 6
23 2 12
20 23 7
18 21 3
0 4 12
13 17 4
14 15 4
12 14 13
4 7 14
5 7 12
12 14 9
8 11 1
21 22 7
14 17 10
14 17 13
9 12 4
19 22 11
17 23 7
7 11 11
21 0 6
16 19 1
6 11 6
16 19 16
3 6 2
17 20 14
19 20 12
3 7 12
7 10 2
5 7 10
2 7 12
7 8 8
19 23 16
23 1 12
23 2 8
0 2 15
14 16 8
15 18 12
10 15 14
2 6 15
7 9 4
13 17 11
5 7 6
2 6 15
21 0 9
21 1 12
12 15 3
9 12 4
17 21 9
17 18 8
18 22 4
20 22 15
10 13 8
8 10 16
9 11 13
5 6 5
18 19 14
17 19 4
17 21 8
11 13 13
3 7 15
14 19 3
18 21 14
20 21 9
19 22 12
9 12 9
8 12 15
9 13 1
3 7 9
3 7 16
8 10 4
23 3 13
19 20 10
7 11 8
22 0 9
18 22 11
11 14 3
11 15 5
10 15 8
3 6 2
3 5 1
18 20 10
1 3 12
23 3 5
4 6 11
19 23 16
23 3 12
6 6 6
9 12 8
8 14 8
15 18 5
13 17 5
16 19 15
17 20 14
17 20 11
10 12 14
0 3 14
8 11 14
23 3 9
6 10 1
2 5 1
22 1 13
19 22 3
9 13 10
18 23 11
19 22 1
23 2 10
23 0 9
21 2 6
11 13 11
0 3 15
4 7 7
22 1 15
17 18 9
0 2 16
14 17 10
23 2 15
17 18 15
18 20 5
12 17 3
19 23 7
5 9 15
13 16 12
2 5 7
0 1 15
17 19 10
17 18 7
19 20 4
23 1 1
2 7 10
13 16 11
13 17 1
7 10 4
4 8 1
9 11 15
20 23 12
1 6 13
0 3 12
21 23 11
12 14 15
10 12 3
10 14 5
4 8 1
