700 11
4 10 5 4 8 3 9 4 10 5 10 
12 14 6
12 13 11
17 19 11
4 7 9
9 12 3
10 15 9
19 22 9
22 2 8
9 11 11
18 21 10
8 9 11
23 1 2
4 7 8
8 12 11
22 2 2
6 9 1
12 15 7
14 18 3
0 2 3
6 8 6
8 12 6
15 18 8
18 20 10
4 9 7
5 8 8
6 9 8
1 6 8
16 20 11
12 14 3
14 16 11
16 19 11
15 20 1
19 1 2
3 4 9
16 18 6
13 17 11
2 5 6
11 14 2
13 15 2
6 8 3
10 12 6
1 4 1
20 0 10
7 11 7
13 16 10
4 8 3
5 10 10
16 19 4
1 3 4
17 20 5
18 22 11
15 20 2
13 17 6
23 3 1
6 8 5
21 1 2
6 8 6
21 23 6
10 14 11
16 20 10
22 2 9
17 20 10
11 14 5
19 0 8
20 0 9
21 23 2
18 20 10
12 16 1
1 2 7
1 5 4
9 13 5
11 14 10
21 0 4
11 15 4
22 1 10
8 11 9
8 12 7
14 17 4
5 7 2
11 13 1
9 11 2
7 12 5
15 17 10
17 22 6
17 22 4
13 16 1
3 7 4
4 9 8
23 0 4
14 16 7
5 8 6
15 19 1
2 4 5
5 10 6
11 14 10
18 21 6
0 4 11
11 13 3
19 21 11
11 11 9
0 4 10
6 8 9
19 21 4
18 20 8
6 9 11
3 6 9
18 22 9
20 23 8
23 2 7
21 23 6
3 7 6
18 21 9
3 7 2
22 1 6
11 14 4
11 15 10
19 22 6
11 13 5
23 4 7
16 19 10
9 14 8
8 11 5
6 9 10
10 13 5
16 19 5
18 21 5
12 14 1
0 3 5
17 20 1
13 16 6
11 15 2
10 13 8
14 15 1
9 11 3
14 17 7
19 21 6
17 19 1
2 6 6
23 3 5
21 1 2
13 14 6
17 20 4
5 8 8
2 5 8
18 20 8
13 15 11
0 3 2
20 23 10
21 23 6
21 23 9
15 19 2
13 19 11
21 23 7
10 13 6
11 14 1
15 17 6
17 19 4
2 4 4
3 7 6
20 22 11
7 11 9
20 22 8
4 8 9
19 22 8
1 4 5
1 3 4
1 4 10
12 13 5
16 20 9
4 6 4
19 21 3
16 19 7
22 1 9
14 17 2
12 14 5
7 10 1
19 21 10
17 21 1
13 15 10
1 4 6
19 23 8
11 15 11
12 16 6
18 21 9
21 23 2
22 1 2
2 2 3
15 18 8
20 21 7
4 7 4
2 4 8
16 20 3
23 4 9
11 14 4
13 16 11
14 18 2
5 8 1
12 15 3
17 22 7
11 14 1
5 9 6
2 6 1
23 2 1
10 12 9
21 0 2
5 8 4
11 15 1
0 2 3
2 3 6
8 9 10
11 14 10
23 1 7
20 1 7
12 15 6
15 18 1
8 11 1
21 23 7
14 17 6
2 6 8
1 5 3
18 20 11
14 18 2
16 19 1
22 2 3
13 15 2
5 9 11
3 5 3
9 14 8
3 5 5
21 23 10
1 6 9
0 3 5
23 3 9
19 21 3
3 5 11
0 3 8
0 3 6
20 23 3
3 5 9
22 1 10
1 3 10
4 8 10
11 15 8
23 2 6
23 2 8
14 15 5
22 2 11
16 18 1
4 10 6
23 2 4
13 17 2
11 14 1
4 7 2
20 23 5
23 2 10
4 8 10
3 6 7
12 17 10
6 7 9
12 12 2
0 2 9
7 10 3
11 13 7
14 17 10
11 14 8
23 2 8
5 8 9
3 6 11
13 16 2
4 6 4
23 3 5
18 22 11
0 2 10
16 17 11
20 21 6
8 11 8
18 23 6
23 3 5
6 10 11
9 11 4
15 18 2
23 2 7
13 18 11
19 23 9
6 9 7
15 16 3
20 0 10
6 9 6
21 23 10
12 18 8
5 8 2
20 0 5
14 17 9
6 8 10
14 16 3
4 7 6
7 10 8
10 13 11
0 4 6
18 22 6
15 19 4
3 7 9
22 1 4
21 1 6
1 4 8
12 16 11
21 23 6
21 0 3
11 13 8
7 11 2
12 17 10
5 9 9
5 8 9
11 13 8
21 0 10
5 9 9
0 4 10
4 8 11
5 8 1
23 1 4
18 21 3
18 20 8
1 5 8
15 18 10
14 18 2
19 23 3
4 6 3
16 19 9
17 19 9
0 3 4
6 9 10
20 23 1
2 6 4
16 18 5
5 9 5
8 10 2
15 19 4
9 11 3
22 0 8
18 20 11
10 11 1
17 18 6
17 20 7
5 9 3
17 19 10
20 23 1
18 20 5
8 12 10
5 8 5
18 21 2
23 1 1
6 10 8
16 19 9
18 22 5
4 6 5
17 20 11
21 22 8
13 17 3
1 3 1
20 23 11
16 19 8
3 7 4
15 19 6
10 11 1
8 11 1
21 1 7
20 22 8
3 7 7
21 22 3
1 5 4
6 10 7
2 4 8
7 11 11
23 2 5
9 12 8
16 19 3
3 4 9
17 20 3
5 7 9
17 22 9
19 0 8
16 19 4
20 23 1
18 20 7
16 21 4
12 14 5
19 0 1
23 2 1
6 9 3
22 1 5
8 10 3
6 9 11
7 10 1
17 20 1
19 21 8
21 23 9
1 4 1
0 3 3
10 13 1
5 9 1
7 12 8
12 15 5
12 15 2
9 12 6
22 1 5
2 7 1
10 13 7
10 11 1
5 10 3
22 1 6
3 5 5
3 6 5
23 1 11
7 11 5
23 1 11
21 0 11
10 14 3
10 13 2
16 20 9
2 5 7
16 18 11
10 14 8
7 11 1
15 19 4
15 19 6
4 9 4
8 10 2
21 1 4
17 21 10
15 18 8
13 16 6
20 1 3
1 2 6
0 4 6
14 15 9
7 9 10
0 3 9
23 1 2
17 20 1
13 16 4
0 2 8
18 21 10
18 22 4
11 14 7
22 1 2
9 13 2
17 22 7
11 14 1
22 0 7
18 22 1
14 19 5
13 16 8
9 12 9
23 1 3
14 17 5
13 15 5
17 18 9
5 7 4
0 3 8
15 18 2
7 9 9
14 18 3
13 15 1
17 19 4
1 2 4
14 18 1
9 11 11
9 12 5
0 3 4
4 6 11
10 13 8
19 0 11
22 2 10
9 13 2
8 12 10
19 23 4
13 17 4
2 5 11
22 1 3
9 12 1
14 16 2
0 2 9
17 19 8
20 0 11
15 18 10
13 16 5
2 4 3
12 15 8
15 17 8
3 8 6
7 9 4
13 16 1
7 8 1
3 8 2
4 7 2
22 1 11
14 18 10
3 5 10
3 6 4
1 2 1
19 22 5
19 23 10
10 14 2
19 23 3
5 7 8
17 20 9
18 20 2
8 11 3
13 16 2
14 17 8
17 19 10
6 9 2
2 6 9
22 2 10
4 7 9
22 3 1
20 0 4
19 22 1
8 11 8
20 22 10
6 8 11
17 18 3
19 21 8
8 10 4
5 8 9
18 21 3
1 6 10
2 6 9
8 10 11
3 7 9
17 20 10
19 20 5
10 11 7
0 2 3
16 19 7
7 10 4
2 4 3
1 5 6
8 10 11
4 6 5
3 6 7
11 13 11
6 10 9
13 16 2
2 4 8
8 11 6
7 9 6
19 22 3
7 9 8
18 21 2
12 16 11
0 4 3
8 11 9
12 14 1
19 22 11
2 5 6
20 1 9
1 3 5
18 21 2
20 21 10
8 11 5
21 23 9
13 15 8
3 5 7
8 10 6
3 5 6
14 18 9
0 1 9
6 9 6
21 1 9
22 1 3
12 15 7
5 7 11
18 19 8
7 10 10
11 12 11
1 4 4
8 10 1
9 13 3
19 0 11
7 9 8
2 6 4
1 2 2
5 9 5
22 0 2
16 17 7
10 13 8
20 21 2
15 18 2
12 15 1
20 23 10
3 5 4
19 22 1
10 15 3
15 19 8
18 19 11
16 20 3
1 4 2
8 12 2
0 4 7
5 9 6
11 13 8
13 16 7
13 15 3
0 2 10
0 3 6
23 1 11
13 15 9
21 3 5
11 15 7
1 3 3
16 18 6
3 6 5
15 17 1
8 12 5
3 6 2
4 8 10
23 4 3
10 14 8
0 2 3
10 13 4
2 6 7
16 18 9
20 22 10
2 4 4
23 0 5
20 22 9
5 8 1
1 4 10
2 4 9
5 10 3
7 10 2
20 22 11
13 16 7
14 16 3
11 13 3
17 19 6
20 22 3
5 8 1
1 4 6
19 22 5
19 22 9
9 13 10
4 6 7
7 10 2
12 15 1
21 2 2
10 13 2
5 8 7
8 11 6
15 18 5
6 8 2
3 4 6
13 15 6
11 14 7
22 2 4
0 5 11
14 15 9
3 7 9
0 4 7
10 12 5
19 1 1
4 7 5
23 0 8
11 14 7
23 2 9
14 17 10
16 18 4
18 23 2
21 1 1
8 11 5
6 8 9
7 10 11
18 20 6
12 15 8
11 14 9
11 16 11
22 2 2
17 20 5
16 19 3
6 7 1
5 8 5
9 12 1
6 11 10
19 21 3
2 5 4
6 8 1
14 17 7
10 13 8
15 19 5
9 13 6
0 3 2
3 5 3
3 7 8
18 21 11
13 14 6
16 20 9
8 13 9
12 15 3
20 0 9
