1450 16
8 2 1 8 2 10 4 8 4 2 5 4 4 6 6 3 
5 8 15
11 14 12
3 6 11
6 9 15
6 10 1
23 2 14
18 21 15
21 2 3
16 19 8
1 4 8
18 21 10
21 1 11
23 2 12
5 8 14
22 1 3
6 9 8
2 5 16
5 9 5
23 3 8
5 7 3
5 8 16
15 17 7
11 13 14
1 4 9
0 2 10
22 0 4
19 23 16
9 13 12
3 7 2
1 3 15
14 17 7
6 8 10
5 7 2
10 14 15
6 8 5
0 4 7
21 22 7
1 2 1
20 22 5
22 1 12
3 8 8
14 17 2
22 0 9
1 4 11
16 17 7
21 2 9
13 16 15
19 22 12
21 23 1
16 19 6
1 6 1
3 6 6
20 21 9
1 3 10
18 22 11
4 7 7
12 16 9
2 4 15
22 3 15
15 17 15
11 14 11
2 6 8
6 9 12
22 1 5
18 0 13
13 17 5
18 20 3
15 17 10
15 17 13
4 9 1
22 2 4
16 19 5
5 8 3
7 9 2
10 13 13
16 18 9
13 14 3
5 9 10
4 7 8
21 0 4
3 4 15
23 2 11
11 13 16
20 0 9
6 9 15
13 17 8
8 10 10
7 9 13
10 13 3
8 12 15
4 9 13
20 23 3
7 11 7
2 4 1
11 15 15
4 9 14
14 16 4
6 8 13
21 2 8
19 21 16
19 22 16
21 0 11
23 2 8
18 19 11
0 2 4
19 20 9
2 4 12
22 0 7
11 14 1
19 22 7
21 1 10
7 11 7
8 10 10
23 3 6
9 12 15
23 3 6
13 15 1
10 14 8
3 5 8
13 15 13
4 8 6
3 5 11
10 12 3
1 3 11
15 19 14
1 5 1
0 2 13
16 19 13
7 9 10
12 16 8
1 4 11
1 4 9
6 9 3
12 16 4
1 4 15
22 1 11
19 21 11
18 23 8
1 6 6
20 1 7
23 0 5
3 6 5
9 12 2
10 12 1
7 9 12
1 3 9
3 5 13
15 18 4
23 2 15
21 0 7
7 9 16
18 22 4
19 23 6
1 3 10
0 4 3
17 21 6
21 1 16
15 19 12
0 2 12
21 1 10
18 22 6
20 23 10
20 23 13
13 14 11
23 3 13
6 10 15
15 16 3
19 22 9
6 8 1
5 8 13
21 0 12
8 13 3
5 9 2
15 19 9
9 14 11
22 2 10
20 22 13
19 22 5
7 10 13
6 7 7
11 15 8
5 7 5
5 8 3
16 20 16
3 7 15
19 22 1
1 3 16
22 2 11
15 17 10
8 12 4
6 8 4
5 8 13
15 19 13
20 21 15
21 0 9
19 23 16
22 1 2
22 0 13
12 17 16
13 17 3
22 1 11
7 10 7
21 21 3
21 23 4
12 15 16
16 19 7
14 17 11
15 18 14
0 2 10
15 20 14
22 1 1
8 12 13
23 2 5
16 20 9
17 18 13
7 11 9
0 1 8
3 5 4
2 6 15
20 22 14
4 8 7
4 7 11
1 5 6
14 19 14
8 11 11
13 18 15
22 1 2
14 18 6
23 3 9
5 8 1
15 20 4
6 10 4
12 14 8
11 14 2
3 6 10
14 16 7
0 3 16
4 7 14
8 10 16
8 13 15
17 19 10
23 1 5
0 1 10
7 10 4
14 16 16
8 10 12
2 4 5
22 2 7
15 19 8
6 9 5
2 7 5
7 10 2
17 20 11
23 2 1
16 20 4
10 13 11
18 21 10
20 1 9
10 10 3
21 0 3
14 18 3
3 7 13
13 16 9
3 6 10
19 23 6
4 7 9
11 14 10
15 17 6
23 1 10
21 1 16
2 5 16
1 5 8
20 23 3
8 11 10
15 18 4
2 6 6
14 19 8
8 11 6
3 5 7
23 1 13
11 15 9
7 10 2
2 5 6
19 21 9
17 19 6
21 0 10
14 18 4
22 0 2
6 9 4
12 15 11
7 11 11
12 14 15
7 11 5
12 14 7
6 8 10
19 22 3
8 10 11
4 7 9
2 6 8
22 0 1
9 13 16
15 18 1
2 7 11
0 2 3
13 16 15
19 22 8
1 2 12
18 20 12
1 3 10
12 15 4
14 16 11
5 9 7
4 7 8
19 0 15
9 11 12
16 18 12
14 17 14
5 7 9
18 22 1
4 7 3
11 14 13
14 17 1
5 8 2
18 20 2
14 16 15
2 5 8
21 0 14
23 1 5
11 15 11
19 22 8
9 12 8
3 6 10
0 4 11
6 10 5
9 12 8
13 17 9
7 8 16
20 0 1
17 19 5
22 1 5
20 0 16
19 23 12
10 12 15
23 2 15
21 1 4
21 0 11
19 22 2
1 6 3
18 21 11
10 12 9
18 20 8
21 1 14
6 9 2
15 18 15
11 13 15
20 21 13
16 19 10
21 1 10
10 12 15
21 1 9
16 20 4
14 18 13
3 5 3
10 12 15
6 10 10
5 10 2
19 21 2
8 12 16
7 11 5
21 0 12
6 11 2
7 10 7
2 5 12
14 16 5
0 3 4
7 9 7
18 20 5
19 23 10
22 0 16
11 13 3
23 2 3
7 8 14
15 19 11
8 10 8
5 8 6
13 16 7
12 16 13
15 18 14
10 13 5
7 10 11
20 2 6
1 6 12
10 15 7
15 18 7
6 9 2
16 19 8
21 1 12
22 2 1
22 2 14
15 19 11
17 20 15
9 14 11
8 11 16
20 23 8
23 2 12
5 6 5
15 18 7
21 0 7
9 12 5
4 10 9
13 16 2
16 20 11
23 1 13
20 23 3
16 21 13
18 22 2
17 21 16
11 15 15
16 19 2
6 9 11
20 23 12
13 15 7
4 6 15
20 23 3
13 13 11
4 6 5
4 7 6
1 4 16
14 16 13
18 23 3
3 4 2
13 16 15
22 0 2
19 22 11
11 15 2
5 8 15
2 6 16
1 3 7
23 4 16
7 8 2
14 15 14
19 22 2
23 1 11
1 2 15
22 1 16
2 4 5
3 6 13
15 19 10
23 2 15
14 16 12
5 7 9
12 14 5
5 7 13
0 2 4
15 19 3
4 8 6
20 23 10
9 11 2
6 9 6
13 16 5
19 21 13
15 20 15
8 9 14
15 18 16
6 9 10
19 22 9
23 0 15
10 14 14
16 21 1
15 18 3
15 16 13
10 13 6
23 4 5
8 11 16
9 14 1
23 3 15
1 4 4
0 2 5
6 7 12
12 16 9
22 2 6
14 17 16
18 21 7
23 3 7
23 2 11
2 5 16
15 17 14
8 12 13
21 2 16
23 3 15
23 2 3
22 1 6
20 23 5
3 6 7
8 11 9
22 3 2
1 4 9
3 5 9
13 15 2
7 10 9
12 16 2
3 6 4
0 1 3
5 8 4
18 21 16
3 6 14
5 9 15
13 15 12
5 8 9
6 9 10
15 17 15
16 19 16
1 2 3
2 5 3
13 16 2
2 5 16
12 16 8
15 16 4
7 10 13
2 5 14
5 9 5
11 14 1
10 12 1
7 10 12
7 11 14
23 3 14
2 4 16
20 0 4
7 10 14
13 16 16
8 10 13
9 12 13
23 3 1
11 15 3
13 17 14
3 7 16
14 16 1
1 5 11
3 7 14
3 7 3
11 14 9
9 13 8
15 17 4
11 15 11
21 0 9
6 10 13
9 12 16
17 20 6
13 16 7
0 4 10
19 23 14
17 22 12
13 17 7
1 3 11
7 10 15
17 18 16
0 2 14
16 20 14
17 17 4
7 11 8
1 5 12
8 12 16
20 0 11
22 1 6
7 11 4
19 23 10
22 0 2
0 3 11
6 8 12
19 23 15
1 4 14
13 17 12
16 19 12
13 16 2
20 23 2
6 8 16
1 5 12
4 8 10
1 4 8
6 10 11
4 5 8
20 23 9
11 13 16
13 16 15
10 13 4
9 12 11
2 4 16
6 10 6
3 8 15
10 11 14
4 9 9
21 0 4
0 4 3
20 0 16
10 15 6
12 13 3
12 14 15
3 5 3
10 13 4
2 5 12
19 20 5
15 19 9
3 6 9
19 20 5
15 17 12
11 14 12
17 21 12
13 15 16
21 1 12
4 10 16
6 9 7
11 14 16
9 12 9
1 5 13
7 12 15
17 20 4
1 5 6
13 16 3
18 19 7
5 9 9
1 4 12
6 8 3
9 12 16
0 3 3
12 15 4
19 22 5
22 2 8
0 2 5
7 9 12
22 0 6
3 5 15
2 8 7
13 16 7
13 18 5
9 12 6
22 1 11
2 5 7
6 9 16
12 16 15
9 11 16
22 2 7
18 20 5
10 12 2
10 14 2
0 3 16
17 18 9
20 22 2
6 8 8
16 17 4
8 10 3
23 1 1
12 16 6
15 19 16
23 1 10
19 21 11
13 18 16
2 6 4
19 21 4
16 19 4
15 18 6
0 3 13
9 12 16
4 7 3
1 4 7
15 19 11
21 0 13
22 1 3
8 11 13
7 11 5
5 6 8
21 0 11
17 20 13
20 22 13
5 8 7
9 13 9
4 7 10
16 19 8
19 21 4
14 16 8
1 3 12
7 11 2
18 21 7
7 8 4
12 14 2
3 6 9
14 17 15
18 20 10
10 13 12
8 12 16
12 15 15
3 7 8
4 5 10
23 2 16
3 6 7
16 17 15
17 19 9
10 15 13
4 6 3
11 14 7
8 10 3
6 9 9
23 1 15
20 23 8
11 15 16
6 9 12
4 7 3
14 17 6
8 12 1
13 14 12
7 9 13
6 10 9
15 17 11
11 14 5
23 1 16
13 17 2
8 12 4
14 18 1
23 2 16
13 16 10
11 15 13
0 2 14
11 14 14
22 2 6
19 23 6
4 7 3
11 14 11
6 10 6
10 13 7
20 1 14
6 9 12
2 6 1
15 19 8
15 17 15
3 6 2
23 1 11
2 5 8
8 13 15
21 23 14
10 15 3
19 23 15
16 20 6
0 3 4
7 10 14
21 23 3
14 17 7
14 17 4
5 8 2
10 13 1
0 2 16
15 19 7
13 16 11
11 15 12
21 0 1
6 9 4
14 18 4
5 9 5
14 17 16
14 19 13
17 18 15
17 21 1
9 11 3
6 10 3
10 13 15
14 19 6
20 1 6
14 15 4
18 22 12
13 15 16
22 0 16
3 7 3
3 7 14
1 5 12
1 2 8
17 23 13
14 18 4
19 22 3
5 8 10
23 2 1
23 2 9
21 0 12
17 20 16
21 0 16
18 23 11
15 19 1
4 6 9
4 6 5
11 14 2
16 19 6
19 22 13
22 0 14
13 16 14
14 16 12
4 8 7
19 22 9
5 7 1
14 19 7
12 13 16
20 0 10
20 22 11
15 16 11
18 22 7
14 17 8
22 1 5
6 9 3
6 10 11
14 18 4
11 15 15
2 5 11
1 6 4
9 12 3
13 14 8
23 0 3
23 1 12
1 5 10
0 3 9
9 13 16
19 22 10
15 17 15
3 6 3
8 11 8
1 3 10
22 2 3
20 23 15
4 6 11
0 5 16
9 13 6
18 20 16
20 23 13
9 11 15
19 23 5
2 4 16
11 15 10
6 10 3
4 7 10
9 13 3
16 19 4
18 20 9
8 12 5
0 4 8
17 19 1
22 2 5
17 19 8
0 6 3
0 5 16
21 1 16
5 7 3
20 22 12
21 0 1
23 2 14
23 3 6
3 7 1
5 8 12
13 15 6
7 9 16
15 19 9
16 18 3
18 21 10
2 4 16
13 17 10
3 6 11
15 19 12
8 12 1
2 6 1
9 12 9
7 9 5
8 10 6
18 20 1
11 14 4
7 8 11
15 18 7
17 21 10
10 15 7
13 16 15
14 17 10
16 20 7
14 18 11
4 7 13
22 1 8
20 0 11
16 19 6
15 19 13
13 15 10
19 22 2
22 3 5
15 18 7
10 13 5
12 15 3
8 9 14
22 1 9
22 2 4
18 22 14
5 9 1
8 13 6
3 7 5
9 12 16
11 14 1
3 5 8
4 7 3
16 19 3
6 9 1
0 4 4
21 23 4
11 13 4
9 11 14
8 11 16
10 13 13
12 15 11
16 20 8
18 20 1
8 13 8
5 8 2
14 17 7
1 5 16
3 6 15
0 3 7
14 15 9
9 12 6
13 16 8
12 17 5
12 14 14
20 22 12
9 10 15
4 7 7
1 3 9
1 5 14
3 7 9
1 4 15
6 8 10
10 13 15
12 16 7
15 20 7
14 15 1
4 7 16
13 18 15
5 10 10
22 2 1
2 5 15
7 9 5
19 22 11
18 21 2
7 10 7
16 18 8
2 6 15
2 4 10
9 13 10
21 23 13
23 3 13
11 16 3
17 20 8
19 23 9
1 3 15
3 5 2
16 19 5
8 11 12
0 4 1
18 20 7
20 22 12
23 3 2
20 22 16
7 11 12
16 19 3
22 2 8
17 18 5
9 12 5
16 20 8
17 21 16
7 10 12
7 11 11
4 8 9
17 18 12
22 2 3
6 7 5
0 2 4
19 22 16
20 23 13
6 8 9
17 21 7
8 10 15
10 14 8
17 21 7
17 20 8
3 6 15
15 18 2
19 22 8
5 9 1
17 22 7
13 18 11
5 8 2
16 20 13
20 23 1
6 10 8
15 19 11
0 4 10
11 16 8
12 15 10
6 8 13
16 19 13
11 15 13
3 5 6
9 11 16
5 9 13
0 2 5
22 2 15
8 12 9
17 21 11
3 4 5
8 10 12
14 17 6
0 3 1
20 22 9
2 6 14
11 14 13
22 1 8
17 20 14
9 14 15
16 20 8
22 2 3
15 19 11
10 13 13
15 21 10
22 1 10
6 7 3
16 19 12
16 19 10
15 18 10
7 11 8
13 19 2
22 1 13
22 0 16
7 10 10
7 11 5
16 19 5
11 15 8
23 3 7
3 5 1
1 3 12
8 10 6
2 4 15
15 18 13
23 2 10
21 1 7
14 15 16
5 8 8
8 10 9
8 11 15
5 9 7
3 6 1
0 4 13
0 2 15
1 4 13
14 18 15
5 9 8
3 7 9
4 7 12
16 19 10
7 12 2
10 12 5
9 10 1
3 7 12
3 5 5
23 1 10
17 22 3
10 13 3
12 15 2
21 0 1
1 3 3
3 5 8
17 18 11
11 14 6
15 18 10
7 10 14
19 21 8
10 14 14
3 6 6
16 19 2
18 20 8
6 11 13
6 9 1
5 8 16
2 5 8
15 17 15
7 11 11
22 1 11
7 10 13
7 9 12
11 13 16
14 20 13
6 11 9
4 7 1
0 4 16
6 9 14
12 16 6
2 5 1
14 17 11
0 2 13
10 13 11
20 1 15
4 8 6
3 5 9
14 16 11
3 6 3
23 0 6
17 21 14
5 7 2
4 8 6
21 23 16
10 14 3
9 12 5
6 10 15
23 3 3
4 6 12
17 19 16
2 5 8
15 17 6
15 17 3
18 21 16
1 4 6
8 12 4
15 18 6
21 2 12
18 21 3
4 8 11
1 5 8
0 3 9
16 18 2
11 13 15
17 21 14
19 23 5
12 14 4
12 15 14
18 20 16
2 5 7
11 13 14
23 1 9
15 19 5
19 22 7
23 3 1
17 21 3
1 4 10
23 2 14
20 23 13
16 21 11
8 10 16
8 12 7
0 3 14
3 6 9
16 18 6
2 5 2
23 4 8
0 1 5
10 13 15
7 10 15
3 4 15
10 11 16
17 21 12
23 2 4
0 3 6
22 2 5
9 11 1
0 2 10
14 16 3
2 4 3
22 1 15
16 19 14
9 12 5
2 6 8
15 18 4
16 18 10
17 20 1
5 8 5
3 7 10
19 21 12
7 10 9
10 14 9
0 1 4
4 7 14
1 2 6
8 9 3
8 11 12
16 19 9
2 5 14
3 5 4
20 22 3
8 11 1
9 11 5
13 16 7
14 18 4
12 15 1
8 10 1
14 17 9
11 13 15
15 20 9
20 23 15
20 0 4
3 4 12
6 9 8
20 1 1
4 6 2
17 22 13
17 21 14
12 14 4
10 14 8
14 15 14
22 3 9
13 17 1
0 3 9
13 16 1
7 11 6
20 23 9
7 10 11
7 10 8
10 13 4
15 18 1
1 4 13
16 20 6
3 6 2
22 0 16
11 13 4
2 4 10
6 9 15
10 13 13
7 9 2
23 1 1
14 18 2
2 5 10
1 4 14
0 2 12
14 17 3
1 4 3
15 15 2
3 6 16
4 7 6
22 2 16
15 18 14
10 13 5
15 19 11
18 21 8
9 12 5
20 21 10
21 0 12
8 13 6
12 17 1
9 11 13
0 4 3
0 3 15
21 0 16
13 17 6
18 21 12
17 20 8
0 3 13
5 7 3
23 2 15
6 7 13
1 4 5
15 17 12
9 11 16
14 18 16
3 7 1
5 9 1
2 5 1
2 5 7
5 9 11
0 3 10
21 23 5
15 20 6
8 12 3
6 9 2
13 15 3
4 8 15
18 22 3
0 2 16
22 1 12
0 2 7
10 14 6
6 10 9
14 18 9
8 10 1
5 8 12
4 6 2
7 11 15
11 14 13
12 13 11
15 18 3
0 3 11
10 13 5
1 5 3
9 11 5
14 16 14
23 2 12
17 20 14
5 8 14
9 13 13
16 21 5
16 18 15
20 23 13
5 8 1
2 4 15
8 12 9
8 12 7
3 7 15
9 10 15
10 14 10
0 3 10
11 14 4
0 4 9
22 0 9
3 6 2
8 10 2
20 23 7
19 21 16
8 11 16
8 10 16
16 17 8
19 22 11
11 14 3
19 22 6
22 1 11
21 0 2
3 6 3
1 4 8
15 18 10
6 9 10
17 19 7
14 17 8
17 20 10
10 12 13
11 14 6
6 7 11
18 23 4
6 8 5
13 16 3
0 3 16
22 23 12
6 8 14
1 6 8
17 19 2
0 5 11
10 12 1
12 15 3
23 2 2
7 10 8
21 0 5
23 3 16
8 11 6
10 12 10
3 7 9
13 18 12
2 7 8
4 6 3
0 3 7
16 19 14
18 21 3
9 10 4
20 0 8
20 23 8
16 18 8
14 18 8
10 13 8
19 22 8
10 12 8
9 12 5
17 20 14
1 4 1
11 13 15
22 0 7
8 11 3
8 11 16
19 23 2
14 18 16
19 22 8
5 7 1
2 5 11
5 8 2
1 4 6
16 18 15
12 13 3
15 16 10
14 18 12
4 8 1
1 4 15
0 2 5
15 18 5
23 2 12
3 6 8
22 1 6
19 23 4
0 2 1
4 8 13
0 3 8
19 22 10
20 0 4
16 22 14
12 15 13
12 14 7
23 3 12
21 23 8
7 11 2
8 13 9
9 14 14
16 18 2
11 13 8
12 14 1
12 15 6
15 19 15
4 7 5
6 8 6
23 3 1
21 0 11
4 6 13
23 3 4
7 10 2
5 7 9
7 9 14
23 1 7
0 4 2
5 8 3
6 9 14
13 18 16
11 14 5
0 3 7
0 4 12
14 16 16
11 13 15
2 6 7
15 18 2
8 12 11
13 16 4
3 5 15
13 15 9
1 4 4
13 14 10
2 6 8
6 9 4
5 9 8
22 0 10
14 18 10
9 10 14
7 10 11
15 18 3
0 2 11
1 4 5
9 13 7
22 1 15
6 10 1
12 16 10
6 11 1
5 8 9
20 22 3
0 3 5
19 22 16
