150 15
5 1 5 8 6 5 7 9 4 6 7 10 4 6 9 
22 0 13
6 7 6
1 4 11
15 19 15
3 8 14
7 10 10
9 12 12
0 3 14
15 18 3
22 1 7
6 9 6
1 5 14
11 15 2
9 11 15
10 12 14
12 15 3
8 11 13
10 13 1
20 0 5
22 1 13
0 4 2
14 16 14
7 10 7
6 9 6
7 10 10
5 7 5
10 12 3
8 13 6
10 13 12
2 5 1
16 17 1
18 22 2
4 7 5
14 17 5
8 11 7
20 22 2
10 14 14
14 15 9
5 8 3
14 18 2
1 5 9
1 5 10
3 7 15
0 2 15
0 1 13
11 14 10
18 21 14
3 5 9
10 14 12
9 14 2
3 6 4
19 22 6
9 11 2
20 23 3
7 9 6
8 11 15
18 21 3
20 23 14
23 1 6
3 7 3
3 5 1
4 7 9
20 22 11
18 22 14
22 0 8
10 12 3
18 21 6
21 1 5
2 4 11
1 4 13
12 17 14
5 8 14
18 20 4
19 22 4
11 14 5
6 9 1
6 9 15
5 8 5
16 20 9
21 2 5
11 14 3
2 6 14
16 20 7
23 2 8
0 2 9
8 10 10
23 0 6
15 19 1
12 15 10
10 13 4
2 5 12
4 8 7
20 23 12
16 18 9
21 1 3
16 19 1
13 15 11
4 6 6
21 1 3
2 4 2
16 19 1
0 0 4
10 14 2
6 10 13
3 5 6
0 3 1
12 14 2
12 14 15
3 6 13
3 8 4
13 17 1
6 8 2
17 19 12
11 13 8
23 3 2
0 4 7
1 4 8
6 8 4
0 3 3
17 19 2
2 4 6
5 9 11
8 13 12
0 4 14
3 7 9
17 21 15
17 20 10
3 6 3
18 19 15
9 14 10
7 9 13
20 23 4
18 20 5
14 17 10
4 9 2
7 10 9
10 13 9
17 19 11
12 14 7
17 20 10
4 9 3
1 4 14
1 4 9
2 5 3
16 21 13
12 14 5
10 11 2
22 2 5
13 16 3
18 20 4
