950 13
2 2 1 9 5 8 8 5 2 8 5 7 7 
15 16 4
1 5 5
4 7 1
4 7 12
10 11 9
15 18 10
14 16 7
2 7 13
12 15 6
1 5 2
7 9 5
15 19 5
20 22 10
20 0 10
2 4 1
12 15 6
5 9 3
14 19 7
14 16 10
10 13 6
23 2 5
16 19 9
21 23 10
6 8 6
0 3 2
12 14 1
7 10 11
10 14 4
12 14 2
18 22 4
12 16 13
10 15 6
20 22 10
22 0 7
8 12 3
13 18 10
15 18 10
17 20 7
10 12 5
0 3 4
3 6 5
5 9 3
22 2 13
5 8 7
1 4 8
20 23 2
14 18 5
9 11 3
21 0 10
23 2 10
16 18 1
1 5 3
3 5 9
4 8 10
1 6 3
0 3 4
4 7 9
3 6 3
1 4 3
11 14 4
20 0 5
4 8 2
23 3 1
19 0 8
16 19 7
6 7 3
23 3 4
17 20 9
9 12 6
18 20 12
15 18 12
18 22 10
6 10 3
11 14 13
7 10 10
9 11 2
22 2 10
20 23 13
1 3 4
10 13 4
4 8 12
5 8 13
3 6 4
6 10 13
17 21 1
8 11 7
5 10 9
3 6 2
1 4 11
15 17 2
8 11 8
13 14 5
20 23 2
10 13 11
2 6 5
4 7 13
8 12 2
4 8 4
18 21 13
13 16 12
10 12 2
21 1 5
14 17 11
2 6 12
9 11 10
11 12 2
14 18 7
15 18 1
4 5 13
16 18 10
5 8 6
7 11 12
20 23 7
18 21 8
12 12 2
2 5 2
2 7 2
21 22 6
8 12 8
17 19 10
12 15 9
22 1 10
1 6 5
13 16 7
3 6 11
9 13 8
9 12 6
14 16 8
23 1 5
17 19 9
4 7 8
13 17 12
8 12 12
1 4 3
14 18 4
2 5 12
0 4 12
5 7 9
17 21 8
15 17 13
0 3 4
15 19 10
8 11 5
16 20 2
19 23 2
16 19 7
1 5 7
22 2 7
9 11 5
11 13 6
3 5 11
21 2 2
20 22 13
7 10 4
2 3 2
17 19 5
19 22 10
17 19 11
16 20 4
20 22 7
18 20 9
5 10 4
7 10 1
9 12 2
13 16 9
13 15 2
4 7 3
10 12 12
14 16 1
23 3 11
0 2 3
15 19 3
2 6 5
9 13 7
14 19 13
10 11 9
6 10 1
19 21 10
17 21 1
6 9 1
23 2 12
0 4 7
11 13 10
20 23 6
15 16 5
11 14 10
10 13 9
5 7 4
14 18 4
19 22 13
0 3 5
11 15 10
19 22 9
13 16 6
20 23 4
16 19 5
9 12 8
21 0 1
16 18 13
16 18 9
8 10 1
1 5 10
4 7 3
10 13 10
5 9 6
16 17 13
15 19 6
3 6 8
17 19 6
22 0 12
5 8 11
3 7 2
21 0 10
18 22 8
3 6 13
17 21 7
3 5 6
21 1 3
3 6 9
5 6 6
3 6 11
23 1 11
20 23 2
1 4 5
18 22 6
5 8 3
3 7 13
2 6 8
5 9 11
10 12 11
12 15 2
4 7 10
16 18 11
14 17 9
18 21 9
21 0 3
2 5 9
20 23 12
0 4 9
1 4 7
22 3 7
6 10 8
16 19 5
18 20 3
12 16 13
16 18 12
8 11 9
17 21 3
4 8 2
12 16 6
4 8 12
8 12 1
6 10 2
6 9 7
0 5 13
4 7 4
23 1 8
18 21 13
20 22 13
5 7 2
1 3 4
16 20 7
5 7 10
11 13 6
21 0 6
0 4 3
13 17 6
4 6 4
6 8 9
13 15 13
20 22 4
0 3 3
13 16 1
5 8 8
3 6 6
10 12 10
3 5 11
20 23 6
13 15 11
12 16 8
7 11 5
20 23 2
16 18 6
20 22 7
9 12 9
0 3 1
1 5 7
11 13 5
23 2 1
20 23 4
4 8 8
3 6 12
7 10 4
16 18 2
9 12 2
21 0 1
3 6 4
22 1 5
22 4 13
18 20 3
22 2 8
12 16 12
16 18 3
10 14 4
19 23 10
8 12 7
12 14 1
12 14 8
11 13 7
21 1 4
22 1 5
22 1 9
12 15 11
22 3 11
2 4 7
12 16 1
22 0 12
7 9 1
22 1 6
14 16 10
18 19 11
16 19 11
17 21 3
4 7 11
13 18 6
20 23 6
9 12 9
21 0 4
11 15 11
22 1 2
20 22 11
10 13 6
18 21 5
3 5 7
0 3 12
18 21 11
11 16 10
18 21 9
21 2 4
22 2 2
23 0 5
18 21 5
13 15 6
5 9 1
10 13 6
6 8 1
15 18 8
0 3 2
5 7 13
13 17 6
3 6 11
19 21 2
16 21 13
19 23 7
11 11 6
23 3 12
5 9 7
15 19 9
17 20 6
17 19 10
4 7 12
13 16 1
22 0 5
14 17 10
10 13 8
4 7 7
0 3 8
15 18 11
0 4 2
20 0 5
21 2 9
15 19 13
6 6 4
17 20 9
13 17 6
11 14 10
22 2 8
1 4 8
1 4 4
0 2 1
11 14 10
2 5 11
18 21 4
17 20 6
2 6 12
10 14 4
14 17 11
12 15 6
12 15 3
22 1 9
13 15 6
17 19 12
20 22 10
16 20 4
18 23 12
22 2 6
3 7 11
1 3 6
15 18 11
3 8 3
14 18 5
17 20 7
9 11 13
16 20 6
18 21 6
9 10 1
18 21 4
15 19 9
22 1 5
16 18 12
23 2 4
17 20 10
12 16 9
10 13 13
4 7 13
10 11 9
21 0 4
15 19 7
2 5 12
12 15 1
18 20 8
16 18 12
9 10 5
12 13 2
11 15 7
1 3 8
23 1 2
6 9 3
17 19 3
18 21 8
21 2 8
22 1 8
17 21 5
18 21 11
15 18 9
10 13 12
18 21 3
1 4 12
10 12 2
4 6 4
17 20 10
5 9 10
0 5 10
17 21 6
11 14 2
19 22 10
7 11 6
17 20 5
23 3 10
10 14 2
19 21 6
3 6 3
3 7 8
19 22 6
19 23 11
4 7 5
5 8 9
11 14 3
21 0 9
10 13 1
4 9 7
22 23 11
11 15 1
12 16 12
1 4 9
19 22 7
10 15 11
21 0 5
23 3 4
14 18 3
16 18 10
23 2 7
1 5 5
5 12 13
8 12 9
18 19 8
17 19 2
0 2 13
15 18 12
14 16 5
16 19 6
19 22 4
22 1 13
15 19 12
6 10 9
22 2 10
12 17 6
12 14 10
8 12 3
17 19 10
16 16 6
21 22 6
6 10 9
17 20 8
2 4 12
4 6 8
7 11 12
10 13 1
3 7 8
20 23 11
18 20 1
8 11 9
1 4 1
19 22 7
7 9 3
11 15 3
13 15 11
10 12 8
17 18 13
16 19 1
19 23 8
20 22 13
21 0 2
14 17 5
20 0 12
10 13 13
7 10 2
21 0 1
21 1 8
23 2 4
13 16 6
10 16 6
22 0 12
17 22 13
6 9 2
19 23 13
9 11 13
19 21 12
12 16 4
8 13 1
6 10 13
23 3 6
21 23 4
2 5 5
10 13 5
13 16 2
20 21 11
11 14 7
10 14 11
7 10 5
10 13 10
5 8 6
1 3 11
0 4 10
5 7 4
16 18 3
22 1 12
6 6 2
2 4 9
12 15 3
8 12 11
1 6 9
12 15 7
0 2 5
7 12 1
2 6 8
3 6 9
14 17 12
20 21 10
2 6 9
2 5 6
17 19 8
7 8 5
23 1 5
7 9 4
18 23 10
23 2 3
20 22 8
21 1 6
1 5 3
0 4 6
8 11 3
12 16 7
20 23 1
3 5 9
23 1 11
3 6 3
16 17 11
21 2 3
11 13 3
20 23 1
3 5 3
23 3 1
7 11 11
2 6 4
16 20 11
10 13 12
8 12 8
1 4 1
7 12 3
4 8 9
10 11 2
4 9 13
6 9 5
10 14 11
13 16 10
9 11 13
1 6 4
10 12 4
0 3 3
9 13 12
6 9 5
18 22 13
20 0 9
14 17 11
14 16 4
10 11 13
19 20 9
20 0 12
7 10 4
6 8 10
18 22 1
4 8 13
20 22 4
15 17 8
4 6 11
0 4 10
14 18 3
17 20 7
16 19 2
7 9 8
8 12 12
20 23 12
0 3 10
4 6 12
9 12 10
21 1 8
0 2 8
20 0 8
16 21 10
20 0 9
6 8 10
1 3 1
22 0 5
20 23 13
23 3 7
0 3 12
8 10 9
18 21 13
12 15 7
0 1 4
14 18 1
23 3 10
13 15 4
4 8 13
10 13 7
18 23 12
3 7 6
21 0 1
4 8 5
10 15 6
22 3 9
20 22 1
14 19 6
19 22 9
7 10 5
5 7 7
11 14 4
17 19 5
2 4 7
8 12 10
11 13 7
11 13 12
12 16 5
5 8 13
14 17 6
15 18 12
15 15 5
17 19 13
7 9 3
15 19 7
7 10 10
14 17 8
19 0 10
8 9 3
7 10 12
14 16 5
13 17 6
1 4 5
17 21 9
9 12 1
11 15 3
9 13 9
19 23 3
13 14 13
23 2 5
10 11 3
11 13 9
21 23 12
13 15 10
6 10 3
4 8 9
10 12 8
18 20 7
8 12 11
13 15 10
0 4 3
6 9 10
20 0 3
16 21 9
2 5 3
12 13 4
6 9 5
10 13 4
4 7 5
13 15 12
21 23 12
8 11 11
19 22 5
4 6 7
13 15 7
11 14 2
0 1 9
5 8 4
8 11 6
0 2 4
23 1 11
1 2 11
15 19 4
21 0 5
17 19 3
22 1 3
21 0 3
8 10 7
0 4 7
21 22 12
9 13 13
16 19 10
0 4 6
23 1 12
13 16 7
6 9 11
3 7 1
6 10 5
0 3 6
17 22 1
19 20 2
14 16 9
4 7 9
7 10 10
23 1 2
1 4 5
16 19 13
2 5 12
11 13 4
23 3 6
20 0 3
5 8 3
17 19 10
17 19 2
22 2 10
15 18 10
11 14 9
5 9 9
12 14 6
1 4 3
18 21 2
1 4 6
20 23 3
11 14 9
5 6 4
1 3 8
10 13 12
15 17 4
8 10 12
3 8 5
9 10 2
2 4 8
9 12 1
14 17 1
14 17 2
12 14 5
21 1 8
21 23 6
22 1 2
16 18 8
16 20 8
5 7 11
9 11 12
10 11 9
4 9 4
10 13 8
12 14 13
13 18 3
3 9 13
16 17 3
3 7 4
21 23 13
7 9 1
8 11 5
10 13 7
21 23 10
16 20 2
8 13 6
12 16 8
14 16 3
12 15 2
14 18 5
11 15 12
10 14 13
21 1 8
11 13 3
1 4 13
10 14 7
22 2 3
0 3 12
15 17 4
15 18 12
14 17 4
6 10 3
2 6 10
11 14 4
19 23 12
17 21 13
4 6 3
9 11 4
21 1 10
18 20 10
16 20 8
16 18 7
5 7 6
15 19 8
6 8 9
19 22 3
10 12 13
22 3 1
12 14 7
5 7 1
10 12 13
7 11 1
4 7 5
17 20 1
0 4 3
0 3 10
9 12 10
9 11 9
17 20 6
16 20 12
8 11 10
19 23 13
21 1 11
13 15 9
7 12 4
1 3 5
17 19 2
12 15 2
12 15 6
4 8 7
10 13 2
17 21 12
20 22 9
2 7 7
10 13 5
8 12 8
13 15 2
13 16 7
9 12 10
18 20 9
5 7 11
0 1 4
0 4 11
7 9 11
5 9 13
1 4 13
6 10 2
21 1 10
11 14 6
3 6 5
19 21 3
0 2 8
7 9 7
2 5 7
15 17 8
19 23 5
5 8 8
13 16 11
23 2 8
13 16 2
9 11 9
17 20 7
17 22 1
5 6 6
19 21 9
3 6 12
23 4 9
0 2 1
3 5 12
3 5 4
4 9 5
2 5 13
10 11 7
4 7 8
13 16 2
3 5 6
23 2 11
8 10 10
3 7 10
11 14 8
14 18 11
6 7 6
7 9 10
3 7 8
8 12 11
20 23 4
4 8 11
13 15 4
10 12 3
12 14 10
3 6 2
23 2 8
23 0 13
3 5 10
8 13 1
7 10 8
1 4 13
9 11 7
22 1 1
11 15 11
17 21 6
6 9 1
13 16 12
0 3 7
13 16 10
6 10 6
4 8 4
13 18 8
19 23 13
22 2 9
11 14 5
16 20 4
8 11 1
11 13 12
12 14 6
14 18 13
1 5 7
21 1 1
21 0 5
1 3 11
22 23 6
17 19 8
9 11 3
17 20 4
14 15 1
2 5 7
22 2 6
18 20 6
0 0 12
5 9 13
2 4 4
23 3 5
