2300 18
1 5 4 10 6 4 2 1 7 2 5 1 10 6 7 8 2 8 
19 22 11
4 6 4
6 6 9
11 14 3
2 6 6
2 4 13
1 3 18
17 20 1
9 14 10
19 23 3
1 4 1
8 12 9
8 13 10
10 12 4
15 19 15
18 22 16
16 19 10
20 23 6
8 12 12
13 18 16
11 14 5
12 15 15
3 5 6
13 15 11
23 4 5
13 14 16
21 22 4
14 17 5
11 15 13
4 6 6
8 13 3
17 20 16
8 13 18
9 12 14
5 9 11
9 10 2
21 23 16
17 20 9
12 15 6
21 0 4
22 0 18
20 0 12
9 13 9
3 6 13
8 12 18
6 10 17
9 11 18
16 20 3
9 12 10
11 14 4
13 16 7
7 9 5
12 16 12
19 21 16
22 2 8
12 14 4
23 2 10
18 21 13
7 10 18
3 6 3
13 16 4
18 0 16
11 14 1
6 8 11
10 14 8
1 4 2
15 18 14
5 6 18
15 19 1
8 12 1
4 6 4
18 22 12
1 5 2
16 19 15
11 14 8
8 10 17
18 21 12
17 20 1
1 4 1
3 7 11
20 22 16
13 15 3
2 5 15
8 11 11
17 19 16
22 1 3
18 20 17
6 9 2
1 5 1
21 0 18
13 16 11
2 5 5
0 4 13
15 18 3
0 3 17
20 0 11
18 21 13
17 20 6
14 17 4
11 14 12
10 14 10
2 5 12
18 21 2
7 10 12
10 12 14
20 0 16
4 6 9
14 18 6
13 14 1
13 16 10
3 5 4
8 11 15
7 10 17
16 19 16
16 21 6
15 19 11
11 15 14
19 21 10
6 8 9
6 8 6
17 20 2
0 2 6
4 6 16
10 13 16
2 5 12
0 3 1
5 7 15
8 9 16
14 17 5
22 0 1
21 1 1
13 17 17
10 12 2
15 18 3
17 20 6
22 23 11
6 10 9
7 10 18
15 17 7
5 9 16
21 23 10
7 12 15
2 4 15
12 15 12
1 4 7
13 14 7
13 14 5
13 15 11
14 17 13
22 2 7
10 13 13
4 6 11
6 9 7
8 11 4
13 17 11
15 18 1
12 15 7
15 17 12
8 10 15
9 10 11
3 5 12
7 12 7
12 15 10
0 2 4
4 7 9
19 22 15
1 3 13
11 14 14
16 19 17
10 13 3
8 13 17
1 3 6
21 1 8
15 17 16
22 2 3
21 1 1
1 2 3
15 17 10
14 16 17
14 18 3
2 6 1
0 3 13
4 7 3
15 17 4
12 15 10
1 4 17
22 0 2
17 21 12
23 2 13
22 2 10
3 8 5
8 13 12
8 12 7
20 23 2
3 6 18
6 7 9
13 16 11
3 5 15
9 13 7
7 10 17
18 21 16
13 17 14
0 3 12
21 23 8
0 3 17
22 2 9
8 11 9
12 14 1
15 16 10
11 15 3
2 7 16
22 1 12
3 6 10
8 12 15
23 0 2
23 3 2
0 4 4
17 19 2
3 5 4
1 2 13
14 18 17
1 5 7
8 11 4
20 0 15
9 12 8
18 20 3
14 18 8
14 16 16
13 14 1
3 6 14
14 18 13
18 22 8
22 1 3
8 10 11
10 15 18
1 4 12
0 2 18
0 4 10
8 11 6
7 10 7
14 18 8
7 11 3
11 14 3
15 18 8
11 16 15
3 6 11
9 11 4
6 9 14
21 1 3
5 9 16
15 18 7
4 6 9
10 12 17
19 22 13
0 4 14
11 14 15
11 13 1
9 12 7
7 9 14
7 10 5
5 9 14
17 21 10
7 11 16
12 16 13
16 19 2
11 14 13
14 17 15
16 19 5
9 13 9
6 9 5
16 20 11
3 4 5
22 1 15
21 0 7
11 15 9
2 4 11
4 6 15
2 6 18
1 5 9
18 22 6
13 16 13
0 3 15
4 7 13
15 18 9
6 9 8
2 4 1
20 22 12
1 2 8
23 2 10
6 8 17
3 5 14
7 11 13
3 6 6
0 3 6
19 23 7
11 16 9
23 1 7
12 15 13
22 0 11
20 0 13
17 21 15
8 11 7
6 8 2
19 23 5
10 13 9
4 8 11
17 22 6
23 3 18
23 3 11
19 23 5
16 20 15
21 1 18
5 8 4
23 3 2
5 9 3
13 16 4
16 18 2
16 20 15
6 8 14
9 10 4
16 18 6
17 19 1
19 0 15
4 6 8
22 2 6
10 14 14
0 4 11
19 23 16
13 17 10
9 12 11
8 10 14
18 23 1
11 12 10
13 17 14
9 10 12
2 6 8
17 19 4
3 7 6
3 5 15
6 10 6
7 11 9
23 2 13
19 22 11
22 1 10
13 16 15
5 7 7
20 22 1
8 9 1
18 22 7
20 0 3
7 11 4
2 5 3
22 2 10
0 3 10
2 6 4
4 8 11
23 2 17
3 4 17
1 3 9
10 13 13
6 9 4
7 11 4
15 17 3
20 22 8
5 9 10
18 22 1
4 8 8
14 17 4
6 9 17
5 7 14
23 2 18
23 4 6
23 3 5
4 8 12
6 10 13
13 15 11
15 21 7
18 21 15
18 19 17
21 0 5
16 20 12
18 21 11
19 23 14
1 5 8
1 3 6
19 19 15
9 12 6
15 17 17
22 23 16
19 21 13
4 6 11
10 14 17
6 9 13
13 14 18
1 3 2
8 11 10
4 7 8
23 3 14
6 7 16
2 4 1
13 15 16
20 22 9
12 17 7
3 5 13
20 23 9
6 10 3
6 9 9
4 6 4
12 14 7
18 21 16
5 6 8
20 0 16
8 11 18
15 19 4
9 12 12
16 18 8
5 8 14
2 5 12
8 13 10
4 7 6
4 7 18
1 3 12
6 10 15
21 23 10
14 18 2
16 18 6
20 0 17
4 7 5
11 15 5
3 5 3
1 6 5
6 9 17
2 4 9
15 20 16
15 17 11
2 5 9
1 4 5
3 5 9
0 4 8
15 18 13
3 7 17
17 20 2
3 6 8
19 22 4
2 5 1
1 2 4
10 12 9
15 19 2
23 2 13
8 10 5
5 8 7
7 10 2
18 23 14
4 7 18
14 17 6
22 1 2
7 11 9
6 8 11
16 19 10
2 5 3
2 4 4
6 9 17
13 16 13
1 4 8
6 8 18
6 10 3
8 9 3
17 21 4
18 22 5
0 5 18
8 11 7
21 0 11
8 10 3
5 8 9
22 2 12
8 9 14
8 12 18
13 17 6
1 2 2
1 3 15
23 3 17
22 2 14
2 6 5
20 23 4
15 19 6
22 2 8
0 4 12
5 9 17
8 10 6
12 15 18
2 7 9
14 18 17
18 22 6
14 18 18
5 7 9
11 15 11
20 22 3
18 23 3
4 6 12
4 7 2
2 4 10
20 23 11
23 4 6
10 13 12
19 23 15
11 14 17
2 4 1
7 11 17
5 8 13
10 12 15
18 22 7
4 7 10
14 18 16
20 22 7
12 14 4
10 14 2
21 0 14
16 21 3
12 15 16
15 17 18
22 2 2
23 23 4
9 12 14
9 11 3
11 14 2
0 3 8
23 1 4
14 18 9
10 10 5
11 13 10
1 4 6
14 17 4
16 18 15
2 6 17
17 21 18
16 18 17
21 0 11
18 21 14
6 8 3
10 12 3
17 20 17
22 0 6
15 20 5
8 11 7
7 9 11
9 9 14
22 3 15
10 14 9
7 10 1
11 13 13
13 16 5
8 12 8
16 18 10
5 8 13
21 23 13
4 7 1
0 4 8
15 18 3
17 20 16
7 10 13
0 5 2
16 20 14
3 6 16
20 23 7
9 12 8
9 11 11
20 0 12
9 12 2
8 11 4
12 15 5
4 7 1
15 19 10
0 3 8
1 4 2
2 5 6
10 13 18
19 22 6
1 3 10
19 23 5
11 13 11
4 8 11
21 23 17
16 19 11
8 11 2
16 20 16
18 21 11
4 6 9
6 9 9
12 15 6
7 9 16
23 3 12
10 13 6
16 21 2
17 21 11
4 7 17
2 6 18
6 9 16
17 21 4
18 21 18
14 17 7
3 6 9
2 7 17
8 13 17
7 12 18
21 1 5
20 22 4
2 5 1
5 7 10
9 12 1
12 15 13
7 9 10
9 11 13
0 1 1
21 23 17
17 22 6
19 23 15
0 3 12
15 18 17
22 1 3
9 14 8
2 6 2
21 23 5
18 20 4
22 1 3
18 21 12
13 17 2
8 11 2
19 22 5
19 23 3
6 10 10
16 18 18
10 12 8
12 16 7
4 8 10
0 3 18
18 20 6
11 14 2
4 7 13
19 23 10
15 17 11
12 14 8
14 18 5
17 20 16
0 1 1
20 23 4
22 1 4
14 18 8
21 0 16
3 6 2
0 2 9
8 10 3
8 11 2
4 9 5
3 6 4
12 16 12
15 18 9
12 15 8
15 19 8
5 7 4
3 5 12
5 9 11
16 19 11
5 8 15
16 19 13
11 14 2
10 13 16
19 23 16
14 17 11
3 7 18
23 1 4
9 12 8
19 23 7
0 3 7
23 4 9
13 16 8
23 3 8
15 19 9
17 21 15
15 17 5
10 14 11
23 2 8
20 23 9
4 6 11
14 16 12
7 9 18
22 1 12
10 13 17
12 14 1
17 21 12
8 9 16
13 16 4
5 9 3
10 14 8
10 13 18
0 2 4
23 1 7
19 22 11
5 9 5
3 7 16
17 19 16
22 1 16
0 5 13
1 3 7
5 8 15
12 16 12
15 17 4
10 13 18
17 19 3
7 10 18
5 8 5
9 13 9
23 4 14
23 2 1
19 22 3
5 9 3
18 19 18
23 2 8
23 2 3
5 9 17
4 7 8
2 4 6
22 1 14
6 8 6
19 22 14
11 14 17
8 10 8
6 8 1
15 16 14
20 23 3
6 9 11
11 13 4
20 23 4
18 22 1
6 9 16
1 4 12
6 8 5
8 11 17
11 13 14
17 22 11
14 16 9
10 14 8
20 23 7
7 10 18
11 14 12
21 0 3
9 13 11
23 2 6
17 20 2
21 2 18
3 8 3
0 4 3
0 3 13
22 1 16
15 17 13
0 4 15
5 6 7
10 14 8
21 22 17
0 4 4
8 11 8
17 22 6
19 23 6
23 1 7
19 0 5
1 3 6
19 22 3
9 13 10
3 8 13
8 11 2
11 14 14
19 22 7
23 1 17
14 17 17
13 15 3
19 22 7
13 17 4
16 18 17
14 16 11
5 8 15
14 17 12
1 4 11
20 1 3
20 22 10
8 9 9
15 18 8
8 9 4
11 13 4
10 13 5
2 5 14
4 7 9
17 21 13
12 16 8
3 7 15
0 2 14
10 13 5
0 3 17
23 0 18
16 19 12
22 3 8
17 21 9
8 11 7
23 3 17
5 7 16
20 21 13
0 3 9
19 23 11
9 13 14
12 14 1
22 1 3
11 14 15
2 6 11
11 13 5
10 11 10
11 13 16
18 21 8
18 21 14
1 3 3
6 9 8
1 6 17
3 7 5
14 17 15
11 14 16
7 9 16
7 9 13
15 17 1
18 22 10
15 19 5
5 9 4
23 2 4
9 12 10
18 20 1
18 21 3
1 6 12
19 22 17
17 20 1
3 8 3
5 7 9
19 22 12
23 2 3
23 2 7
14 17 13
6 9 15
22 1 15
15 16 11
14 18 12
8 11 6
17 21 3
18 23 7
17 19 2
17 20 8
15 17 3
22 2 11
10 14 9
4 7 18
1 4 11
5 7 13
8 11 9
13 17 15
22 1 16
16 19 2
5 9 8
7 10 7
19 0 15
18 22 1
18 21 2
16 20 9
11 13 4
8 10 11
2 6 18
15 17 8
4 8 6
6 8 17
12 15 11
4 5 14
20 0 5
14 17 7
16 20 5
11 13 5
15 18 16
22 2 9
0 2 8
11 15 15
19 22 7
13 17 16
5 8 4
5 7 18
22 1 11
6 11 3
4 7 12
5 9 16
23 1 6
22 1 8
6 8 3
8 11 2
23 0 16
22 3 13
16 20 11
18 22 17
22 0 6
12 15 5
11 14 16
3 6 4
8 10 5
12 15 11
16 17 16
23 3 11
1 5 12
0 3 3
8 12 16
4 8 6
23 2 9
21 0 2
20 22 16
21 1 3
22 0 17
18 21 11
4 8 15
6 7 14
2 5 16
9 12 10
21 0 9
2 3 4
17 21 5
4 8 18
19 20 9
18 21 9
22 0 18
13 17 8
21 2 7
13 17 18
20 23 9
4 7 6
11 14 12
4 7 11
0 1 12
21 23 10
13 17 12
22 1 11
1 2 17
0 4 4
15 17 9
6 9 6
20 23 13
7 10 15
8 10 5
17 21 13
0 5 9
4 7 4
14 17 2
11 14 12
17 19 6
20 21 7
12 15 2
13 16 12
3 7 8
5 8 15
11 13 2
1 4 2
2 5 2
13 15 7
16 19 3
10 11 4
5 9 1
0 2 2
8 11 5
15 19 7
9 13 7
17 21 3
7 11 16
18 23 18
10 15 5
17 18 1
0 4 4
16 19 11
20 22 6
9 13 12
19 21 8
6 9 6
21 23 2
14 17 2
18 19 15
22 1 3
6 10 17
15 18 2
12 15 2
21 1 13
17 20 14
6 8 5
17 20 17
4 8 9
11 15 3
21 1 1
21 0 1
8 11 13
1 4 14
4 7 3
11 14 14
10 13 10
18 20 18
13 16 15
0 2 9
8 12 15
13 17 8
21 0 10
22 1 14
21 23 16
16 21 11
3 5 2
6 8 4
19 23 3
19 22 14
21 1 6
11 15 14
15 20 12
14 18 2
19 22 2
14 17 5
18 22 5
16 19 18
5 9 2
0 3 11
7 10 6
10 13 7
3 6 2
1 3 6
4 7 2
23 1 4
5 8 16
11 12 11
23 3 15
1 5 4
7 11 17
18 20 8
2 3 2
20 23 12
19 23 2
12 15 1
10 13 12
1 5 5
5 7 15
21 23 6
1 2 5
10 12 16
20 23 14
12 13 2
14 16 16
16 20 8
19 0 10
16 19 8
13 16 14
16 19 18
3 5 17
13 14 8
11 14 14
4 6 6
11 13 12
19 21 18
0 3 1
11 16 8
20 0 11
13 16 10
22 2 3
22 1 1
22 2 11
10 12 18
21 1 17
9 12 4
18 22 4
7 10 3
18 21 10
11 14 18
4 7 2
12 15 14
13 17 3
10 13 9
0 0 6
6 8 18
15 18 10
11 13 10
20 23 7
7 11 14
9 13 17
18 22 1
19 22 5
10 13 8
19 21 10
1 5 16
15 18 15
5 7 10
9 13 1
12 16 16
5 8 5
10 13 7
3 6 6
9 12 5
23 1 12
8 9 14
6 8 12
12 15 3
14 17 13
5 8 14
3 7 13
16 18 8
17 20 16
9 11 7
6 7 10
5 9 17
6 9 5
3 8 17
3 6 15
4 7 3
15 18 3
0 2 7
10 12 13
5 7 14
3 7 14
18 21 18
8 10 1
18 22 12
2 6 7
10 15 16
12 14 8
1 5 18
22 1 2
10 12 17
4 6 9
0 3 18
4 6 7
12 16 8
12 14 14
17 21 16
2 7 13
2 6 2
15 18 6
16 18 12
5 7 8
10 13 14
9 12 1
21 1 2
23 3 18
11 16 5
6 8 10
19 21 8
9 12 11
8 10 15
1 4 11
20 23 11
12 15 7
18 22 15
15 17 11
3 5 13
17 19 11
13 17 1
22 1 13
2 5 14
0 2 13
0 2 8
11 14 13
11 14 10
19 22 1
21 23 2
11 14 15
22 0 3
1 4 15
22 0 13
3 8 8
12 14 17
5 7 15
12 15 9
10 14 14
2 4 13
20 0 4
5 9 5
4 8 11
3 6 15
22 1 1
18 21 3
10 11 15
8 12 15
2 3 16
13 14 10
21 23 8
18 22 11
9 12 4
8 12 9
12 17 10
21 1 16
18 20 18
14 16 3
4 7 7
2 3 5
21 0 18
20 1 6
16 19 10
9 11 5
14 18 2
23 2 9
10 14 18
22 3 4
12 14 6
9 11 15
18 21 6
22 1 12
19 21 10
13 15 9
19 22 5
22 1 18
19 20 11
17 21 15
16 20 6
4 7 5
13 15 10
6 9 13
22 2 8
14 18 17
17 20 6
6 10 9
13 16 11
19 23 10
15 17 12
9 12 4
3 5 7
9 13 1
22 1 17
5 10 10
19 22 13
20 23 17
19 22 6
15 17 15
19 0 16
19 22 9
20 22 15
6 9 17
8 10 3
22 2 2
15 17 10
23 3 11
10 13 12
16 18 16
2 5 14
0 3 1
1 3 4
6 8 5
20 0 15
8 10 8
21 0 15
4 6 9
21 23 15
22 23 2
2 4 5
0 3 17
3 5 2
5 7 17
18 20 17
11 14 7
11 16 18
13 16 17
14 16 18
19 22 7
13 16 13
18 22 10
2 5 5
21 23 3
4 8 9
3 4 12
4 8 3
5 7 3
16 20 2
2 5 8
4 7 12
14 16 8
2 4 8
5 8 3
14 20 16
20 0 15
0 3 16
10 14 16
7 10 7
9 11 8
15 16 7
17 21 1
9 12 4
5 8 15
4 10 4
11 15 16
12 14 3
9 11 15
17 20 7
11 14 2
23 3 18
23 2 15
5 9 10
21 23 12
12 15 16
18 22 12
23 2 17
5 9 4
23 3 1
3 6 9
21 2 6
12 16 16
16 18 6
18 22 10
9 11 6
21 0 18
16 18 15
10 12 6
3 7 9
19 20 8
13 16 3
14 17 3
12 15 10
22 1 15
14 17 4
20 0 17
15 19 11
1 5 15
2 5 12
13 15 13
19 21 9
20 22 9
22 0 6
3 5 11
9 10 1
12 15 14
12 16 16
16 19 2
4 8 17
18 18 14
0 2 2
1 5 6
18 23 15
1 5 15
18 21 16
20 22 3
7 10 3
10 13 13
5 7 12
17 21 17
4 9 11
16 19 4
22 2 15
2 6 18
12 14 4
6 11 6
6 9 16
17 19 7
6 10 7
7 10 12
8 11 10
12 14 3
5 8 17
18 22 16
14 18 2
9 11 9
16 20 9
14 15 14
10 13 17
7 11 16
16 19 3
5 8 12
13 15 14
5 8 16
20 0 2
20 23 11
21 22 14
23 2 8
9 12 5
10 13 2
9 13 13
4 7 1
3 6 14
4 7 15
8 11 10
8 11 7
21 0 3
18 21 14
20 23 11
23 2 4
14 17 5
16 18 1
2 5 11
7 11 9
10 12 4
8 13 14
10 14 8
9 13 1
6 10 10
5 8 9
12 15 18
19 21 16
10 15 18
7 10 18
8 11 12
5 8 9
9 13 18
5 9 5
11 16 11
21 1 1
14 16 14
1 4 16
20 1 12
23 1 1
5 8 1
16 19 13
21 0 14
21 23 4
0 3 4
19 0 6
21 0 7
19 23 4
3 6 5
15 19 10
2 6 3
19 21 5
12 14 18
16 18 13
22 1 15
14 17 5
19 23 11
1 2 17
19 22 4
5 7 11
23 3 15
0 4 17
18 22 17
8 11 6
10 15 6
12 15 4
20 23 1
8 12 11
0 3 7
3 7 14
18 20 9
3 8 5
13 16 5
6 9 12
18 21 17
16 19 8
1 5 1
13 17 3
8 11 3
6 8 2
16 19 5
4 8 8
2 5 2
6 9 14
9 11 15
11 15 7
2 4 6
5 9 4
22 0 1
20 23 9
16 20 3
7 11 5
4 8 1
11 13 4
14 18 11
20 23 6
16 20 1
22 2 10
8 10 2
22 1 12
21 1 9
7 9 12
11 14 8
8 11 17
12 15 3
21 0 3
11 14 14
16 19 9
16 20 1
18 21 1
14 17 11
3 5 8
3 7 8
12 16 10
19 20 17
8 12 17
5 8 8
2 5 13
1 5 5
0 3 15
19 22 14
1 4 18
13 15 15
19 20 1
18 22 4
4 9 2
11 14 2
14 17 1
6 11 17
10 13 18
0 1 4
18 20 15
2 5 13
19 21 16
7 10 9
9 12 10
10 12 11
6 9 15
19 21 2
2 4 2
4 7 9
7 10 14
15 18 15
2 4 7
12 14 1
19 1 18
22 1 2
22 1 8
6 11 12
4 6 12
9 12 16
15 17 6
15 19 11
0 2 15
23 5 9
19 23 18
5 8 9
7 9 12
23 1 13
19 22 10
5 7 2
23 1 4
23 4 7
14 16 5
6 9 15
20 23 1
7 11 8
17 20 3
15 19 8
13 16 8
17 20 16
22 0 3
18 19 15
13 15 15
16 18 17
16 17 15
10 11 4
2 4 11
0 4 13
4 7 3
11 13 11
18 22 17
8 12 2
3 7 11
14 16 1
1 3 16
17 22 8
19 22 11
6 10 6
23 4 2
16 19 10
10 13 17
20 0 11
13 16 5
15 18 10
10 14 3
20 23 16
19 0 12
8 10 12
17 20 2
9 12 7
11 15 10
19 23 2
18 20 12
6 8 4
7 11 13
6 9 1
8 12 13
11 14 4
13 16 4
16 18 5
20 21 10
5 8 13
7 9 5
4 7 10
1 5 2
17 20 7
3 6 13
20 0 6
3 7 17
12 17 3
16 18 13
6 10 15
1 5 6
19 0 13
19 22 2
15 17 8
16 19 1
4 6 7
19 21 3
10 13 11
10 13 16
1 5 7
21 23 5
10 13 15
8 12 1
2 5 3
22 1 16
17 21 4
9 10 13
6 10 10
16 19 15
18 20 18
22 2 8
3 6 7
17 20 18
5 9 10
12 14 1
12 15 6
9 12 4
7 9 6
22 0 13
9 12 17
19 20 4
17 20 6
9 13 10
20 23 11
1 3 3
17 21 4
3 8 18
2 7 9
16 19 4
8 10 17
22 0 4
3 8 5
7 11 18
9 12 2
3 5 6
8 11 10
1 4 16
19 21 9
2 4 1
23 3 5
21 23 17
21 1 15
1 6 3
2 5 15
19 23 14
0 3 8
19 22 3
6 10 17
1 3 2
9 12 6
5 8 8
18 23 16
2 4 7
6 8 10
11 12 7
21 23 8
15 17 5
3 6 5
20 22 16
11 13 10
9 11 10
17 19 6
7 11 6
1 5 18
0 4 3
22 2 7
9 11 3
14 16 4
18 22 9
6 9 18
15 17 18
18 21 2
15 17 17
23 1 3
23 1 7
15 18 10
19 22 13
11 13 15
13 18 2
22 1 10
16 18 12
9 11 3
5 9 3
10 14 9
11 15 4
23 2 12
7 11 9
5 7 4
18 21 17
12 16 14
21 1 6
10 13 5
10 12 10
4 7 18
14 16 5
16 18 18
21 1 17
4 7 10
8 11 7
0 5 4
22 2 12
15 18 3
20 23 10
22 23 14
8 13 3
23 1 4
16 19 1
2 4 7
9 13 5
21 23 6
0 1 1
15 18 10
19 22 18
15 17 16
7 10 8
7 12 17
15 17 1
22 1 4
11 14 9
5 7 4
5 9 2
15 18 9
11 14 17
1 6 3
20 22 17
22 2 18
3 6 16
10 13 3
7 10 13
5 9 12
17 21 1
20 0 6
5 9 15
10 12 15
21 22 3
22 0 10
4 6 7
22 1 15
5 6 10
7 12 2
2 4 5
7 9 16
17 20 1
5 8 8
2 6 7
15 20 7
0 2 3
11 15 13
0 4 7
21 0 9
17 19 8
0 2 7
3 6 12
22 2 9
16 21 7
20 23 14
15 17 16
19 23 15
15 17 14
3 5 12
7 11 8
0 2 6
18 21 17
8 11 3
9 11 14
12 15 15
5 8 16
0 4 4
1 4 8
13 16 7
2 5 7
14 17 4
17 22 14
17 21 3
3 5 13
5 8 8
3 6 5
4 7 11
21 0 9
14 18 8
12 16 3
11 14 11
21 1 11
7 9 18
18 20 7
1 3 7
11 15 3
23 2 3
17 20 11
4 9 16
0 3 10
8 9 5
23 2 2
17 20 10
9 10 5
8 12 2
12 15 8
3 6 6
3 6 16
10 12 9
10 12 9
4 7 13
18 20 2
22 1 3
21 0 14
8 11 14
9 12 4
18 21 17
23 1 4
17 21 2
15 18 18
20 22 13
14 19 12
4 7 17
12 16 7
11 14 16
17 19 6
16 20 10
15 17 11
14 16 7
13 17 18
13 16 8
0 3 17
11 14 10
1 3 11
15 18 12
16 19 10
5 8 17
21 0 10
4 6 18
18 22 15
1 4 15
18 20 2
7 9 2
22 1 6
8 10 1
8 10 3
3 6 8
17 20 10
3 8 4
16 20 3
0 3 7
7 10 14
4 8 6
19 22 16
4 7 1
0 3 18
21 2 17
7 10 16
17 21 17
16 19 2
16 19 11
2 6 6
14 15 6
23 4 3
23 2 5
19 22 8
3 5 1
12 14 10
21 1 5
5 9 2
0 1 3
2 4 7
4 7 17
21 0 13
23 3 4
4 8 14
2 4 5
5 9 5
6 10 3
1 2 16
14 19 7
12 15 5
14 17 7
13 15 18
19 22 1
15 19 11
18 22 1
3 6 7
6 10 10
4 8 17
4 8 8
14 16 5
5 9 15
0 4 13
8 11 17
2 7 2
23 3 16
18 22 4
11 15 4
16 19 5
0 3 5
13 18 13
4 7 5
1 4 1
16 19 6
12 16 17
12 15 9
17 20 13
18 21 1
23 1 5
20 22 12
16 18 16
2 5 16
23 3 3
13 17 17
7 9 16
7 12 7
5 7 11
5 7 12
15 18 12
7 10 10
4 6 8
18 21 12
15 16 1
21 23 13
0 4 6
21 23 14
14 17 3
10 12 17
11 15 9
1 3 1
7 8 5
3 7 17
19 22 17
20 22 1
0 2 17
6 11 5
2 5 3
12 16 7
17 19 16
16 20 2
5 8 18
10 14 13
5 7 3
19 22 17
22 0 8
16 17 12
13 17 4
18 20 4
16 20 16
11 14 18
2 7 17
13 17 12
16 18 16
15 16 5
23 1 4
4 8 15
13 15 11
19 21 2
20 22 12
14 18 6
19 21 17
20 22 6
19 23 10
13 14 7
18 22 6
14 17 14
12 17 5
4 5 7
18 22 11
15 17 5
17 20 3
13 17 18
4 7 5
2 6 8
22 2 2
0 4 10
3 6 18
7 11 1
13 17 3
4 6 15
16 18 15
8 12 6
5 9 7
7 9 9
7 8 18
5 7 4
17 22 6
1 6 6
12 15 16
3 6 15
6 11 9
14 18 5
16 19 6
23 2 11
4 8 12
2 4 15
18 22 18
3 7 4
16 18 17
11 14 4
2 7 15
13 15 9
23 2 10
8 13 6
21 22 14
10 14 1
22 1 3
23 2 8
1 4 1
22 0 1
19 21 9
14 18 11
5 8 5
7 12 6
14 19 15
15 18 4
9 12 16
7 10 13
18 22 3
1 5 10
15 17 13
8 12 11
21 0 5
11 14 9
11 14 17
12 14 7
3 5 3
12 13 5
20 23 16
16 19 7
6 9 15
22 1 5
16 20 5
2 5 5
7 10 18
4 7 6
3 7 18
16 21 6
2 5 16
8 11 10
2 5 16
17 19 18
9 12 7
22 1 9
3 6 17
22 1 12
18 20 4
3 8 12
1 6 1
16 19 15
2 4 13
13 15 2
10 11 9
17 19 12
21 23 17
15 19 6
18 20 7
7 10 7
0 2 13
1 5 18
19 22 14
22 0 17
5 10 8
9 12 10
4 6 7
8 9 5
9 12 11
2 5 8
22 0 14
3 4 5
0 3 12
21 1 18
5 10 14
8 12 2
6 10 5
19 22 13
20 1 1
5 9 11
15 17 8
16 20 13
14 17 10
0 2 17
12 14 10
20 0 2
18 21 4
8 10 11
8 10 7
14 16 17
4 7 13
14 17 4
4 6 8
20 23 9
22 23 16
15 18 16
20 22 4
4 6 18
23 4 6
23 2 5
12 16 9
15 19 15
14 18 10
13 16 14
23 1 14
4 8 6
9 10 12
3 7 18
15 18 2
11 13 14
13 16 15
15 20 5
12 16 3
18 22 5
15 19 12
2 5 9
12 16 7
9 13 13
10 13 1
9 12 11
13 16 13
18 20 15
3 7 14
5 8 6
5 9 8
8 12 18
4 7 2
7 10 15
1 4 3
8 12 7
13 16 14
4 6 13
5 7 18
16 18 15
17 20 3
23 3 3
10 14 13
16 20 11
14 19 16
7 10 7
3 7 10
3 7 4
1 4 18
13 14 1
16 19 5
18 22 12
12 15 2
18 20 8
11 16 5
20 23 15
8 11 10
20 23 7
16 19 18
17 21 4
20 22 10
15 17 4
21 0 13
6 8 12
15 20 4
0 2 9
17 21 14
3 5 8
14 16 10
23 2 1
14 19 10
1 3 1
10 13 18
18 20 7
7 11 1
23 0 13
23 1 12
12 16 15
20 22 5
14 17 17
20 22 10
20 22 7
12 13 18
20 21 16
23 5 5
7 11 17
19 23 17
11 12 1
21 0 17
10 12 7
1 7 3
4 5 14
11 15 9
23 1 16
16 20 4
17 19 11
23 2 8
3 7 4
2 4 5
22 2 12
16 19 4
3 6 18
22 1 4
22 23 7
14 18 9
19 23 9
6 9 17
23 1 8
2 6 14
1 4 3
14 17 18
8 11 13
22 4 17
21 1 9
18 20 2
0 5 15
20 23 14
21 1 12
18 20 8
6 8 16
1 1 1
1 3 10
0 3 6
17 19 11
15 18 7
18 21 1
2 5 11
0 3 13
21 22 6
9 11 9
18 22 17
14 18 13
4 9 10
23 1 16
6 10 18
9 12 13
8 13 18
22 2 11
22 1 10
7 9 18
12 16 10
7 9 5
20 23 12
6 9 9
14 17 10
18 22 11
14 18 3
0 4 18
3 7 11
8 12 16
14 16 5
8 11 4
11 15 9
0 3 18
13 18 6
14 17 18
23 1 1
4 8 11
12 15 17
20 23 2
16 19 12
22 23 16
2 5 9
1 5 2
10 13 10
0 4 17
6 10 1
10 14 4
12 14 11
2 4 6
21 0 2
3 4 1
3 6 8
15 17 12
4 6 3
21 1 3
0 4 6
11 12 12
17 20 8
5 8 7
9 11 4
9 14 9
5 9 5
4 8 12
17 18 15
22 2 3
3 5 15
17 20 9
6 8 13
9 13 10
16 19 17
22 2 2
7 9 7
1 3 3
21 1 5
2 4 17
12 15 1
14 14 12
18 21 13
1 2 2
4 8 1
20 22 3
14 18 3
4 6 12
12 17 7
22 1 13
17 20 10
15 19 17
4 7 14
15 19 2
5 9 16
23 2 6
1 4 16
2 6 3
12 14 13
14 17 2
5 8 7
12 13 8
14 16 17
20 23 6
