800 13
1 5 6 5 9 1 2 8 8 3 1 1 9 
16 20 12
10 13 6
22 2 12
15 19 13
9 13 10
9 12 4
1 3 9
10 13 5
18 21 10
3 7 9
0 1 7
4 5 6
7 10 13
11 16 10
10 14 7
10 13 2
15 20 13
10 12 13
17 20 9
9 12 11
12 16 7
1 4 1
21 0 13
16 18 9
11 13 7
19 22 4
5 8 5
21 23 12
19 22 3
12 16 12
8 11 3
6 8 8
1 3 3
7 11 8
9 13 12
21 0 7
7 11 11
6 10 3
6 9 5
12 15 12
11 13 12
11 15 8
9 12 3
17 20 1
21 0 12
12 15 11
22 2 8
5 10 1
6 8 7
2 5 4
6 11 13
15 16 13
21 1 12
4 7 11
13 14 8
11 14 4
8 11 13
3 7 2
14 18 11
0 3 13
9 12 12
10 14 8
1 4 7
4 7 3
22 1 12
14 18 1
14 18 10
23 2 7
3 5 2
16 20 7
21 22 2
16 19 7
1 3 9
2 3 6
13 15 5
17 20 1
6 9 5
16 21 1
19 21 12
10 12 10
5 6 10
5 7 3
13 18 11
23 2 10
16 20 10
14 16 6
8 11 7
17 19 4
3 6 3
0 2 6
23 2 10
6 8 3
8 11 11
18 20 8
19 20 13
18 21 6
7 9 12
0 2 9
19 0 4
2 5 13
8 11 2
6 10 6
18 0 9
23 2 11
11 16 7
19 0 1
6 8 12
13 18 13
10 13 1
7 11 12
21 0 4
20 23 9
13 15 4
21 1 3
20 0 4
12 15 9
5 8 13
4 8 2
13 15 5
18 22 3
8 11 3
6 10 4
23 0 8
8 10 10
9 11 9
9 11 6
1 2 10
9 13 12
9 13 11
15 18 3
3 7 5
2 4 5
13 16 11
22 2 10
5 7 1
3 8 4
0 3 11
23 3 5
2 7 7
13 15 8
4 8 4
21 2 6
19 22 3
21 23 4
4 7 13
23 4 2
2 6 1
15 18 8
19 21 7
22 0 3
14 15 3
17 22 1
6 9 2
15 17 12
12 14 2
20 22 1
0 3 6
5 7 5
0 4 3
16 19 2
16 20 8
2 5 2
6 8 2
17 21 12
1 3 3
2 5 2
3 8 8
8 10 1
23 0 13
14 16 1
5 7 1
18 21 12
21 1 2
8 13 6
18 20 13
17 19 9
10 14 1
22 1 2
20 22 12
18 21 7
19 21 2
6 9 12
1 5 13
20 0 2
6 8 11
5 8 2
9 13 9
8 11 11
13 14 5
21 0 12
13 16 2
15 19 4
21 0 3
18 19 5
17 21 3
8 12 1
20 23 11
21 23 13
14 19 2
6 9 6
1 4 7
20 23 2
15 19 7
15 18 7
22 2 13
17 20 8
8 12 13
15 18 1
23 3 5
5 9 13
16 20 1
13 16 12
8 9 9
19 22 2
14 16 9
14 18 3
17 21 4
1 3 2
2 6 7
8 11 13
14 18 11
19 22 10
2 5 2
8 12 4
15 18 11
0 2 2
20 23 13
2 5 3
19 22 10
3 5 2
0 4 9
5 9 13
0 4 7
9 12 9
13 16 11
22 0 10
20 22 8
4 8 2
5 9 12
11 12 10
19 21 4
4 8 10
13 17 10
11 15 6
17 20 6
19 23 9
20 22 13
8 10 13
21 23 4
9 13 1
19 23 5
17 19 9
14 19 3
4 8 11
17 20 2
6 9 10
11 13 4
11 14 4
7 11 1
14 16 2
16 18 4
13 18 5
2 6 7
19 21 7
20 23 6
7 11 6
12 16 12
19 23 13
14 17 3
8 10 12
1 5 3
11 16 5
14 16 6
20 23 2
0 4 13
3 7 5
10 13 13
23 1 4
5 7 6
1 4 11
0 3 11
22 0 3
23 1 2
4 8 9
17 19 1
22 1 3
22 1 1
12 16 8
19 21 13
1 5 11
17 19 11
3 5 5
20 22 5
12 14 1
23 3 9
16 18 5
3 5 12
2 7 13
19 22 13
23 4 9
21 0 5
12 15 13
6 10 2
8 10 6
7 9 4
8 10 7
3 4 7
21 0 5
5 9 3
2 5 5
19 23 5
14 17 10
14 16 5
21 0 10
11 15 13
15 18 8
9 11 4
6 9 4
2 7 6
0 4 6
0 3 2
13 14 3
23 1 2
5 7 12
6 10 4
6 10 7
16 17 6
13 15 8
9 11 8
2 9 11
22 2 11
18 21 6
1 4 8
8 9 9
10 14 2
19 21 8
23 3 11
15 19 6
6 11 5
0 2 4
21 22 10
1 6 8
3 5 6
0 3 7
12 14 2
10 13 5
20 22 8
19 23 10
4 7 5
20 0 1
2 6 7
17 20 8
8 9 6
6 9 7
1 5 1
9 12 11
4 7 1
13 16 5
0 4 10
1 3 3
10 15 8
1 4 3
19 0 11
17 20 3
9 11 3
12 14 11
13 16 2
5 9 5
12 15 1
15 20 12
7 13 13
7 11 13
21 1 9
20 0 2
4 6 1
1 3 2
17 20 6
4 6 9
12 17 4
19 23 13
12 16 11
11 14 11
2 5 3
3 7 11
7 10 3
9 13 6
2 3 12
3 6 10
2 4 2
22 2 13
23 2 3
23 2 12
1 6 12
17 21 7
19 23 3
18 21 4
17 19 2
8 11 1
12 14 9
10 12 3
16 19 7
6 10 5
11 14 13
21 1 2
8 12 9
2 5 12
16 20 1
10 14 5
7 10 13
1 3 12
19 23 6
18 19 12
20 21 7
11 14 11
11 16 13
7 10 4
23 2 3
6 9 5
4 7 6
1 4 10
2 6 2
5 9 12
4 9 1
17 21 9
1 4 1
4 6 4
14 16 12
2 4 7
15 17 9
11 12 1
16 18 8
18 22 4
23 3 2
22 1 9
8 9 13
12 16 1
0 4 5
0 3 7
3 5 12
0 4 8
2 7 10
18 22 10
2 5 12
19 21 7
17 23 10
8 10 8
5 7 5
14 17 2
3 4 2
18 21 1
14 18 1
20 1 12
5 9 8
18 19 6
19 23 8
19 23 11
18 20 5
7 10 10
10 14 12
5 6 11
0 3 1
8 11 10
21 23 7
22 1 9
3 6 10
10 13 10
18 21 13
3 6 6
15 19 6
14 18 9
10 13 7
19 20 12
22 1 3
19 22 13
15 17 5
7 11 6
15 19 1
9 9 11
15 17 6
12 15 10
2 4 12
21 0 4
13 17 7
11 13 7
13 18 4
18 22 9
18 23 5
12 15 13
10 13 2
10 13 5
10 12 13
13 15 1
8 11 8
9 12 13
3 6 13
14 15 3
1 4 1
8 11 7
15 17 11
8 10 3
10 15 5
11 15 4
0 4 12
23 3 13
16 20 3
20 21 2
1 3 12
23 2 7
15 16 6
12 16 2
8 10 1
14 17 10
20 23 6
7 11 5
5 8 9
9 12 10
14 18 5
4 9 7
14 17 6
13 17 5
21 0 3
5 9 9
5 9 8
14 17 4
15 19 1
16 18 13
11 12 4
11 14 7
9 11 2
8 12 4
6 8 2
15 15 2
15 19 7
5 8 4
15 18 10
23 3 3
3 6 4
23 2 10
22 0 3
10 14 11
0 2 12
0 3 9
18 23 1
1 4 7
11 14 7
21 23 2
6 10 12
17 20 8
7 10 3
17 21 5
11 13 3
19 0 13
8 11 5
17 22 2
8 10 2
19 23 11
1 3 7
3 5 2
17 19 2
12 17 5
14 17 12
17 22 7
14 18 9
5 9 7
16 20 12
23 2 3
1 5 9
15 17 4
15 19 4
4 6 7
2 5 6
2 5 7
10 16 1
10 14 7
6 9 3
17 20 9
10 12 8
10 13 6
5 5 12
13 14 6
7 11 1
3 5 8
1 4 11
11 14 7
15 19 5
4 5 10
11 14 10
16 21 7
23 4 8
14 17 13
1 4 9
4 7 11
8 10 12
5 8 5
8 11 5
11 11 13
19 22 12
18 21 13
19 23 9
15 19 4
15 18 12
22 1 9
8 12 1
1 4 9
11 14 9
16 18 4
20 23 7
21 1 13
2 5 6
6 11 12
18 21 12
5 9 11
20 23 9
4 8 4
6 9 11
6 10 13
9 11 11
1 3 7
23 1 2
22 0 13
19 23 12
23 2 9
6 9 12
12 14 3
12 14 11
12 14 8
9 12 6
20 22 8
8 11 8
14 16 9
1 3 2
15 18 1
22 2 7
4 7 10
11 15 10
21 0 8
7 10 12
19 23 13
22 2 6
7 9 8
16 19 2
16 19 11
2 6 2
0 4 10
0 2 12
4 8 3
15 19 11
0 3 4
3 6 7
1 4 5
1 4 3
13 16 1
5 8 6
17 20 3
8 10 6
17 21 12
16 20 5
2 5 11
3 6 7
15 21 10
4 5 3
15 18 1
8 12 1
7 12 11
21 0 6
22 3 12
22 1 10
16 19 5
10 12 9
23 3 7
17 19 13
3 8 9
11 15 2
8 10 12
23 3 1
9 12 7
19 21 8
2 4 5
23 2 4
1 5 1
1 4 6
11 15 3
0 0 3
2 4 12
14 18 2
16 19 5
11 13 3
15 18 7
1 3 3
3 7 5
1 3 3
0 4 9
6 8 13
20 23 1
6 8 7
15 18 9
13 17 8
4 8 11
19 22 9
4 7 5
9 11 5
22 1 10
5 8 13
0 3 9
4 6 6
6 11 13
14 19 9
0 3 8
22 2 2
22 1 10
13 17 7
8 12 9
6 7 12
21 1 9
23 2 7
18 21 2
23 1 1
13 14 3
22 0 3
16 18 10
17 20 10
5 7 8
4 8 13
7 10 4
23 2 8
13 16 8
13 17 3
7 10 13
3 6 3
18 22 4
22 1 6
15 19 10
10 13 7
10 13 13
2 6 6
5 9 12
7 11 7
2 5 1
5 6 9
10 14 6
2 6 13
18 20 5
12 15 1
13 15 4
23 2 1
5 9 8
8 10 3
13 17 2
1 3 11
22 2 11
1 4 8
11 15 7
13 15 8
17 20 13
2 4 4
0 5 7
7 10 3
2 6 9
14 17 7
8 12 13
21 1 4
5 7 2
3 7 7
10 12 4
3 7 10
12 15 10
12 15 4
11 12 7
8 10 6
17 20 4
17 20 11
0 4 1
22 1 9
22 2 4
13 16 1
20 0 1
3 7 5
14 18 5
13 18 8
10 13 7
1 5 8
7 10 3
7 9 7
3 7 2
10 13 11
7 11 10
4 8 12
2 3 3
5 6 4
19 23 12
5 7 9
1 4 2
9 10 11
5 8 1
6 9 8
12 16 11
8 11 13
15 17 12
22 2 3
11 16 6
