1050 19
10 10 6 8 9 4 8 5 7 1 7 6 6 4 3 4 2 2 6 
8 11 12
13 17 15
23 1 14
22 1 17
17 19 11
8 9 19
0 4 13
9 11 13
9 10 10
6 10 19
18 22 5
12 14 10
12 16 14
10 11 7
13 18 1
15 18 3
0 1 10
7 9 5
20 23 2
4 8 11
8 12 18
23 2 10
7 10 17
12 16 13
21 23 11
11 15 8
8 11 12
8 10 12
13 17 2
12 16 1
1 3 1
23 2 6
5 8 12
5 6 11
16 18 10
19 22 7
9 13 9
6 10 11
21 23 16
10 13 15
6 8 14
13 15 4
21 0 4
6 12 6
5 9 1
3 6 18
21 0 3
0 3 15
17 21 18
6 9 5
4 7 12
0 3 15
15 18 3
9 13 16
6 9 9
8 11 10
20 22 1
23 3 7
16 19 18
6 9 3
19 1 6
12 16 6
3 6 10
16 19 18
12 15 14
15 18 12
20 23 14
23 3 10
21 0 9
18 21 17
8 10 10
12 15 5
1 4 13
11 12 1
22 2 15
9 11 3
21 1 17
21 1 14
20 23 1
9 13 10
23 1 11
3 5 14
7 11 14
16 19 10
13 16 15
0 2 1
0 2 3
9 12 1
21 0 14
11 15 6
23 4 15
14 16 3
2 5 7
15 18 18
11 14 2
16 20 8
17 20 17
10 13 18
18 19 10
15 18 18
22 0 10
18 21 5
8 11 11
7 11 5
1 4 2
0 5 16
10 14 5
15 19 14
19 21 11
15 19 2
11 14 16
14 17 18
6 10 4
10 13 5
6 8 19
17 21 2
12 16 10
6 10 11
15 17 4
0 2 4
22 1 10
8 10 19
17 21 17
6 8 13
1 2 18
18 22 6
0 4 6
12 16 6
7 11 14
6 9 9
17 21 14
4 7 6
21 23 3
2 4 14
8 10 6
2 3 13
11 14 10
7 11 15
18 21 12
11 14 5
18 22 5
1 3 5
12 15 12
11 13 19
15 18 17
23 2 4
23 2 18
2 4 1
7 10 10
22 1 13
3 4 17
3 4 10
2 4 17
16 18 18
21 0 13
6 8 9
18 20 17
5 8 16
4 8 12
23 1 11
21 0 19
16 20 12
12 15 13
11 12 3
11 13 10
23 1 7
20 22 17
8 12 14
3 6 5
8 10 3
20 0 3
3 6 11
21 0 1
22 0 16
14 17 9
14 18 17
13 14 11
19 22 13
15 17 5
19 22 15
19 23 7
0 3 17
23 2 7
10 14 18
18 20 18
5 7 14
10 11 16
7 11 13
17 21 6
4 7 1
13 16 1
5 7 14
3 4 11
4 8 7
22 1 11
15 18 4
22 1 5
3 6 4
5 8 10
23 1 18
4 6 5
22 3 10
8 10 9
12 14 10
14 17 10
10 12 2
1 5 2
21 2 7
8 11 3
14 17 15
4 6 3
8 10 6
5 7 16
1 4 2
16 17 17
3 7 14
10 13 18
14 19 18
7 10 8
7 9 3
7 10 6
0 4 14
14 19 14
12 14 8
13 17 14
12 14 2
5 9 17
9 12 3
18 21 1
2 5 16
17 20 10
15 18 11
2 6 9
16 21 17
23 1 6
11 13 8
3 6 17
18 19 10
12 14 13
15 18 15
14 17 10
5 10 16
15 19 17
1 4 16
2 3 16
12 15 11
10 12 1
13 17 13
12 18 7
4 8 8
19 23 10
5 9 10
3 6 15
15 17 8
23 1 1
5 8 10
15 18 16
20 23 18
18 21 1
22 1 7
8 11 17
20 23 10
0 4 3
10 13 1
16 20 1
3 6 17
8 11 3
0 1 18
17 19 12
10 14 14
3 7 11
11 14 2
16 19 5
18 21 14
7 10 4
14 19 9
17 21 9
12 16 14
20 0 1
3 7 12
23 1 6
4 7 3
3 5 18
5 8 19
19 22 11
0 3 12
14 16 18
15 19 1
6 10 15
10 14 1
15 18 19
20 23 9
6 9 9
0 3 9
20 23 11
7 10 12
4 8 18
7 10 8
11 14 7
10 12 17
11 15 6
14 16 11
21 0 7
15 16 1
19 22 11
6 8 12
5 8 10
15 17 1
9 12 1
12 17 3
12 15 4
5 10 17
18 21 14
20 0 3
11 17 1
23 3 8
13 17 6
19 0 17
22 1 19
9 14 12
11 14 7
13 16 3
3 5 8
13 15 17
16 19 13
8 13 14
5 8 12
2 5 12
17 19 5
19 23 2
8 12 13
18 21 3
4 7 16
21 1 14
10 11 1
2 5 7
0 3 4
10 14 2
22 2 10
19 21 15
10 13 15
6 8 11
8 12 13
12 15 19
3 7 17
12 15 3
20 1 11
9 12 1
16 17 3
18 21 4
19 21 6
5 10 14
19 22 11
3 7 3
19 22 4
10 13 10
13 17 7
18 20 19
22 1 8
4 9 13
17 20 14
14 18 9
20 23 7
20 0 3
12 14 17
6 11 12
19 22 4
16 20 19
1 1 16
3 4 14
3 4 18
23 2 10
20 0 3
15 18 8
16 18 16
18 21 3
15 16 5
11 14 14
4 8 10
21 0 18
1 4 19
5 7 15
10 13 8
16 21 3
19 22 18
9 11 7
19 22 11
16 18 3
19 22 16
12 14 16
9 12 12
5 7 15
3 6 8
1 3 14
12 15 16
12 17 4
0 4 8
15 18 12
23 2 2
23 2 10
20 23 14
19 23 18
19 21 17
6 9 7
6 9 18
3 7 18
9 11 11
20 0 15
20 2 1
13 16 8
11 13 17
5 8 9
3 4 1
8 12 12
15 18 6
7 11 11
1 4 13
11 15 14
12 15 16
7 9 4
18 22 1
16 21 18
22 1 18
7 9 9
10 15 9
9 13 2
13 18 6
20 23 12
18 20 13
10 12 7
17 19 5
6 10 12
8 12 4
9 11 10
0 2 12
5 8 7
6 8 11
22 1 19
14 17 14
22 2 15
3 5 15
21 1 4
11 15 8
13 17 2
22 1 17
14 14 1
12 13 1
13 18 3
2 6 10
16 20 13
9 11 8
7 10 6
8 13 3
11 15 19
21 0 13
1 2 2
14 16 1
23 3 19
14 18 9
11 15 6
12 15 12
14 16 3
10 13 1
2 4 8
20 23 14
15 16 7
15 19 4
17 20 15
9 11 7
4 6 11
5 6 19
21 22 1
7 12 16
12 17 4
14 17 11
2 3 9
3 8 10
5 7 17
14 18 6
5 8 14
18 22 19
12 16 17
6 11 19
18 22 12
15 17 2
9 11 6
14 16 5
7 10 3
16 19 12
9 13 2
7 11 16
13 16 16
11 14 1
0 3 11
1 3 16
16 18 8
11 15 19
5 8 14
2 5 2
20 23 12
9 12 10
15 18 2
1 4 17
6 8 16
15 19 17
12 15 15
5 8 12
15 18 12
0 3 11
9 10 14
18 21 5
11 11 11
5 8 4
8 12 3
23 1 6
11 13 6
17 21 15
2 6 4
5 9 7
11 15 5
13 17 9
0 3 3
6 9 3
0 3 4
3 5 15
1 3 11
14 16 4
13 17 12
12 15 17
3 6 9
22 1 7
20 23 1
7 12 8
3 8 1
9 14 8
5 8 3
10 12 1
14 18 18
21 0 10
6 9 3
14 17 10
23 2 7
14 18 7
12 14 1
19 21 12
1 3 15
13 16 19
17 21 19
4 7 13
7 10 2
0 4 13
1 4 8
7 10 5
22 23 13
12 16 9
7 9 9
23 2 17
9 12 18
3 7 16
15 20 4
5 10 6
22 2 11
0 3 17
9 14 4
23 1 5
8 12 1
6 9 19
18 20 16
23 2 18
14 15 17
15 17 11
19 22 6
4 6 7
10 14 19
9 13 11
2 4 6
1 4 8
12 14 7
14 17 18
14 17 7
21 0 10
21 1 15
12 14 14
0 3 3
1 4 13
11 12 1
6 10 8
23 2 1
15 18 4
23 1 7
13 16 4
1 4 15
18 21 18
22 2 13
12 14 7
0 4 15
18 20 2
14 17 5
8 10 14
19 22 5
7 10 10
1 1 2
15 19 6
13 17 16
19 23 14
1 4 3
14 19 10
4 7 2
9 11 4
0 1 8
22 22 9
0 2 17
22 1 1
20 23 7
9 10 18
8 11 10
0 3 1
18 0 13
19 23 10
18 21 17
13 18 1
22 3 6
7 9 2
17 20 8
1 3 18
23 1 19
9 12 17
9 12 15
0 2 3
1 5 18
21 1 12
1 5 16
14 17 9
6 10 19
2 5 5
2 6 3
23 3 2
14 17 3
23 3 4
15 17 4
20 21 16
7 11 15
0 4 2
22 23 15
14 17 9
5 7 13
11 14 13
12 16 10
0 1 8
7 10 12
19 21 13
0 2 18
7 8 2
23 1 11
23 4 18
18 22 1
14 15 11
13 16 10
15 19 8
19 21 5
7 9 8
0 3 3
10 13 7
14 17 2
5 8 19
14 16 14
10 12 15
14 18 7
21 0 7
8 12 9
14 16 4
0 4 17
20 23 15
11 14 3
16 19 8
6 9 19
20 22 2
3 6 13
19 20 6
20 23 3
12 15 16
12 16 16
22 2 1
18 19 14
0 3 7
9 13 8
18 21 4
1 3 11
9 12 4
8 11 10
1 3 7
3 5 8
14 17 10
20 23 1
21 1 12
8 11 6
9 12 14
16 19 4
1 4 15
0 3 14
4 7 3
2 5 1
22 0 1
19 22 15
19 22 19
8 11 5
4 6 5
19 21 18
15 19 1
19 22 8
14 17 5
14 17 19
4 7 17
19 0 18
6 9 13
22 1 12
14 18 7
14 16 14
20 23 4
16 17 19
19 22 5
19 23 3
16 20 3
22 1 13
6 11 5
13 17 13
13 16 5
16 18 2
12 15 8
18 21 1
17 22 3
4 7 13
13 15 16
23 1 10
10 14 14
12 13 3
16 19 6
20 23 5
9 11 19
8 12 17
1 4 2
2 4 16
22 1 16
18 21 5
11 14 9
16 19 7
21 23 12
19 22 10
4 8 5
17 21 8
0 4 4
13 15 5
22 0 9
0 3 1
14 16 4
2 5 11
15 19 6
8 11 18
10 13 9
2 4 18
7 10 13
12 16 8
20 0 7
12 14 17
14 16 15
12 15 10
4 5 6
10 12 6
17 21 9
1 3 9
6 8 9
11 14 2
16 21 12
7 9 5
13 19 10
14 17 18
10 13 14
7 9 7
10 14 3
12 16 12
20 22 13
0 3 15
20 23 12
4 8 5
2 6 12
1 4 4
17 19 4
1 3 9
9 11 18
22 2 12
7 11 3
19 22 16
10 12 4
13 16 4
14 16 7
5 9 8
12 15 6
3 6 10
7 10 19
14 17 14
14 16 4
23 2 9
19 22 18
17 21 8
20 1 17
6 8 15
21 22 1
21 23 19
20 21 7
13 16 18
11 14 19
23 1 10
15 17 2
0 3 1
13 15 9
0 2 16
9 12 7
18 20 11
4 8 14
12 15 9
19 21 12
12 15 19
9 10 17
8 11 15
11 15 6
10 13 6
14 17 18
0 2 15
16 20 11
6 9 10
20 0 8
23 4 6
18 20 6
16 19 16
6 9 6
14 17 15
21 23 9
13 16 5
11 14 1
2 4 16
22 2 12
22 2 18
2 5 4
10 12 5
10 12 9
17 20 6
14 19 2
14 16 12
19 21 18
23 2 6
5 8 10
6 8 4
11 13 1
12 15 14
15 16 4
3 6 3
6 11 4
19 22 7
14 17 19
16 18 1
9 12 12
5 7 14
0 3 6
18 21 9
23 1 9
1 4 11
17 22 2
21 1 6
8 11 11
18 21 1
23 3 18
0 3 18
16 20 14
4 6 6
14 16 4
19 0 5
12 14 4
6 9 17
1 5 9
22 3 13
0 1 1
8 10 10
13 14 13
2 5 8
0 4 1
14 18 17
17 21 14
13 18 7
5 8 18
7 10 19
0 4 12
14 15 1
5 7 19
6 8 4
13 17 5
11 14 15
8 12 7
21 1 18
22 1 18
11 14 15
8 10 18
6 9 5
16 21 16
2 4 1
1 5 14
7 10 8
4 7 8
13 15 15
0 2 16
15 17 13
8 11 10
23 3 15
20 22 16
14 18 10
6 11 19
10 13 11
1 3 6
4 7 15
13 16 5
0 2 6
4 5 12
11 14 8
5 9 11
18 21 11
8 9 19
1 5 9
15 21 11
21 0 4
21 1 16
18 22 11
13 17 15
15 17 7
3 6 13
6 9 8
10 12 9
15 17 19
17 21 6
17 19 10
15 19 4
3 7 14
5 8 4
9 13 6
21 22 1
1 4 7
0 3 7
18 21 3
7 11 11
6 9 19
21 1 15
16 19 19
0 4 13
20 22 14
15 18 13
5 8 15
13 16 12
0 4 8
3 7 16
1 5 12
19 21 15
1 6 8
8 13 19
20 1 10
14 16 6
5 8 9
19 23 15
13 18 5
21 0 9
23 2 6
4 6 8
6 9 12
2 6 18
6 10 8
16 19 2
23 2 13
13 15 9
16 19 19
7 9 5
7 11 8
17 20 15
12 15 16
21 2 17
0 3 10
17 19 1
19 22 7
7 10 13
10 13 6
20 1 16
22 3 7
11 13 12
17 20 5
17 21 4
4 5 8
3 6 15
0 4 3
9 13 3
4 7 14
15 17 11
23 2 6
8 10 2
14 18 11
13 15 10
1 5 15
13 17 8
16 19 11
8 10 13
22 2 1
1 4 14
9 13 13
17 21 5
11 12 7
4 6 11
2 6 6
14 17 15
18 21 11
9 13 10
6 10 14
3 7 13
1 2 10
15 19 3
14 17 2
20 23 6
6 9 17
1 4 14
22 2 1
4 7 10
1 5 12
16 18 12
23 1 12
22 2 19
4 6 19
0 2 5
12 16 6
10 13 8
16 21 4
18 19 16
20 23 5
3 6 10
18 23 1
8 10 6
0 3 6
18 23 4
8 9 6
9 14 7
17 19 15
18 20 11
6 10 18
8 12 3
7 8 12
12 16 6
2 4 16
