350 5
4 4 3 9 7 
1 3 3
0 3 3
2 5 3
14 16 4
15 17 5
8 10 2
14 17 3
9 13 2
9 13 1
16 19 5
23 1 2
18 19 5
14 16 5
18 23 4
6 9 3
4 7 1
5 8 3
12 16 5
13 16 5
13 15 3
2 3 3
9 13 5
20 1 4
21 0 5
6 12 4
1 4 4
13 18 2
14 18 2
12 14 4
22 2 5
8 11 5
6 11 3
20 22 1
20 22 5
16 19 5
7 10 4
13 17 2
15 18 4
13 16 1
18 21 4
2 6 2
6 8 2
17 20 1
15 18 4
11 16 5
16 19 4
4 6 4
10 12 2
16 20 4
22 2 2
10 13 3
9 11 4
2 4 5
19 21 2
13 17 3
22 2 5
3 5 5
10 13 3
21 0 2
11 15 1
10 11 3
15 16 1
7 9 5
19 21 2
23 2 3
9 15 2
15 18 4
3 5 1
16 20 3
13 16 2
22 2 3
14 17 5
9 13 5
23 3 3
21 1 1
2 3 5
7 10 1
16 20 4
0 3 5
6 8 3
12 14 2
23 2 3
1 3 3
0 3 4
1 4 3
15 19 3
19 22 4
7 11 2
2 6 4
22 23 4
15 18 3
8 10 1
14 16 5
4 7 3
22 3 2
22 2 1
9 11 4
3 7 5
22 2 2
16 18 1
0 4 1
15 19 5
10 11 2
17 21 1
23 2 1
11 15 3
9 11 4
6 9 3
19 22 4
8 10 2
3 4 5
9 13 5
6 9 2
3 7 4
21 1 3
16 18 5
0 2 5
6 9 1
8 10 1
2 4 1
12 15 3
17 19 4
10 14 1
20 23 1
9 12 1
0 3 3
22 2 3
9 13 2
20 0 2
10 12 1
11 12 3
7 8 4
18 22 1
20 22 2
19 21 4
0 3 4
15 17 3
17 22 2
16 21 5
7 9 3
18 22 5
2 5 1
9 12 4
17 21 4
20 23 3
6 9 1
2 5 4
23 3 4
7 10 3
19 22 3
15 19 2
0 4 4
1 3 3
2 3 4
4 7 2
18 21 4
2 6 2
5 7 1
4 7 4
17 21 5
22 3 4
12 14 3
13 17 5
14 16 1
16 19 2
14 17 4
3 6 2
4 7 4
0 3 4
12 16 2
19 22 1
16 19 4
13 16 1
11 13 1
21 2 4
18 21 5
3 7 4
8 13 5
21 0 4
15 16 3
16 19 5
17 20 1
21 23 5
2 6 4
23 2 4
3 4 2
7 10 2
16 20 5
5 9 3
17 19 3
3 6 5
11 13 1
21 0 5
19 22 3
6 9 1
22 2 4
11 15 5
5 9 3
7 10 2
9 13 4
1 3 2
17 19 3
4 8 1
12 16 3
20 21 5
10 12 4
18 21 3
4 6 1
1 3 3
9 11 3
11 14 5
13 15 5
0 4 5
9 12 4
11 12 1
15 17 4
4 8 5
1 2 1
9 12 5
21 0 4
19 22 5
8 11 4
13 15 3
19 21 2
12 15 1
0 3 3
8 10 2
1 4 3
9 13 5
10 15 2
1 4 4
10 13 3
10 13 2
10 15 2
14 16 5
21 0 1
20 23 4
23 4 3
22 2 3
19 22 5
16 18 4
14 17 2
17 20 4
20 0 2
3 5 5
3 6 4
3 7 3
16 18 2
13 15 3
6 9 2
2 5 2
23 2 3
8 11 3
3 5 2
11 13 1
20 23 2
8 13 3
8 11 4
17 20 1
18 21 3
14 19 1
4 8 3
22 23 2
22 0 5
15 18 5
16 20 2
0 2 5
21 1 5
4 8 1
21 0 1
10 14 3
18 22 2
18 21 3
0 3 3
18 21 5
3 4 1
3 5 3
8 12 3
19 22 3
0 3 5
1 6 2
17 20 4
20 0 2
4 7 5
13 15 1
14 17 1
20 1 1
23 2 4
22 2 4
6 8 1
21 1 2
16 18 1
6 6 4
7 9 1
20 23 4
13 16 4
10 12 3
2 7 4
20 0 2
3 5 4
1 3 1
12 15 2
11 14 1
5 7 1
7 10 1
11 13 3
11 15 4
12 15 1
7 9 5
5 7 1
23 1 3
7 10 3
11 14 4
12 15 5
13 18 2
7 10 2
18 22 4
12 16 4
8 11 1
7 11 2
17 22 3
18 22 5
17 21 1
10 12 2
4 8 1
3 4 5
18 22 4
15 18 3
10 16 5
7 9 5
2 6 4
5 9 2
4 9 4
12 15 5
18 21 2
15 18 3
14 17 5
0 3 3
2 5 3
19 23 2
20 1 3
14 17 4
5 9 5
19 21 3
5 8 3
14 18 3
14 18 4
0 4 2
2 6 1
11 15 2
