750 10
7 1 2 3 4 3 9 4 4 4 
1 4 6
7 10 9
19 23 8
3 6 5
8 12 9
19 22 4
4 8 4
17 21 3
5 8 7
6 9 3
16 19 6
23 2 7
10 15 1
17 18 9
12 15 6
1 3 2
1 6 2
17 20 3
18 20 2
12 16 8
7 9 9
15 16 10
9 12 7
17 21 3
15 17 10
0 5 5
2 5 1
9 13 9
0 3 5
23 0 6
1 4 8
10 13 10
15 18 6
9 15 3
21 0 6
12 16 6
6 10 4
10 13 10
22 0 10
5 7 5
10 13 7
18 22 5
23 3 9
13 16 7
19 21 5
13 16 9
16 20 1
19 23 4
23 3 3
9 12 5
17 20 9
9 11 4
23 4 2
7 9 4
11 14 7
2 5 4
2 5 3
5 7 6
4 6 5
16 20 10
23 3 6
9 12 7
3 8 10
7 10 1
23 1 8
15 17 5
6 8 10
10 13 7
6 7 1
15 18 2
6 10 5
8 10 2
14 18 6
14 17 9
12 15 5
15 16 6
9 11 9
23 2 10
2 5 6
5 8 10
4 6 1
17 21 2
3 8 10
21 0 7
18 20 7
14 18 5
5 9 9
4 9 1
7 9 10
4 7 6
22 23 6
17 20 7
12 16 4
12 14 10
23 0 6
17 20 2
8 11 1
23 4 4
1 5 3
23 1 5
21 0 4
19 21 2
21 1 8
10 13 2
11 14 8
21 23 9
20 23 3
20 22 5
9 13 4
10 15 6
16 19 2
16 19 1
5 7 3
17 21 3
21 0 6
18 20 1
23 1 4
21 0 4
15 17 5
21 22 1
14 17 2
20 0 8
10 13 7
11 12 9
21 1 8
9 13 1
7 11 9
21 0 6
21 22 3
2 6 9
9 12 9
23 2 3
19 22 5
11 14 3
20 2 7
11 12 10
22 1 1
20 22 7
9 11 9
4 7 10
8 10 2
5 8 8
11 14 1
21 1 5
10 13 3
9 12 6
10 13 8
20 0 7
10 11 10
10 14 5
21 0 7
1 6 3
16 20 9
2 5 1
14 18 10
5 9 2
7 7 10
2 4 4
22 2 8
23 4 2
10 13 6
3 8 10
23 2 5
14 17 6
21 0 4
8 13 10
11 13 1
16 20 6
20 0 10
3 6 10
3 6 6
5 9 9
20 0 9
19 0 2
3 7 2
10 13 7
21 0 9
10 14 10
5 7 7
11 16 3
19 23 4
7 10 8
7 10 3
11 14 1
15 19 1
10 12 8
7 10 1
23 3 5
0 5 5
3 6 10
10 12 7
4 7 2
21 23 1
6 8 3
9 12 4
19 20 2
10 13 8
0 4 1
15 19 5
1 6 10
2 5 6
8 10 3
22 1 2
17 21 3
14 15 4
22 2 5
12 15 2
21 1 5
20 22 6
10 12 3
12 15 5
16 21 4
5 7 5
19 22 2
3 7 1
7 10 2
19 21 7
23 2 10
20 0 9
6 9 5
15 19 6
13 19 3
16 19 7
1 5 5
6 10 2
16 18 5
23 3 9
11 13 4
9 12 4
12 15 8
18 20 8
14 16 10
14 17 7
9 13 8
14 18 6
5 10 6
21 0 4
3 5 10
14 17 7
14 17 6
4 7 4
0 4 4
12 14 1
23 3 4
7 11 5
21 23 6
1 2 4
20 22 1
6 9 1
23 2 2
16 18 6
3 5 6
13 16 3
4 7 1
19 21 6
19 23 4
17 20 2
11 13 1
21 23 5
7 11 5
4 8 7
4 6 1
16 19 8
14 16 3
9 13 10
12 15 3
5 7 1
22 2 9
6 8 4
18 21 10
22 1 3
5 8 4
15 20 3
13 18 4
20 0 10
12 15 1
22 2 7
3 5 6
10 15 4
18 23 6
3 6 1
17 22 2
22 1 3
13 15 2
5 9 8
11 15 3
15 18 3
21 2 2
0 4 7
9 12 3
5 7 4
4 8 8
3 6 8
20 0 6
13 17 7
2 5 6
21 1 7
10 13 1
6 9 9
12 15 4
23 1 2
2 6 3
3 5 6
17 20 6
13 17 6
7 11 6
20 23 9
6 9 5
2 7 4
20 23 3
15 16 10
19 23 2
18 22 6
5 7 8
8 12 10
18 21 4
5 7 5
13 14 7
22 2 9
19 22 5
8 12 9
21 1 6
2 5 4
6 11 8
15 19 3
6 9 8
6 9 5
19 22 2
19 22 1
11 12 10
9 13 5
10 12 1
11 16 2
20 22 7
20 23 2
2 4 4
0 3 4
15 18 6
7 11 6
9 11 3
13 16 10
11 14 5
7 9 9
15 17 9
6 10 2
0 3 8
3 6 2
12 13 3
4 7 8
7 11 9
9 12 3
23 1 3
19 0 8
18 22 1
13 15 8
23 1 8
4 7 9
6 9 2
21 0 2
7 9 9
10 14 3
17 19 2
11 13 10
16 19 5
5 8 9
1 3 10
0 5 1
23 2 1
5 8 8
16 17 2
7 10 5
1 3 3
17 21 8
20 0 4
12 14 5
10 11 10
8 11 7
18 21 6
3 6 9
18 20 3
14 16 10
22 3 9
19 21 6
22 1 1
2 6 3
9 13 3
21 1 2
0 2 3
10 12 1
22 3 9
6 10 10
1 6 2
14 18 10
19 21 5
22 1 4
19 21 10
19 0 6
9 13 1
0 2 2
18 21 3
20 0 5
22 1 5
23 3 3
15 19 1
22 0 9
7 12 10
10 13 9
0 2 2
19 22 7
1 4 6
3 7 10
22 2 10
0 2 6
2 4 1
13 17 7
2 4 1
12 15 4
9 11 3
21 1 10
7 11 8
18 20 8
19 22 8
21 0 10
22 1 6
1 5 10
11 15 3
6 7 1
6 9 4
1 3 10
22 1 2
8 10 8
7 10 10
15 16 4
5 8 1
22 2 1
12 14 1
14 17 6
2 4 10
2 5 5
23 1 4
3 7 8
17 19 4
18 21 3
16 18 5
7 9 9
10 14 10
16 19 7
2 4 8
7 11 5
22 2 7
22 1 2
8 11 4
8 12 5
13 15 7
1 4 3
15 18 10
16 20 1
20 23 3
18 21 3
6 8 9
23 1 10
5 8 2
1 4 7
14 17 4
6 10 10
2 5 2
2 3 8
15 17 1
16 19 4
9 11 4
1 3 10
20 1 3
23 1 2
3 5 10
20 22 6
8 10 5
0 1 4
18 22 4
22 0 9
20 23 2
11 14 3
21 0 8
5 8 7
8 11 7
23 3 10
7 12 1
5 9 1
1 2 3
22 0 10
22 4 7
14 17 2
6 9 2
6 9 2
23 1 10
4 8 9
10 14 6
22 2 2
11 13 5
9 12 8
3 6 8
3 6 3
9 11 4
18 20 9
20 23 5
17 19 4
11 15 9
19 22 9
4 6 7
22 2 7
16 18 3
7 11 8
20 0 4
0 4 7
7 9 5
12 14 10
23 0 6
16 20 1
3 8 5
9 12 8
17 22 4
10 13 8
14 17 3
8 11 10
11 14 3
23 1 4
7 9 10
3 5 2
4 6 8
8 11 8
7 10 1
11 12 2
10 13 1
17 21 10
23 1 6
1 5 6
10 12 9
9 13 2
0 3 6
21 0 3
14 16 5
0 4 3
16 18 3
8 11 2
4 7 4
11 14 3
18 22 10
14 18 9
23 1 7
7 9 1
15 18 5
14 16 2
1 3 4
12 15 2
1 5 9
4 6 2
22 1 4
22 1 3
5 8 6
17 20 9
7 9 9
2 4 6
18 22 2
23 4 9
17 20 4
3 7 6
23 2 8
15 18 1
7 10 9
2 7 4
6 8 1
13 16 2
10 12 2
19 23 8
21 1 3
5 9 4
19 21 4
1 4 5
6 8 3
5 9 2
23 0 6
8 11 3
11 14 3
11 15 10
21 1 6
9 13 1
10 14 4
13 15 8
8 12 8
13 16 5
5 11 2
8 9 8
22 0 1
19 21 3
7 10 7
17 19 5
3 6 3
6 8 1
10 13 4
7 10 2
9 11 3
13 16 1
3 7 5
11 15 10
20 23 7
8 10 10
21 1 6
0 3 2
11 14 10
14 17 3
3 7 3
1 4 3
8 11 1
2 5 4
23 1 5
22 0 4
2 6 6
1 6 6
6 10 2
14 15 5
13 16 3
19 23 7
23 2 3
22 0 5
21 23 4
21 2 6
22 2 1
2 5 8
7 11 2
9 10 7
3 4 6
4 7 4
0 2 6
4 8 7
18 21 3
19 22 10
6 8 8
0 4 4
7 9 9
17 21 10
8 13 9
1 2 9
2 6 6
9 12 6
18 20 7
7 9 2
1 4 3
23 2 9
13 16 3
15 16 6
3 5 1
0 4 9
0 5 6
20 22 3
2 3 2
18 21 2
9 12 6
18 22 7
3 5 5
23 0 6
10 13 7
5 7 2
4 8 9
13 15 5
11 14 9
1 4 6
18 21 3
22 23 10
8 10 5
3 5 5
21 0 7
6 10 4
10 14 5
1 5 7
8 12 1
22 2 4
15 20 9
6 8 9
21 1 6
21 1 5
11 13 2
8 11 5
5 8 2
14 15 1
11 13 5
12 16 1
3 6 10
17 20 6
6 7 7
11 14 1
8 11 5
6 9 7
2 4 4
19 22 8
8 11 7
19 22 10
22 0 10
14 16 8
0 3 1
8 11 5
4 6 8
12 15 6
23 2 10
13 15 10
18 21 8
17 20 5
14 17 3
14 18 3
6 9 1
3 5 10
9 15 3
17 21 8
2 5 10
9 11 3
18 21 5
11 13 10
1 4 4
3 6 2
2 7 9
6 7 5
17 21 4
16 19 8
22 2 1
11 13 3
0 3 2
19 22 9
19 22 9
5 9 5
12 15 7
10 13 2
0 2 6
6 9 10
13 16 8
23 2 4
5 9 6
7 10 6
9 12 2
19 22 10
14 17 2
23 1 7
12 14 10
8 12 4
1 5 8
20 0 2
7 10 4
4 7 8
5 6 4
18 21 2
6 9 10
23 2 10
13 15 10
