600 19
4 9 10 3 1 1 2 10 1 9 8 5 6 1 6 5 1 2 4 
3 6 3
13 17 15
18 22 13
22 0 18
17 21 19
12 15 8
10 12 19
22 1 12
22 1 7
18 20 13
20 1 16
11 13 3
10 12 9
15 18 1
7 10 8
22 3 10
20 0 13
21 0 12
12 17 5
2 6 16
10 14 7
13 15 1
14 17 14
9 13 11
18 20 16
13 17 11
14 16 6
23 2 4
23 1 12
7 10 15
22 3 13
7 10 11
2 6 4
1 4 19
16 20 7
23 3 1
22 1 15
4 6 14
12 15 3
20 23 9
11 13 9
16 19 13
1 5 9
2 3 5
5 8 18
9 13 19
6 8 13
10 15 6
5 7 5
8 10 17
11 14 19
1 3 9
17 20 18
22 2 10
19 23 11
22 2 6
1 5 6
5 10 15
16 19 4
6 9 8
7 10 11
22 0 13
20 1 18
10 11 16
21 1 13
14 17 5
6 8 18
21 1 12
4 8 6
5 8 17
14 18 5
6 10 6
6 11 19
0 3 3
3 6 18
9 13 16
2 5 11
6 11 19
5 10 14
8 13 16
12 15 12
18 21 8
14 17 9
2 6 19
22 1 7
5 9 18
3 5 14
16 19 19
4 7 16
23 3 12
5 8 3
4 6 13
11 14 15
21 0 11
2 4 16
22 0 1
9 13 4
5 8 8
7 10 12
20 22 7
17 19 4
20 0 17
8 10 5
23 2 3
15 19 13
4 8 6
8 10 17
13 17 3
23 2 11
15 17 4
2 4 15
8 12 18
23 4 8
1 4 12
16 21 9
16 20 11
2 5 2
2 6 3
16 19 13
15 19 5
23 2 10
13 15 14
4 7 19
20 23 12
23 1 18
19 22 3
4 6 6
22 1 9
6 9 2
23 3 19
11 12 15
21 0 18
4 7 2
16 21 17
7 10 4
16 18 10
1 4 5
3 6 8
15 18 18
11 13 4
22 2 10
6 9 16
21 0 18
12 15 1
22 1 9
7 8 6
10 15 19
11 14 7
16 20 16
5 7 15
8 10 6
12 14 11
7 11 15
23 1 14
8 12 17
22 2 15
19 22 13
5 7 4
19 22 15
17 19 10
17 19 5
20 22 19
5 7 9
17 19 2
1 4 6
12 15 1
0 2 4
7 10 13
18 22 10
11 16 5
3 4 18
18 22 2
11 15 7
11 13 17
8 11 7
1 2 18
21 1 4
14 18 15
2 5 11
12 16 5
1 3 3
5 8 3
6 7 15
21 0 6
19 21 1
22 1 6
2 5 17
20 23 5
19 22 5
11 15 1
2 4 15
20 23 15
17 22 2
14 15 8
6 10 5
10 12 11
5 8 10
9 11 13
15 17 1
12 15 6
7 11 16
3 6 7
7 10 11
12 14 14
11 13 11
9 12 7
18 20 17
9 13 4
17 19 17
19 22 18
11 15 1
18 21 16
4 8 2
3 5 9
10 13 15
12 15 14
1 5 11
12 14 2
12 14 9
21 23 11
4 7 15
7 10 9
18 23 5
23 3 6
5 7 12
21 23 17
21 23 4
11 13 15
12 17 11
10 14 16
23 5 2
23 2 12
12 16 15
22 1 14
5 9 18
13 17 19
9 9 6
5 9 19
3 6 12
0 3 8
7 11 15
4 7 3
20 23 16
19 22 19
15 17 6
2 4 2
14 17 9
16 20 4
11 15 19
2 4 10
1 1 5
21 0 18
19 22 13
14 16 15
15 17 16
13 18 8
13 16 12
12 16 7
1 3 4
1 4 3
20 0 15
2 4 8
12 16 5
12 16 13
22 1 4
17 21 17
15 18 5
21 1 17
19 23 12
4 7 5
18 21 1
19 21 8
21 0 13
12 15 18
16 18 11
4 7 12
19 21 10
12 17 1
10 13 4
2 6 4
7 11 12
7 9 15
12 14 12
18 21 6
22 0 17
9 14 14
3 6 9
6 9 3
16 20 16
15 19 2
4 8 1
6 9 9
1 5 4
23 0 15
2 5 6
15 18 7
4 7 7
8 11 8
16 20 18
6 10 16
1 3 9
21 1 19
6 7 19
19 22 5
16 18 18
3 6 14
7 11 17
10 12 8
8 11 11
15 16 2
3 6 13
8 12 3
5 7 7
5 9 15
15 17 5
22 1 3
4 9 19
7 8 13
12 15 14
23 1 11
15 18 13
16 18 16
16 19 11
14 17 6
16 18 7
12 14 4
13 14 19
12 14 8
7 11 19
7 9 9
0 2 14
10 12 15
18 21 11
6 9 10
16 19 1
7 11 19
16 21 7
2 5 2
18 20 8
19 23 17
2 5 19
9 10 16
19 23 2
10 13 10
19 21 7
23 3 5
3 5 7
12 14 6
6 8 10
10 13 19
13 15 6
16 20 5
21 0 2
13 15 15
16 19 18
22 1 12
16 19 11
2 4 13
14 17 10
0 1 3
4 5 9
9 13 11
9 13 5
3 6 13
12 15 17
23 2 6
1 5 14
0 2 19
11 14 7
19 21 4
23 23 12
7 10 14
1 4 14
0 2 14
0 3 2
9 12 17
2 5 19
8 12 19
23 3 16
9 13 4
7 9 17
21 0 7
3 7 5
15 19 1
4 8 7
12 15 1
10 13 9
8 11 12
2 4 19
16 19 4
11 14 12
11 14 2
15 18 16
3 4 12
10 14 15
17 20 16
23 1 18
1 1 19
22 2 15
15 18 9
6 10 16
13 17 13
1 6 13
1 3 11
11 14 7
9 12 9
11 14 17
22 22 2
8 10 10
13 14 18
20 1 9
11 15 5
23 1 3
12 15 17
21 23 9
9 13 3
17 20 5
7 8 13
7 10 10
11 14 5
17 19 4
0 3 14
9 11 14
19 21 12
19 21 3
12 15 18
12 15 15
1 4 3
20 23 10
6 6 10
1 4 10
4 7 18
0 1 11
0 2 12
4 10 17
2 4 6
21 1 2
17 21 5
4 7 7
11 15 7
20 1 15
23 1 18
20 0 17
6 9 10
22 2 18
16 18 14
3 6 19
4 5 12
0 3 17
3 5 13
0 5 3
9 13 13
12 15 3
10 14 10
22 1 16
16 19 10
1 5 9
23 2 16
8 13 6
19 21 4
3 6 10
13 16 12
8 12 5
12 15 9
6 9 13
19 21 3
12 14 12
16 20 18
20 0 11
1 6 3
16 19 2
2 4 2
13 15 6
8 10 7
22 2 13
5 9 4
14 17 19
0 2 6
3 5 2
21 0 12
4 6 15
21 23 2
7 10 12
4 8 3
5 10 8
18 21 16
23 1 7
5 8 16
3 5 9
21 0 16
0 2 9
22 1 16
0 4 11
19 23 9
23 1 14
20 0 14
10 14 16
13 16 19
1 4 10
12 15 17
19 20 4
13 16 9
2 4 17
11 14 2
18 20 11
8 13 16
10 13 16
1 5 17
19 22 15
8 11 9
8 11 1
18 23 7
21 0 1
6 9 5
18 20 1
9 13 1
7 9 1
19 22 11
20 0 13
20 23 17
2 4 7
12 15 3
14 17 2
7 10 12
8 9 12
1 4 5
4 7 15
22 3 10
17 19 13
13 16 2
21 2 15
9 12 2
21 23 16
6 8 11
2 4 9
4 7 19
2 5 4
19 22 18
13 16 13
8 12 6
5 5 13
4 7 3
17 19 14
23 1 3
3 8 13
23 4 11
3 4 17
11 15 9
9 12 14
11 13 13
12 14 7
12 16 6
20 0 13
1 4 5
14 17 5
6 9 9
0 3 1
21 1 8
17 21 7
14 16 14
17 21 2
23 2 3
8 11 8
18 21 13
19 21 18
7 10 3
2 5 8
17 20 18
18 19 1
22 1 10
3 4 19
17 20 2
2 6 6
0 2 12
12 16 17
8 11 18
21 0 14
9 12 3
10 13 18
22 1 15
1 4 10
8 10 6
11 14 18
21 0 8
23 2 4
16 19 5
6 9 13
6 9 7
7 11 9
2 6 14
2 5 11
2 4 18
1 4 3
3 5 19
19 22 1
18 22 18
3 5 8
11 15 12
7 10 4
19 21 9
