1100 12
2 4 6 6 1 10 5 8 10 7 10 8 
12 16 5
8 11 9
4 8 5
3 5 7
13 16 5
20 23 5
2 5 10
13 15 7
17 20 5
19 0 2
2 6 9
5 7 8
16 20 3
20 0 7
16 19 6
23 3 5
8 11 4
10 12 4
23 3 1
21 0 7
6 10 11
11 13 12
14 17 9
0 2 2
2 7 6
15 18 9
14 17 4
12 15 10
12 15 10
1 5 10
19 0 3
19 21 4
19 23 6
4 7 12
1 3 12
3 6 6
7 10 4
21 0 7
18 20 11
3 6 5
12 13 1
16 21 12
0 4 8
3 6 5
4 8 3
6 11 10
14 17 6
4 6 9
3 6 2
20 23 8
20 22 2
9 11 11
3 5 11
18 22 12
8 11 10
3 4 5
22 0 5
5 7 6
16 19 8
6 7 7
9 12 7
7 10 5
21 1 10
3 7 2
12 15 11
22 0 1
15 16 11
6 9 5
21 0 9
4 7 8
17 20 9
6 9 10
7 9 9
21 0 8
9 12 4
13 17 2
23 1 2
16 19 11
7 11 2
13 16 9
21 0 4
18 21 3
21 0 12
23 2 3
11 14 9
16 19 3
10 13 5
23 3 5
3 6 9
3 5 7
17 21 7
21 2 3
21 0 2
8 11 12
23 2 11
4 7 7
21 0 4
19 22 4
4 6 11
12 13 3
13 17 7
17 20 11
1 2 11
18 20 6
6 7 11
20 22 9
6 11 10
17 19 4
9 12 8
0 2 11
6 10 8
17 18 6
21 0 4
3 6 7
6 11 4
0 3 5
23 3 8
2 6 2
21 23 7
9 13 1
6 8 10
4 6 1
4 7 8
17 18 6
0 5 8
3 5 11
21 0 6
22 1 4
10 11 2
17 21 11
7 9 2
18 21 7
22 1 2
4 7 8
16 18 8
4 8 9
7 9 2
5 8 9
18 23 4
16 19 12
12 16 2
10 15 1
9 13 3
15 20 1
21 0 2
8 10 6
20 1 9
6 9 7
20 23 4
10 12 3
14 18 9
21 0 4
1 5 4
15 17 10
12 16 10
11 13 1
21 23 2
17 19 4
17 20 10
21 0 10
15 17 3
10 14 6
21 0 3
1 2 12
23 2 4
11 14 3
22 1 6
13 17 8
8 10 4
5 5 12
9 12 12
20 21 10
9 10 2
20 0 6
11 15 5
13 17 6
11 13 2
17 23 3
8 10 4
9 13 7
20 23 4
5 6 6
22 1 9
1 3 8
9 12 10
15 17 10
0 2 11
3 9 11
11 14 9
17 20 5
12 16 7
6 8 12
1 4 8
15 19 5
9 10 1
0 3 8
12 14 3
11 14 11
3 5 6
13 16 5
18 22 2
21 1 5
4 7 2
10 14 3
3 7 5
10 14 4
14 17 2
15 20 11
17 19 4
13 16 1
23 2 9
6 11 10
13 16 7
19 0 6
14 18 12
13 16 10
8 11 1
20 21 10
16 17 9
1 4 8
23 2 7
21 0 12
21 0 12
8 10 8
4 7 8
14 18 3
13 17 2
17 21 5
5 9 5
14 16 8
18 20 5
5 8 11
13 15 7
2 6 11
4 6 10
13 14 11
10 13 4
21 0 6
13 17 6
11 13 3
1 5 12
17 21 8
22 2 9
17 22 5
23 2 10
21 23 11
16 20 5
3 4 3
12 15 5
3 6 12
7 10 2
20 0 6
8 12 1
5 9 4
8 11 5
8 9 5
14 17 7
21 0 9
14 18 6
23 4 3
20 23 5
16 20 6
7 9 3
12 15 1
12 16 11
22 1 6
19 22 1
11 14 2
7 12 2
8 12 1
20 22 9
22 1 7
23 2 3
14 19 3
2 5 9
2 5 1
16 19 3
0 4 5
6 7 12
23 3 10
21 0 6
9 13 8
5 8 5
20 23 10
8 11 2
14 16 11
3 6 8
12 15 5
23 1 5
2 6 6
15 19 9
7 10 6
19 22 7
5 7 9
1 4 2
19 22 8
17 18 8
18 20 9
5 7 4
16 17 5
16 19 6
3 7 12
16 21 8
10 13 11
5 9 12
9 14 5
19 22 8
14 19 11
19 22 11
19 23 1
2 5 1
14 16 10
8 12 4
21 0 11
4 7 12
5 8 10
1 4 8
21 1 4
13 15 8
0 2 2
10 13 9
11 16 11
22 2 8
19 0 9
16 20 2
0 2 9
15 18 10
4 9 2
10 13 9
5 8 7
14 18 1
16 18 3
0 2 10
15 18 5
17 20 6
19 23 8
1 3 4
4 6 2
8 8 1
3 6 1
10 12 2
20 0 6
14 18 2
9 12 11
21 23 7
6 9 7
8 11 9
11 14 7
3 6 11
16 19 1
23 1 10
7 10 9
0 2 3
10 13 1
10 13 4
2 4 2
7 11 12
17 21 1
11 14 6
14 18 7
19 23 3
14 16 2
1 5 5
6 9 9
13 16 11
5 8 2
6 8 11
21 0 2
2 5 1
10 14 11
9 12 8
7 10 1
20 23 12
4 7 7
22 0 8
5 7 7
15 16 3
9 12 7
14 17 4
16 19 10
4 7 2
19 20 8
3 6 11
6 10 4
3 8 8
17 19 9
14 17 2
12 15 7
22 2 1
2 7 9
17 19 5
2 5 6
18 20 5
10 13 10
18 22 8
4 10 1
15 19 4
2 6 12
22 0 1
11 13 6
12 14 4
2 6 6
7 10 11
6 9 9
1 4 3
19 19 5
5 9 5
1 4 1
1 3 12
16 19 7
0 3 10
23 2 3
15 18 4
18 21 9
17 20 2
13 16 11
12 16 2
19 21 10
15 16 8
3 7 4
6 9 5
15 18 8
11 13 2
9 11 9
3 4 10
9 12 7
0 2 11
2 4 12
4 7 11
9 13 10
16 19 3
20 22 4
10 14 8
10 13 3
23 4 11
19 22 1
8 11 12
21 0 11
4 6 10
4 8 7
7 9 3
8 11 6
13 18 1
3 8 11
6 7 4
6 8 4
4 7 9
9 11 12
2 5 11
16 18 2
10 13 2
5 8 2
16 19 3
0 1 10
10 12 1
3 5 10
0 3 7
23 2 9
20 0 6
16 18 6
5 7 5
7 10 7
21 1 7
18 21 3
22 2 8
22 0 2
11 14 4
10 13 4
14 17 7
3 7 7
15 18 6
3 6 6
2 6 6
11 13 8
15 18 8
6 9 2
2 3 3
1 5 6
18 21 4
3 6 4
3 5 9
17 20 7
5 9 10
15 19 5
17 20 11
13 15 11
7 11 6
20 0 11
6 10 3
2 6 2
20 0 9
7 10 4
1 4 1
3 5 11
17 19 7
0 2 3
23 2 12
10 14 1
12 15 3
19 21 2
19 23 4
18 22 7
11 15 7
10 13 1
8 12 6
3 8 4
18 22 6
16 20 2
16 19 5
0 2 12
9 13 3
14 16 1
15 19 7
1 3 9
5 9 7
17 18 7
19 22 3
13 15 11
2 4 10
17 17 7
23 2 5
17 20 9
22 1 3
21 1 11
15 17 11
8 11 9
23 3 3
8 10 11
0 2 7
5 7 8
0 0 7
11 15 11
1 5 1
13 17 8
14 16 8
18 21 10
19 21 1
14 16 6
4 6 1
13 16 2
20 22 11
23 1 10
12 15 8
4 7 2
6 10 10
16 19 4
4 7 11
0 2 10
3 5 5
16 18 10
6 10 7
9 13 3
10 14 4
17 18 2
17 20 6
4 8 10
16 18 1
7 8 11
1 2 1
8 10 6
0 2 8
23 2 1
14 17 9
9 12 1
2 5 8
2 5 4
21 23 11
5 8 7
21 0 4
8 11 2
9 13 2
1 3 11
2 5 7
21 3 11
14 15 10
11 15 12
2 4 8
2 4 2
16 18 12
15 18 12
5 8 5
14 15 6
12 16 7
5 8 4
22 1 5
8 12 10
15 18 12
5 9 4
13 18 8
5 9 10
17 19 4
13 15 7
4 6 4
15 18 10
7 9 6
2 6 5
21 0 3
13 16 11
4 6 6
12 16 12
15 18 6
5 9 7
13 16 5
14 20 8
1 4 4
17 18 9
0 1 1
8 10 1
17 19 8
16 19 11
7 9 9
1 2 6
3 7 6
8 10 6
6 9 6
22 1 6
9 12 11
23 3 7
0 1 3
3 6 5
16 19 8
4 7 8
2 6 10
19 22 11
18 21 8
15 16 7
21 22 2
11 13 4
19 21 1
10 13 4
16 19 12
18 19 11
4 5 7
19 23 1
15 17 10
11 13 3
20 23 10
18 22 5
5 7 10
3 7 12
14 17 4
7 9 8
15 18 4
13 16 4
21 1 4
14 16 2
22 1 9
10 12 12
1 3 3
5 11 6
22 3 1
1 5 8
9 12 5
15 19 11
12 15 12
18 21 7
19 21 6
5 8 11
19 23 2
11 13 7
7 11 3
7 7 12
19 22 4
21 23 2
4 5 9
23 2 8
7 12 10
9 12 8
2 5 4
0 2 10
12 16 12
6 11 4
20 23 12
18 22 9
1 4 4
23 2 8
8 12 1
18 20 12
13 18 8
0 2 8
22 0 7
21 1 8
10 12 11
13 17 7
7 10 11
21 2 11
18 20 12
5 9 5
6 9 1
0 4 4
3 7 11
6 9 3
5 9 10
4 8 10
15 20 7
12 17 7
23 3 4
23 3 5
19 22 8
9 11 8
7 10 10
23 1 7
9 12 4
19 21 8
16 18 7
6 7 10
23 2 11
21 0 6
8 12 5
18 21 4
7 10 11
10 15 2
8 11 12
6 9 6
2 5 11
5 7 10
6 9 5
0 3 7
15 21 9
0 4 2
23 2 1
10 13 4
9 11 2
19 22 10
5 6 5
1 4 4
4 8 12
21 23 1
6 7 2
10 13 7
6 10 12
0 4 9
7 10 1
23 2 4
3 8 11
17 18 8
15 16 7
23 3 1
9 11 3
22 1 7
0 4 10
18 21 6
22 1 6
13 16 6
15 16 10
15 19 1
4 7 5
4 7 8
3 7 4
10 13 9
7 11 9
9 13 9
9 11 12
9 11 7
9 13 1
21 22 5
3 5 6
21 0 1
23 3 1
16 17 9
17 19 12
13 15 10
21 0 12
19 23 1
14 15 1
16 19 4
22 2 7
20 22 11
8 11 7
22 1 5
1 4 6
1 4 4
1 3 8
19 22 3
1 3 9
16 20 2
1 5 8
20 23 9
10 14 2
21 0 12
10 12 6
12 15 9
0 3 10
17 19 1
16 19 11
9 13 3
2 5 12
8 11 11
15 18 11
9 12 11
16 19 12
5 7 1
6 7 3
22 1 9
2 6 4
18 21 6
18 20 10
0 3 8
13 16 9
3 6 2
10 14 7
11 15 11
14 18 12
4 6 3
1 3 10
6 9 3
13 17 1
12 15 3
21 0 2
0 3 3
13 15 7
16 19 9
14 17 9
17 21 1
21 2 8
14 18 4
0 3 12
23 3 1
17 20 3
23 0 2
3 7 11
5 10 8
14 19 12
23 2 5
9 12 5
11 16 4
5 9 3
9 12 9
14 18 10
13 16 9
2 5 5
9 11 9
15 17 4
10 14 6
13 18 3
1 4 3
8 11 9
23 1 11
14 17 7
15 18 11
16 20 12
6 9 1
7 11 7
9 11 2
20 0 5
22 1 1
2 5 12
21 0 12
16 19 7
11 15 5
7 10 6
7 9 5
14 17 3
23 2 6
11 15 5
18 20 10
1 4 4
18 21 2
15 18 9
0 5 10
5 8 4
9 10 6
22 1 11
6 8 11
0 3 4
6 10 9
5 10 6
9 11 11
10 13 7
11 15 4
23 2 3
5 8 8
1 5 11
18 22 7
2 5 8
19 22 4
6 9 11
2 4 8
12 15 1
13 16 12
22 2 5
20 22 7
5 8 1
16 19 8
21 0 11
17 21 8
4 5 1
8 13 10
9 11 8
14 18 3
12 17 6
21 1 3
10 14 6
3 6 5
0 3 10
12 15 4
15 18 5
1 5 12
23 4 2
9 12 6
5 7 4
2 6 11
12 16 10
12 15 9
20 1 5
1 6 8
0 3 9
8 11 1
18 23 2
15 20 7
13 15 5
0 4 8
15 18 7
15 18 5
15 18 12
15 19 3
19 23 10
4 8 2
4 8 7
16 19 3
17 21 4
10 13 1
16 19 9
10 13 3
0 4 11
21 23 8
23 2 2
21 0 4
23 1 1
2 4 6
1 3 10
23 1 2
13 15 4
15 19 3
0 5 6
3 7 5
1 3 12
1 3 1
16 18 2
22 23 3
5 7 6
9 12 10
15 18 11
17 20 3
2 6 3
9 13 9
23 1 6
10 14 9
15 18 4
14 18 5
17 19 1
17 20 11
3 6 6
21 22 5
12 14 7
0 4 12
18 21 6
17 20 3
0 0 5
16 19 9
23 3 12
22 0 4
2 5 1
16 20 1
14 17 12
4 6 6
1 2 1
17 21 7
23 3 4
8 11 7
19 22 5
14 20 5
9 13 11
4 7 10
19 21 11
16 19 12
19 23 4
6 10 12
0 3 11
21 0 11
9 10 12
8 10 1
20 23 10
3 8 12
20 0 5
22 0 12
2 6 11
13 14 8
23 2 4
17 21 1
12 16 5
4 9 5
23 3 6
5 9 4
0 4 6
21 23 12
10 12 6
17 21 9
22 0 4
4 5 6
7 10 9
19 0 5
9 13 8
18 22 6
4 7 3
9 11 8
22 1 1
14 17 8
11 15 4
4 6 2
4 6 4
9 14 9
7 10 5
1 5 12
20 22 8
11 13 1
19 20 7
1 4 12
1 3 11
13 16 12
18 20 2
20 0 2
2 6 12
7 11 6
12 15 7
3 7 2
1 4 10
10 12 7
20 23 11
23 4 2
15 18 7
2 4 3
6 8 9
20 21 10
10 13 1
7 12 11
19 22 5
9 14 9
10 12 2
21 0 5
7 11 11
6 8 8
9 12 8
2 6 5
4 6 12
11 16 1
4 7 5
18 20 5
4 6 7
20 23 6
20 1 6
2 5 6
16 18 6
7 10 2
8 10 1
22 2 5
22 0 4
3 6 11
18 21 5
8 10 4
6 9 7
1 1 10
16 19 3
22 1 12
15 19 8
10 12 1
16 20 12
13 17 12
11 14 4
18 22 2
18 19 1
16 18 11
0 3 10
20 22 4
2 7 4
22 0 5
21 0 11
5 8 12
13 15 5
12 13 4
4 5 1
21 0 1
21 23 5
0 3 12
6 7 5
5 8 5
15 16 7
16 19 10
6 9 12
5 8 7
10 13 12
11 15 12
11 12 12
10 14 2
12 12 9
8 11 6
15 18 9
6 10 9
18 21 8
3 6 11
