200 17
1 2 10 3 7 1 8 5 6 10 6 10 8 1 3 5 7 
21 0 2
13 15 17
12 14 11
20 23 5
10 14 12
3 7 2
15 18 3
9 12 15
20 23 15
1 4 3
2 4 14
8 11 1
8 11 11
23 3 9
3 7 8
22 1 8
7 9 12
20 23 15
7 9 8
10 13 3
3 5 17
9 13 11
8 12 1
1 3 13
11 14 5
15 19 7
14 18 17
19 21 16
22 1 8
5 8 12
23 1 12
5 7 4
20 23 16
7 11 17
15 18 7
22 0 3
4 8 10
12 15 13
3 6 3
8 10 12
11 16 4
3 7 17
9 13 16
10 14 9
17 20 16
20 23 12
12 16 7
5 9 1
11 15 4
3 6 8
7 9 2
6 9 4
18 22 10
6 9 10
4 9 13
17 21 10
19 21 13
16 19 10
17 21 4
3 7 3
17 20 14
9 12 5
2 7 17
6 10 12
20 23 3
3 6 7
22 1 9
11 12 15
2 4 5
10 13 10
6 10 10
16 20 9
8 9 6
19 0 15
12 14 9
5 8 14
11 13 3
4 7 10
19 21 2
15 18 5
11 13 16
7 9 6
21 0 3
1 5 8
15 18 12
6 9 8
15 18 13
22 1 14
5 7 14
13 15 16
20 23 7
13 17 8
1 5 3
13 15 17
17 19 13
15 19 13
17 20 17
13 16 12
18 19 2
10 12 7
20 1 1
15 19 17
14 18 7
7 10 9
15 19 9
2 5 16
16 20 10
20 22 9
7 11 15
1 4 16
1 6 10
18 22 13
19 23 12
17 19 2
22 0 2
1 5 11
10 12 8
7 10 6
10 13 17
1 3 9
4 7 11
14 17 8
4 7 13
13 17 11
13 15 6
19 22 8
5 8 17
16 19 16
7 9 16
13 16 10
13 16 12
2 4 15
6 8 14
1 3 16
6 8 8
14 19 14
14 17 13
17 20 17
0 4 17
4 6 6
6 10 1
6 11 13
16 20 2
3 8 9
1 5 7
5 7 17
8 13 5
4 6 3
9 11 14
15 19 1
13 16 15
17 20 12
1 4 7
5 10 5
10 12 4
19 22 4
4 7 17
9 14 4
0 4 12
7 10 16
1 5 2
22 1 4
23 3 1
12 14 14
23 0 15
2 6 7
8 10 8
10 12 15
14 16 14
0 3 7
3 5 3
17 19 8
1 4 16
6 8 7
16 19 14
2 3 2
1 4 15
0 1 17
5 8 11
4 6 3
5 9 1
2 4 12
11 14 4
18 20 6
14 18 15
8 10 1
8 10 14
12 18 3
0 2 13
3 7 16
3 7 5
6 9 8
23 1 4
23 3 13
1 3 12
17 21 6
14 17 4
6 8 15
16 20 8
20 22 6
