3150 17
3 6 2 4 5 1 3 5 4 5 1 5 6 6 10 7 1 
22 1 14
20 23 11
1 5 7
7 10 13
22 1 3
23 1 14
3 5 1
19 23 3
14 18 9
0 4 14
7 9 17
3 5 2
8 9 16
4 7 13
23 2 10
20 22 13
18 21 2
16 18 9
2 5 10
22 2 9
0 3 5
11 14 13
19 0 15
2 5 10
4 9 13
19 21 11
9 14 4
18 23 7
21 1 3
11 14 11
14 16 13
23 2 4
16 20 8
12 13 5
23 2 2
12 14 8
22 1 6
9 11 17
18 21 2
17 20 17
11 13 16
14 16 3
4 7 11
16 18 3
5 8 7
23 3 6
13 16 17
18 20 14
1 4 15
1 3 3
19 22 8
3 4 10
12 16 9
11 14 6
20 22 12
7 10 11
10 13 2
7 10 4
0 4 10
22 1 2
9 12 12
19 22 11
20 23 10
1 4 17
10 12 13
2 5 12
9 12 15
0 2 6
9 12 3
15 18 3
15 18 3
2 4 7
23 2 2
6 8 3
18 21 1
8 12 12
17 21 3
2 6 2
16 18 12
15 18 14
22 0 3
19 0 11
19 22 2
3 5 9
15 19 16
3 8 15
2 5 16
14 17 6
8 13 5
15 18 13
4 8 16
19 20 9
20 22 11
20 20 9
16 19 3
14 17 15
4 8 13
19 21 6
12 15 16
18 22 10
16 18 3
4 5 10
4 7 3
3 5 3
8 11 6
1 7 8
2 5 6
10 12 17
3 5 5
9 11 2
14 15 11
2 6 7
21 1 10
8 12 12
13 17 8
17 19 9
1 2 7
19 22 8
13 16 3
3 8 13
17 19 9
23 1 5
15 19 17
5 8 10
13 15 15
12 16 17
2 4 8
9 13 10
2 5 7
20 23 7
9 11 3
22 2 17
5 7 12
13 15 14
8 10 3
22 0 4
7 10 4
0 4 6
19 23 9
14 18 12
2 6 6
16 17 11
12 15 1
10 13 3
20 23 6
16 17 11
4 6 13
14 17 1
12 15 5
22 2 10
1 5 7
19 0 6
20 2 9
2 5 16
22 2 12
9 11 1
1 5 4
9 11 1
14 16 10
0 2 2
5 7 14
13 16 14
12 15 15
20 22 8
21 23 3
3 6 9
6 11 8
8 11 10
16 18 10
2 6 16
16 19 12
14 16 2
22 1 8
22 1 15
21 22 13
17 20 6
16 18 6
22 1 16
18 23 5
8 11 2
0 2 1
4 6 3
21 0 10
2 3 12
23 1 6
18 19 15
12 15 5
15 18 1
23 5 11
14 18 13
15 18 3
13 16 9
15 18 16
0 4 14
7 10 5
14 17 2
12 17 10
8 11 3
10 13 14
21 1 12
14 15 1
0 2 15
23 2 5
12 15 15
3 6 4
12 15 8
6 10 4
7 11 13
9 13 10
5 6 11
3 4 15
2 5 4
10 13 2
7 10 6
16 19 5
7 10 17
6 9 1
7 8 7
10 14 15
12 15 5
9 13 5
4 7 13
7 10 3
19 22 5
20 22 5
6 10 1
11 14 17
0 3 3
8 10 2
10 12 14
23 3 5
19 21 12
18 21 14
22 3 10
16 19 9
5 9 15
10 14 14
8 12 5
9 12 16
4 6 5
7 9 3
7 9 10
20 0 12
4 7 15
7 10 7
1 3 16
12 13 16
7 8 4
4 7 12
22 0 14
20 23 16
10 15 10
14 18 6
20 0 14
15 16 10
7 10 4
4 8 14
16 19 2
23 2 12
0 3 4
16 19 10
0 4 6
8 10 5
5 7 15
12 15 3
18 22 8
8 12 8
10 12 16
10 13 4
1 5 6
18 20 7
1 3 17
0 4 16
5 8 14
5 7 12
23 2 10
16 18 2
20 0 3
8 11 2
12 14 11
6 11 12
3 6 4
15 17 1
13 17 17
13 16 13
15 18 2
13 15 13
19 22 17
18 20 8
5 9 9
16 19 4
1 2 9
3 6 16
2 5 8
11 17 17
15 17 15
22 2 3
6 9 8
4 5 2
12 14 17
1 3 10
9 12 9
16 20 2
1 6 14
10 12 10
21 0 2
9 10 16
22 3 17
7 12 5
7 9 6
10 13 6
0 3 17
23 2 4
16 18 2
8 12 17
13 16 7
2 4 8
10 14 10
2 5 6
11 14 14
11 13 4
17 20 4
8 10 11
6 10 12
0 2 17
7 10 11
0 5 16
19 21 1
4 8 7
13 18 7
1 2 15
17 19 8
22 0 5
19 22 12
9 11 12
5 7 16
15 17 15
6 11 6
22 0 17
12 14 4
16 19 4
19 23 12
11 14 7
23 3 1
16 20 3
20 0 7
14 19 15
15 19 14
21 2 8
9 11 10
21 0 17
10 13 11
1 3 13
10 13 11
17 20 7
10 14 4
1 4 3
14 17 13
6 10 3
17 21 4
5 7 7
2 4 14
10 14 10
14 16 17
13 15 16
2 7 1
23 3 10
12 14 1
13 18 13
15 16 2
6 9 9
14 17 9
23 2 11
15 18 6
23 2 13
21 23 8
1 4 6
5 7 17
20 21 4
1 3 1
2 7 11
7 10 14
10 13 5
15 17 13
1 5 17
6 9 7
19 22 17
19 0 13
17 20 9
17 21 8
7 9 13
7 10 5
5 9 12
7 10 11
12 15 6
21 23 1
14 17 6
21 23 14
23 2 7
4 7 7
22 0 2
4 8 2
6 10 17
0 3 15
14 17 15
2 5 17
4 6 4
18 22 16
18 20 13
5 8 7
21 0 9
21 1 2
12 16 15
9 13 2
23 0 2
5 9 13
4 7 4
11 14 10
15 21 16
13 16 9
21 0 8
19 23 12
18 20 15
9 12 10
8 11 8
11 15 9
7 10 10
5 7 1
4 6 4
11 14 7
13 16 2
4 7 1
1 4 5
7 11 13
18 20 5
8 9 2
7 10 9
18 20 2
22 23 8
10 15 13
0 4 7
5 9 14
18 21 4
5 8 8
11 14 8
15 17 14
5 9 9
9 12 8
4 8 7
22 0 6
3 7 8
11 14 16
22 1 6
1 4 17
21 0 17
11 14 12
18 19 2
21 23 9
2 5 1
17 21 5
5 9 13
21 0 11
11 16 16
6 9 10
15 18 11
8 10 13
9 11 3
3 5 11
14 18 4
20 22 2
17 22 2
23 3 1
10 13 14
0 3 12
20 22 10
9 11 14
1 5 13
9 11 15
22 2 14
5 9 10
13 17 12
7 10 11
18 21 7
0 1 3
6 12 2
19 0 15
22 2 6
18 21 5
5 9 9
4 8 9
0 4 14
16 20 15
12 15 4
20 22 4
17 20 1
15 19 4
1 3 8
4 8 1
5 7 8
0 2 4
15 19 1
7 9 12
1 5 1
16 20 7
14 18 12
21 0 13
10 13 6
1 5 17
2 3 13
13 16 10
22 1 1
13 16 4
4 8 17
1 4 2
7 10 14
7 9 5
20 21 14
18 20 3
23 1 5
6 10 9
5 8 1
12 16 14
12 16 5
2 5 5
17 20 3
5 9 17
5 7 7
14 17 3
19 21 15
16 20 4
11 14 16
20 21 16
17 19 6
9 10 6
7 9 3
4 8 6
22 1 14
2 4 11
13 16 10
18 22 11
3 5 16
9 11 2
14 17 15
23 2 12
16 19 5
12 14 9
12 15 16
10 14 9
23 2 7
8 10 12
3 6 2
9 12 12
11 14 6
1 3 5
0 4 9
23 1 10
1 4 9
7 9 10
20 23 10
12 15 14
3 5 7
18 21 11
14 18 14
0 3 10
14 15 17
0 2 8
16 19 12
20 23 15
6 9 5
9 13 3
16 20 9
17 19 4
20 23 17
9 11 16
8 12 13
13 16 10
5 8 1
16 19 11
9 14 4
23 2 4
19 23 9
9 13 15
21 1 11
23 1 13
12 16 14
1 5 1
7 11 11
16 20 2
20 23 7
19 22 8
23 1 9
7 12 9
5 8 7
2 6 15
12 16 8
0 4 12
13 15 6
4 9 12
4 7 2
14 15 3
21 0 8
0 3 4
7 9 8
1 5 3
11 14 9
2 6 8
0 3 16
2 5 14
23 1 1
20 23 6
5 9 5
4 6 11
20 23 15
18 20 7
15 17 6
20 23 12
11 15 7
3 7 5
5 7 14
9 10 7
1 5 13
8 12 7
13 15 2
23 2 2
21 1 1
22 0 14
13 16 13
9 13 6
5 8 14
17 21 9
5 8 4
16 19 17
9 11 5
7 10 17
12 15 14
15 18 17
4 7 15
14 17 17
1 3 14
17 20 10
17 22 13
2 4 5
1 5 13
4 8 6
9 12 5
2 5 6
15 20 9
22 1 12
14 18 13
23 0 7
6 9 12
15 19 16
0 6 2
18 21 11
13 16 11
11 15 12
21 23 16
16 18 15
14 17 13
6 8 14
0 4 13
6 10 14
10 13 11
12 16 1
0 4 7
12 17 8
9 11 9
3 5 17
2 6 11
19 22 3
22 2 14
18 20 9
21 0 15
17 20 2
3 7 2
16 19 5
6 9 7
6 10 15
2 4 2
13 16 13
3 7 16
6 9 15
21 1 3
23 2 5
6 9 16
21 0 13
4 6 4
16 20 1
5 9 15
23 2 13
18 21 17
9 12 10
2 4 2
8 12 5
9 15 12
0 2 5
10 14 13
19 23 4
21 23 2
1 5 11
6 10 4
19 21 15
16 20 10
6 9 11
8 12 5
6 11 17
11 15 12
10 12 7
21 1 8
5 7 5
12 17 4
11 13 2
3 5 3
23 2 8
1 3 10
1 3 4
12 16 1
16 19 16
16 17 16
6 10 9
1 3 14
13 16 1
4 7 9
9 11 6
18 20 9
23 1 4
8 10 1
3 6 17
1 4 9
15 19 16
5 7 17
13 16 4
14 18 11
17 21 9
5 9 16
15 19 9
7 10 9
7 11 4
11 14 2
5 8 13
4 7 12
11 14 15
17 20 7
7 10 2
17 21 7
6 8 13
23 2 7
9 10 15
17 21 8
16 18 1
7 12 17
7 12 3
4 8 5
7 11 4
22 2 5
1 5 2
1 4 11
2 6 17
21 22 5
13 15 16
19 0 4
17 21 13
0 3 6
2 6 6
8 12 16
18 20 9
21 22 9
3 6 1
13 14 4
3 6 7
17 20 7
16 19 3
2 5 2
21 22 15
21 22 2
12 15 13
22 1 16
7 9 1
12 16 2
18 22 8
3 6 16
13 17 16
9 10 13
12 15 2
11 14 1
14 18 17
8 12 17
14 17 7
17 20 17
6 9 10
23 2 1
7 10 15
21 1 12
2 4 11
11 13 13
20 23 16
6 8 10
11 12 16
22 1 8
1 4 1
15 17 2
2 4 6
14 16 15
8 11 15
15 17 7
16 18 10
1 5 9
10 14 10
5 8 16
3 7 6
19 20 13
17 20 7
18 22 8
19 1 13
18 20 15
17 19 4
1 4 9
11 15 6
1 4 16
8 11 7
21 0 5
10 12 13
3 7 12
14 19 13
7 12 15
8 13 5
19 22 11
14 17 4
5 8 11
20 21 5
1 4 16
15 18 17
1 4 8
9 13 6
18 22 3
9 12 6
18 23 11
21 23 8
20 0 7
6 9 10
4 6 9
11 14 15
22 2 6
3 6 13
1 4 10
0 4 3
6 10 12
5 9 7
4 5 16
6 8 10
0 4 12
9 11 14
3 6 4
12 16 9
16 18 17
5 9 11
7 11 4
23 3 17
10 15 17
23 1 15
9 12 4
20 22 5
12 14 8
10 13 4
10 12 16
22 1 8
20 22 9
17 19 4
11 13 15
22 0 17
2 3 13
21 23 13
12 16 4
2 5 14
14 18 4
12 16 7
13 15 3
0 2 17
7 10 6
17 20 2
10 12 6
2 5 10
6 7 14
22 23 9
19 22 14
13 16 11
4 7 4
9 13 16
19 23 8
13 15 14
3 7 13
21 0 7
2 4 12
0 2 12
11 15 7
8 11 2
6 9 13
5 7 3
3 5 8
1 3 10
15 18 11
19 20 13
20 0 4
0 4 5
7 10 3
21 22 7
3 6 1
22 1 12
4 8 2
1 4 6
15 18 3
8 10 16
0 2 4
21 1 9
1 6 2
18 19 8
9 13 7
16 19 14
22 23 8
1 3 12
14 18 5
20 21 8
23 2 5
13 16 9
13 16 8
9 13 2
12 13 7
22 0 1
6 8 7
2 5 1
1 5 14
15 15 8
6 9 2
3 6 2
18 20 7
6 8 6
23 2 14
16 19 13
4 9 8
4 6 1
21 0 10
0 3 7
4 5 3
23 3 11
14 18 8
0 3 5
9 14 10
21 1 10
5 7 13
6 8 16
12 16 13
8 12 8
18 22 14
6 8 16
4 7 3
21 0 16
17 20 7
11 15 6
2 4 8
6 8 1
12 16 2
20 0 7
16 19 7
9 14 2
7 10 4
1 4 6
18 19 7
8 11 6
1 5 7
15 17 17
15 18 9
23 4 8
9 12 6
13 16 4
10 14 7
17 20 5
18 21 3
14 17 16
14 17 2
2 4 14
23 3 9
15 17 14
4 7 10
23 2 11
10 13 9
15 17 5
22 1 14
0 2 2
14 18 5
15 17 2
2 7 12
8 12 3
19 21 2
16 19 1
11 13 7
22 0 1
14 18 14
20 22 10
3 5 17
9 12 4
12 15 9
5 8 17
1 4 6
19 22 17
8 11 9
17 21 11
11 14 1
3 5 8
11 14 14
6 8 12
2 4 5
7 8 16
0 4 17
13 15 12
23 2 17
19 23 8
0 3 12
10 15 10
2 5 8
22 2 8
9 14 16
10 13 17
21 22 5
7 10 4
3 4 2
18 22 11
22 1 1
5 9 3
22 1 1
1 3 2
6 7 13
14 19 1
14 17 12
17 21 7
19 21 14
5 8 3
13 18 15
5 6 3
7 9 3
4 7 2
14 16 11
18 22 3
3 6 12
18 22 12
8 12 17
15 18 14
9 12 1
11 14 2
1 5 16
17 21 10
15 19 10
18 21 6
10 12 8
18 20 4
4 5 13
7 10 2
15 20 2
5 9 14
0 3 11
10 14 3
2 5 1
20 0 12
12 14 13
11 13 12
4 6 14
20 21 7
10 13 14
10 11 2
9 11 4
14 17 5
22 1 7
6 8 6
12 15 6
4 8 3
18 22 4
23 1 8
4 7 8
21 22 4
5 7 8
10 13 10
16 20 12
5 7 11
17 21 11
23 4 16
2 2 5
9 12 8
1 4 4
20 22 11
19 22 3
3 6 17
12 15 11
20 21 11
23 2 1
21 1 2
19 22 1
5 7 1
14 15 2
18 20 2
11 13 5
8 9 9
17 21 1
4 7 16
7 11 1
23 4 9
8 12 11
15 19 8
1 5 8
3 6 6
2 5 4
12 14 16
12 16 2
15 19 2
15 20 7
14 16 3
17 19 3
11 14 16
12 16 17
23 1 4
3 5 7
4 5 3
4 7 15
7 9 7
7 12 7
2 4 9
6 11 9
8 10 12
20 22 6
12 14 10
6 7 13
4 7 12
11 14 10
18 22 15
15 18 9
15 18 12
5 8 11
0 2 12
10 11 5
21 23 2
12 16 8
0 4 6
23 3 16
16 19 13
11 15 3
19 21 1
13 15 1
3 7 8
2 6 13
11 15 15
4 8 9
0 2 1
10 14 2
7 9 5
4 8 11
4 8 6
20 0 9
7 9 9
19 20 11
18 20 8
14 17 17
3 5 15
18 20 8
21 1 11
9 12 15
9 13 9
13 16 7
9 12 4
15 19 13
0 4 3
22 3 9
16 20 16
4 5 9
9 13 3
14 18 3
8 11 10
4 8 4
20 0 4
16 18 12
7 11 7
19 23 11
20 23 15
23 2 9
14 18 13
7 11 14
16 19 4
23 4 13
9 13 8
9 12 12
15 18 16
0 5 5
1 4 17
21 23 9
7 9 1
16 20 7
22 23 3
22 2 8
20 21 16
15 19 14
3 7 7
23 3 15
20 21 11
15 18 9
15 18 7
14 18 15
1 3 1
14 18 7
9 10 8
20 21 6
6 9 1
1 4 9
5 7 13
20 23 9
17 21 10
6 10 17
9 10 17
11 15 1
13 16 2
4 8 16
15 18 12
19 23 5
13 15 1
17 21 10
4 8 8
14 15 9
7 11 6
16 18 3
17 21 1
20 23 3
5 9 10
16 20 1
20 22 5
9 14 4
11 15 15
11 14 3
8 10 12
20 23 13
5 7 16
1 5 17
11 14 10
8 10 17
21 0 7
14 16 13
4 8 6
12 16 2
19 22 17
3 6 15
17 20 1
20 22 12
9 10 15
12 15 12
21 0 15
12 14 16
6 8 15
3 6 1
14 16 10
19 22 3
8 11 5
6 8 17
10 13 6
6 9 15
4 5 11
21 23 4
16 18 9
20 23 17
18 20 12
16 19 14
15 19 8
10 13 14
13 16 8
10 13 10
16 20 16
1 4 17
11 15 11
11 16 16
19 22 13
12 15 12
10 12 9
12 16 5
21 0 1
14 18 10
7 12 16
5 6 4
14 16 17
11 14 3
4 9 15
3 5 5
22 0 9
13 14 11
21 0 2
4 8 4
15 19 5
4 7 15
3 5 14
13 16 2
12 15 9
7 12 10
8 11 1
2 4 11
17 20 3
9 14 11
16 21 15
8 12 15
15 19 15
8 10 10
11 13 10
22 1 1
13 16 17
19 22 2
9 12 10
14 15 17
21 0 10
0 4 12
9 13 13
0 3 3
9 14 1
4 8 9
17 19 7
2 5 7
5 7 11
11 14 6
9 12 12
8 12 15
23 1 7
19 21 3
14 17 3
12 15 15
0 3 8
2 5 17
7 10 13
19 22 5
7 12 16
10 13 8
10 14 12
8 9 6
15 18 17
1 4 5
11 15 8
22 2 11
23 3 17
19 21 17
7 11 10
1 7 10
13 16 3
19 23 16
2 5 14
11 14 9
9 11 7
21 23 5
10 13 9
16 18 4
23 2 14
19 21 17
21 23 11
5 9 11
4 7 3
4 7 10
6 9 16
1 8 11
12 15 5
4 6 10
18 19 10
7 10 5
10 12 3
17 20 3
2 6 17
18 22 1
5 8 1
23 1 14
8 9 13
5 9 12
18 22 4
15 21 5
19 23 14
23 3 7
1 4 3
3 7 9
9 12 2
7 9 3
11 15 16
8 11 15
14 16 10
4 5 12
14 16 9
7 10 16
12 14 16
7 8 10
13 16 9
21 23 3
5 8 4
20 0 14
17 20 13
15 17 8
22 0 14
2 5 13
16 19 4
23 3 17
23 1 11
2 5 6
6 10 13
20 0 14
16 18 2
20 1 3
22 0 1
0 3 15
5 9 10
16 19 14
15 17 11
9 13 10
13 16 12
7 11 5
13 16 7
16 21 3
11 13 1
19 23 13
18 20 2
16 20 7
12 16 12
7 9 11
20 23 17
18 20 12
10 12 12
14 17 10
22 3 15
17 20 9
19 0 9
7 9 5
3 7 13
19 21 7
7 9 10
16 19 11
11 13 2
7 10 2
18 22 4
4 8 2
7 10 1
23 1 7
20 0 14
5 8 3
17 20 11
21 1 14
8 12 6
22 1 7
7 13 15
6 9 6
7 11 2
16 19 1
9 11 17
5 9 10
16 21 11
8 11 7
5 8 16
5 9 16
17 19 17
5 9 3
13 15 2
7 10 2
1 6 10
23 2 4
9 13 4
3 7 11
12 15 13
1 4 3
8 13 5
4 8 3
2 4 8
12 15 16
9 12 10
0 3 2
5 8 3
6 11 8
19 23 8
2 7 2
11 15 15
10 13 11
8 10 3
0 3 5
11 15 5
0 4 17
4 7 7
13 16 2
14 16 15
7 11 7
14 14 16
2 7 4
10 12 14
19 22 4
17 21 4
17 22 14
14 17 17
8 10 1
11 13 9
12 13 5
4 5 4
8 13 6
20 22 15
15 16 16
4 7 13
14 19 10
10 12 7
6 8 1
10 12 4
0 4 7
14 18 1
20 22 17
1 4 7
21 22 7
14 17 12
12 16 14
3 7 16
11 13 14
10 15 3
4 6 17
13 15 15
4 7 14
12 15 6
1 4 3
23 2 13
1 4 15
17 20 12
0 3 9
10 15 11
3 7 3
19 21 12
23 3 3
18 22 2
22 0 9
2 4 10
4 9 13
1 5 13
3 5 6
0 2 1
16 21 13
5 8 6
7 10 10
5 10 3
7 10 4
19 20 17
8 13 6
9 13 12
10 13 3
21 1 8
6 8 2
21 1 8
13 16 3
4 5 8
8 12 17
23 0 13
8 13 3
20 23 13
9 13 15
10 12 6
16 19 10
2 6 5
7 10 13
7 7 2
15 20 16
0 2 16
1 3 10
21 1 5
13 16 3
13 16 16
0 3 4
16 19 17
12 16 5
23 4 13
17 19 12
21 0 15
21 22 13
18 22 3
18 21 2
1 4 7
4 7 1
10 14 8
8 12 13
6 10 2
23 2 6
12 15 5
22 23 15
7 9 17
4 8 17
14 17 1
12 15 9
23 4 11
0 4 2
21 1 15
12 15 9
19 21 2
17 19 8
15 20 2
5 9 2
21 0 2
17 21 13
16 20 5
16 20 16
18 22 8
3 5 14
20 0 12
4 6 2
0 3 5
2 6 14
21 1 10
9 13 13
19 20 11
16 18 15
9 12 15
16 20 4
21 0 14
4 9 9
20 1 14
0 2 4
10 12 2
1 4 12
10 13 4
3 6 5
9 12 2
8 11 7
22 1 13
3 4 2
14 17 5
13 16 5
8 10 10
13 17 4
0 3 17
14 19 6
9 11 17
16 19 12
16 19 7
4 7 2
20 23 12
23 2 1
20 0 11
23 1 4
10 13 10
9 12 11
17 22 9
18 21 10
9 11 12
5 10 4
12 15 16
14 17 7
16 19 4
12 16 3
15 17 11
1 4 11
20 23 9
0 3 8
4 7 12
8 11 3
12 17 4
22 0 7
22 1 10
15 17 17
12 14 13
6 11 5
10 13 16
20 22 2
22 1 13
7 10 11
6 9 11
19 22 12
19 0 4
16 16 11
4 5 16
18 19 16
11 14 17
22 1 10
17 18 4
20 0 17
16 20 12
14 17 12
1 5 10
12 14 3
18 22 11
13 17 13
15 19 3
1 4 1
1 4 9
10 13 2
20 0 4
8 12 12
3 6 3
7 12 10
12 14 4
13 15 9
5 8 6
19 21 11
10 14 16
23 1 17
8 10 10
20 23 12
4 7 12
8 11 1
3 6 9
16 19 12
15 19 15
2 3 11
8 11 10
12 14 6
18 21 17
19 22 10
18 23 17
4 7 17
2 6 7
12 15 15
8 11 5
5 8 3
17 19 2
1 3 1
1 2 1
11 15 13
22 3 8
10 11 14
12 14 11
21 2 17
20 23 6
13 17 14
21 1 3
11 14 5
11 14 8
11 14 1
18 21 16
10 15 14
21 0 13
18 21 14
20 21 6
19 22 11
20 0 15
15 20 15
7 9 14
20 23 1
16 18 7
2 4 9
17 20 8
7 10 16
5 8 9
22 2 15
17 19 7
0 3 17
9 12 1
3 6 9
1 4 12
17 21 4
6 10 17
19 22 5
16 19 5
18 23 2
1 2 11
5 10 9
5 8 16
9 12 13
2 3 2
23 3 16
11 15 14
12 16 8
17 20 13
17 19 9
8 11 16
20 1 2
9 12 14
20 0 1
18 23 1
11 16 3
12 14 14
23 0 5
4 8 4
23 3 8
0 2 4
15 20 10
14 17 1
3 6 12
22 1 14
2 3 17
5 8 17
14 18 16
6 10 1
13 17 5
1 4 1
16 20 6
17 21 13
23 0 17
18 21 4
14 16 2
14 17 16
0 4 7
19 21 14
2 6 1
9 11 12
12 15 10
20 0 17
2 6 6
23 2 6
12 14 1
5 9 2
6 9 9
1 3 1
3 5 6
21 1 11
9 11 3
12 15 5
19 23 6
12 15 17
21 0 13
12 16 7
5 8 3
18 21 3
6 8 5
9 14 13
5 9 2
22 2 15
5 10 3
11 13 4
16 19 10
12 14 16
19 22 13
22 1 6
6 8 9
6 9 4
0 5 8
19 20 11
11 15 2
10 14 7
6 8 5
15 19 6
17 19 5
4 7 9
21 22 12
22 2 5
18 20 14
17 20 4
2 4 16
13 17 15
22 1 4
5 8 8
23 2 11
9 12 5
14 16 2
4 6 7
16 19 17
4 7 13
0 6 12
9 12 16
11 15 13
18 21 12
20 22 4
13 16 10
23 2 8
0 3 5
1 2 11
11 13 7
19 23 16
1 3 12
17 20 7
11 15 12
2 7 16
1 5 4
23 3 3
11 15 16
14 16 7
0 3 10
0 2 14
18 20 8
23 3 14
19 20 11
1 4 11
4 8 1
2 6 3
0 3 11
5 7 14
10 13 7
5 9 3
4 9 11
20 22 4
8 11 1
3 5 9
17 21 3
7 9 8
15 20 8
17 21 11
21 23 6
18 21 11
15 19 6
18 20 14
11 14 8
23 2 8
3 7 17
13 18 4
7 10 12
23 2 16
18 20 8
16 20 8
11 15 3
5 8 7
8 12 12
14 17 13
20 23 13
16 20 3
0 5 17
19 21 8
20 21 12
22 0 2
6 10 8
9 14 1
6 8 6
0 1 7
22 2 17
3 5 8
23 3 1
22 2 7
16 17 16
16 18 16
19 21 14
23 3 2
7 10 15
16 20 10
1 5 6
23 2 2
17 20 13
1 2 16
1 4 16
11 13 3
22 23 9
11 14 14
6 10 15
20 22 2
7 8 6
15 17 8
8 11 12
3 5 2
16 19 13
20 1 6
13 17 13
22 23 13
14 18 11
4 7 6
3 6 13
17 20 12
18 21 4
16 19 15
23 3 11
9 10 12
9 12 2
9 12 2
10 14 7
21 0 4
6 8 15
18 21 5
11 13 7
21 1 13
15 17 11
17 18 5
5 6 13
21 22 11
22 1 2
5 8 7
1 4 2
11 15 2
3 8 8
5 9 10
20 23 17
9 13 15
0 2 6
2 5 4
20 23 17
6 10 11
1 4 14
1 5 17
13 16 7
10 13 10
14 17 5
6 9 15
22 1 3
17 19 17
10 11 15
23 2 15
18 20 2
0 4 5
15 19 16
1 5 14
20 22 9
12 14 2
21 1 7
10 13 11
12 15 14
9 12 3
19 21 12
23 3 10
2 4 7
15 18 3
22 1 17
15 18 11
3 7 9
13 15 17
9 14 10
11 14 13
18 22 7
11 15 13
19 23 13
3 7 13
22 2 7
22 1 10
15 17 17
21 1 14
21 23 2
14 17 1
11 12 17
16 20 15
15 19 4
14 15 5
20 23 9
22 1 11
23 1 2
6 10 11
16 20 2
14 15 2
5 8 1
15 18 7
3 5 3
19 23 6
19 21 2
1 4 7
19 20 8
15 18 11
7 8 17
20 23 16
5 7 15
5 6 9
6 11 8
16 19 9
6 8 9
3 6 10
22 23 1
13 17 6
12 16 9
9 14 12
13 14 12
4 6 16
9 13 6
6 8 13
18 21 7
10 16 12
18 21 16
1 6 14
1 5 5
19 22 12
23 3 16
6 8 1
18 21 3
23 2 15
0 4 10
13 18 10
3 6 15
15 18 12
19 22 14
9 13 4
7 11 5
0 2 5
22 1 17
22 1 12
10 14 6
13 17 6
23 2 2
6 8 11
12 15 4
9 12 17
3 4 11
3 6 10
3 7 10
12 16 16
3 6 4
1 4 1
10 12 11
0 3 11
11 13 13
20 23 12
20 1 10
4 7 5
19 22 9
6 9 1
14 17 14
18 21 12
16 19 4
3 5 4
18 22 7
10 13 17
22 0 2
23 2 10
3 7 13
2 4 13
17 20 16
21 0 15
5 6 15
15 17 7
18 21 7
6 6 6
18 23 15
7 10 5
11 14 13
12 15 2
23 3 10
17 19 17
0 2 6
14 16 11
5 7 2
9 10 12
14 17 2
2 6 16
15 18 5
21 0 15
2 5 15
21 0 9
0 2 11
14 18 2
6 8 4
15 18 12
7 8 13
13 16 7
15 17 11
13 17 9
7 10 17
18 20 10
11 14 6
11 14 8
5 9 10
4 6 15
11 14 10
8 13 3
20 23 2
0 4 10
5 7 6
2 5 11
3 7 10
17 20 15
9 12 10
4 6 3
0 4 4
14 18 4
5 9 15
21 0 16
6 9 10
7 9 12
17 19 9
12 15 13
0 1 11
7 9 6
4 7 3
18 20 16
4 8 3
6 12 8
7 12 12
22 2 12
23 3 7
19 23 3
21 2 10
15 18 6
13 15 15
2 5 5
11 15 8
16 20 1
6 9 3
4 8 12
4 7 10
19 23 11
1 3 9
21 1 7
11 12 12
4 7 16
23 2 11
13 17 6
7 10 6
3 6 13
14 17 6
10 15 14
17 20 9
4 7 14
5 7 5
12 14 15
16 18 3
4 6 9
9 10 15
20 23 3
21 1 11
9 13 12
12 15 1
15 18 15
11 16 7
14 17 17
14 16 10
12 15 8
5 7 1
18 21 9
15 19 6
9 12 7
3 7 5
13 16 8
19 21 3
21 0 4
10 12 3
19 21 17
8 11 10
9 12 8
12 16 5
12 17 2
13 15 5
2 4 1
5 9 2
7 9 8
13 15 10
10 13 15
15 18 5
8 11 15
7 10 5
4 6 7
21 0 10
12 16 9
23 2 11
18 21 17
4 7 3
18 21 8
7 11 12
7 10 7
3 6 17
9 13 5
15 17 6
18 22 17
23 1 11
0 1 4
8 11 9
18 22 14
8 13 10
19 22 7
12 16 8
2 6 3
2 6 9
16 18 6
13 15 11
22 1 4
3 8 2
15 18 1
23 2 17
3 4 16
21 0 9
17 21 10
20 23 6
4 8 5
8 12 3
7 11 6
5 8 5
21 1 3
13 18 3
10 14 3
3 8 16
8 11 1
11 14 1
19 22 7
17 20 4
6 10 4
20 0 5
22 3 14
4 7 4
8 13 12
7 9 6
18 21 13
14 19 1
21 23 13
20 0 11
4 5 15
7 10 13
1 4 8
1 5 7
7 12 17
8 13 16
21 1 14
2 5 15
16 20 8
8 10 13
18 21 1
10 11 1
5 9 17
12 13 6
8 9 14
17 23 7
3 9 1
11 13 12
9 11 10
7 10 8
9 13 9
1 4 1
19 22 8
10 13 8
7 10 10
9 12 1
10 12 6
9 11 17
8 13 10
7 10 2
18 22 9
7 9 5
12 16 3
13 15 17
5 8 14
17 20 17
23 2 9
9 12 9
8 12 1
0 3 12
18 21 1
10 14 3
16 19 4
7 11 17
19 22 7
6 8 16
22 2 8
15 17 3
13 16 13
2 6 11
13 16 7
13 17 7
16 18 11
22 1 9
10 13 8
10 14 11
7 10 5
5 8 17
2 3 11
12 16 2
23 1 15
8 13 14
16 19 1
2 5 17
4 8 10
13 16 8
18 22 11
11 13 10
0 2 8
7 11 8
2 5 17
11 15 7
12 14 3
2 7 8
20 23 2
11 13 7
11 14 5
22 0 6
1 5 11
7 11 9
3 7 10
6 10 8
20 23 11
23 3 15
8 11 11
8 10 7
6 10 6
5 8 6
14 18 2
13 16 5
17 21 1
23 0 17
23 3 1
18 22 9
15 20 10
6 9 8
19 21 11
2 5 17
12 15 15
20 23 15
4 9 1
5 9 6
21 23 5
23 3 4
11 14 7
22 3 6
21 0 11
5 7 10
7 11 14
7 9 12
21 0 12
9 13 7
22 2 3
23 1 3
22 23 13
8 13 14
4 8 6
19 22 14
2 6 10
15 18 7
19 21 2
8 11 6
14 18 3
12 14 10
6 9 8
0 2 11
0 3 2
21 23 3
17 19 1
6 9 13
5 10 11
3 6 5
7 9 5
12 14 6
17 21 14
13 15 6
9 13 1
22 1 8
17 20 13
17 21 11
23 2 12
18 19 11
12 17 6
13 16 15
23 2 8
22 1 1
11 13 5
0 2 4
22 1 15
0 3 11
9 13 7
13 15 17
5 6 3
12 17 7
11 14 17
17 19 4
4 6 12
15 19 14
14 18 6
21 0 1
8 12 4
15 17 12
0 3 15
14 17 16
15 18 4
20 23 4
15 19 1
19 22 4
9 12 10
6 10 6
18 21 4
3 7 16
4 9 10
21 22 4
16 19 1
19 22 16
18 21 3
7 10 6
23 2 14
21 0 15
12 16 13
23 3 2
21 23 6
19 22 8
20 0 9
20 21 17
1 5 8
15 18 4
15 17 11
0 2 10
4 7 13
18 19 3
14 17 14
1 1 2
13 16 11
17 19 2
6 9 10
21 23 4
22 2 17
6 8 11
6 10 8
1 3 1
7 8 16
10 12 6
14 15 7
13 15 17
23 3 8
23 1 2
9 14 8
17 20 8
6 8 14
7 11 10
11 15 13
4 9 3
1 3 9
14 17 7
5 8 14
16 18 3
15 16 7
0 4 1
18 22 14
3 7 6
9 14 2
9 11 6
3 6 3
9 13 8
9 12 10
18 22 10
3 8 12
16 18 8
7 9 7
6 9 9
19 21 15
12 15 11
15 18 10
0 4 2
13 14 12
22 1 1
2 6 17
21 0 8
18 23 4
5 7 1
5 8 16
22 1 1
15 17 11
22 23 3
22 2 16
20 22 8
18 21 16
16 20 8
11 15 16
1 4 6
4 6 6
9 12 3
16 20 9
0 4 17
0 2 15
18 20 5
18 21 10
11 14 15
2 7 13
16 19 10
11 12 13
13 17 14
7 12 5
2 4 8
6 9 2
7 10 6
2 4 14
11 14 8
9 13 14
4 8 17
11 14 17
16 20 17
7 10 2
20 23 11
16 17 14
19 20 8
2 6 7
12 17 10
8 11 11
13 16 12
16 19 17
3 5 4
18 21 15
14 17 2
5 8 3
5 7 15
20 23 3
23 3 14
17 20 3
10 13 12
4 6 12
5 8 17
12 14 5
3 6 15
7 9 15
9 12 9
6 8 12
9 14 17
23 3 6
6 7 11
13 15 2
23 3 7
12 14 11
8 12 6
6 9 10
6 10 11
12 14 16
3 7 17
14 18 3
15 20 1
21 1 10
9 12 2
18 20 5
13 15 5
17 19 10
7 9 8
9 11 17
10 12 1
11 14 4
5 8 4
8 11 13
3 6 15
2 4 9
5 11 11
17 19 3
16 20 17
16 19 16
21 23 15
20 23 10
11 14 15
17 20 16
12 14 14
22 0 7
5 8 17
3 6 8
17 22 8
10 13 3
2 4 16
23 1 1
1 4 11
2 5 16
20 23 8
5 9 6
8 12 11
21 2 12
20 23 4
2 7 17
17 20 11
8 11 6
19 22 2
12 15 11
15 18 1
20 0 7
18 20 10
15 19 5
22 1 14
16 20 9
10 12 11
9 13 11
17 19 16
18 22 1
10 14 11
8 10 5
4 7 5
14 18 12
7 10 3
13 15 12
14 18 6
7 10 4
0 2 5
17 20 14
11 13 6
12 14 14
0 3 8
22 1 13
16 20 15
13 18 17
11 14 10
10 14 4
16 18 15
18 21 13
11 15 13
1 3 12
2 5 2
5 8 5
15 18 3
19 0 4
5 9 13
5 9 11
16 19 16
17 21 1
6 11 9
16 19 14
10 12 15
22 1 5
17 20 2
20 23 2
17 20 5
8 12 3
7 9 14
16 20 5
12 17 9
7 10 10
9 10 3
22 2 9
22 1 9
9 11 13
18 21 3
9 12 2
19 22 12
13 16 2
21 0 9
12 12 11
11 14 17
9 11 14
12 16 3
2 5 8
18 20 15
7 9 17
16 17 8
22 1 6
15 17 12
4 6 5
12 14 17
20 22 13
8 11 3
0 1 14
4 8 16
15 18 6
8 11 4
17 20 16
19 22 9
13 15 15
20 0 10
22 0 9
8 11 16
7 9 7
6 8 5
21 0 12
17 22 12
2 4 13
2 7 3
15 19 3
11 14 12
23 0 9
10 14 16
10 15 6
0 2 16
15 18 2
20 23 8
15 16 15
19 22 1
7 11 17
6 9 1
12 16 1
0 4 2
20 22 13
9 10 3
23 1 15
17 20 5
4 8 6
13 14 2
2 5 4
3 7 8
1 3 11
18 20 6
1 3 17
1 4 3
11 14 10
1 5 1
6 8 10
22 3 2
18 21 3
5 8 12
23 2 4
4 7 4
14 19 16
4 6 2
20 0 12
23 3 7
21 1 1
4 8 11
3 7 13
1 3 9
2 5 12
8 10 1
5 8 7
11 15 1
20 22 13
12 15 14
5 7 14
23 3 12
0 5 14
9 12 8
11 14 7
0 2 3
7 10 1
14 17 10
20 21 6
16 18 11
8 12 4
17 21 9
1 4 1
4 5 14
10 13 5
15 17 10
17 21 11
8 10 17
23 0 10
13 15 10
11 15 14
1 5 11
5 7 3
6 9 6
11 14 4
9 12 15
19 0 6
15 19 11
17 19 16
1 5 11
16 19 13
21 1 14
21 0 15
17 21 15
6 10 13
11 13 17
1 5 15
19 23 9
19 22 8
0 3 7
14 16 13
11 15 4
18 22 2
8 9 1
14 16 5
16 19 2
1 5 10
4 8 5
8 10 13
10 14 16
17 18 3
3 5 9
10 14 16
15 18 15
2 4 13
10 12 15
2 6 11
2 5 5
21 0 3
12 16 11
16 19 1
1 5 13
16 18 14
14 17 16
8 10 5
14 18 15
21 0 6
12 14 6
10 13 5
0 2 10
22 0 16
8 10 17
11 15 11
13 16 8
2 4 4
0 3 15
4 7 3
19 20 14
4 8 6
17 21 7
23 0 11
1 5 15
15 18 2
20 23 8
0 2 2
23 2 8
4 7 1
23 2 16
2 5 10
20 22 3
13 17 6
2 8 6
4 8 8
23 4 16
19 23 3
11 14 17
17 20 10
14 16 6
16 20 9
17 20 2
23 2 12
10 13 10
5 9 10
23 1 16
15 16 3
1 4 10
16 17 9
19 0 15
8 11 11
2 4 8
16 21 1
8 11 14
19 21 13
10 12 2
7 11 3
21 0 3
21 1 5
18 20 12
19 22 8
11 15 9
6 8 16
4 6 4
1 4 16
10 12 5
19 22 17
13 16 7
8 13 10
2 5 1
13 16 13
14 16 8
16 19 6
15 17 10
2 5 13
22 0 5
20 23 15
4 7 2
3 6 6
8 11 13
23 1 5
7 11 4
18 21 16
7 10 7
16 19 2
9 12 5
18 22 1
3 6 17
21 0 3
18 19 13
4 8 6
3 6 6
7 10 16
15 20 14
9 12 8
15 17 12
15 16 12
21 0 3
15 17 10
11 13 2
16 19 13
15 18 13
13 17 5
2 6 2
15 18 15
23 3 8
17 19 14
18 21 10
16 20 5
3 5 5
19 22 3
21 0 16
21 0 13
9 11 9
13 17 1
13 15 13
20 23 13
11 14 9
0 2 14
20 23 12
14 18 7
7 10 6
14 17 17
18 21 8
3 4 16
3 7 7
22 2 4
15 18 13
0 4 10
23 3 17
14 19 7
21 0 12
18 23 3
6 9 13
4 5 17
0 3 7
10 10 11
6 8 2
19 22 16
18 23 16
5 7 11
13 15 8
11 14 17
7 11 5
5 10 6
3 5 14
13 14 17
9 12 1
1 5 2
21 1 7
14 16 3
7 10 3
22 1 14
8 11 14
23 2 2
10 14 5
19 23 16
23 3 17
16 20 1
11 14 11
16 20 17
23 2 13
21 0 10
13 16 11
3 6 3
13 15 2
4 7 11
18 21 11
16 19 2
10 12 16
23 3 10
18 22 5
1 3 7
11 14 13
8 12 10
13 17 14
15 18 3
23 2 3
21 1 8
3 6 11
6 9 13
17 19 9
23 0 4
21 1 3
13 16 1
20 23 8
11 14 1
21 23 1
20 23 1
21 23 7
19 23 15
10 12 9
6 10 7
5 8 7
14 16 14
20 23 10
10 14 4
23 1 3
13 16 17
4 7 17
22 1 10
13 15 12
11 14 4
3 6 11
11 12 15
12 13 12
1 6 8
10 15 7
21 2 2
14 15 13
5 9 15
6 10 15
1 5 8
1 4 7
23 1 6
8 12 14
0 3 7
20 23 16
8 11 2
22 0 16
19 23 15
13 16 16
15 18 2
11 13 4
19 20 6
13 15 17
19 20 11
5 11 12
14 17 6
16 18 1
2 4 10
0 4 14
18 20 1
0 3 11
2 6 6
4 8 4
10 13 13
22 1 17
20 22 9
5 7 1
8 10 16
11 12 15
13 16 5
2 6 8
19 0 14
16 19 10
3 7 1
11 15 11
7 11 14
9 13 8
21 0 8
4 8 1
22 0 10
5 8 12
22 1 15
21 22 15
20 23 6
22 1 14
20 23 12
16 21 2
1 4 6
2 5 14
1 4 17
10 13 13
23 2 10
0 5 1
2 6 14
3 5 16
0 2 14
4 8 5
20 23 13
0 4 14
19 21 6
3 6 5
15 17 6
23 0 7
14 18 7
21 23 1
8 12 15
3 6 15
17 21 13
5 8 2
13 16 14
22 0 12
23 1 10
12 15 12
5 9 10
10 12 10
1 5 15
12 15 14
17 20 12
5 8 12
16 18 1
17 19 3
16 19 11
16 19 2
3 6 8
18 21 4
11 15 15
9 13 14
10 15 16
5 9 15
1 5 12
8 9 8
12 14 16
17 20 15
5 9 1
22 3 13
13 16 10
9 14 14
10 12 10
1 4 10
7 11 5
3 6 1
17 21 6
1 4 15
9 11 11
10 12 10
14 20 1
20 0 7
7 9 10
19 22 5
1 3 6
0 4 9
14 18 3
15 17 9
11 14 7
12 15 3
20 0 15
4 7 10
0 3 10
15 18 3
3 8 10
10 13 4
19 21 9
3 6 5
