1000 17
4 1 10 3 8 3 4 4 7 4 9 5 9 4 7 3 10 
20 22 9
12 13 8
14 17 17
7 12 3
20 23 13
10 13 8
14 17 7
19 0 15
21 0 10
4 8 17
15 18 7
22 1 1
9 12 3
19 21 3
7 11 9
13 17 15
16 18 15
20 23 8
3 5 16
5 7 15
18 20 3
8 11 16
8 10 9
5 8 11
19 23 16
15 18 10
16 21 12
1 5 16
18 22 14
8 11 13
1 4 3
18 20 14
7 9 8
20 0 1
16 20 2
22 0 15
20 0 9
19 22 1
19 22 5
3 5 2
16 19 9
6 10 2
1 3 6
7 10 1
0 3 5
16 19 12
11 14 4
19 23 6
3 7 11
5 8 14
9 12 8
13 17 6
22 2 3
7 11 10
15 16 8
6 9 13
8 12 13
9 12 4
7 10 11
22 2 16
3 4 9
15 17 3
21 22 8
3 7 14
4 6 2
11 13 2
11 16 6
5 8 14
6 7 15
15 18 13
5 8 4
21 1 8
21 1 6
5 7 2
16 19 5
1 4 17
15 18 7
10 14 1
0 4 7
9 13 2
13 16 2
7 10 17
8 11 1
9 12 2
9 14 1
13 17 14
2 5 17
22 2 12
19 21 6
15 17 1
0 2 11
3 5 3
15 18 14
14 16 4
14 16 14
3 6 16
15 18 6
7 10 7
14 17 15
1 4 4
17 19 11
16 19 5
14 19 7
22 0 6
1 2 12
8 11 2
20 23 11
11 15 11
8 10 16
23 3 17
10 12 2
7 10 9
13 16 2
9 12 14
8 13 5
16 19 10
11 14 10
2 5 11
12 15 11
6 9 6
2 5 9
19 22 13
5 9 5
16 19 17
21 0 1
3 5 2
5 8 16
19 22 9
8 11 7
3 7 6
17 20 9
0 2 12
3 8 6
7 9 8
16 17 7
16 20 16
9 14 13
21 1 16
0 0 7
19 22 15
0 2 9
2 7 11
12 17 15
12 15 8
3 5 8
12 14 7
3 7 2
22 1 6
1 4 17
4 7 17
5 6 4
16 20 6
6 7 2
1 5 8
9 13 8
19 22 11
17 21 6
6 9 15
5 8 4
12 15 9
7 10 5
4 7 7
1 3 3
4 8 2
17 20 7
8 11 2
12 15 4
23 4 8
3 7 2
2 4 7
21 1 8
10 13 10
21 23 2
14 17 7
13 18 4
0 4 12
19 0 4
9 13 15
4 6 14
21 0 15
1 3 10
22 0 2
13 17 3
17 21 14
18 21 14
6 8 11
15 19 1
19 21 15
6 8 13
20 23 15
12 16 9
13 16 7
11 15 4
16 20 10
18 20 10
22 1 11
8 9 15
4 6 11
8 10 9
4 6 5
12 13 2
8 11 17
3 6 16
7 10 2
12 16 6
4 5 15
5 10 11
11 14 6
12 15 13
11 15 12
20 0 9
16 18 14
6 10 8
11 14 2
16 19 9
3 7 3
16 19 8
12 15 8
6 9 13
6 9 3
14 18 11
4 8 10
19 23 2
10 14 9
3 5 9
18 21 9
2 5 8
14 16 7
11 13 6
6 9 16
2 4 11
18 19 5
14 17 8
1 2 15
3 5 5
15 18 2
9 14 4
2 3 12
18 22 13
3 5 15
0 3 11
6 8 16
4 6 14
21 1 4
3 7 4
7 10 5
22 22 4
20 21 3
0 3 1
10 14 1
3 5 11
14 18 9
1 4 6
0 3 14
16 19 10
2 5 7
9 12 3
15 17 7
19 22 15
7 9 17
7 10 14
17 19 2
20 23 3
21 1 8
8 10 4
3 6 8
21 2 11
19 23 17
8 11 6
17 19 8
0 3 10
16 19 3
11 13 16
23 1 12
18 21 8
8 11 12
15 17 15
23 1 16
7 12 3
14 16 12
11 16 4
13 16 12
12 12 10
23 3 13
5 8 6
15 17 7
20 23 7
21 0 2
21 23 10
9 12 15
3 5 15
15 17 13
12 13 16
11 14 17
7 11 15
23 3 15
3 6 10
0 3 12
5 7 6
4 7 9
3 6 7
15 20 15
5 8 7
10 14 14
8 10 9
21 0 15
14 18 9
4 7 5
14 16 4
5 10 11
9 10 9
10 13 5
1 2 6
12 16 10
13 18 11
2 2 2
11 12 17
19 23 13
10 13 11
9 12 14
13 16 5
1 4 4
18 22 9
17 19 12
20 0 13
0 1 8
10 14 9
3 5 5
6 10 6
7 9 7
23 2 15
23 3 4
1 3 12
17 21 14
3 7 13
11 15 9
21 1 16
10 12 7
2 6 15
4 8 16
21 0 15
3 6 8
6 8 17
7 10 17
14 17 7
9 12 9
8 11 14
11 13 15
3 6 4
4 6 8
16 19 14
8 11 10
11 14 15
13 17 14
9 11 17
10 11 12
4 7 16
2 4 8
4 8 6
18 20 10
16 18 11
18 21 11
12 15 16
6 8 17
9 12 16
23 2 1
4 7 16
21 2 16
16 20 5
22 2 6
14 18 14
14 15 15
14 19 16
16 18 4
21 23 17
15 18 8
18 21 8
0 2 10
18 22 2
5 9 8
13 13 7
0 1 13
0 4 4
3 6 2
22 1 15
0 3 12
21 23 10
21 0 2
12 15 14
17 20 16
15 17 14
2 4 2
3 6 16
14 19 8
1 4 11
16 20 6
18 20 9
20 23 10
12 15 15
15 18 10
21 1 13
22 1 16
22 1 12
10 13 14
2 4 1
16 19 2
8 11 15
9 14 9
5 7 13
3 6 6
20 22 7
9 15 13
0 3 10
4 7 6
9 13 10
4 8 17
14 18 5
16 19 1
20 0 12
15 18 16
17 22 3
19 21 8
21 1 3
5 8 6
16 19 9
13 16 16
14 19 6
2 5 5
23 0 4
23 1 3
4 9 13
7 12 3
20 22 6
7 10 17
19 22 1
0 3 8
4 8 4
0 3 16
16 20 12
14 17 15
18 21 8
8 12 2
22 1 17
14 16 3
7 9 12
18 23 17
12 14 13
8 12 2
3 7 8
21 23 1
20 22 2
2 6 17
14 16 14
13 17 8
21 0 17
5 8 14
0 3 17
20 0 7
7 10 16
1 4 14
7 11 3
11 13 10
18 21 1
4 6 12
13 16 15
4 6 9
0 5 4
15 17 11
5 9 5
4 7 10
9 12 11
23 3 8
0 4 5
22 3 12
5 8 6
18 22 6
8 10 6
17 18 14
12 14 10
5 6 4
20 0 16
23 2 2
2 5 15
20 0 3
15 16 13
14 16 1
5 8 3
9 11 7
14 16 9
18 21 8
7 10 11
21 0 4
15 17 17
8 11 5
8 9 10
9 12 5
16 20 17
6 8 5
18 21 9
17 20 14
16 19 5
8 11 12
10 12 17
13 14 12
8 9 14
19 23 6
12 16 3
20 0 7
9 11 12
19 22 9
9 12 11
4 7 1
0 2 15
10 13 12
20 23 11
5 10 6
0 4 14
9 13 2
15 17 7
12 15 3
8 11 5
15 19 6
2 5 1
20 23 3
21 0 2
13 17 13
23 3 13
9 13 9
10 13 12
15 19 3
8 12 4
5 8 2
10 14 3
14 17 16
9 13 5
15 18 9
1 4 17
21 2 2
23 2 16
8 10 9
10 13 4
19 23 7
15 18 5
22 1 5
18 20 1
4 8 6
15 17 13
9 12 14
15 18 3
9 12 6
11 14 16
18 22 6
0 3 3
10 12 11
18 21 17
13 17 12
7 10 13
4 6 17
21 23 2
13 15 1
19 21 6
12 16 7
20 0 13
0 3 11
8 10 14
9 13 8
7 11 9
14 18 16
11 14 8
3 4 14
18 20 10
9 12 8
10 13 11
7 10 8
14 16 1
18 20 1
19 23 5
19 0 2
4 7 15
2 4 16
13 17 5
14 19 2
4 8 11
7 10 9
9 11 8
0 4 5
20 22 2
15 18 4
16 20 8
8 12 14
13 17 13
14 16 6
2 5 17
11 14 11
5 8 10
12 15 17
18 23 2
2 5 15
13 15 9
17 20 13
23 2 8
6 10 15
14 17 4
5 7 6
21 1 16
9 14 17
21 1 9
4 8 13
21 0 15
2 6 13
16 18 11
13 15 9
7 9 10
21 0 2
1 3 11
3 6 7
14 18 10
13 16 3
3 6 2
16 19 15
2 3 4
4 8 6
15 18 17
14 17 14
7 10 1
23 2 2
21 0 7
14 19 17
1 5 4
8 10 7
14 16 6
15 17 15
18 21 17
16 21 17
7 10 16
14 17 1
15 19 9
7 8 15
14 15 16
17 19 17
10 14 7
7 10 3
9 14 16
21 0 15
4 7 14
9 12 9
13 17 16
18 20 15
1 2 5
9 11 1
9 11 15
5 8 5
10 14 17
13 17 13
1 3 17
13 16 6
21 1 7
20 22 3
11 15 17
7 13 9
12 16 14
3 5 14
0 5 13
17 20 4
18 22 9
10 12 3
15 19 13
16 20 2
19 23 3
14 17 11
22 1 6
18 20 16
11 13 15
19 0 11
11 16 9
19 23 11
12 13 6
5 9 11
18 23 17
3 8 6
2 4 9
1 4 8
12 16 14
21 0 17
1 5 17
4 5 16
2 5 16
11 15 15
15 20 2
1 4 9
1 5 11
6 11 12
6 10 12
18 22 14
20 23 3
7 8 7
15 19 4
3 7 15
3 5 13
4 7 16
14 17 5
17 19 8
14 18 15
16 20 14
6 9 17
5 11 16
12 18 7
21 0 13
20 21 12
10 12 2
20 22 9
23 2 12
2 4 5
19 22 9
4 6 2
14 15 4
3 6 6
2 5 10
18 20 16
0 5 11
12 14 2
9 14 6
19 23 13
17 19 9
22 0 7
12 15 3
17 20 7
0 3 2
7 11 14
19 21 17
8 10 16
4 8 3
16 19 7
7 11 9
21 1 9
1 6 1
20 22 11
0 3 15
13 16 6
3 7 11
2 6 10
13 16 5
7 12 16
2 7 5
4 6 8
4 8 14
1 4 11
11 15 1
18 20 3
22 0 7
14 19 6
23 3 5
7 10 16
20 22 16
7 9 5
23 0 12
1 6 2
8 10 13
5 8 17
3 5 12
20 23 1
9 10 17
17 18 11
12 15 6
11 16 10
22 2 4
3 6 12
21 0 1
9 11 1
2 5 10
2 7 14
5 7 13
10 11 16
19 21 3
11 14 17
3 5 2
20 23 9
22 1 14
1 6 15
1 3 13
7 10 10
9 12 14
10 12 3
6 9 5
15 19 10
7 11 8
4 8 6
19 23 5
18 23 4
2 5 14
12 13 11
18 20 9
4 7 8
14 18 15
12 13 14
6 10 15
14 16 6
21 0 10
18 21 12
6 8 11
22 0 14
1 6 1
22 2 7
4 6 5
23 3 6
10 12 9
21 23 6
19 21 8
13 17 15
6 10 6
19 21 10
2 6 17
22 2 13
21 0 15
17 20 5
8 10 4
11 14 9
16 19 7
1 4 5
6 8 11
10 15 17
0 2 17
0 4 14
0 4 1
6 10 1
0 3 9
21 0 12
17 21 8
15 15 3
20 23 14
2 4 2
22 1 13
7 10 5
20 23 7
6 8 14
0 2 14
10 14 1
4 8 14
12 16 4
1 3 7
7 10 17
14 17 11
17 20 12
4 7 6
11 15 16
23 2 14
20 2 6
20 22 8
9 12 10
7 10 8
3 3 4
8 10 12
11 13 1
3 7 12
5 9 13
0 3 3
10 12 15
18 22 15
12 15 3
22 22 2
15 17 15
3 6 10
3 8 17
16 20 10
23 3 13
16 17 5
6 9 11
13 15 8
18 20 12
0 2 16
19 21 12
19 21 17
22 23 14
5 7 10
22 1 16
14 17 7
10 13 6
11 15 2
3 7 14
10 14 13
11 14 2
1 6 15
20 23 10
14 17 1
22 1 10
18 22 17
9 14 12
1 5 4
9 13 7
14 17 1
23 3 14
5 8 7
4 8 5
10 14 15
15 17 16
21 23 7
9 12 9
8 11 15
1 4 11
11 14 2
5 6 12
11 14 15
2 5 11
15 20 10
19 0 7
5 7 11
10 12 1
6 9 1
12 15 1
15 19 2
10 12 2
5 6 5
12 14 4
5 8 7
3 6 17
5 8 13
23 2 8
12 16 7
7 11 3
16 20 1
0 3 10
12 14 16
19 23 9
0 3 6
21 2 17
15 19 5
6 9 6
16 20 11
6 10 3
2 5 13
8 10 12
4 7 6
1 5 5
8 11 1
21 1 9
4 7 5
9 11 16
17 22 7
9 14 4
5 9 14
14 16 13
13 16 10
15 18 6
21 0 10
4 6 1
4 8 11
12 16 1
17 20 7
19 22 15
5 9 17
10 13 10
19 21 11
21 0 15
17 19 4
6 9 16
19 23 6
1 4 9
22 1 14
0 4 13
13 16 10
18 20 7
16 20 3
6 9 4
6 10 1
3 5 13
11 14 13
18 21 12
4 9 17
12 16 11
12 15 6
14 17 12
6 9 16
12 14 5
23 3 6
6 9 3
20 22 9
14 16 17
3 6 9
16 18 12
1 5 6
20 23 3
8 9 2
22 0 11
16 18 4
3 5 1
7 11 7
15 19 9
16 18 14
3 6 15
18 22 11
15 20 1
13 18 11
14 17 14
17 19 9
17 19 15
10 12 14
9 12 13
1 6 6
0 3 12
1 4 1
