800 7
2 6 7 2 4 2 6 
20 23 3
20 23 1
13 17 7
22 3 7
8 10 1
22 1 2
13 17 3
15 17 1
18 21 6
9 12 3
3 5 3
10 14 5
10 12 5
21 22 4
2 6 7
15 18 7
10 15 6
4 6 3
22 2 2
3 6 2
4 7 7
10 12 4
18 21 1
11 16 7
3 6 1
11 13 3
0 4 1
0 2 2
14 18 2
16 19 6
19 22 1
0 2 2
7 10 7
18 23 7
13 15 4
3 7 6
11 14 5
16 18 3
3 5 1
0 2 2
14 16 4
18 20 5
9 12 1
21 1 5
10 13 3
18 21 6
9 11 2
9 11 7
19 23 7
4 7 1
12 15 2
15 17 5
14 18 1
11 14 2
11 13 7
3 5 6
9 13 3
9 11 7
3 6 1
15 17 5
3 3 6
17 20 1
0 1 5
14 15 1
13 15 5
17 20 4
1 4 5
23 2 1
3 6 7
9 11 3
8 11 5
11 14 3
8 10 5
8 11 1
8 12 5
13 18 1
6 9 1
14 17 6
9 10 3
11 14 3
8 11 1
16 20 5
3 6 7
11 15 1
8 12 4
6 10 2
3 4 5
12 15 1
3 7 3
23 2 1
6 8 1
13 16 6
4 8 7
15 18 5
9 9 2
3 4 2
22 0 4
11 15 5
22 0 2
16 17 6
20 23 7
18 20 1
14 18 4
21 23 5
19 22 5
19 22 6
0 3 3
16 19 5
20 23 3
22 0 6
3 5 6
0 3 5
11 12 6
17 19 2
1 3 6
17 20 5
1 3 1
22 0 4
12 15 2
16 20 2
9 13 3
7 9 1
8 12 3
11 14 4
12 15 6
20 23 3
17 20 6
5 8 3
12 14 7
12 15 7
1 4 1
13 18 3
2 4 5
19 23 6
18 21 7
16 20 1
16 18 1
4 6 2
15 18 4
21 3 1
5 7 3
3 6 7
11 13 1
19 21 1
17 21 6
23 2 6
8 11 2
1 5 2
11 13 3
4 8 7
20 1 4
21 1 2
8 12 1
1 4 7
3 6 7
3 5 1
5 6 6
8 11 2
9 14 3
12 15 4
19 23 5
7 9 5
9 10 6
10 12 5
20 1 3
20 22 3
15 20 4
9 12 4
17 20 2
3 6 6
4 6 1
20 23 4
9 13 6
9 13 4
9 10 1
11 14 6
13 16 1
20 22 2
3 6 7
9 12 2
2 5 5
5 10 6
7 9 5
0 4 6
1 4 5
2 5 5
2 7 1
3 6 1
18 21 5
12 15 4
23 0 3
0 3 1
10 12 1
8 12 5
7 11 6
23 3 3
9 11 5
1 4 4
11 14 7
8 9 3
19 21 5
1 5 6
12 14 6
11 14 4
18 21 3
15 19 1
6 10 3
17 21 3
19 22 5
22 1 7
16 20 1
2 5 1
15 19 5
9 11 7
19 21 5
21 0 4
8 12 3
15 17 7
20 1 6
18 21 5
7 9 3
11 14 7
7 9 5
20 23 7
21 22 3
5 8 2
14 16 6
10 14 2
5 7 7
15 17 2
14 18 5
20 21 5
22 1 3
23 3 7
15 17 1
1 4 2
17 20 7
20 0 1
22 1 3
3 4 3
20 21 7
12 15 5
1 3 3
1 1 2
18 21 2
0 3 4
17 22 1
17 18 6
14 18 1
0 4 1
16 18 4
3 7 2
7 11 4
23 1 2
17 19 2
18 22 4
23 2 2
11 14 2
4 9 5
19 20 6
4 8 6
5 9 2
20 23 5
3 6 7
15 17 5
23 2 2
11 14 6
7 10 3
3 5 4
10 13 3
9 13 4
12 16 7
9 12 1
2 4 5
21 0 2
2 4 4
23 3 4
3 5 3
15 20 3
21 0 6
21 1 2
5 9 1
23 3 3
13 16 7
19 23 1
11 13 5
11 16 5
1 3 7
17 21 7
14 17 5
16 20 6
2 6 6
1 3 7
15 19 6
20 21 1
0 3 2
4 7 2
19 21 2
18 21 7
20 23 1
20 21 4
3 7 7
11 12 4
23 2 4
14 18 7
18 21 1
11 14 7
10 12 3
6 8 3
13 16 1
7 9 2
16 19 6
9 12 2
10 14 5
10 11 3
18 22 4
10 13 2
17 20 3
11 15 5
18 22 6
4 8 3
19 21 5
6 11 7
12 16 7
0 2 6
18 22 5
21 0 2
4 8 1
18 22 7
14 18 7
7 10 5
14 18 7
19 22 6
15 20 1
1 4 5
20 23 2
22 1 2
2 6 4
8 12 1
5 10 3
7 10 4
16 18 5
0 4 1
10 12 3
7 10 3
6 10 6
9 11 3
14 17 5
9 12 5
1 3 4
9 12 5
0 3 7
17 19 6
17 20 7
22 1 6
2 5 5
12 15 3
2 4 6
8 10 3
12 15 3
18 20 7
13 16 3
17 20 5
8 12 6
19 23 6
19 22 7
4 6 3
8 11 4
15 18 4
3 6 4
12 15 2
18 22 3
19 23 1
15 18 5
22 2 3
9 12 7
5 8 1
21 0 2
4 7 1
7 11 2
15 18 6
1 5 5
11 14 7
22 2 1
14 18 3
8 13 2
23 3 2
2 3 6
3 5 6
0 4 7
13 16 7
16 18 5
22 2 1
7 10 7
10 13 6
13 16 2
10 11 6
19 21 7
7 12 3
21 0 3
7 10 1
1 4 1
17 19 7
22 0 1
9 12 6
1 3 5
2 5 1
21 23 6
14 17 5
8 12 1
20 1 7
1 4 7
6 10 7
23 0 1
19 23 1
6 9 3
15 19 6
12 14 2
10 15 4
10 12 7
2 5 1
10 12 7
18 22 6
8 11 3
23 2 6
21 1 3
17 20 1
1 3 4
3 5 6
12 17 6
8 12 7
15 19 4
0 2 7
6 8 6
18 22 2
14 19 2
0 2 1
16 18 2
9 13 5
0 4 6
8 11 6
7 11 5
11 14 5
7 12 2
9 12 2
8 9 2
14 18 3
19 22 4
9 10 1
1 5 5
1 4 3
22 23 5
9 11 7
8 9 4
13 17 6
17 20 7
4 8 6
15 18 7
23 1 7
13 16 6
13 15 5
6 9 1
14 17 6
0 5 6
11 14 3
19 22 2
15 18 3
1 4 3
2 5 1
13 15 5
14 18 7
17 19 7
7 10 7
13 14 4
5 7 4
10 13 1
14 18 5
23 2 1
14 17 5
3 6 2
10 14 4
17 20 2
19 22 3
22 2 2
10 11 6
3 6 1
3 5 6
9 12 5
9 11 7
5 8 5
20 23 5
15 17 3
22 1 5
22 3 5
18 21 3
6 8 1
6 9 4
11 13 5
9 12 5
12 13 2
4 9 3
17 19 3
18 22 4
5 7 7
3 5 3
20 0 7
17 19 1
4 7 2
9 13 1
12 15 4
11 15 1
13 15 5
2 4 1
7 10 5
15 17 3
3 7 1
3 5 6
16 19 6
13 16 2
0 4 7
17 22 7
3 5 5
14 18 7
17 18 3
21 1 4
23 0 2
14 17 4
3 6 4
12 14 1
19 21 5
10 14 1
19 21 7
1 4 3
11 15 3
18 22 4
20 23 3
15 17 4
8 12 1
22 1 5
23 3 3
8 11 6
23 1 7
23 2 1
5 8 6
7 9 7
12 13 4
14 18 3
8 10 5
16 20 5
10 12 3
19 21 6
7 11 5
6 11 7
2 5 6
11 14 3
1 4 5
20 23 4
15 15 1
20 0 1
17 21 4
7 10 1
21 2 3
9 11 4
18 21 3
6 11 1
0 3 6
23 3 6
2 5 5
10 14 2
6 9 4
14 18 4
11 14 7
6 9 5
13 17 7
4 8 6
5 6 4
7 11 4
3 7 7
4 6 5
23 1 7
21 1 7
15 18 2
18 20 1
11 13 7
23 3 5
19 21 4
11 14 6
5 9 6
6 9 4
9 11 6
7 8 5
11 13 1
9 11 2
7 10 6
6 8 1
13 14 2
4 6 4
5 8 2
9 13 7
12 15 6
8 10 1
7 8 7
20 22 1
9 12 2
19 21 7
3 5 2
11 15 2
9 13 3
15 18 3
6 9 2
14 16 7
19 23 2
23 3 4
9 13 3
8 12 2
5 7 2
9 11 5
18 21 1
2 5 2
22 0 7
1 4 7
22 23 3
7 9 2
23 2 5
11 15 7
16 19 7
10 13 4
3 7 2
10 14 2
1 2 5
16 19 7
13 15 6
15 17 1
22 1 6
8 13 6
15 17 1
19 22 7
7 10 2
16 19 4
3 7 3
13 16 6
15 19 6
12 16 7
23 2 3
2 6 7
13 15 5
22 0 5
19 21 4
23 2 4
2 6 2
16 19 7
16 18 5
23 1 3
0 3 4
1 3 1
11 14 3
21 0 4
4 8 3
6 10 3
1 4 5
7 11 3
5 8 3
11 14 2
16 18 6
16 19 7
19 0 7
23 3 6
11 15 4
10 14 5
11 15 3
3 6 2
9 12 4
22 2 7
1 2 2
4 9 7
7 10 1
0 3 1
4 8 6
11 13 6
8 12 1
22 1 6
15 17 2
13 16 3
21 23 4
7 10 7
6 10 3
6 10 6
17 20 4
6 8 2
17 18 2
4 6 2
17 21 5
9 12 7
10 15 1
0 4 1
9 13 4
2 4 5
3 6 6
16 20 4
17 19 7
10 12 2
22 2 4
13 15 4
5 8 4
7 10 7
7 10 2
19 22 4
6 8 1
18 21 4
14 17 4
9 12 6
7 9 4
21 22 2
15 17 7
18 21 4
11 16 5
4 6 4
12 13 7
11 13 4
13 16 2
21 1 5
18 21 4
23 2 7
15 18 1
17 21 3
6 9 7
1 4 2
15 18 7
20 0 3
20 1 4
3 7 6
18 20 6
20 23 1
12 16 1
6 9 2
11 14 5
0 4 1
21 22 2
14 17 6
17 20 5
17 19 7
1 5 2
21 2 3
13 17 5
13 15 6
20 23 4
16 19 3
3 8 4
16 18 3
18 19 7
17 20 2
15 18 2
15 19 1
13 16 4
4 4 3
1 5 1
21 0 5
22 1 4
2 6 6
13 16 2
15 19 2
6 10 7
10 12 7
6 10 3
14 17 3
22 1 5
7 8 4
4 7 5
6 10 4
16 20 6
16 18 6
8 11 1
1 3 5
19 22 4
17 19 3
17 18 7
9 11 5
6 8 7
15 19 7
11 13 2
0 2 3
11 13 5
3 6 7
20 0 5
11 14 3
1 4 6
0 1 7
2 5 2
1 3 6
2 4 6
2 4 5
23 2 6
19 22 6
3 5 4
14 16 4
9 13 4
17 20 6
15 17 7
2 5 1
16 18 7
