500 18
9 8 3 3 5 2 2 6 2 2 6 4 7 4 5 1 3 10 
19 23 13
5 7 12
9 12 4
21 0 13
0 3 15
20 22 18
12 15 7
18 22 6
15 17 15
8 13 11
0 3 9
5 8 10
17 19 12
15 19 9
22 4 8
22 0 14
13 15 1
1 5 18
5 9 6
12 15 2
11 13 10
23 1 10
10 14 17
19 23 1
19 21 11
1 2 16
3 7 12
22 22 12
6 9 16
3 5 4
12 15 14
15 16 11
10 14 9
18 21 3
4 6 6
14 17 2
13 17 6
16 21 9
2 7 14
14 18 10
5 9 10
15 17 8
23 3 15
9 13 1
18 21 14
12 15 17
0 2 17
20 0 3
8 11 15
5 7 11
16 19 15
11 15 17
19 21 7
22 2 4
0 4 2
6 9 9
21 23 9
20 23 6
11 14 16
5 9 4
7 10 16
6 9 17
19 20 13
3 5 13
22 0 14
20 22 8
16 19 1
21 22 9
13 15 3
0 3 4
20 21 17
13 16 14
4 7 3
1 2 18
19 23 7
10 13 15
10 12 14
22 1 9
3 7 8
3 5 4
21 0 14
12 15 16
22 22 13
10 13 5
7 12 3
12 15 10
19 22 4
6 9 15
7 8 11
18 21 17
13 14 14
9 14 13
0 3 8
13 17 10
2 5 6
21 23 11
1 2 5
14 17 18
1 3 14
0 2 11
22 1 9
19 21 8
23 2 12
19 21 5
1 4 2
23 3 5
8 11 2
9 13 18
2 5 5
0 2 18
16 21 8
0 2 5
10 14 13
5 7 11
0 2 5
22 0 5
7 11 1
23 3 6
2 4 11
20 1 15
12 14 10
22 0 5
10 13 6
9 12 11
17 19 12
4 8 3
7 11 13
14 16 17
4 7 7
19 22 12
6 9 4
0 3 9
2 5 7
13 15 17
13 16 13
20 1 17
11 16 12
3 7 2
11 14 11
10 13 3
9 11 11
20 23 17
3 5 2
22 0 10
19 22 17
20 23 16
0 3 8
22 0 12
22 23 15
22 3 1
15 17 14
20 22 6
7 7 10
13 17 11
2 5 1
19 22 13
14 16 10
20 22 4
17 19 2
23 1 16
2 5 18
6 9 15
18 21 8
18 19 7
9 12 14
6 8 10
4 6 14
3 6 15
21 0 10
0 2 8
7 8 12
10 13 14
0 4 4
10 11 13
12 17 15
15 18 4
23 0 7
8 9 8
18 21 12
9 12 16
17 20 6
17 20 12
4 6 16
10 14 8
16 18 17
10 12 15
10 13 2
13 17 16
20 22 1
20 22 16
19 22 13
18 19 6
20 1 12
15 17 5
19 22 7
7 10 15
15 16 18
18 22 10
2 3 18
0 1 13
1 4 10
8 10 17
23 1 2
2 5 18
2 5 12
5 8 13
0 5 18
16 18 5
1 4 6
16 19 14
9 12 4
18 20 16
11 14 8
18 20 7
21 23 1
6 10 12
1 5 6
7 10 8
23 0 13
16 18 14
14 16 15
21 1 3
6 9 1
12 16 18
10 12 13
23 3 1
22 1 16
3 7 4
1 3 5
11 13 16
18 18 10
20 22 16
19 21 15
14 18 13
9 12 7
9 12 6
0 2 2
11 15 9
0 3 4
13 16 14
19 21 7
3 7 14
22 2 16
7 9 16
18 20 4
19 21 12
5 8 11
14 19 8
3 7 13
3 5 6
8 12 16
18 21 12
8 10 7
10 14 11
22 1 15
7 10 13
13 16 1
22 2 5
1 3 9
17 20 7
0 4 3
0 2 2
4 5 15
6 9 18
16 19 4
7 12 6
9 13 11
20 22 17
22 0 9
2 5 10
19 22 1
11 14 9
5 8 9
0 3 12
9 11 6
18 22 17
6 10 2
11 13 17
1 4 2
20 22 16
18 20 9
18 20 12
7 8 10
5 8 15
12 17 9
7 9 3
3 5 18
2 5 4
7 11 3
11 14 4
13 16 17
5 9 18
17 20 2
15 16 18
17 21 8
20 0 3
15 17 13
0 3 13
19 23 2
22 0 14
14 17 17
11 13 6
4 7 14
17 20 18
0 3 6
7 9 7
14 18 2
5 6 9
6 8 5
7 8 7
6 9 5
13 17 2
0 2 5
11 14 11
11 13 9
6 6 12
7 10 17
19 23 3
14 15 17
4 6 10
17 20 9
11 13 6
8 10 10
20 23 17
1 3 13
23 1 3
0 3 1
5 7 9
18 21 15
4 7 15
6 9 13
1 3 9
10 13 17
9 12 10
3 6 3
5 10 12
4 6 1
10 11 12
22 1 17
19 21 10
12 16 2
21 2 5
14 15 10
22 1 9
0 3 16
15 17 8
3 7 7
23 2 9
1 5 14
8 13 15
19 22 7
16 17 16
3 5 12
4 6 1
3 6 6
13 17 2
5 8 3
3 6 15
19 21 11
23 2 10
16 18 1
1 4 16
10 14 14
11 14 5
5 8 1
1 3 14
20 23 5
2 4 5
11 15 18
11 15 18
23 1 17
17 20 17
15 18 3
23 2 4
16 19 6
18 20 8
5 9 4
19 21 11
14 18 10
0 2 18
8 11 18
18 21 11
4 7 17
15 20 18
7 8 14
16 19 17
21 23 5
19 21 9
5 9 7
17 21 12
2 4 2
5 9 15
21 23 5
15 18 17
16 18 18
6 11 4
19 23 12
11 15 2
3 6 14
16 20 12
0 3 9
8 12 3
20 23 6
8 10 6
0 5 13
4 7 3
3 6 18
7 10 2
22 2 11
19 22 8
3 5 14
13 16 2
23 1 9
23 2 18
11 14 1
18 20 2
16 18 15
17 20 5
1 3 6
17 21 15
8 11 16
20 23 7
17 19 1
4 9 11
7 11 11
8 11 15
3 6 7
0 4 15
13 16 16
10 13 10
2 5 15
20 22 18
17 20 1
12 16 3
17 22 14
11 14 4
21 23 17
14 17 9
14 17 7
9 13 8
6 10 13
11 14 8
2 3 2
8 9 10
22 2 8
10 14 9
16 20 3
7 10 14
3 6 15
18 20 10
22 2 6
6 9 17
15 18 9
18 23 15
7 11 9
22 0 2
21 0 2
3 6 14
11 16 13
23 3 18
14 17 7
14 19 7
12 15 4
2 5 4
15 18 3
16 19 10
8 10 11
6 8 5
12 15 14
9 11 14
4 7 18
22 2 10
10 14 13
3 6 4
2 4 6
10 14 13
2 4 14
16 17 5
13 17 2
22 2 7
20 23 15
2 3 5
2 5 15
15 17 4
8 11 8
13 16 1
18 21 3
15 18 14
8 11 16
5 9 17
14 18 9
7 10 10
15 18 8
16 21 9
9 11 4
20 0 2
7 8 9
15 18 13
19 23 9
14 17 16
