1000 13
2 5 3 2 7 2 7 4 5 7 4 3 10 
12 14 13
3 7 11
3 8 10
1 5 6
5 9 1
9 13 11
12 16 8
17 18 10
10 12 13
4 7 10
18 20 12
10 14 12
7 10 1
6 8 6
23 3 9
3 5 3
17 20 5
2 4 12
5 8 3
12 16 1
12 15 12
21 23 9
10 12 9
2 8 7
12 17 3
4 6 8
23 2 4
2 3 10
9 11 6
19 23 4
0 2 13
21 1 9
1 5 12
15 17 11
9 10 1
12 14 13
22 2 11
2 4 10
14 16 1
7 9 12
0 6 3
14 17 3
23 3 13
13 14 7
8 13 7
1 4 4
16 19 1
20 1 11
2 6 12
20 0 9
9 12 10
19 22 1
23 2 8
0 3 11
1 5 7
21 0 6
11 14 2
13 17 13
5 8 7
17 22 12
4 5 7
5 8 7
17 19 10
12 15 3
0 2 8
4 7 3
9 12 5
1 2 8
8 13 13
18 20 11
22 23 5
1 2 1
2 5 5
22 0 9
6 9 6
18 20 12
12 15 2
5 8 13
14 16 5
0 2 9
10 13 13
6 9 13
1 2 13
23 2 3
6 9 6
15 18 5
4 6 3
15 17 3
6 10 12
9 10 5
0 3 7
15 19 7
0 4 5
23 2 5
1 3 4
7 10 7
2 5 7
2 5 10
16 19 9
10 13 12
8 12 13
14 18 12
23 4 13
10 14 4
21 23 12
18 22 2
16 21 12
7 11 5
11 14 2
16 20 9
10 13 11
1 3 8
11 14 11
12 16 6
3 7 10
6 8 10
5 8 6
13 13 2
22 23 8
7 9 13
13 17 4
22 3 1
21 0 9
2 6 3
21 1 1
8 11 7
4 8 11
1 5 4
13 16 9
23 2 11
8 11 13
8 12 12
14 16 13
3 6 13
22 1 9
20 22 4
22 2 3
13 16 9
17 21 10
1 4 5
20 1 8
16 21 9
10 14 8
5 6 9
8 11 1
12 14 8
1 5 9
2 5 10
16 20 4
15 17 3
5 8 13
8 10 2
7 10 2
13 17 12
4 7 6
4 8 7
12 16 2
5 7 7
22 1 3
18 21 11
6 9 7
19 23 12
7 10 6
11 14 2
12 17 6
6 10 11
8 9 6
10 14 4
1 3 8
8 11 11
0 4 10
2 5 2
9 13 4
20 21 11
1 4 13
22 2 4
8 11 12
18 23 10
16 20 7
1 4 10
8 12 10
4 8 13
8 10 7
22 1 13
7 12 6
18 23 9
3 7 6
6 9 1
13 15 4
6 10 3
4 8 10
18 22 7
5 7 4
16 20 1
14 17 5
16 18 11
5 9 12
10 13 13
12 15 5
3 7 8
8 10 10
19 21 8
20 0 9
2 5 5
17 21 12
1 4 4
10 14 9
17 21 7
5 6 8
10 14 11
12 15 8
2 6 9
9 13 9
12 13 2
11 16 10
18 23 10
1 2 4
11 13 11
0 5 2
3 6 10
5 10 4
4 6 11
4 6 5
4 7 10
0 4 11
20 23 13
8 12 11
6 9 7
10 12 9
3 8 11
17 19 11
1 5 6
22 0 10
17 20 5
8 11 2
1 4 3
4 8 2
15 19 2
10 15 7
1 5 11
4 6 3
12 15 3
12 15 12
21 1 5
22 1 10
19 23 12
6 9 13
2 5 10
8 10 11
22 0 8
11 15 2
3 6 12
6 9 8
1 3 10
17 20 1
20 21 2
14 18 12
18 20 6
20 23 8
14 16 11
6 9 2
9 12 12
6 10 13
19 22 10
3 7 5
18 20 4
18 21 8
4 6 12
19 20 1
0 4 9
12 15 9
21 0 2
17 19 6
8 12 6
3 6 11
17 21 9
17 18 2
15 19 5
12 16 7
20 0 3
17 19 1
2 5 1
6 10 1
15 18 7
21 23 5
5 8 1
17 21 2
21 23 8
9 11 3
19 0 1
13 17 5
14 15 10
20 22 4
15 18 5
13 17 10
18 22 1
23 2 10
14 17 7
19 22 7
4 7 6
8 11 10
1 5 4
18 22 12
19 20 2
10 13 11
22 2 13
17 19 6
13 15 10
15 18 5
11 14 11
12 14 9
18 21 8
20 23 4
6 8 5
23 2 13
3 7 6
16 19 4
10 13 3
9 11 9
9 12 8
7 9 2
19 22 4
12 14 13
21 0 13
21 23 1
17 22 11
14 18 2
17 19 1
8 11 10
2 4 12
18 20 1
18 22 2
9 12 6
12 15 12
1 5 5
23 2 9
15 18 12
9 13 1
20 22 11
7 9 11
12 15 9
16 20 11
2 4 1
19 22 6
13 16 8
3 5 10
2 6 1
21 1 10
19 22 12
2 5 12
12 16 12
8 11 4
16 20 13
17 18 12
8 12 5
19 1 10
10 13 2
8 12 12
5 8 4
18 20 3
22 2 8
15 18 4
9 13 8
21 1 9
1 4 2
12 13 10
9 11 9
13 15 2
20 23 8
8 12 10
12 15 4
1 4 7
14 17 12
12 15 4
10 13 10
12 15 12
12 16 6
2 4 10
5 9 1
15 19 5
21 0 8
18 22 11
10 14 8
16 20 2
13 18 13
4 5 12
6 8 9
15 20 2
16 21 4
14 17 12
11 13 9
23 1 11
19 20 11
18 20 13
16 20 7
7 9 5
23 2 1
0 3 4
13 15 1
16 21 8
17 19 10
4 6 12
4 6 2
13 17 7
6 8 12
13 15 3
19 22 12
7 11 12
23 3 13
21 23 11
20 22 1
4 8 1
16 19 6
9 10 8
12 15 13
1 3 5
6 10 7
9 13 6
1 5 2
21 0 11
19 21 12
2 5 12
2 5 12
4 7 2
10 15 9
1 3 3
2 5 6
8 11 4
17 19 10
17 20 12
17 21 13
13 16 2
7 10 6
0 3 12
15 17 6
11 14 3
9 13 2
18 21 2
6 8 7
11 15 7
1 4 3
21 1 6
12 15 1
17 21 1
14 17 8
11 16 7
23 1 10
6 10 12
7 9 8
13 17 2
18 22 7
19 22 2
18 21 12
10 13 8
3 8 7
9 12 6
17 20 10
5 8 6
4 8 2
9 13 11
8 12 13
21 23 3
18 20 7
6 10 3
2 5 2
11 15 8
5 8 11
3 7 2
16 20 6
1 7 13
4 7 3
15 16 11
8 12 3
15 18 10
0 3 13
14 15 5
11 14 7
13 16 12
12 16 2
21 1 11
11 13 7
8 11 5
0 3 10
4 8 1
3 6 3
16 19 12
4 8 12
8 11 9
20 21 9
5 8 4
23 4 2
4 8 12
10 14 5
17 20 10
15 17 10
10 14 13
4 7 6
10 13 6
10 15 5
19 21 9
23 0 10
12 14 1
8 11 5
11 15 12
22 1 12
8 11 2
4 6 3
16 18 2
10 13 3
20 23 12
21 0 6
21 1 4
23 1 5
5 8 13
22 2 6
10 12 11
12 16 9
9 13 3
17 20 7
17 20 13
22 2 13
17 18 7
21 1 13
17 19 6
13 17 5
7 11 3
10 12 10
22 23 6
2 5 7
4 7 8
20 1 2
13 14 7
0 3 6
19 22 6
18 20 7
16 19 5
15 19 13
12 15 13
12 15 13
11 13 6
10 13 11
18 22 3
5 7 10
23 3 8
16 18 3
0 4 5
20 23 3
12 16 4
14 16 10
3 7 10
7 10 12
20 22 10
21 2 7
2 5 11
20 22 4
4 7 2
2 7 12
14 17 2
7 9 2
18 21 13
6 7 10
0 1 3
5 10 4
19 22 12
14 16 11
19 0 11
7 9 12
14 18 2
16 18 9
2 7 11
0 3 2
7 8 2
4 6 4
23 3 8
17 20 3
4 5 3
13 16 8
7 10 12
23 3 10
20 23 9
2 5 13
19 21 3
16 18 7
18 20 3
15 17 12
11 14 5
16 20 8
6 9 6
13 16 3
10 14 7
16 19 7
7 9 1
0 3 7
2 5 3
13 15 4
22 1 7
10 13 11
15 17 3
2 6 13
21 1 5
5 8 4
22 1 13
8 11 3
4 7 3
18 21 12
22 1 4
16 18 1
12 15 6
13 18 8
6 9 12
19 22 10
12 16 5
3 7 4
16 17 3
17 20 8
5 8 6
10 14 7
23 1 2
7 9 12
20 0 11
13 16 7
4 5 11
14 18 12
15 18 13
2 6 12
23 3 6
18 21 1
19 22 2
4 7 6
10 14 11
22 0 13
8 11 10
13 15 10
7 9 11
3 7 1
11 13 10
14 16 8
22 0 6
7 12 5
9 12 5
23 2 2
17 20 9
18 21 12
18 18 12
11 15 1
0 2 2
20 23 1
8 13 10
3 5 9
3 8 13
21 23 1
17 18 2
10 13 10
12 16 13
12 14 8
9 11 4
14 16 13
2 6 2
14 15 2
14 18 5
2 4 7
13 17 10
8 8 5
10 12 6
8 10 7
17 21 6
20 22 4
22 23 9
8 12 11
11 13 9
7 10 3
11 15 9
19 23 2
21 0 8
19 20 5
22 0 1
6 8 13
11 15 10
19 22 8
10 13 4
17 20 2
5 8 6
16 19 11
7 9 1
14 17 3
3 5 1
3 7 2
18 20 3
10 12 7
19 20 13
16 19 13
9 12 1
20 22 3
19 22 6
0 2 4
13 15 13
20 23 4
4 6 6
12 15 7
0 2 9
10 13 2
14 19 10
13 20 13
4 7 12
12 14 4
16 19 8
11 13 13
1 5 7
4 6 11
3 5 10
8 12 7
1 4 12
17 19 4
7 9 2
5 8 5
6 9 13
3 6 11
3 7 9
11 14 8
18 20 7
16 20 3
7 11 11
20 22 2
5 9 6
5 7 6
21 1 5
20 23 13
11 15 13
0 3 9
1 2 11
22 1 1
21 0 5
8 10 7
10 14 8
1 4 3
20 0 8
18 22 1
21 23 2
10 14 6
14 15 3
21 22 9
7 11 10
9 12 11
3 6 9
13 15 9
15 20 11
15 19 7
14 17 4
7 10 3
3 6 11
4 7 7
4 6 10
3 7 3
16 20 2
2 5 4
12 13 4
6 8 12
17 20 10
8 12 9
16 18 12
20 0 7
9 11 11
17 20 10
0 5 10
3 7 3
14 18 5
13 16 6
7 10 11
0 2 11
6 8 11
15 20 7
20 23 1
7 10 11
23 2 2
7 11 10
7 9 13
8 12 4
4 6 3
22 22 9
9 13 6
18 21 11
1 5 9
14 17 7
8 11 5
8 12 1
3 8 7
5 7 8
15 20 7
4 7 2
18 22 7
21 0 10
7 8 1
3 6 8
1 3 9
8 13 5
4 5 12
23 2 13
23 3 6
14 17 11
8 12 2
18 22 1
10 15 7
4 7 8
15 18 8
16 21 4
11 13 12
2 4 11
16 19 6
8 10 4
21 1 8
7 10 7
19 23 3
11 15 1
15 18 9
0 5 12
14 17 9
14 17 11
3 8 6
17 21 12
21 2 6
9 12 13
22 1 7
22 2 4
12 15 13
14 16 2
17 19 1
0 4 11
15 19 4
21 23 5
3 6 11
7 8 4
4 7 7
10 12 13
3 5 6
15 17 10
5 10 1
10 12 11
10 14 1
15 16 6
19 22 5
16 21 9
21 23 10
16 19 3
3 6 2
7 9 7
21 23 10
19 21 4
4 8 1
17 21 2
21 1 11
19 21 1
0 1 11
10 13 9
1 2 11
11 13 6
17 20 7
17 22 10
2 5 2
11 15 9
6 8 8
9 9 12
18 21 2
12 15 6
19 22 1
20 2 10
23 2 4
1 3 1
20 23 13
23 2 2
6 11 8
8 9 1
18 22 3
10 13 5
10 13 3
0 3 2
0 3 10
5 8 1
7 11 8
16 19 12
6 9 12
20 23 9
10 13 11
10 13 8
0 2 11
16 21 9
8 12 10
17 21 11
18 22 11
23 2 10
17 18 4
21 0 6
1 4 3
4 8 4
3 7 8
15 18 4
11 14 2
4 8 12
11 12 5
5 8 6
13 16 7
13 16 6
14 17 5
14 17 4
7 12 3
18 21 12
0 2 3
4 5 12
9 12 7
22 0 13
5 8 7
4 6 7
13 18 5
5 8 8
14 19 6
9 11 8
2 5 4
17 20 12
18 22 5
20 22 5
7 10 6
0 3 3
10 13 8
12 14 8
4 9 1
23 1 13
16 18 2
19 23 11
11 16 2
23 1 10
11 13 5
16 18 7
3 8 13
11 12 1
4 8 4
20 1 7
14 18 4
22 23 9
4 7 4
19 20 10
20 23 6
18 20 8
3 5 13
5 8 4
14 17 10
17 21 8
2 6 6
16 18 5
2 5 11
2 5 12
19 22 12
19 22 11
0 3 10
18 22 10
0 4 1
2 6 7
5 7 6
22 2 4
17 20 7
4 6 3
10 13 8
22 3 8
12 15 2
4 5 5
15 18 9
12 15 7
7 10 4
10 13 11
10 11 4
18 21 5
2 6 4
9 12 9
4 8 8
12 14 2
17 19 6
4 7 2
18 21 12
23 2 11
6 8 4
9 13 7
2 5 3
11 14 1
2 4 7
17 19 5
22 3 4
13 17 9
12 16 3
16 18 6
17 19 11
23 3 8
21 0 8
6 9 5
19 23 9
11 14 5
11 14 2
23 3 9
20 23 5
5 7 9
19 19 4
22 1 13
16 20 10
