1700 18
1 2 6 10 9 8 3 8 10 7 4 6 8 8 9 5 6 10 
10 13 13
13 16 13
6 10 9
8 10 13
10 13 14
15 18 14
17 21 6
3 7 2
9 12 14
8 13 1
19 21 18
15 18 9
6 8 11
0 4 4
5 9 18
19 21 7
18 21 11
2 4 10
1 4 11
8 12 14
1 5 3
14 16 10
9 13 7
17 21 9
22 2 9
8 11 11
20 0 9
2 5 3
10 13 3
2 4 8
21 23 1
19 22 7
15 19 5
19 1 18
4 7 15
22 2 1
4 7 4
16 19 5
7 9 7
13 16 13
18 22 6
4 8 15
20 23 7
6 10 10
22 1 9
12 16 14
7 10 2
1 2 18
8 11 16
5 8 16
1 4 12
15 18 13
8 11 12
8 12 10
20 23 7
7 11 11
16 19 18
7 11 4
1 3 12
9 12 7
4 5 8
16 21 12
22 1 12
18 23 7
15 18 16
19 22 17
4 7 11
10 10 12
23 0 8
1 5 8
13 18 17
2 7 10
22 2 1
9 12 5
16 20 1
23 2 9
20 23 5
6 9 8
2 4 11
6 7 11
3 5 5
5 8 13
19 22 8
22 1 4
12 15 4
18 19 1
2 5 9
6 8 2
2 5 3
4 8 8
20 0 11
3 6 11
19 22 2
21 22 10
5 9 16
11 16 17
16 20 16
9 11 2
0 3 9
6 10 3
20 22 14
12 16 11
1 5 2
22 0 14
5 6 12
8 11 1
21 1 13
6 8 10
23 3 12
17 22 3
14 17 16
9 12 16
18 23 15
9 12 9
2 3 17
6 9 6
10 14 12
9 11 2
0 3 15
9 12 9
5 9 13
12 17 13
5 8 2
20 23 10
9 13 3
18 22 8
3 6 7
21 22 1
3 6 2
6 10 4
23 0 12
19 20 14
17 21 4
9 11 10
4 6 13
20 23 2
21 23 11
20 23 17
15 18 13
12 13 2
12 14 11
20 23 16
3 6 15
3 6 10
2 6 13
5 9 18
13 16 12
10 13 12
9 12 18
7 10 1
15 18 5
3 6 9
7 10 14
2 4 5
21 23 9
5 8 7
11 13 3
15 18 6
10 13 12
4 8 17
13 15 2
0 3 4
5 8 10
2 3 7
12 16 2
9 11 15
0 4 4
10 14 6
5 8 18
23 2 16
12 15 2
20 0 5
17 21 11
17 18 8
16 20 4
5 6 12
1 4 13
4 9 18
13 17 8
12 15 15
17 20 12
21 0 4
23 1 16
11 12 17
1 8 9
12 16 6
5 6 13
3 7 6
4 8 18
21 23 5
23 2 14
14 18 3
6 8 15
2 5 8
21 0 3
16 19 11
22 1 17
9 12 8
1 5 12
20 21 9
19 21 8
12 13 10
6 9 12
21 2 12
16 21 1
17 22 18
3 4 7
21 0 17
4 7 2
11 13 6
6 9 17
1 4 15
19 22 3
11 15 16
3 4 8
5 9 8
9 11 10
13 15 5
4 6 11
6 10 8
16 19 12
5 9 13
16 19 1
7 10 16
18 21 2
12 14 10
13 15 3
18 20 13
12 14 14
20 1 16
6 8 15
13 16 18
4 8 1
18 22 16
19 22 4
21 23 2
6 10 3
2 2 9
4 7 11
15 19 7
6 10 11
2 6 6
15 18 14
6 7 16
20 23 17
8 13 11
15 18 5
7 8 11
22 3 10
21 1 7
7 10 17
10 14 8
7 10 14
8 10 6
16 18 15
15 18 15
3 7 3
1 4 4
14 17 9
7 11 6
4 8 7
10 13 13
6 8 2
16 20 16
17 21 8
7 9 17
11 14 14
21 23 3
12 15 2
19 22 2
17 20 5
16 21 18
20 22 6
20 22 10
17 20 17
7 9 8
6 8 10
7 11 12
10 15 5
23 1 3
18 22 16
20 22 13
12 14 9
13 17 14
11 12 14
6 11 14
5 9 16
23 2 7
22 2 16
14 16 9
10 13 16
8 9 18
6 7 12
19 21 10
10 13 3
11 14 14
22 0 6
5 10 5
0 3 1
3 7 8
7 10 17
2 4 14
6 10 5
21 23 4
11 14 12
15 20 17
18 22 3
17 20 16
18 21 17
21 23 12
11 14 16
18 22 1
9 11 17
19 19 16
0 2 13
15 19 7
9 13 3
11 14 6
19 22 8
16 19 16
22 1 12
15 20 12
16 19 12
20 23 14
0 4 10
7 10 13
1 4 13
15 16 8
4 7 10
15 17 14
17 20 3
15 17 4
19 22 3
8 11 11
15 18 12
5 7 9
1 4 2
19 21 2
15 20 18
3 7 18
3 6 14
17 20 12
20 23 7
0 4 15
6 8 12
21 0 11
7 10 11
19 23 9
11 15 18
5 8 4
2 5 16
13 17 14
19 21 18
19 0 17
3 7 8
12 17 11
10 13 14
22 0 6
2 6 4
1 4 13
23 0 9
4 7 16
0 2 15
11 13 13
15 17 18
22 2 8
10 15 3
3 8 10
12 15 7
21 23 3
3 4 7
19 23 14
8 9 17
15 18 12
18 21 7
15 19 15
3 4 13
10 12 13
5 7 14
21 2 14
0 3 1
3 6 18
3 6 7
3 6 9
15 19 6
15 17 18
4 7 14
16 20 5
20 23 7
13 15 9
5 8 11
17 20 1
7 10 17
11 15 9
1 4 13
23 3 7
6 8 1
21 23 3
22 2 2
1 5 18
2 6 13
2 5 5
17 19 17
9 11 3
12 17 18
20 23 15
1 4 2
19 22 1
17 21 9
9 11 2
15 17 13
6 9 6
4 6 6
17 20 4
1 4 12
7 11 11
16 19 7
11 14 15
9 11 5
5 6 5
16 19 17
17 19 1
1 5 14
14 17 13
7 10 1
16 18 1
14 17 8
11 14 3
1 2 18
3 6 18
19 0 10
10 13 11
21 0 2
9 11 14
15 17 2
13 17 7
18 21 11
5 8 7
14 16 12
6 9 5
15 18 8
20 23 7
8 10 13
16 20 8
16 20 2
5 8 5
16 19 18
9 13 11
21 23 1
14 18 6
3 6 15
3 5 17
13 16 15
14 16 5
23 2 15
9 11 15
2 6 1
18 22 16
5 9 4
11 15 15
13 15 7
20 23 4
4 7 3
12 15 3
10 13 14
9 11 14
10 14 8
9 12 15
2 7 18
23 2 4
7 11 2
3 6 13
4 6 10
8 10 6
7 10 16
23 1 17
11 16 9
8 12 3
11 15 5
7 11 4
5 9 10
1 4 16
21 0 2
13 16 7
0 2 10
11 15 10
21 0 4
5 6 8
13 15 15
20 23 4
10 14 4
17 22 2
23 3 16
0 3 5
22 0 9
13 16 14
9 12 9
0 3 7
3 7 7
0 2 16
18 19 10
14 18 4
17 22 9
9 13 10
17 19 18
9 11 10
21 1 13
3 6 14
18 21 18
15 17 14
0 4 4
20 23 15
20 23 10
2 5 7
0 4 6
19 21 17
23 1 6
9 13 4
12 13 1
16 20 5
15 16 16
4 7 6
2 4 17
0 4 18
19 23 5
4 5 5
18 22 17
14 14 13
11 13 18
3 7 13
18 21 1
1 5 6
14 16 1
5 7 12
4 7 3
16 20 14
10 13 13
6 11 12
15 18 17
15 18 10
8 11 17
2 4 11
5 8 18
20 0 5
13 16 1
11 14 17
19 23 5
13 16 16
19 23 3
16 21 4
10 14 16
6 9 3
0 3 3
18 20 2
0 1 18
20 1 5
5 8 9
1 4 5
7 11 16
5 8 6
16 19 9
19 21 16
13 17 5
5 7 16
15 20 6
19 1 16
4 7 8
1 4 5
4 7 17
21 23 1
14 17 17
0 5 18
11 16 16
21 23 1
3 6 11
4 6 15
17 20 1
20 23 4
8 10 16
12 16 11
0 4 6
14 17 14
11 16 10
15 16 13
14 16 6
14 15 14
21 23 15
2 5 10
8 11 4
7 9 9
3 5 8
22 2 12
2 5 16
0 4 8
17 19 2
3 6 4
23 2 9
8 12 1
3 7 16
15 18 7
10 12 1
13 15 17
21 1 7
1 5 5
16 18 16
16 19 4
22 23 17
6 11 15
23 1 3
7 10 9
9 11 15
7 12 7
10 13 13
23 3 15
0 3 9
22 1 17
21 0 16
8 11 11
0 1 1
16 18 17
17 19 9
20 0 12
19 23 10
12 15 16
9 12 4
15 18 6
11 15 6
12 15 15
19 23 13
13 17 6
6 8 16
18 21 10
1 5 3
23 2 1
11 14 15
0 2 15
1 3 15
15 17 7
17 20 11
8 12 6
7 8 2
20 0 1
21 2 6
20 21 17
20 0 5
14 18 9
15 19 16
11 13 12
4 7 5
21 23 18
13 15 16
14 17 4
11 14 17
4 6 14
18 21 2
13 16 4
20 0 4
11 14 2
1 3 17
9 14 18
18 20 8
19 22 9
17 19 6
13 14 17
17 19 11
14 18 12
13 17 18
17 18 11
10 13 8
3 3 7
9 11 3
13 16 2
8 13 16
9 10 11
4 7 15
10 13 11
7 8 7
7 8 1
5 9 5
22 1 9
12 15 7
14 16 14
20 23 9
21 0 7
13 15 4
16 19 11
1 4 11
5 10 17
12 16 2
8 11 13
16 19 8
9 11 17
8 9 5
1 3 1
15 17 16
10 13 12
13 16 8
19 0 6
2 4 17
19 23 7
18 21 10
9 13 17
19 22 12
10 12 12
18 21 15
6 10 5
7 10 6
8 11 1
22 1 13
3 5 14
19 22 16
4 7 6
6 8 10
21 0 15
10 13 18
10 13 15
4 7 14
18 22 6
5 8 14
20 23 15
3 5 6
5 5 13
15 20 1
1 5 17
12 14 6
19 21 11
14 15 10
14 17 5
22 2 11
14 17 9
20 23 4
11 14 12
17 19 4
9 11 13
17 21 17
21 1 10
17 19 7
17 21 1
3 6 8
9 12 11
14 17 11
8 8 7
1 5 7
3 6 14
11 13 12
1 4 17
7 10 13
21 0 16
3 5 6
5 9 14
3 6 4
6 10 10
22 2 9
14 16 17
18 22 18
10 13 6
11 14 15
5 7 12
8 11 4
10 13 5
10 12 7
22 0 6
23 3 2
2 3 3
3 6 7
7 10 3
8 10 9
10 11 10
16 19 17
7 9 15
0 2 18
19 20 8
11 12 10
9 14 1
5 8 15
1 3 17
9 12 2
20 21 1
11 15 3
12 16 9
12 14 15
0 3 4
17 19 18
23 3 9
8 12 14
21 0 1
7 9 17
22 1 18
6 9 7
17 18 10
19 23 14
20 23 17
5 7 7
13 17 8
7 7 17
6 9 2
12 16 1
17 19 3
17 19 18
10 10 12
3 6 17
8 10 15
7 11 4
20 0 18
2 5 13
16 19 9
19 23 18
20 21 17
19 0 7
0 4 3
5 7 11
3 8 12
11 14 6
8 10 5
9 13 11
1 4 3
14 16 3
22 3 16
6 11 2
5 8 1
2 5 2
9 12 2
10 13 18
19 22 9
20 1 15
19 22 1
21 1 13
22 1 8
3 6 5
4 7 4
23 4 5
16 19 13
22 0 1
6 8 13
11 14 12
18 22 5
21 0 6
11 13 4
3 6 2
7 10 17
13 16 16
15 17 13
13 16 13
19 23 11
7 11 11
16 18 15
20 22 16
2 4 12
20 22 15
1 3 6
11 14 1
11 16 9
20 22 7
3 5 12
10 13 4
9 11 18
3 6 3
14 16 11
21 23 9
2 4 15
8 11 18
3 5 3
0 3 16
23 0 1
15 18 15
15 17 12
16 18 11
15 18 2
16 17 15
1 5 6
22 2 5
16 20 5
18 22 3
10 13 12
11 15 15
9 12 10
9 10 12
20 23 16
7 9 5
12 14 8
15 18 11
1 2 12
7 11 2
21 23 18
14 20 8
13 16 12
19 23 13
3 5 18
12 16 16
12 17 14
5 8 5
7 8 7
1 5 1
10 14 11
4 8 17
8 11 4
8 12 18
2 6 8
6 8 15
9 11 10
1 3 7
13 17 1
3 6 14
5 8 5
19 22 18
6 10 10
19 0 1
18 20 17
17 20 9
20 23 5
14 16 13
18 21 17
2 5 9
7 8 12
4 6 18
14 17 15
0 3 18
21 0 13
17 18 1
19 21 16
8 12 17
8 9 1
1 4 3
17 21 17
14 17 15
6 10 11
3 5 5
15 18 12
5 8 5
15 18 18
3 6 11
17 19 10
9 12 16
21 1 10
9 12 17
15 16 17
12 13 3
3 8 4
4 6 2
18 21 9
21 22 2
9 13 10
11 11 1
11 11 7
20 23 9
14 18 1
3 4 7
3 6 17
17 20 17
0 3 12
15 18 16
4 9 11
4 8 10
5 9 11
23 2 17
21 23 12
7 9 2
12 15 10
15 18 2
16 19 11
20 0 9
12 15 17
7 10 2
17 20 8
17 19 9
15 19 3
10 12 5
6 8 8
20 0 18
18 19 7
14 18 2
1 6 8
10 12 4
2 4 17
6 10 16
13 16 4
13 15 15
11 14 12
23 2 12
2 4 18
9 13 13
12 14 14
12 15 15
4 7 3
19 21 2
9 12 9
8 10 10
13 17 4
10 13 9
21 0 13
19 22 13
15 18 3
23 2 1
16 19 4
16 19 7
7 10 3
12 15 1
22 0 1
7 9 12
19 0 4
21 0 15
17 18 16
14 16 3
20 22 14
13 14 4
12 17 8
17 18 10
18 22 4
21 0 1
8 12 8
7 10 2
10 12 7
9 12 7
8 11 12
4 7 7
2 5 2
11 12 18
2 5 10
6 8 11
21 23 16
1 3 16
18 20 16
12 15 5
5 7 13
8 13 16
3 7 4
12 15 10
5 5 13
14 16 1
23 2 9
18 22 8
16 18 6
22 1 7
1 3 6
1 4 8
8 13 4
22 23 11
2 5 15
11 15 4
0 2 1
4 7 8
4 8 9
10 12 10
5 9 15
10 13 12
16 20 4
4 7 1
14 17 16
9 11 8
7 11 17
6 8 5
21 23 11
17 19 4
13 16 13
2 5 17
8 11 7
7 10 4
19 22 13
15 18 8
14 18 1
20 22 13
15 19 16
10 14 2
11 14 12
16 19 13
16 20 13
14 16 18
3 7 17
12 17 17
4 6 17
10 14 17
0 4 16
18 19 9
20 22 13
16 19 17
15 18 11
5 7 7
16 19 10
22 0 9
6 9 4
16 20 13
8 10 3
5 8 8
15 16 1
3 6 14
19 23 14
4 9 18
6 9 4
19 21 13
11 13 10
16 18 10
4 8 1
4 8 4
4 7 14
7 9 4
7 10 15
10 12 2
11 13 14
22 1 4
20 23 2
10 13 2
15 18 11
15 17 4
13 17 9
21 23 12
21 23 12
20 0 5
21 0 3
22 1 6
13 16 2
1 3 2
13 15 3
0 4 3
20 23 11
12 15 7
13 16 15
13 16 9
23 3 11
21 0 10
15 19 13
2 5 15
22 1 11
11 14 17
9 10 2
21 23 11
6 9 14
5 7 6
10 14 6
14 15 12
14 18 12
18 21 10
22 1 13
10 11 13
2 5 9
4 8 16
4 8 9
14 17 15
2 4 2
7 10 3
11 14 7
10 14 5
5 8 4
0 3 9
21 0 10
15 19 2
7 9 16
11 14 14
5 10 17
5 8 11
15 16 5
17 20 12
4 7 17
7 10 16
2 4 15
2 5 17
11 14 18
19 19 13
17 20 9
4 5 6
6 9 7
16 18 12
2 5 3
2 5 9
13 16 7
18 21 3
4 6 14
4 7 9
2 5 2
12 15 10
22 0 8
7 9 13
1 3 2
20 22 14
4 7 17
7 10 2
4 7 5
2 6 5
0 4 17
0 4 17
5 10 14
3 6 2
0 3 2
1 5 5
2 5 18
1 3 11
13 16 7
4 7 12
7 12 14
3 6 4
15 18 3
21 23 13
10 14 7
5 9 16
11 13 14
13 16 4
23 3 1
12 16 4
6 7 1
8 12 14
5 10 6
9 13 9
0 2 8
19 21 6
0 3 4
8 12 9
13 14 7
21 1 13
11 15 8
15 19 18
9 12 6
7 10 9
22 1 8
8 10 4
3 6 3
4 6 2
14 17 9
11 13 12
18 20 10
14 18 3
16 20 2
8 10 2
15 20 11
8 12 6
4 5 14
4 9 4
23 3 12
2 4 11
23 3 6
13 16 12
14 18 11
2 4 3
14 18 8
2 5 1
1 4 9
10 13 12
10 12 7
15 18 7
19 20 2
22 0 18
0 3 10
20 21 8
11 14 15
9 13 14
20 0 11
11 14 6
16 19 7
12 13 4
9 10 18
11 14 12
16 21 11
22 1 7
1 5 10
18 19 9
16 19 9
11 13 2
2 6 11
0 3 15
1 1 3
21 1 15
9 12 6
21 1 14
12 14 18
23 2 1
22 1 3
9 11 18
1 6 4
7 8 1
13 15 18
14 18 2
0 3 12
7 9 16
11 14 3
22 2 17
4 7 7
6 8 8
14 18 4
15 18 15
4 10 1
1 4 9
8 12 11
3 5 14
2 3 7
0 3 13
15 18 15
16 20 8
1 5 16
7 10 11
4 7 5
19 21 3
8 13 10
23 2 10
22 0 10
17 21 14
1 2 12
19 21 8
8 12 3
23 2 9
11 12 15
22 0 14
15 18 12
6 9 10
21 0 17
1 4 4
23 3 14
9 12 16
23 2 2
3 6 7
20 22 17
21 1 15
1 5 7
11 14 3
18 20 5
22 0 12
6 9 4
14 17 12
8 12 3
12 15 12
0 3 5
12 15 5
23 2 8
16 20 8
15 18 14
21 0 1
11 14 1
0 3 14
9 11 3
4 7 14
22 2 16
20 0 14
18 21 17
19 20 15
0 2 16
13 16 2
23 2 16
18 22 5
4 7 1
21 2 6
14 18 13
23 2 17
14 18 6
19 22 3
0 3 10
7 10 10
16 19 13
21 0 4
10 11 15
3 5 18
20 22 13
11 13 18
7 9 3
1 4 13
6 9 2
7 9 4
3 6 4
8 12 7
8 12 1
3 5 4
5 8 2
6 10 15
17 20 7
19 22 9
2 6 5
2 4 6
5 8 8
2 7 10
20 23 15
10 14 1
12 13 1
16 20 16
7 9 6
9 12 17
21 1 2
15 16 6
19 22 13
21 1 8
16 20 10
23 3 16
10 11 17
7 12 17
17 21 2
13 16 14
9 12 16
3 6 14
3 5 17
12 15 4
4 8 11
2 5 3
6 9 13
18 20 5
1 4 17
22 2 10
21 1 11
15 18 15
22 1 12
13 17 6
17 20 4
13 16 10
22 1 7
3 4 3
16 18 9
12 16 13
9 11 1
22 2 13
17 20 7
11 14 6
1 4 6
2 4 8
17 20 10
16 20 10
1 5 2
3 8 7
19 19 1
8 10 10
4 7 4
9 11 16
2 5 10
12 16 11
10 15 12
12 14 7
23 3 15
12 14 6
12 15 5
3 7 6
4 6 1
10 15 10
9 12 10
7 10 17
13 16 1
11 13 13
15 18 14
9 12 5
0 2 11
22 1 1
17 21 6
16 19 10
2 5 16
23 4 16
12 14 11
9 12 8
6 9 6
6 8 11
14 18 11
22 0 17
8 12 7
7 10 13
2 5 12
0 5 12
10 12 10
6 8 14
4 5 5
22 22 15
21 0 1
17 18 12
2 3 17
3 7 12
19 21 13
22 1 18
17 19 16
22 3 1
13 17 17
22 1 7
17 18 1
13 16 9
16 20 6
0 4 10
15 20 3
13 16 4
6 8 11
14 16 12
13 16 2
1 5 9
23 3 3
3 5 11
19 21 14
15 17 17
18 22 5
20 22 8
6 9 10
6 9 7
18 23 14
6 9 13
18 22 6
7 10 11
16 19 10
21 23 18
8 12 4
14 17 6
3 5 12
3 5 15
2 3 13
16 19 3
13 17 15
17 19 16
6 10 14
16 21 10
5 8 2
10 13 4
18 21 13
13 17 6
11 14 5
1 4 3
12 15 16
3 8 7
18 22 18
8 12 2
14 17 10
1 3 1
18 19 14
3 7 8
14 16 15
7 9 2
16 19 7
7 9 6
14 17 2
9 14 16
3 6 4
1 3 2
23 2 5
15 17 15
6 8 9
12 17 18
7 9 9
14 18 4
21 1 2
7 9 13
4 7 8
18 22 16
9 10 1
10 14 15
22 1 15
0 3 10
19 23 16
20 23 10
3 6 8
10 12 14
8 11 18
6 9 16
12 17 10
23 3 3
23 1 3
23 2 18
22 0 3
22 1 6
3 4 8
5 10 7
16 20 18
10 12 10
16 18 18
7 12 1
7 11 14
10 13 10
12 14 13
23 0 3
4 6 11
0 3 5
0 1 14
18 19 10
18 21 1
19 0 7
20 22 13
17 20 17
12 15 11
8 10 18
14 17 12
8 12 7
6 10 3
13 16 18
4 8 1
4 6 6
18 20 10
0 4 14
14 18 5
17 19 15
7 11 10
2 5 3
12 16 12
4 6 5
17 20 14
16 19 18
13 17 3
8 9 10
13 17 4
12 15 11
5 8 18
10 15 17
18 20 15
13 17 15
8 11 16
11 14 1
21 1 2
18 21 17
22 0 4
5 10 15
5 10 1
18 23 8
19 22 10
15 17 17
17 21 17
12 14 11
19 21 18
8 12 7
8 9 14
4 6 8
12 14 9
2 3 9
14 15 5
11 13 5
15 18 5
8 10 11
9 12 6
13 16 9
5 7 12
3 6 13
5 7 10
7 11 13
6 10 16
13 15 11
6 8 7
16 18 18
4 8 13
6 10 17
22 2 18
0 2 13
5 6 11
20 0 10
22 2 5
4 8 6
10 13 7
19 23 11
20 23 6
11 13 3
12 13 10
3 7 14
21 0 11
5 9 6
18 22 18
22 1 3
1 5 14
3 6 9
9 14 18
23 3 4
15 18 12
5 7 3
7 11 15
8 10 9
6 8 7
18 21 18
5 8 2
15 18 12
12 14 15
23 1 9
2 6 5
3 7 12
0 3 4
9 12 17
8 11 9
8 9 11
19 21 16
4 7 2
9 11 17
15 18 5
15 17 4
13 15 6
15 18 11
10 14 1
13 16 14
18 21 3
19 22 6
9 13 11
19 23 13
20 22 9
6 10 12
21 1 12
23 3 5
13 16 17
1 3 5
8 11 3
11 15 3
12 16 1
18 22 1
13 14 3
20 0 1
3 6 13
8 13 14
0 2 6
9 11 8
13 16 4
2 4 7
0 5 3
23 2 9
6 8 5
11 15 4
0 2 9
9 10 11
18 20 14
22 2 14
13 17 14
13 17 7
5 7 14
22 3 14
