1400 9
1 5 1 6 4 8 2 4 5 
23 3 4
23 4 2
13 15 1
19 20 8
12 15 5
14 17 6
11 13 7
13 18 7
19 23 2
13 16 4
9 12 4
18 23 3
19 22 3
3 5 9
1 4 9
16 19 9
12 15 3
4 8 6
11 14 8
7 9 8
14 17 8
9 13 3
0 3 6
2 5 9
12 16 8
4 7 2
20 22 6
19 23 2
18 23 5
20 21 6
2 4 9
1 3 6
4 7 5
13 15 1
7 11 6
15 18 6
21 23 7
9 14 4
21 1 4
1 6 6
18 20 8
22 1 6
16 18 6
1 3 4
11 16 2
7 10 8
2 5 7
18 20 8
13 16 4
21 23 1
6 8 1
20 0 9
17 22 8
13 14 6
9 13 9
20 22 6
22 1 4
22 2 2
18 20 4
6 10 5
4 7 5
12 15 9
4 5 7
1 5 8
9 13 3
3 7 8
23 2 2
6 8 4
6 8 4
11 15 7
4 6 4
18 21 1
7 9 6
0 3 6
22 23 3
23 0 1
7 11 2
8 12 2
15 15 6
13 17 1
22 2 5
4 6 1
22 23 7
11 15 2
9 12 8
20 23 6
16 20 7
12 13 9
3 8 9
16 19 9
12 16 9
22 2 1
4 7 5
12 14 2
7 8 8
8 11 8
14 17 8
11 13 3
19 22 5
4 7 3
6 8 7
0 1 3
17 21 8
9 12 9
21 23 9
1 4 2
0 0 8
4 7 6
7 11 5
13 16 4
13 16 6
9 12 4
19 22 1
5 6 6
16 18 2
10 12 5
4 7 2
17 19 3
11 14 6
0 2 5
12 16 1
7 11 2
9 12 1
23 23 7
9 11 3
22 1 4
4 7 9
14 18 9
15 19 2
21 0 6
17 20 6
12 15 8
23 2 1
22 1 3
9 12 5
17 22 8
14 17 1
13 17 9
10 12 2
12 14 5
23 1 2
21 22 8
1 4 2
5 8 5
19 22 7
8 11 5
12 16 6
4 7 9
18 20 6
10 13 5
20 22 5
17 20 6
6 7 2
4 7 5
12 13 2
9 11 7
13 16 4
1 3 6
1 3 9
15 17 7
11 15 1
4 7 6
23 1 7
1 4 9
13 16 3
12 14 5
10 14 3
10 12 2
11 13 9
1 3 3
21 1 3
14 17 3
13 17 2
23 2 4
16 19 2
10 12 9
16 18 7
14 16 5
15 20 4
8 12 6
10 14 8
13 17 2
19 23 8
12 15 4
16 18 4
21 0 5
7 12 1
17 21 3
22 1 9
1 1 6
9 12 1
12 15 1
3 3 2
4 7 1
5 8 3
9 13 3
3 7 2
17 20 7
10 13 4
15 19 3
12 14 6
2 3 2
1 4 7
0 2 9
9 10 7
2 7 8
3 8 8
14 17 9
5 7 5
6 9 3
10 14 7
3 4 8
16 18 4
12 15 6
17 18 1
4 7 2
2 5 7
1 3 1
2 6 8
20 0 8
7 11 3
19 23 5
16 20 3
0 3 7
2 5 6
23 2 2
21 0 1
0 5 2
1 4 4
10 15 7
2 4 5
20 22 1
17 21 2
20 0 4
22 2 5
22 3 7
7 13 2
10 15 6
17 21 5
21 2 4
3 7 3
19 23 6
10 14 9
10 13 8
14 17 2
10 11 4
3 6 3
19 21 1
14 16 6
9 11 1
13 15 8
8 11 4
22 1 4
1 4 1
8 11 6
14 19 7
23 2 5
5 9 6
8 11 8
23 0 4
16 18 4
9 10 1
16 17 1
5 8 2
15 16 7
20 23 5
3 6 5
8 10 6
14 16 9
6 8 8
8 11 3
6 9 2
22 22 1
10 14 4
3 6 8
22 23 8
9 14 5
19 21 8
4 7 8
18 20 1
10 13 9
1 6 6
21 23 9
2 6 1
7 11 6
20 22 4
15 18 2
0 3 9
22 0 8
7 10 3
19 0 3
4 7 7
4 6 2
9 11 9
22 2 9
4 5 9
20 23 9
9 12 7
19 22 5
22 3 9
13 16 9
2 6 5
10 13 6
19 20 1
8 11 2
10 12 2
19 23 3
12 13 5
1 3 6
21 0 3
11 14 5
19 20 9
21 0 6
10 13 4
10 15 3
21 0 8
2 4 4
21 0 6
13 16 1
11 15 5
7 11 1
18 21 6
16 21 8
22 2 7
1 4 8
11 15 8
22 1 2
1 3 9
19 22 9
13 17 1
7 9 3
13 16 2
20 22 9
14 18 5
4 7 9
1 2 5
22 0 4
17 20 1
4 6 2
22 0 1
1 3 4
18 23 2
11 15 1
16 19 8
19 23 4
23 2 3
18 21 7
11 14 6
21 23 5
13 16 1
20 23 3
1 3 8
23 3 9
11 14 8
3 4 9
3 5 9
14 17 1
22 1 4
11 14 2
2 5 1
2 7 8
7 10 1
4 7 4
23 3 9
20 22 9
6 9 1
21 1 8
10 13 4
12 16 6
3 6 1
22 2 3
6 11 9
13 17 9
19 21 4
15 18 8
15 20 3
17 22 8
19 21 3
8 10 6
16 19 1
18 20 6
0 3 3
0 3 1
19 21 6
21 1 8
12 16 2
8 11 4
3 6 5
1 8 3
23 4 2
11 14 1
8 11 4
2 6 9
7 12 5
12 15 3
16 19 3
9 12 2
0 1 6
7 7 4
6 9 6
1 3 7
1 3 8
18 22 3
23 3 8
19 22 2
20 0 2
13 17 4
6 8 1
22 0 1
6 8 1
2 5 9
22 2 7
21 2 6
5 8 1
17 18 3
15 20 5
15 19 2
17 20 2
22 23 6
4 8 1
6 10 8
11 14 1
0 2 5
0 2 4
11 13 1
18 21 4
3 7 5
2 5 9
17 19 1
13 16 8
2 6 7
12 15 7
13 15 8
19 0 2
18 21 9
23 1 8
14 16 9
9 12 4
11 13 5
11 12 9
1 4 1
4 9 2
6 11 8
0 3 7
4 8 1
23 2 7
10 14 9
11 13 7
18 22 2
15 18 2
0 2 3
5 8 7
0 3 4
9 13 5
18 20 4
7 10 5
16 19 9
5 8 9
11 14 6
9 11 5
14 18 5
7 9 7
23 2 3
12 15 9
2 4 6
5 9 8
17 22 4
0 4 7
13 16 3
11 12 2
7 10 5
1 4 4
3 6 1
8 11 9
13 16 1
18 20 3
7 10 5
1 4 5
3 7 6
8 12 3
19 0 2
1 4 8
16 18 4
4 8 5
12 13 5
14 18 8
4 7 2
22 1 2
18 21 7
16 19 7
21 0 6
22 1 2
5 7 9
10 14 1
11 12 4
5 8 5
19 21 9
8 9 9
20 23 5
10 11 8
22 0 2
18 21 4
10 14 5
0 3 3
15 18 1
14 18 5
10 11 9
23 3 9
11 13 8
21 0 3
3 7 8
16 19 4
10 15 9
10 14 1
16 20 6
23 1 2
5 7 6
13 15 3
2 8 4
14 17 6
11 14 9
1 2 5
8 11 5
22 3 6
7 11 3
4 7 9
4 8 8
8 11 4
4 7 3
1 6 7
10 14 9
14 17 1
6 10 4
16 18 2
4 6 2
17 21 9
20 0 5
3 5 4
20 22 4
18 22 3
23 1 6
4 7 8
8 10 3
12 14 5
15 17 7
20 23 5
14 16 6
18 23 7
20 22 7
20 0 1
10 13 4
15 17 9
8 13 5
2 5 6
15 18 5
12 14 9
8 11 5
21 1 9
9 10 1
0 4 3
23 1 8
12 16 5
1 6 1
2 4 4
7 12 3
18 21 3
16 18 6
16 19 6
4 8 8
5 7 3
15 19 7
19 20 7
14 18 7
9 11 3
15 18 8
1 4 5
6 8 1
23 1 3
3 7 1
22 0 3
10 13 6
14 16 3
23 1 7
13 16 1
15 17 5
18 20 7
9 12 9
5 8 4
17 20 5
12 15 6
9 11 6
22 1 6
2 5 3
9 11 1
4 7 2
7 10 8
10 14 9
21 23 3
21 0 2
10 13 3
13 14 5
22 2 9
20 0 5
13 15 1
23 3 4
12 14 5
10 15 6
11 13 3
11 15 3
9 12 5
5 8 4
9 12 7
15 17 1
23 3 5
2 5 8
9 11 8
0 3 4
11 15 2
12 15 7
18 23 6
16 19 4
17 22 3
16 18 5
4 8 3
17 18 8
19 20 9
19 21 7
12 14 2
14 16 9
1 3 8
6 9 6
19 0 7
15 18 7
20 23 6
12 17 3
23 4 2
16 20 8
17 19 3
11 13 6
6 10 5
14 18 5
14 17 2
15 17 2
13 17 8
17 20 3
2 5 9
19 22 5
15 18 1
11 16 2
23 3 6
0 4 3
5 9 2
21 2 1
12 16 8
5 9 8
15 18 3
4 8 4
10 11 3
17 21 1
3 5 7
4 9 6
6 9 4
16 19 4
2 4 8
13 15 6
13 17 8
19 23 5
8 9 1
17 19 2
12 14 9
13 16 8
20 22 5
7 10 6
8 8 6
6 8 7
14 16 1
23 2 6
20 21 2
1 3 7
0 3 1
0 2 9
19 23 4
6 8 6
8 11 9
18 22 7
19 20 6
17 20 1
15 17 2
1 4 6
14 17 2
4 7 1
7 11 2
1 4 8
21 23 5
5 8 8
13 16 4
6 9 3
21 23 8
19 21 2
1 2 3
4 7 9
23 2 1
22 1 8
15 17 6
6 9 3
17 19 9
0 2 4
20 23 8
8 11 7
19 22 8
3 7 3
22 2 9
21 4 5
12 16 8
4 5 9
16 20 7
1 5 1
6 9 3
2 5 7
2 4 2
8 9 1
11 14 6
7 11 4
1 5 6
13 16 6
16 21 2
18 20 5
21 0 3
9 13 5
8 11 1
2 3 6
21 22 1
17 20 7
21 0 2
4 6 3
8 11 9
7 10 6
12 15 6
2 4 3
7 11 9
7 9 1
4 8 6
12 17 9
5 6 2
7 10 6
7 9 3
15 17 4
12 15 2
1 4 6
10 13 6
1 5 6
19 21 9
7 11 8
14 16 6
4 7 7
9 14 8
21 0 2
9 13 6
18 21 3
13 16 2
22 0 8
10 12 2
14 19 7
10 12 6
5 9 4
9 13 8
19 0 7
16 18 7
2 6 2
18 21 1
8 10 8
21 1 2
0 3 7
20 23 1
12 14 1
8 12 2
14 17 9
18 20 3
11 13 3
1 4 6
10 13 3
19 21 9
0 4 2
0 4 5
18 21 9
16 20 5
9 14 2
22 0 2
4 6 8
12 14 6
14 17 8
0 3 4
15 20 6
2 5 2
12 14 9
14 15 4
12 16 6
15 19 3
9 12 3
17 19 8
19 22 3
9 11 5
8 9 9
20 1 7
18 20 7
15 18 6
3 5 1
5 9 4
2 5 9
4 7 3
20 1 5
18 20 2
19 21 9
17 19 8
12 14 3
19 21 8
22 1 1
18 20 4
0 3 9
2 5 3
1 7 7
9 11 6
16 20 3
6 9 4
1 5 2
18 21 7
10 13 5
22 0 4
16 19 4
9 13 2
6 11 8
4 5 5
8 11 3
16 20 2
11 14 1
20 23 9
0 2 3
1 4 5
21 1 9
15 18 4
7 10 8
9 10 3
22 1 3
21 0 3
12 16 4
17 20 5
23 3 7
13 15 7
23 1 9
7 9 2
9 12 9
11 14 7
21 0 4
11 13 1
1 4 6
5 8 8
3 5 5
6 10 3
10 13 5
13 16 4
11 14 8
20 23 6
2 6 6
6 10 6
4 6 9
3 5 7
3 6 9
20 23 4
17 20 1
21 23 4
18 22 4
18 21 5
5 7 7
6 8 3
23 2 8
23 4 8
3 5 7
6 9 7
17 21 4
3 6 7
9 12 5
20 23 6
6 9 9
8 10 6
19 23 2
21 0 4
0 2 1
9 13 5
5 7 9
12 16 8
12 16 9
15 19 5
23 2 6
8 13 2
16 18 3
7 11 7
13 17 8
4 7 2
20 22 2
7 10 7
23 1 6
16 19 5
10 13 8
21 0 8
18 22 1
13 14 9
8 10 5
8 11 9
20 22 1
5 6 2
12 15 6
10 14 3
15 18 8
22 1 8
11 15 6
13 16 2
22 1 8
16 20 6
16 20 4
10 14 2
21 2 7
9 11 1
19 20 1
18 20 8
15 18 7
15 17 3
7 10 9
1 4 1
1 4 1
11 13 4
17 20 3
18 21 1
3 6 8
4 6 3
9 11 2
11 15 8
9 12 7
5 7 4
9 10 1
9 12 1
4 7 8
13 18 9
14 16 7
19 23 6
12 14 2
15 17 8
5 8 4
14 17 2
15 18 8
11 14 7
4 8 1
3 6 4
15 20 4
20 22 5
4 7 9
4 6 5
2 5 3
14 17 2
4 7 7
19 22 7
13 18 8
6 9 7
6 10 9
10 14 4
0 3 4
14 17 3
4 6 3
22 1 3
9 11 2
1 5 8
15 18 2
16 18 4
9 12 3
17 20 7
4 7 3
13 16 7
3 7 3
23 3 6
12 15 4
0 1 9
20 0 3
0 3 1
4 6 8
15 19 8
7 9 6
4 9 3
19 22 4
15 19 3
19 23 4
2 5 1
12 14 6
8 12 7
9 13 9
13 16 2
23 2 7
5 7 9
6 10 3
5 10 2
12 15 5
14 16 9
10 13 8
22 0 6
3 5 5
23 0 5
8 11 5
10 13 3
4 6 3
5 7 9
4 7 5
1 5 5
20 1 5
9 11 3
20 23 3
3 7 8
3 8 8
11 14 3
4 7 2
16 20 2
15 17 8
4 7 8
2 5 7
22 3 6
18 19 3
3 6 3
2 5 7
5 7 3
2 4 1
14 16 1
18 20 5
17 20 6
15 17 5
3 5 9
12 14 8
10 12 1
20 21 3
21 0 4
17 18 6
8 11 9
3 6 5
3 7 2
4 7 4
20 23 9
17 20 7
14 17 9
2 4 3
17 20 2
7 10 9
13 14 9
17 19 8
13 15 1
22 2 4
10 12 3
18 21 1
13 18 1
6 7 1
19 22 4
10 13 9
12 15 7
12 13 8
3 7 6
22 0 6
13 15 6
18 22 3
1 6 2
10 14 6
0 4 7
1 4 8
22 1 4
21 1 2
6 11 7
3 7 1
10 14 3
1 4 7
5 6 3
16 20 9
23 3 9
19 21 4
5 9 5
4 7 1
9 14 2
5 7 4
22 1 9
8 11 3
15 16 7
15 16 2
3 6 9
6 9 3
0 4 3
14 16 4
21 23 8
2 5 3
15 15 2
1 2 5
16 18 4
0 4 7
22 22 6
10 12 4
10 12 8
20 23 8
6 10 1
18 21 1
6 8 3
2 4 9
3 7 3
18 21 8
23 2 7
11 16 2
16 20 9
11 14 7
23 0 5
2 4 4
10 14 5
3 6 7
3 6 4
16 18 8
17 19 1
5 9 3
23 2 6
10 12 9
0 1 8
18 20 5
15 17 3
15 18 4
17 19 4
10 12 3
23 1 3
18 22 9
2 5 3
16 17 1
18 22 1
17 21 9
0 3 2
19 21 5
15 18 9
19 23 5
4 6 5
8 11 1
2 5 4
11 14 8
10 13 5
11 14 6
9 12 7
2 6 9
1 6 5
0 3 8
22 2 1
18 21 6
1 3 7
22 2 7
6 8 7
7 10 8
18 20 7
3 5 6
17 20 7
17 21 1
4 7 8
12 16 3
16 19 9
8 10 4
17 22 8
19 22 5
6 9 8
10 13 8
19 21 4
1 4 7
14 17 6
22 2 9
10 15 5
23 4 8
6 10 2
5 9 3
10 14 5
9 11 8
1 4 1
12 15 7
19 23 9
18 20 6
6 10 7
3 5 6
14 15 7
0 3 5
14 19 9
5 7 3
5 7 8
2 5 9
22 0 5
10 13 9
0 4 1
22 3 2
4 9 3
17 22 9
21 1 8
11 14 1
8 12 5
20 0 2
21 0 7
18 22 2
22 3 5
5 8 4
8 11 8
9 13 7
2 5 3
22 1 4
7 11 1
14 17 4
23 3 1
6 9 8
12 15 4
5 10 6
11 14 4
5 7 2
20 22 4
19 22 8
5 9 9
1 5 7
1 2 8
20 0 1
11 15 7
9 12 6
11 13 5
12 16 6
13 16 1
0 2 7
1 4 6
1 4 9
9 11 3
8 10 8
11 14 9
11 14 7
16 19 4
8 11 1
14 16 8
21 23 2
3 7 4
14 17 1
7 10 1
10 13 3
15 18 7
23 2 2
22 0 9
0 4 8
15 18 6
13 17 1
19 22 3
20 0 8
3 7 4
9 12 8
11 15 6
18 22 3
10 13 5
5 6 7
11 13 8
11 15 9
2 4 6
9 12 3
15 18 4
6 10 7
22 2 7
4 7 9
1 3 9
15 17 2
16 19 9
11 14 8
6 9 7
9 10 6
4 6 9
11 15 5
5 9 8
15 17 6
8 11 4
5 10 5
20 0 2
16 19 4
16 20 5
12 16 8
5 9 3
19 23 1
16 19 3
1 4 4
21 0 1
10 13 6
4 8 3
12 15 3
5 9 8
11 14 4
4 6 1
20 0 3
8 13 2
18 21 1
15 19 6
19 23 4
15 17 9
1 4 2
22 3 4
14 18 4
15 18 6
10 13 4
5 8 1
16 19 3
5 8 2
5 8 3
18 22 1
23 3 2
2 5 8
23 1 8
19 22 7
21 0 5
17 19 9
12 14 6
6 8 7
18 20 1
2 4 3
14 18 9
10 13 7
13 17 9
6 9 1
5 8 3
17 18 7
7 10 1
16 19 3
18 22 5
6 8 3
8 11 7
18 22 2
3 6 2
6 8 1
16 20 2
3 7 9
6 10 7
21 1 5
1 4 5
0 4 5
3 7 2
19 22 3
12 16 6
14 17 8
11 15 9
2 5 3
5 8 2
16 19 1
15 18 8
15 20 5
8 10 1
9 11 5
22 1 6
0 2 9
10 13 8
23 0 5
2 5 7
4 6 2
22 0 5
3 7 4
22 1 3
6 8 4
14 15 8
6 9 5
1 3 5
0 4 4
14 19 3
22 0 9
2 7 3
19 22 2
2 7 1
15 19 8
5 9 2
9 13 8
17 20 7
2 4 8
6 10 4
11 16 2
1 4 4
0 3 3
22 1 1
7 10 3
8 11 7
4 7 7
16 20 5
11 13 7
2 5 7
15 17 8
2 7 1
16 20 1
18 21 2
7 8 3
15 18 7
17 20 9
0 5 2
21 22 8
14 15 5
14 17 5
16 20 2
5 6 3
10 13 9
17 20 8
7 9 4
6 10 4
19 21 9
19 22 9
13 15 3
18 21 1
