400 17
8 5 8 2 9 3 1 5 4 7 5 5 5 9 10 4 7 
21 0 12
0 3 9
11 14 16
17 18 4
6 9 10
6 9 4
16 19 13
0 4 6
4 6 17
4 9 5
6 8 15
6 10 9
0 1 13
12 16 1
3 6 4
14 17 4
14 19 1
9 11 8
4 7 3
13 16 14
21 23 16
18 22 11
0 4 13
23 3 11
17 20 13
13 14 11
2 5 7
17 19 8
20 1 15
10 13 5
21 1 17
5 7 4
5 7 14
16 18 17
15 17 8
13 15 12
9 12 9
17 20 13
16 19 4
5 8 15
3 6 8
13 17 14
17 20 5
23 2 15
0 3 1
4 6 10
13 15 12
17 20 1
0 4 5
11 15 8
0 1 14
8 11 15
15 18 10
20 23 15
16 19 7
23 3 1
1 4 15
11 14 1
12 15 7
10 11 17
5 9 13
5 7 5
0 4 16
1 3 13
7 10 7
19 21 6
11 12 5
12 14 8
16 20 3
12 14 12
5 8 5
6 9 5
18 22 6
8 12 14
16 19 3
9 13 5
17 20 11
21 2 6
23 3 7
3 5 1
5 7 6
10 12 2
8 10 8
4 8 2
20 22 6
9 10 12
22 0 8
16 19 9
17 20 17
9 13 8
13 16 1
23 1 4
14 16 11
3 6 8
11 13 15
0 4 14
15 18 10
13 17 13
3 5 6
5 7 15
6 10 3
12 14 12
21 23 3
6 10 11
6 10 12
20 0 8
21 2 2
15 18 5
2 6 12
2 4 8
5 9 9
2 5 3
3 5 8
9 12 16
4 6 14
19 22 1
5 10 13
23 3 14
1 6 14
21 1 12
11 14 9
12 17 17
17 20 14
22 1 15
1 2 1
1 4 2
22 23 6
10 13 1
6 9 16
14 17 17
11 14 15
21 0 16
13 16 17
19 23 11
16 19 5
10 12 1
7 9 5
19 21 4
11 13 17
21 1 5
1 4 16
18 20 11
7 10 16
23 2 14
18 22 10
21 23 12
19 22 5
17 17 10
17 21 11
13 16 10
17 21 14
10 13 7
3 5 13
19 22 9
21 22 13
15 18 4
16 19 1
3 6 14
11 14 4
23 3 6
17 18 13
19 21 10
1 4 3
11 14 3
6 9 5
9 12 15
10 11 1
22 0 2
7 10 17
22 2 13
21 2 2
12 16 5
8 11 7
23 3 7
12 16 13
11 15 7
22 3 10
10 15 2
18 19 13
21 23 11
1 3 12
20 1 7
17 21 10
10 13 17
1 4 16
18 21 13
13 14 10
20 22 17
21 22 17
8 9 17
15 18 5
21 23 13
12 13 1
11 13 15
6 9 16
2 6 15
12 15 12
4 8 15
23 2 14
7 11 2
4 7 15
6 8 9
0 2 17
5 9 12
5 10 6
20 23 1
2 5 7
3 6 8
14 17 14
8 12 6
12 16 13
18 20 4
8 11 7
19 22 14
16 18 9
20 20 11
4 8 13
18 20 17
20 23 14
14 17 6
9 11 2
8 12 11
3 7 13
14 18 4
21 0 13
16 19 11
5 6 17
21 23 4
21 1 4
18 19 1
11 14 15
20 0 1
9 12 13
0 4 3
22 0 2
20 0 12
18 22 3
23 2 5
20 23 15
8 9 14
3 7 15
23 2 11
2 5 1
12 16 4
13 16 17
19 22 2
18 21 9
3 5 9
6 9 16
9 12 10
6 11 12
10 13 3
5 8 5
5 8 5
6 10 16
0 2 12
6 8 13
1 5 10
18 21 13
7 9 11
6 9 17
18 21 4
10 14 9
12 14 3
12 16 15
22 2 15
8 11 3
13 19 15
13 16 9
5 8 13
11 14 13
17 18 6
3 5 15
20 0 7
21 0 9
9 11 3
1 3 13
10 12 17
1 4 7
21 2 7
15 18 1
2 6 9
21 0 10
4 7 7
3 7 10
10 14 6
16 17 7
20 22 3
21 1 1
16 19 10
15 18 6
19 22 16
12 17 6
23 2 7
8 13 17
10 13 5
2 8 8
13 16 11
15 20 10
0 4 2
23 2 2
12 14 3
1 3 16
5 9 6
20 0 4
14 18 15
4 9 17
1 5 6
12 15 3
1 3 15
1 4 3
21 0 8
5 7 9
22 3 12
7 12 16
0 0 15
14 18 11
1 5 10
3 6 5
8 11 7
16 19 16
10 15 16
22 1 9
15 16 1
23 1 1
3 6 10
18 22 2
4 7 5
20 22 5
3 7 9
20 22 4
19 22 11
11 14 9
2 6 5
10 12 9
3 5 10
0 2 13
4 8 4
6 8 17
6 6 8
4 9 1
15 18 10
1 5 10
11 15 9
17 21 5
0 3 7
22 0 10
17 19 15
8 11 17
7 9 4
2 5 9
0 3 10
6 9 1
7 10 14
6 10 5
2 5 1
8 12 10
8 11 15
20 23 2
15 18 12
13 15 1
10 15 6
14 16 15
23 3 8
15 20 15
0 4 11
4 6 12
0 2 2
23 4 10
10 13 4
13 15 7
4 8 4
5 9 2
4 5 12
19 23 4
0 4 14
21 22 15
22 1 5
4 8 4
7 9 16
22 1 16
18 21 10
6 9 11
12 16 17
19 23 8
1 5 4
2 5 7
19 23 16
2 6 2
22 1 7
14 17 2
6 7 7
23 3 3
17 18 13
16 20 13
8 11 1
10 12 15
5 7 1
10 13 17
21 1 9
