1350 19
7 9 3 10 7 5 8 8 2 9 7 7 2 6 4 6 10 4 7 
18 21 1
18 19 2
21 23 11
4 8 17
5 9 12
6 8 14
22 1 2
14 16 13
9 13 18
6 9 5
17 20 4
18 21 15
12 14 11
2 5 15
4 7 1
10 14 1
20 0 6
7 8 2
12 17 7
20 0 6
14 17 13
2 5 14
16 18 3
15 17 10
18 21 19
12 15 19
4 7 1
4 7 5
19 0 7
9 12 14
20 22 1
6 9 17
13 15 3
9 12 8
21 1 15
6 8 1
4 7 8
14 16 16
4 7 8
17 20 12
3 7 12
9 13 11
4 9 1
22 1 14
16 21 9
8 10 13
8 10 18
19 21 7
12 17 19
4 7 16
12 15 4
6 9 7
10 15 16
8 11 18
12 16 2
15 17 18
7 11 12
3 6 14
0 1 17
10 13 7
1 4 17
12 16 5
21 22 12
6 8 18
9 13 4
23 2 15
15 17 12
9 13 13
4 6 5
8 11 6
7 9 11
0 4 5
16 19 6
9 12 5
5 8 14
20 22 13
21 22 1
2 4 11
19 23 3
13 16 16
19 23 14
14 17 8
15 19 7
12 14 4
6 8 6
23 2 14
14 18 11
21 23 16
11 13 7
23 1 4
12 15 15
5 9 19
19 22 4
21 0 11
23 3 1
6 9 12
12 15 3
10 13 16
6 10 18
19 23 6
1 4 16
18 20 8
5 8 15
19 21 13
8 10 9
1 5 16
6 11 4
17 21 17
22 2 17
9 11 2
18 20 6
14 17 4
5 7 13
6 7 18
9 11 19
5 9 2
20 1 11
1 4 2
15 19 1
4 4 16
20 23 7
0 3 11
15 19 17
6 9 5
14 17 13
6 9 4
10 14 1
11 13 13
8 12 1
3 6 13
12 15 4
20 23 11
14 18 6
5 7 10
15 18 14
21 22 13
17 19 12
13 17 1
11 14 7
16 19 8
10 13 17
22 0 6
10 14 12
3 6 19
15 18 1
8 10 14
0 3 9
18 21 17
15 16 15
6 7 11
15 16 18
4 6 17
11 14 9
19 23 15
0 3 12
11 14 6
1 3 19
13 15 4
5 9 4
17 20 11
5 7 18
0 4 15
2 5 17
3 6 10
17 19 8
7 10 10
4 8 15
14 17 5
1 4 16
14 16 5
13 15 1
5 5 13
16 20 2
4 5 17
21 0 13
1 5 7
5 6 12
4 8 6
14 17 2
1 4 4
22 23 9
14 17 11
4 6 10
12 15 11
22 1 15
0 4 2
15 16 14
5 7 15
23 1 6
8 11 11
1 4 2
10 14 14
12 15 16
23 1 10
9 10 17
7 10 17
2 5 5
18 22 19
6 10 6
10 12 14
19 21 18
10 13 17
5 8 14
19 22 12
15 16 8
14 18 17
22 3 14
10 12 4
22 0 7
14 19 15
3 4 14
4 8 3
18 22 4
5 8 4
13 16 5
1 5 14
18 20 14
12 17 19
9 12 1
15 18 11
3 5 19
22 0 4
6 9 18
18 21 19
18 22 16
18 21 14
16 20 1
22 0 4
19 23 6
6 10 4
6 9 3
6 8 10
7 10 15
21 1 10
23 2 17
11 14 9
1 3 13
12 15 6
10 14 13
13 17 5
17 21 6
1 4 8
23 2 14
17 20 7
17 20 10
20 22 12
16 20 13
22 2 15
4 9 4
6 8 8
20 0 16
19 22 4
11 14 19
12 16 16
22 1 10
6 9 19
10 13 14
12 14 5
18 20 5
3 7 10
6 10 19
2 6 6
12 14 16
6 8 8
15 17 12
15 16 18
13 15 13
6 8 16
4 7 4
0 4 1
2 6 6
17 18 8
13 15 10
17 20 17
19 23 6
9 11 18
4 8 8
8 11 11
13 17 13
18 21 5
5 7 8
16 20 1
8 9 15
19 21 5
23 2 2
21 1 9
13 18 3
7 8 7
11 14 9
9 12 2
16 20 7
15 17 4
3 6 1
9 11 3
7 9 15
19 22 5
14 17 15
19 23 3
4 6 12
9 14 8
14 14 16
1 4 14
5 9 15
10 12 1
3 7 12
15 18 3
13 14 15
0 3 2
16 19 17
12 14 9
10 13 19
0 2 17
11 14 15
23 1 8
9 14 17
17 20 6
22 1 5
13 16 14
21 0 16
1 4 9
14 18 11
19 23 18
22 3 5
8 12 4
11 14 1
21 1 19
18 21 1
8 9 13
0 2 6
16 19 19
16 19 19
12 16 14
5 7 3
21 21 16
23 1 12
16 19 11
3 5 7
21 0 14
9 12 14
7 10 8
5 8 16
23 2 13
8 12 8
7 10 14
0 4 9
3 5 18
7 10 4
11 11 7
4 7 7
7 11 11
6 10 2
7 11 9
5 9 6
12 14 13
18 21 9
19 22 17
4 5 9
4 8 14
12 17 8
20 22 4
1 3 1
1 4 16
13 16 19
20 23 3
22 1 13
6 9 2
2 4 4
19 22 6
6 9 7
9 12 4
17 19 4
2 5 9
16 20 4
0 2 19
19 19 13
14 18 13
10 11 5
16 18 19
14 18 17
16 18 6
23 3 12
20 0 12
18 22 15
4 7 14
16 19 6
16 18 7
22 0 10
21 0 6
3 7 14
9 12 19
17 20 13
15 17 17
15 17 15
18 21 1
9 11 16
14 18 10
17 21 17
3 6 14
10 14 9
2 5 1
7 9 2
9 12 10
2 6 5
20 23 4
17 21 10
1 3 4
22 0 15
22 2 16
3 7 2
7 10 1
18 21 12
6 9 17
2 5 6
5 9 2
1 3 14
23 1 10
23 1 4
4 8 13
3 6 18
7 8 7
9 10 5
23 2 18
17 21 15
10 12 8
6 11 15
9 13 15
19 21 4
5 7 10
21 23 12
20 22 19
15 20 5
17 21 10
22 2 12
20 23 8
1 3 1
0 4 13
22 0 8
9 12 13
20 23 16
5 9 13
15 17 12
4 9 9
8 11 12
17 19 15
15 16 17
16 18 6
17 20 7
13 16 16
17 19 9
2 4 4
7 11 4
0 3 17
10 16 9
5 8 18
23 3 12
7 11 8
13 17 18
17 20 18
1 4 14
3 6 5
5 8 3
6 9 18
12 12 16
8 10 11
7 9 8
21 1 1
19 22 18
11 13 4
13 15 6
6 9 4
22 1 12
7 9 10
2 6 17
1 4 2
14 16 16
9 12 11
4 8 10
20 23 11
4 7 16
15 19 2
2 5 17
0 2 16
10 13 5
2 4 7
15 18 16
12 15 19
9 12 7
8 10 15
10 13 16
11 15 8
9 13 5
15 20 19
2 5 16
22 1 6
5 9 2
21 23 15
23 2 10
21 0 14
16 18 18
16 18 6
22 0 9
15 19 11
19 0 2
12 15 18
3 6 4
14 18 1
19 22 17
7 10 12
23 2 8
13 16 2
12 16 5
1 4 14
19 22 11
23 2 8
3 8 13
17 21 6
1 4 8
6 8 17
20 23 6
8 11 19
8 11 8
3 6 19
3 7 8
0 1 18
9 13 17
12 14 11
9 14 13
23 4 11
0 3 4
16 20 7
15 19 19
1 3 1
4 6 1
5 9 13
11 13 3
7 10 11
15 19 13
2 5 2
18 21 9
13 15 4
14 19 15
1 5 14
11 15 17
8 10 12
20 23 7
5 9 18
4 6 12
23 4 14
17 19 5
10 13 6
20 23 2
18 21 13
3 6 16
13 15 2
8 15 14
23 4 19
17 21 12
4 6 4
4 8 4
21 1 5
1 2 6
5 7 12
15 18 13
22 3 15
21 1 15
4 7 11
23 1 3
5 7 13
23 3 17
18 21 10
10 13 7
7 10 14
1 5 13
17 20 13
14 16 13
21 23 10
15 18 2
21 1 8
12 13 3
21 0 19
21 0 3
17 19 15
14 17 15
5 7 4
21 23 1
22 1 17
11 14 4
14 18 1
7 11 3
19 22 19
9 10 5
19 21 11
10 15 16
13 16 10
3 6 4
10 14 18
20 1 13
1 4 1
0 2 16
14 18 11
2 5 3
1 4 17
8 14 17
3 6 1
10 11 9
23 2 2
4 8 2
6 10 19
21 1 13
23 2 2
20 23 8
8 11 6
15 18 18
1 3 10
5 8 16
20 23 1
21 22 8
3 7 4
9 12 4
7 10 13
7 8 13
8 11 14
18 20 1
19 23 8
5 9 10
12 14 16
7 8 17
15 19 10
6 9 10
12 15 11
20 23 16
22 0 14
0 2 11
1 4 7
1 3 12
12 16 12
1 4 9
3 5 1
21 2 8
0 4 9
12 17 15
17 19 6
14 17 9
23 2 7
8 11 6
2 4 4
12 15 11
19 22 7
16 19 13
0 3 17
11 14 3
6 10 8
3 6 14
6 8 5
19 21 6
9 13 14
5 9 8
10 12 6
12 15 18
6 10 13
23 4 12
5 7 3
14 19 6
20 23 17
3 5 18
7 12 14
20 23 7
11 14 2
9 13 5
4 7 19
8 12 3
17 21 8
21 0 15
18 19 7
17 20 2
0 4 7
1 4 15
22 3 17
4 6 5
10 13 9
22 4 5
5 8 3
3 7 13
9 12 10
19 20 15
23 3 12
1 5 4
18 21 6
1 5 2
11 16 9
14 17 10
17 20 5
11 13 4
8 12 1
7 8 11
16 20 1
6 10 3
1 3 4
4 8 10
19 21 19
15 19 17
15 18 5
23 1 7
20 23 13
1 3 14
15 18 17
9 13 4
15 19 16
16 19 7
18 21 2
19 23 15
1 4 6
11 14 4
17 20 8
8 10 17
14 17 8
12 15 19
15 18 18
22 1 9
14 16 16
8 11 9
12 17 15
21 23 16
3 7 4
12 13 3
12 14 2
6 10 9
1 3 3
1 4 17
16 18 13
19 22 9
11 14 17
23 2 11
21 1 6
13 17 4
12 15 13
20 1 15
4 8 14
20 21 14
13 15 7
12 15 6
17 20 10
8 12 6
5 8 5
9 11 18
10 12 19
13 16 6
1 5 9
8 11 11
0 3 8
18 19 4
6 9 3
21 1 19
13 17 1
18 20 11
12 16 10
23 2 11
10 12 13
9 11 15
19 22 9
7 11 12
20 0 11
7 9 13
22 2 13
0 4 2
23 4 1
14 16 3
22 0 18
7 9 18
23 1 16
23 1 17
18 20 12
9 13 14
9 12 8
9 12 6
12 16 19
6 11 11
17 18 7
21 1 1
5 6 10
12 15 9
18 20 19
20 0 19
0 5 14
6 8 18
20 23 12
3 7 15
11 15 3
2 5 19
9 12 3
13 16 17
11 14 10
5 8 10
17 19 16
13 15 16
18 20 9
22 1 9
7 11 9
3 7 19
0 4 3
12 15 16
10 14 7
16 17 15
20 0 11
9 12 10
9 12 10
12 16 3
9 12 15
21 0 14
15 18 14
15 19 12
8 11 6
19 22 15
10 14 16
7 10 5
8 12 10
16 20 9
5 8 8
23 2 2
14 18 17
20 23 5
15 18 7
0 5 12
6 9 18
7 10 11
4 6 14
7 11 1
1 5 9
20 22 12
12 15 1
1 4 5
2 4 17
13 14 5
16 19 7
7 9 7
23 2 1
17 20 17
3 6 16
19 22 11
22 1 2
11 13 2
1 4 8
4 8 9
12 16 1
3 6 4
0 3 7
3 5 11
6 9 1
5 9 17
21 0 14
0 3 17
10 13 15
8 9 14
7 10 8
2 6 17
13 17 11
16 20 18
19 0 7
20 22 4
6 9 9
1 4 11
8 12 2
21 22 15
5 9 6
3 6 17
11 13 9
22 0 19
21 0 9
11 14 7
20 23 5
4 9 2
8 10 7
9 13 6
11 15 7
3 6 7
17 21 19
12 17 18
14 17 8
16 20 16
22 1 9
15 18 1
1 4 12
17 20 7
11 13 4
20 21 14
23 4 1
8 11 15
18 22 9
22 0 10
4 8 14
3 4 12
19 22 11
1 2 9
9 11 1
13 15 11
1 4 10
14 18 11
13 14 10
21 0 17
8 13 2
1 5 15
8 11 19
5 7 6
2 6 5
3 6 11
21 22 4
17 20 6
20 23 11
18 21 19
14 18 18
12 16 6
7 11 6
3 6 14
4 7 1
11 15 9
8 10 13
6 9 6
12 14 2
5 10 14
11 15 4
7 11 2
8 11 5
0 3 15
22 1 3
19 20 8
15 16 11
5 8 6
9 13 3
14 17 1
9 11 17
8 11 14
15 16 16
23 1 8
23 4 13
9 13 10
5 6 6
13 16 7
2 4 16
21 1 6
12 14 1
16 19 8
5 8 9
5 8 13
9 12 17
6 9 11
4 6 12
10 15 6
10 12 18
13 16 9
20 22 3
18 22 9
13 15 6
1 4 7
13 18 6
7 8 2
12 15 3
21 23 8
16 19 5
11 14 19
0 4 5
21 1 15
0 3 12
21 23 4
8 10 19
1 3 3
10 14 5
19 22 8
13 16 8
10 13 15
19 23 16
4 7 11
15 19 2
4 7 3
8 12 15
10 13 5
14 15 4
8 10 11
10 12 1
9 11 12
1 5 14
3 7 4
4 8 11
8 11 1
3 6 19
0 4 3
15 19 16
12 16 11
20 23 9
13 16 7
19 22 12
13 17 9
7 10 9
10 13 15
21 1 19
19 21 16
12 16 2
18 21 15
7 11 16
14 16 7
7 9 9
8 11 2
2 4 15
1 4 13
11 16 10
13 15 13
3 6 2
21 0 18
4 7 9
11 14 6
0 2 17
17 20 10
23 4 6
15 18 18
9 11 12
19 22 18
5 8 10
17 19 17
8 10 5
5 7 4
6 9 19
13 15 8
3 5 7
10 14 15
1 3 14
3 6 15
19 22 16
7 11 17
10 12 8
10 14 19
3 5 3
9 12 18
10 13 14
7 9 12
3 5 14
7 10 13
18 0 15
8 10 2
10 12 4
10 14 1
17 18 6
15 18 5
0 2 4
16 19 9
0 4 12
3 6 3
3 4 14
5 8 3
0 2 10
12 17 17
9 11 10
19 22 6
17 21 18
5 9 1
18 21 7
17 20 7
5 6 18
6 9 2
0 3 2
4 8 18
0 4 5
21 1 11
0 4 16
9 12 12
16 17 14
13 16 12
21 2 13
8 12 2
13 15 10
17 20 14
2 4 14
7 11 18
8 11 14
18 20 4
4 5 1
21 1 12
1 3 16
15 19 13
22 23 2
23 3 7
6 10 2
17 20 17
9 12 7
9 13 9
23 2 2
3 7 15
7 9 13
21 0 4
22 2 18
5 8 17
2 6 17
18 21 7
18 21 9
9 15 17
1 2 11
14 17 12
8 10 15
1 3 16
7 7 7
11 14 12
5 7 6
13 16 17
13 17 9
20 22 17
5 8 13
1 3 12
15 20 17
20 22 10
5 6 1
18 22 5
19 22 3
7 9 4
21 23 16
10 13 11
14 18 16
4 7 15
21 0 13
21 23 9
14 17 16
21 2 19
4 7 6
0 3 5
14 16 11
11 14 14
0 3 16
14 18 19
16 17 1
23 1 6
9 12 3
21 0 3
11 13 18
13 17 15
0 4 13
12 16 11
0 5 9
2 5 11
7 10 6
0 4 5
15 17 3
12 16 6
23 3 12
9 11 7
10 13 13
16 19 7
17 20 10
9 11 18
21 0 10
2 4 9
12 15 4
3 4 11
19 20 5
10 15 6
8 10 5
18 21 19
17 19 9
12 15 13
11 16 5
6 10 13
8 10 12
1 6 11
16 20 12
14 16 11
9 13 10
23 2 16
1 3 14
14 14 3
1 5 11
16 18 6
9 11 8
4 8 18
4 7 8
19 22 9
22 2 3
8 11 16
19 21 4
10 14 5
18 23 16
12 15 9
12 14 14
3 7 9
21 1 12
17 21 1
6 8 10
12 16 15
13 16 7
9 12 5
23 3 3
8 12 14
4 7 11
0 3 3
16 19 11
20 23 17
21 1 19
11 14 7
9 14 1
8 10 4
22 1 17
10 12 2
0 2 6
19 22 16
0 4 1
17 20 14
9 12 17
6 7 18
2 7 9
5 9 1
7 10 8
10 13 11
3 6 10
0 2 5
20 23 19
23 3 13
9 12 15
19 23 2
19 22 1
3 7 4
7 10 14
9 12 15
14 17 4
0 2 12
22 1 11
4 6 11
0 3 7
12 15 15
13 17 15
15 19 11
13 16 18
10 12 1
14 17 13
1 6 14
9 10 18
14 19 9
16 20 4
21 23 6
11 14 10
6 10 18
13 16 1
2 5 12
12 15 14
10 14 4
2 6 16
7 11 5
13 18 18
11 13 19
3 3 10
12 15 5
21 1 17
7 8 4
8 9 16
10 14 1
8 11 4
10 13 1
16 19 12
2 6 12
5 9 14
0 3 16
22 1 9
4 8 1
9 11 6
11 13 19
5 9 12
21 0 4
13 16 8
16 19 18
8 11 17
10 14 17
15 18 5
21 0 15
17 19 14
15 19 9
8 12 16
23 1 3
5 7 9
15 19 18
5 11 12
21 1 18
13 16 6
9 14 8
15 19 18
19 22 10
1 5 2
5 8 12
1 3 14
13 18 7
4 7 10
16 19 12
2 6 11
1 4 5
3 4 3
14 16 12
12 14 3
21 1 16
21 23 7
1 3 8
19 22 2
13 16 16
15 18 8
8 11 7
6 9 18
21 0 3
15 17 8
10 13 13
11 15 13
1 3 10
3 6 5
15 18 15
21 0 2
1 2 15
15 19 10
9 12 5
1 4 6
6 9 4
23 3 5
10 12 10
4 6 3
5 8 18
15 18 17
8 11 4
14 17 11
20 23 16
5 8 14
1 7 7
7 10 3
12 15 9
3 7 11
19 23 6
22 0 2
14 18 3
16 17 12
0 3 3
7 10 1
4 6 8
14 18 17
8 10 4
9 11 1
0 3 6
16 18 17
16 20 6
12 16 6
7 10 5
16 19 7
4 8 5
9 11 5
18 22 19
16 22 9
17 20 17
15 18 13
9 12 14
1 4 15
16 17 4
10 12 2
