1400 10
2 9 2 1 2 10 2 5 10 8 
10 14 8
20 23 9
2 6 6
12 14 9
1 4 9
22 0 8
21 0 5
0 3 4
5 8 5
14 17 8
14 17 5
15 16 1
2 4 8
18 21 7
16 20 9
4 9 8
23 4 4
16 19 4
7 11 2
1 5 7
14 19 8
1 5 2
19 23 7
21 0 3
4 7 4
18 20 3
0 3 3
8 12 1
23 1 6
20 23 2
18 23 10
0 5 6
12 15 7
20 22 10
1 5 7
6 10 5
14 19 7
13 16 9
4 9 1
0 4 9
10 13 2
21 23 4
19 21 5
10 15 2
22 23 8
16 19 8
23 2 5
9 10 4
1 3 1
21 0 2
7 12 5
13 15 7
9 11 10
5 6 6
12 18 1
4 7 3
17 21 7
21 23 5
9 11 6
11 16 4
13 16 1
22 1 4
4 8 8
14 17 7
9 10 5
19 22 7
18 20 9
1 3 2
7 10 1
1 4 4
9 12 4
5 7 8
20 23 10
18 21 5
3 6 10
11 11 5
7 10 5
5 7 6
9 12 1
3 6 3
12 15 9
7 9 6
20 23 1
3 7 4
1 3 3
18 22 5
2 5 4
22 1 10
7 11 5
12 16 4
3 7 2
6 7 9
8 11 10
1 3 10
20 23 1
21 1 7
11 15 1
14 16 1
15 18 10
3 6 3
17 18 4
0 4 2
12 16 8
16 18 7
6 9 8
16 18 2
5 9 6
14 17 3
1 2 7
10 12 2
14 18 8
20 22 1
6 8 3
13 15 10
19 22 9
12 15 7
4 7 10
0 1 6
13 16 8
6 11 7
4 6 8
23 0 5
3 6 1
21 1 10
19 21 5
2 4 7
2 6 6
12 16 6
1 4 10
10 13 4
12 14 5
2 5 1
8 11 9
21 1 2
10 13 10
23 3 3
22 0 5
18 22 10
18 20 9
17 20 4
18 20 10
2 5 2
2 5 1
21 0 3
14 17 1
17 20 1
20 22 6
4 6 9
12 15 5
12 16 2
16 20 9
17 19 3
8 12 3
22 1 3
19 22 1
11 13 6
0 2 5
3 7 6
9 14 10
13 16 8
22 0 3
10 13 3
10 14 10
22 2 1
7 11 4
1 3 5
10 13 6
10 12 7
15 20 5
8 11 1
18 21 1
22 1 7
12 13 2
17 21 9
13 15 4
3 6 1
17 20 2
14 17 7
9 13 2
21 1 2
10 13 4
19 21 6
3 7 6
4 6 5
5 9 10
5 9 1
7 8 4
15 19 2
15 16 5
6 10 7
12 15 9
9 12 5
1 3 9
14 15 6
20 23 3
12 15 4
15 17 4
7 10 8
12 15 4
23 1 1
23 3 9
23 1 3
22 23 5
14 17 6
8 12 4
5 7 1
4 8 6
17 19 5
16 20 2
4 7 8
11 12 2
1 4 8
0 4 3
20 0 9
11 15 3
20 1 3
12 15 4
7 11 8
3 5 2
23 3 8
21 0 6
13 15 3
4 8 1
17 20 1
14 16 10
10 13 8
7 12 7
16 20 10
18 22 7
4 6 4
12 16 1
0 2 7
3 8 4
9 13 6
7 10 4
10 12 10
23 1 5
0 4 10
1 2 3
8 10 1
14 16 2
6 9 8
5 8 4
13 13 10
9 12 6
6 7 3
21 22 8
14 17 4
14 17 1
6 10 3
1 3 1
0 2 3
8 11 2
16 20 8
16 20 4
9 10 8
0 6 3
16 20 6
1 3 9
15 17 7
8 10 4
8 11 7
16 19 9
21 23 5
4 8 3
0 3 8
9 12 7
10 13 2
20 0 7
23 2 2
9 12 4
17 19 5
18 0 8
23 2 7
21 1 5
22 1 3
3 4 8
22 1 7
14 17 9
7 12 1
21 23 6
7 9 6
6 9 4
4 7 6
14 17 10
12 15 3
11 15 1
18 21 8
14 15 6
15 18 1
16 20 3
10 14 4
22 1 4
15 18 1
17 22 10
8 12 9
4 9 10
0 2 6
20 22 7
0 3 4
8 12 6
2 4 8
3 6 9
7 11 8
3 8 9
13 17 8
7 9 7
4 7 6
23 2 2
20 0 3
17 18 5
20 0 4
8 11 5
14 18 1
12 14 8
14 18 1
6 8 10
6 10 6
8 11 9
11 15 3
19 21 10
9 11 2
9 13 4
5 9 10
8 9 2
5 8 3
7 9 3
8 12 2
12 15 6
23 3 7
4 7 2
11 13 4
12 15 9
7 10 9
4 7 3
1 4 6
3 5 5
7 10 4
12 14 6
22 2 3
2 4 1
17 19 7
22 23 6
6 7 8
2 6 6
4 6 4
18 22 8
7 10 1
19 20 9
10 14 3
0 3 2
20 22 5
12 14 4
19 23 2
19 0 6
3 5 1
11 17 5
2 6 10
7 11 10
1 1 6
0 3 10
9 12 8
18 21 7
17 21 6
1 4 8
11 16 9
8 12 5
20 23 5
16 18 5
20 22 4
14 19 9
11 15 9
19 22 5
4 7 10
18 21 1
20 0 10
3 6 5
13 14 4
17 22 6
18 22 5
23 2 9
10 12 9
8 11 7
8 11 6
5 8 5
22 2 1
21 1 4
16 18 3
4 7 5
10 10 2
5 8 7
1 4 8
8 10 10
22 1 7
14 17 5
15 19 6
17 20 7
22 1 10
9 13 8
22 2 7
3 6 8
8 10 6
17 19 10
18 22 10
7 12 3
23 1 7
18 20 8
16 20 7
20 0 2
9 13 4
8 12 3
19 20 8
18 20 7
0 3 9
15 16 10
1 4 9
2 5 7
17 21 5
0 4 3
22 2 10
18 20 9
16 18 6
20 23 10
7 8 8
11 13 1
22 1 9
2 5 10
4 8 6
7 11 1
21 1 3
22 23 3
15 16 1
2 6 4
23 0 4
1 1 10
13 15 2
0 5 9
5 8 10
1 6 10
23 1 10
0 2 5
3 7 10
23 2 3
3 8 8
17 19 6
1 3 5
8 12 4
18 22 3
4 8 4
21 0 5
8 11 10
14 15 3
1 5 1
2 5 1
19 22 10
11 14 9
12 15 2
23 0 8
23 2 4
20 23 4
8 11 9
14 17 6
2 6 4
16 18 9
16 20 8
3 6 3
6 8 7
1 5 4
14 15 8
20 22 10
17 19 3
23 2 3
10 14 8
11 15 4
12 15 3
22 1 10
18 22 10
17 21 3
10 13 10
5 8 9
23 3 4
20 0 5
20 22 1
9 11 7
6 9 1
4 7 5
1 5 6
19 22 9
5 7 2
14 15 9
16 19 5
15 17 1
16 18 3
2 5 5
9 13 7
18 21 3
1 4 4
6 8 3
22 0 3
17 20 1
5 7 10
13 15 8
2 5 1
1 5 8
5 8 9
23 1 8
3 6 5
12 13 7
7 10 4
20 21 6
16 20 10
9 12 1
12 15 3
18 22 2
12 15 9
15 18 4
8 11 1
9 13 10
5 9 9
0 3 2
0 2 3
16 18 4
3 5 7
13 15 3
4 7 4
23 2 7
18 20 2
4 7 7
13 16 4
23 3 10
11 15 6
7 10 7
1 2 5
8 10 7
0 3 9
17 20 2
15 17 3
5 9 9
15 18 2
11 13 4
22 1 5
2 6 5
5 8 3
14 17 2
16 18 1
8 11 1
21 1 10
18 21 3
23 1 3
8 9 3
10 14 3
14 16 7
18 23 6
0 2 3
10 12 2
21 0 9
12 14 7
18 19 3
21 0 2
7 9 3
6 9 9
3 6 7
23 3 5
19 23 10
1 4 10
15 18 4
19 22 10
20 22 5
6 9 6
12 15 7
20 23 4
7 10 4
7 9 5
0 3 8
21 0 8
23 4 9
15 19 7
22 0 10
16 20 1
0 5 10
11 13 3
12 15 5
21 0 9
17 19 6
4 7 9
12 16 4
23 3 3
6 8 9
12 15 4
13 16 10
5 7 10
16 19 5
2 5 5
20 22 9
9 13 5
9 11 8
20 23 6
10 15 7
18 22 6
23 2 5
4 9 4
7 11 4
10 13 9
6 9 2
9 11 9
6 9 9
19 20 5
3 7 6
4 6 7
0 2 8
7 9 4
6 9 5
22 1 8
8 11 2
17 19 7
0 4 1
2 4 8
6 9 9
23 2 1
7 10 8
11 14 1
20 21 5
10 13 6
4 7 9
21 0 2
9 12 2
10 13 3
0 2 7
19 21 10
9 13 4
11 13 1
11 13 1
12 14 6
22 1 9
23 1 8
4 6 2
17 20 10
9 13 10
12 15 6
4 8 5
6 8 8
17 19 4
10 12 1
13 15 9
20 23 10
4 7 6
10 13 6
11 13 7
12 15 10
15 18 4
20 23 9
1 5 1
14 15 3
23 4 3
12 17 6
12 15 2
5 5 3
1 5 8
8 9 6
20 22 10
11 14 1
1 3 8
17 20 8
23 2 2
16 19 9
21 0 4
11 15 1
0 3 4
1 4 2
2 4 10
14 16 2
19 21 7
5 7 7
4 9 5
7 10 2
16 19 3
21 0 4
7 10 7
7 10 8
8 9 1
10 10 9
6 11 3
12 16 4
13 15 4
15 17 7
17 20 3
9 12 3
8 10 5
4 7 10
20 23 7
16 19 3
23 4 9
10 13 1
20 0 2
9 13 1
17 20 5
13 15 10
21 1 10
1 5 6
16 18 6
6 8 9
14 16 2
7 11 7
20 1 4
5 9 6
11 15 1
20 23 3
17 21 3
23 3 1
22 1 1
2 4 9
19 21 9
6 8 8
20 0 1
23 1 6
14 16 8
23 3 1
5 7 6
1 2 8
22 1 6
10 14 5
6 9 5
22 0 9
15 16 6
14 16 6
14 19 5
5 9 4
8 12 5
4 7 8
3 7 6
20 20 2
22 0 1
0 4 3
11 12 1
15 18 1
0 4 3
19 22 10
4 5 5
8 11 10
22 1 7
19 22 3
0 2 5
10 13 4
19 22 9
16 20 4
2 4 1
4 7 3
5 9 2
5 9 6
9 13 10
2 6 4
8 10 3
21 0 8
16 19 5
15 20 3
3 6 5
13 18 2
8 12 8
14 16 9
8 13 3
6 10 8
2 6 10
8 9 1
13 17 2
7 11 3
4 6 5
7 9 9
9 13 3
10 14 2
11 14 7
5 8 1
20 0 8
13 16 5
2 6 8
12 14 9
16 20 2
21 23 10
22 1 3
20 23 3
18 21 4
18 21 3
18 22 7
18 20 3
6 10 10
3 6 5
3 6 4
10 14 7
20 23 8
13 17 2
14 18 6
8 12 7
16 18 5
8 9 2
10 14 8
8 11 10
7 9 3
23 3 6
5 8 4
22 2 2
17 20 10
19 0 6
5 7 2
11 12 6
5 7 8
18 21 6
6 9 8
16 18 8
9 12 6
23 2 10
12 14 8
4 6 2
23 3 7
16 18 1
6 9 9
13 17 8
6 8 3
20 23 10
12 15 2
18 23 7
8 11 1
22 2 8
9 11 1
20 23 7
13 17 7
2 3 5
18 19 3
1 5 2
19 21 1
22 0 7
22 23 2
21 0 4
3 8 7
11 14 2
11 15 6
2 5 8
0 1 4
23 2 2
10 12 6
22 2 2
3 5 2
2 6 7
2 4 3
2 6 8
3 5 2
17 21 6
3 5 9
10 11 2
21 2 2
20 22 10
2 3 7
0 3 5
19 22 6
17 19 6
23 2 10
6 10 2
15 18 7
7 10 3
1 4 6
21 23 7
17 22 7
11 13 8
11 15 3
2 5 6
5 7 8
13 18 5
18 21 4
17 23 2
15 19 4
16 19 9
15 19 2
5 6 8
14 18 1
5 8 3
2 5 4
17 20 1
13 16 5
23 2 5
23 3 5
1 4 6
11 14 1
16 19 3
11 14 1
2 3 6
16 17 2
10 13 8
4 6 1
13 16 10
20 1 2
4 8 8
1 6 4
11 14 9
15 18 10
10 14 6
18 21 2
1 5 5
15 19 3
5 8 8
3 6 7
21 1 3
18 20 6
0 4 9
13 15 8
11 14 4
20 23 9
22 0 10
10 12 6
3 6 3
14 15 1
23 2 4
10 14 2
12 17 4
13 17 6
17 22 4
5 10 6
7 9 5
6 10 8
12 14 4
21 23 1
21 1 2
18 22 3
20 22 2
21 0 3
20 0 9
7 7 8
5 8 7
6 9 4
8 12 7
9 10 5
0 2 5
21 1 8
3 5 6
11 14 10
7 9 8
5 9 3
0 4 6
9 12 4
9 12 2
2 5 7
4 8 8
16 19 1
5 7 5
11 16 2
18 22 4
2 5 3
6 10 5
0 4 8
6 9 7
19 23 5
12 17 4
12 16 9
17 19 2
2 5 6
3 6 1
13 18 6
22 1 2
4 10 1
2 4 5
3 6 8
10 12 1
6 10 3
19 22 1
6 8 5
0 3 10
21 1 10
17 21 1
18 22 2
11 15 5
8 12 10
12 15 9
9 11 1
12 16 2
22 1 6
21 0 10
3 5 2
6 9 2
12 15 8
18 20 7
8 10 6
4 8 3
9 13 4
13 17 9
18 23 10
2 5 5
1 3 4
2 3 3
11 14 1
5 6 3
14 17 10
9 12 1
8 10 2
16 17 5
5 7 8
14 16 8
6 10 5
9 13 9
17 22 9
15 19 1
17 20 7
4 6 3
14 16 3
2 4 7
2 5 5
19 22 5
6 6 5
17 20 6
11 14 6
21 0 6
22 23 8
13 15 1
23 3 3
6 8 5
18 20 3
1 4 8
8 10 8
23 3 1
23 3 1
12 15 4
9 12 4
18 21 2
21 1 8
21 0 6
6 8 6
12 13 6
23 1 2
4 8 8
6 8 3
16 19 6
15 18 6
13 16 7
2 5 4
1 3 5
5 8 6
22 1 10
12 15 2
12 16 5
9 14 8
4 8 9
4 6 6
19 22 8
9 13 3
5 7 8
6 9 9
5 9 5
14 15 9
4 8 10
3 7 4
3 6 6
13 18 5
3 7 10
14 18 9
14 17 5
17 20 3
23 2 5
23 4 10
19 0 6
21 23 7
13 17 3
9 12 7
12 15 4
4 7 6
18 20 10
3 4 7
2 4 3
12 13 8
4 6 6
18 22 10
10 12 1
17 20 9
9 11 1
22 1 4
12 16 3
20 22 6
22 1 8
4 7 10
10 13 1
20 0 10
1 5 7
14 16 5
15 18 10
4 7 3
12 16 7
21 0 5
13 13 1
18 20 7
15 18 4
12 16 9
17 20 4
14 17 3
23 2 5
3 6 4
7 9 10
15 18 1
20 0 5
1 5 4
11 13 7
22 1 6
5 8 8
21 0 6
2 5 6
16 18 4
6 8 6
1 3 3
5 9 7
0 3 10
3 6 10
2 5 1
0 4 8
16 19 5
5 7 4
13 15 4
23 4 4
20 23 1
3 5 8
3 5 7
16 19 3
20 1 1
21 0 6
23 2 7
0 4 3
7 11 8
21 23 6
15 19 7
14 17 5
4 7 7
18 21 4
2 6 1
4 6 3
11 13 3
8 12 6
6 10 7
0 4 6
10 10 9
10 14 1
20 22 9
1 4 2
1 4 4
2 5 5
5 7 8
22 0 9
1 4 8
5 8 2
10 13 5
19 21 6
1 6 3
11 13 4
20 23 1
2 5 6
23 2 1
5 8 6
11 13 8
19 22 3
4 7 8
14 18 7
5 9 6
22 1 3
20 23 7
16 20 4
10 13 10
15 17 3
18 20 7
11 12 5
1 2 8
22 0 5
21 0 8
5 9 7
15 19 6
19 23 9
12 16 8
14 17 9
15 18 2
22 2 2
22 1 3
5 9 4
14 16 5
19 21 8
23 3 1
20 23 6
14 17 1
11 12 8
12 17 2
13 16 9
21 0 5
6 8 10
0 4 4
18 20 9
13 18 10
1 3 8
19 21 10
8 9 4
14 19 1
9 13 4
21 2 1
0 3 4
15 17 3
22 2 1
20 22 6
14 17 5
10 12 2
1 5 9
19 22 6
5 8 2
12 16 9
19 22 4
6 10 10
22 0 9
17 20 6
19 21 5
16 17 5
17 19 4
9 11 9
7 12 5
14 17 9
11 14 2
13 17 1
8 11 5
9 12 9
21 23 6
1 3 9
7 10 1
4 7 2
11 13 7
13 15 5
12 16 3
2 6 3
1 3 3
13 16 4
12 16 1
6 8 6
17 19 2
3 6 1
23 2 2
21 0 8
21 22 1
2 4 6
14 16 6
10 12 4
23 2 10
10 14 4
7 11 5
21 1 5
2 4 9
11 13 5
20 22 9
12 16 5
2 6 7
18 21 1
6 9 8
14 18 8
11 15 7
19 22 5
14 19 6
0 2 7
2 4 2
20 22 6
18 21 7
0 1 8
12 17 10
2 6 1
7 9 7
12 14 4
14 18 6
2 6 2
12 13 9
22 1 6
14 17 10
20 23 10
4 7 1
6 10 9
13 16 1
10 15 2
11 15 2
14 15 4
3 7 8
2 3 3
19 21 10
18 21 9
15 17 2
12 16 5
20 22 2
2 6 6
19 1 1
3 6 8
9 13 10
21 1 9
23 2 1
7 8 1
11 15 1
7 10 5
2 6 1
18 18 10
11 13 2
9 12 3
17 20 5
8 12 9
4 5 10
9 12 2
16 20 2
0 2 4
18 22 6
1 6 7
8 10 5
21 0 10
3 5 4
10 15 8
9 13 6
21 0 8
4 9 6
23 1 1
1 3 3
11 13 2
17 19 1
10 13 9
1 3 1
10 12 7
2 5 6
17 21 4
7 11 4
19 21 3
20 0 10
8 10 7
15 18 8
5 9 3
4 7 10
1 4 1
6 10 6
0 2 8
2 5 3
2 6 3
10 13 10
6 9 6
0 3 4
2 6 7
20 0 5
9 12 2
8 14 6
23 2 9
10 11 2
4 7 7
22 1 3
7 11 6
21 23 1
22 1 7
4 6 8
5 8 5
12 14 6
22 0 2
14 16 5
2 5 7
23 2 9
1 5 10
20 0 1
1 3 10
6 10 8
18 23 9
18 20 7
21 0 4
9 10 9
3 6 7
15 19 2
8 9 6
0 5 8
21 1 1
10 14 4
7 9 6
18 22 8
11 15 9
16 20 9
8 10 7
8 11 10
7 10 3
10 15 2
4 5 6
8 10 2
19 23 3
17 19 6
21 0 1
7 9 4
5 6 5
21 0 6
6 8 2
4 7 1
3 7 10
8 12 1
9 12 1
18 20 6
7 11 2
13 17 10
5 5 9
9 11 2
15 17 9
18 21 7
5 8 10
11 13 5
3 5 8
9 13 8
16 18 5
13 16 8
1 5 10
17 19 8
3 5 7
