1400 17
5 3 8 2 9 2 8 10 8 2 2 9 8 9 5 5 9 
8 10 6
22 2 7
10 13 10
18 21 3
21 0 3
23 3 7
22 2 14
2 3 7
14 17 14
10 14 7
15 19 16
17 19 10
4 8 4
8 12 6
15 18 8
2 4 2
1 5 10
4 9 10
13 16 9
0 4 15
17 20 2
4 7 15
22 0 9
8 10 15
3 8 8
11 14 1
3 5 11
0 3 6
15 17 13
17 19 4
14 19 4
1 4 12
20 23 3
16 21 17
3 6 7
7 9 7
0 3 12
22 0 13
8 12 2
19 0 2
15 19 16
19 22 14
20 23 4
18 21 12
21 0 15
18 23 11
0 3 17
8 11 17
15 19 15
4 8 15
18 22 2
19 0 17
8 11 13
9 13 4
23 4 9
2 4 13
14 16 6
17 20 9
12 14 5
17 20 2
18 21 13
18 21 8
17 19 9
14 18 12
14 17 15
3 5 8
4 8 12
3 7 16
20 22 15
3 6 1
17 19 11
1 3 10
9 11 7
1 4 8
19 23 12
19 22 5
20 23 5
18 22 14
13 16 15
22 0 5
12 16 2
13 16 11
12 15 4
2 6 16
7 11 1
17 20 3
15 17 13
21 23 17
18 20 13
23 3 5
15 17 7
18 22 17
17 20 11
11 14 10
8 11 6
9 11 17
8 9 8
7 11 7
12 16 16
4 8 17
8 11 1
3 6 5
20 0 13
7 10 17
19 22 5
15 18 6
15 18 3
9 11 3
23 3 4
11 12 17
2 6 8
11 14 2
13 17 5
16 20 6
23 3 15
8 11 10
2 5 7
0 4 3
7 10 10
10 12 5
11 15 14
5 7 2
14 18 8
5 5 8
22 0 9
3 6 10
14 19 8
18 20 7
6 10 3
12 15 1
15 18 14
8 10 3
7 9 14
4 6 3
8 13 7
13 17 4
7 9 9
19 22 11
23 3 17
2 5 12
3 7 7
11 13 15
22 1 15
12 15 9
14 17 16
21 0 13
11 13 15
2 7 8
6 11 7
1 4 4
9 12 15
14 17 6
23 1 15
8 10 12
14 16 16
9 12 16
17 19 5
21 22 6
3 7 1
15 18 17
16 17 15
8 10 5
5 7 13
20 21 15
12 16 8
5 7 1
7 9 8
0 5 1
21 23 14
5 10 6
6 10 5
14 17 5
1 5 15
22 23 11
3 5 11
10 14 14
8 11 3
16 19 12
2 6 13
21 0 10
18 19 17
4 7 15
6 9 9
12 17 4
11 14 9
11 14 10
21 2 16
19 21 7
10 14 17
14 15 11
0 4 1
22 3 5
0 4 14
20 23 11
0 3 8
10 13 7
5 7 11
22 1 11
13 15 4
16 20 16
20 23 11
8 11 3
21 1 1
14 18 5
3 7 11
7 11 9
15 18 6
8 10 17
12 15 15
0 5 14
18 22 4
15 18 15
22 0 15
17 20 15
16 19 9
19 22 2
5 8 2
15 17 4
11 16 7
22 1 16
20 0 15
18 21 15
0 2 6
16 19 12
1 4 12
10 13 13
0 2 16
21 0 14
3 7 13
19 23 4
16 20 16
19 21 5
15 18 14
15 18 2
3 8 5
3 8 16
8 9 14
6 10 3
17 20 5
23 1 15
6 7 4
17 21 14
16 19 11
20 23 8
22 1 5
4 8 11
16 20 13
7 8 14
17 20 3
22 1 16
6 8 13
8 11 13
8 10 13
2 4 16
4 8 5
3 7 10
15 18 10
20 22 11
16 21 9
14 18 1
20 2 10
17 21 5
10 13 7
15 17 11
3 5 10
13 15 8
20 23 11
0 3 2
18 21 15
4 7 9
6 9 13
1 3 15
8 10 15
9 10 3
15 17 11
11 13 17
15 17 3
21 0 8
22 2 2
6 10 7
13 15 7
0 3 16
6 10 9
17 20 1
4 7 15
9 12 2
11 14 2
20 23 7
13 17 15
9 12 15
6 8 17
13 17 12
16 19 16
22 2 5
0 1 1
0 3 13
18 20 14
9 12 1
21 2 14
14 17 10
19 23 7
13 14 3
2 7 7
5 9 17
14 18 2
12 14 5
19 21 1
10 12 11
10 14 10
4 8 14
5 6 6
0 4 16
23 2 12
5 8 16
15 19 17
12 14 9
7 12 17
3 6 7
10 13 17
20 0 13
21 0 11
1 3 1
5 7 15
11 15 16
10 13 5
14 17 8
8 12 12
1 4 4
22 2 1
3 4 4
16 18 10
13 16 8
19 22 5
9 12 16
13 16 9
22 0 5
14 17 12
0 2 6
10 12 3
6 8 17
12 15 10
21 1 1
6 9 14
15 18 4
18 20 10
1 5 13
6 7 1
8 10 17
3 4 3
6 8 3
6 9 15
21 23 4
8 11 11
2 5 10
23 2 16
22 2 6
7 10 9
5 7 15
22 2 1
23 1 11
1 6 16
4 8 11
15 20 1
10 13 1
21 1 4
6 9 4
14 16 16
8 9 12
2 7 5
5 7 12
19 22 10
22 2 3
12 14 16
8 10 12
23 3 1
21 23 7
14 17 15
22 0 13
14 17 2
15 20 10
20 1 1
12 16 12
5 9 11
22 1 15
21 1 9
3 6 4
12 15 5
9 14 4
17 21 14
13 17 1
5 7 5
14 17 1
13 16 13
3 6 11
12 15 2
4 7 16
5 9 4
14 17 7
11 15 2
20 23 1
9 13 17
13 16 1
0 4 10
2 4 13
2 5 7
18 21 3
13 16 16
17 19 11
11 14 8
22 1 9
15 18 4
18 22 9
12 16 15
14 16 9
6 9 9
16 18 4
1 5 16
17 21 4
13 16 11
8 11 15
6 9 14
18 22 16
7 10 17
9 14 14
18 20 14
16 20 4
16 19 5
3 6 6
21 0 9
23 0 6
23 2 17
1 3 9
4 7 17
13 16 6
19 22 16
1 4 2
8 11 6
7 10 11
14 17 4
13 16 8
15 20 3
2 6 8
14 17 11
23 2 12
0 4 2
14 15 1
22 1 16
12 15 16
18 21 15
23 2 2
4 8 8
0 3 12
9 14 1
11 15 8
18 20 16
10 13 16
6 8 14
11 12 12
16 19 10
18 21 8
14 18 10
16 19 4
18 22 17
9 12 9
6 10 10
22 2 7
5 8 12
12 17 3
6 9 11
3 4 12
1 2 11
3 8 3
18 20 7
11 13 14
23 3 7
16 20 8
19 21 10
8 10 3
17 19 9
3 5 16
7 11 3
22 1 14
11 15 13
15 18 16
20 22 4
6 9 7
6 8 17
5 8 11
23 3 16
0 3 5
4 7 7
17 19 17
21 2 11
11 14 5
17 18 12
5 8 16
18 21 11
18 20 9
4 5 9
22 0 16
6 10 3
19 22 14
8 10 14
1 3 10
11 14 8
14 17 6
2 4 4
3 6 16
12 15 17
16 18 11
7 9 4
21 0 5
15 17 17
8 10 1
12 15 3
12 14 2
8 9 13
0 4 17
2 6 1
18 21 8
21 1 10
20 0 9
23 2 4
21 1 3
1 4 6
11 12 4
10 14 16
6 10 4
23 1 14
0 4 10
0 4 12
12 16 3
22 3 7
13 15 3
6 10 17
4 7 17
21 23 3
16 19 4
19 22 14
15 18 1
11 15 1
15 17 12
16 18 5
11 15 13
13 15 10
15 18 3
12 15 17
3 7 10
18 22 5
9 13 10
19 22 5
19 22 1
16 19 7
2 7 14
3 6 9
0 4 3
4 6 2
15 17 5
19 0 6
18 21 12
10 12 17
11 16 16
21 0 12
4 6 5
9 12 4
6 8 5
3 6 2
14 17 15
1 4 3
17 20 17
5 8 12
16 20 7
1 5 3
1 3 3
4 8 5
5 7 6
7 10 2
2 6 3
8 10 7
16 19 15
12 14 11
19 21 3
8 11 4
21 23 1
10 12 3
2 6 11
17 21 9
21 23 13
13 14 2
16 19 14
14 18 3
20 23 1
6 8 8
20 0 17
22 2 10
3 6 11
14 17 2
4 8 13
0 4 3
17 20 8
23 0 13
6 10 4
21 0 1
7 10 15
15 18 14
3 6 12
3 5 16
16 19 1
21 22 13
13 16 9
8 11 12
1 4 9
12 13 15
17 20 5
11 14 3
19 22 11
8 11 4
19 22 9
12 15 12
18 21 7
4 9 6
1 5 1
13 17 4
17 19 4
22 1 15
18 21 13
19 21 10
1 5 10
9 13 15
10 12 13
15 20 5
6 9 10
11 14 2
18 21 9
2 3 7
21 0 7
8 13 15
21 0 15
10 12 6
4 7 8
0 3 11
11 13 15
8 11 7
2 4 5
10 12 16
22 2 11
19 23 7
9 13 14
21 23 6
1 4 17
19 21 11
9 13 8
18 20 15
8 11 12
9 12 13
4 8 11
19 21 6
23 3 10
10 13 3
19 22 14
22 1 15
7 10 11
13 15 12
9 10 9
20 1 3
11 13 7
23 2 5
23 1 17
11 15 6
5 8 17
12 14 12
2 5 8
16 18 10
15 19 8
9 11 11
19 22 1
16 20 14
0 3 7
8 13 12
2 4 12
5 9 9
8 12 1
21 1 6
0 2 9
22 0 1
18 20 17
16 19 5
2 3 15
3 6 1
11 14 13
15 18 2
15 20 9
9 13 12
4 6 17
16 18 11
6 10 15
5 7 8
2 5 7
20 23 16
11 15 3
0 4 8
10 12 14
21 0 13
13 15 9
11 15 12
11 13 16
19 21 17
6 9 13
9 14 8
3 6 4
18 22 1
19 23 3
12 15 14
3 5 7
0 4 17
15 18 3
8 13 2
15 19 17
4 7 13
20 23 9
13 16 10
22 1 5
14 16 7
11 14 14
21 0 3
11 13 9
1 4 14
2 6 5
22 0 16
8 13 17
8 13 5
11 14 2
14 18 1
5 7 5
4 7 6
8 12 9
13 18 5
17 20 11
7 9 3
2 6 11
6 9 1
0 2 4
20 0 4
6 9 8
23 2 14
16 18 11
19 21 8
18 21 16
20 0 6
12 15 11
5 10 12
2 6 14
22 2 9
18 21 12
2 4 8
5 8 10
17 20 13
21 2 5
19 22 6
3 6 6
10 12 5
7 10 3
17 19 13
20 0 4
20 23 17
21 0 2
9 11 10
8 10 3
10 14 3
19 23 1
18 22 4
6 8 1
11 15 4
22 2 10
15 18 4
19 22 7
16 19 1
23 1 12
22 1 10
18 21 7
16 20 5
13 17 14
8 12 10
1 4 6
13 17 12
22 0 15
12 16 13
13 15 15
9 12 11
7 10 3
4 7 10
22 0 8
21 2 1
5 8 15
1 5 1
10 13 1
5 7 2
13 15 7
6 8 12
12 15 15
2 3 17
4 7 12
14 16 5
11 13 8
22 1 1
2 6 4
15 19 5
8 11 4
1 4 14
17 20 14
6 9 11
6 9 17
8 12 17
17 19 10
4 8 14
19 0 8
10 14 1
11 16 6
16 19 5
15 16 1
20 0 6
22 1 14
6 11 1
20 23 4
1 3 11
2 4 11
16 20 3
6 8 3
9 12 15
3 5 11
13 16 5
18 20 5
10 12 6
9 13 6
7 9 5
21 0 6
0 4 2
0 5 4
5 7 2
22 1 6
20 0 12
6 9 14
21 1 9
18 20 12
2 5 11
13 16 1
5 10 16
18 22 3
19 23 7
19 21 9
19 23 2
21 1 13
16 18 16
13 18 16
1 2 8
20 22 6
8 12 10
19 23 2
14 17 5
12 14 11
16 18 3
14 16 1
3 6 13
12 16 11
8 11 17
21 0 5
11 14 8
23 2 5
12 15 10
15 18 1
9 11 14
14 18 11
15 18 5
20 23 5
12 17 4
1 4 8
6 7 7
19 22 10
18 21 15
13 16 11
4 8 4
2 5 14
13 14 3
2 4 2
4 8 10
0 4 11
8 9 14
23 1 14
10 12 3
9 13 13
11 14 4
3 6 10
16 20 13
7 11 2
2 4 8
20 0 4
8 10 9
12 15 8
18 22 1
20 1 3
18 21 1
17 21 9
11 14 4
0 4 17
16 20 16
6 9 7
8 12 13
19 21 6
20 0 1
18 21 1
1 5 9
20 22 11
12 15 8
3 8 15
9 12 15
22 2 1
4 6 3
13 16 8
12 15 9
1 4 4
0 4 7
19 23 9
17 20 5
20 0 7
7 9 7
14 17 11
14 17 3
19 22 17
7 11 16
7 11 15
3 6 17
13 15 11
10 14 3
13 18 2
21 23 3
18 21 4
5 8 1
11 15 4
2 6 5
18 19 5
9 11 13
5 8 15
16 19 1
22 2 7
1 4 5
11 12 12
12 16 12
16 20 16
6 9 17
19 22 10
7 9 8
15 18 17
0 3 7
22 1 9
7 10 6
19 22 6
0 4 4
3 4 12
21 0 11
15 20 10
23 2 5
21 22 7
22 1 11
6 10 7
23 1 2
16 20 12
1 4 13
14 19 5
9 13 13
12 15 2
10 13 3
12 15 7
12 16 5
23 2 1
11 14 6
17 19 13
8 11 7
20 0 11
22 2 10
3 5 14
9 12 12
10 14 15
20 22 14
22 0 15
12 16 6
12 15 2
17 20 9
0 5 9
2 5 5
22 3 4
10 12 3
1 4 14
14 19 17
21 2 15
1 5 13
21 0 13
7 10 6
18 0 10
9 13 16
6 8 4
1 5 7
19 21 17
1 3 3
6 7 14
20 0 8
19 23 7
17 20 16
18 22 6
7 10 11
1 3 11
18 22 11
0 3 1
20 0 8
10 13 5
12 15 14
5 8 1
1 4 7
22 0 4
12 15 3
2 4 13
4 7 8
16 18 12
21 23 2
10 12 9
15 17 13
10 12 17
2 6 15
16 20 7
17 21 15
7 10 8
14 16 7
5 8 7
12 14 8
23 4 17
23 4 15
12 16 3
1 6 16
9 13 15
5 8 4
6 8 14
11 14 7
12 14 7
22 22 12
23 3 16
7 9 10
16 19 2
3 5 8
5 7 13
7 11 4
21 0 14
13 16 8
6 9 6
20 23 17
13 16 9
12 16 14
17 19 11
15 18 4
11 14 14
22 0 15
23 2 12
16 19 7
22 23 16
11 12 16
11 15 8
2 5 17
7 12 16
11 16 9
15 20 11
13 16 16
18 21 6
11 13 7
13 16 5
11 13 13
21 0 6
5 8 10
12 16 9
10 11 14
14 17 14
4 7 17
16 19 16
13 16 16
14 16 12
3 5 6
23 3 8
23 2 5
8 12 4
5 8 4
5 7 12
8 9 7
23 3 11
23 1 15
8 10 11
18 20 5
12 13 16
16 19 5
0 3 12
2 7 10
14 15 17
11 12 7
3 5 11
5 6 10
5 7 16
18 23 3
23 5 5
14 16 9
20 23 1
12 16 7
1 3 10
19 0 15
23 2 17
10 14 15
7 10 12
16 20 9
23 2 14
8 11 4
0 3 7
7 11 10
23 2 6
15 17 17
3 8 1
1 4 3
23 1 6
22 1 7
17 20 2
8 11 9
12 15 6
6 8 12
10 12 11
14 18 12
1 5 6
4 7 8
7 10 11
16 19 10
3 6 8
17 20 16
17 19 8
6 9 8
6 9 4
16 18 5
22 2 12
20 22 3
22 2 6
10 12 1
1 3 13
2 4 4
5 8 7
10 11 2
5 7 10
7 10 15
22 3 12
22 2 3
8 11 12
0 3 12
0 2 3
22 0 4
1 3 4
18 20 17
6 11 14
11 15 12
22 0 4
16 19 3
7 9 13
12 16 7
16 18 8
6 8 11
8 10 13
4 6 16
3 6 16
17 21 4
14 17 13
4 7 12
2 4 15
2 4 15
17 20 1
11 14 4
15 19 15
0 2 13
18 21 14
4 8 11
13 17 4
2 7 15
18 21 2
5 8 11
18 22 16
16 19 4
6 8 14
22 1 17
12 16 16
2 6 3
20 0 6
18 21 4
13 16 13
2 5 6
21 0 8
3 4 4
16 19 13
8 11 1
8 13 8
14 15 16
19 22 1
0 4 15
10 13 12
7 11 6
12 16 16
17 19 15
21 1 5
10 13 11
17 18 12
12 15 8
21 1 16
17 19 17
8 12 2
7 10 17
10 13 9
21 1 9
10 13 9
14 16 12
8 9 9
17 20 8
0 5 13
1 3 10
12 14 3
7 10 3
12 15 3
19 0 3
7 9 7
4 8 17
0 2 3
14 18 4
12 14 15
20 23 8
2 5 4
18 23 4
22 3 10
22 0 7
23 3 4
20 23 6
10 12 9
11 14 6
9 12 4
16 17 13
16 19 14
17 21 3
19 21 7
17 22 11
12 15 11
12 14 2
3 7 4
20 2 5
4 7 3
19 20 15
14 17 2
23 3 6
1 3 13
1 4 14
18 23 8
17 20 14
11 13 5
23 2 4
15 18 1
1 2 14
20 0 5
22 2 12
1 4 9
12 16 16
11 15 2
2 6 15
18 23 7
3 5 10
13 17 8
23 1 12
16 19 3
1 2 11
4 7 12
15 18 6
22 0 6
23 1 12
10 13 1
5 7 2
4 7 3
21 23 12
22 0 2
18 20 17
19 23 1
16 19 9
2 5 6
21 23 17
15 19 13
4 6 16
8 10 6
6 10 2
3 7 17
0 3 17
17 20 7
2 5 5
2 4 6
5 8 8
0 3 14
15 18 16
0 2 16
16 17 11
18 21 9
21 23 2
2 5 9
0 3 3
21 23 1
16 19 1
18 22 10
3 7 15
9 13 15
3 6 11
17 23 5
3 6 15
2 5 1
12 15 5
23 1 3
19 22 14
1 3 16
19 21 4
8 10 8
7 9 2
2 5 13
1 7 5
18 22 16
23 2 1
19 20 12
13 15 7
5 10 6
9 13 7
23 1 5
5 8 14
14 17 14
3 7 2
20 23 16
16 19 14
23 3 10
3 6 15
20 1 16
15 17 2
10 14 15
4 8 5
4 8 5
21 23 13
15 18 8
4 7 6
11 14 16
15 19 15
14 15 2
15 17 16
20 20 6
4 7 2
5 6 15
20 1 11
12 14 2
0 4 11
18 21 3
2 7 14
21 0 3
7 9 11
2 3 16
17 20 10
11 13 15
6 9 4
23 3 9
14 15 16
22 3 6
22 2 17
22 2 13
4 6 1
3 8 8
5 9 14
0 3 12
12 14 13
16 20 15
11 14 13
5 9 5
4 7 3
4 6 5
1 5 16
18 22 3
18 23 9
4 8 4
1 4 7
11 13 15
6 10 2
17 20 10
11 13 16
20 0 4
22 3 15
12 15 6
15 18 14
14 18 13
8 11 9
17 19 13
20 22 3
14 18 7
22 2 17
14 16 3
4 7 14
7 11 10
