800 9
1 5 7 8 6 10 3 2 3 
6 10 3
5 10 4
3 5 8
19 22 6
8 11 7
17 19 1
1 3 8
13 16 5
7 10 6
0 2 5
12 16 7
22 23 7
20 23 7
9 13 6
16 19 8
23 2 4
10 11 8
19 23 3
21 23 3
14 18 9
17 21 7
0 4 8
10 13 3
9 12 5
18 22 6
3 8 1
16 19 5
12 14 5
20 22 9
5 6 9
0 4 5
19 22 4
4 7 1
6 10 6
2 3 3
6 9 8
22 0 4
22 0 5
9 12 7
14 18 4
3 7 1
0 3 8
13 16 5
8 13 7
11 14 6
12 13 8
11 14 3
0 4 8
13 16 8
5 7 2
10 12 6
11 15 1
20 21 6
10 13 6
13 17 3
10 13 6
13 17 4
19 22 2
9 11 1
6 8 7
5 7 3
3 6 5
23 3 9
7 10 2
23 2 7
12 15 2
12 14 3
21 1 7
18 22 2
23 1 8
21 1 5
7 10 7
4 6 4
17 20 1
13 16 5
22 0 5
9 11 8
21 23 4
17 20 1
2 4 3
11 15 3
22 0 5
4 5 9
7 10 3
7 10 3
21 1 9
1 5 3
2 3 3
13 14 2
2 5 8
19 23 1
7 10 2
11 14 7
19 22 4
1 5 2
4 9 6
20 22 5
13 15 2
6 7 1
14 16 9
23 1 4
9 12 4
6 9 9
18 21 5
0 2 7
21 1 1
20 23 2
18 22 8
2 5 1
17 20 2
11 13 2
20 23 4
12 14 1
10 12 5
7 10 3
16 19 3
8 11 2
20 0 3
2 4 5
7 9 9
22 2 6
9 13 9
11 13 8
14 17 9
3 6 4
3 7 4
10 12 9
19 22 4
7 10 1
21 23 2
13 16 2
4 6 5
2 3 8
22 1 9
15 17 3
17 17 4
19 23 6
23 3 1
3 7 2
21 0 6
14 16 2
7 9 1
1 6 6
2 6 3
2 5 9
21 0 9
20 22 7
9 11 2
13 16 9
20 0 1
23 4 2
4 6 1
7 11 7
1 3 2
2 5 4
10 12 7
16 19 4
6 7 5
9 12 1
18 23 6
10 11 6
11 15 3
10 14 3
19 0 2
16 20 8
13 14 6
0 2 9
7 10 2
23 5 8
13 15 8
8 12 1
4 7 1
17 20 2
11 15 9
19 21 7
23 1 9
11 13 1
6 9 6
15 18 4
11 13 5
23 2 1
8 11 8
11 14 5
12 13 9
3 7 4
15 17 6
22 23 9
14 17 1
7 10 8
0 3 3
18 21 1
12 14 6
3 6 6
18 21 9
18 21 1
14 18 6
3 5 6
17 19 7
15 18 7
6 9 7
5 9 2
9 12 6
2 6 2
1 4 8
10 12 5
3 6 2
21 23 6
5 10 3
9 13 2
0 4 6
1 3 8
19 23 8
6 11 9
23 1 1
10 13 8
4 8 9
7 10 5
15 19 4
16 19 3
18 20 6
1 5 3
1 2 5
17 20 1
18 21 4
2 5 3
23 2 7
2 6 6
2 5 7
0 3 8
16 18 6
20 21 5
15 20 5
11 16 9
6 11 2
10 11 3
4 7 7
6 9 4
14 17 5
11 15 4
3 6 1
10 14 8
6 9 9
1 3 5
21 23 4
6 8 4
18 20 9
18 20 8
23 3 4
17 20 7
7 9 2
8 12 3
5 7 2
0 2 7
22 1 2
23 2 3
8 12 5
14 16 4
12 16 1
5 9 8
20 23 4
0 2 6
19 21 7
18 20 1
8 10 6
3 6 9
19 21 2
17 19 7
21 0 8
22 1 9
23 1 5
7 12 1
4 6 1
13 16 2
20 1 3
8 9 6
1 4 8
8 11 4
20 22 2
23 1 4
2 4 3
14 19 3
21 0 8
8 11 7
23 3 7
14 18 2
13 17 1
19 20 2
10 13 2
0 0 1
22 2 7
17 19 5
10 13 3
10 13 7
14 14 2
20 22 4
14 18 1
10 13 6
9 11 9
20 0 7
8 10 5
15 18 1
13 14 8
14 17 5
4 7 4
14 17 2
1 3 4
14 17 2
21 23 7
4 7 1
11 14 4
21 1 8
16 19 9
12 14 7
0 3 6
2 3 1
15 19 3
22 1 1
13 16 1
13 17 3
18 22 5
16 19 2
0 3 6
20 0 5
0 3 7
15 18 5
22 23 8
10 12 6
7 10 2
17 22 4
5 7 1
13 16 1
18 21 8
7 8 6
20 22 9
10 13 3
21 23 3
10 14 6
23 0 9
18 22 5
5 8 9
14 17 5
15 17 7
6 8 3
22 0 6
8 12 6
22 2 6
15 18 6
23 1 7
6 11 4
2 4 2
20 0 6
23 4 8
0 2 9
4 7 1
12 15 7
23 2 7
14 18 7
20 22 3
16 19 4
18 22 1
14 17 8
4 9 9
9 12 6
13 15 9
21 23 3
9 10 3
12 15 2
8 12 9
1 3 1
12 15 1
0 4 3
22 2 8
19 22 1
8 9 6
11 14 4
19 22 6
2 4 9
3 6 7
15 16 6
8 13 2
19 20 8
15 17 9
7 11 6
1 4 5
4 5 1
5 7 2
8 12 4
3 6 2
19 0 3
2 4 6
4 6 9
21 1 1
14 15 2
23 2 6
9 12 5
15 18 3
1 5 7
14 16 8
14 19 7
12 17 8
10 12 4
4 6 4
9 13 7
12 14 5
8 12 4
4 8 1
23 3 9
7 10 9
14 17 3
11 16 2
5 6 3
4 7 1
16 21 6
2 4 4
17 19 1
11 13 8
3 7 1
3 6 6
14 18 2
19 23 7
2 5 7
20 22 6
9 10 1
17 18 3
6 9 7
1 5 8
2 4 7
18 20 5
9 14 4
16 21 3
16 19 3
0 5 6
19 23 6
5 7 1
22 1 5
1 2 6
23 0 1
19 21 9
23 3 8
9 12 4
23 2 5
14 17 2
14 17 2
5 8 5
21 22 1
22 0 4
17 19 2
3 6 4
4 8 2
20 23 4
18 22 5
3 6 1
8 9 8
18 20 6
7 9 3
19 21 4
16 20 6
22 0 7
6 8 5
16 18 7
5 8 1
16 18 1
19 23 1
5 8 9
1 4 3
8 9 9
3 7 1
5 8 5
11 15 6
19 23 7
21 22 1
3 4 2
13 17 4
4 6 4
0 2 3
23 0 2
12 14 1
12 14 7
2 4 8
2 3 1
14 17 5
2 5 9
10 13 1
3 6 6
21 1 9
12 15 7
11 14 5
10 11 7
22 1 1
0 2 3
3 8 7
12 15 9
9 13 2
17 20 7
7 11 3
5 7 9
15 17 6
5 9 9
7 11 2
15 17 7
20 23 2
18 22 8
10 12 9
4 8 3
17 20 7
1 6 7
19 20 1
14 17 7
16 18 2
21 1 3
5 8 1
5 8 2
16 19 1
21 22 1
12 14 2
12 15 8
13 16 8
22 2 7
6 10 5
16 19 7
23 4 3
13 17 9
5 8 1
10 13 5
16 19 3
9 12 6
22 0 3
7 8 9
4 6 4
3 6 5
5 8 8
13 16 7
18 20 4
18 22 9
4 7 2
15 16 1
4 6 4
22 0 3
4 8 3
10 14 8
4 7 1
13 15 1
21 0 7
15 18 1
1 3 8
3 5 2
5 10 6
21 23 6
8 11 2
5 7 2
2 6 9
18 21 4
19 22 6
20 23 7
6 10 1
21 23 6
13 16 3
3 5 5
18 20 9
23 2 3
8 10 2
13 16 4
3 7 6
11 13 9
14 17 7
17 19 5
6 9 6
1 5 9
0 5 9
11 14 4
21 1 5
20 22 2
14 18 2
7 10 7
0 1 8
4 8 1
21 1 1
1 3 8
17 20 7
15 19 8
3 7 9
5 9 9
14 19 7
23 1 1
17 19 7
23 2 2
22 2 5
15 18 3
22 0 8
12 14 3
18 19 7
9 10 6
6 12 6
12 15 1
2 5 3
21 0 2
22 3 2
1 3 2
1 2 1
15 16 2
11 12 1
16 16 3
17 20 1
20 22 5
20 22 2
21 0 4
5 7 2
21 0 1
9 11 7
5 8 9
23 3 6
11 14 2
13 15 9
14 17 6
3 7 4
8 11 4
3 7 5
22 0 4
1 4 7
21 23 4
2 5 3
17 19 9
19 20 4
21 1 4
17 18 6
12 13 4
4 8 8
7 9 8
15 16 3
6 9 5
7 9 1
21 0 5
11 12 5
1 3 8
3 6 4
8 12 4
19 22 4
14 18 6
5 9 2
8 11 7
17 21 2
13 15 6
19 22 1
11 14 6
18 21 3
19 23 3
20 0 5
5 10 7
22 1 3
3 6 7
21 23 2
2 4 3
1 5 7
10 13 8
7 10 3
7 11 1
6 9 7
7 10 3
20 23 5
5 8 7
11 14 4
20 23 7
15 19 3
16 18 4
9 12 3
23 1 2
10 13 3
20 0 6
10 15 9
12 16 2
5 8 8
0 1 1
14 17 8
14 18 6
20 0 3
2 5 8
9 13 3
2 6 3
22 2 9
4 7 3
20 22 6
23 2 4
5 8 3
20 22 6
4 6 1
23 3 7
14 17 7
23 3 4
18 20 2
15 18 4
5 7 8
6 8 9
13 16 1
14 17 2
22 2 6
9 13 7
17 21 3
14 18 2
16 19 7
3 8 6
12 16 9
1 4 6
1 3 3
6 9 5
2 4 7
7 9 5
15 15 7
12 17 6
16 18 5
13 16 5
18 22 7
4 8 5
3 5 2
19 21 5
8 12 7
13 14 9
16 19 4
11 15 7
22 0 9
0 3 8
7 10 7
3 6 1
5 8 3
5 8 2
23 3 7
2 7 9
17 18 9
18 20 8
11 14 6
0 4 5
5 6 4
9 10 4
10 12 2
15 19 2
12 15 3
8 10 7
22 1 9
19 22 6
3 6 8
22 1 1
12 14 8
22 2 4
15 18 6
23 3 8
0 4 9
4 8 5
11 13 1
23 2 2
8 11 5
9 11 7
20 23 9
14 17 3
22 2 7
16 20 6
8 12 2
6 9 4
9 11 4
10 13 2
21 22 6
22 1 6
22 1 1
16 18 5
12 16 3
15 16 4
16 19 4
15 17 3
14 16 7
13 17 1
19 22 6
10 14 8
7 11 4
20 23 6
17 19 1
7 11 3
18 21 2
7 11 6
18 20 1
0 2 5
10 13 2
2 6 5
18 21 2
10 13 2
4 6 3
19 20 3
7 10 7
10 14 5
2 6 6
12 16 3
11 15 9
8 11 2
7 10 2
1 4 4
1 4 4
21 1 8
23 0 2
12 14 4
5 7 4
22 2 2
11 14 8
18 21 4
