650 5
1 4 1 6 1 
11 14 3
8 11 2
3 7 4
21 22 5
2 4 2
22 1 1
17 20 5
15 19 1
11 15 5
7 10 4
0 3 1
3 5 4
13 17 1
4 9 5
18 22 4
4 7 1
20 22 2
18 21 2
10 14 1
16 20 1
1 4 2
16 18 5
7 12 4
2 5 2
18 20 2
23 3 3
17 21 1
23 1 2
15 18 3
11 13 4
22 1 1
21 23 4
19 23 4
1 2 1
14 17 4
4 9 1
8 11 3
21 1 1
15 16 4
20 23 4
11 13 1
16 20 3
23 1 4
10 15 1
12 15 2
22 2 3
4 9 4
4 8 4
9 11 5
11 14 3
13 16 4
10 12 1
7 9 2
22 2 5
0 4 4
10 13 2
14 16 1
1 2 1
7 11 4
23 3 3
0 3 3
10 12 2
7 9 3
21 23 4
20 0 4
15 22 5
14 18 3
5 9 5
13 17 3
13 16 1
20 23 5
22 1 1
7 10 2
9 12 2
7 9 1
1 3 5
17 21 1
3 4 1
23 5 2
21 22 1
11 14 4
23 4 5
4 7 1
6 10 1
10 10 3
13 16 5
17 21 2
17 18 5
2 4 2
19 22 5
11 14 3
22 2 4
8 10 1
16 18 1
11 13 4
20 1 3
17 21 2
16 20 1
13 16 5
5 7 4
1 6 4
5 9 5
1 4 4
22 22 4
23 2 5
2 4 2
6 10 4
0 4 4
20 0 1
6 9 1
8 12 2
13 16 1
3 5 5
8 10 1
17 20 4
1 4 1
15 20 3
21 0 5
20 0 1
15 20 2
18 23 3
14 16 4
17 18 2
22 1 5
19 20 5
6 10 3
11 15 5
17 21 5
13 15 1
18 21 2
7 10 4
10 12 2
18 21 5
10 14 4
22 1 3
1 2 3
18 21 1
17 22 3
0 4 1
15 18 1
5 9 5
14 18 3
16 21 3
6 9 5
1 4 5
9 14 4
8 11 3
19 22 4
0 3 2
12 15 2
21 0 5
12 15 1
11 12 5
4 7 2
22 1 4
3 6 2
7 9 4
11 14 4
21 0 5
16 19 5
18 21 4
18 22 4
9 10 3
15 19 1
2 5 4
19 21 2
12 15 2
19 21 1
0 3 2
10 13 1
14 15 3
10 14 3
8 10 5
21 22 5
4 7 4
12 13 5
11 14 1
4 8 5
22 2 5
16 17 3
8 11 3
5 6 2
18 22 4
19 23 5
6 9 5
22 1 5
1 5 2
5 9 3
5 8 3
9 12 1
4 6 4
13 17 5
14 16 5
2 7 5
11 14 3
10 13 3
8 11 1
1 3 4
6 7 5
19 21 2
23 3 3
23 3 1
22 23 4
6 10 4
22 3 4
0 3 1
22 2 2
11 14 5
21 22 4
22 0 4
16 20 1
17 21 5
11 15 3
2 6 3
1 5 5
18 21 3
12 17 2
21 23 2
2 4 1
0 3 2
22 1 1
9 13 5
12 17 1
12 15 4
5 8 2
14 18 5
1 4 1
21 2 2
1 3 5
9 12 5
6 9 3
2 6 2
17 20 4
15 17 5
2 6 3
14 17 1
8 12 2
23 2 1
8 11 4
19 22 1
2 5 2
14 17 3
22 23 3
6 8 5
22 1 3
6 10 5
8 13 1
7 10 2
10 12 4
22 2 2
9 11 1
0 2 4
17 20 3
3 7 4
10 11 1
5 7 2
15 17 1
12 16 2
14 17 2
6 10 3
2 5 1
13 16 2
23 4 2
12 16 3
19 22 2
8 12 3
13 16 4
8 11 2
7 12 5
17 20 1
7 9 4
11 13 1
12 17 4
22 1 4
1 4 5
21 0 3
1 3 2
8 12 3
6 8 3
19 23 2
20 21 1
20 23 5
11 16 4
12 16 4
12 15 4
9 12 4
17 18 1
7 10 1
15 18 4
4 7 4
10 11 2
19 23 1
16 20 3
13 18 5
6 9 3
12 16 4
11 14 2
23 2 3
12 14 1
7 10 2
16 19 5
7 9 5
12 16 1
14 17 5
3 6 1
11 13 5
8 11 3
10 11 5
18 22 1
6 8 2
21 0 2
12 15 5
18 20 2
20 0 2
21 0 5
19 22 4
18 22 1
9 12 1
21 23 4
0 5 5
4 7 1
1 4 3
17 19 2
0 4 1
21 3 2
1 4 4
3 4 1
15 17 3
3 6 2
7 9 5
23 5 4
3 6 3
20 0 3
13 16 3
14 15 1
13 16 1
20 0 1
0 3 1
8 10 1
17 21 2
4 8 1
2 3 1
6 9 3
15 17 1
15 18 1
15 18 5
13 16 5
4 7 3
8 10 1
3 7 2
23 1 3
19 23 4
11 14 4
12 14 2
8 12 1
6 9 2
16 19 1
19 23 1
22 2 3
8 12 1
7 8 4
8 10 4
7 8 4
11 14 3
16 20 5
18 20 3
1 5 4
7 9 3
1 4 1
0 2 3
3 7 3
15 17 1
3 7 1
14 18 1
9 11 5
13 18 5
5 9 5
6 9 3
16 19 1
10 13 1
13 16 3
0 3 1
5 9 1
12 14 3
22 2 3
15 17 5
12 15 2
11 13 1
13 17 4
20 22 4
0 2 4
11 13 2
18 21 5
12 14 5
16 17 3
23 0 2
15 18 3
17 21 2
8 13 4
7 10 5
9 13 2
14 17 3
2 4 4
7 10 1
18 20 1
13 15 5
10 12 1
3 5 3
5 8 2
10 12 2
15 18 3
3 7 1
18 23 2
23 2 1
20 23 2
3 5 4
1 3 3
6 7 3
1 4 1
20 0 4
2 6 4
5 7 1
12 14 1
21 23 2
3 6 3
23 3 5
5 8 1
3 6 5
12 15 2
18 21 1
1 3 3
22 1 2
1 4 4
21 0 3
13 16 5
20 0 3
18 21 5
9 11 1
1 4 3
2 5 4
21 0 5
8 11 4
12 16 3
9 11 1
6 9 1
13 16 2
1 3 2
6 9 5
20 23 5
22 1 4
3 5 5
13 15 4
1 4 1
2 5 2
11 12 3
14 17 3
2 4 4
17 19 2
18 20 1
9 11 4
2 5 2
3 7 2
12 16 4
16 18 3
14 17 2
4 8 1
8 10 4
12 15 5
6 8 4
15 17 3
11 15 1
7 12 2
10 14 2
10 13 1
21 1 5
21 0 2
18 21 3
14 16 3
10 12 3
0 3 4
11 13 4
4 9 2
19 22 1
19 1 2
3 5 3
3 6 4
23 1 3
22 1 5
18 21 5
4 8 4
23 1 4
20 22 5
9 11 2
16 18 2
0 4 2
17 20 1
9 12 4
14 18 4
0 3 1
22 1 5
9 12 4
18 19 5
14 17 4
3 5 2
9 10 1
21 0 5
1 3 1
12 15 3
6 7 1
10 14 4
12 14 3
19 22 3
0 2 4
0 3 3
20 0 4
18 21 1
3 6 3
5 9 5
10 13 2
23 1 5
11 13 1
22 0 2
21 2 2
2 4 4
20 1 5
10 13 1
2 5 4
6 8 2
11 13 5
9 13 5
3 6 5
6 9 3
3 5 1
14 17 2
7 12 4
16 19 5
11 15 1
3 7 2
18 23 3
13 16 3
4 6 5
6 9 2
17 18 4
20 0 3
7 10 1
10 12 1
23 2 1
13 17 1
4 7 4
15 17 3
21 23 3
8 12 3
13 17 4
23 3 4
13 16 1
23 2 2
12 15 1
5 8 2
7 10 1
16 19 4
6 8 1
2 6 3
18 21 4
7 10 3
15 18 4
18 21 4
21 0 4
7 11 1
10 12 4
15 16 3
2 6 3
17 19 2
4 8 3
6 9 3
22 1 4
20 21 3
10 12 1
22 2 4
1 5 4
15 17 2
10 15 4
13 15 3
8 13 3
8 12 5
22 0 4
8 11 5
16 19 1
12 15 5
18 23 2
14 17 3
17 21 2
15 18 4
0 4 4
4 8 5
2 5 2
10 13 2
17 19 2
7 11 2
20 22 2
16 19 4
14 16 3
16 20 1
23 2 4
1 3 4
15 16 4
17 21 3
9 11 5
15 18 3
22 2 1
10 13 2
1 3 3
8 10 5
6 8 3
4 6 1
22 2 2
20 1 1
17 20 5
6 10 4
16 19 4
12 17 5
20 22 4
18 19 3
8 11 5
21 22 1
4 5 2
17 19 4
2 6 1
6 8 3
23 0 2
4 8 4
7 10 4
11 13 5
15 17 2
9 10 5
19 23 4
7 9 3
5 9 5
22 23 5
13 17 1
21 0 2
3 4 5
2 6 5
13 17 4
15 19 5
10 12 1
8 12 1
22 1 5
12 16 2
22 1 2
5 7 1
