250 5
10 7 4 4 4 
10 13 1
16 18 1
7 10 3
1 4 2
23 1 5
11 15 4
16 18 2
15 15 3
21 1 3
15 19 5
17 19 4
0 3 5
14 17 2
14 19 4
5 8 2
16 19 1
1 5 2
4 8 3
15 19 5
8 10 5
19 22 3
13 15 5
8 10 3
17 20 1
14 19 3
0 3 5
2 4 5
16 20 1
17 21 4
23 1 2
15 16 4
15 19 5
22 2 2
22 0 3
23 3 2
3 6 4
12 15 5
22 1 5
10 14 5
21 0 2
9 10 5
15 18 4
2 4 1
0 3 1
23 3 5
1 5 3
15 18 4
5 8 3
5 9 4
23 1 3
8 9 2
10 12 4
4 6 1
12 17 1
15 18 4
11 14 5
5 9 1
8 12 1
15 18 2
10 14 2
10 11 1
7 8 3
22 1 1
10 13 5
6 10 2
20 0 1
15 19 5
0 3 1
1 5 1
17 20 5
7 10 3
6 9 2
2 3 2
12 14 2
15 17 5
12 14 2
0 2 5
13 16 1
7 9 4
11 14 5
8 12 1
5 8 4
18 22 3
17 19 5
12 15 4
7 10 2
1 4 2
15 17 4
20 0 5
7 11 2
18 20 5
20 22 1
2 5 3
11 13 4
19 23 1
0 5 1
19 23 4
16 20 1
14 16 4
4 8 1
12 16 5
14 17 2
7 9 2
6 9 4
6 11 4
12 14 3
8 13 2
3 5 2
19 22 4
18 21 3
0 4 4
5 8 3
20 22 4
14 18 2
12 13 4
4 7 5
19 22 4
9 12 3
8 13 4
11 14 2
12 17 3
9 12 2
17 20 2
14 15 2
15 17 4
12 16 5
16 19 1
2 4 3
22 1 1
3 7 3
9 12 4
18 22 1
19 22 5
19 22 4
3 5 4
1 5 1
6 10 1
11 14 1
8 13 3
2 5 1
20 23 5
23 2 1
15 18 2
9 13 2
6 8 1
17 20 2
3 6 5
5 10 1
17 20 3
12 15 3
5 8 3
3 5 3
3 4 2
15 18 5
5 8 2
13 16 2
7 11 5
1 2 3
8 13 3
22 0 4
0 4 4
4 7 1
15 18 5
23 2 2
11 14 2
10 13 1
16 19 5
10 13 4
12 17 5
10 12 2
18 20 4
21 23 1
8 8 1
4 7 3
10 14 3
3 6 1
5 8 5
16 18 1
23 2 4
7 10 3
11 14 2
3 7 3
20 0 3
7 9 2
23 4 5
17 20 3
1 5 3
3 7 3
1 3 5
18 21 4
7 9 2
1 4 2
1 3 1
16 19 3
22 1 3
14 15 1
14 17 3
7 11 2
9 11 1
13 16 3
11 14 1
11 15 5
21 1 3
19 21 2
9 12 3
18 19 2
11 14 1
20 23 5
12 14 1
9 11 1
13 16 4
18 22 5
14 17 1
15 19 3
18 23 4
2 5 1
22 1 3
14 17 2
4 6 1
19 20 5
13 17 5
14 17 3
7 11 3
7 9 4
19 23 4
1 4 4
4 7 2
9 13 4
15 18 4
8 11 4
4 5 1
15 17 1
0 2 4
10 11 4
2 4 1
19 21 5
10 11 5
11 13 3
20 23 1
9 12 5
12 14 5
6 9 1
7 8 1
14 16 4
11 13 5
14 17 2
3 6 4
13 15 3
3 7 2
14 15 4
