150 5
6 1 6 5 8 
3 3 2
17 19 4
4 7 5
0 3 5
21 23 4
23 2 4
2 6 4
8 13 5
8 11 4
7 11 1
7 10 4
17 20 1
3 4 2
13 14 1
19 22 1
23 2 1
14 16 3
7 9 4
21 0 3
13 17 5
7 11 3
8 11 1
20 23 5
12 14 3
17 18 4
18 22 1
16 19 4
20 22 2
12 14 2
14 16 4
12 16 2
10 13 1
22 0 3
23 5 5
19 23 2
22 2 5
9 12 2
23 2 3
17 19 4
22 2 1
22 1 2
11 14 3
21 0 3
11 15 4
19 21 2
15 16 4
22 2 1
16 20 5
16 19 1
16 19 5
20 21 2
11 14 2
20 22 1
7 10 5
1 4 4
14 17 3
14 16 2
6 9 2
16 20 5
2 4 3
7 9 5
3 5 1
23 3 1
12 16 5
9 13 4
22 0 5
11 14 5
3 6 2
3 5 4
18 21 5
4 7 5
23 3 3
1 3 1
21 23 1
13 16 1
14 16 1
8 13 4
11 14 2
0 3 1
19 22 5
2 5 3
9 12 5
22 1 3
7 12 4
18 20 2
5 8 3
8 11 1
18 19 4
13 17 3
19 22 4
7 11 2
1 6 4
8 11 3
13 16 5
19 22 1
9 11 3
3 5 2
14 18 1
1 4 3
9 12 5
5 9 5
7 11 2
3 6 3
18 22 1
8 10 3
14 17 1
14 17 2
9 13 4
11 15 5
12 15 2
0 2 1
19 21 1
19 22 5
20 22 2
4 9 4
17 20 2
9 12 2
17 19 2
8 11 1
1 4 4
20 1 5
17 20 3
5 5 4
12 14 2
5 8 5
11 14 4
3 7 3
9 13 2
1 4 1
11 14 4
3 6 4
20 1 5
18 21 1
14 16 1
13 15 5
13 16 3
3 5 5
15 19 1
9 13 1
15 19 3
4 6 1
1 4 1
20 23 2
19 22 3
23 0 2
9 14 4
16 19 2
3 6 3
2 5 1
21 23 3
