250 16
1 6 4 8 3 8 5 1 7 4 2 4 9 9 9 9 
22 1 1
18 21 9
15 18 2
21 0 14
17 19 14
13 16 8
14 18 12
17 20 11
7 13 15
21 0 2
22 0 7
1 5 13
2 5 16
5 8 6
11 16 5
12 15 8
16 18 9
8 10 10
10 13 5
18 20 4
8 11 4
17 20 13
18 20 16
14 18 16
19 0 6
12 14 13
21 0 2
3 5 15
3 6 16
2 6 12
4 7 2
12 17 2
9 13 13
17 19 8
3 5 15
15 17 14
21 23 13
10 12 10
5 8 11
0 4 16
16 20 2
5 8 8
13 19 1
10 14 5
19 21 8
8 12 1
18 20 1
21 1 3
2 6 13
3 8 5
8 13 15
8 12 14
3 6 3
8 11 6
19 22 2
9 11 6
20 0 4
8 11 14
13 15 13
18 22 9
10 14 7
10 12 7
7 10 8
12 14 3
10 14 5
19 22 9
1 5 9
17 20 1
21 0 1
6 9 14
6 9 7
8 10 7
15 17 14
11 16 9
16 19 4
0 4 16
17 20 9
6 10 2
15 17 13
18 21 9
14 16 14
15 18 10
21 22 5
4 5 11
12 15 14
19 22 11
3 7 5
3 6 12
4 6 3
12 14 10
9 11 15
7 9 10
22 3 3
20 0 8
14 15 12
5 10 16
0 1 8
11 13 15
3 6 3
4 7 6
11 13 12
4 6 13
8 11 8
7 11 7
9 13 7
19 21 7
21 23 7
19 22 10
2 5 7
21 0 14
19 23 10
2 7 11
5 7 2
5 7 8
14 17 4
11 15 16
20 23 5
4 7 11
11 14 9
9 12 13
4 7 9
7 11 2
16 18 16
6 8 5
0 2 12
7 10 16
14 17 8
11 13 10
21 0 11
8 10 14
16 18 13
6 9 8
4 8 8
2 4 13
1 4 4
4 5 8
10 12 2
10 12 9
12 13 2
11 14 10
8 12 4
9 11 6
3 5 5
0 4 7
6 8 9
14 17 7
5 8 13
23 1 11
18 21 9
21 0 14
21 2 13
9 13 10
20 23 4
20 22 1
21 0 6
17 22 10
0 3 9
13 15 8
20 23 16
16 20 5
12 14 11
13 18 4
17 19 8
20 22 7
14 18 9
16 18 2
7 10 9
8 11 1
21 2 14
12 15 5
4 8 16
23 3 13
18 22 8
5 8 13
11 13 16
20 22 13
0 3 1
7 13 12
16 19 14
9 13 6
19 23 7
11 14 9
13 16 12
13 16 8
20 23 13
17 20 16
1 4 11
11 15 15
13 16 6
20 23 16
2 4 11
23 1 6
5 8 9
5 9 9
22 1 5
14 16 14
11 14 10
23 3 7
3 6 13
23 3 11
4 4 2
12 14 15
3 5 7
15 18 5
10 14 11
1 4 5
4 7 9
4 5 13
5 9 15
5 9 3
19 0 1
15 17 15
13 17 5
8 9 7
22 1 11
11 14 14
8 11 15
6 8 10
4 6 9
23 1 7
10 15 10
14 17 10
18 21 2
22 1 10
15 18 11
1 3 15
23 23 14
19 22 5
8 12 9
11 16 15
8 12 10
8 10 6
17 19 14
0 3 4
12 15 4
23 3 15
5 9 5
15 16 11
4 6 14
15 20 11
16 19 12
11 14 2
7 11 10
18 23 4
12 15 8
20 0 15
12 17 7
9 13 6
16 18 12
4 6 5
