1950 19
3 7 1 6 1 5 2 3 1 5 5 1 4 4 1 7 6 9 7 
17 20 10
9 12 18
16 20 1
4 7 18
2 4 1
9 14 19
0 3 6
15 17 1
16 18 17
20 23 3
16 19 13
17 21 10
13 17 5
5 7 14
19 23 18
2 3 12
10 14 19
8 11 2
1 3 8
6 8 12
1 3 5
8 11 17
13 18 12
9 13 8
17 21 2
16 18 1
14 15 19
15 18 18
22 23 6
2 4 1
0 2 9
15 18 12
9 12 3
8 12 4
10 13 15
3 7 15
14 17 8
23 1 4
9 13 11
0 4 6
4 9 19
16 17 2
6 8 7
5 7 16
10 14 11
13 15 5
9 12 13
0 3 12
8 9 2
11 15 11
19 21 3
17 22 1
4 6 10
1 5 18
8 13 10
12 16 12
8 12 10
6 9 8
0 4 11
11 14 5
6 10 9
14 17 15
8 11 1
4 8 15
6 9 15
12 16 5
21 0 9
1 6 3
13 15 17
20 23 6
15 18 7
15 18 3
1 6 3
17 20 12
6 7 7
18 20 17
15 19 3
12 14 11
9 12 14
20 23 15
0 3 15
3 5 11
2 5 11
6 9 5
18 22 4
2 5 12
18 22 17
14 17 14
3 5 1
22 1 19
2 5 6
15 15 19
16 21 1
12 14 2
19 23 17
21 2 9
4 7 10
5 7 2
18 19 18
11 15 14
12 15 18
14 16 4
1 3 5
1 5 14
10 13 1
15 18 9
13 18 14
6 8 11
13 17 18
9 12 18
21 23 14
10 14 16
15 18 4
10 13 6
9 12 4
9 11 17
0 3 10
3 5 17
8 12 15
9 13 5
1 4 4
5 7 3
5 10 10
23 1 2
22 0 14
8 11 18
19 23 8
19 22 14
17 21 16
17 21 12
15 17 2
16 17 3
5 9 7
10 13 10
15 18 16
21 23 9
21 23 11
1 3 15
22 2 8
22 3 5
2 6 2
7 10 11
4 6 1
15 18 4
11 15 9
19 22 3
13 15 13
19 0 11
4 6 14
18 21 4
12 14 1
3 6 13
7 10 13
4 8 8
19 22 18
16 19 15
16 17 17
15 19 5
17 21 7
23 2 15
11 14 17
13 17 17
14 17 11
0 2 4
13 16 12
6 10 3
4 6 9
4 6 6
1 3 11
23 3 19
14 17 4
21 23 13
0 3 2
14 17 6
23 2 1
22 2 19
1 6 6
5 7 2
17 22 19
12 16 19
5 8 5
22 0 4
19 23 10
21 1 4
23 3 3
1 3 4
4 6 13
11 15 13
20 0 1
0 3 3
2 5 9
18 21 7
13 17 17
0 2 11
22 1 13
2 7 9
8 13 19
5 9 17
1 4 8
8 11 9
3 5 2
0 4 19
11 14 13
11 15 12
6 8 1
13 16 12
7 11 1
11 15 7
0 4 16
5 5 6
11 15 13
7 10 15
3 6 1
23 3 17
14 15 6
2 5 5
19 23 9
14 16 14
12 15 17
12 15 10
18 20 3
19 0 1
8 10 7
6 10 19
17 20 8
2 4 11
15 18 12
8 11 9
23 3 10
11 14 10
5 8 17
23 2 12
20 22 9
17 19 4
2 6 14
10 14 14
10 12 17
10 12 6
1 4 18
18 20 2
8 11 10
15 18 18
11 15 1
3 7 8
7 8 7
23 2 15
13 17 19
18 21 6
22 1 12
11 15 8
8 12 8
11 14 18
20 1 7
20 1 13
1 6 18
4 6 19
8 10 19
0 4 7
17 18 14
21 1 2
3 6 13
9 12 14
18 22 4
22 2 14
10 13 7
14 16 2
13 16 9
21 0 8
12 16 13
10 13 5
6 9 6
16 19 8
23 1 16
0 3 17
13 16 16
10 14 4
16 21 12
15 20 4
9 12 19
14 17 13
23 1 16
0 3 6
11 15 6
9 12 15
23 1 19
4 7 11
20 22 5
22 1 15
13 16 3
1 6 6
10 13 10
16 19 16
7 9 7
13 16 12
22 2 3
3 6 12
3 7 7
5 9 9
21 1 5
1 4 6
14 17 12
13 15 10
1 3 1
6 8 13
7 10 12
5 8 5
20 21 4
8 11 9
11 15 5
19 22 12
16 20 6
0 3 4
22 1 14
16 20 17
19 23 12
2 4 13
6 9 8
4 8 17
15 17 18
23 3 8
2 5 19
11 14 19
13 16 12
6 9 15
16 21 14
18 19 18
12 15 9
10 14 4
4 5 6
1 4 13
16 19 7
5 10 17
18 20 16
12 15 16
17 20 17
3 6 9
21 2 17
20 0 11
1 5 4
6 8 6
22 0 9
7 9 6
8 12 3
18 21 5
20 0 8
8 9 15
19 23 6
16 18 8
17 20 19
3 5 4
4 6 9
4 6 1
6 9 2
7 10 3
5 8 5
9 14 11
12 16 17
12 16 1
15 18 17
22 2 14
7 11 17
19 22 2
0 4 3
0 3 17
19 23 18
10 15 3
6 10 12
12 16 13
3 4 3
15 18 2
7 12 2
6 10 16
19 22 13
0 5 12
17 21 12
1 2 15
8 11 16
20 22 17
1 3 6
16 20 16
14 15 18
7 10 12
19 22 16
2 5 14
20 1 15
16 18 8
0 3 18
20 0 1
3 6 13
7 11 15
17 20 13
17 21 2
16 18 8
10 12 15
12 16 12
5 9 3
22 0 17
0 2 6
13 18 6
15 18 9
6 9 4
19 21 2
16 20 15
20 1 8
21 0 13
22 3 19
0 3 7
21 0 12
11 14 6
11 13 18
4 5 5
4 6 17
4 7 17
3 6 5
0 4 14
17 20 14
12 14 19
3 4 12
1 5 2
6 9 2
10 12 7
6 9 9
15 18 3
19 22 13
12 13 1
21 23 9
6 10 4
7 12 4
21 0 6
4 7 12
4 6 12
14 17 9
8 9 18
7 11 18
14 17 11
11 13 1
16 20 17
12 16 19
5 7 18
13 18 2
18 22 17
19 21 17
16 19 17
16 18 19
22 1 16
9 11 3
13 16 12
18 22 6
8 12 12
18 21 1
22 2 4
2 5 6
8 12 14
19 23 5
23 2 17
21 23 2
16 19 19
16 21 9
9 13 5
22 0 18
8 10 8
21 2 18
7 8 3
8 13 17
7 11 8
19 22 17
11 14 13
3 6 18
0 3 18
9 12 5
18 21 7
14 14 13
5 8 12
23 1 14
2 5 13
1 3 1
22 23 5
14 16 1
12 15 13
1 4 18
7 9 17
11 13 4
19 21 16
6 9 3
6 10 14
14 17 6
17 20 7
1 3 16
23 2 10
10 14 7
3 6 8
12 16 17
18 20 13
16 19 13
6 9 8
17 19 14
5 10 9
1 4 17
18 23 8
10 13 1
15 18 4
2 6 15
7 10 3
14 17 18
2 4 14
13 17 4
17 20 11
9 13 18
12 16 14
5 9 12
21 22 5
6 10 14
2 6 13
7 11 16
12 15 15
4 7 17
23 1 13
13 16 3
9 12 9
12 15 18
3 8 3
8 11 3
16 19 11
4 7 14
4 7 18
1 6 5
8 12 7
10 12 5
2 6 19
12 16 10
10 15 13
9 13 19
5 8 2
16 18 7
1 5 18
12 16 16
6 9 18
15 19 18
6 9 15
11 14 1
18 21 9
20 23 13
19 22 18
20 0 1
4 6 2
4 7 16
20 23 10
23 1 18
19 22 7
4 8 18
23 3 8
17 20 13
22 2 16
5 10 13
8 10 2
14 17 6
7 9 6
10 15 12
1 7 7
15 16 6
20 1 14
10 14 2
23 2 12
22 1 4
6 9 4
19 23 7
0 4 6
2 5 7
12 16 12
9 13 7
13 17 7
17 20 1
0 3 2
11 14 1
1 3 15
16 18 18
21 23 4
1 5 6
3 6 15
6 9 12
13 15 16
23 1 5
5 9 14
0 1 1
11 13 13
16 18 14
4 6 8
13 14 7
16 18 15
15 18 18
16 21 10
22 3 10
15 18 14
3 6 4
13 17 17
1 5 18
0 3 11
15 18 6
14 18 12
11 15 3
21 0 4
0 5 18
23 2 6
16 19 5
7 9 6
2 5 4
0 4 14
4 7 18
16 21 1
15 19 19
7 9 9
9 13 1
7 10 6
7 9 9
12 17 4
20 23 5
7 11 11
4 6 2
16 19 4
21 3 4
9 12 3
17 20 10
11 15 8
21 0 8
5 7 16
18 21 11
22 2 14
22 2 10
4 9 1
16 18 16
18 21 7
17 20 3
6 10 13
17 19 2
12 16 19
4 7 16
16 20 3
10 15 7
4 6 18
6 9 13
15 19 13
7 10 12
14 16 14
17 19 4
23 3 6
20 22 15
12 16 1
23 3 15
23 3 8
1 4 9
23 3 16
17 20 12
21 2 13
9 11 19
23 1 18
5 9 8
12 17 17
15 19 11
7 9 9
20 22 10
7 11 7
21 0 11
20 23 18
7 10 5
22 1 3
16 19 8
14 16 16
23 2 6
5 9 4
9 13 7
12 15 17
8 12 9
13 17 14
10 13 13
10 12 11
15 16 4
10 13 11
8 11 12
19 21 17
20 1 6
23 1 16
2 6 18
13 16 17
20 0 11
16 18 18
7 10 8
5 9 10
9 12 16
8 11 2
17 20 1
6 9 1
1 4 7
5 8 7
20 23 2
18 20 11
4 8 15
2 6 3
12 15 8
19 23 15
16 20 3
8 12 5
22 0 3
19 20 14
23 2 14
5 10 12
3 6 9
19 22 1
23 5 8
6 9 5
18 21 8
12 15 1
21 0 2
18 23 13
5 7 13
13 16 16
3 8 19
0 3 11
22 2 17
22 0 6
12 15 15
22 1 18
20 22 6
2 3 7
13 16 7
8 13 7
15 18 4
17 20 15
11 14 8
21 22 3
6 10 4
19 21 18
9 12 17
3 7 4
0 5 7
21 23 14
17 20 6
17 19 16
8 12 13
10 14 4
4 9 13
21 0 14
19 23 2
8 10 17
19 23 18
20 23 18
6 10 1
13 18 17
5 9 11
22 0 1
16 18 4
7 10 10
17 22 19
17 18 2
8 10 13
8 10 14
5 9 12
10 13 5
12 14 3
23 1 11
1 5 4
22 2 7
15 20 11
19 21 10
15 19 12
7 12 3
16 19 13
10 15 14
7 9 14
14 17 14
14 18 14
7 10 11
19 23 14
10 13 12
9 11 15
9 13 5
13 15 13
2 5 13
1 5 15
3 7 17
5 6 15
2 7 16
20 22 6
0 2 18
9 12 5
12 15 5
5 10 14
22 0 2
10 11 11
19 22 16
15 17 18
15 19 1
18 22 2
2 5 5
10 12 7
14 16 11
0 5 4
18 19 12
23 2 15
2 5 15
10 15 12
7 9 5
22 1 1
15 21 7
17 22 11
2 4 2
22 1 6
3 6 17
19 23 17
9 12 6
1 6 14
14 19 9
5 9 4
16 21 18
9 11 8
4 6 2
5 8 16
6 8 17
1 3 12
14 16 2
1 2 16
19 22 13
14 16 11
15 18 10
12 15 4
19 20 16
6 10 17
18 22 10
16 18 6
16 20 10
17 20 3
9 11 7
2 5 15
5 8 5
15 17 4
10 13 14
0 1 5
1 5 11
9 13 5
10 13 18
6 8 13
10 13 7
7 9 5
8 12 3
14 17 6
18 21 17
11 14 18
11 14 18
14 17 7
10 12 12
23 2 12
16 20 1
16 20 12
20 22 10
8 10 1
13 16 19
5 8 19
16 19 13
22 1 16
18 19 12
22 0 14
18 22 15
7 9 5
2 5 7
10 14 7
4 6 19
7 11 5
4 8 8
12 15 5
0 1 5
4 7 16
13 16 1
22 1 18
8 11 9
18 19 6
15 18 4
12 16 1
22 22 8
19 20 10
18 22 14
4 6 19
21 0 16
5 7 18
16 18 9
9 12 3
16 17 10
9 11 1
21 22 7
23 1 5
23 2 17
14 18 4
13 15 3
10 12 9
9 12 16
5 8 2
7 10 12
3 5 16
13 17 18
6 9 12
13 16 13
0 3 2
22 1 16
1 3 5
21 0 14
4 6 18
22 2 3
8 11 4
18 20 19
20 23 2
13 15 16
11 12 2
5 9 5
7 9 6
18 22 11
17 20 10
9 13 7
12 13 16
1 3 9
15 17 3
14 18 13
15 18 5
23 5 15
0 3 5
7 8 12
19 23 16
12 17 10
3 4 2
19 0 4
2 6 18
0 2 11
6 9 4
8 12 11
16 17 15
12 14 12
19 23 7
5 8 19
13 15 10
0 4 1
19 23 1
1 2 7
11 15 8
12 16 13
21 23 4
17 19 13
15 17 18
5 9 14
22 3 15
6 7 13
16 18 13
15 17 8
10 14 10
9 12 15
11 15 18
22 0 15
23 3 11
6 10 9
17 21 11
15 19 19
7 8 6
16 20 3
20 23 7
13 15 6
0 3 8
16 20 2
9 13 3
13 15 10
3 4 7
1 3 5
18 22 1
1 7 17
1 2 9
18 22 12
8 11 5
11 14 17
11 14 10
21 0 11
18 19 4
16 18 12
2 4 15
20 22 19
7 11 12
0 3 4
12 16 14
2 3 14
5 8 5
14 15 3
4 8 8
13 17 2
5 9 4
0 5 2
3 6 14
21 0 7
14 17 19
4 6 17
13 14 5
11 16 16
5 9 12
16 18 11
7 11 2
3 5 7
23 1 11
10 13 15
13 15 7
1 4 5
20 23 17
10 13 8
3 6 17
2 5 12
21 0 3
0 5 6
5 7 8
8 9 18
18 23 6
20 23 1
20 2 19
12 15 5
3 5 2
11 13 18
7 10 2
8 11 8
18 20 6
17 19 11
12 15 12
17 18 15
9 12 9
7 10 11
21 1 7
21 1 7
21 23 8
6 9 3
6 9 8
19 23 10
22 1 6
4 9 11
0 3 19
12 15 19
13 14 16
19 21 8
19 22 5
3 6 6
8 11 19
8 11 12
12 15 6
14 16 5
4 9 11
22 1 10
7 10 4
12 15 14
2 3 19
3 6 15
15 18 5
7 8 8
19 0 1
22 1 12
15 18 18
6 10 5
7 11 19
7 10 5
17 20 2
4 7 6
10 14 12
18 21 8
2 5 15
6 10 19
4 7 16
0 4 7
6 9 9
1 4 17
11 14 3
14 18 10
12 14 4
6 8 18
19 23 8
22 1 19
11 13 19
15 16 15
9 14 1
5 9 17
3 8 3
8 12 17
22 23 7
18 20 4
20 23 14
10 14 3
13 16 17
10 12 10
9 13 5
18 22 3
3 6 11
15 17 2
13 14 2
10 13 1
15 20 1
18 21 4
23 2 7
1 5 3
14 17 7
4 5 3
22 23 1
20 23 7
20 21 12
13 16 4
10 14 4
2 6 10
20 23 6
4 8 19
6 8 3
15 15 18
13 17 8
0 3 13
23 3 5
18 20 11
15 18 2
8 10 10
16 19 16
8 12 13
4 7 17
20 22 12
16 17 16
9 13 10
8 11 18
15 18 11
22 0 13
8 11 5
1 3 8
19 22 14
17 18 11
17 21 8
1 3 11
13 15 10
13 15 12
6 11 17
8 12 6
1 4 11
23 1 16
16 21 15
17 18 19
9 14 9
9 13 10
20 21 17
9 11 4
3 8 1
7 9 10
19 21 17
15 17 4
21 1 14
9 12 12
10 13 7
13 17 11
10 13 13
7 12 9
6 9 8
10 13 13
14 18 10
4 7 16
12 14 4
7 12 5
15 19 8
22 1 18
13 18 10
0 1 6
19 23 18
22 0 13
21 1 18
23 2 17
7 10 1
18 19 16
16 18 15
11 14 5
21 0 8
0 5 6
2 6 18
14 19 11
2 3 5
11 15 13
16 19 16
2 5 6
13 16 2
11 16 2
5 6 5
8 10 12
0 3 11
13 17 4
4 8 6
3 6 4
7 9 8
9 12 19
6 10 15
0 3 16
19 21 13
17 19 5
19 1 16
22 3 6
21 0 11
20 1 15
9 13 3
7 10 3
23 3 5
14 18 17
22 2 15
22 1 10
12 15 5
22 0 4
18 20 14
23 1 16
10 13 6
8 11 2
5 7 14
12 13 10
16 18 1
18 22 18
0 4 16
17 21 8
8 13 6
10 13 9
15 18 3
8 13 8
7 10 7
3 6 16
7 10 12
12 16 5
12 15 2
5 8 16
14 19 9
15 19 9
12 14 12
9 13 15
9 11 13
12 15 15
5 7 11
15 19 4
14 19 5
5 8 14
22 0 5
19 0 3
8 12 17
9 14 9
12 15 6
9 13 9
10 12 9
1 4 18
10 13 14
11 13 19
21 0 16
23 1 19
6 10 12
5 9 2
22 23 4
16 18 12
1 3 8
17 19 10
10 12 1
21 22 1
13 15 15
8 11 19
3 7 8
17 20 15
6 8 9
15 17 3
8 11 14
15 18 1
8 10 16
21 23 10
23 2 15
16 20 18
1 4 1
5 8 10
0 2 5
6 10 15
4 8 17
1 4 9
7 11 19
12 14 8
18 20 6
15 17 9
18 21 14
0 1 9
17 20 16
11 13 13
7 11 17
8 12 9
8 12 10
12 15 13
3 7 4
19 22 7
16 19 6
16 20 13
0 3 15
7 9 15
6 9 2
14 17 4
15 17 17
3 6 14
23 0 3
18 22 11
21 2 16
8 12 3
15 18 19
11 13 7
1 5 10
18 21 7
0 2 14
4 6 1
0 4 10
18 21 16
13 16 13
10 12 10
5 7 11
2 5 3
13 17 15
2 5 14
23 3 14
5 8 5
12 15 10
1 2 4
2 4 16
20 23 16
0 4 7
4 5 9
13 15 12
5 10 13
15 17 6
0 3 14
5 8 15
21 3 3
7 10 17
13 18 8
16 18 18
5 9 8
3 6 4
7 11 3
5 7 9
9 12 12
19 22 15
12 15 11
20 23 17
10 13 6
20 22 12
1 3 9
21 1 9
2 4 15
5 8 1
21 0 5
9 13 17
2 7 6
16 20 15
12 14 16
19 22 2
0 4 8
6 9 17
8 12 9
0 4 1
22 1 19
1 4 19
21 23 4
4 8 15
5 10 11
13 16 9
23 1 9
6 9 14
2 5 18
11 14 17
17 20 15
12 15 6
5 9 4
10 12 16
15 17 4
6 8 11
19 23 18
18 23 12
15 19 8
13 18 1
14 16 6
14 17 5
8 11 6
23 1 10
15 18 2
1 4 6
22 2 2
7 7 9
20 23 7
10 13 18
20 23 16
4 6 10
2 5 12
2 6 19
1 2 9
4 7 10
14 17 7
5 9 17
11 13 15
7 10 9
13 14 8
10 13 3
14 16 15
19 23 15
13 15 7
0 2 1
16 21 19
4 7 1
14 16 9
2 4 14
19 23 17
14 17 16
12 17 14
16 18 10
18 21 13
3 5 15
0 3 3
11 14 6
12 14 9
8 10 8
1 5 15
22 3 14
23 3 12
0 3 16
15 18 2
13 17 13
13 16 6
1 5 9
22 0 10
0 1 17
12 16 12
23 1 2
23 1 11
19 22 18
0 3 18
15 19 8
6 11 13
12 15 3
20 0 19
23 2 14
22 2 11
9 12 19
7 9 4
16 19 5
12 13 11
8 10 1
12 16 11
3 6 9
4 6 5
12 15 2
12 15 11
20 21 3
1 5 10
11 15 7
13 15 8
6 9 12
6 8 2
14 18 16
11 16 6
16 18 15
6 7 15
15 16 5
17 21 13
10 12 4
0 3 19
17 20 7
14 17 14
21 1 18
20 22 15
6 7 8
11 14 5
20 23 11
4 7 4
22 1 8
15 17 15
23 1 8
19 23 4
22 0 13
23 2 11
7 8 6
13 16 18
8 13 2
22 23 14
14 16 14
14 16 5
19 0 3
9 12 2
6 10 7
4 7 13
8 11 12
10 12 18
7 11 2
12 17 8
2 4 4
11 13 2
11 14 5
20 22 18
14 18 1
8 11 18
6 11 15
2 5 2
18 20 1
5 7 12
4 10 15
2 4 1
22 1 3
3 7 5
14 16 8
14 18 14
18 23 8
13 17 3
14 17 13
8 11 2
19 21 15
11 14 7
9 14 8
12 15 8
19 0 13
5 8 8
23 2 15
2 4 2
12 15 19
10 15 3
3 5 15
6 10 2
15 18 7
9 13 6
14 19 19
7 9 3
17 20 6
11 13 3
23 2 5
8 11 4
21 23 16
2 5 5
16 19 1
6 9 2
1 3 15
1 2 1
12 15 9
12 17 11
9 13 17
15 17 16
5 8 14
1 4 15
13 16 11
21 0 6
16 17 2
23 1 1
5 7 5
5 6 5
15 16 8
8 12 13
11 13 13
3 6 15
20 23 16
22 23 5
22 0 19
16 18 15
12 16 1
22 2 16
11 15 13
0 4 2
10 14 16
6 9 5
23 2 9
9 12 12
2 6 6
20 23 7
20 22 6
2 5 14
21 2 9
11 16 19
11 14 17
1 5 16
0 4 3
21 1 11
15 19 10
1 4 15
23 4 16
12 17 3
5 8 14
1 1 17
11 14 4
1 5 3
16 19 14
8 8 4
7 10 2
8 10 3
13 15 11
14 16 10
16 17 12
8 11 16
5 7 15
4 7 9
8 11 13
13 15 17
9 12 18
17 20 11
16 20 1
3 7 1
15 17 5
3 5 16
9 11 19
11 14 10
9 12 11
16 20 18
19 22 12
11 16 14
10 12 15
5 8 12
0 1 14
15 19 16
20 23 15
20 0 11
2 5 10
0 2 12
3 8 18
13 17 15
20 2 19
5 10 11
7 10 6
19 23 10
0 4 9
10 14 4
16 21 7
1 4 9
1 3 7
5 8 18
0 3 1
5 8 7
17 22 16
4 6 8
0 3 14
9 10 2
12 14 19
13 16 19
3 7 9
7 10 7
12 15 11
21 3 2
19 23 2
14 16 9
14 17 11
5 9 17
15 19 5
18 21 12
6 10 8
13 17 8
1 1 1
5 8 15
7 9 6
11 14 12
16 18 13
3 8 9
11 12 14
17 21 11
19 21 6
10 13 13
17 19 2
14 17 9
8 10 10
4 7 16
22 0 17
11 13 1
23 4 4
15 18 15
8 13 11
14 17 6
14 17 5
23 3 15
8 11 18
2 5 13
22 1 7
0 2 4
22 1 2
22 1 15
14 17 9
22 1 13
0 4 10
22 1 4
12 16 3
15 19 5
2 6 2
21 0 13
2 5 12
21 0 14
6 9 18
22 0 3
7 11 9
18 23 10
3 6 6
5 9 4
7 10 1
1 2 17
20 23 6
18 19 1
2 5 13
18 21 12
23 1 5
7 11 14
22 1 10
19 23 19
22 3 15
14 16 2
2 3 9
8 11 8
2 4 12
7 10 16
11 14 3
12 15 5
3 4 13
14 19 19
18 20 1
15 15 9
3 5 3
15 17 9
10 14 13
10 14 1
21 23 4
19 22 6
14 17 19
21 1 1
21 23 16
1 4 16
11 13 14
7 10 8
9 12 6
13 17 14
23 1 10
5 8 19
5 7 6
22 1 15
14 16 16
10 11 19
15 19 8
21 0 17
3 6 18
19 23 19
16 19 4
12 15 17
6 10 15
10 13 10
22 0 11
14 16 13
11 14 14
5 7 15
14 18 6
13 16 14
22 0 9
6 9 7
6 10 9
5 8 10
10 13 9
10 13 10
2 6 4
6 11 15
4 7 4
1 5 1
21 0 9
3 5 10
13 17 19
7 9 5
22 3 8
20 23 9
15 17 10
19 23 12
20 22 4
1 6 5
16 19 13
22 2 16
11 15 4
6 10 5
3 7 9
13 15 10
18 19 17
18 21 2
1 3 9
3 5 10
14 17 8
21 2 3
13 17 18
14 17 15
13 18 2
20 22 9
6 10 6
9 12 3
3 5 3
5 8 19
7 11 2
19 23 8
17 20 18
19 23 17
13 16 12
1 5 13
4 7 1
0 5 10
11 15 17
4 7 6
16 19 2
12 15 12
12 15 17
20 23 5
3 4 10
8 13 17
7 8 5
12 15 7
23 3 5
23 2 12
0 5 6
20 23 18
16 19 13
5 8 10
4 5 3
14 17 14
22 2 4
4 6 12
12 15 4
0 3 19
4 7 10
13 18 13
17 20 10
11 12 5
13 17 17
14 16 8
22 2 7
14 17 9
6 11 12
13 18 1
18 22 14
19 22 17
22 3 19
5 8 19
20 0 14
23 1 4
6 9 7
17 21 10
17 19 2
3 5 11
19 22 19
5 8 3
7 9 4
13 15 15
10 13 6
17 19 3
5 7 12
14 18 14
7 11 1
22 3 5
20 23 16
21 0 19
13 15 7
11 14 14
16 19 12
3 5 3
19 20 8
0 3 6
19 22 6
17 20 19
8 10 17
9 12 11
18 22 19
7 10 9
17 22 12
8 13 5
23 0 14
0 1 8
9 13 3
7 9 7
18 20 7
13 15 17
4 9 6
21 23 6
11 13 6
22 0 18
10 14 13
0 4 12
19 21 16
11 15 1
11 13 12
18 22 2
9 11 12
1 4 15
20 22 12
14 18 6
2 6 15
21 0 8
22 1 13
14 18 8
15 19 15
16 21 17
0 1 11
8 10 4
0 3 6
9 10 11
23 4 18
18 20 5
21 23 5
5 7 8
4 5 10
19 20 17
21 0 19
2 4 11
2 4 2
8 11 19
15 17 15
18 22 5
22 1 13
7 10 4
10 13 8
8 12 5
7 13 19
17 20 7
23 3 1
21 0 19
12 17 8
10 13 19
20 23 3
13 17 5
19 23 6
19 22 10
17 20 7
2 6 3
10 14 16
2 5 1
10 13 2
13 17 18
22 1 8
12 15 6
3 6 19
5 8 6
18 21 13
0 4 18
12 14 15
1 4 8
10 13 5
1 4 4
13 17 1
23 2 17
10 14 19
0 3 18
0 2 6
4 7 4
12 16 17
23 4 6
6 11 18
11 15 4
18 19 6
17 22 13
0 2 16
12 16 3
4 8 13
7 11 4
1 4 1
9 13 3
10 13 1
5 9 4
4 7 17
20 1 3
