600 12
2 4 1 8 7 8 5 6 1 7 2 1 
0 4 1
19 21 8
13 15 8
10 14 10
4 5 3
12 16 11
4 7 5
14 18 11
10 12 10
21 0 3
15 18 12
21 0 3
13 17 10
18 21 7
7 12 7
14 17 4
2 4 8
2 5 6
9 12 12
8 11 7
16 19 6
3 6 2
4 7 6
13 16 10
23 3 2
19 22 10
10 12 11
11 13 2
12 16 12
20 23 3
4 6 11
21 23 5
6 10 5
1 3 5
20 21 5
1 4 4
14 19 5
1 4 6
3 6 11
3 4 9
10 14 8
6 9 5
12 15 3
6 8 6
5 9 7
14 17 1
20 0 6
22 1 8
1 4 1
13 16 7
9 11 10
8 10 10
8 11 6
10 14 9
7 11 7
3 7 9
11 15 12
20 22 11
21 1 11
4 5 10
7 12 4
10 13 6
16 20 8
5 9 9
16 20 1
17 20 3
2 4 4
17 19 4
16 17 12
6 8 8
15 18 7
15 17 10
18 21 4
10 12 12
18 22 4
15 17 3
10 13 8
20 23 5
3 8 4
11 15 8
18 20 10
4 6 10
17 21 11
12 13 1
19 22 1
9 11 10
11 13 12
19 21 10
12 15 2
16 18 3
5 6 4
0 3 11
22 1 10
12 16 7
22 1 4
2 5 1
14 17 7
3 5 12
9 11 12
1 3 9
17 20 3
4 6 1
2 5 6
15 17 5
19 21 6
19 23 5
9 11 4
8 12 3
21 22 5
9 12 5
0 3 3
9 12 7
1 4 3
10 12 1
3 6 7
1 4 9
18 22 11
13 17 9
23 3 12
4 7 12
20 23 8
8 11 8
5 7 3
15 18 5
15 19 6
13 16 9
1 5 5
11 15 5
9 11 3
5 10 10
5 6 6
14 16 12
14 18 11
10 16 4
21 2 2
21 22 3
17 20 3
6 8 3
2 4 1
10 12 5
22 4 11
21 21 11
6 9 8
21 23 8
15 17 5
2 5 7
20 22 5
14 18 3
21 23 11
16 17 6
4 9 6
14 16 6
7 11 12
21 1 7
3 7 8
23 1 8
2 5 7
3 5 12
14 18 1
20 23 2
4 6 7
14 19 1
22 2 6
22 2 11
17 19 6
3 6 1
9 10 6
10 13 6
10 14 10
6 9 5
14 17 5
1 3 4
21 0 1
19 22 2
2 7 5
20 22 1
16 20 12
22 3 11
8 9 5
0 2 4
3 7 10
1 4 12
19 22 5
11 12 3
22 1 9
2 8 2
8 11 7
13 15 5
5 10 9
2 4 8
20 23 8
8 10 1
15 19 8
16 20 5
19 23 1
4 5 8
6 10 7
18 21 6
15 18 2
9 11 8
10 12 11
15 18 1
2 4 9
0 2 2
18 22 1
3 7 4
10 14 5
0 4 8
23 2 1
19 23 4
16 20 8
4 7 8
11 14 1
22 0 9
2 5 4
3 5 8
10 14 3
15 17 6
0 5 2
15 18 6
7 11 1
15 18 4
10 12 1
18 22 9
16 20 10
11 13 7
4 7 8
4 7 11
12 16 8
20 21 10
0 2 9
22 1 3
18 21 10
13 16 5
20 22 4
22 1 3
8 12 12
6 8 12
20 23 2
16 18 1
16 20 4
20 23 10
8 12 12
20 23 1
5 10 11
19 23 9
8 12 1
6 10 9
19 23 2
19 23 3
13 17 9
6 9 9
0 3 9
9 15 11
16 18 11
2 4 4
10 13 9
2 4 10
15 18 5
18 21 7
4 6 3
4 9 12
14 16 10
4 7 1
13 17 9
11 12 7
2 7 6
4 8 9
23 0 5
22 0 11
3 7 11
20 22 2
14 19 4
9 10 8
3 7 10
6 9 4
9 11 5
5 10 1
8 11 3
8 12 7
10 13 8
16 17 2
13 17 10
9 11 11
13 16 5
21 23 8
4 8 4
14 18 3
15 18 8
15 18 4
16 19 6
11 13 1
18 23 4
18 21 7
8 12 12
21 0 6
10 14 10
3 7 8
23 2 6
16 21 1
11 13 1
17 21 4
8 10 1
8 10 11
17 21 8
12 14 1
10 14 7
3 7 4
3 5 9
3 6 4
19 21 11
5 7 9
2 5 8
14 18 11
15 19 10
2 4 2
14 18 6
19 22 8
23 2 2
20 21 2
2 5 4
15 19 1
3 6 12
17 19 11
13 15 3
11 15 10
10 13 5
14 16 8
5 8 12
19 21 4
5 8 4
2 4 5
13 17 9
4 5 3
18 22 3
19 23 3
6 9 1
20 23 11
23 0 3
10 12 1
12 14 5
12 15 2
19 0 10
20 23 3
12 14 9
2 5 7
8 12 1
4 9 11
6 10 3
23 2 11
19 22 12
19 22 4
11 14 9
7 11 9
5 7 2
17 19 7
3 7 7
3 7 11
1 6 8
3 4 7
10 15 4
5 8 6
11 12 4
19 21 2
3 7 9
4 7 12
5 9 7
21 0 8
15 19 3
20 22 4
19 22 9
19 21 5
1 6 1
21 21 11
6 9 11
0 3 9
5 10 5
23 2 7
14 17 7
14 15 9
12 15 9
8 10 9
18 21 2
19 21 1
6 8 1
22 0 7
22 3 4
7 10 4
13 15 7
17 21 2
14 17 1
13 16 12
8 10 12
13 16 1
17 20 1
2 4 7
5 6 10
11 14 10
7 8 5
17 20 4
1 3 11
14 16 1
12 15 10
14 16 9
16 21 3
23 3 1
23 3 10
2 5 3
9 11 6
23 3 10
4 7 7
1 4 10
21 1 11
15 16 1
17 21 10
8 12 10
6 10 5
3 6 4
13 16 12
10 13 3
0 4 1
21 0 6
17 18 3
3 6 1
14 16 10
16 20 2
8 10 10
21 0 9
9 10 7
9 12 8
11 15 1
7 9 1
2 5 9
14 18 7
21 0 10
18 20 11
8 10 7
22 0 7
9 13 4
21 22 7
5 8 4
15 20 8
6 10 10
3 6 12
14 19 6
6 8 8
14 19 1
11 14 4
12 16 3
15 18 4
9 10 7
10 14 7
6 9 11
7 10 4
0 4 8
0 4 5
20 22 9
13 17 1
17 20 3
7 11 12
15 18 5
15 18 4
19 21 7
18 22 5
9 12 7
2 5 7
4 8 4
7 10 4
3 6 3
16 20 7
7 9 12
15 19 11
18 20 6
22 23 4
10 13 11
4 8 7
20 0 4
16 19 12
12 15 4
19 22 10
10 12 8
5 9 7
16 18 9
22 2 7
15 18 12
10 13 8
22 1 1
19 22 4
14 17 11
15 15 6
17 20 4
0 4 9
11 15 1
12 14 12
11 14 3
16 19 2
13 17 4
20 21 10
7 10 5
17 19 7
5 9 5
13 14 5
12 15 1
0 2 11
18 21 1
2 5 9
5 8 5
2 5 2
20 0 2
13 14 11
14 17 3
15 17 5
18 22 10
6 9 6
23 3 9
1 3 1
20 1 2
22 0 4
23 2 4
1 3 2
23 1 6
1 2 1
8 10 12
9 10 7
16 17 3
13 17 6
21 2 10
10 13 12
15 18 10
11 13 11
12 16 11
15 16 7
10 12 11
12 14 7
3 7 7
1 4 10
14 17 1
21 0 6
7 10 2
14 18 1
16 19 2
1 4 12
21 2 9
10 14 2
20 23 11
23 2 1
11 16 1
10 14 12
16 19 3
10 14 10
16 21 7
0 2 11
19 22 12
21 23 11
10 13 11
23 2 5
13 16 10
8 11 5
1 4 1
7 9 8
8 10 8
19 22 6
7 10 12
16 19 7
23 1 5
13 17 11
5 6 3
21 1 11
8 11 8
9 12 5
12 14 12
7 10 1
15 19 5
7 9 8
12 14 5
16 19 2
11 13 10
20 21 5
11 12 12
17 20 4
20 23 8
2 4 4
14 18 6
12 16 4
23 2 9
14 18 10
20 22 9
4 7 6
6 9 9
4 7 6
0 2 10
2 5 10
14 16 2
1 4 9
18 22 2
6 8 12
12 17 1
1 4 7
21 23 5
13 15 10
