850 18
3 10 5 6 8 3 3 1 4 9 9 4 7 9 6 8 3 7 
11 12 2
4 7 3
9 11 4
12 17 5
19 21 7
0 2 14
8 12 15
4 7 10
8 12 5
20 0 10
19 22 6
16 18 6
2 4 15
8 12 18
3 6 10
4 8 7
7 9 12
15 17 3
6 10 16
22 0 15
3 5 2
9 11 13
22 2 4
22 2 8
13 16 4
23 3 6
17 20 18
21 23 17
23 3 6
6 8 17
18 22 17
13 15 11
22 1 2
13 17 6
6 8 17
5 8 18
6 9 3
12 15 9
15 19 4
5 8 4
23 1 13
6 7 15
20 23 10
11 14 8
12 16 13
5 7 7
17 20 14
21 1 5
20 0 1
23 1 18
1 3 9
1 4 11
20 23 14
10 14 6
9 12 15
1 5 10
5 8 9
17 20 7
23 3 14
7 10 12
13 17 13
1 2 16
8 11 6
3 6 3
8 13 4
11 15 15
2 5 17
17 20 9
16 18 9
1 4 3
9 14 3
19 21 14
16 18 13
7 12 12
6 8 3
12 14 4
8 12 1
17 19 6
14 17 5
0 4 14
19 22 17
3 5 15
1 4 4
21 1 2
22 3 1
19 22 10
5 9 12
16 19 7
20 0 12
9 12 18
12 16 6
1 3 8
18 21 18
17 21 13
3 6 7
7 10 14
15 19 9
16 20 8
8 11 15
10 12 13
19 22 14
13 15 4
11 12 15
17 19 8
23 3 2
0 3 3
17 19 2
9 10 4
19 23 14
23 1 4
18 23 16
22 1 18
14 17 1
15 18 18
17 22 16
12 14 6
4 7 15
18 20 11
18 22 18
19 20 18
6 6 4
1 6 11
6 8 6
21 23 5
22 2 13
21 0 12
4 6 9
3 6 9
7 10 14
19 23 6
10 13 6
19 0 1
15 18 16
6 10 13
16 19 8
12 15 1
1 3 2
2 5 3
7 10 15
7 10 8
11 14 5
15 17 17
1 3 3
5 7 4
10 15 16
16 19 11
15 18 8
11 13 10
12 15 2
20 23 5
20 23 8
19 21 13
2 5 10
2 5 5
20 23 16
9 11 9
23 1 17
1 4 8
22 1 10
21 0 1
13 16 6
16 18 6
11 13 13
3 6 3
16 20 14
5 9 17
11 14 10
14 18 9
12 15 2
7 9 5
8 11 14
9 12 12
8 11 13
15 16 15
18 19 3
13 16 9
9 11 11
2 4 14
15 20 9
7 10 8
14 17 8
1 5 18
3 8 2
0 3 15
20 23 11
22 23 9
5 7 16
0 3 11
15 17 16
16 19 16
21 0 14
23 1 11
5 9 7
0 2 8
5 8 14
1 4 8
21 1 4
11 15 18
16 17 13
5 8 1
5 8 6
10 13 6
20 1 10
12 13 7
9 13 17
19 22 11
23 2 18
2 5 6
6 7 3
23 4 14
22 0 2
18 18 10
9 12 15
20 23 11
5 10 10
8 11 10
8 11 8
21 23 3
15 18 3
17 20 18
23 1 10
13 16 15
13 17 16
5 8 2
7 10 12
8 11 1
13 16 7
12 15 15
23 1 13
23 4 8
22 1 2
21 0 10
1 5 8
15 19 4
10 13 8
8 11 15
21 22 4
5 9 14
23 2 7
11 14 8
9 11 9
4 8 13
9 13 7
6 11 2
6 8 8
19 0 14
16 18 16
15 18 15
1 4 12
14 16 13
16 19 15
1 4 17
22 2 18
2 4 18
22 2 14
10 14 4
22 1 8
1 5 14
21 0 12
21 0 10
4 5 5
0 6 1
3 5 5
22 1 5
19 21 8
22 0 17
7 10 2
8 9 4
7 10 14
4 7 8
15 18 11
17 20 8
20 1 12
0 2 11
19 21 15
9 12 15
12 14 1
6 9 18
3 6 14
10 13 1
20 0 17
3 5 7
23 2 5
1 3 6
4 7 4
12 15 12
19 21 12
4 8 15
2 5 9
6 10 8
1 3 11
14 17 13
19 21 15
17 20 16
17 21 1
16 18 2
5 9 8
11 16 4
1 5 10
6 10 15
13 15 11
23 3 16
11 15 10
6 8 11
12 16 14
14 17 2
21 0 11
9 14 17
5 9 18
8 11 1
13 16 18
12 14 6
12 15 1
8 13 9
3 5 3
18 21 3
9 11 15
0 3 13
4 7 6
5 9 11
0 3 5
7 9 9
23 3 17
3 6 18
19 22 7
16 21 4
13 17 9
12 16 3
10 11 9
21 0 11
22 1 6
23 2 9
18 20 11
1 4 4
23 1 9
2 6 1
11 15 1
5 6 13
20 1 10
5 9 3
8 12 3
14 18 12
2 4 1
6 10 8
3 7 3
1 5 8
20 1 2
2 5 9
6 7 9
18 21 2
21 1 17
0 2 12
1 3 18
22 1 12
5 9 16
8 13 4
22 1 17
23 1 9
8 11 5
1 4 7
5 7 5
2 6 2
6 8 18
5 7 14
22 0 17
0 2 9
3 6 17
2 6 17
23 1 12
23 3 14
5 8 1
6 8 6
3 7 10
21 0 12
9 12 5
18 21 7
20 22 18
13 13 16
16 19 14
11 14 12
1 4 13
6 9 4
20 22 11
18 22 15
2 5 14
13 14 14
21 0 17
0 4 12
1 5 9
13 18 15
9 12 13
21 0 11
7 12 10
15 18 8
18 21 18
19 23 9
14 18 1
12 17 2
19 21 9
13 17 18
3 8 10
19 22 7
10 13 17
10 11 12
17 19 18
8 10 4
16 18 15
19 22 5
22 1 11
11 14 16
3 6 2
16 20 15
7 9 8
6 9 10
17 18 10
23 23 8
13 14 14
21 0 5
21 23 14
5 8 13
9 13 3
2 4 13
11 13 6
3 5 2
4 7 14
10 14 16
18 22 15
6 9 5
1 4 16
22 0 11
21 1 11
7 10 1
19 22 12
5 8 13
8 11 4
14 17 6
3 5 12
21 0 8
0 3 14
11 13 18
21 2 10
8 11 2
5 9 16
21 1 10
20 21 4
13 16 12
5 8 1
1 2 15
12 14 1
12 15 2
2 5 18
14 17 5
22 0 12
9 11 8
1 2 12
10 12 16
23 1 6
8 12 4
15 19 18
16 18 13
17 20 7
7 11 16
11 12 11
16 18 12
10 13 10
0 2 2
22 0 7
15 18 7
19 23 16
1 6 17
17 20 4
5 8 11
14 19 1
22 1 5
20 0 17
0 2 4
8 12 3
16 21 7
14 17 1
8 11 5
17 20 15
10 12 16
18 21 13
17 22 7
18 22 18
17 20 7
16 18 15
4 4 2
4 7 1
23 2 11
9 10 17
0 3 17
18 20 7
5 9 6
19 22 13
1 2 4
18 21 13
16 19 5
5 7 3
23 2 15
2 6 3
17 21 18
21 0 16
10 13 2
18 22 6
19 21 3
14 16 8
2 4 18
10 15 1
6 10 16
16 18 9
16 17 17
21 0 14
22 0 6
12 14 12
15 18 1
15 17 7
23 0 4
11 12 17
0 3 12
9 13 13
22 1 3
15 19 16
20 23 10
16 18 3
16 19 16
22 1 15
0 2 15
5 8 10
8 11 9
23 2 5
10 13 9
17 22 3
6 10 13
1 3 11
20 23 9
10 14 15
11 14 14
12 15 3
19 22 14
3 7 5
1 6 16
13 16 15
1 5 5
0 4 4
23 3 17
14 16 8
1 5 16
7 10 12
20 0 11
1 4 12
9 11 12
21 1 11
18 21 18
22 2 14
2 5 6
3 6 15
10 13 6
21 1 5
17 21 17
7 10 4
18 21 14
1 4 10
10 14 18
10 12 5
11 13 17
7 10 7
22 1 12
9 13 15
18 21 7
23 2 10
19 0 17
18 21 8
10 14 3
23 2 7
15 18 15
23 1 18
20 23 12
15 19 14
1 3 17
13 17 1
1 2 1
7 11 11
6 7 15
9 13 17
18 19 7
17 18 5
2 3 6
22 2 6
6 8 6
9 13 10
11 16 11
0 3 4
17 21 3
18 22 13
17 19 17
12 16 10
21 0 9
20 23 1
3 8 1
13 16 10
0 3 6
8 12 16
0 2 17
6 9 12
20 0 12
7 10 4
18 20 15
13 16 6
16 18 5
5 6 6
18 21 12
0 3 14
16 20 13
21 1 7
4 6 6
4 8 13
18 22 4
2 5 2
16 19 4
20 23 10
1 3 14
19 20 7
11 16 18
9 11 5
7 9 12
7 9 7
22 3 12
22 1 7
3 5 9
16 18 16
19 22 11
17 20 6
17 20 8
0 4 10
15 17 11
6 7 6
12 16 4
7 11 5
14 17 12
4 8 10
5 9 12
14 17 5
21 0 3
17 21 2
20 21 6
20 22 14
12 17 10
9 12 1
22 4 11
11 14 15
21 23 6
11 15 10
7 12 12
9 12 14
17 20 12
19 0 18
5 8 11
4 7 17
11 12 7
11 15 2
11 16 4
7 12 18
12 15 17
5 8 10
14 18 12
0 4 14
4 8 16
12 16 12
0 3 2
10 13 12
10 14 18
9 11 15
11 13 9
10 11 9
16 20 11
16 20 8
2 4 8
12 14 14
23 3 13
6 9 18
19 1 11
12 14 4
21 1 3
5 9 11
21 0 7
4 8 2
3 8 17
20 22 8
20 22 8
8 11 13
13 16 16
19 23 3
20 22 9
11 15 9
16 20 11
16 19 16
11 15 4
16 18 4
11 12 9
22 2 15
14 18 11
7 9 10
23 2 8
7 10 3
10 13 7
7 9 7
23 1 14
9 14 8
19 21 4
20 23 3
7 9 4
10 13 18
5 8 13
15 19 18
21 22 5
8 10 6
8 11 16
18 20 17
0 2 13
20 1 4
22 2 11
6 8 4
18 20 3
7 10 3
18 22 17
11 15 18
21 0 15
8 10 14
9 11 4
3 5 4
17 18 12
17 19 1
7 9 9
14 16 3
7 11 13
15 18 18
2 4 8
8 12 8
0 2 12
20 0 8
16 20 15
20 0 2
10 13 10
10 12 9
22 0 6
20 0 18
5 7 15
11 14 2
12 15 11
22 1 13
0 4 14
2 4 6
3 8 12
22 23 17
20 23 4
12 15 13
18 19 7
0 1 6
21 23 5
18 20 12
9 11 14
10 12 17
13 16 13
21 22 9
21 1 15
3 6 16
0 3 10
4 6 11
10 15 17
23 1 5
15 18 12
1 3 9
15 18 5
3 5 12
10 14 10
5 8 1
17 21 3
17 20 11
12 15 13
4 8 16
13 16 5
2 4 1
13 15 15
10 14 11
15 18 12
17 20 11
9 12 11
12 16 3
1 3 7
20 0 4
7 11 15
3 5 2
18 21 6
15 17 8
7 10 15
20 22 16
6 8 11
10 15 7
4 6 2
16 18 14
20 23 13
5 9 4
12 16 15
11 15 11
1 4 12
16 20 3
18 19 16
23 1 4
20 22 5
2 4 11
6 11 12
16 19 6
8 12 10
10 12 3
2 5 1
11 14 9
13 15 5
20 0 10
10 13 2
4 7 1
8 12 3
18 22 4
4 5 10
9 12 9
4 7 14
21 0 10
10 11 9
11 13 10
2 5 16
23 2 2
9 11 9
1 6 13
16 17 5
15 17 5
1 1 1
4 5 7
2 6 12
11 13 14
5 7 15
1 4 18
13 16 2
10 13 15
9 12 5
7 11 4
12 16 12
4 8 16
21 0 10
21 1 1
16 19 5
