650 12
8 5 7 5 7 7 6 5 10 2 7 8 
21 0 6
22 1 10
18 21 9
6 10 4
2 5 3
20 0 3
15 18 3
22 0 3
23 2 8
3 4 11
6 10 4
16 20 7
22 23 9
12 15 4
14 17 8
11 15 11
12 15 8
1 4 9
11 14 9
22 0 12
12 16 10
18 20 11
11 13 6
16 18 4
0 4 8
0 4 3
19 21 11
5 7 7
12 16 1
13 16 7
20 1 12
16 19 1
4 9 10
19 23 11
0 2 8
14 17 2
8 11 9
17 20 9
10 12 3
19 22 10
8 12 4
2 5 11
13 18 7
8 12 11
4 8 6
16 19 8
10 12 10
5 9 12
0 3 10
15 20 5
10 14 9
17 21 1
3 6 9
8 10 1
22 2 5
11 16 4
0 5 5
9 13 7
3 6 5
21 23 7
22 23 4
7 9 7
22 1 3
15 18 2
13 16 10
22 2 11
14 16 11
12 15 10
1 4 7
9 12 1
17 21 9
3 7 11
2 4 1
16 21 6
6 9 4
10 13 11
16 18 3
8 11 11
8 12 8
6 9 8
20 22 3
8 9 4
18 22 11
7 12 5
13 16 10
0 3 3
23 2 12
14 17 3
15 17 5
17 19 1
14 19 10
14 18 4
4 8 3
11 13 8
2 5 3
0 2 3
17 19 5
0 2 11
18 22 7
3 5 9
4 8 4
10 12 3
11 14 2
0 5 4
8 11 2
11 16 11
19 22 9
19 23 5
2 6 4
17 19 3
19 22 10
7 10 3
2 5 5
5 8 9
19 20 9
7 9 11
16 18 5
19 23 9
8 11 12
8 11 2
13 16 1
15 17 6
7 9 10
1 5 9
13 18 5
6 8 5
18 20 2
17 20 10
17 19 3
12 15 1
9 13 11
8 11 2
20 0 7
7 9 3
12 15 8
12 15 12
0 1 6
4 7 5
23 3 9
0 3 2
15 19 7
9 12 6
1 6 7
0 3 8
18 20 9
4 6 1
3 6 6
22 0 11
19 23 5
17 21 2
0 3 12
23 1 4
21 1 5
16 19 10
15 18 9
22 0 7
13 17 7
7 11 6
17 20 11
2 4 8
3 7 11
20 23 11
8 13 4
3 5 1
14 16 1
11 12 3
17 19 7
20 0 11
0 2 10
20 1 2
2 6 9
0 2 2
18 20 2
11 12 8
16 19 12
23 2 1
1 3 8
12 17 5
19 21 4
14 16 3
4 7 7
17 20 4
19 22 12
12 16 12
13 17 10
16 19 5
5 8 3
19 21 4
5 7 1
19 22 6
23 4 3
11 14 3
17 20 10
0 2 2
11 14 9
9 13 7
2 6 3
8 12 11
7 10 1
3 6 7
11 14 11
16 19 3
22 0 9
18 22 9
9 13 4
2 5 1
19 21 3
20 1 10
18 20 6
11 14 1
12 15 5
10 12 3
20 23 7
7 10 12
6 8 2
18 21 9
23 2 12
11 14 3
1 4 10
8 11 7
22 23 5
12 14 5
7 9 4
14 18 9
16 20 8
8 11 9
11 14 10
12 17 2
4 10 6
17 19 8
15 17 3
13 15 7
9 12 8
23 1 6
15 17 5
19 22 1
2 5 1
9 11 10
12 14 6
7 10 5
19 22 3
10 13 8
3 5 7
12 15 7
3 6 6
0 2 1
2 6 5
3 7 12
0 2 12
11 15 9
11 16 7
0 4 4
6 8 1
0 5 10
2 6 5
12 15 2
16 22 2
10 10 9
6 10 8
14 18 11
5 7 7
9 12 9
14 17 12
19 21 5
20 23 4
17 20 2
4 7 3
20 0 12
2 4 1
11 14 10
12 15 9
15 19 7
18 22 7
14 17 6
15 20 1
7 11 12
11 14 2
15 19 5
11 14 10
16 20 11
5 9 4
3 6 12
18 22 6
21 1 9
17 21 10
7 11 12
15 18 11
1 4 7
11 12 11
19 20 9
2 3 1
6 11 4
5 8 8
14 17 5
13 17 2
23 2 1
2 3 8
18 21 2
3 6 7
21 1 11
17 20 2
8 11 7
10 14 1
22 1 6
22 1 2
5 8 11
4 8 5
5 8 11
10 10 7
0 2 7
19 21 3
18 21 2
0 4 10
14 17 11
10 11 3
15 16 12
6 10 8
20 22 7
11 15 10
11 15 2
3 5 3
2 4 2
16 19 7
20 22 8
15 17 2
3 7 5
7 9 7
20 21 11
2 5 4
5 9 4
16 20 6
15 18 9
13 17 5
17 20 6
9 12 4
15 18 10
22 1 7
9 12 4
12 14 10
22 0 8
23 2 2
20 23 6
13 15 11
1 5 10
9 13 6
16 18 5
22 1 10
9 13 3
10 13 1
12 15 6
20 23 8
7 8 5
6 8 8
2 4 6
20 23 7
17 20 12
1 4 5
21 23 3
14 17 12
14 17 4
21 23 7
16 18 1
15 17 3
13 16 9
7 10 6
5 9 7
6 8 2
8 12 11
0 4 12
18 21 12
5 8 10
8 12 7
22 0 4
11 14 10
20 23 4
14 16 1
6 8 9
17 19 12
19 21 3
16 20 12
16 19 10
12 13 7
2 4 1
5 8 10
12 15 11
14 17 10
3 6 3
14 18 11
12 15 2
0 4 6
0 2 10
12 16 7
2 7 12
9 13 7
9 13 2
5 7 1
21 23 4
10 13 9
7 10 11
9 14 4
0 2 9
10 14 7
9 13 2
22 1 6
3 4 2
16 19 1
6 8 9
18 22 6
6 10 10
9 13 9
13 16 7
16 19 3
22 2 11
6 11 11
6 7 10
22 0 5
2 6 10
15 17 8
6 9 12
3 7 2
23 2 4
19 22 8
15 18 1
15 17 7
11 16 3
22 0 4
9 13 4
18 23 10
17 22 3
2 4 11
22 2 8
12 14 3
22 2 9
14 16 6
3 6 6
5 6 4
21 0 8
15 17 12
7 10 7
13 16 9
9 11 10
2 4 1
19 21 4
1 4 3
17 20 3
10 13 1
4 6 9
5 9 5
19 0 9
12 13 5
13 16 12
12 16 4
6 8 4
21 1 4
1 3 6
1 4 12
11 13 1
10 13 11
21 1 2
20 0 1
7 10 12
21 1 8
0 3 1
8 11 4
6 11 9
6 9 3
22 1 7
7 11 11
13 15 10
15 17 1
4 8 4
11 13 11
15 19 9
3 5 5
18 22 11
12 15 11
8 11 10
10 13 9
21 1 12
18 21 1
8 13 7
5 7 4
12 16 10
20 23 11
22 2 8
12 14 1
7 11 5
3 5 4
6 9 8
4 7 12
8 11 4
20 22 1
6 8 3
19 22 12
7 11 9
11 14 2
3 5 10
4 8 9
1 3 2
14 16 8
5 6 11
9 11 9
7 10 7
4 9 5
9 13 7
6 9 3
23 2 11
4 7 10
5 11 12
15 18 6
11 14 9
3 4 6
6 9 8
15 18 10
7 10 9
6 10 12
8 11 3
16 20 7
7 11 11
22 2 3
18 23 1
13 16 2
21 0 3
4 6 12
8 11 6
20 22 3
20 1 1
6 9 2
3 5 12
20 23 10
20 22 12
5 8 2
16 19 4
23 2 6
22 2 1
22 1 10
20 23 5
9 12 3
8 11 4
20 22 12
23 1 8
0 3 7
19 0 12
13 17 3
16 18 4
12 13 6
19 22 7
7 10 1
1 4 10
7 11 1
23 1 5
0 1 10
6 8 9
0 3 6
8 9 12
19 23 8
10 11 10
7 10 7
21 0 1
2 5 1
3 6 12
7 10 12
16 19 1
15 19 3
21 0 8
18 21 3
5 8 7
21 1 10
18 21 4
21 1 11
18 21 12
15 18 11
21 0 5
10 14 9
4 7 2
6 10 10
4 7 7
11 14 5
14 16 7
3 8 2
6 9 6
12 15 11
4 8 1
11 16 5
23 2 11
17 19 4
19 21 11
9 13 1
9 13 7
19 22 3
8 11 10
8 12 6
23 2 7
21 0 9
10 12 3
14 16 3
11 13 4
5 7 1
4 6 7
15 18 3
23 2 3
18 21 2
5 8 4
10 13 8
15 19 6
13 16 8
2 5 12
20 23 11
11 15 7
5 7 4
16 20 4
23 3 5
18 20 6
19 23 8
16 19 9
7 9 11
5 7 1
22 2 11
13 17 2
1 4 1
22 3 4
23 3 1
16 20 10
5 9 10
21 23 7
17 20 5
23 3 3
9 13 5
5 8 10
18 22 2
3 5 5
10 11 4
6 9 8
5 8 5
1 3 11
6 9 1
18 21 5
14 16 8
20 0 5
5 6 5
13 16 7
8 12 9
21 2 5
16 18 10
13 17 3
20 23 9
22 3 10
18 22 6
13 16 4
4 8 9
