3750 15
6 10 10 6 6 8 10 4 8 3 3 7 4 7 10 
11 14 3
15 20 5
1 3 13
5 8 11
1 4 3
6 10 2
13 14 9
21 2 10
18 21 4
13 17 12
7 11 13
16 18 2
20 22 6
13 16 13
9 13 3
15 18 1
2 5 11
14 17 7
9 12 13
5 8 5
19 21 10
10 13 7
3 5 11
5 8 9
2 6 4
2 4 6
18 22 14
16 20 3
23 2 10
6 9 3
11 14 1
23 2 3
17 20 12
21 23 7
9 11 14
21 23 11
21 23 13
8 12 14
12 15 9
15 17 3
14 17 1
12 15 7
21 23 5
10 11 10
2 6 5
8 12 11
19 22 11
16 18 9
11 13 13
12 15 14
1 5 3
11 13 12
6 9 15
12 17 2
21 1 13
19 0 9
8 12 14
15 18 6
12 16 10
12 17 2
12 15 1
23 4 9
13 16 3
23 2 1
12 13 2
15 16 9
18 21 9
18 23 4
2 6 7
0 4 1
18 21 7
20 20 9
13 15 6
23 3 3
12 15 2
8 10 13
8 9 12
14 18 14
21 23 8
6 10 2
1 2 7
7 10 2
22 1 6
15 20 14
12 15 14
20 0 9
9 10 12
16 20 4
5 7 6
10 15 14
5 6 1
17 20 4
14 18 1
0 3 13
10 13 11
1 2 11
16 17 5
14 16 7
13 16 4
3 6 2
18 20 2
8 11 10
21 1 1
20 0 11
0 1 14
19 21 3
10 13 5
22 2 1
0 3 15
2 6 10
3 5 10
19 23 9
19 23 7
14 18 12
13 15 13
1 3 4
18 21 13
3 7 14
3 5 1
15 17 2
15 17 6
11 14 8
8 11 1
23 3 14
6 8 2
9 11 11
11 13 10
18 21 4
10 13 12
21 23 3
21 21 9
21 23 6
6 8 3
19 22 15
5 8 5
0 5 12
2 5 12
7 11 2
11 13 7
17 22 10
5 8 10
1 2 3
6 9 14
19 23 5
3 7 1
0 2 13
6 9 6
5 8 1
3 6 11
18 20 7
7 9 11
19 20 8
2 7 1
17 20 6
8 12 14
2 7 9
22 1 7
1 5 6
1 3 8
14 17 5
18 22 14
0 3 10
7 10 6
11 13 5
7 11 10
14 17 3
11 14 12
17 19 2
9 13 14
7 11 7
22 2 12
14 18 13
6 9 10
6 7 2
5 9 14
2 5 8
2 3 13
23 2 4
2 3 1
22 1 7
5 8 12
8 11 1
18 20 13
5 8 11
23 1 4
11 15 5
18 21 4
2 4 14
13 15 4
23 2 1
17 22 2
18 20 7
5 8 4
18 21 7
5 9 3
15 18 8
14 16 1
13 15 15
13 17 3
16 21 4
22 0 8
0 1 1
18 21 14
23 3 10
7 10 9
21 1 15
10 13 3
15 19 3
12 14 3
20 0 15
17 21 2
2 5 2
18 20 9
17 20 2
18 20 2
2 5 14
3 7 4
7 10 8
14 16 8
11 14 7
2 5 13
7 10 5
22 1 4
14 17 3
10 13 14
8 10 5
23 3 10
13 16 7
16 17 11
3 7 11
16 19 1
8 12 5
19 21 4
9 12 10
17 21 11
8 12 11
12 14 13
14 16 9
18 22 15
17 22 8
1 3 2
11 12 10
18 22 4
23 4 6
7 9 1
7 9 13
0 3 11
20 22 6
17 19 14
4 8 2
12 13 7
19 21 13
18 22 7
7 11 3
15 18 4
18 21 3
8 10 8
17 20 15
15 19 5
16 19 10
6 10 4
4 6 6
15 21 10
16 20 12
17 20 2
4 6 2
7 10 10
22 1 14
7 10 6
14 15 6
1 3 11
6 9 8
23 2 9
7 10 4
0 4 9
16 19 13
3 7 1
5 6 12
6 9 12
15 18 1
13 15 15
3 4 4
5 9 8
9 13 14
23 4 1
0 3 15
14 17 6
13 16 13
9 14 3
21 0 9
17 20 2
21 1 4
10 12 14
0 2 15
4 8 10
9 12 15
20 22 10
13 18 12
19 23 1
18 21 1
17 21 13
2 5 6
19 21 7
2 5 2
10 13 14
0 2 9
23 3 6
3 6 9
23 4 1
7 9 5
5 7 5
11 13 5
1 5 4
9 12 15
16 18 8
4 9 6
13 16 7
1 3 7
8 10 3
14 17 14
14 16 8
5 7 12
7 12 14
4 7 5
23 1 8
21 0 8
14 19 13
4 6 1
19 21 4
13 14 6
11 16 3
14 16 1
3 6 3
15 17 8
22 2 9
5 8 2
17 22 15
17 22 5
5 7 7
10 15 6
17 22 4
10 14 2
0 1 9
4 8 13
8 13 9
10 12 7
11 15 6
19 21 9
2 5 2
15 17 6
2 6 13
17 21 7
11 13 13
20 22 1
8 10 12
18 20 15
0 5 13
10 11 2
2 4 14
3 5 13
17 21 12
12 16 10
7 10 7
12 14 5
15 19 11
22 1 7
9 11 4
5 7 15
13 18 2
4 8 15
14 18 9
10 12 6
10 13 12
9 12 14
19 22 4
0 3 2
0 2 6
15 17 5
6 10 14
20 23 4
4 7 1
14 17 14
9 11 8
13 16 11
20 0 11
13 17 11
22 1 2
16 18 4
4 7 15
5 8 3
8 12 10
3 7 15
7 10 4
1 4 10
14 17 15
0 3 12
9 13 11
1 3 7
23 2 4
12 16 5
8 10 1
20 23 4
22 1 9
11 15 3
13 17 1
10 14 5
19 22 15
18 20 14
16 19 15
2 5 3
8 10 3
1 5 7
11 13 13
5 7 12
2 6 13
18 19 9
14 17 6
22 0 8
10 13 15
19 22 2
23 2 10
12 15 8
16 17 11
4 7 12
4 6 11
9 12 4
1 4 14
0 4 8
15 19 5
2 6 11
2 4 15
3 5 6
15 16 1
3 5 4
21 23 12
3 6 15
18 20 1
1 5 15
12 16 6
14 17 1
0 3 3
16 21 1
22 1 8
21 1 4
23 3 6
2 5 8
19 21 3
5 7 5
1 6 2
20 0 11
1 4 13
0 2 5
17 19 10
15 19 13
3 5 2
4 6 15
17 19 8
22 1 12
12 14 13
20 1 9
22 1 10
12 14 8
3 6 5
10 13 3
17 17 6
2 6 8
12 15 14
14 16 12
21 2 11
4 7 5
19 23 3
18 20 6
14 18 6
0 2 9
22 1 15
2 6 10
2 4 11
17 20 1
18 21 4
12 14 3
20 23 13
9 11 14
8 12 10
6 10 14
5 7 13
2 3 5
5 7 6
16 19 1
3 6 11
18 21 5
8 13 11
18 22 2
7 9 6
21 0 8
2 5 1
4 8 11
8 12 10
13 16 11
19 22 13
17 18 10
15 17 1
15 17 15
16 18 4
22 2 3
17 18 15
7 10 9
21 23 4
0 3 1
4 8 14
12 16 1
17 20 2
21 23 2
19 20 2
10 14 2
13 16 4
15 18 4
8 11 10
3 5 13
4 8 13
19 23 4
6 9 5
17 20 15
2 6 1
7 11 12
3 7 3
14 17 3
22 1 8
20 23 5
11 14 9
21 22 10
14 18 3
5 8 5
8 10 5
4 6 15
9 12 2
6 8 7
21 23 15
0 1 11
11 14 2
18 20 12
20 0 12
7 11 2
8 11 12
11 15 13
13 16 8
6 8 7
21 0 4
3 5 10
13 16 10
12 16 8
12 14 12
16 21 11
15 19 14
10 13 9
17 20 6
8 10 13
7 9 11
4 7 8
14 16 8
1 4 3
18 23 15
5 8 11
1 6 8
18 22 15
23 1 4
11 14 4
23 2 7
8 9 2
16 18 9
11 13 4
5 7 5
5 8 11
1 3 4
11 14 14
7 10 5
16 17 3
4 7 4
10 13 7
23 1 7
7 10 15
9 11 3
4 8 5
0 4 13
10 12 10
4 7 15
3 6 4
3 6 5
0 5 12
11 13 7
9 12 8
3 6 15
0 4 14
20 23 2
16 20 3
12 14 11
15 20 3
4 8 3
2 3 7
5 8 13
5 8 10
1 3 2
17 21 6
18 20 10
23 3 14
14 17 1
23 3 15
1 5 7
13 16 4
10 12 8
11 16 15
23 4 3
16 19 11
6 10 10
21 23 8
14 19 1
1 5 15
22 1 15
17 20 14
4 7 10
17 21 9
5 10 7
1 1 6
17 20 6
10 13 8
2 5 7
12 15 8
15 17 3
9 13 6
14 16 7
4 6 4
2 4 7
13 17 7
3 6 12
16 20 11
5 7 11
9 12 7
18 19 10
7 11 12
8 10 7
21 0 7
21 1 1
11 14 12
6 10 2
10 13 1
11 13 9
22 2 11
16 18 11
7 10 1
3 6 12
5 10 11
14 16 4
2 5 1
13 16 10
1 5 10
11 15 9
6 10 3
17 20 7
7 11 13
15 17 15
15 19 5
7 10 14
20 22 10
11 15 14
10 12 4
7 9 12
19 22 2
7 9 14
9 12 13
22 1 12
20 23 3
2 4 9
23 2 14
4 7 8
10 13 1
7 10 12
14 17 6
16 20 6
17 19 4
0 3 15
12 15 14
8 12 8
7 10 10
13 17 8
14 18 1
8 11 1
17 19 11
6 10 5
18 19 13
22 0 9
0 4 7
4 6 1
8 11 12
21 23 7
15 19 7
17 19 11
15 18 4
5 9 6
2 4 4
2 3 12
12 14 4
7 9 10
3 6 12
21 23 13
16 20 15
12 16 3
5 10 2
9 12 4
8 12 1
16 19 8
22 0 15
8 12 12
16 20 14
5 8 5
6 8 9
13 16 4
7 10 1
16 19 9
11 12 4
12 15 2
3 7 13
19 21 1
14 17 14
9 13 15
1 3 8
15 17 15
14 18 4
10 12 12
2 4 14
0 3 3
15 20 3
4 8 7
5 8 4
19 23 12
4 7 14
23 1 11
8 11 4
11 13 11
7 9 9
22 2 10
18 22 14
5 10 8
6 8 11
4 7 8
5 6 14
13 16 7
14 17 8
20 23 10
13 16 12
9 12 2
9 12 12
20 0 8
20 23 13
15 18 11
7 10 11
21 23 10
13 16 8
12 15 1
4 7 8
21 0 12
23 3 8
3 6 3
10 14 12
9 13 6
17 20 4
11 13 15
19 20 12
15 19 12
9 13 5
11 14 10
17 21 3
13 16 14
2 4 8
16 18 12
14 17 4
23 3 11
12 14 9
13 14 7
8 12 12
9 12 3
16 18 4
14 16 7
16 19 2
19 21 3
5 7 10
11 14 14
4 6 2
7 10 11
4 8 4
19 22 3
5 6 10
10 13 8
19 22 7
14 16 3
21 1 6
19 21 5
13 15 2
8 11 10
2 7 11
11 14 12
0 3 13
20 1 2
4 7 10
6 10 6
1 4 3
10 13 3
21 0 4
13 17 15
17 21 9
8 12 13
0 3 4
14 20 3
21 2 15
5 9 14
0 4 13
15 17 5
6 9 14
6 9 6
17 20 4
9 11 9
6 9 11
4 7 13
3 7 11
18 18 3
10 13 7
9 13 14
16 21 14
16 18 6
1 5 13
22 0 11
7 10 4
2 6 8
6 9 13
8 10 13
18 22 1
18 20 14
0 3 8
10 14 10
18 19 9
8 12 11
22 1 7
18 21 7
8 13 9
0 3 15
21 0 7
16 17 10
21 23 7
4 8 3
17 21 2
5 8 2
6 8 7
10 13 14
4 6 7
9 13 14
20 22 7
1 5 4
2 5 5
0 0 2
21 0 8
3 8 12
6 10 10
6 9 3
17 20 6
15 17 12
17 19 9
23 1 3
16 19 14
9 13 6
3 5 13
14 16 4
22 1 5
4 7 14
10 13 6
11 14 15
0 1 2
12 14 1
9 13 11
23 2 1
12 15 12
18 20 15
6 8 5
15 19 4
9 12 13
22 0 10
14 16 2
13 17 14
9 11 8
18 20 2
14 16 10
19 21 2
22 1 13
9 12 6
5 7 13
15 18 10
23 1 12
10 14 12
23 3 15
0 3 15
21 23 7
10 15 13
6 10 13
8 11 3
7 9 9
11 14 6
14 17 8
16 19 4
3 6 8
9 11 11
5 8 3
8 11 4
17 21 11
15 17 5
23 3 1
13 16 13
0 4 12
15 19 6
12 15 6
14 18 12
19 23 9
17 19 6
5 8 5
8 12 7
4 7 10
14 17 15
11 15 5
15 16 4
9 12 5
20 23 13
1 4 10
15 18 9
23 2 5
8 12 6
13 14 10
6 9 3
4 7 8
9 13 12
15 20 4
0 1 9
17 19 5
1 4 14
5 6 5
17 19 15
16 18 9
1 5 15
17 19 4
8 11 10
9 11 11
10 13 4
16 19 1
2 5 15
19 22 14
9 11 6
4 8 2
15 18 3
23 2 10
14 16 15
9 11 1
1 4 14
19 20 8
0 5 5
15 19 7
3 6 11
11 15 3
18 21 14
3 6 4
11 17 2
13 15 11
3 5 3
5 9 11
3 6 7
4 8 4
21 22 11
2 5 4
15 18 1
16 20 13
4 6 15
18 20 3
19 0 15
10 14 11
3 6 2
18 21 11
5 9 12
9 13 15
9 13 8
7 10 5
17 20 15
17 20 7
11 15 8
12 15 6
15 17 7
22 2 1
16 17 8
10 13 6
5 12 12
22 0 2
10 12 2
0 4 15
11 14 2
5 8 10
6 9 4
7 8 14
12 15 4
13 17 11
21 2 2
15 17 12
22 1 8
22 0 14
7 11 9
8 12 1
2 5 2
3 5 11
3 5 15
17 18 11
5 8 12
18 21 13
17 21 5
5 8 1
11 15 7
18 21 7
20 23 2
12 15 6
8 13 4
12 15 4
4 4 3
13 14 3
9 12 1
17 19 12
5 10 3
2 4 7
23 1 3
4 8 15
23 2 14
22 0 10
18 20 14
22 1 5
0 3 10
23 1 2
4 7 11
20 0 3
16 18 8
14 17 10
5 9 12
13 16 14
7 9 1
20 0 1
11 14 10
7 9 13
14 15 1
9 12 9
12 15 11
9 11 4
16 19 4
20 23 8
4 8 14
16 18 10
5 9 6
15 20 4
18 23 10
18 21 8
11 16 2
16 19 13
20 23 8
21 1 11
23 3 10
5 8 7
15 18 2
23 1 9
15 20 15
23 2 11
10 12 1
14 17 9
16 19 15
21 0 4
16 18 12
9 12 7
13 17 9
6 10 12
19 21 8
12 15 2
6 9 5
16 19 2
10 13 3
13 16 4
18 21 7
13 17 7
9 12 10
7 11 2
10 13 15
22 0 9
19 19 6
16 20 14
15 19 2
6 9 3
5 7 6
3 6 13
9 11 11
17 20 1
18 20 15
17 18 15
0 2 12
8 10 2
1 4 10
14 18 6
13 16 3
10 13 8
5 8 3
10 13 12
11 13 8
9 11 6
16 21 9
17 22 14
21 0 14
4 9 1
15 18 4
22 0 1
6 8 8
8 9 13
0 4 1
5 8 2
22 1 15
8 13 7
6 9 7
7 10 4
23 2 13
23 2 10
19 23 15
23 3 5
8 9 1
2 6 14
3 7 12
17 19 15
11 13 13
9 13 11
6 8 11
9 12 9
5 8 14
19 22 5
20 0 14
11 14 13
23 3 7
6 9 7
23 3 12
11 17 7
19 23 3
12 17 7
6 8 3
10 13 8
5 8 15
7 9 12
2 3 12
3 6 10
3 8 12
13 16 12
17 20 11
4 8 9
23 2 14
20 23 4
4 9 7
8 11 3
9 12 11
9 11 14
6 9 4
22 3 13
14 18 11
22 2 13
19 22 3
20 1 9
8 9 4
19 23 3
3 5 12
12 15 14
14 15 9
8 10 3
19 22 6
2 6 14
0 4 14
18 20 8
23 1 1
23 2 15
8 11 3
7 12 14
21 1 5
8 11 2
18 21 1
14 17 14
10 13 8
8 11 10
3 6 8
17 20 6
6 7 7
9 10 1
21 0 1
5 8 1
12 16 3
21 1 12
3 6 13
8 12 2
23 2 15
3 6 8
21 1 14
20 22 8
19 22 15
21 0 14
12 15 5
0 4 12
0 2 9
21 23 1
17 19 7
5 7 10
23 3 2
18 22 6
11 14 8
14 19 1
4 7 8
17 18 10
21 23 14
5 8 7
22 1 2
14 18 13
4 8 6
23 2 6
7 10 13
6 9 13
4 6 10
15 18 1
14 16 4
3 5 8
9 13 11
17 18 3
9 14 15
17 20 1
13 17 13
14 18 8
12 15 1
12 15 9
6 11 15
14 18 3
0 2 3
22 3 4
15 17 12
3 8 10
18 21 1
6 9 12
20 22 3
11 15 5
17 20 5
12 16 5
20 23 5
19 0 14
5 8 4
13 16 7
0 3 7
21 22 9
21 0 3
11 15 14
19 21 12
3 6 1
1 3 6
23 2 10
23 3 2
11 16 1
7 10 10
15 16 12
21 1 2
19 22 5
3 4 11
13 16 4
9 12 2
17 19 7
11 14 15
11 14 9
21 0 15
19 22 13
3 7 9
16 18 13
8 10 3
22 0 1
2 5 14
16 20 2
8 11 4
4 6 6
7 8 11
10 12 12
18 21 13
15 18 9
22 1 1
10 14 8
16 20 15
13 14 13
4 8 1
17 20 11
18 20 4
9 12 1
15 18 5
7 9 14
9 12 4
6 9 12
0 5 1
13 17 12
6 9 5
10 13 5
13 18 9
22 1 2
13 16 7
15 19 2
20 22 7
5 10 2
0 3 15
1 4 2
6 11 10
13 15 3
21 1 8
19 22 1
16 19 10
0 3 15
14 17 9
17 20 5
2 5 12
7 8 3
9 12 10
13 16 1
7 10 8
21 23 6
5 9 14
12 16 6
18 21 8
2 6 10
0 3 10
9 12 5
20 22 5
11 14 10
16 19 1
6 8 7
23 2 4
19 23 8
23 3 4
16 20 12
17 21 6
8 11 9
8 12 7
17 21 2
8 9 11
5 7 14
9 11 15
21 2 10
22 2 4
18 22 4
18 20 2
23 2 1
5 8 12
5 9 9
1 4 6
18 21 1
3 7 12
16 19 13
2 3 11
18 21 1
21 0 13
6 8 15
13 14 3
8 13 10
15 18 15
14 15 5
20 0 12
14 17 12
18 20 2
0 1 2
5 10 5
16 18 15
8 12 4
6 7 11
6 8 10
7 8 7
19 23 15
4 7 13
21 0 11
7 9 3
17 21 8
16 19 5
3 6 2
3 5 10
5 10 7
2 6 1
1 3 4
4 8 6
0 3 5
12 14 11
5 9 10
16 19 14
4 7 13
20 23 10
14 16 12
3 4 13
7 11 10
21 2 1
7 9 9
10 13 13
2 3 13
0 4 6
19 21 5
10 12 2
10 12 1
7 13 6
4 8 4
2 6 8
22 0 6
12 16 14
0 2 9
3 7 10
14 17 3
1 5 6
19 21 2
2 5 5
18 21 12
18 19 6
17 21 2
23 2 11
7 11 10
20 22 2
6 10 12
20 0 9
22 2 1
9 13 12
6 9 5
22 1 4
21 0 2
18 20 14
8 12 4
12 16 1
17 19 3
19 22 6
22 2 9
23 0 4
8 11 2
17 19 10
9 12 12
20 22 2
21 23 7
18 21 12
23 2 6
16 21 2
18 19 7
18 20 3
3 3 2
16 18 1
12 14 4
20 23 15
19 22 1
6 8 11
21 0 5
8 11 9
16 19 6
5 7 9
18 20 1
4 8 5
0 3 1
14 15 2
12 14 14
1 4 6
18 22 13
20 0 5
5 6 4
8 9 10
11 15 1
21 0 11
10 12 10
19 23 8
17 19 12
17 20 8
6 8 7
17 19 9
15 17 4
12 16 6
22 1 12
13 15 14
9 11 14
16 18 1
22 2 13
11 14 3
13 16 7
1 4 7
4 5 2
4 7 5
20 22 13
14 15 10
22 1 2
7 12 15
13 17 8
2 3 2
22 2 4
0 3 4
13 16 2
15 18 15
3 5 2
7 8 6
19 22 1
11 15 4
19 23 1
3 6 14
22 2 1
1 5 15
18 21 15
13 17 9
10 12 3
11 14 3
14 15 15
7 11 2
20 23 4
2 6 3
1 4 15
15 21 9
2 5 9
18 21 1
1 2 11
20 23 4
7 10 9
13 14 1
17 19 13
16 18 10
20 0 3
2 5 1
10 12 3
22 1 10
5 7 11
5 9 13
8 10 13
6 10 8
17 19 13
14 19 9
17 20 2
2 6 7
11 14 7
15 18 1
18 21 3
12 15 2
13 16 14
11 15 2
16 19 12
9 13 3
3 6 9
6 10 9
23 2 4
8 11 10
0 3 14
0 3 11
2 5 11
7 10 14
18 22 10
18 20 8
5 8 6
4 7 1
19 23 1
6 9 4
13 17 2
1 3 10
15 20 9
5 8 7
10 13 6
7 11 12
0 4 12
13 15 2
8 11 10
22 2 14
11 15 11
10 13 9
9 13 6
3 6 15
22 1 10
22 0 12
2 6 12
1 3 4
6 10 5
5 7 15
16 21 15
8 10 11
16 21 3
18 20 7
3 7 13
8 10 3
18 19 13
12 14 5
6 9 12
23 3 8
11 15 5
2 6 14
1 4 14
16 19 5
22 2 3
8 11 12
10 15 7
3 8 10
18 21 5
12 15 5
17 22 9
19 21 10
15 18 13
2 4 13
23 3 6
6 7 12
10 13 6
5 8 7
15 19 1
1 3 11
17 19 8
23 2 13
3 6 1
19 22 13
5 7 15
0 3 2
20 22 3
7 11 12
1 5 11
23 1 7
22 1 2
9 12 9
15 17 3
12 16 12
12 15 12
11 15 12
15 18 10
13 16 4
11 11 7
19 22 10
12 16 12
20 23 14
7 9 12
13 17 9
10 13 6
21 23 5
23 4 3
4 8 10
5 9 3
20 0 15
13 17 11
3 5 12
0 2 2
21 23 7
15 17 14
12 14 1
15 17 8
15 19 14
8 11 6
12 16 2
15 19 4
8 12 6
3 5 12
23 2 8
15 19 9
1 3 12
23 2 4
8 10 4
17 20 1
8 11 13
15 16 3
17 18 10
11 16 9
4 7 4
0 2 11
5 9 14
9 11 8
6 8 1
0 3 5
12 16 12
13 16 3
17 19 14
15 17 7
22 0 10
6 8 11
13 14 3
14 18 13
14 16 12
8 12 5
8 12 7
4 6 7
3 8 7
23 2 13
14 18 6
14 17 3
0 1 11
20 0 9
13 16 3
6 10 1
18 22 11
14 16 2
15 17 3
16 18 10
13 17 4
13 16 4
3 8 13
23 3 14
21 0 3
18 21 4
12 14 1
23 1 14
5 7 2
22 1 8
4 7 1
17 20 1
7 9 6
23 1 9
8 9 3
12 14 2
2 8 10
21 0 2
12 17 11
19 22 3
6 9 9
13 17 1
13 16 1
16 19 3
19 20 10
22 2 12
15 18 3
21 22 2
14 16 10
11 12 6
5 9 5
1 3 7
9 12 10
22 2 3
5 8 4
3 8 14
8 11 2
13 18 6
14 20 15
13 14 5
8 12 5
4 9 3
17 19 11
15 18 13
7 10 14
8 12 11
3 6 7
3 6 4
16 18 5
7 10 13
12 15 4
6 9 3
23 1 14
10 13 13
5 7 4
5 5 15
23 1 1
17 19 2
6 9 10
21 1 14
21 23 2
8 11 7
1 5 2
5 7 11
9 11 10
22 2 8
4 7 9
23 2 5
6 9 3
10 14 7
17 22 12
0 4 3
23 2 13
17 20 9
23 1 15
16 18 13
0 3 1
4 8 14
21 0 11
23 2 9
2 5 10
0 2 2
17 20 1
4 8 2
14 15 14
21 0 7
18 22 9
21 23 14
19 23 7
8 10 15
11 14 10
23 3 9
9 11 14
1 3 11
23 1 11
4 6 4
3 6 8
11 14 2
1 3 13
20 23 1
10 14 2
11 15 9
14 17 13
13 17 9
18 21 1
20 1 9
4 5 13
19 21 2
16 19 9
23 0 15
9 12 10
17 21 13
10 11 2
14 17 2
14 17 8
16 19 11
20 23 2
8 11 9
2 4 10
20 0 4
14 17 14
0 1 12
20 23 9
21 22 4
8 10 11
5 8 14
4 6 10
5 7 5
6 9 4
10 13 3
17 19 8
5 6 14
22 1 11
10 11 11
12 13 2
4 8 14
0 2 11
4 7 8
11 15 8
21 1 5
3 6 13
15 18 1
13 18 2
12 15 8
5 7 6
0 4 11
15 17 3
18 21 11
16 21 4
3 8 7
1 3 2
18 22 5
22 1 15
4 6 11
8 11 1
23 2 5
22 1 4
20 22 2
20 20 4
23 2 4
18 20 2
11 12 15
18 21 7
22 3 7
22 2 11
11 13 2
4 7 2
23 2 8
6 10 14
10 13 7
7 10 11
15 18 4
15 19 12
19 21 1
7 10 14
16 20 8
13 16 13
14 17 11
10 14 2
6 8 10
23 1 14
0 3 12
7 11 1
8 11 11
17 20 9
21 0 10
5 7 4
15 18 7
1 2 14
3 6 6
1 3 15
13 16 3
21 1 4
20 22 13
2 5 15
1 4 9
0 4 15
10 12 4
18 22 15
21 0 4
1 6 12
17 22 13
1 2 5
19 22 9
8 12 7
16 19 6
21 1 7
23 2 1
16 18 13
19 21 8
6 7 12
4 8 10
1 5 1
18 22 10
16 20 7
20 23 15
10 15 5
20 21 6
14 16 14
5 9 6
10 14 11
18 20 7
5 7 8
4 6 2
12 16 5
15 18 12
12 15 11
12 15 7
15 17 15
10 12 13
10 12 14
9 11 14
9 14 15
8 11 13
5 7 6
19 21 3
13 16 2
19 23 5
1 4 6
11 13 8
14 18 9
1 5 5
20 0 13
16 19 1
6 8 1
14 16 12
1 3 15
18 21 12
12 14 14
12 15 10
13 15 3
19 22 12
20 22 2
22 2 9
11 16 12
3 5 5
10 13 7
18 20 5
22 1 9
14 18 10
21 0 10
19 20 15
5 8 3
14 17 8
14 16 14
13 16 5
17 19 2
1 6 14
1 3 14
14 17 11
0 2 3
23 2 5
15 19 1
0 5 8
16 18 1
23 1 8
22 1 15
22 1 9
8 11 1
12 14 15
5 8 6
1 5 7
16 17 14
13 16 12
13 17 1
12 13 13
2 5 9
11 14 10
21 0 9
17 19 6
21 1 8
5 7 7
23 4 2
1 4 1
23 1 13
4 9 2
20 23 2
2 2 10
10 13 14
7 10 10
0 3 15
11 15 15
3 8 11
18 21 4
20 23 15
19 22 5
14 17 8
21 1 4
16 19 3
21 0 7
10 13 7
3 5 5
20 22 5
21 1 12
6 9 3
8 10 13
20 23 9
14 17 4
20 23 2
12 15 3
20 22 15
14 18 15
4 6 2
17 20 7
22 1 6
7 9 8
20 23 3
14 16 4
1 4 12
6 10 8
20 0 9
14 17 10
5 7 9
6 10 5
3 6 3
10 13 4
18 20 15
19 21 13
20 22 11
2 5 7
14 17 12
18 21 7
9 12 8
16 18 7
16 17 10
6 9 3
21 2 9
13 17 9
15 19 8
5 8 8
20 21 8
22 0 5
17 20 1
1 4 12
17 20 3
6 9 15
9 11 3
20 0 15
23 1 15
15 17 13
15 18 1
16 20 7
13 17 11
19 22 14
6 11 13
16 18 12
21 23 5
22 1 10
0 1 9
12 16 1
17 22 12
14 17 2
19 22 13
6 9 12
16 21 14
9 12 13
19 22 9
5 8 14
2 5 8
17 19 1
22 1 12
5 8 6
8 12 2
14 16 11
19 21 6
2 5 1
3 8 9
20 22 9
1 4 2
16 17 8
3 7 6
23 4 5
16 19 15
21 1 15
17 19 6
1 4 7
1 3 4
14 17 4
18 19 5
7 8 3
0 2 3
2 4 15
21 1 1
18 23 8
14 18 5
2 6 1
6 10 1
14 17 2
3 6 14
15 18 14
22 1 10
18 20 12
19 22 15
23 0 9
2 7 5
20 23 15
1 2 7
10 12 14
6 7 7
19 22 7
12 16 14
0 4 15
17 21 10
17 20 9
12 14 2
7 11 13
19 22 2
8 11 10
8 11 5
6 9 3
12 15 6
15 15 9
1 5 10
19 0 11
4 7 8
15 18 1
7 10 13
12 13 1
12 14 4
10 13 9
15 19 9
0 4 1
5 8 11
5 8 11
22 0 9
16 20 14
3 6 7
9 10 14
5 9 9
3 5 9
17 21 2
20 23 7
5 9 13
14 17 4
15 15 13
16 18 7
6 9 14
7 10 9
17 20 7
20 0 8
13 17 11
8 11 6
1 4 8
15 18 5
11 15 13
21 0 14
14 16 13
20 23 1
12 15 11
22 1 14
11 14 2
0 3 12
5 8 1
20 22 3
7 10 6
8 10 11
5 8 8
22 2 10
22 0 8
19 23 5
4 4 15
4 8 7
11 15 3
1 4 6
13 16 9
6 9 15
10 14 4
14 18 14
4 7 5
9 11 1
13 16 3
2 5 15
18 21 2
23 2 14
16 17 6
15 18 11
16 18 13
6 8 4
2 4 5
8 11 12
16 19 9
22 1 8
11 15 5
4 7 13
11 13 9
7 11 10
19 23 13
21 1 11
9 12 11
9 14 13
12 15 6
7 11 4
6 10 8
16 21 7
10 12 1
7 11 10
17 20 5
10 13 8
7 9 5
4 7 13
12 13 7
13 16 4
15 18 8
19 23 1
23 2 15
21 0 3
21 0 10
10 12 12
18 21 10
9 10 3
12 15 10
4 8 11
21 23 2
5 8 13
14 16 1
16 18 2
2 4 15
6 11 8
7 10 2
1 1 13
5 8 11
13 17 8
16 19 5
3 6 11
5 9 12
18 21 15
9 12 2
17 21 6
22 2 13
8 11 1
17 19 3
17 19 12
6 9 4
10 13 9
11 15 2
22 1 7
5 9 5
23 1 12
11 15 15
10 10 8
22 1 13
19 23 15
10 14 10
16 19 8
15 17 4
11 13 1
9 13 8
17 20 8
16 19 1
7 10 12
21 0 4
17 19 12
19 0 3
19 22 9
11 14 3
11 14 10
21 0 6
18 20 11
20 0 5
2 4 9
8 11 10
2 5 3
7 9 12
21 0 11
1 4 13
3 6 7
12 13 6
21 0 6
3 6 2
0 3 3
16 20 10
19 21 2
7 11 14
5 8 2
11 14 3
0 3 2
21 0 15
15 18 9
13 15 9
8 12 13
0 3 4
6 8 8
8 9 9
21 0 15
23 3 9
17 19 12
17 18 9
0 3 1
3 5 9
4 7 3
10 12 4
22 0 15
22 2 10
8 11 13
21 23 7
7 10 11
2 5 13
8 12 9
0 1 15
8 11 13
6 8 1
2 7 4
13 15 6
4 8 15
18 20 12
19 22 3
6 10 9
15 19 14
9 11 2
3 7 1
15 17 4
10 13 4
15 19 14
6 8 11
13 17 4
2 5 7
0 4 1
22 23 1
4 6 12
9 12 6
6 11 14
1 4 15
2 4 3
14 17 2
14 18 4
6 8 9
16 19 11
14 16 13
17 20 5
4 7 10
1 4 11
10 14 14
1 4 12
7 10 5
16 19 2
1 6 11
17 19 1
17 20 13
16 18 5
9 11 14
6 11 2
9 13 6
11 15 8
19 23 9
5 8 15
2 5 14
15 16 7
23 4 8
22 1 11
7 12 6
7 11 10
0 2 1
2 6 6
10 14 13
8 11 11
6 8 3
18 21 7
21 22 1
18 20 11
7 9 10
4 6 11
14 18 13
2 5 7
7 9 1
18 20 14
13 17 14
1 5 3
5 6 11
9 12 15
22 1 12
14 18 4
14 16 6
9 11 5
6 10 1
6 10 12
18 20 1
21 23 14
19 23 1
1 6 7
12 12 15
10 13 6
12 15 6
23 3 10
1 4 7
9 12 14
0 4 7
5 8 3
20 0 7
13 16 5
14 18 4
8 11 8
22 0 10
19 22 4
6 11 4
19 22 7
23 1 5
23 1 11
14 15 12
12 16 13
12 15 2
12 13 12
0 3 14
11 12 5
23 1 2
16 19 6
17 19 10
14 17 14
10 12 7
15 18 2
2 4 7
16 19 8
10 14 8
17 19 6
1 3 4
19 22 13
20 1 15
0 3 1
22 2 10
3 6 12
4 8 8
15 19 13
23 2 1
23 3 1
8 11 10
20 22 3
19 23 8
19 23 6
15 17 1
10 13 15
22 1 5
13 16 6
10 11 12
9 13 6
14 17 5
10 13 10
15 17 9
9 12 5
5 7 15
8 11 13
19 23 7
5 9 14
13 17 12
4 8 13
4 8 8
14 16 12
9 11 9
9 13 1
20 22 10
11 14 3
5 9 13
13 15 1
1 3 12
0 4 2
14 17 9
2 4 2
16 17 10
14 17 12
15 17 1
17 20 9
4 7 13
12 15 5
21 1 15
9 13 6
21 0 6
16 19 2
10 12 12
21 1 6
13 16 14
17 21 1
18 22 7
0 3 14
0 2 8
9 10 4
7 12 6
17 18 10
21 23 2
13 15 11
2 5 4
16 19 11
6 7 9
11 14 13
9 11 13
2 4 10
1 5 13
8 11 1
2 6 10
0 1 3
16 20 6
16 19 2
7 9 12
21 23 3
3 7 1
8 11 2
17 20 7
9 11 14
23 2 1
10 14 11
20 1 2
8 10 1
14 19 15
9 10 4
23 1 4
22 1 6
19 22 11
23 3 1
9 13 4
23 2 2
6 9 3
20 22 6
3 6 1
16 20 10
9 12 11
2 6 2
18 22 12
18 22 8
17 20 2
10 13 13
4 7 2
6 8 5
23 2 11
20 0 1
18 20 2
5 9 3
16 19 2
1 4 8
6 10 7
10 11 12
17 19 15
15 17 6
22 1 10
10 12 2
3 5 4
16 20 13
2 5 12
19 22 8
18 22 3
6 9 2
17 20 5
13 17 9
14 18 5
21 0 1
13 16 13
9 11 1
18 20 8
4 9 12
14 17 12
19 22 9
12 14 9
20 23 3
20 23 13
9 12 13
3 6 5
10 13 7
5 7 6
23 2 11
9 12 2
4 8 13
13 16 6
20 1 11
8 10 2
1 4 9
20 0 5
19 23 11
15 17 5
15 17 6
15 17 11
22 2 9
6 9 3
22 1 4
3 7 13
6 9 1
15 18 13
22 0 3
7 10 12
15 19 12
7 11 13
22 1 7
3 5 10
12 15 1
16 19 10
1 3 6
10 13 7
13 18 14
9 11 14
4 8 4
5 6 11
18 21 4
0 4 15
23 3 15
2 5 7
23 2 1
6 8 12
13 17 8
0 2 8
3 6 15
6 8 4
5 8 2
20 1 14
17 21 12
22 2 6
12 15 9
3 5 7
14 17 14
1 3 7
13 15 6
16 19 3
4 7 6
20 21 6
12 14 11
3 6 1
6 8 4
9 12 10
3 5 6
10 12 5
23 2 4
5 8 1
19 21 8
10 13 13
4 7 2
20 23 1
9 11 15
15 18 14
1 5 15
12 15 3
11 15 5
11 15 12
15 16 1
2 4 9
14 18 14
5 10 1
18 21 7
7 9 10
4 6 9
2 5 4
12 15 7
13 15 15
7 10 4
1 4 14
18 21 4
10 14 12
19 23 1
6 10 6
13 17 9
21 1 10
9 12 12
4 6 1
4 6 7
21 22 12
7 9 15
15 17 10
23 3 15
1 5 1
12 15 14
12 14 7
12 16 5
14 15 1
10 12 5
3 6 7
19 22 3
18 21 13
2 4 11
6 7 14
13 17 11
20 23 2
22 0 2
21 23 2
14 19 8
8 11 8
22 1 7
0 3 7
14 16 11
11 14 8
10 14 6
2 5 7
13 17 9
22 0 3
21 1 2
1 4 11
11 14 11
14 16 2
5 7 11
22 0 2
4 7 7
14 17 2
10 12 15
8 11 9
20 22 12
8 11 7
14 17 12
9 11 11
10 12 4
22 2 2
9 12 9
11 15 6
16 21 7
17 20 7
0 4 2
21 2 9
13 16 6
3 7 3
16 19 11
23 3 15
19 22 13
1 4 5
21 22 9
16 18 5
14 18 2
15 19 12
20 23 14
17 20 12
10 15 9
5 8 2
22 0 1
7 11 9
12 14 1
8 10 6
12 17 8
17 19 15
20 0 3
4 6 11
18 21 10
23 5 4
18 20 12
11 16 5
19 21 2
20 0 5
20 22 8
7 11 5
23 2 9
12 15 7
14 16 12
17 19 5
17 19 9
13 17 11
11 16 5
4 5 1
15 19 1
15 18 6
10 13 6
2 6 11
12 14 4
13 15 13
10 13 12
8 11 5
7 11 14
23 1 2
0 1 3
8 11 14
23 2 7
20 0 5
14 15 1
7 9 5
12 14 1
1 4 13
18 21 11
8 10 2
12 15 9
12 17 6
18 20 13
10 13 12
23 2 4
14 16 5
6 10 3
12 15 9
6 10 8
2 5 1
17 20 5
7 11 6
14 17 12
0 3 13
7 11 9
8 12 8
15 19 5
10 14 15
2 5 12
22 1 15
18 20 3
0 3 11
1 2 7
1 5 10
3 5 5
7 12 6
7 9 12
19 22 2
1 4 5
16 20 6
7 9 8
5 8 11
6 10 4
9 14 2
11 14 11
8 12 5
11 12 14
10 13 10
19 23 11
3 5 13
18 21 13
5 10 9
10 15 14
15 19 10
15 20 2
7 9 10
13 17 9
1 4 11
2 6 11
12 15 15
0 3 10
3 7 6
13 15 3
14 16 13
13 16 4
3 6 1
15 16 9
10 14 11
11 14 5
6 11 2
21 0 10
11 14 11
9 12 4
6 10 13
15 19 8
10 13 5
17 18 9
23 2 6
19 22 15
0 4 2
15 16 8
10 15 14
7 9 15
6 10 3
22 0 11
15 17 1
5 8 7
11 13 12
22 0 6
12 15 2
9 10 4
7 10 2
19 21 10
7 11 13
21 0 13
6 8 13
9 11 11
4 7 13
14 17 9
17 20 1
15 20 6
9 10 7
15 19 7
23 1 8
18 20 4
5 8 15
15 19 12
4 6 3
21 2 13
7 9 15
19 23 3
7 9 8
13 18 4
7 9 10
14 14 3
14 18 8
20 0 8
14 16 8
9 13 13
16 18 4
3 7 12
17 20 12
19 22 10
12 17 10
14 17 12
12 16 10
8 12 4
8 11 14
4 7 7
3 7 1
11 14 5
10 13 2
20 0 9
22 2 1
19 22 13
1 4 14
7 10 14
3 7 11
20 23 5
4 8 9
8 10 7
13 16 13
6 9 14
9 12 10
18 21 4
13 15 5
7 10 10
13 16 8
10 11 2
8 10 3
23 0 1
17 19 3
17 18 8
9 14 12
18 21 14
4 7 7
4 10 15
15 19 14
2 6 1
18 22 10
8 12 13
18 0 7
7 11 9
1 4 12
4 9 14
13 17 6
12 16 14
17 20 6
14 18 12
11 16 7
17 19 1
22 1 2
2 6 10
3 7 10
21 0 15
1 3 14
21 0 8
16 18 14
16 18 10
4 6 6
12 14 5
23 1 3
15 17 14
19 22 5
4 9 12
9 11 8
12 14 3
15 18 11
23 3 15
3 7 7
3 6 11
17 21 4
9 13 14
3 5 9
1 4 6
9 12 4
6 9 5
9 13 11
17 19 12
13 16 13
10 13 3
17 19 5
1 4 15
6 9 11
1 3 14
8 10 11
2 6 2
0 2 9
23 2 4
5 7 2
10 14 8
0 3 2
3 6 15
15 16 13
14 18 12
6 8 7
9 12 8
14 16 13
5 7 3
15 17 14
3 6 10
13 16 2
3 7 11
10 11 6
14 18 6
4 8 14
18 21 7
23 2 3
4 7 2
12 15 15
4 6 13
8 12 13
22 4 3
16 18 1
19 22 15
20 23 15
20 23 11
23 1 3
18 21 14
3 5 5
1 3 8
17 19 13
7 12 13
10 11 6
13 16 11
16 19 14
3 7 1
7 9 8
12 16 11
20 22 2
16 18 11
10 13 14
5 6 10
16 19 8
1 6 7
12 15 15
14 17 5
21 23 8
20 23 12
11 13 9
11 15 2
1 1 7
9 12 1
16 20 4
15 17 1
8 10 10
8 11 6
4 6 1
4 7 11
19 22 7
11 14 2
3 4 2
15 17 8
17 19 7
4 6 13
3 6 11
23 1 13
20 2 9
0 2 15
20 0 10
17 20 11
9 11 3
4 6 1
16 19 3
6 10 3
19 21 12
8 11 2
16 17 1
19 22 9
21 0 14
23 3 9
5 9 1
11 14 10
9 13 10
12 15 5
11 13 8
3 7 7
9 12 13
5 7 9
7 10 10
3 4 10
2 6 7
21 23 11
4 7 15
21 0 3
5 6 9
22 1 13
18 21 13
2 5 11
9 12 9
18 21 14
10 13 4
5 8 8
7 11 14
20 23 12
6 9 1
15 18 9
4 6 8
15 19 12
18 19 2
1 4 11
21 1 4
8 11 3
19 20 8
23 3 8
22 1 2
13 16 2
7 11 4
7 11 8
17 21 5
17 20 5
23 2 2
17 20 4
0 3 9
15 18 6
14 17 12
10 13 1
13 17 1
8 12 5
1 4 2
12 15 5
0 4 5
6 8 5
19 23 11
0 2 5
21 22 8
19 20 9
18 19 4
7 10 3
19 22 4
8 13 14
0 2 10
22 0 2
5 8 6
7 9 15
10 14 1
23 2 6
10 12 13
16 19 3
0 2 7
6 11 13
16 19 3
19 22 5
18 21 6
11 14 12
19 23 15
3 4 2
0 4 1
12 14 4
9 11 9
12 15 14
7 10 14
5 8 13
22 1 10
13 15 3
11 13 15
16 18 13
21 0 2
13 16 13
2 5 6
23 2 11
19 22 1
15 17 7
11 13 3
8 11 14
3 7 4
23 2 14
10 13 11
15 17 6
21 23 10
7 10 7
20 23 11
12 15 5
21 0 5
17 21 2
9 12 7
10 12 10
1 3 8
1 4 14
19 23 12
17 23 12
6 10 6
18 22 4
12 17 11
11 13 14
17 23 10
0 4 8
16 20 11
15 16 3
15 18 10
23 2 4
10 12 13
16 19 10
17 20 1
5 7 14
0 4 12
3 7 6
3 6 15
17 21 1
20 0 13
10 15 1
4 6 9
10 16 2
11 14 14
15 19 4
18 22 8
10 12 5
16 19 11
15 17 5
1 5 9
16 21 4
12 16 2
13 15 7
13 17 8
11 14 4
8 10 10
16 21 14
22 0 5
4 8 8
19 22 3
0 3 1
1 1 9
8 10 11
18 21 7
23 2 9
0 2 13
14 17 3
1 3 1
2 6 9
7 9 6
23 2 3
1 5 15
8 11 14
9 13 4
3 7 14
14 16 3
19 22 11
4 7 13
16 19 1
18 21 13
0 3 6
19 21 9
8 11 2
2 6 9
2 4 11
23 3 13
13 15 12
20 22 15
19 22 6
19 21 5
6 10 1
2 3 2
17 21 6
22 1 6
0 3 2
10 13 3
11 13 13
18 19 12
10 14 7
4 6 14
21 23 1
15 19 6
3 5 14
1 6 8
8 9 8
4 7 13
2 6 2
2 6 13
15 18 7
3 7 8
23 4 4
14 16 7
14 16 14
1 3 12
14 17 13
10 11 11
8 10 2
0 3 1
13 14 2
5 8 6
22 2 6
7 10 5
1 6 1
6 11 12
3 7 8
6 10 2
14 15 15
23 3 14
17 20 10
18 22 6
12 14 4
19 22 6
6 9 10
9 12 14
9 12 2
8 13 2
6 10 13
6 9 1
15 18 12
20 22 15
7 10 11
20 22 9
23 5 1
2 5 1
7 9 7
10 13 10
11 13 1
12 16 15
14 17 4
2 6 14
15 19 3
22 2 10
9 12 9
9 12 7
7 10 14
9 12 2
14 16 1
6 9 3
18 22 3
13 15 14
13 16 11
2 5 5
22 1 4
8 10 14
8 13 15
20 22 3
19 22 5
21 23 7
2 6 1
9 11 9
0 3 11
9 11 2
9 14 2
12 15 6
5 9 15
2 4 8
14 17 4
22 1 1
20 23 6
3 4 15
19 22 11
7 11 5
9 12 5
9 8 2
19 21 2
14 16 9
11 14 3
11 15 1
4 7 1
12 14 9
5 8 11
0 5 2
21 23 8
14 17 7
6 7 14
5 9 3
14 15 3
5 9 10
20 0 6
3 7 15
23 2 14
14 17 7
16 21 3
8 10 11
13 17 6
12 15 3
23 3 10
2 4 6
22 0 6
5 8 3
1 4 1
10 14 10
0 2 10
2 4 1
8 11 6
9 12 6
20 0 13
19 22 10
6 8 4
9 12 4
11 15 11
12 14 4
14 16 3
14 18 10
2 6 8
14 17 10
0 2 9
21 23 9
20 22 15
18 22 15
11 15 9
11 13 14
2 6 15
13 16 11
3 5 5
5 8 7
21 23 11
13 17 8
4 8 3
12 15 5
18 19 12
15 17 10
1 6 15
1 3 9
4 7 7
21 1 10
18 21 11
11 14 13
23 2 2
1 3 8
0 4 5
8 10 12
17 20 12
19 21 15
11 13 11
6 7 3
2 6 8
15 16 15
4 6 8
17 20 5
20 23 12
14 19 8
1 5 12
0 2 15
10 12 13
3 7 7
0 2 6
15 20 12
12 15 8
9 13 5
20 23 2
20 22 12
0 2 6
9 12 2
19 23 2
7 10 5
8 13 14
23 2 8
3 6 14
4 6 13
18 21 6
9 13 15
22 2 15
7 10 5
0 3 8
11 14 3
18 20 5
2 5 6
4 7 15
6 11 8
8 10 4
19 22 7
9 13 6
20 0 3
13 17 10
2 5 5
5 8 12
7 9 4
1 4 11
14 17 10
9 13 7
7 10 3
12 16 5
2 6 12
14 17 13
12 16 13
3 4 14
9 12 8
1 4 8
14 18 7
18 23 14
14 18 2
23 2 2
14 18 12
8 13 8
2 6 9
13 17 5
20 0 6
15 18 11
23 2 11
18 20 7
20 0 11
8 12 9
6 8 4
0 2 7
16 22 9
15 19 9
17 21 3
1 5 12
22 0 14
21 23 5
23 3 9
9 12 6
13 16 3
16 18 13
9 14 9
1 5 12
6 9 1
9 11 5
2 7 2
6 9 11
10 14 6
1 4 8
7 12 13
11 16 12
21 0 2
19 21 2
5 8 11
4 7 10
23 1 9
6 9 5
22 1 14
5 8 4
9 13 12
10 12 7
10 13 9
15 17 9
15 17 2
8 11 11
9 11 2
5 8 7
8 11 7
5 7 12
22 1 13
4 7 14
12 15 8
5 8 3
2 4 11
23 1 2
6 9 13
5 9 12
8 11 3
14 18 14
14 16 8
12 14 8
8 12 4
13 17 6
14 18 12
6 9 2
0 3 11
20 0 2
21 1 11
12 13 5
3 7 15
6 8 13
1 4 1
6 10 15
15 18 15
22 0 13
23 0 1
7 8 7
11 15 13
19 22 10
23 4 4
7 10 10
17 21 5
13 15 12
2 6 10
3 6 3
5 8 12
1 5 11
23 1 1
23 2 2
12 14 12
8 11 6
23 3 2
3 6 3
6 10 6
14 15 11
9 11 7
7 11 2
16 20 7
17 19 10
7 9 1
13 16 2
11 15 7
0 0 4
1 4 8
22 0 11
2 5 12
17 20 4
10 11 3
16 19 10
18 21 6
23 2 7
14 16 1
1 2 4
9 11 2
16 20 13
11 15 5
14 18 12
3 6 8
5 6 5
18 20 6
12 15 2
4 6 4
14 16 13
20 22 15
13 15 15
14 18 8
12 14 15
9 10 11
19 23 11
16 18 12
11 14 10
13 15 13
0 2 7
21 0 8
9 11 5
8 11 10
12 16 5
13 16 1
22 23 1
2 3 3
1 2 10
7 10 12
1 3 1
4 5 1
21 23 9
13 18 5
22 0 15
12 15 14
13 14 5
10 13 11
17 20 11
15 20 3
0 2 14
7 9 3
4 9 2
6 8 1
21 0 13
9 12 12
4 7 14
18 21 3
23 2 4
10 13 7
23 1 14
8 12 12
1 5 5
13 17 10
15 17 9
7 9 4
3 5 11
21 23 6
18 19 13
14 17 4
1 5 1
8 11 13
8 10 2
2 5 4
8 10 7
4 5 11
5 9 5
18 19 13
15 18 8
11 13 15
11 14 7
7 10 1
17 19 12
23 2 14
18 19 11
21 0 4
22 1 10
23 2 1
6 9 14
2 5 7
0 2 12
13 16 3
22 1 10
21 1 10
0 4 10
19 21 10
13 15 4
23 4 12
8 10 5
12 15 8
22 1 14
21 1 13
10 12 1
15 19 6
22 2 3
4 7 2
1 6 3
15 18 4
21 23 10
14 18 1
22 2 13
11 15 13
20 23 10
16 19 3
5 8 5
22 2 15
8 11 11
1 4 9
0 3 8
18 21 5
10 12 9
7 10 4
17 20 13
6 10 13
3 6 3
4 7 6
12 15 8
18 21 7
21 0 2
14 17 12
12 14 5
20 23 7
8 11 11
1 4 15
22 1 8
1 1 10
21 0 15
4 7 7
12 14 6
17 21 6
20 0 2
12 15 12
0 4 5
10 14 13
8 12 8
18 21 13
1 7 1
10 13 10
8 11 14
15 18 3
22 0 3
22 3 15
17 20 8
8 11 15
0 3 13
14 17 8
17 21 6
16 18 2
4 7 2
9 11 1
23 3 7
21 23 5
7 10 15
13 15 3
7 11 12
18 21 6
21 0 6
12 14 1
12 14 12
17 21 13
0 2 5
21 1 11
22 2 14
0 4 10
3 7 13
10 13 12
14 18 9
8 12 8
0 2 15
9 10 13
20 22 1
19 22 7
10 13 7
22 0 4
23 5 1
7 10 10
22 0 6
20 22 7
21 23 1
14 17 12
10 13 12
17 19 13
15 18 3
12 15 11
18 21 10
13 14 5
11 13 14
10 12 4
12 16 9
9 12 5
1 4 1
14 17 5
19 22 9
