2550 8
8 8 9 8 8 6 10 8 
20 23 3
11 13 7
1 4 6
18 21 1
20 0 5
0 6 6
22 2 1
1 3 1
20 1 1
6 10 1
15 17 5
2 5 6
10 13 5
8 12 1
9 12 1
11 16 6
16 17 2
19 20 7
18 22 4
8 10 2
20 22 6
1 2 4
9 13 1
3 7 7
2 5 1
23 2 4
17 21 8
6 9 8
15 19 3
15 20 2
19 22 4
3 5 2
2 5 8
17 18 5
16 19 3
3 6 3
20 21 5
20 22 1
9 12 4
17 20 1
22 2 7
6 10 6
7 9 7
0 4 5
9 9 7
7 10 1
20 23 3
8 11 8
4 7 8
16 19 2
7 10 4
12 16 5
21 0 8
14 17 5
22 2 8
17 21 1
13 14 3
2 6 5
19 21 1
23 2 2
4 8 1
1 4 8
9 13 4
18 23 5
10 13 7
4 7 8
15 18 3
0 3 4
11 14 8
20 23 2
5 8 7
20 23 4
20 23 1
15 18 3
0 3 5
16 19 3
14 18 6
13 16 2
8 11 3
16 20 3
1 5 6
10 13 4
5 8 4
10 13 7
20 22 1
2 5 4
4 7 6
7 10 7
3 4 8
7 11 7
5 11 7
20 23 3
3 6 5
12 17 8
13 15 7
8 10 6
6 9 2
15 19 5
23 3 4
23 4 7
15 17 1
21 22 4
16 19 6
17 21 5
15 19 3
21 2 5
6 11 7
21 0 8
5 9 7
3 6 7
0 3 2
13 16 8
21 0 5
1 4 7
20 23 2
11 15 8
10 12 5
18 22 7
14 18 2
0 5 4
19 22 7
23 2 7
23 4 5
22 23 3
22 0 7
10 11 2
6 9 6
7 11 8
3 6 7
1 4 7
20 20 6
8 11 5
15 18 6
4 8 8
10 13 2
10 12 5
14 16 1
23 2 6
5 9 6
16 19 1
5 9 8
21 1 6
14 17 3
2 4 1
16 17 3
13 14 7
2 4 4
9 14 8
5 7 8
1 3 3
9 12 4
0 0 6
11 13 8
16 18 1
12 15 1
1 4 8
13 18 3
10 14 1
12 14 7
23 2 6
1 6 5
7 11 5
11 13 7
19 22 2
6 9 8
15 19 1
9 12 3
19 20 2
22 0 2
16 19 2
22 1 6
15 18 1
2 5 1
18 22 7
9 14 8
9 12 1
18 20 4
7 11 8
20 23 6
6 8 4
14 16 6
5 6 3
23 2 7
1 3 2
16 19 1
17 21 4
14 16 1
12 15 4
18 22 8
10 14 7
21 1 7
2 7 2
0 1 3
17 21 1
1 4 3
10 14 4
3 6 2
3 5 8
4 7 5
16 19 2
8 11 2
1 3 1
14 16 3
7 11 1
20 0 6
18 19 6
8 9 2
5 9 4
19 22 7
22 1 3
0 3 2
3 6 7
15 18 2
1 3 4
12 14 1
11 14 7
0 2 8
13 16 7
9 13 6
22 1 4
2 5 5
4 7 8
0 2 2
22 1 3
5 9 4
22 1 1
9 12 6
23 2 8
9 13 6
7 10 7
4 8 7
10 13 2
0 3 2
17 18 8
13 18 8
13 16 7
18 20 4
7 10 4
4 6 6
10 12 1
2 5 2
6 9 6
22 1 5
0 3 1
20 21 5
2 5 4
21 0 2
20 22 8
12 14 8
10 12 7
8 12 8
7 9 7
1 2 3
18 21 3
1 5 5
18 21 5
23 1 2
4 7 7
18 21 3
11 13 5
5 7 7
8 12 8
6 8 8
19 22 4
20 23 6
5 10 7
5 9 3
0 2 3
19 22 2
18 21 8
11 14 4
7 9 5
23 3 6
1 5 6
22 0 7
3 6 7
11 14 1
17 20 8
19 23 4
12 15 2
5 8 4
19 22 8
6 9 7
14 17 6
18 19 4
4 7 6
4 5 6
3 5 8
3 7 6
6 9 7
9 13 7
14 17 6
10 12 2
5 9 1
20 21 7
13 15 1
16 20 8
12 15 8
18 21 5
9 12 1
1 6 6
16 17 1
12 15 8
16 19 7
7 10 2
8 10 5
8 10 1
17 22 8
10 14 6
5 9 6
5 8 6
23 2 8
19 19 1
0 5 2
18 21 2
17 21 4
1 4 1
4 7 3
22 1 4
7 8 5
1 3 4
12 16 7
16 19 1
19 22 6
1 4 4
5 7 1
20 0 5
17 21 2
7 11 1
9 11 8
21 1 4
19 22 6
6 10 6
0 2 6
5 8 3
19 23 4
18 21 1
3 6 4
21 1 4
1 3 3
4 5 3
0 3 4
13 16 7
15 20 4
23 2 4
20 0 8
4 7 3
21 1 5
11 14 1
18 20 2
4 8 3
14 18 2
5 9 4
21 23 8
3 6 5
23 3 3
17 19 3
2 5 1
8 12 5
14 16 5
16 19 5
1 4 2
23 3 7
11 14 6
19 22 7
4 5 4
2 4 6
13 17 3
7 10 6
4 8 8
6 8 1
0 3 2
15 17 4
8 11 8
18 20 3
15 19 7
20 22 7
3 5 2
5 6 8
5 8 8
17 19 2
9 13 3
20 22 5
5 8 3
17 21 3
5 7 6
16 19 8
15 19 8
16 19 2
11 15 4
21 23 8
19 22 5
15 16 4
4 7 6
17 19 5
8 10 4
1 3 7
14 20 4
1 5 4
1 4 1
12 16 1
9 11 4
22 0 7
21 0 4
11 14 3
12 17 8
4 8 1
0 5 4
10 12 8
8 12 5
4 7 8
8 11 6
11 13 8
7 10 6
6 9 8
5 9 1
15 19 1
18 21 8
14 16 6
7 11 1
20 23 4
14 17 4
9 11 5
17 19 6
16 18 4
19 21 7
23 2 1
4 7 5
13 17 4
15 18 2
2 4 5
7 11 5
0 3 8
0 2 2
23 3 8
14 19 2
5 4 4
0 3 2
0 3 1
18 21 7
22 2 5
19 23 6
7 8 3
2 4 1
5 9 1
4 6 1
17 21 7
10 13 2
12 17 5
0 3 5
4 6 4
17 20 2
1 5 2
8 11 4
23 2 7
19 22 1
1 4 3
0 2 8
8 12 4
19 22 2
7 9 3
8 11 7
17 20 3
8 11 5
12 13 6
19 22 2
6 8 6
23 1 8
17 20 1
5 8 7
21 0 4
9 10 3
8 13 7
22 1 3
18 21 7
21 0 1
15 18 5
23 2 8
11 15 4
16 18 2
13 19 5
20 22 7
16 19 2
8 11 5
18 21 2
16 22 5
21 0 3
10 14 5
9 12 3
13 16 2
8 12 8
14 17 1
22 0 5
12 16 7
15 18 5
15 16 4
5 8 6
23 3 7
1 4 2
22 0 8
5 8 8
16 20 2
10 13 2
9 11 4
0 2 8
4 6 3
7 12 3
20 0 6
14 18 4
20 22 6
23 2 1
7 10 1
0 4 3
14 18 6
1 6 6
15 19 3
11 14 6
10 13 3
16 19 6
20 21 3
10 13 8
17 21 2
3 6 4
1 5 2
6 9 3
7 10 2
21 0 1
10 13 3
14 16 3
1 4 4
10 15 6
18 21 5
10 14 1
21 22 2
7 10 7
22 2 6
8 11 6
3 6 1
12 16 5
8 11 3
2 5 7
17 19 5
9 12 6
7 9 3
8 11 2
4 7 5
19 22 2
1 5 8
8 11 1
13 18 2
10 14 1
6 10 5
3 6 6
9 12 8
1 4 2
19 1 8
2 5 1
15 18 5
18 22 3
0 3 2
23 2 7
9 13 2
15 19 3
2 6 3
16 20 4
17 18 4
14 17 8
11 14 4
16 19 4
20 21 2
11 15 1
5 8 4
16 18 5
4 6 3
5 6 5
17 19 6
22 2 2
12 15 4
17 19 5
22 0 8
16 19 1
15 18 2
3 6 2
11 13 6
14 17 3
19 21 4
2 4 3
8 11 2
20 23 4
16 21 7
22 1 6
12 15 7
7 9 7
8 11 5
12 14 8
12 14 4
8 10 2
5 7 2
9 13 2
14 16 2
17 20 3
4 6 1
7 9 2
6 9 5
0 2 5
17 22 4
12 15 4
0 1 7
23 1 1
20 23 1
3 6 1
11 15 3
4 8 4
15 17 4
8 11 2
14 16 3
12 17 7
16 20 8
21 1 6
21 1 2
20 21 1
10 15 5
22 2 5
15 19 8
8 11 4
10 12 7
22 0 2
4 7 6
9 11 5
15 17 1
10 12 4
2 5 1
19 21 7
18 20 4
15 20 3
10 13 1
20 23 1
15 18 4
1 4 3
1 4 5
0 3 7
21 0 8
19 22 3
20 21 4
13 15 6
12 14 7
17 22 6
2 5 2
18 23 4
2 4 1
7 9 2
9 13 8
4 8 5
7 11 6
17 18 3
6 9 5
0 4 5
11 12 2
4 8 2
6 8 2
8 10 2
5 8 8
20 23 6
18 21 3
10 13 4
11 15 5
7 9 6
16 18 4
21 1 1
17 21 6
1 5 8
4 9 7
7 9 1
17 19 7
14 17 1
6 10 2
21 0 4
10 14 2
15 16 1
20 22 7
15 18 6
13 16 3
15 18 6
16 19 2
20 23 6
1 5 1
1 4 7
6 10 7
6 10 4
5 9 4
12 15 4
4 9 3
17 20 7
11 14 6
11 13 7
17 22 7
18 21 7
0 1 1
4 7 4
7 9 5
16 19 2
16 20 1
17 20 5
19 0 5
8 12 7
16 18 5
21 0 5
1 5 2
13 17 8
13 16 4
1 3 2
5 7 2
12 16 1
22 1 7
8 9 5
22 2 5
3 6 2
13 17 8
10 14 6
3 6 3
8 13 3
13 17 8
19 22 7
7 12 5
16 18 1
12 17 6
17 21 2
0 4 1
23 2 4
18 23 2
0 6 6
16 18 5
22 1 7
1 3 5
22 1 2
9 11 4
8 12 1
20 23 2
6 9 6
1 3 5
18 21 5
8 11 3
8 12 7
13 15 5
5 8 6
3 7 7
23 3 3
5 9 1
0 2 7
6 8 4
3 8 7
21 0 7
14 17 6
22 2 8
13 15 1
21 1 5
13 16 2
12 15 1
20 23 8
5 8 6
0 2 2
23 4 2
7 9 8
5 7 7
17 22 6
9 12 2
9 12 5
23 3 3
21 1 3
13 18 8
16 19 1
6 9 7
9 12 4
16 21 5
17 17 5
10 12 2
6 10 8
9 12 7
13 16 3
20 21 1
17 19 1
3 5 8
14 16 2
13 18 1
3 6 3
9 12 4
10 14 8
1 4 7
4 5 4
9 10 6
19 20 4
20 22 7
23 1 2
4 6 8
22 1 1
23 1 5
10 14 2
23 4 2
18 21 5
18 21 6
4 6 1
1 3 7
7 8 3
23 1 1
19 22 3
19 23 4
18 21 3
20 23 3
7 11 5
13 14 4
1 3 2
1 4 8
12 16 3
14 19 4
14 16 5
2 5 6
8 10 7
13 18 8
16 20 4
0 2 6
10 13 1
7 10 1
1 4 3
8 12 6
12 14 1
9 13 4
1 3 7
15 17 4
19 22 4
2 4 7
19 22 1
4 7 2
17 19 7
4 7 1
19 21 8
18 19 8
23 2 5
17 19 1
14 17 6
3 5 1
12 16 8
8 11 5
10 12 7
4 8 6
6 9 8
0 4 6
14 17 6
4 6 8
3 8 8
17 21 3
11 15 8
12 15 3
14 18 2
18 21 1
1 4 7
13 16 5
21 1 5
9 11 4
18 20 3
6 8 4
8 13 3
3 6 4
0 2 3
21 23 4
16 20 8
12 14 5
12 15 3
23 2 2
5 7 3
12 14 5
0 2 7
23 2 8
10 14 5
21 0 1
17 19 8
23 3 5
8 10 6
19 22 7
21 1 6
13 16 3
0 2 5
15 18 5
15 18 7
21 1 1
14 17 8
15 18 3
23 2 3
7 10 8
22 2 3
9 12 4
6 9 1
23 1 3
11 14 3
2 6 2
6 11 8
18 20 2
1 4 7
4 6 3
8 12 5
9 10 8
0 4 5
22 0 4
6 8 8
16 20 6
7 10 4
8 12 6
23 2 4
16 19 1
13 15 6
16 19 7
4 6 7
11 14 3
17 19 3
17 20 1
17 21 7
22 2 2
16 20 5
11 14 2
2 4 4
10 15 2
3 9 1
18 23 3
0 2 6
16 18 8
21 0 2
21 23 3
4 7 5
22 1 5
16 18 5
17 20 8
23 2 5
21 1 2
8 12 7
9 11 7
9 12 7
19 22 4
23 3 2
21 1 7
4 8 3
9 12 1
0 4 2
23 1 3
19 23 2
1 4 1
23 2 6
6 12 3
21 1 5
11 14 5
18 21 5
16 18 3
8 12 1
3 7 5
4 6 8
2 4 6
18 21 8
22 3 7
5 8 7
11 16 8
6 8 5
7 11 8
9 13 8
11 14 6
6 9 4
7 8 3
22 1 1
22 1 6
20 22 4
14 17 4
7 10 2
17 20 3
12 14 3
6 9 2
2 5 6
0 3 1
19 23 6
16 19 6
0 4 8
18 23 3
23 3 6
18 21 4
16 20 1
13 17 8
13 15 1
4 9 6
21 2 4
6 9 7
1 5 8
11 14 2
11 14 6
19 22 8
7 10 2
8 11 5
2 6 2
14 17 4
3 6 2
6 10 1
23 1 2
4 7 4
0 3 4
4 6 5
15 18 6
13 16 4
4 6 2
16 20 8
7 9 8
17 20 1
21 23 4
0 2 5
16 17 3
0 3 4
8 11 1
10 11 7
9 12 4
23 1 1
21 1 8
7 11 2
0 1 1
5 7 1
12 14 2
4 7 4
15 19 7
9 11 6
6 9 3
22 1 7
18 19 8
12 15 2
20 21 8
15 18 4
21 1 3
5 9 7
19 22 8
20 23 5
11 16 6
17 20 5
4 7 2
19 23 4
13 17 4
7 9 3
17 21 5
0 4 5
15 18 7
6 10 8
8 10 6
8 10 2
10 13 4
19 23 1
3 8 2
0 2 5
2 4 6
8 9 4
12 15 3
14 19 2
11 13 6
10 12 7
20 22 8
8 12 7
6 9 8
23 2 8
15 17 3
8 11 6
4 5 7
21 1 2
20 23 3
5 8 4
9 13 5
23 4 1
15 19 2
12 16 6
0 3 7
8 11 4
22 1 3
19 22 3
17 19 1
14 17 2
3 6 1
18 21 8
18 20 6
17 19 2
5 8 1
3 5 4
12 15 7
9 10 8
4 7 5
8 11 2
19 22 6
20 22 8
13 16 2
7 12 2
17 20 1
10 14 5
11 13 1
21 23 7
21 0 8
15 16 7
22 1 7
16 18 2
18 22 7
0 4 8
12 17 7
5 8 6
19 22 1
21 23 7
4 7 5
11 13 5
9 11 8
13 15 2
12 14 6
9 12 7
21 1 1
2 4 4
20 23 7
23 1 6
5 8 4
13 16 2
9 11 7
6 8 2
6 9 6
14 17 1
13 15 5
20 23 5
1 5 2
8 12 2
18 22 6
22 1 2
9 12 3
14 17 3
14 17 3
10 11 8
20 0 2
5 6 2
15 18 5
5 7 4
3 6 2
12 17 6
23 3 1
18 23 5
13 16 1
13 17 7
14 16 2
14 18 4
1 3 2
18 20 3
19 21 7
17 19 6
17 19 5
21 0 4
15 18 5
10 15 1
16 17 1
11 15 8
11 17 2
21 0 6
3 6 2
19 23 1
2 6 4
10 15 7
8 11 2
2 5 4
22 1 1
4 5 1
23 3 8
17 20 3
4 9 5
8 13 4
17 22 8
4 6 7
20 22 8
10 12 3
13 17 1
3 6 8
20 23 6
15 18 7
14 17 8
14 16 3
5 7 3
20 22 8
8 10 7
22 1 1
2 6 2
0 2 4
14 16 2
2 6 5
12 15 2
12 14 8
23 3 8
7 9 2
0 3 1
6 10 1
21 23 2
16 19 1
2 5 6
21 1 6
16 18 5
0 5 5
6 9 7
8 10 5
17 21 6
23 3 7
11 14 7
4 7 2
7 10 5
6 11 7
10 13 7
20 22 7
12 15 4
17 20 2
10 13 4
10 14 1
7 10 8
20 23 8
13 16 1
18 22 1
20 0 5
10 12 5
12 14 6
6 8 8
20 22 5
15 18 4
3 8 4
20 21 5
20 23 3
1 4 7
6 9 2
6 10 8
3 6 3
8 10 7
11 12 8
1 6 4
20 22 3
1 4 8
12 17 5
22 3 5
11 14 3
7 9 8
6 9 6
1 4 5
20 23 8
14 17 7
23 2 2
6 10 2
17 21 7
1 3 2
9 14 4
6 10 5
17 20 8
8 12 5
1 4 5
1 3 4
13 17 5
12 13 7
0 3 1
19 21 8
14 17 1
10 13 4
19 22 1
5 7 3
6 8 6
1 2 4
6 10 3
21 23 3
22 0 2
15 20 8
1 3 5
19 22 7
20 23 8
8 12 2
5 9 7
15 19 1
23 0 8
23 1 7
2 4 1
4 7 6
16 17 6
11 14 7
4 8 1
18 23 1
0 1 6
12 15 8
19 22 7
11 15 8
18 21 3
19 23 1
5 8 1
22 2 7
9 13 3
15 17 3
4 8 3
6 8 2
13 16 4
21 0 3
19 23 1
6 7 3
23 1 2
21 1 7
23 4 1
0 2 2
21 2 2
16 20 7
11 15 6
17 23 5
9 13 2
16 19 1
10 14 8
20 23 6
5 9 7
9 11 7
6 7 2
14 15 3
1 5 6
22 1 1
22 1 8
8 12 1
7 11 7
18 21 1
5 10 3
9 14 2
11 14 1
16 19 4
13 17 1
1 3 6
13 17 4
0 4 2
13 16 2
18 19 7
13 17 1
10 12 3
4 8 5
12 15 7
9 13 7
8 9 8
0 1 1
12 15 5
14 18 7
14 18 1
7 11 8
21 0 5
16 18 5
12 14 5
11 14 7
1 4 6
15 17 8
22 2 8
4 6 2
23 2 6
22 23 5
21 0 4
6 9 4
11 13 3
4 5 6
11 14 8
21 1 3
9 12 1
17 21 4
13 17 3
19 22 4
1 4 6
22 0 3
20 23 6
16 20 5
7 10 4
10 13 2
21 1 6
0 3 7
22 1 8
22 1 6
15 20 1
15 19 8
1 5 8
7 11 3
12 15 8
23 3 3
13 16 4
5 9 8
20 0 1
3 5 7
0 3 8
16 18 7
11 14 6
1 4 8
17 20 8
20 0 8
20 1 8
11 14 8
16 20 6
20 0 1
18 20 7
16 18 3
11 15 6
12 14 3
10 12 8
5 9 2
2 6 5
20 22 6
0 3 4
21 23 4
0 2 4
21 23 1
12 14 1
2 4 4
16 18 4
9 11 8
21 0 4
21 2 7
10 13 1
3 6 7
6 7 4
3 8 6
3 7 4
14 17 2
4 8 3
9 12 3
14 17 7
2 6 4
6 8 7
12 15 5
7 9 2
21 1 4
0 2 2
15 19 5
23 2 4
21 0 4
22 1 8
9 13 6
15 19 3
12 14 7
23 1 2
15 17 4
2 5 2
15 19 4
14 18 5
15 17 7
17 22 1
19 20 1
0 2 7
23 2 1
3 5 4
0 2 5
17 21 1
7 10 7
9 10 5
8 12 6
1 3 6
2 6 1
6 8 1
22 0 7
23 1 1
21 0 2
21 23 5
14 15 6
1 5 7
0 3 5
10 13 2
23 1 5
4 7 2
9 12 3
12 15 1
17 21 7
18 20 3
12 13 7
14 17 5
23 4 7
15 18 4
13 15 1
4 7 6
10 14 1
14 20 4
13 17 5
20 22 8
20 0 5
20 23 4
11 16 4
14 17 6
18 21 7
15 18 3
7 10 4
7 10 5
12 16 5
17 20 3
7 11 5
23 2 2
10 12 3
9 12 3
11 14 5
16 20 3
11 14 2
8 11 7
8 12 7
4 8 3
1 4 7
9 12 3
20 23 6
20 0 5
21 22 8
7 10 1
22 1 6
9 12 2
14 17 4
13 16 6
2 6 6
21 0 6
12 15 1
16 17 6
10 12 1
19 23 2
22 1 4
23 2 3
14 17 7
0 2 6
9 11 5
0 4 6
9 12 4
2 4 4
14 18 5
13 15 4
21 0 8
22 2 4
21 1 2
6 7 7
2 6 4
18 19 4
17 18 2
10 13 7
11 15 1
21 23 3
1 5 8
10 15 5
19 22 6
23 3 2
0 3 3
6 10 6
2 3 1
20 23 8
5 7 1
21 23 7
22 3 7
9 12 5
3 6 3
4 7 7
23 3 7
10 12 6
21 23 5
1 3 4
12 13 6
0 2 2
10 13 1
3 7 8
13 15 3
9 10 7
9 11 7
0 2 4
6 11 5
4 6 8
5 8 2
22 0 8
20 1 5
11 15 6
1 5 1
10 13 1
13 16 3
22 2 2
18 23 4
5 8 3
20 23 4
19 0 4
17 20 2
21 0 3
5 7 8
16 20 3
4 9 8
22 2 1
0 3 8
6 8 3
17 20 8
4 9 7
19 22 1
6 10 8
15 19 5
11 15 6
19 20 8
16 19 1
22 2 7
22 2 3
20 22 6
5 8 5
2 4 5
21 0 4
20 23 1
1 5 2
11 11 5
18 19 1
18 20 3
19 22 6
4 6 3
23 1 7
14 16 6
19 21 7
20 23 7
21 1 1
16 18 7
20 22 2
6 8 7
2 8 8
7 9 4
15 16 4
11 14 7
5 8 5
11 14 8
12 15 6
2 5 3
23 4 8
5 7 1
16 18 3
10 14 3
0 1 4
22 0 1
2 5 1
9 10 1
12 15 4
8 13 6
7 10 5
15 18 7
23 2 3
0 2 3
22 1 5
21 23 8
20 23 6
15 18 4
9 12 3
22 1 3
22 1 1
13 19 7
19 22 7
18 21 4
8 11 2
17 20 1
21 0 4
0 2 2
2 6 3
12 15 4
4 6 1
8 12 1
19 21 1
18 20 4
10 14 5
10 11 5
14 17 3
23 1 7
3 8 7
2 5 4
3 6 2
11 16 8
8 10 8
3 5 4
3 6 5
7 10 4
17 20 4
17 20 5
9 12 4
0 1 3
3 5 1
4 9 1
8 13 8
18 21 3
4 8 2
5 11 2
1 3 8
18 21 8
8 11 1
12 14 1
1 4 6
12 15 2
8 12 7
18 21 4
21 1 7
13 17 8
12 14 1
9 10 7
22 23 8
16 20 3
6 8 6
4 9 5
19 22 3
1 4 3
13 16 4
11 12 7
17 20 8
3 6 7
5 7 7
6 9 3
3 7 6
8 11 1
11 11 2
23 1 2
8 11 7
16 20 2
12 16 1
18 20 2
16 20 3
6 8 1
2 4 2
18 22 6
8 11 8
18 20 5
2 5 4
1 4 3
5 6 4
6 10 6
23 1 2
16 19 4
1 5 2
18 0 6
11 13 3
11 13 6
12 13 8
12 14 6
20 23 6
12 16 6
9 13 8
18 21 4
22 1 1
6 9 7
8 10 3
16 20 4
2 6 5
10 13 4
16 19 2
6 11 2
22 2 1
23 1 8
2 7 2
5 9 4
21 1 4
21 1 6
19 21 2
9 13 1
2 5 4
20 22 8
4 6 1
14 18 8
20 0 2
15 17 5
15 18 8
9 11 1
9 12 7
8 10 8
20 23 4
1 4 8
23 2 7
23 0 5
5 9 3
0 4 4
1 3 7
5 6 6
15 19 6
8 11 8
19 22 8
7 10 5
0 4 1
8 12 2
17 20 1
11 14 1
11 15 2
23 2 7
20 23 4
10 13 5
7 10 3
12 14 4
4 8 4
10 13 3
16 18 5
5 6 5
20 23 2
2 4 1
13 15 7
16 20 8
16 18 6
3 6 1
21 0 8
10 13 6
20 23 4
16 19 3
10 15 6
5 8 6
20 23 8
16 18 3
13 15 4
4 9 4
22 1 7
1 3 6
9 13 6
13 14 2
12 15 3
12 16 6
4 7 7
18 22 5
5 9 8
12 15 4
22 1 1
1 4 5
10 12 1
15 19 7
14 15 2
16 19 6
9 11 3
9 11 1
8 12 4
19 0 2
8 11 1
18 20 2
17 20 4
1 3 3
7 10 3
8 9 6
4 6 5
5 9 1
16 18 2
19 21 3
10 12 3
23 2 2
1 4 1
16 18 8
7 10 3
19 23 2
11 13 7
22 1 1
21 23 2
10 12 3
23 2 8
11 14 6
6 9 6
18 20 4
11 14 2
3 4 3
6 10 7
6 9 4
12 15 8
20 0 2
21 0 7
22 1 3
4 7 3
5 9 7
6 9 1
21 23 8
20 1 8
23 2 1
4 8 8
12 15 7
1 5 4
0 3 3
4 6 4
11 12 2
5 9 7
22 0 5
20 0 7
4 7 7
5 8 8
16 20 7
2 4 6
14 18 8
7 12 3
9 11 6
13 17 5
15 18 2
12 15 5
0 4 8
11 15 7
22 0 7
16 20 8
16 19 8
8 11 2
4 8 4
22 1 4
23 2 4
19 22 1
10 12 8
2 4 1
5 6 3
7 9 3
10 12 7
12 14 1
20 23 2
11 14 8
11 14 6
18 19 1
3 5 6
9 13 4
7 9 4
9 13 5
22 1 4
13 15 5
19 21 4
23 3 3
13 16 1
13 16 8
18 21 7
18 21 1
19 23 8
7 10 3
1 4 3
14 16 8
12 15 5
3 7 6
17 21 1
18 22 1
10 13 6
17 21 5
7 10 6
10 12 5
8 11 7
21 23 6
0 3 5
12 15 7
21 0 4
18 20 5
23 2 2
14 18 8
5 8 4
4 8 5
10 13 8
0 3 5
3 6 7
23 3 8
18 23 8
19 22 5
2 5 8
10 13 8
4 8 5
23 2 8
3 5 4
19 21 4
12 14 4
15 18 6
20 23 4
16 20 1
4 8 4
3 8 8
12 14 5
4 8 2
18 23 3
18 21 1
15 18 7
13 16 8
6 9 6
5 9 4
22 0 7
11 14 4
16 20 6
2 5 5
3 5 3
19 22 3
10 12 1
9 12 5
9 12 7
6 10 1
10 13 7
4 8 3
5 8 2
9 11 5
21 1 7
2 4 2
2 5 3
13 14 2
4 6 7
4 7 1
21 1 2
1 3 1
21 23 1
8 12 8
20 22 8
11 15 8
12 16 2
22 3 4
1 5 3
8 12 8
1 4 7
12 14 6
21 23 1
19 23 6
18 20 7
9 13 6
7 10 8
1 4 8
10 12 4
4 5 8
4 7 7
16 19 7
0 3 4
16 18 6
21 22 3
12 14 2
0 3 7
15 18 1
19 0 7
20 23 4
15 18 2
11 14 2
14 15 8
18 20 3
10 12 1
12 15 8
12 14 8
20 23 6
1 5 4
17 19 1
5 9 6
21 23 3
20 23 5
19 23 7
6 9 1
13 15 7
9 14 4
4 7 4
3 6 3
1 6 7
10 14 8
3 6 7
23 3 2
0 4 7
3 6 4
19 23 3
1 5 6
16 18 5
15 17 5
23 3 8
9 12 3
8 13 6
3 5 8
8 11 7
5 8 2
9 12 3
10 14 5
9 13 7
9 12 1
2 4 3
8 10 8
4 8 6
6 10 8
22 2 6
11 14 4
2 5 1
23 4 8
13 14 4
8 9 1
17 21 6
18 20 5
16 19 5
12 15 3
19 22 6
22 1 6
5 9 2
8 11 3
20 23 6
18 20 3
4 6 1
17 21 1
13 15 1
20 23 5
13 15 1
6 11 5
2 6 2
23 2 5
6 8 3
18 19 7
21 23 8
23 4 5
22 3 2
12 16 3
19 23 4
19 21 4
6 10 3
1 5 5
1 5 4
7 9 3
22 0 1
6 9 5
23 2 8
5 8 2
4 6 6
3 7 6
15 17 8
8 11 3
1 4 1
0 3 2
21 23 4
11 14 3
19 21 7
1 4 4
5 9 8
19 0 3
0 2 6
5 9 1
21 23 4
20 22 6
7 10 1
11 14 7
3 5 1
7 11 2
3 7 6
9 11 4
20 0 3
19 22 3
18 21 1
5 8 3
10 13 6
4 6 8
20 0 3
7 11 1
22 2 4
3 5 1
21 1 4
7 9 1
23 5 8
4 6 4
5 8 8
22 1 2
3 6 6
2 6 5
13 17 2
12 13 2
15 18 2
22 3 2
4 8 4
17 21 1
21 1 1
15 17 4
15 17 8
19 23 6
15 16 3
15 18 2
13 18 4
2 5 8
2 4 8
23 2 5
19 0 2
8 11 4
3 6 3
16 19 2
10 12 8
13 17 6
3 7 3
12 16 5
5 10 7
9 11 2
17 22 8
17 20 2
13 15 1
17 21 8
16 20 1
13 16 3
2 7 8
6 8 7
0 2 2
8 8 6
16 20 6
13 17 1
20 22 5
3 6 6
13 15 8
11 14 2
0 3 1
18 22 7
8 11 8
5 8 1
11 15 1
8 12 1
8 12 2
16 18 1
5 7 1
22 0 8
15 18 4
6 10 6
5 6 6
9 12 4
20 22 5
15 18 3
19 23 5
12 18 1
10 13 6
18 21 7
7 9 8
12 15 2
6 9 3
17 19 7
10 13 7
18 21 4
2 5 1
11 14 4
6 9 5
6 10 6
5 7 1
13 17 5
12 17 5
4 6 6
19 21 5
12 16 7
6 8 1
10 13 1
7 9 8
7 9 5
11 13 1
3 7 4
8 10 6
4 7 6
17 19 7
22 1 2
13 15 7
19 23 7
21 0 2
16 20 3
6 9 6
10 13 6
20 23 7
16 18 3
17 21 6
1 4 2
21 0 7
22 0 2
10 13 4
14 17 1
2 5 1
12 14 2
3 7 5
11 14 1
17 21 4
19 22 2
2 4 3
13 16 7
10 14 6
9 10 4
3 7 7
2 8 3
5 9 1
2 4 6
9 13 1
6 11 3
14 16 5
3 5 7
8 13 2
9 13 3
7 9 7
3 5 2
21 23 3
21 1 7
23 3 4
0 4 6
14 18 2
16 19 7
21 1 1
8 11 2
22 0 3
7 9 1
22 1 2
1 6 6
13 16 1
10 14 8
2 6 3
11 15 5
19 21 5
13 17 4
0 2 8
4 7 1
10 14 4
0 4 5
6 9 8
16 22 2
2 6 3
14 15 7
11 14 8
13 16 7
13 17 4
20 22 1
14 17 3
15 20 3
7 10 2
14 17 4
17 20 7
3 6 5
1 5 7
0 2 2
8 9 8
4 6 5
7 11 4
17 20 4
13 16 5
0 3 7
23 1 8
6 9 5
15 20 2
10 13 6
19 22 6
12 15 5
7 9 4
2 6 5
20 0 4
0 4 7
15 18 4
14 16 2
19 22 1
0 2 8
10 14 4
6 10 7
23 2 7
0 2 1
10 12 7
0 3 8
16 18 2
0 4 2
16 20 3
17 20 4
10 13 5
10 11 1
4 8 6
11 15 3
19 22 8
19 21 8
12 15 3
3 5 8
1 4 4
6 8 6
10 12 1
3 5 7
13 17 8
5 8 1
23 2 4
18 20 6
8 13 6
5 7 7
1 3 8
23 2 4
8 12 4
13 15 8
20 23 8
22 2 2
21 22 6
15 17 7
13 17 7
5 7 6
17 20 7
4 7 1
15 17 6
16 17 8
7 10 4
9 13 8
6 10 2
21 0 3
0 4 5
2 3 5
12 14 2
1 4 4
17 20 2
13 17 6
15 18 5
14 17 8
17 20 6
18 21 1
7 11 2
20 22 3
19 21 1
23 1 2
3 6 8
19 21 6
12 14 4
14 17 7
6 9 1
16 18 1
11 16 4
15 18 2
3 5 3
13 17 3
6 9 8
10 14 4
16 19 5
2 7 3
2 6 3
7 10 4
19 21 3
10 13 1
14 16 8
16 19 2
7 10 2
0 4 8
1 6 3
9 12 1
23 4 3
22 1 8
10 14 7
0 5 6
7 11 5
10 12 7
18 20 5
17 20 3
3 4 3
19 22 7
20 0 3
5 7 3
3 5 3
19 22 1
20 0 7
23 2 4
17 21 3
17 20 3
0 4 3
7 9 4
11 12 7
4 8 6
21 0 3
16 19 8
13 16 6
1 5 8
14 17 2
5 10 4
19 22 5
21 23 1
7 8 2
1 3 6
21 1 5
21 23 8
18 23 2
21 1 2
22 1 3
20 23 3
10 11 8
16 17 2
16 18 7
8 10 5
11 15 8
8 12 3
6 10 6
4 6 6
20 0 3
17 19 4
10 14 3
14 18 5
17 21 8
17 21 4
5 9 6
15 17 4
9 12 5
3 7 5
9 11 1
19 22 5
21 0 7
3 6 4
13 17 2
5 7 8
21 0 5
10 14 5
0 2 2
17 19 8
15 18 1
10 12 3
6 10 4
6 9 3
16 19 1
9 13 5
9 13 3
21 23 6
18 21 5
9 13 5
13 18 2
2 5 6
21 1 6
22 23 2
6 9 3
16 18 8
2 4 3
20 23 3
20 1 6
8 13 4
9 12 5
12 16 8
14 17 8
14 18 3
14 15 5
1 4 4
20 23 3
6 9 5
11 14 8
23 1 6
4 7 2
5 8 4
7 10 3
4 8 1
17 19 2
20 22 8
10 13 3
8 12 3
5 8 8
11 14 3
4 6 5
21 0 6
20 1 1
18 20 1
5 7 2
22 1 3
3 6 7
23 2 5
21 0 7
1 3 7
12 15 5
7 10 1
22 0 2
20 23 2
20 23 5
12 14 5
15 19 7
12 16 4
23 4 7
5 7 4
12 14 2
20 22 1
14 17 8
6 8 1
11 16 3
14 17 2
19 22 6
4 7 3
16 19 6
21 21 4
12 16 2
23 2 4
12 14 8
6 8 8
6 8 8
1 4 7
17 21 1
8 10 8
13 17 1
13 17 1
20 23 2
22 2 8
2 5 6
19 21 2
19 20 7
11 15 1
17 19 4
3 9 6
13 15 4
2 4 3
13 16 7
17 20 8
20 0 5
20 23 5
21 0 4
2 6 4
21 23 8
23 2 4
4 5 4
12 15 2
17 20 3
