150 13
6 1 5 5 1 2 2 4 6 7 2 6 3 
5 7 5
6 11 9
12 15 9
2 5 10
6 8 13
19 0 12
6 9 8
8 11 1
19 0 13
3 6 5
0 2 12
12 14 5
6 10 5
1 4 13
14 16 9
13 17 2
11 11 6
1 3 11
15 17 4
2 4 2
10 14 5
18 20 8
12 14 4
8 11 8
6 10 13
10 12 12
5 9 5
1 4 2
3 7 10
22 1 2
8 11 6
1 5 9
15 17 7
9 12 7
21 2 6
23 2 7
13 17 9
17 19 3
22 1 3
12 15 10
20 1 3
3 8 7
15 18 1
4 5 12
7 9 10
19 23 5
9 11 9
8 11 11
15 19 13
22 2 7
23 3 13
0 3 10
10 15 13
21 23 11
11 15 4
0 3 1
21 1 10
5 9 4
2 5 13
23 3 9
8 12 11
17 19 5
8 10 12
6 8 11
21 23 6
14 18 3
19 21 13
17 20 11
17 18 13
15 15 4
12 14 1
16 20 8
5 8 10
9 13 12
15 18 6
23 3 5
2 4 3
2 4 3
5 9 9
16 19 9
9 11 9
7 9 8
8 11 7
6 8 3
3 7 10
16 21 10
4 5 5
15 17 3
0 3 5
4 7 7
4 8 2
20 0 4
19 23 3
21 23 12
17 21 11
13 16 3
12 15 10
17 19 12
9 13 9
9 14 3
8 12 11
20 23 8
18 19 12
23 0 13
2 6 8
12 15 12
0 4 2
4 7 4
13 16 7
9 12 10
7 10 7
16 19 12
18 21 3
3 5 10
18 22 7
4 8 6
17 20 13
7 9 5
14 17 12
6 9 9
22 0 9
22 3 6
2 4 12
0 3 3
7 11 4
2 5 3
14 17 10
21 23 10
11 15 11
12 15 11
6 9 2
2 4 11
10 14 3
12 16 6
22 1 2
1 3 4
15 17 7
10 12 9
7 10 7
20 22 2
21 2 3
2 5 12
18 22 7
8 9 5
1 3 8
10 13 12
5 6 5
19 20 3
22 23 1
6 9 10
