400 11
2 7 10 2 7 4 10 5 9 3 4 
20 23 4
0 4 5
6 11 5
12 16 9
5 7 4
18 22 5
18 21 1
9 13 5
6 11 5
9 12 1
10 13 2
23 3 8
15 17 4
3 5 7
7 11 11
1 4 10
18 21 1
11 16 11
0 5 7
3 6 3
21 23 8
9 13 11
0 2 2
4 8 5
7 10 8
16 19 9
16 18 1
16 19 6
16 19 5
10 13 9
18 21 2
10 14 9
1 4 8
9 14 11
2 5 10
14 17 5
11 15 3
19 21 4
4 5 5
14 17 4
21 1 11
15 18 5
1 5 1
15 16 11
17 19 9
12 15 7
15 20 11
12 15 10
3 7 4
18 22 3
16 19 4
10 13 10
15 16 7
19 19 6
4 7 11
20 2 10
4 8 3
10 13 9
14 17 10
3 6 1
9 14 3
2 6 1
11 14 3
16 19 8
19 22 1
0 3 3
6 8 10
8 12 11
3 5 8
11 14 1
4 7 8
16 20 5
11 13 10
14 17 1
10 13 10
15 19 11
23 2 6
10 13 4
5 10 1
11 15 11
1 4 8
14 16 8
18 22 4
8 11 1
16 18 2
11 12 7
14 16 5
15 18 11
20 22 4
0 4 11
21 23 7
7 12 8
1 3 1
21 0 10
22 0 1
16 18 11
18 21 10
3 5 7
4 6 8
6 10 7
3 6 3
5 8 1
17 20 2
22 23 8
14 19 2
3 7 9
15 18 4
0 2 6
13 14 11
11 14 11
0 2 4
6 9 11
19 22 7
7 11 5
23 1 2
11 14 7
8 12 1
2 5 1
10 12 11
9 14 11
4 7 4
3 7 2
8 10 7
20 22 10
17 20 10
11 12 1
7 10 6
10 13 6
8 11 10
3 6 7
7 9 8
11 15 3
19 22 8
19 21 5
16 20 10
23 3 6
18 21 2
6 7 11
11 13 8
18 21 7
6 9 10
21 23 11
23 2 5
17 21 3
14 18 6
8 10 7
2 5 1
19 21 9
19 21 9
22 1 9
17 21 4
8 10 4
13 14 3
14 16 8
12 15 1
10 13 1
14 17 9
12 14 10
23 4 1
5 8 4
5 10 5
12 16 4
22 2 2
10 13 3
19 0 10
3 6 2
16 20 6
2 5 9
1 4 11
21 1 4
9 10 1
5 9 3
10 12 6
2 4 11
13 17 5
7 11 9
0 3 3
9 14 4
2 4 7
3 7 2
14 18 1
22 2 8
0 3 4
4 7 1
15 17 7
4 8 2
15 18 7
22 0 2
18 20 7
11 14 5
15 16 5
12 15 2
0 3 8
23 2 4
22 1 6
10 13 1
2 5 1
7 10 7
9 14 1
8 9 4
12 14 4
15 19 3
9 13 3
8 11 7
12 15 4
16 20 9
20 0 6
14 17 2
3 7 6
14 18 5
21 1 10
15 19 10
23 1 2
5 9 11
12 14 1
23 2 2
8 12 5
22 1 5
13 16 5
0 2 2
8 11 4
12 15 10
7 12 11
16 18 8
16 19 10
20 20 8
15 17 2
5 8 2
6 9 5
0 1 2
3 6 8
19 22 6
15 18 2
21 2 4
14 16 8
18 19 4
3 7 10
7 10 6
21 0 4
14 16 11
20 23 8
18 21 1
15 16 1
13 18 4
22 2 10
1 2 4
1 3 4
23 2 8
23 3 5
19 23 9
13 17 1
9 13 9
7 10 7
13 18 2
16 19 8
6 8 6
1 5 2
0 5 5
18 19 6
1 6 1
22 1 4
17 21 5
19 22 6
4 7 5
21 0 1
4 7 6
21 0 6
20 0 2
3 7 8
4 6 3
20 1 9
2 5 9
0 4 7
12 16 3
4 6 2
15 20 5
4 7 11
16 19 3
21 23 2
18 23 2
1 4 4
8 11 7
8 11 9
22 0 2
7 9 9
18 21 1
17 21 1
18 20 9
2 4 2
19 21 6
20 22 8
15 19 1
18 21 10
12 15 5
0 4 1
8 11 10
7 10 9
8 11 9
11 16 1
10 12 2
22 23 10
20 23 4
8 11 11
11 14 10
13 15 3
7 11 7
12 14 7
20 23 10
20 0 1
12 16 6
20 21 9
13 17 4
10 12 2
5 8 10
19 22 10
18 21 9
19 23 2
8 11 2
16 18 7
21 1 9
13 17 4
16 20 11
2 5 8
19 20 2
15 17 8
21 23 3
8 11 3
23 4 4
9 12 4
18 21 11
0 2 5
3 6 4
6 10 2
15 17 2
2 5 10
4 8 1
14 18 2
14 16 1
13 16 2
13 15 9
23 2 11
20 22 11
8 11 2
20 22 7
20 22 7
18 20 4
4 6 1
19 22 2
15 20 4
5 6 4
9 11 4
9 11 10
6 8 3
23 1 8
4 7 8
12 16 7
22 1 10
6 6 4
17 22 5
0 2 11
0 5 2
13 17 6
10 13 2
17 20 6
2 5 7
4 8 5
4 8 9
3 4 10
16 20 2
6 9 10
1 5 9
17 19 9
3 5 11
22 0 7
1 5 4
10 14 5
20 22 4
13 15 4
22 0 11
12 12 9
5 10 1
8 11 9
15 17 8
5 10 8
4 6 10
19 23 4
5 9 9
4 6 3
9 12 8
15 18 11
16 18 2
12 16 8
5 6 11
16 19 6
22 1 8
2 5 11
7 9 10
4 9 11
3 7 6
11 14 1
