1350 15
1 6 2 4 5 4 3 8 4 9 8 1 4 2 5 
4 7 3
11 14 10
0 3 10
18 22 3
10 12 8
3 6 2
0 3 9
16 18 6
7 11 15
0 5 15
1 5 2
1 2 13
11 14 11
22 0 11
9 11 8
1 5 2
8 12 2
17 20 7
11 14 5
20 23 13
20 22 5
23 2 9
2 4 6
22 23 1
7 10 10
6 9 3
4 6 11
15 18 1
6 8 12
3 8 13
10 13 1
3 7 1
1 4 2
5 8 13
10 13 6
16 20 11
0 3 6
8 12 14
14 17 10
6 9 15
0 3 10
7 9 13
2 4 13
1 5 4
23 2 11
21 2 2
20 22 14
21 0 2
16 18 11
17 19 12
22 1 4
21 23 12
12 16 3
2 5 9
0 3 13
14 16 6
19 0 11
15 18 11
19 21 5
21 1 14
8 11 5
0 2 5
21 1 5
15 17 12
22 0 1
21 0 12
12 16 12
8 12 6
1 6 11
15 18 2
7 11 1
21 1 13
23 2 2
22 2 12
16 18 3
7 13 7
8 10 9
2 5 12
12 16 11
15 19 5
4 5 12
11 15 11
15 18 6
5 8 13
16 21 9
18 20 8
23 0 3
20 23 4
21 0 4
15 17 11
19 22 2
19 23 5
7 9 7
12 15 2
18 20 13
10 12 9
12 14 7
1 3 14
18 20 2
1 4 2
5 9 6
9 13 12
17 18 5
14 18 1
15 17 12
18 21 10
7 13 13
20 22 15
0 2 5
18 21 5
19 21 2
21 0 7
0 4 2
16 17 2
4 6 10
11 15 13
9 15 2
9 10 2
20 22 2
13 16 1
13 16 2
3 6 2
21 23 8
18 20 11
22 1 9
3 5 1
14 16 10
16 17 11
18 22 13
11 14 10
8 11 3
5 8 3
17 19 12
5 7 9
17 21 15
7 12 11
18 20 7
21 1 14
5 9 1
2 6 2
8 10 2
9 13 6
0 3 14
17 18 2
10 13 4
13 15 6
9 13 15
16 18 9
6 9 1
13 17 13
23 2 9
18 21 10
12 15 12
4 7 8
20 23 15
10 16 5
19 22 13
20 1 3
6 8 10
0 3 9
16 21 12
20 22 1
23 3 9
10 14 4
8 11 5
16 17 13
1 5 10
8 13 5
15 18 8
13 15 2
5 6 9
23 2 3
6 10 2
1 4 6
10 12 5
16 18 8
18 21 10
23 4 12
1 2 13
11 14 6
15 18 4
21 0 15
9 11 15
12 15 3
13 14 1
13 17 13
11 15 9
2 6 15
1 3 15
8 10 13
7 12 4
15 17 2
0 1 4
4 8 5
19 22 6
15 18 9
4 7 9
5 9 9
15 20 12
0 4 15
9 12 3
19 21 13
19 22 7
20 0 1
3 6 7
22 2 15
9 13 7
20 0 10
22 2 2
11 14 7
3 7 6
22 0 14
20 23 2
21 0 4
18 21 4
4 6 14
1 5 12
14 16 11
9 12 1
11 14 13
7 9 7
18 22 4
13 19 14
13 13 9
12 15 9
20 23 15
22 1 1
6 10 7
2 6 8
7 10 9
5 10 7
9 14 15
1 4 5
5 6 6
9 12 4
10 12 3
11 14 1
8 12 2
5 7 5
18 20 4
1 4 1
6 8 2
14 17 6
10 13 3
22 2 13
5 8 15
13 17 9
12 16 3
9 13 5
1 3 7
12 16 6
14 16 15
18 21 4
9 14 13
20 22 12
12 16 3
20 0 7
3 7 5
3 5 6
1 5 4
19 21 14
17 20 8
2 3 1
1 4 15
22 2 9
8 10 5
6 9 6
22 1 3
7 10 3
6 10 1
18 22 2
4 7 9
3 9 14
6 7 13
17 20 6
7 10 13
11 15 10
3 6 6
21 1 7
19 0 9
9 13 14
15 18 1
9 11 11
22 1 7
5 8 15
15 17 5
20 0 8
12 15 7
10 14 3
4 6 9
19 23 10
11 12 13
16 18 5
13 15 12
14 17 1
10 12 5
17 19 12
0 3 4
19 23 7
2 4 8
13 17 6
23 1 11
9 12 15
3 6 6
9 13 8
10 13 6
0 3 6
22 2 5
3 5 6
5 9 12
14 18 14
23 2 11
7 12 8
1 3 12
17 23 9
15 19 15
16 18 5
20 22 6
19 22 12
3 6 11
8 10 4
4 7 15
0 4 4
17 20 11
6 10 2
17 20 13
3 6 8
16 19 7
17 18 9
13 17 10
21 1 9
23 2 5
11 14 2
8 10 10
22 1 7
19 22 8
8 10 10
6 11 3
14 18 3
16 19 7
15 18 5
23 3 4
5 8 13
22 0 14
9 11 15
0 1 15
22 3 15
4 8 10
14 17 10
13 17 5
23 3 1
6 8 5
15 20 13
3 6 5
11 15 5
1 5 13
21 1 13
9 12 9
17 19 5
9 13 6
4 6 1
1 3 12
20 0 15
17 20 1
3 6 7
11 15 14
21 1 7
5 7 2
21 0 6
11 14 2
10 12 7
7 11 7
14 16 12
17 20 10
18 22 7
11 14 4
22 2 14
6 11 12
5 7 13
20 23 10
4 7 1
3 6 10
17 21 10
12 15 6
1 3 10
10 14 12
4 7 4
10 13 15
1 3 11
6 9 15
14 18 1
12 15 3
0 4 3
19 22 13
0 2 1
6 10 10
5 7 6
0 2 10
15 17 14
10 12 2
14 15 11
20 22 10
13 15 12
19 0 13
11 14 10
4 8 2
19 23 4
12 15 11
0 2 5
0 4 2
8 10 7
12 13 3
21 0 10
9 12 5
12 14 6
17 21 7
11 13 9
15 18 6
2 4 11
22 1 15
12 16 3
6 11 14
4 8 3
11 13 4
0 3 7
20 0 2
21 23 14
16 20 5
17 18 13
5 7 1
12 15 3
10 12 6
0 3 12
14 16 8
0 2 13
21 1 9
10 12 8
12 15 5
16 19 5
3 6 11
15 18 2
6 10 2
2 4 10
11 14 15
3 5 8
11 14 1
23 2 12
16 19 7
13 16 2
0 4 11
20 23 15
15 17 3
2 4 4
22 2 4
20 0 8
11 14 12
6 8 12
0 5 11
1 4 6
15 18 11
8 11 5
8 8 12
5 6 15
10 11 6
4 7 3
21 0 1
10 13 12
12 15 13
7 8 3
2 7 5
11 13 1
2 5 11
8 10 6
7 9 8
13 16 6
18 22 4
21 22 11
21 0 10
12 15 3
21 1 15
18 21 15
10 12 7
6 10 4
19 23 2
4 8 12
13 15 14
11 15 3
17 20 9
15 20 3
0 3 14
22 1 5
4 6 9
14 17 2
21 23 8
22 1 10
22 1 1
4 8 13
7 10 7
14 17 7
12 16 7
8 10 3
12 15 15
14 16 9
23 3 1
20 22 13
5 8 3
3 8 6
9 12 7
8 11 14
10 12 1
1 5 2
23 4 8
11 13 9
10 14 9
17 20 13
19 22 7
17 19 6
9 13 2
6 7 6
20 23 3
5 8 3
6 10 7
20 22 15
21 0 9
23 2 10
13 18 10
12 14 4
0 2 3
16 20 4
2 6 10
17 20 9
18 23 15
14 17 13
14 19 12
22 2 15
22 1 14
20 22 12
3 7 14
8 11 3
15 16 12
7 10 11
20 22 11
11 15 7
5 8 4
1 4 7
19 21 14
21 22 12
0 4 4
17 20 8
5 6 4
7 9 14
3 6 3
13 16 8
14 16 2
15 19 3
1 5 5
21 0 15
1 4 13
1 3 7
1 6 2
8 10 1
19 21 5
23 2 10
0 4 11
19 23 8
13 16 7
14 17 8
15 19 11
17 20 10
23 3 8
8 12 14
19 23 15
3 4 7
2 6 8
20 23 8
16 20 9
20 22 8
22 2 3
4 10 15
8 11 6
22 0 6
22 0 15
19 21 9
1 4 9
19 23 10
16 17 10
18 20 13
1 5 10
8 11 2
15 16 15
4 6 11
11 13 7
9 12 15
15 18 11
22 0 5
16 19 9
1 4 3
21 23 3
19 22 11
18 21 8
13 15 11
2 3 1
19 23 2
10 13 12
21 23 4
18 21 11
3 7 14
15 17 1
0 4 14
21 2 10
15 17 9
5 7 15
10 11 6
11 15 15
2 5 14
3 6 2
18 21 5
13 17 14
19 23 1
16 20 14
4 7 1
10 13 2
23 2 5
5 9 6
20 23 15
13 16 4
18 21 3
3 5 10
7 10 1
20 22 5
13 17 6
2 6 13
10 12 5
13 15 10
18 22 13
7 9 8
9 12 6
15 17 6
22 3 7
12 14 3
23 3 9
0 2 9
21 0 4
11 13 13
22 1 15
0 3 11
15 18 5
4 8 4
18 20 14
22 4 11
4 9 15
0 3 13
22 23 13
10 14 4
21 22 11
15 19 10
13 15 10
13 16 10
9 12 8
4 9 12
1 4 11
6 8 8
12 15 14
16 19 9
14 16 14
18 21 8
12 14 12
9 13 4
17 20 14
14 18 9
8 12 2
10 13 10
16 18 1
13 15 12
15 20 11
20 0 1
4 7 8
12 14 5
16 20 4
4 6 8
2 5 14
23 2 7
2 7 8
1 4 3
21 0 1
17 22 4
9 11 6
20 0 11
11 15 11
6 10 5
18 20 1
4 8 14
18 19 9
5 8 10
21 23 11
0 3 7
2 6 15
5 8 11
19 22 9
3 6 7
7 11 6
9 11 2
18 21 4
21 0 10
5 7 14
17 20 7
20 22 12
14 17 14
14 17 7
13 17 9
4 7 7
19 22 10
23 3 5
23 2 8
10 13 3
8 11 9
19 22 13
12 14 10
11 12 9
0 5 2
0 5 7
6 9 12
13 15 10
12 13 7
11 15 7
21 2 12
14 17 6
6 8 9
8 12 10
1 6 10
8 12 10
16 20 9
19 22 12
4 7 11
0 3 13
10 13 8
4 5 10
4 5 10
9 12 9
10 12 5
18 23 7
18 21 9
15 17 5
23 1 6
17 20 14
5 7 7
15 18 4
11 13 4
6 10 6
16 19 12
13 17 8
12 16 5
15 18 11
18 20 6
2 6 8
18 20 5
8 12 15
17 21 5
12 15 7
17 19 11
12 15 14
18 21 12
18 20 12
18 21 7
12 16 2
17 19 3
0 4 6
10 14 2
11 12 4
15 18 3
20 23 1
8 11 14
10 13 15
18 22 3
19 23 10
18 21 9
19 22 6
13 17 11
2 4 4
16 18 14
19 21 12
15 16 1
11 15 10
18 19 9
11 12 9
21 0 1
21 0 1
7 9 1
12 15 2
9 14 3
5 9 15
6 10 14
9 12 8
14 17 7
0 4 15
7 10 10
11 15 10
17 21 13
11 13 5
17 19 11
16 21 2
10 12 8
12 14 10
14 17 10
13 15 11
16 20 6
15 18 12
10 16 10
7 9 14
23 1 14
11 14 6
19 22 13
23 3 13
10 14 6
23 4 1
4 8 1
2 5 3
7 12 12
22 3 7
8 12 3
6 10 10
9 14 2
3 6 2
5 8 6
10 13 8
21 1 4
18 22 10
12 15 9
19 22 13
5 8 3
2 5 7
0 2 8
21 23 5
21 0 13
15 17 6
18 20 4
8 10 14
15 18 9
1 4 1
0 3 1
21 0 12
10 13 2
16 20 13
15 18 14
6 9 7
5 7 9
20 22 11
19 22 11
2 5 14
10 12 9
7 10 15
2 5 1
0 3 3
13 15 10
21 1 5
16 18 9
18 22 5
16 17 2
12 15 11
3 7 3
7 10 14
17 21 7
6 7 4
8 10 14
0 3 3
7 9 10
15 17 8
8 13 3
2 3 6
12 16 5
1 5 14
12 15 9
12 17 9
3 5 14
6 9 11
17 19 12
2 5 10
6 9 4
19 0 11
17 20 9
7 10 6
13 16 3
21 23 12
6 9 14
8 11 11
9 13 5
1 2 14
21 23 11
9 12 6
18 21 2
23 2 2
9 12 14
15 17 11
2 5 15
9 13 1
18 21 1
10 14 3
6 8 6
12 15 4
13 18 13
2 5 5
5 7 15
9 10 4
18 20 6
15 18 5
10 13 2
17 22 6
20 0 9
17 20 13
3 4 5
19 20 14
17 21 9
12 15 7
16 19 5
7 10 13
17 20 11
3 6 11
17 18 4
23 3 4
15 18 12
23 1 9
9 13 8
1 2 10
4 8 1
15 19 8
21 22 13
22 2 7
5 7 15
12 18 7
1 6 9
1 4 10
17 21 5
14 19 2
9 13 13
12 13 15
8 11 14
8 12 3
3 5 2
1 5 13
12 15 13
1 4 10
13 15 9
19 21 11
5 8 1
17 19 15
18 21 6
0 1 1
16 19 10
6 7 13
22 3 9
13 17 7
19 20 2
3 7 4
18 19 12
8 12 11
6 10 15
21 0 9
13 15 10
5 5 7
10 13 9
16 19 5
15 18 3
13 17 4
6 8 2
9 10 6
20 23 3
23 3 4
22 2 11
14 18 5
23 2 1
10 14 1
13 15 8
13 15 13
13 17 7
21 22 10
2 6 9
7 10 5
22 1 6
7 11 11
12 13 3
16 20 9
4 7 6
3 6 14
20 23 1
21 1 8
13 14 11
2 5 10
9 12 7
0 3 10
18 20 8
18 18 15
17 19 15
18 21 6
4 8 13
22 2 5
4 6 14
11 15 1
20 22 15
10 13 13
7 8 4
22 1 11
21 0 1
14 19 7
23 3 9
8 11 1
19 23 13
23 2 3
15 19 1
13 18 11
4 5 1
12 14 6
14 16 2
10 13 5
8 11 5
13 17 15
8 11 5
17 21 6
16 20 13
3 7 8
17 21 8
0 2 4
9 11 10
11 14 8
23 3 12
16 19 11
18 20 4
1 4 6
17 21 2
18 21 8
14 17 3
15 17 5
22 1 12
5 7 15
3 8 8
3 6 11
15 19 11
17 21 1
17 20 8
13 16 5
7 10 4
17 20 8
18 21 8
23 0 11
21 0 6
23 5 6
5 8 12
18 22 15
9 12 12
9 12 13
14 17 15
8 12 3
10 14 8
9 11 6
2 4 12
8 11 3
11 14 8
3 6 8
0 4 10
8 11 3
22 2 13
17 22 12
12 13 5
13 14 4
19 20 15
1 2 12
11 12 14
15 18 9
18 21 12
12 14 1
1 4 3
7 10 4
21 1 15
0 4 7
12 14 14
4 5 15
4 6 9
7 11 6
1 5 10
15 18 15
19 21 4
14 15 12
22 1 1
1 3 4
6 10 6
22 0 4
5 6 3
6 9 3
9 10 14
0 4 1
5 10 2
14 17 1
7 10 7
2 4 13
19 21 6
3 7 4
3 4 15
2 5 9
16 19 9
0 4 14
8 10 3
18 19 1
14 17 6
2 5 6
17 21 15
22 3 3
4 6 13
1 3 10
13 16 2
13 18 11
23 0 7
19 21 14
9 11 11
7 9 4
14 18 12
14 17 7
3 5 6
13 15 7
5 10 4
2 5 5
22 1 4
4 6 7
2 3 5
3 6 3
4 7 15
10 12 14
22 1 8
4 6 7
0 4 3
2 3 3
4 7 14
8 12 12
14 16 15
17 19 6
13 17 7
6 9 3
3 7 15
3 5 9
18 22 10
18 21 3
14 17 11
0 3 8
5 6 11
4 8 2
16 22 6
11 14 2
19 20 14
15 18 15
14 19 7
2 4 7
0 4 13
13 16 11
22 2 2
2 4 7
17 18 15
18 21 6
8 11 13
17 20 7
3 5 15
10 14 6
8 10 15
23 2 5
20 22 8
13 14 10
23 4 15
3 7 11
7 10 8
1 4 10
1 4 6
5 7 8
12 15 11
14 17 14
22 23 1
9 12 7
1 4 14
13 16 1
17 22 15
7 12 11
13 17 14
6 9 6
23 3 10
22 0 3
23 1 2
21 0 9
9 13 6
14 19 2
9 11 3
13 13 4
4 5 3
19 22 9
7 10 2
18 20 15
10 13 9
14 18 12
22 0 6
0 1 11
2 4 11
12 15 13
1 3 3
1 4 5
8 11 9
17 22 1
5 8 12
5 9 10
8 11 9
22 1 3
13 15 4
15 17 8
2 6 8
6 9 1
3 5 3
4 7 5
6 9 1
18 20 9
20 22 11
17 20 15
20 0 11
6 9 11
20 23 7
12 15 3
20 21 4
17 20 2
16 19 14
14 18 9
4 6 13
16 20 14
9 12 7
0 4 3
14 17 5
14 17 1
20 23 15
19 21 9
10 12 8
20 0 3
0 4 10
17 20 3
13 16 14
14 16 10
15 18 1
8 13 1
15 18 12
22 3 2
19 23 11
0 3 6
19 23 2
2 6 12
9 12 9
8 13 12
20 23 13
5 7 11
19 22 2
13 15 9
9 11 3
22 2 6
10 14 7
19 0 5
5 10 15
17 18 13
19 23 11
20 22 2
18 22 1
0 4 2
9 11 11
23 2 7
12 15 7
17 19 10
18 23 14
1 5 2
17 19 9
13 17 15
14 17 4
7 9 8
15 17 15
23 2 4
6 8 2
4 6 7
5 9 10
5 9 7
4 6 9
4 8 14
16 20 8
7 11 2
11 14 8
4 7 6
15 18 3
20 22 8
13 17 14
8 13 4
21 2 15
20 21 13
15 18 2
2 4 13
23 1 13
20 0 14
19 23 6
12 16 7
20 23 12
20 22 5
14 18 1
15 18 3
11 14 8
2 4 6
16 19 2
8 11 8
14 16 6
18 22 7
14 16 11
23 2 9
0 3 4
2 4 10
13 16 2
8 11 13
12 15 12
19 22 10
11 13 5
2 6 3
23 2 15
2 4 4
0 2 2
4 7 12
3 9 13
8 11 12
2 5 12
12 15 10
23 2 12
2 3 5
16 18 7
21 0 5
7 9 6
17 20 13
4 7 13
21 0 11
15 17 9
11 13 8
22 0 7
0 4 5
18 21 8
12 14 2
18 22 2
0 3 8
10 14 7
16 18 5
15 18 1
13 17 2
0 4 1
7 11 7
8 10 1
19 22 1
2 5 14
16 18 7
20 23 14
