1500 9
4 6 2 6 5 4 10 5 5 
4 7 8
15 18 5
21 22 6
1 3 8
10 11 2
3 6 2
22 1 4
6 8 9
14 16 4
2 5 6
16 19 9
15 21 5
21 1 3
8 8 4
15 17 7
15 17 3
9 11 8
13 15 1
1 3 1
5 9 9
20 23 8
4 6 6
6 9 9
20 23 4
22 1 6
2 6 1
14 17 5
22 23 4
2 5 5
2 5 2
14 17 2
6 10 9
17 21 3
8 11 7
1 4 3
22 1 2
4 6 3
22 2 6
10 14 7
15 20 6
17 20 1
8 10 5
10 14 5
0 3 4
18 21 6
19 22 2
13 15 7
9 12 7
12 14 7
8 12 2
17 22 4
12 15 9
22 0 7
3 6 9
8 13 6
4 8 6
3 7 8
7 9 9
12 16 2
2 5 3
5 8 6
21 2 1
11 16 3
20 0 3
9 10 6
11 14 5
10 14 3
6 9 3
5 8 7
18 21 1
18 22 9
1 3 5
10 11 8
18 21 1
14 16 1
10 12 2
6 7 9
17 19 6
5 10 5
18 21 4
3 7 7
1 4 7
21 23 4
4 8 2
15 16 5
16 20 2
15 18 9
13 16 4
17 18 1
10 13 5
3 7 9
19 21 5
8 10 9
22 2 4
2 4 7
9 11 1
23 3 2
3 5 9
13 14 2
22 0 2
14 17 1
7 11 2
2 4 6
2 5 1
12 15 1
8 11 5
23 1 3
7 10 8
0 3 6
17 21 6
19 23 6
21 0 6
18 20 9
2 3 4
15 18 5
16 18 8
20 0 4
7 9 9
2 4 2
8 10 2
0 2 9
2 5 3
15 20 9
21 0 2
14 17 9
3 7 9
0 3 3
14 18 8
7 8 7
12 15 4
11 15 2
19 20 3
19 21 5
13 18 3
15 18 1
13 16 4
1 5 3
18 20 9
13 15 2
22 2 4
21 22 5
7 10 8
17 20 2
20 0 5
7 9 8
7 11 5
9 12 6
18 22 2
17 21 9
1 4 3
12 15 7
1 3 2
18 21 3
5 8 2
14 17 2
13 15 9
1 3 2
9 12 2
14 17 1
16 18 5
13 17 1
10 11 4
2 4 4
8 11 7
15 19 3
8 12 8
12 15 6
10 13 2
9 11 9
10 13 9
5 9 9
22 1 9
9 12 4
19 20 8
12 14 5
3 5 2
12 16 4
19 22 2
13 16 2
5 7 8
5 8 9
3 6 1
10 14 2
5 9 8
20 20 5
4 8 3
14 17 7
19 23 1
12 13 7
20 22 8
20 0 3
3 5 1
8 10 7
23 3 1
16 19 3
3 6 3
3 5 2
22 2 4
2 6 2
16 18 8
21 0 2
15 19 3
18 22 5
7 11 6
9 11 4
18 21 9
8 10 1
12 16 1
14 16 4
9 12 3
18 21 2
4 9 6
3 6 8
3 5 7
6 9 4
19 22 9
15 19 6
22 0 8
4 8 9
12 16 4
23 4 6
19 22 5
9 12 4
5 7 6
13 16 4
20 0 6
18 21 7
2 8 7
5 8 3
10 14 7
21 1 8
6 8 2
13 17 6
16 20 1
8 11 6
13 15 5
14 19 8
0 1 6
2 6 8
15 16 4
6 8 6
15 17 6
11 15 7
14 15 7
8 11 4
5 8 5
12 14 7
17 21 7
22 1 4
1 3 8
9 13 2
17 21 8
7 10 2
6 11 7
5 7 6
21 1 7
17 19 9
16 21 3
22 1 2
12 14 1
2 5 3
4 7 2
14 16 7
9 12 4
15 18 4
16 19 2
1 5 7
1 4 1
13 16 7
18 22 8
17 18 2
2 4 1
16 19 6
3 6 8
14 16 6
14 17 6
21 0 1
9 12 2
23 1 6
10 12 2
15 19 8
9 13 5
15 19 3
1 3 7
21 0 4
3 6 9
18 20 8
13 16 6
16 18 4
14 15 6
16 19 6
8 11 4
12 16 2
2 4 8
20 23 1
14 18 5
1 4 7
21 23 1
15 18 3
12 15 4
23 3 7
3 7 8
11 14 3
3 6 3
19 22 6
10 13 4
9 13 2
16 19 4
7 8 8
2 5 9
6 11 5
19 23 6
7 10 4
1 5 6
23 3 5
20 23 9
2 5 5
21 1 6
0 4 3
14 19 1
11 13 5
10 14 9
22 1 7
21 0 4
7 9 9
13 14 2
23 3 4
17 20 3
13 15 1
15 19 2
7 9 2
23 2 1
22 2 4
11 13 6
12 15 5
12 14 1
20 23 4
0 4 9
14 17 1
8 12 6
1 4 6
10 13 2
21 1 5
2 4 3
19 23 4
6 10 6
13 17 6
14 15 3
12 16 3
23 1 1
10 13 6
13 17 4
12 15 3
8 10 2
14 17 8
4 7 3
5 8 1
4 5 3
2 5 6
5 8 5
0 4 2
23 1 2
9 12 3
13 17 3
10 13 1
19 22 2
7 10 7
8 12 5
17 19 5
0 1 8
14 17 6
6 10 2
6 8 4
21 0 1
16 17 2
3 6 7
20 2 1
19 23 6
11 13 2
18 23 4
15 19 3
8 12 1
9 11 5
16 20 6
14 16 5
21 22 7
3 7 1
23 1 8
7 12 1
12 16 6
0 3 5
16 18 4
18 22 2
13 15 1
14 17 6
5 8 3
21 2 7
3 6 6
0 4 6
7 9 1
0 2 9
22 1 3
10 14 1
8 10 1
2 3 5
10 11 9
7 9 9
9 11 3
10 12 8
2 3 3
9 11 9
13 16 5
16 20 6
4 5 7
20 0 4
15 19 7
20 0 2
10 13 8
5 9 3
4 4 1
6 8 3
7 11 9
16 19 2
21 22 9
0 3 7
9 13 4
2 3 9
1 4 9
1 5 5
4 8 1
23 1 2
19 22 7
14 15 5
13 15 8
12 16 9
10 14 3
15 19 6
22 0 1
2 4 4
23 0 2
2 4 1
23 2 3
7 10 8
4 7 8
16 20 2
2 5 7
21 23 3
2 3 2
23 4 7
12 14 5
2 5 1
2 3 7
6 9 2
17 20 9
15 18 9
5 8 4
0 3 6
15 16 2
16 17 4
11 14 1
19 22 6
22 2 2
17 21 5
20 23 7
2 4 1
5 9 7
6 10 5
16 19 8
16 19 9
2 5 3
8 10 8
0 3 7
7 9 3
20 0 1
16 18 7
12 16 7
1 5 9
13 16 6
22 2 8
5 7 8
6 10 7
23 1 2
0 3 2
11 14 2
1 2 5
13 16 4
6 9 3
20 23 6
10 10 4
13 15 9
8 13 9
7 11 2
4 6 6
16 20 8
22 2 9
2 7 6
23 2 8
2 6 7
7 9 4
10 13 9
23 2 5
15 18 5
14 16 2
18 20 7
16 19 1
0 3 4
4 7 8
18 20 7
5 7 6
6 10 4
9 12 8
13 17 8
2 5 5
3 6 1
12 16 8
8 12 9
15 19 1
11 16 8
3 5 5
13 16 4
1 4 9
23 0 5
23 2 3
12 15 3
2 6 1
8 10 2
0 1 6
4 7 4
19 22 5
19 22 5
14 17 8
8 11 2
19 21 2
12 14 6
9 12 7
21 23 6
14 18 5
11 15 9
8 12 6
4 6 8
22 2 2
16 18 3
8 11 1
8 13 6
12 16 3
11 13 8
18 21 4
3 5 5
23 2 5
8 11 8
2 6 3
4 7 9
21 21 3
20 23 2
17 21 3
21 1 6
22 1 6
2 2 4
14 18 2
16 18 1
11 14 2
9 13 1
9 12 3
7 10 5
10 12 8
6 8 3
0 2 4
9 13 3
8 12 7
0 3 3
10 13 4
14 16 1
22 1 2
16 18 7
7 8 2
8 11 7
5 9 4
16 19 6
10 12 3
23 2 4
23 3 2
0 2 3
0 4 2
18 21 1
12 15 2
5 8 3
20 22 6
15 21 2
16 18 9
4 6 5
10 14 9
20 23 2
4 7 3
0 2 4
4 8 9
5 8 6
3 6 4
13 17 9
20 23 5
22 2 5
23 3 2
19 23 1
0 2 6
8 11 5
22 23 6
5 8 7
19 22 9
13 16 8
20 23 8
17 21 3
2 6 9
7 9 9
6 8 9
16 19 2
22 1 3
4 8 1
13 15 2
22 0 4
1 6 3
6 7 7
22 3 7
11 12 7
3 6 2
16 20 9
23 1 2
13 16 3
7 8 1
6 8 1
3 4 8
17 20 8
0 4 5
5 8 1
17 19 4
19 20 1
11 14 4
1 6 4
5 8 9
18 20 1
7 10 1
2 4 2
13 14 4
0 2 7
10 13 9
19 23 7
6 8 2
13 16 2
14 18 4
10 13 8
18 19 1
19 22 7
16 20 3
6 10 7
0 3 7
15 17 7
23 3 2
9 12 2
5 9 8
18 22 1
16 20 5
21 22 2
4 5 6
4 8 6
0 4 4
6 8 3
20 0 4
0 2 5
16 18 5
10 12 7
18 22 8
16 17 1
0 5 8
10 15 2
5 7 3
6 10 3
8 12 1
20 0 2
18 22 7
22 0 8
2 5 1
14 19 2
20 0 2
4 8 9
13 16 5
21 23 6
4 6 1
16 17 6
15 17 9
8 11 9
19 20 5
2 6 2
7 10 8
21 22 6
10 14 3
5 8 3
2 6 5
18 20 2
11 14 8
1 3 1
11 13 2
0 2 8
5 9 4
16 18 5
4 7 4
17 19 1
21 0 9
6 9 9
0 3 7
22 0 7
21 22 4
0 4 9
16 19 5
18 21 7
1 4 7
4 7 5
14 16 2
18 21 7
16 20 1
6 8 8
23 1 6
2 5 3
7 10 4
20 0 6
23 3 8
5 9 6
18 20 8
17 20 6
1 5 2
14 17 1
10 16 8
11 13 4
10 14 7
2 5 3
6 9 1
8 13 8
11 15 2
9 12 1
11 13 9
7 9 5
9 12 2
3 5 7
2 5 7
21 0 2
2 5 4
7 10 6
23 1 8
23 1 2
8 12 8
17 21 4
12 14 5
8 11 7
21 23 1
21 0 3
4 7 5
3 6 1
20 22 9
7 9 9
17 20 1
22 0 6
5 10 6
6 10 1
16 21 4
21 0 2
13 16 2
6 11 8
6 10 3
22 1 3
14 16 2
0 5 6
16 20 6
15 17 5
8 11 2
5 7 7
1 4 8
8 11 4
12 13 8
11 14 3
8 10 3
7 10 5
7 9 5
8 12 1
18 22 6
9 12 2
2 4 8
23 2 8
9 12 5
12 15 4
9 13 8
17 17 9
13 17 3
2 5 1
15 17 9
19 22 4
4 8 4
15 18 9
11 13 7
18 21 3
17 20 2
21 0 9
8 11 3
23 2 1
22 22 6
1 3 3
7 11 9
22 0 7
10 14 5
3 5 2
11 15 5
3 6 5
8 10 7
23 4 3
3 7 7
3 7 5
10 11 8
10 14 4
10 13 5
19 21 1
8 12 6
20 0 5
7 9 1
16 18 8
17 21 7
17 20 1
17 23 3
20 0 8
9 13 9
14 18 9
5 8 7
3 7 3
5 8 2
18 20 6
6 9 2
12 16 5
15 18 7
10 15 3
15 18 4
7 9 8
8 12 5
14 16 7
15 17 8
21 1 4
17 19 1
5 9 5
17 19 3
8 10 7
18 22 4
15 17 9
3 5 1
13 16 5
18 19 5
13 16 9
12 15 2
23 5 7
11 13 3
16 18 6
14 17 1
11 13 8
12 16 8
23 2 8
6 8 6
5 9 5
3 5 9
0 4 2
5 9 1
6 10 1
9 11 6
15 18 7
2 5 6
16 19 9
20 23 5
7 8 5
14 18 6
8 11 8
12 15 4
20 23 9
10 13 1
7 10 1
3 5 9
7 10 8
18 22 4
14 16 9
3 5 9
13 16 8
2 5 1
2 4 4
14 17 5
22 1 2
8 10 1
20 23 9
11 13 6
8 10 9
7 11 5
18 21 8
18 19 4
4 6 7
21 0 1
10 13 4
16 20 1
9 12 4
3 9 7
7 12 6
7 12 3
19 22 2
11 14 8
13 16 5
7 10 5
1 4 5
13 16 3
2 4 7
6 9 6
19 23 2
2 5 6
7 10 9
13 16 5
6 10 5
5 9 7
23 3 7
13 16 7
12 14 9
21 0 1
23 2 9
23 3 5
6 7 8
10 13 2
21 23 7
2 4 5
23 3 9
6 9 9
14 18 5
9 13 6
5 7 6
1 1 8
4 7 6
19 23 1
13 15 7
13 15 9
18 22 6
16 21 6
8 10 2
22 1 7
8 11 1
6 9 7
12 14 9
7 10 3
10 14 3
19 20 6
18 20 6
5 8 8
6 10 1
15 19 2
5 7 9
3 5 1
16 20 2
15 17 8
6 6 9
8 11 4
19 22 4
21 1 9
0 5 9
10 11 8
1 4 3
0 3 9
10 14 5
1 4 3
4 7 3
3 6 6
20 22 5
8 11 8
10 14 8
16 19 6
14 18 9
14 19 3
11 13 8
23 3 4
5 8 1
18 20 8
11 14 3
19 22 1
11 15 3
6 10 7
18 21 1
16 17 2
16 18 1
6 7 3
20 1 1
4 5 3
2 3 7
21 0 1
6 8 9
3 6 6
8 11 8
18 21 2
9 13 7
11 13 9
17 20 4
5 8 3
5 7 1
2 4 3
14 17 8
19 22 2
21 23 2
23 2 1
2 3 9
8 12 7
17 22 6
14 17 1
20 22 2
21 2 9
23 1 1
18 22 6
6 10 3
18 23 9
9 13 7
22 1 6
20 23 2
10 13 8
7 10 4
11 11 4
19 21 1
9 11 2
4 8 3
10 13 7
8 10 3
12 14 1
2 3 7
20 23 4
2 4 7
4 8 1
0 4 3
2 5 2
7 11 3
23 4 3
22 2 8
15 17 5
17 19 6
12 13 9
9 13 3
19 23 2
20 23 4
13 16 8
20 23 6
12 15 7
1 5 6
5 7 2
21 0 7
0 3 1
6 9 1
7 9 4
22 2 5
20 21 5
8 13 5
9 11 3
14 18 3
1 4 7
17 20 7
18 21 9
6 10 4
17 18 9
15 17 4
9 12 5
9 9 4
22 2 9
22 2 8
4 7 3
21 0 7
15 18 1
8 11 9
17 19 6
9 12 7
9 14 3
11 16 8
18 22 8
22 0 6
16 21 7
23 2 6
16 21 1
8 12 7
3 5 2
5 9 1
8 13 5
9 12 2
1 4 4
12 15 6
18 20 5
20 0 1
17 19 7
18 22 1
21 0 9
23 4 8
3 5 4
11 14 8
2 4 8
10 13 3
15 19 2
11 13 7
13 17 7
0 5 5
19 21 4
14 15 7
22 2 7
1 4 4
16 20 1
18 20 9
3 7 9
18 19 4
18 21 6
10 15 9
16 22 3
12 15 8
15 17 3
5 8 5
17 20 8
6 10 1
19 22 6
14 17 7
4 6 9
1 3 4
9 14 2
11 14 6
9 12 9
14 18 7
14 17 9
12 13 8
0 2 6
10 13 3
14 19 9
16 19 4
17 20 8
7 11 7
6 7 2
3 5 1
5 7 4
17 20 7
5 8 5
19 21 5
18 20 5
19 23 5
13 17 7
5 8 9
7 10 1
18 20 9
23 0 3
14 16 3
17 19 4
8 12 2
6 9 2
5 8 5
1 3 8
17 20 3
11 13 8
18 21 1
0 3 7
10 14 8
4 5 1
7 9 6
18 20 5
15 16 7
20 22 1
9 11 5
11 15 1
16 20 9
10 14 9
12 15 3
13 16 8
11 11 8
19 19 4
17 22 5
19 22 1
22 1 3
1 2 7
17 20 6
22 2 1
21 1 4
10 14 6
9 13 5
4 8 1
13 16 4
23 2 8
19 22 2
1 4 9
2 6 3
11 14 3
5 10 8
16 20 9
3 6 1
2 5 5
12 15 4
4 6 7
4 5 4
0 3 3
21 0 5
0 3 4
16 20 8
9 13 3
22 3 3
13 17 4
17 21 7
4 8 8
0 3 5
17 21 7
13 17 3
7 9 8
3 7 8
5 5 2
2 4 5
8 10 8
15 17 9
5 10 7
5 8 9
13 15 7
10 12 1
20 22 8
22 2 9
21 2 3
1 5 8
15 19 1
5 8 9
15 19 6
8 11 7
1 5 2
3 7 3
7 10 6
14 18 1
15 18 1
17 20 1
23 3 4
22 1 4
6 10 4
18 21 7
16 19 2
9 13 2
14 17 6
20 0 9
6 9 2
4 7 1
22 0 2
18 21 4
1 5 3
16 19 5
19 22 6
8 11 9
22 1 9
1 5 4
9 11 8
7 11 8
20 22 9
10 13 6
3 3 2
18 21 4
0 4 7
15 19 6
10 13 9
8 11 8
1 4 1
16 17 1
11 14 4
12 16 8
16 17 6
1 4 5
2 5 2
10 15 1
2 6 2
0 3 6
17 23 7
12 13 3
1 4 1
1 5 8
18 21 9
9 12 8
13 16 5
10 12 7
6 8 7
8 11 6
7 10 1
22 2 6
2 7 9
10 13 1
14 18 3
16 20 3
3 6 5
19 21 7
0 4 2
17 19 2
9 11 1
17 20 4
17 21 1
2 5 8
17 19 4
18 21 9
21 23 2
15 18 7
2 5 3
1 4 3
20 23 7
15 16 6
11 13 4
21 0 7
12 16 7
22 0 1
13 16 2
15 17 1
15 16 4
11 15 8
18 22 7
20 23 1
2 6 6
12 16 8
13 15 7
19 21 6
18 22 5
3 7 3
19 22 1
19 22 1
1 3 7
2 5 6
21 23 1
12 16 8
14 17 7
4 7 8
22 2 9
9 13 3
9 12 3
21 0 5
13 16 5
5 9 8
19 23 6
18 22 3
13 17 7
3 6 2
11 15 8
7 11 6
21 22 6
9 15 4
4 6 9
10 13 7
0 4 3
1 4 2
0 3 3
20 23 5
21 0 6
7 12 4
6 9 5
8 11 6
11 14 1
9 13 6
16 20 9
6 9 6
6 9 2
2 5 7
22 0 9
22 0 3
10 12 4
6 8 4
18 19 3
8 10 9
3 7 5
0 3 2
5 7 1
14 18 2
20 22 8
17 19 6
9 12 1
21 1 8
3 5 2
14 17 9
4 8 9
23 2 4
0 4 4
0 4 3
5 7 8
13 16 9
4 7 4
7 10 2
12 13 5
17 21 3
1 5 5
2 7 6
8 12 8
1 7 6
5 9 1
18 0 8
4 7 6
23 3 6
9 11 4
3 5 2
1 3 4
15 15 6
22 1 1
19 21 8
20 0 3
7 10 6
10 12 2
12 15 2
16 20 8
7 9 6
14 18 8
10 13 9
17 20 5
12 15 4
3 7 2
11 14 9
0 1 8
5 7 5
3 7 6
13 16 5
13 16 8
19 22 6
5 8 2
13 15 9
23 2 6
6 7 5
20 0 6
19 22 6
14 18 5
19 23 3
23 2 4
17 20 8
6 8 5
0 2 4
10 15 9
10 13 5
21 0 8
12 15 1
7 12 5
15 19 2
1 4 6
5 8 5
6 9 5
15 19 9
0 4 9
4 6 4
3 5 7
8 11 2
20 0 6
6 9 4
19 22 8
15 19 3
18 20 3
0 3 7
7 10 4
17 19 5
7 11 7
5 8 8
2 4 2
17 20 5
20 0 6
4 7 7
14 16 3
15 19 5
13 16 2
18 21 4
14 18 5
7 11 2
6 10 7
0 4 4
8 13 3
11 13 3
15 18 7
18 22 4
21 23 5
13 15 6
10 11 7
13 15 3
22 2 9
18 21 3
9 14 2
0 2 4
15 19 6
22 1 9
13 16 5
12 16 7
17 19 1
19 22 1
0 4 1
3 6 8
12 16 6
5 6 6
0 3 4
2 6 2
9 11 5
16 18 4
9 11 4
5 8 5
15 18 8
10 11 4
11 14 7
12 11 9
19 21 7
18 20 5
10 14 8
19 21 3
9 12 1
11 13 8
13 16 8
23 4 7
11 14 8
15 17 3
20 0 9
6 9 1
17 21 7
13 15 1
