100 5
2 9 2 7 4 
15 17 1
9 12 2
2 5 3
0 3 4
5 8 2
1 3 5
20 23 2
20 23 5
6 8 4
10 15 3
7 7 5
2 5 1
15 17 5
7 8 4
4 7 3
0 3 3
15 19 1
1 4 1
16 20 2
16 20 3
17 21 3
14 18 1
11 15 2
19 20 3
0 3 5
2 4 4
23 2 1
11 15 5
21 0 3
14 18 4
22 23 2
1 3 3
4 5 5
21 23 4
2 5 3
11 14 1
9 13 1
5 10 1
23 2 3
12 14 4
8 11 1
6 11 1
7 11 1
3 5 3
22 0 4
17 20 1
4 6 2
21 0 2
8 12 3
13 16 5
4 6 1
2 5 4
15 20 3
10 16 4
9 11 2
14 16 4
1 4 1
15 19 3
21 22 4
23 3 4
10 13 2
5 7 4
20 0 3
18 20 3
14 15 1
7 10 4
4 6 1
16 19 5
22 0 3
13 17 3
15 19 1
19 22 3
22 1 5
0 2 1
12 14 3
22 1 3
17 20 4
20 2 1
12 16 5
18 23 5
18 22 4
16 19 2
10 13 4
10 13 2
18 21 4
0 2 2
16 19 4
8 13 2
3 6 3
3 6 2
1 4 4
1 3 3
8 11 4
23 1 3
4 7 5
7 9 3
10 14 4
11 14 3
21 23 5
1 4 3
