1450 17
7 7 10 4 9 7 10 1 7 3 2 6 10 8 3 6 4 
19 22 9
7 10 5
3 5 17
16 17 11
11 13 7
4 9 14
17 20 6
12 14 10
23 2 4
10 12 1
14 17 3
0 1 1
21 0 1
22 1 14
14 19 9
20 23 5
9 14 3
6 11 15
3 6 4
4 7 16
8 12 2
11 14 15
3 8 11
10 13 17
1 3 2
18 20 11
19 22 12
15 16 3
1 5 11
16 19 8
4 7 15
8 14 8
15 18 2
16 21 16
16 19 17
9 11 5
7 10 12
0 3 5
19 21 2
23 2 9
11 14 4
18 20 4
3 6 16
21 1 2
19 21 11
6 7 13
15 17 5
23 2 3
10 13 16
13 16 2
6 8 14
0 5 6
13 18 1
5 7 6
6 10 2
19 22 17
21 22 10
1 4 7
13 15 17
16 20 7
20 22 14
23 1 7
0 3 2
14 15 12
2 5 7
3 7 6
0 3 11
8 12 5
10 14 9
15 18 8
7 9 11
10 13 1
11 14 6
1 4 7
0 1 14
8 11 3
21 0 11
13 18 2
19 21 15
16 20 9
9 10 13
8 12 14
19 21 6
2 3 14
19 23 4
13 15 2
9 12 6
15 18 14
9 13 1
13 17 10
19 23 16
11 13 14
19 22 3
20 22 2
13 16 6
12 15 8
18 19 14
9 13 14
6 9 8
10 12 14
16 20 11
2 6 13
13 16 9
7 8 17
16 20 16
1 2 10
7 10 9
1 5 7
7 11 1
20 23 12
2 4 10
1 3 14
21 0 3
1 5 4
19 21 15
5 9 16
18 20 3
15 20 10
0 2 8
7 10 4
17 20 2
16 19 13
19 0 17
13 14 13
11 13 6
16 19 15
5 9 1
1 4 9
3 5 1
13 17 12
12 14 16
8 11 7
4 7 1
16 19 9
11 16 15
12 15 10
8 9 2
12 16 9
23 2 11
18 20 2
17 19 10
13 16 3
10 14 12
7 11 13
2 6 6
9 12 10
2 4 7
10 13 15
0 3 15
11 12 7
3 4 9
23 2 17
12 18 7
11 13 8
7 11 10
14 16 1
20 22 12
1 4 5
15 19 15
7 10 3
14 19 8
20 0 7
16 18 12
5 6 16
22 2 11
9 11 3
16 19 7
22 3 17
7 10 1
22 2 10
17 20 5
8 10 17
15 19 7
17 20 2
17 20 11
15 18 13
17 19 6
13 18 1
10 12 11
21 1 8
6 9 4
17 19 17
16 19 12
17 19 2
16 20 8
16 19 17
21 2 7
5 8 14
21 0 10
0 5 14
19 23 14
5 7 10
2 6 9
23 1 10
19 23 2
1 6 8
6 9 4
15 19 6
2 5 17
7 10 17
18 19 16
7 10 7
22 2 4
6 9 5
20 0 14
22 1 14
17 18 11
2 5 2
4 8 7
16 20 10
20 22 2
1 4 4
5 6 9
13 17 12
5 8 9
6 9 4
18 22 8
4 6 1
8 10 1
3 6 9
16 19 1
3 8 8
0 3 7
17 20 8
18 20 4
15 17 12
21 1 4
8 12 14
16 19 11
7 9 6
9 11 10
14 17 15
1 5 13
14 17 16
5 8 12
20 22 3
22 2 13
19 22 17
7 10 15
16 19 13
4 8 14
1 2 11
16 19 16
3 7 4
12 16 1
20 23 2
18 21 16
8 12 1
10 15 8
15 20 3
9 11 6
17 20 17
15 17 12
0 4 1
8 13 15
20 21 8
12 16 15
1 4 11
3 6 15
5 7 1
4 7 9
11 15 5
3 7 4
10 13 17
19 0 6
19 22 13
1 4 11
23 1 4
0 4 14
14 16 10
18 22 9
17 19 14
6 9 13
17 21 17
4 6 7
1 3 2
1 4 11
19 21 11
7 9 15
18 20 12
15 18 15
6 10 13
2 5 17
6 9 12
16 18 14
8 12 12
15 19 2
18 21 1
4 6 3
8 11 2
16 20 10
14 18 16
16 19 2
6 10 1
1 4 2
4 9 7
10 13 2
1 2 1
15 18 4
20 23 5
10 14 12
20 22 5
14 18 5
3 3 11
14 15 10
22 1 3
9 12 15
13 18 17
14 17 5
17 20 12
6 10 11
1 4 12
15 18 17
8 11 10
10 14 11
3 7 3
15 20 17
21 0 15
6 10 17
6 8 13
12 13 4
8 11 6
21 0 8
12 15 6
11 14 8
8 11 15
14 18 1
1 5 3
8 12 6
19 22 5
17 19 1
23 2 10
3 4 15
7 9 9
14 17 16
11 14 16
22 0 9
3 8 2
11 15 5
22 3 9
7 9 14
9 13 5
13 16 6
21 0 13
2 5 16
5 8 2
9 14 12
0 4 10
7 10 9
0 3 14
20 23 6
5 7 15
20 22 4
22 0 2
9 12 15
9 12 10
15 18 3
19 22 15
21 23 4
14 18 12
9 14 15
11 13 1
16 18 8
5 9 14
14 15 17
12 16 8
14 18 6
9 12 3
15 19 8
4 7 7
11 14 12
13 15 9
13 16 14
15 17 7
22 1 3
0 2 5
16 19 10
17 20 10
17 20 7
12 16 17
5 8 7
18 21 14
7 10 17
17 21 9
22 1 3
1 4 15
16 19 16
12 16 1
19 21 15
21 0 15
22 0 1
19 21 10
1 5 10
12 13 12
19 22 16
12 16 6
20 0 7
10 13 14
16 20 5
13 16 6
11 13 7
11 15 16
3 6 16
21 22 17
0 2 1
20 23 8
13 17 17
3 5 8
17 20 3
0 1 3
18 22 3
21 0 15
10 12 9
1 3 11
7 11 11
16 19 2
1 5 15
12 14 7
9 12 6
16 17 11
12 14 7
3 6 9
5 8 2
3 9 17
19 22 9
10 12 7
19 21 10
4 6 6
5 9 14
8 10 2
19 22 2
9 10 13
16 20 14
14 15 1
23 1 16
9 11 16
6 9 1
17 18 14
22 2 1
8 9 1
9 11 17
19 21 17
18 22 11
1 3 11
9 12 4
5 7 13
14 15 5
2 5 3
19 21 9
23 3 4
7 11 3
4 8 13
1 5 11
8 12 7
21 1 11
19 22 17
23 2 2
3 8 9
3 6 12
14 17 6
8 11 14
7 11 4
11 13 10
17 22 2
5 7 16
22 2 7
5 9 15
22 0 8
10 12 17
7 11 5
3 6 9
17 20 17
10 13 3
11 15 5
22 1 10
3 6 15
3 8 5
11 15 2
19 23 8
22 3 15
19 21 13
4 8 10
3 6 5
10 12 7
2 6 16
12 15 15
9 12 2
5 8 2
18 23 7
0 2 7
16 19 3
13 16 3
11 15 15
16 20 8
1 5 10
1 5 12
20 23 9
19 22 10
4 7 1
9 12 14
16 18 6
22 0 13
20 23 10
17 20 1
1 4 8
22 1 14
22 0 4
2 4 9
13 16 1
1 5 15
16 20 3
23 4 9
3 5 12
10 13 4
4 5 1
20 22 6
23 3 5
14 17 9
2 5 17
12 15 5
17 20 5
2 7 14
9 11 11
18 22 14
6 7 13
15 18 12
15 18 13
19 21 5
16 19 14
8 10 3
17 19 3
21 1 6
21 0 4
1 6 14
0 4 13
23 1 1
18 21 6
8 9 1
20 23 12
5 9 8
15 18 12
9 12 4
13 17 10
10 13 15
5 9 15
17 21 1
6 8 14
18 21 9
8 11 14
19 21 2
12 15 10
14 19 12
15 17 9
14 17 13
20 22 13
11 15 15
11 16 12
9 12 10
22 2 14
21 1 2
23 1 15
22 2 16
16 19 5
4 4 8
1 3 10
6 9 2
17 22 8
11 13 17
16 20 1
10 14 7
7 11 16
4 7 14
9 10 12
10 14 6
21 1 3
20 23 5
19 20 15
9 12 15
18 23 17
15 18 11
21 0 12
14 17 7
6 8 3
23 1 11
22 0 11
8 11 2
8 10 15
3 8 8
5 7 12
4 5 8
2 4 14
5 8 11
5 8 13
3 7 4
7 10 17
6 8 15
16 19 13
20 23 8
12 15 12
2 4 5
5 7 8
15 19 10
13 17 17
7 12 8
12 15 9
6 8 12
18 21 5
8 11 6
22 1 3
16 20 6
16 20 10
2 6 16
6 10 1
12 15 6
9 13 9
13 18 7
1 5 4
23 2 10
13 16 6
20 21 10
22 1 12
4 7 16
18 22 16
19 0 8
1 1 5
5 7 9
0 1 4
18 22 7
5 10 13
2 6 3
9 11 12
7 11 9
21 1 17
8 11 6
10 13 13
20 0 11
9 12 6
9 11 1
23 2 7
15 17 12
5 7 1
11 14 2
13 16 4
13 15 12
3 7 10
20 23 11
6 9 12
17 19 12
17 19 15
12 14 15
2 5 13
5 8 15
19 23 12
6 11 14
19 21 15
5 8 10
0 4 17
16 19 15
3 4 14
13 19 2
22 1 15
3 6 17
15 18 2
21 0 15
18 20 15
13 17 9
0 2 10
5 6 9
8 12 9
9 14 10
15 17 15
10 13 2
14 17 16
20 23 4
3 7 16
3 7 14
19 22 1
10 12 17
21 0 16
1 4 5
17 19 15
20 23 11
1 4 11
17 18 4
16 19 2
4 5 17
17 21 11
5 8 11
5 8 7
7 10 4
6 9 17
22 1 5
6 10 5
10 12 8
23 2 12
11 14 14
9 12 10
20 0 14
0 3 8
8 11 15
12 15 7
12 16 4
21 1 14
19 0 12
8 12 17
17 19 13
21 1 6
20 22 10
21 2 7
4 6 2
4 7 11
11 15 1
7 10 2
20 22 3
21 0 4
10 14 15
3 6 2
2 5 5
12 15 13
23 3 5
7 10 14
21 0 10
20 0 6
16 19 11
5 8 6
11 14 9
22 0 6
6 8 16
17 18 16
19 22 14
4 8 4
21 1 14
4 9 9
2 3 9
6 10 12
11 15 4
17 21 9
12 14 10
20 22 15
22 2 3
17 19 7
1 4 8
19 23 14
7 11 11
7 10 1
11 14 6
15 18 11
22 1 9
8 12 14
1 4 6
8 12 3
18 19 1
16 18 9
22 1 10
18 21 13
20 0 6
20 0 5
7 11 9
6 8 8
18 20 7
11 13 3
1 4 17
14 17 4
9 11 1
4 7 6
0 4 11
20 23 5
9 13 7
5 8 8
13 17 5
8 10 10
4 9 7
4 8 6
12 14 5
15 18 5
3 7 12
8 10 9
15 19 10
12 16 6
17 20 14
11 13 2
20 23 10
13 14 16
13 17 1
18 20 2
17 21 8
0 4 11
20 1 8
12 15 11
9 11 10
19 21 6
1 5 17
2 6 4
23 1 6
5 10 4
19 23 9
3 5 11
6 9 7
22 0 12
20 23 1
21 1 8
8 10 17
22 0 9
12 15 9
2 5 16
15 17 16
1 3 12
10 12 17
7 11 4
4 9 3
6 9 12
18 21 10
18 20 9
14 17 12
7 10 17
20 23 4
23 1 6
16 20 7
22 1 17
4 7 5
7 10 6
14 16 4
14 17 2
9 10 6
5 8 3
18 22 11
19 20 6
12 15 7
3 6 12
5 8 8
9 13 5
23 1 3
10 14 15
3 5 14
18 21 2
13 17 16
5 8 14
12 14 9
0 5 14
14 16 8
10 11 1
1 3 5
3 7 6
22 1 8
17 20 11
14 17 3
9 11 8
16 19 11
4 9 11
15 19 6
4 7 10
11 13 16
20 0 8
21 22 5
4 6 14
12 16 11
20 0 13
6 8 3
20 23 13
22 4 16
12 15 2
15 17 8
3 7 16
23 4 9
17 20 14
0 5 9
18 22 6
6 8 10
21 1 10
10 13 17
22 23 11
14 17 13
1 5 5
17 18 13
13 16 7
19 23 3
16 20 12
22 1 14
17 19 14
5 8 4
18 20 15
7 11 11
18 20 7
12 16 14
14 17 2
16 18 10
7 13 12
16 20 2
5 7 6
18 20 1
21 2 12
22 23 17
8 12 14
17 23 1
9 12 14
20 22 2
6 8 11
19 22 4
11 13 11
0 3 3
15 17 6
4 9 6
11 15 3
7 10 6
17 20 4
22 2 9
20 23 10
10 14 15
0 2 17
16 18 10
5 8 15
20 22 14
2 5 5
4 7 14
2 5 10
22 1 1
3 7 11
3 6 4
22 2 11
18 20 15
8 11 9
14 17 10
10 14 5
18 21 12
4 7 17
0 3 15
16 19 14
11 16 1
10 13 14
7 10 3
23 0 3
18 20 4
0 3 11
19 22 8
21 0 13
13 17 3
2 5 3
13 15 9
5 7 9
9 12 9
2 7 17
0 5 14
0 4 14
21 23 15
10 14 12
1 3 11
18 21 14
14 19 7
8 11 17
10 14 3
4 5 17
4 7 17
15 19 15
22 2 6
0 5 17
9 12 9
15 19 3
6 10 13
23 2 8
22 2 7
14 16 1
13 17 16
23 2 15
18 22 3
21 0 17
4 7 17
1 5 6
10 11 1
0 5 8
23 1 13
8 12 3
6 11 2
14 17 15
5 10 12
23 2 2
5 8 1
10 14 15
6 8 17
10 13 17
2 6 14
22 2 10
7 9 10
13 16 14
12 15 1
18 21 2
17 20 1
19 21 4
3 6 7
20 23 17
0 3 1
17 20 4
9 11 2
10 14 5
16 20 1
7 9 9
22 2 10
3 6 17
3 6 4
1 5 2
14 18 16
15 19 8
7 10 2
7 10 1
8 12 3
19 21 8
10 14 14
23 1 10
2 6 11
20 0 7
5 9 14
16 18 5
20 23 14
17 21 12
10 14 2
16 19 10
13 16 14
14 17 8
20 22 11
0 3 7
15 19 4
15 16 1
23 3 9
22 2 14
9 11 8
21 23 14
2 4 17
21 2 13
23 4 6
11 13 8
19 23 4
2 4 5
15 17 9
1 4 17
11 14 15
8 10 11
3 8 13
23 2 3
11 15 13
2 7 12
0 5 16
23 3 7
18 21 5
18 22 16
6 8 17
5 9 6
16 20 6
17 22 2
6 8 2
3 7 16
9 13 5
14 17 14
23 2 14
5 6 3
6 9 14
18 21 6
2 4 8
12 16 12
9 11 15
9 11 1
2 5 15
15 18 17
6 8 15
12 15 7
13 18 9
23 3 6
5 9 10
22 1 4
13 18 14
3 8 15
0 4 5
3 4 2
8 13 11
2 6 3
21 1 9
18 22 8
18 22 4
6 12 10
18 21 5
1 4 2
13 16 7
7 9 3
12 18 6
3 5 3
13 17 16
3 7 9
19 21 3
10 13 17
21 23 17
7 10 8
2 4 8
22 0 13
7 9 11
18 20 15
2 6 14
18 20 7
7 10 9
7 10 4
21 1 3
11 16 17
11 13 14
5 8 4
5 7 1
10 13 10
22 1 12
15 17 15
6 10 5
15 18 15
20 0 13
11 14 11
23 3 5
11 16 9
2 3 15
14 18 9
19 23 7
3 6 16
10 13 12
6 11 7
1 5 12
15 18 4
22 2 11
0 3 16
20 0 17
9 13 17
9 11 10
22 0 4
21 22 4
15 19 10
16 19 14
17 20 17
14 18 14
7 9 15
11 13 6
22 1 9
8 13 5
0 3 10
6 10 17
21 1 13
13 15 5
12 14 12
17 21 2
0 4 11
5 9 8
13 17 2
10 13 1
3 6 2
15 17 15
5 7 11
5 8 12
8 10 12
17 22 13
0 3 7
1 3 8
1 5 1
9 11 12
7 9 1
14 18 9
17 19 13
18 20 7
5 8 3
4 8 15
12 16 4
13 16 6
16 19 11
2 5 7
0 3 8
10 15 12
20 23 2
16 18 13
21 0 16
3 6 1
11 15 13
12 15 3
19 21 8
23 1 16
15 19 16
18 21 3
8 12 3
1 3 3
2 4 4
18 19 16
15 19 3
21 1 1
8 10 5
7 11 10
6 8 5
7 11 7
14 17 4
23 3 16
2 4 11
1 3 14
4 7 16
10 12 17
1 3 8
16 19 8
14 17 2
19 22 12
3 5 2
7 8 2
7 11 13
8 11 16
14 18 8
17 21 13
20 23 2
8 12 7
9 12 3
17 20 8
7 11 15
5 7 2
16 18 8
6 11 15
19 21 1
11 14 16
15 18 8
6 8 10
17 21 6
17 21 6
20 23 2
7 9 1
15 17 12
1 5 1
2 5 7
0 3 13
8 12 11
16 19 13
7 9 5
16 21 7
19 23 3
3 5 15
18 21 11
0 1 10
21 2 1
14 16 9
18 20 13
21 1 5
5 8 17
12 15 17
2 5 6
17 20 8
3 7 5
21 1 15
1 2 1
23 3 4
2 6 12
7 9 16
19 22 11
11 15 15
16 19 2
22 0 5
1 5 10
20 23 7
1 4 2
7 9 6
6 10 15
0 4 2
7 12 14
3 6 4
19 23 5
16 20 2
7 10 16
9 12 13
7 10 2
6 8 15
10 14 2
22 0 3
8 10 15
18 21 10
17 21 5
14 17 7
21 2 6
8 10 5
20 23 14
8 11 17
20 23 14
7 9 4
17 20 10
6 9 17
11 14 16
20 23 7
2 5 9
1 4 1
6 8 14
6 8 11
1 4 3
4 6 12
13 16 3
3 7 17
15 18 2
7 11 6
9 13 11
8 9 14
13 17 2
16 17 2
8 9 4
7 9 2
7 11 9
12 14 11
2 6 1
6 7 5
14 17 1
2 6 3
15 19 14
13 15 5
16 18 16
10 12 4
4 8 14
15 18 14
23 0 5
7 10 17
23 1 15
1 3 6
5 9 15
18 21 13
23 0 14
21 0 9
19 22 14
15 16 17
13 15 10
5 8 7
18 21 3
6 8 8
7 10 15
21 1 4
19 0 1
1 3 13
11 13 3
15 19 5
10 14 15
14 18 13
18 20 16
18 20 10
16 16 2
23 2 13
16 18 2
4 9 7
21 1 16
16 20 7
19 22 13
15 17 1
1 3 17
1 5 2
14 17 7
10 11 17
7 9 11
22 0 13
14 19 16
10 14 16
3 6 11
9 12 15
5 8 11
14 17 6
3 6 9
4 7 5
12 14 15
17 20 16
14 17 15
15 18 5
0 4 10
13 14 14
20 23 14
21 2 2
2 5 15
9 14 12
4 6 17
17 19 2
0 3 1
23 2 14
4 10 1
5 5 15
8 11 14
10 13 14
15 17 17
8 10 12
15 18 6
7 10 5
8 12 7
15 18 15
8 12 10
4 6 5
1 4 5
10 13 14
3 6 14
16 21 3
23 1 9
3 7 4
18 20 4
9 10 7
13 15 10
3 8 17
16 19 1
5 5 9
15 16 5
23 3 12
14 17 12
0 2 6
7 12 16
16 20 6
19 22 6
22 0 5
5 9 17
19 21 10
1 4 15
21 0 11
18 21 3
8 10 8
23 2 2
8 12 13
10 14 12
0 3 16
6 9 17
0 4 5
7 11 3
10 14 9
0 3 4
6 10 3
19 21 14
13 17 8
0 3 17
15 18 1
23 2 4
1 4 17
15 18 1
16 17 5
17 21 17
12 14 9
12 14 1
6 9 8
10 13 7
22 1 11
12 15 7
1 3 17
4 7 8
15 18 14
22 1 9
17 20 14
16 18 6
15 18 2
19 22 6
4 7 15
11 13 8
23 3 6
20 0 7
23 2 13
17 21 1
19 21 17
6 9 13
5 7 7
9 13 13
1 3 16
9 13 2
5 6 13
