1100 10
7 4 3 5 1 3 3 1 1 8 
9 11 10
16 18 8
4 7 10
16 19 10
12 15 7
16 20 7
16 20 2
9 10 3
22 0 7
11 14 6
1 3 7
6 9 9
10 13 4
23 3 10
17 20 6
16 19 2
2 5 3
2 5 4
3 7 7
16 19 2
13 15 7
7 11 9
2 5 10
6 10 5
8 11 10
12 14 7
22 3 10
2 6 5
3 5 9
0 1 8
16 19 9
12 14 5
1 5 5
4 7 4
13 16 6
3 5 1
2 5 4
19 21 7
9 12 5
21 1 1
15 18 4
2 4 7
8 11 5
12 16 6
4 6 5
17 19 6
9 13 10
3 6 2
20 0 6
0 3 3
22 23 8
18 21 8
16 19 8
3 6 7
3 6 5
2 6 3
5 8 8
18 20 10
16 19 7
13 15 7
16 18 5
12 16 2
5 7 4
10 13 2
23 2 8
15 20 4
14 15 1
1 5 2
19 21 5
19 21 9
22 1 5
4 6 10
5 7 8
15 17 3
18 19 3
0 2 7
14 18 4
14 18 8
11 16 9
19 22 10
17 20 3
2 4 8
13 17 10
6 9 3
9 11 1
18 21 2
2 5 3
0 4 2
3 7 1
15 17 9
0 3 3
0 5 2
1 3 5
4 7 4
0 2 5
22 1 5
23 2 3
10 14 1
17 21 6
0 3 8
6 9 7
7 10 1
11 14 5
4 8 2
17 21 3
13 17 6
7 10 4
23 1 10
18 22 10
8 12 6
1 5 1
17 17 7
5 8 8
19 21 7
15 17 10
15 18 9
6 9 1
23 2 9
21 1 8
1 4 10
15 18 6
1 5 9
22 1 3
13 16 3
12 15 7
5 9 3
0 2 9
5 7 1
11 14 6
11 15 8
17 18 5
18 21 5
15 19 2
11 15 1
19 22 6
14 17 1
18 22 8
15 19 9
14 17 4
23 4 1
15 17 10
4 8 6
3 7 4
4 7 10
19 23 9
6 8 10
19 23 4
2 5 2
13 16 2
13 18 9
2 6 10
0 1 5
22 2 1
1 4 4
13 15 2
8 10 10
9 12 9
16 19 7
1 3 6
22 2 7
1 5 3
2 5 3
20 0 10
13 17 7
22 2 10
8 10 4
8 12 8
0 5 4
8 10 1
4 6 4
4 7 7
11 14 8
10 14 1
9 12 9
21 23 10
0 2 9
19 23 3
20 0 6
1 5 3
2 4 3
2 7 9
17 19 8
12 15 7
15 17 9
9 12 8
13 14 7
5 8 8
13 18 4
21 21 9
7 10 10
9 12 8
5 8 3
15 19 10
22 0 3
10 12 4
21 23 8
9 13 10
6 10 5
16 21 8
23 4 2
10 14 9
17 19 10
20 21 7
14 17 7
0 4 10
23 2 9
20 1 8
18 22 4
1 3 7
8 11 5
20 23 5
22 0 4
7 11 2
16 19 7
7 8 3
0 4 8
6 8 5
7 11 6
11 18 9
13 14 6
10 13 1
10 15 5
17 19 1
14 19 6
19 21 1
7 11 9
1 6 10
10 13 3
4 6 9
6 10 5
2 3 7
1 5 5
15 18 8
8 10 1
14 17 8
10 13 1
2 4 1
21 0 10
16 19 2
20 21 4
19 23 7
22 0 2
20 23 9
9 13 8
20 21 7
20 23 7
23 2 8
12 16 1
14 17 6
17 20 10
22 0 10
0 4 6
4 7 3
5 9 7
6 8 7
20 22 9
15 20 1
10 13 4
19 22 4
22 2 8
3 7 6
20 21 7
15 17 9
21 22 1
5 7 2
17 20 3
17 20 4
16 19 8
16 19 3
5 10 10
3 6 1
8 10 8
10 13 9
13 17 8
22 1 10
7 9 10
22 2 9
18 22 8
9 12 2
1 6 5
8 11 2
16 18 7
14 17 2
9 12 7
6 10 10
13 17 3
1 4 8
7 11 9
21 0 2
13 16 2
11 15 4
6 8 5
3 5 9
19 23 9
7 11 3
3 6 2
11 14 1
1 4 7
16 19 10
23 1 7
5 8 3
12 15 5
14 17 7
17 20 3
21 1 4
11 14 8
13 16 6
10 14 10
10 12 5
5 9 6
11 13 5
4 7 4
8 12 6
3 5 5
19 21 2
5 7 2
16 18 8
6 8 3
17 18 5
23 3 8
15 19 1
12 15 2
5 7 8
14 16 8
7 11 8
0 3 10
10 13 7
4 6 1
15 18 2
5 9 6
21 1 5
22 2 8
5 8 8
8 12 3
3 6 7
4 8 6
6 10 10
3 6 3
16 20 1
8 10 1
6 7 10
16 19 2
3 6 1
12 15 5
10 13 4
15 17 4
19 23 2
5 7 8
2 5 3
14 17 2
8 12 7
12 15 3
22 2 5
8 11 8
23 3 8
21 0 5
10 13 7
6 10 5
6 9 8
12 15 1
13 17 6
19 20 1
12 14 10
14 17 4
8 14 10
2 4 3
13 16 9
11 12 8
12 15 3
21 23 9
9 12 1
1 4 10
1 3 2
12 14 9
22 1 8
8 10 5
21 0 10
2 5 8
18 21 8
6 9 4
14 17 5
23 2 5
16 19 5
0 2 7
15 18 6
9 13 9
12 16 7
1 3 7
11 14 10
16 20 2
10 14 9
22 2 6
5 8 2
3 5 10
17 19 8
11 11 3
16 20 7
2 6 6
21 0 6
2 3 4
4 8 5
4 5 6
11 13 1
1 4 2
10 14 3
23 2 6
4 6 10
2 4 10
11 15 8
2 5 8
7 11 8
21 1 6
12 14 6
6 10 4
12 16 10
6 8 4
6 10 6
22 0 2
10 15 6
20 22 5
2 4 6
14 16 10
3 6 1
13 17 3
17 19 5
9 12 10
13 16 8
0 3 2
10 14 9
15 18 9
1 3 7
21 23 7
10 12 2
18 21 5
22 2 9
20 22 9
6 11 6
23 2 9
23 2 9
13 17 1
0 2 2
1 4 1
3 6 2
6 9 6
11 13 5
7 11 4
21 0 9
13 15 5
20 1 10
7 11 9
11 13 7
21 0 9
12 16 2
23 3 1
5 7 3
2 6 8
21 23 6
7 9 3
7 9 6
9 12 4
20 0 3
23 3 10
8 12 6
4 7 2
13 18 2
16 22 2
0 3 10
18 23 10
18 20 6
0 4 3
16 19 5
17 20 2
22 0 8
16 19 2
3 5 9
3 6 5
2 5 5
4 9 9
9 12 9
15 18 2
1 3 7
6 10 2
23 2 6
20 0 3
11 17 9
6 9 8
5 8 1
15 17 8
8 11 6
21 0 5
0 4 10
12 16 9
1 5 7
4 7 6
5 9 5
18 20 9
2 5 10
22 1 6
22 1 2
20 23 1
0 3 1
20 23 9
13 15 1
0 1 1
13 16 9
18 22 2
8 11 5
2 5 6
6 8 6
5 9 9
10 14 10
14 17 6
2 5 7
1 5 4
6 8 7
3 6 4
19 22 4
6 8 3
15 16 9
19 22 5
20 22 3
13 16 1
15 19 1
14 17 10
23 1 7
14 18 1
21 23 1
22 1 1
12 14 2
1 5 6
17 22 7
3 6 4
17 19 1
11 14 2
1 2 10
11 13 3
5 8 7
17 19 1
12 16 4
12 14 4
23 4 4
22 2 3
3 7 10
16 20 7
5 8 6
21 1 10
23 1 1
5 8 3
6 7 9
17 20 5
21 23 3
8 12 10
20 23 3
20 1 9
0 4 3
9 12 9
9 10 3
9 13 8
18 20 8
18 20 9
3 6 2
7 10 4
3 7 3
20 23 7
5 9 7
23 3 2
4 8 9
17 20 4
23 3 9
15 17 1
4 5 9
5 9 8
1 3 6
14 16 4
23 1 4
3 8 4
16 19 3
6 10 2
7 8 6
16 18 8
7 11 9
5 7 9
8 10 8
17 21 7
20 0 9
8 10 6
2 6 2
11 14 8
4 5 7
11 14 1
10 13 3
3 5 6
19 23 10
16 20 2
6 9 2
13 17 4
20 23 1
2 4 5
2 6 3
2 5 3
7 9 9
18 21 9
12 15 6
0 4 8
14 18 9
0 3 6
15 19 3
11 14 4
0 3 1
12 17 3
2 4 8
6 9 4
3 7 5
13 16 2
19 22 9
9 13 2
1 4 4
2 6 9
4 7 6
6 9 8
15 17 9
16 19 10
2 5 10
12 15 6
11 15 4
7 10 5
22 1 9
5 5 7
23 2 7
7 9 5
7 12 5
20 0 10
14 17 8
7 11 1
3 6 9
8 11 10
2 5 4
17 21 8
2 5 7
8 9 3
9 11 2
23 2 10
23 1 4
15 18 1
18 21 1
21 0 1
0 3 8
4 8 4
16 20 6
2 6 7
2 4 3
13 17 2
17 20 4
17 20 8
23 2 6
3 4 5
15 19 5
17 19 7
6 9 7
7 9 5
18 20 2
21 23 2
9 11 2
20 21 2
23 2 3
3 5 6
19 21 3
17 21 2
5 9 6
18 22 6
9 13 3
5 9 7
7 12 3
8 11 9
0 3 4
12 15 3
13 16 3
20 22 10
20 23 8
11 15 7
18 22 6
16 19 5
9 11 4
17 21 10
6 9 3
12 16 4
4 6 4
15 18 3
11 16 2
15 18 8
6 8 5
6 10 7
6 8 8
1 3 9
6 7 9
9 11 2
12 15 2
20 21 2
14 16 10
3 5 2
23 2 7
10 13 8
22 1 3
16 20 3
21 22 10
0 2 2
7 10 3
0 3 2
3 4 2
10 12 5
23 2 10
0 2 4
9 12 4
3 5 7
11 15 5
4 8 2
14 16 4
11 13 10
11 17 7
12 15 2
13 15 7
12 16 5
6 9 8
8 9 7
3 7 2
11 14 3
14 16 10
3 6 4
6 8 10
2 5 2
7 10 4
13 15 8
0 3 3
23 2 5
6 9 10
17 21 5
8 11 5
13 14 7
3 8 8
8 12 2
2 3 2
5 8 1
12 16 7
7 11 8
19 22 2
1 3 3
1 3 10
14 17 10
12 15 5
13 16 10
22 0 3
6 7 8
3 7 9
9 11 8
21 0 2
1 4 5
3 5 10
5 7 10
10 14 1
11 15 9
9 10 6
11 13 9
12 17 3
8 11 1
20 23 2
14 17 8
7 11 7
22 1 1
15 18 2
20 23 6
13 15 10
22 1 5
4 8 4
20 0 10
18 20 1
10 13 1
18 21 7
23 1 4
10 15 6
6 9 2
9 14 3
19 21 6
9 13 8
13 17 3
17 22 4
22 1 7
3 6 9
10 14 9
19 0 8
22 0 10
13 16 4
12 13 4
5 7 6
1 5 2
10 14 5
11 15 10
17 19 1
23 2 2
8 12 6
18 20 9
15 17 5
23 3 1
5 8 9
23 1 7
10 13 10
12 15 7
2 5 8
11 14 8
6 9 1
20 0 8
15 17 6
23 2 10
14 14 1
17 18 8
9 12 6
20 0 4
11 15 1
2 6 5
15 18 8
3 6 7
19 22 3
15 16 1
19 22 9
14 17 5
21 0 9
18 20 10
2 4 9
15 17 6
6 9 2
12 14 9
20 22 10
3 6 10
15 19 1
18 21 9
1 4 2
19 23 6
22 0 6
11 13 8
3 5 4
15 20 4
22 1 2
20 23 4
18 21 1
7 9 10
12 16 7
15 16 8
20 22 9
12 15 7
21 1 4
2 4 8
6 9 5
17 22 1
1 5 2
18 22 4
21 1 5
4 5 8
11 13 5
13 16 2
22 2 8
11 13 1
0 4 1
7 10 3
22 1 10
9 12 2
13 17 1
18 21 4
11 14 10
2 7 7
12 16 6
13 17 9
22 2 3
19 22 8
6 8 9
19 21 2
8 12 9
13 16 4
12 16 4
13 15 4
16 18 3
22 1 8
6 10 3
14 17 2
11 15 2
11 16 10
7 10 8
16 21 2
5 7 8
3 5 5
5 7 6
19 21 10
4 7 9
12 15 7
0 5 9
21 1 1
17 19 10
12 15 1
17 23 3
8 12 6
15 17 7
13 16 3
10 11 5
13 15 1
6 9 2
13 17 5
10 13 8
21 0 8
17 19 1
17 20 6
1 5 8
7 8 10
18 21 4
5 7 2
17 21 3
13 16 7
12 14 6
18 20 10
17 19 8
11 13 6
8 12 10
20 0 9
13 15 6
7 8 4
23 1 9
22 1 9
23 0 10
18 20 2
6 10 9
12 15 8
22 2 5
18 20 4
10 12 6
18 20 8
16 19 9
15 17 7
14 16 7
18 21 8
12 16 3
19 23 9
16 19 8
0 2 2
0 4 3
23 3 2
10 13 6
13 17 3
11 15 7
23 1 1
12 16 2
18 21 7
11 13 5
9 12 1
9 12 2
5 9 2
11 14 4
15 18 6
10 12 5
18 22 3
18 21 9
19 22 9
16 19 3
11 14 5
19 20 8
13 16 9
5 8 10
4 7 7
20 0 4
2 5 9
16 19 6
16 18 4
17 18 3
8 11 7
19 22 7
6 10 10
3 5 9
9 12 10
11 14 7
21 1 2
7 10 6
15 18 9
12 14 10
1 4 10
0 3 6
1 3 3
3 6 3
9 12 4
20 22 9
2 6 4
3 6 3
1 3 7
9 10 5
22 1 2
16 18 4
5 9 1
16 20 9
0 3 7
19 22 5
0 2 5
10 12 9
19 21 6
18 21 8
7 10 8
7 10 6
17 18 8
20 22 4
13 17 9
23 3 4
10 12 8
16 19 3
12 14 4
18 19 7
4 7 8
1 5 6
8 10 8
4 6 1
15 19 1
22 1 7
11 14 1
14 18 3
12 16 10
1 4 8
8 11 9
20 23 7
18 22 6
2 6 3
22 0 1
5 8 4
16 18 4
1 4 10
9 13 1
14 18 7
3 7 5
15 18 8
3 6 6
20 0 5
3 6 4
13 16 1
19 22 2
0 2 2
11 13 2
5 7 7
1 3 9
21 0 4
1 4 2
13 16 6
0 2 4
6 9 6
2 5 10
20 1 9
20 22 2
5 8 10
13 16 8
5 9 10
1 2 8
4 7 10
1 4 2
8 8 7
11 16 6
6 10 5
23 2 4
10 13 3
8 11 2
7 11 5
11 14 5
13 16 2
14 17 9
10 14 4
7 11 2
11 13 8
4 8 10
17 20 3
7 8 9
8 11 6
4 8 3
19 23 6
11 13 6
23 2 10
13 15 10
21 21 9
3 6 7
15 17 9
12 15 5
7 9 9
19 21 7
16 18 5
11 13 5
8 11 2
10 12 6
21 0 10
23 3 9
2 4 6
3 7 5
17 21 9
5 10 10
17 21 9
16 19 4
16 20 5
11 13 4
19 23 10
19 20 4
10 12 8
14 17 4
