450 7
8 9 8 7 7 5 9 
22 1 6
14 19 7
7 10 4
11 14 7
1 7 4
3 7 5
16 18 5
13 15 6
22 3 6
7 9 6
9 13 3
13 15 1
14 17 6
2 3 1
12 13 3
21 0 5
13 17 6
7 9 4
14 17 2
0 3 3
12 17 1
8 10 3
20 23 4
22 0 1
6 8 7
20 22 5
23 4 6
10 12 5
19 22 5
3 5 3
10 14 7
4 8 4
11 14 4
4 7 7
18 21 6
19 21 6
14 18 3
6 12 5
16 18 1
7 10 3
3 5 3
0 4 6
10 14 5
3 6 4
17 19 5
13 16 6
13 15 7
13 17 6
8 12 1
11 13 5
9 12 6
9 12 1
16 19 6
22 1 7
18 22 5
19 22 3
8 11 6
14 16 1
23 4 6
5 8 2
11 15 5
12 15 1
9 12 2
8 10 2
13 17 2
9 12 7
19 21 7
17 20 2
2 7 4
11 14 6
13 17 6
13 17 4
18 21 1
2 5 1
8 13 2
2 6 5
2 3 3
20 0 4
19 20 6
10 12 7
11 11 3
20 21 2
3 6 1
9 13 4
5 8 2
21 23 5
6 8 3
14 17 6
6 9 3
8 12 2
20 0 7
22 1 1
0 3 4
15 18 5
16 20 4
1 5 4
7 9 6
13 16 3
15 21 4
8 10 7
16 19 5
8 10 3
15 18 7
0 3 6
19 21 2
8 11 2
2 5 4
17 19 5
21 0 3
19 22 2
11 14 7
5 8 3
18 22 1
12 16 1
19 20 1
10 13 1
23 2 1
9 13 6
5 9 7
21 1 1
5 9 3
20 22 3
14 17 5
0 4 7
4 7 2
18 20 4
17 20 2
0 2 2
4 8 6
0 2 3
4 6 5
20 23 2
7 10 3
21 23 7
21 0 2
7 11 7
14 17 4
12 15 7
19 0 3
15 20 5
14 18 7
18 21 4
14 16 6
9 13 1
10 13 3
22 1 3
21 1 1
13 16 5
20 23 5
1 4 3
4 6 1
14 16 6
15 17 6
1 4 2
17 20 7
19 23 4
12 16 1
1 4 1
4 6 7
16 19 5
13 15 5
21 0 3
19 23 4
22 2 1
13 15 4
15 19 7
14 18 7
16 20 6
16 20 4
7 9 2
12 16 2
13 15 3
0 1 7
9 11 2
9 12 6
14 17 5
10 13 5
21 1 3
6 10 2
9 11 5
5 10 2
17 20 3
1 4 4
11 13 1
22 1 4
14 18 7
0 4 6
6 8 1
11 15 2
4 7 4
13 15 1
2 6 5
2 4 7
16 19 3
17 22 6
18 21 6
6 10 3
23 1 6
23 2 4
6 8 3
16 19 3
5 9 5
3 6 5
23 3 3
1 3 4
11 14 3
9 12 4
21 0 5
5 8 6
5 8 7
12 16 4
20 23 7
20 22 1
13 16 6
5 10 4
10 13 4
20 0 4
8 11 3
21 1 1
1 4 3
0 3 2
20 0 5
14 18 7
11 13 5
12 14 1
4 6 1
20 0 2
0 3 2
4 7 7
5 8 4
18 21 2
12 14 2
19 21 4
2 6 4
22 0 5
13 16 1
15 16 3
0 3 2
7 11 4
16 19 5
22 2 5
13 17 4
19 22 5
0 0 3
17 19 4
11 14 5
10 12 7
3 6 2
17 20 6
10 13 4
16 19 7
23 3 2
4 6 7
10 12 6
8 11 3
20 23 7
1 4 1
21 0 7
18 22 7
11 16 2
21 1 7
4 7 6
23 1 2
23 2 6
13 14 7
9 12 2
21 0 2
8 12 4
5 7 7
14 18 3
14 18 2
14 17 5
6 9 3
7 12 4
11 13 2
12 13 3
3 5 1
22 1 6
8 10 5
13 16 4
13 18 5
18 22 6
13 17 6
0 3 2
8 11 2
19 23 1
13 17 7
8 10 2
9 14 2
13 16 2
8 13 1
15 19 5
13 15 7
1 3 6
22 2 1
9 12 5
3 8 2
2 6 6
2 5 5
1 4 7
6 10 4
5 8 4
14 19 6
19 22 2
19 21 1
2 5 2
3 5 4
15 17 4
20 22 4
22 1 5
8 10 6
14 15 7
3 5 4
15 20 5
23 2 5
21 23 1
21 0 2
11 14 2
22 1 7
1 3 3
10 13 1
20 23 7
14 17 5
11 16 4
5 8 1
0 3 4
3 7 6
4 7 2
18 21 1
18 20 1
20 0 4
23 3 4
17 18 2
2 5 5
18 21 2
7 8 1
7 10 5
23 2 1
23 2 6
12 15 7
16 17 7
14 18 2
12 15 6
4 7 1
9 14 5
9 13 2
10 12 4
16 18 1
9 13 2
12 15 3
7 9 3
0 1 5
21 23 5
19 21 7
14 18 1
18 20 2
16 21 3
16 19 1
17 22 7
18 23 6
13 17 5
0 3 7
11 13 7
1 5 4
13 17 7
8 10 3
15 18 3
0 2 1
12 15 3
1 5 1
16 19 2
20 23 4
22 0 2
1 3 3
20 1 6
4 7 2
22 2 5
8 11 1
15 19 2
15 19 5
2 5 3
2 7 3
7 9 5
5 8 4
14 15 6
6 9 3
21 0 6
11 12 2
4 7 3
13 16 6
10 12 6
23 2 5
6 9 4
6 10 3
7 12 7
2 4 2
16 20 6
19 21 2
19 23 4
5 8 4
6 9 1
20 0 5
7 10 2
10 12 3
2 7 4
23 1 2
6 9 6
4 6 3
22 1 5
11 12 2
18 22 4
21 1 6
14 16 5
13 16 7
10 13 6
2 3 6
10 13 2
14 19 4
4 8 5
23 2 7
23 2 7
2 5 2
3 5 7
16 18 1
7 9 6
14 17 5
16 18 1
8 11 3
0 2 6
13 16 4
13 16 6
19 22 2
22 2 2
7 11 5
5 9 3
12 14 5
12 14 4
15 18 1
11 13 1
4 7 2
13 17 7
22 1 6
5 7 5
7 10 7
12 14 3
7 10 5
3 5 2
20 1 5
19 21 6
1 4 6
