150 19
5 5 10 1 7 7 2 3 4 8 5 7 2 7 1 10 4 1 8 
2 3 6
6 8 1
21 23 7
18 19 17
4 7 14
16 18 8
2 7 1
21 23 3
10 13 10
0 3 2
6 8 15
10 14 2
12 17 3
4 7 8
7 10 3
21 22 4
8 12 19
17 17 11
9 13 7
7 11 5
22 1 12
22 1 16
6 10 18
0 4 13
20 1 14
9 11 8
6 9 4
21 0 17
23 1 13
18 21 16
4 7 16
4 8 14
6 9 5
23 2 4
14 16 6
13 15 1
0 4 14
6 9 16
3 5 7
4 7 5
1 4 16
3 4 5
23 3 2
15 18 9
19 22 1
3 5 2
3 6 19
22 0 6
8 11 3
21 1 1
12 16 7
13 17 3
13 14 12
12 15 18
14 17 13
11 12 5
7 10 19
10 14 12
6 7 10
13 15 2
18 21 17
14 17 8
13 17 10
7 10 11
0 4 19
14 17 5
16 19 19
9 12 6
19 22 11
13 16 19
16 17 1
12 17 2
15 17 2
12 16 12
22 23 17
6 9 8
12 17 12
9 13 15
17 18 9
9 12 5
20 23 18
5 9 6
7 13 19
17 20 3
21 0 13
12 15 4
13 16 11
2 5 6
9 13 18
20 23 16
8 11 11
9 11 11
15 18 8
15 18 7
0 4 3
1 3 18
10 13 9
3 8 14
17 19 4
1 6 7
8 11 5
22 1 3
11 14 16
23 2 11
6 10 19
13 16 8
2 5 6
6 9 7
3 7 2
6 10 14
5 9 3
13 16 13
21 22 5
21 0 15
1 4 19
5 7 1
13 15 8
13 16 2
2 6 6
1 3 13
1 3 18
6 11 2
19 20 18
0 3 7
20 0 1
5 7 16
23 1 10
22 0 6
6 10 16
21 0 10
21 23 19
20 0 5
16 20 19
18 22 2
15 19 4
14 16 5
3 5 15
15 18 12
16 21 3
4 7 18
23 1 15
10 11 10
20 22 1
10 14 17
12 15 12
13 18 15
4 8 17
19 22 5
18 22 19
3 6 15
