1350 13
10 4 2 4 10 9 2 6 10 8 7 1 6 
6 10 1
11 15 4
13 16 3
10 12 8
8 11 2
18 21 10
8 11 2
6 7 2
1 3 11
12 17 6
6 10 3
12 14 5
6 10 13
16 20 8
21 23 2
15 19 11
1 5 4
11 13 12
5 7 5
1 4 10
4 8 9
4 7 6
1 4 1
0 3 11
12 17 11
23 2 3
0 1 6
10 13 6
4 8 4
17 19 2
1 4 8
5 6 10
3 8 2
23 3 10
4 6 9
13 17 10
12 15 12
4 7 12
3 7 11
20 23 9
17 21 4
1 5 13
10 14 5
20 0 4
17 20 2
5 7 2
1 4 3
7 11 11
16 21 1
18 21 3
21 1 9
20 22 13
3 6 7
14 16 12
9 13 11
2 5 2
20 23 13
6 7 5
15 17 7
0 4 4
8 10 10
0 5 10
4 7 3
19 23 5
17 20 7
2 4 8
21 0 6
11 14 1
23 3 12
15 18 13
5 6 11
5 9 1
12 14 6
7 9 3
18 20 5
2 5 6
23 3 9
3 5 8
8 11 6
9 12 4
18 20 10
1 3 1
10 13 11
1 3 12
0 4 5
0 3 2
21 21 10
8 9 4
5 8 12
13 17 10
12 15 10
19 22 4
5 9 1
14 19 10
23 3 12
11 14 9
12 15 13
8 10 12
4 4 6
22 23 8
16 18 2
7 11 9
12 16 8
2 4 12
3 7 6
19 23 3
13 16 6
14 17 12
1 4 8
20 21 13
10 13 10
16 19 13
4 8 10
15 18 7
14 17 11
20 23 6
12 17 3
17 20 2
19 22 3
8 12 9
13 16 7
5 8 5
21 23 12
1 4 5
4 7 2
4 8 11
19 22 6
18 20 3
14 16 13
10 12 2
17 19 5
13 16 2
10 13 11
1 4 11
23 3 6
22 0 8
18 21 13
9 13 12
22 0 11
20 23 9
11 13 8
0 3 12
16 19 11
2 5 1
6 9 13
20 0 1
21 0 11
19 23 7
12 16 13
23 2 1
11 15 12
5 7 8
1 4 8
7 11 5
7 10 9
18 21 9
10 12 4
22 1 10
21 22 1
3 8 7
13 17 6
12 15 3
11 13 8
0 2 2
18 21 1
17 21 10
10 13 3
20 21 3
9 12 5
7 10 5
15 16 6
19 0 13
17 22 8
22 1 8
6 9 13
21 1 6
12 13 10
6 11 11
19 21 13
2 6 12
1 3 11
9 10 8
5 8 11
4 9 5
3 6 1
15 18 10
2 6 12
16 19 3
4 5 6
19 23 13
9 12 11
6 9 4
14 17 1
7 10 11
10 11 1
18 23 12
21 1 7
11 15 4
4 7 4
11 13 4
10 13 7
9 11 6
21 0 5
19 20 7
20 1 12
15 20 6
12 17 11
9 11 11
21 1 13
21 23 9
18 20 8
11 14 13
23 3 4
18 21 4
4 8 9
17 21 7
23 2 5
16 18 9
2 5 2
17 19 5
15 18 13
7 9 8
4 8 12
1 3 3
15 17 2
22 1 13
12 16 11
3 4 7
12 14 1
14 17 3
2 6 10
2 5 1
9 13 8
7 9 13
12 14 1
3 6 2
0 3 4
7 10 8
16 20 9
14 16 1
0 6 13
2 5 4
0 3 10
5 7 10
18 22 9
13 18 6
3 6 10
18 21 6
1 5 13
4 5 12
2 5 10
5 8 3
19 22 5
14 16 6
0 1 1
0 4 2
17 22 10
0 3 2
16 19 12
3 7 6
21 0 7
5 10 1
13 16 9
15 19 13
10 14 13
1 5 5
5 10 6
11 15 8
17 20 12
10 15 1
2 3 8
21 0 1
22 1 2
11 16 9
23 2 3
4 9 1
10 12 8
23 0 13
23 2 13
8 9 7
11 15 2
14 20 12
6 9 4
22 1 11
23 1 13
11 13 10
1 5 1
22 2 13
22 1 9
8 11 8
6 7 13
18 23 13
4 6 5
12 15 5
19 22 4
7 12 12
23 1 9
4 6 5
15 21 2
14 17 7
6 8 7
3 4 12
2 7 3
16 19 8
11 15 12
0 4 12
10 14 6
16 18 10
22 1 11
0 4 11
18 22 4
18 21 7
13 15 4
22 2 4
20 23 7
18 23 2
22 2 10
15 18 13
16 19 13
6 10 11
18 23 1
18 22 3
22 2 2
14 16 12
17 18 10
16 20 7
4 8 2
5 8 1
18 22 9
7 11 7
20 0 2
11 14 9
11 16 11
22 3 3
1 3 5
23 2 9
13 16 11
4 7 10
6 10 4
11 14 3
6 10 9
21 0 11
3 7 13
21 0 5
12 14 13
1 5 7
1 3 10
16 18 13
8 11 1
19 0 1
5 7 6
13 17 6
0 2 7
0 0 6
6 9 9
22 2 8
7 9 5
17 20 11
5 7 13
9 12 10
23 1 13
20 0 4
13 16 4
2 3 9
21 0 4
18 21 4
9 12 9
1 5 3
17 20 10
13 17 8
15 18 9
22 1 11
17 18 7
18 21 2
8 11 10
6 10 3
22 2 11
22 0 5
4 6 11
0 1 13
15 17 8
17 20 13
11 15 3
3 8 1
3 7 12
11 14 6
6 10 5
16 20 5
11 15 5
11 14 3
1 4 8
18 21 10
23 2 2
16 19 8
11 14 13
11 13 4
7 9 12
21 1 5
20 21 7
6 8 7
10 13 11
7 11 5
4 7 11
16 20 2
1 4 13
23 3 2
20 23 6
18 20 13
5 9 7
15 17 6
0 4 5
15 18 7
5 7 7
2 5 4
1 3 5
18 22 9
7 11 6
17 21 2
16 19 1
1 5 2
4 5 2
10 12 12
14 18 6
12 14 11
0 2 10
12 17 3
10 10 5
16 20 1
23 3 9
2 5 2
17 20 2
6 9 1
4 6 9
6 10 2
11 13 9
21 0 11
1 4 4
3 6 8
23 1 1
4 7 13
2 6 7
1 4 8
22 2 6
18 23 2
19 22 4
9 13 10
1 3 5
18 20 4
15 20 3
11 14 11
13 14 11
22 2 2
8 12 1
1 4 9
3 6 8
13 16 9
18 19 13
2 4 8
10 13 13
12 15 4
20 23 1
12 16 9
18 21 3
20 2 4
8 11 12
14 18 1
10 12 7
14 18 8
22 0 7
15 18 11
19 22 8
20 21 11
21 0 7
11 15 13
1 4 7
1 3 2
0 2 13
6 8 13
22 2 7
21 1 2
10 14 1
14 18 11
16 20 2
21 23 10
15 19 2
11 13 4
2 6 2
1 4 6
2 7 12
7 9 10
7 13 10
8 11 4
20 23 13
23 1 3
21 1 1
9 13 1
23 4 5
12 15 8
16 19 9
22 1 7
10 13 1
18 21 2
19 21 13
12 16 1
4 8 4
7 9 12
21 0 6
23 1 13
1 2 6
12 14 7
21 0 10
7 10 13
19 23 4
4 9 10
5 8 5
22 0 11
20 0 2
8 9 4
14 15 11
23 1 13
23 2 3
15 18 5
9 10 10
5 8 11
16 19 7
1 3 8
18 22 8
22 2 11
10 15 3
3 6 9
1 5 4
21 0 3
3 6 8
23 4 11
20 23 7
6 7 5
4 7 12
13 16 6
14 17 5
8 10 5
8 13 12
19 21 3
19 22 7
18 22 8
10 14 9
4 6 6
9 10 2
21 23 11
12 14 13
14 18 3
21 0 10
21 22 5
19 22 11
15 17 5
11 15 2
23 4 8
19 22 12
8 10 11
19 21 1
0 3 9
3 7 9
2 6 6
14 18 6
0 2 9
11 13 3
17 19 6
9 10 12
14 16 1
6 7 4
7 9 2
16 21 12
8 12 9
18 20 12
7 10 5
22 1 1
7 10 12
3 8 5
17 19 3
5 9 9
2 6 11
0 5 4
0 2 6
21 0 7
5 8 5
6 9 4
10 13 5
8 11 8
19 23 1
5 10 11
21 23 8
15 16 5
23 2 5
13 15 5
6 8 12
3 7 1
8 11 1
9 13 6
14 18 3
11 15 4
8 11 6
12 17 9
0 4 9
1 4 3
9 13 10
8 12 10
21 0 9
19 21 10
11 13 12
11 14 13
10 11 9
6 9 4
18 22 1
18 22 6
9 11 12
21 0 2
20 0 2
8 13 7
10 12 5
21 0 11
7 10 6
14 15 13
10 14 7
10 13 8
2 4 11
19 21 13
4 6 13
22 1 7
6 10 3
19 22 6
9 12 10
19 20 6
3 5 1
0 1 7
10 15 8
4 7 10
4 6 7
16 19 3
21 0 7
2 6 2
16 19 11
18 20 8
14 16 9
3 8 12
10 13 5
6 10 13
21 0 8
17 20 9
6 7 9
0 4 8
18 20 9
1 4 9
2 5 12
23 3 9
10 14 13
2 6 6
17 21 6
11 17 5
20 23 6
16 19 7
1 5 1
11 15 6
15 18 10
17 20 8
20 1 10
6 9 4
23 1 13
5 8 13
21 1 2
6 8 10
8 12 1
0 1 12
13 16 11
15 19 4
1 4 5
23 3 3
11 14 8
13 16 11
17 20 5
13 15 8
3 8 1
20 22 2
11 16 3
8 12 11
7 11 6
1 5 1
11 12 7
18 22 9
21 23 2
7 9 5
22 1 9
22 0 10
2 6 12
22 1 3
20 23 13
13 16 5
16 19 9
2 4 1
19 22 8
1 6 10
16 20 8
18 21 6
17 21 6
16 19 6
22 2 10
11 12 12
18 21 3
23 2 3
14 18 7
15 19 12
21 23 4
19 22 2
12 14 9
11 15 8
9 12 13
16 18 13
3 5 9
7 11 5
6 9 4
9 12 4
23 1 12
0 5 2
15 17 6
15 17 5
21 1 10
9 14 3
5 8 2
10 13 7
21 1 8
13 16 11
3 7 2
14 18 13
18 22 4
1 4 6
7 12 9
1 3 6
6 8 1
15 18 8
10 14 3
5 7 8
2 4 8
11 14 6
18 22 1
3 5 12
12 15 4
10 12 3
9 11 6
6 8 1
16 18 13
21 1 13
6 10 10
8 11 9
22 0 10
1 5 4
11 15 6
18 20 12
0 3 2
23 2 3
23 2 7
6 7 12
4 8 3
15 18 8
7 10 11
16 19 3
4 9 13
23 1 11
7 10 4
23 2 6
0 1 5
23 1 12
2 6 13
19 21 3
5 7 7
23 3 5
9 15 11
23 2 1
20 22 13
4 8 10
23 3 3
17 21 13
13 15 9
15 19 11
20 0 8
21 22 13
7 9 4
4 6 2
14 16 10
1 3 2
10 13 5
8 10 2
12 15 11
0 2 2
7 9 3
9 10 11
10 13 9
9 12 1
20 22 8
13 16 5
3 8 4
9 13 11
14 17 3
11 13 8
7 9 2
20 23 2
9 10 8
11 13 13
15 18 5
9 11 3
16 17 1
15 17 9
15 17 2
18 22 9
14 16 8
8 12 7
2 5 5
17 20 11
16 21 6
6 9 5
21 23 5
6 9 11
16 20 1
21 1 3
12 15 6
18 21 2
12 15 7
22 23 12
16 21 2
1 2 13
7 10 4
4 6 11
18 20 9
8 12 5
14 16 9
0 3 12
19 21 10
18 20 12
5 9 12
6 9 6
12 15 2
19 22 6
2 7 6
16 19 3
5 8 7
12 15 10
8 10 13
20 22 13
12 14 12
22 3 5
22 1 3
14 19 2
18 21 11
7 10 2
23 1 6
2 4 3
0 3 3
10 13 8
22 1 1
19 22 3
9 14 2
23 3 12
14 19 7
15 17 7
14 16 13
22 2 3
16 19 5
19 23 5
6 9 10
22 0 6
9 10 11
22 0 12
3 6 9
2 5 5
22 0 10
14 17 5
6 10 11
0 2 1
12 16 5
5 8 13
10 12 10
8 13 3
15 20 6
23 3 6
10 15 13
13 16 10
6 9 8
12 15 9
6 9 5
12 14 4
11 14 11
12 17 13
13 15 13
9 13 7
16 20 6
6 8 5
14 16 10
14 18 8
10 12 12
13 15 2
9 13 6
16 16 10
16 21 8
11 14 2
9 12 6
10 14 6
3 6 8
21 1 11
16 19 3
4 9 7
21 23 1
10 12 5
16 17 1
16 20 8
20 23 13
10 13 8
7 9 13
16 20 8
16 20 3
15 19 3
1 5 5
17 19 9
2 4 12
9 13 7
5 9 8
5 7 12
2 5 3
3 5 12
11 15 1
15 19 5
9 11 2
2 6 11
22 1 4
16 19 4
2 5 9
7 10 10
22 0 9
1 5 9
8 12 2
13 18 1
6 7 2
7 10 10
21 1 10
15 19 6
10 14 13
8 11 8
13 16 7
11 16 4
2 6 2
8 11 7
17 19 9
6 9 6
8 14 5
17 20 11
9 10 9
10 13 12
16 18 7
19 23 3
22 0 2
8 10 6
13 15 5
22 0 4
9 11 10
0 4 6
23 2 6
9 11 2
16 20 2
11 15 1
13 15 10
4 7 10
5 9 7
3 6 5
9 14 4
3 7 6
15 18 8
21 0 12
5 7 13
14 18 6
3 6 6
11 15 12
22 0 11
11 12 2
0 3 5
6 9 11
16 20 12
1 4 7
17 20 13
19 23 9
23 3 3
12 16 1
4 7 6
9 12 10
10 12 6
20 23 5
14 16 13
22 23 2
17 21 9
23 2 13
19 21 9
22 23 1
9 11 13
19 22 11
9 11 10
17 20 4
23 2 13
7 10 6
1 5 9
16 18 6
5 8 13
8 10 7
2 7 5
5 8 5
17 20 7
10 14 4
8 11 5
13 17 13
21 23 8
11 14 3
3 5 1
22 2 9
21 23 7
23 3 13
12 16 12
23 2 1
21 0 10
16 18 6
11 15 2
23 1 2
11 14 8
0 3 7
6 9 5
7 10 10
13 17 4
7 8 7
6 8 10
12 16 8
13 16 2
11 13 10
10 13 9
21 23 7
16 19 5
5 8 8
18 20 7
10 11 8
23 1 5
4 8 2
15 19 5
13 17 9
15 18 4
3 5 2
3 8 9
11 14 5
10 14 10
4 7 5
16 20 12
12 14 4
10 12 13
3 5 10
10 11 11
4 8 4
11 13 7
22 2 5
20 22 10
23 1 8
13 14 12
5 10 1
18 23 7
21 1 5
14 16 10
20 0 6
3 6 3
10 13 1
16 19 6
2 5 12
23 2 2
10 12 8
17 21 5
21 2 3
7 10 5
19 20 6
8 11 7
14 15 1
4 8 9
0 2 4
12 16 8
3 6 4
9 11 6
6 9 5
9 11 2
7 11 9
0 2 13
20 22 8
14 18 3
6 8 4
20 22 10
13 16 1
8 9 13
7 10 10
20 22 11
16 19 7
23 3 3
14 18 3
19 21 8
17 20 11
23 2 7
18 22 6
14 16 3
22 1 10
4 7 12
9 13 6
8 10 12
14 17 4
0 3 10
21 0 12
3 5 10
11 14 3
22 0 13
7 6 3
22 1 8
6 10 12
7 11 8
20 23 3
1 3 1
18 20 12
8 12 10
12 13 3
11 13 10
21 0 5
13 14 10
15 19 5
21 0 12
16 20 13
5 9 11
11 14 11
16 20 5
16 17 13
17 19 8
5 8 6
17 19 2
4 6 11
16 18 10
19 22 3
7 10 7
15 16 12
9 13 11
20 23 9
1 2 5
4 8 10
21 0 7
19 21 4
14 17 9
20 22 12
5 8 2
23 2 11
4 9 5
17 20 5
16 18 3
17 20 12
13 14 9
12 14 10
17 21 11
1 3 4
22 0 12
11 15 10
13 14 8
7 9 4
0 2 3
23 2 11
9 14 12
13 14 8
16 19 4
13 16 9
6 9 12
13 16 6
23 3 6
5 6 1
9 13 2
9 10 13
3 7 2
18 22 10
6 8 10
7 10 4
5 7 12
12 15 7
17 18 4
15 19 4
23 3 1
20 22 13
16 19 3
13 17 4
0 3 6
17 19 10
9 12 11
23 3 2
17 19 10
11 13 9
15 18 11
5 9 4
3 5 1
11 14 8
15 17 8
19 20 8
20 23 11
0 2 10
7 10 13
18 21 3
7 10 6
2 5 6
19 0 10
10 14 13
2 7 10
12 14 1
12 14 11
0 5 10
4 7 10
2 6 4
15 17 11
2 6 10
1 6 10
7 11 2
9 12 12
22 23 4
8 11 2
14 17 5
11 13 3
13 17 13
2 5 1
11 14 2
4 7 11
20 0 8
11 15 2
17 19 4
3 5 12
13 16 6
18 22 9
15 17 10
3 7 8
19 23 8
6 9 9
12 16 3
8 10 6
23 3 9
23 3 1
16 19 1
16 21 4
18 20 5
23 3 5
6 9 1
8 13 13
16 18 1
3 7 11
12 14 12
23 3 11
13 15 12
11 13 10
6 8 2
1 4 6
10 12 8
22 1 10
19 21 4
19 23 5
0 3 6
18 21 10
10 14 3
3 4 12
11 14 11
18 21 4
20 0 12
4 7 10
6 9 8
7 10 9
14 19 1
6 10 1
5 7 2
14 18 13
0 3 12
11 15 13
9 13 10
16 19 2
22 2 11
14 15 9
3 5 13
19 22 11
14 16 12
4 8 9
22 23 1
5 9 4
20 22 3
14 17 4
12 16 3
1 4 12
23 1 2
3 6 3
12 14 6
9 12 4
22 2 11
15 18 13
7 9 7
10 14 6
6 7 2
15 18 3
3 6 2
16 19 7
6 11 2
0 3 8
11 14 8
4 8 4
18 21 10
8 12 5
1 3 10
20 22 5
15 19 4
16 18 9
10 14 12
22 1 7
18 22 3
17 20 9
7 9 3
14 17 9
16 19 13
10 14 10
6 9 3
20 1 3
9 12 4
10 13 1
3 6 6
5 9 5
19 20 2
2 5 7
19 0 7
15 19 6
13 16 1
16 21 2
12 16 13
6 9 4
5 6 12
1 3 13
14 16 4
15 18 2
4 7 9
21 1 6
6 10 2
13 16 7
6 6 10
10 13 12
1 4 12
2 4 2
1 5 9
10 12 12
2 4 11
1 5 2
15 19 8
5 9 3
