100 7
3 6 6 10 8 4 5 
14 18 7
4 7 5
22 0 5
5 9 2
18 22 1
17 20 3
12 15 7
23 3 6
13 16 5
4 8 7
11 14 4
6 9 3
0 3 1
0 2 6
4 7 1
3 4 6
22 1 2
11 15 2
16 18 1
23 1 6
12 14 2
15 17 6
11 13 1
7 10 4
21 2 1
0 3 5
17 21 6
0 2 3
12 15 3
9 12 6
4 6 2
19 23 4
7 10 7
19 22 4
12 15 4
16 19 6
17 21 2
16 19 4
3 5 3
8 13 5
10 12 6
1 4 1
0 5 4
3 6 2
18 20 2
5 7 3
13 15 1
10 15 6
6 10 5
1 4 2
4 6 2
19 22 6
9 12 4
6 10 1
14 17 5
15 19 3
18 20 7
3 6 3
7 11 5
5 9 5
16 18 7
23 0 1
9 11 3
12 14 4
6 8 1
6 10 2
0 3 1
9 12 3
14 16 1
14 17 1
0 4 6
6 9 5
18 20 5
1 5 1
9 12 6
9 13 2
22 1 6
22 2 6
14 18 3
2 4 5
9 12 3
1 3 4
21 1 2
19 22 6
19 22 5
21 1 7
20 22 6
20 23 5
4 7 5
17 21 5
13 16 1
20 22 4
10 11 7
15 17 7
5 11 7
10 14 5
9 14 6
23 3 5
8 11 3
17 20 6
