650 8
1 7 5 5 2 3 3 3 
8 11 6
10 14 5
23 2 5
20 23 8
13 16 7
1 3 2
16 20 7
19 22 5
11 13 6
1 3 6
19 22 1
3 10 8
9 13 1
21 0 7
21 0 6
16 20 1
20 0 3
3 5 8
5 9 1
1 4 2
17 20 3
13 14 6
18 21 1
0 4 4
11 15 8
20 23 6
18 20 3
21 0 4
16 20 6
9 12 5
2 4 7
2 6 2
18 20 6
17 19 7
10 13 6
14 17 8
17 18 8
9 10 8
16 21 4
12 16 6
12 16 4
1 2 6
14 17 2
19 0 1
15 16 1
12 14 7
1 5 7
20 22 2
18 22 8
14 17 6
15 16 2
3 6 3
9 11 8
21 2 7
5 8 6
4 6 2
23 2 7
8 11 2
21 0 2
13 16 3
17 21 2
0 1 3
4 7 8
18 21 2
19 21 5
21 0 8
22 1 6
21 0 8
21 23 6
20 22 8
6 10 6
20 23 8
15 19 8
11 16 3
14 16 6
23 3 6
14 15 1
20 22 5
11 13 2
9 11 2
9 13 3
6 7 4
11 14 8
4 7 1
0 2 7
4 5 8
8 9 4
1 3 8
1 5 1
17 20 6
19 20 3
18 21 3
18 21 5
6 9 7
4 7 3
8 10 1
10 12 4
15 18 4
3 4 4
23 3 8
16 20 4
17 20 4
15 18 5
16 21 8
10 13 7
18 22 8
13 16 7
18 22 2
11 14 8
21 22 3
13 15 6
20 22 5
9 13 5
6 10 7
13 16 4
11 14 5
3 5 5
11 12 1
21 0 4
23 2 8
0 4 8
3 8 5
7 9 2
19 21 4
12 15 2
15 18 7
8 10 5
12 16 1
9 12 7
11 16 7
5 8 5
6 10 6
3 5 6
12 16 3
7 10 8
21 22 3
21 0 2
4 9 5
7 10 5
10 13 8
22 1 3
20 23 3
11 16 1
9 11 7
11 14 6
1 3 6
4 7 7
21 0 8
2 4 7
20 22 6
6 10 2
12 15 1
16 19 1
15 19 7
6 8 2
18 20 6
0 3 1
11 15 7
13 16 5
4 5 7
11 14 1
4 7 1
3 6 3
21 23 2
12 13 3
12 14 7
14 16 1
13 15 1
2 5 4
20 0 4
2 4 1
2 4 4
18 21 8
8 12 6
23 2 1
2 6 2
12 16 5
5 8 5
20 21 8
6 9 7
21 1 2
7 11 6
16 19 2
2 6 8
1 2 7
2 4 1
1 3 3
4 8 3
15 18 4
4 8 1
4 8 3
18 23 2
13 17 5
18 21 5
14 16 1
17 20 4
4 6 8
18 21 1
0 4 8
21 0 4
6 10 3
19 21 8
4 7 1
14 16 4
1 4 7
21 22 7
22 1 3
12 15 5
3 4 4
6 8 1
9 11 2
2 6 5
13 16 6
9 12 7
8 10 7
19 20 3
14 17 1
17 21 7
17 18 4
18 22 8
19 23 2
0 4 6
23 1 2
16 19 4
3 6 6
14 18 7
23 2 4
8 10 7
15 19 3
22 0 3
5 10 3
22 1 8
13 16 1
8 12 8
15 19 2
14 16 7
1 4 6
9 11 5
12 16 5
21 23 8
16 19 6
17 20 5
23 2 6
6 9 4
14 17 3
8 13 2
17 19 5
0 3 8
23 3 2
16 18 2
13 15 4
0 4 7
13 15 7
5 8 6
19 0 8
11 13 7
14 17 3
2 4 1
8 11 3
19 22 2
16 19 5
11 14 1
10 14 5
22 3 4
11 13 6
14 16 3
12 14 4
10 13 6
17 20 2
5 8 4
20 0 7
22 1 4
15 18 3
4 8 4
4 7 3
19 22 5
22 1 6
18 21 8
22 1 1
17 20 1
18 20 2
4 8 8
9 11 5
16 19 8
10 13 5
21 0 2
7 10 7
1 4 8
18 20 4
16 20 4
15 19 1
12 16 6
23 1 7
7 9 4
7 11 5
1 5 7
9 12 3
18 19 6
18 21 2
10 12 1
1 5 4
7 12 1
2 4 2
5 8 7
5 10 4
7 9 8
12 17 6
12 14 3
17 20 3
18 21 5
17 20 8
13 17 4
5 9 5
7 11 3
9 13 3
7 10 1
13 15 2
10 10 7
3 6 5
11 15 2
8 10 7
13 16 2
19 22 6
13 16 2
17 21 8
12 16 8
18 23 3
19 22 2
21 0 4
20 22 1
21 1 5
13 18 8
17 20 2
9 11 2
14 16 4
8 12 8
20 23 5
8 10 2
16 21 6
2 5 5
19 21 7
23 3 7
3 6 6
5 8 2
13 16 3
6 10 6
15 17 7
20 20 8
7 10 2
19 20 3
3 5 5
13 17 8
16 17 6
15 17 3
4 6 2
22 2 2
11 15 6
7 11 4
18 20 6
4 6 1
6 10 7
18 20 7
20 23 5
21 1 5
17 19 1
5 9 6
16 18 2
3 5 1
22 0 4
21 23 6
7 10 7
20 22 6
9 13 8
18 20 1
23 1 7
22 1 2
10 12 2
3 4 5
0 4 3
4 8 2
7 10 3
12 15 3
23 0 7
2 4 2
2 5 8
13 16 1
7 9 4
21 0 6
0 3 8
17 19 1
9 12 4
17 18 3
14 18 5
16 19 5
18 23 7
5 10 3
11 15 2
23 3 5
2 4 4
9 12 7
1 4 1
10 13 4
10 14 3
4 7 5
12 15 4
0 4 1
15 18 4
3 6 8
12 14 6
12 15 6
20 23 4
0 3 4
10 14 2
8 11 1
23 2 8
15 19 2
22 1 1
15 19 2
1 4 4
18 20 7
7 10 7
3 6 5
23 1 4
10 13 3
11 14 6
14 16 8
0 2 7
6 9 3
2 5 5
11 15 4
12 15 3
19 22 6
22 0 1
15 18 8
18 22 5
18 21 1
23 2 6
12 14 8
3 5 5
11 13 3
4 6 5
10 14 4
7 8 2
16 19 1
13 15 7
11 14 4
19 22 5
22 0 5
17 20 2
8 10 4
14 16 5
16 18 3
11 12 4
3 5 2
13 16 1
19 21 8
7 10 3
5 9 2
5 5 4
3 5 6
15 18 4
23 3 7
23 2 4
21 22 5
17 20 1
18 21 6
10 12 2
8 10 2
18 21 7
0 2 6
3 5 5
6 9 5
1 4 3
4 7 3
15 18 2
13 15 6
0 3 2
0 1 3
22 2 7
2 6 8
11 14 8
20 23 4
21 23 4
4 7 2
15 18 4
12 16 4
5 9 5
4 6 5
13 15 6
12 16 7
10 13 6
2 5 7
21 1 1
0 4 6
16 17 1
15 18 4
17 20 4
7 11 1
11 15 1
11 14 5
11 14 2
0 3 8
17 21 8
13 15 8
6 11 8
2 6 3
6 9 5
20 0 4
20 23 5
0 4 8
22 1 6
17 20 3
23 4 4
7 9 8
22 1 4
17 21 5
20 22 3
12 16 6
5 8 5
5 10 5
15 17 4
5 8 1
5 7 4
8 11 1
17 21 3
16 19 5
20 23 8
5 7 2
22 1 4
4 6 3
0 4 6
3 5 5
16 18 7
18 21 6
9 11 3
6 9 7
15 17 5
9 13 1
17 20 5
11 14 5
14 18 2
20 23 5
23 2 6
8 13 2
10 12 8
6 8 7
15 19 8
10 12 4
7 11 1
21 0 7
10 13 4
5 8 5
9 12 1
6 9 5
0 5 1
22 1 7
9 13 4
0 4 2
11 12 3
17 20 6
7 12 7
1 4 8
18 22 3
4 8 3
16 18 8
17 19 7
21 2 4
21 0 6
19 21 7
14 17 1
12 15 2
5 8 2
1 4 1
14 16 2
7 10 4
12 15 1
15 19 1
4 7 5
9 11 7
16 18 1
4 5 7
9 12 2
1 5 8
9 12 2
13 15 1
5 8 2
6 10 5
7 11 5
4 6 8
6 9 5
12 15 5
21 0 6
8 10 2
18 22 1
11 15 4
5 8 8
11 13 5
20 23 2
11 14 4
18 21 2
23 3 5
14 17 6
19 22 2
9 12 5
23 1 6
6 9 3
2 5 2
2 4 5
13 16 3
12 17 3
4 8 2
20 0 4
11 14 1
1 5 7
18 22 1
22 1 8
9 13 1
4 7 3
21 0 1
22 1 6
13 17 2
20 23 3
11 14 5
9 10 3
9 13 1
7 11 5
13 16 2
20 23 5
10 11 7
12 15 4
20 23 4
5 7 4
16 19 3
0 3 1
16 18 4
10 13 8
15 17 8
3 6 1
2 7 3
20 23 7
0 2 3
3 5 5
8 11 3
1 5 5
8 12 6
14 16 6
1 4 1
21 0 7
19 23 5
6 8 6
