1800 19
8 6 4 7 3 4 6 4 5 6 5 9 2 4 8 6 10 5 5 
10 12 14
15 17 7
4 9 2
19 21 8
12 16 16
1 2 19
8 10 5
9 12 2
15 18 7
7 10 15
2 3 1
19 22 14
2 5 1
1 2 3
19 21 18
1 2 4
18 22 15
0 3 17
14 17 7
5 7 7
5 8 4
21 23 8
4 8 5
1 4 7
17 19 16
2 4 8
15 18 15
0 2 1
2 5 8
0 2 19
8 10 5
19 22 11
21 23 16
18 20 8
9 11 19
14 18 13
5 10 15
1 4 18
8 11 8
0 3 6
7 10 14
9 11 12
14 16 15
9 11 5
16 19 14
8 12 12
3 6 7
9 12 19
16 19 7
21 1 6
18 20 8
21 1 13
11 14 19
14 16 1
7 10 10
21 3 10
6 10 7
17 19 16
12 14 14
9 12 8
21 0 7
4 6 19
10 13 17
12 16 9
0 2 6
16 18 1
23 2 1
10 14 17
10 12 14
11 15 3
13 16 16
14 18 7
23 2 2
23 2 7
0 4 5
1 3 19
5 9 10
6 11 19
3 7 15
1 4 14
15 19 9
23 0 1
4 7 15
6 9 15
8 10 6
13 15 5
18 22 8
20 23 5
11 15 14
11 14 1
22 0 16
22 2 15
11 14 6
23 2 13
11 14 17
15 19 16
18 21 19
3 6 2
0 3 9
10 14 5
7 10 11
3 5 7
19 23 11
21 23 9
9 11 5
23 3 10
8 11 16
19 23 10
3 8 3
13 16 15
7 11 15
6 8 9
6 9 5
15 19 4
6 8 12
18 20 8
10 11 13
23 0 1
19 22 5
9 15 19
23 2 7
12 14 1
16 19 10
5 8 18
10 12 10
6 7 17
17 20 15
2 4 19
14 16 10
0 3 1
20 0 7
16 19 3
8 10 11
23 4 6
23 3 12
22 2 4
23 2 10
4 7 4
22 1 6
7 9 1
11 13 12
23 2 18
17 19 3
23 2 10
21 0 13
21 2 6
14 18 7
18 19 5
21 23 17
20 2 4
0 2 17
16 19 4
18 19 18
15 19 13
19 22 12
0 4 13
21 0 9
12 15 18
3 6 7
22 2 6
11 12 6
15 18 11
21 1 16
1 4 8
1 3 12
17 20 15
2 4 9
9 14 12
10 12 6
5 6 15
19 23 5
22 2 14
2 6 10
7 8 7
22 2 1
1 3 9
18 22 8
7 10 12
23 1 9
6 9 2
11 14 17
6 9 10
8 11 9
17 18 18
7 11 7
20 22 18
5 7 16
15 19 5
3 5 5
6 9 16
23 1 2
16 20 8
8 12 5
0 2 2
10 14 13
5 6 13
10 14 17
10 15 18
9 13 7
19 21 11
1 3 17
23 2 6
8 11 3
5 7 5
21 0 11
10 13 14
11 14 5
13 17 16
9 12 18
11 13 6
18 20 2
5 7 16
15 19 12
22 2 4
8 11 13
19 21 14
13 14 3
4 7 2
9 10 5
10 14 16
16 17 17
21 1 4
16 18 15
15 18 16
12 16 5
19 23 13
15 18 14
20 0 18
6 11 4
3 4 12
3 6 19
4 7 13
16 20 4
8 12 11
9 12 7
19 22 11
18 21 3
2 4 2
11 13 4
11 15 2
5 9 3
0 2 7
21 0 15
12 16 5
20 23 12
17 20 19
10 13 17
6 8 11
0 4 17
12 14 10
10 14 2
9 13 8
12 16 3
0 3 1
17 21 6
23 0 16
6 10 3
19 21 5
19 22 10
21 0 9
15 19 14
12 15 17
8 12 1
8 10 13
3 7 11
21 22 3
18 20 14
10 14 18
12 15 3
13 18 4
11 15 14
10 12 1
0 4 19
20 23 3
17 20 3
11 12 17
18 22 17
0 2 3
5 8 10
7 8 1
16 19 14
15 18 16
4 7 14
6 10 11
21 23 4
5 8 6
0 3 3
4 6 12
18 23 10
9 12 8
0 4 4
23 2 9
19 23 19
23 1 5
9 13 4
17 20 18
22 1 16
11 15 18
22 1 2
18 22 2
18 22 15
3 8 9
18 20 13
14 16 7
15 17 15
7 10 7
3 5 8
2 5 13
20 23 12
22 0 1
13 18 16
11 14 18
7 11 17
0 3 12
15 18 11
13 16 7
22 2 19
6 7 12
15 17 8
5 7 6
5 9 7
1 4 1
7 9 3
18 21 19
7 10 5
16 18 3
12 14 13
5 9 3
16 19 11
17 20 3
1 4 9
17 17 8
16 19 14
15 17 17
12 14 13
18 21 9
9 14 13
13 16 16
3 6 17
9 10 3
18 23 3
17 19 10
3 4 7
11 12 13
19 23 1
9 14 14
2 5 16
8 11 16
10 13 14
15 18 7
23 1 10
22 1 2
16 18 19
20 22 7
6 10 5
22 1 13
9 12 19
0 2 3
4 7 12
11 13 4
2 3 3
14 18 9
3 7 10
4 7 1
18 22 13
0 2 10
11 14 16
6 9 15
19 21 6
20 23 7
1 3 19
10 12 8
15 18 10
18 22 10
23 1 14
17 20 10
4 8 4
18 22 16
13 16 11
20 21 7
4 8 12
17 20 3
21 1 4
17 19 8
12 14 15
12 15 5
8 11 15
20 0 19
3 5 8
23 1 5
13 16 17
7 11 10
9 12 3
20 22 15
16 18 9
21 23 17
12 15 1
17 20 12
5 7 3
1 4 5
1 3 15
22 2 1
12 15 14
14 16 6
8 10 2
23 1 2
19 21 8
10 13 8
7 10 12
5 8 8
16 19 4
14 18 3
0 4 3
16 16 3
4 7 7
23 1 4
9 12 5
14 17 14
6 10 9
23 1 17
17 20 8
19 22 2
8 10 15
20 23 7
4 7 1
1 5 6
7 10 19
22 1 9
13 16 11
1 4 13
16 18 3
15 19 16
4 8 19
11 13 3
0 2 11
13 15 17
8 12 14
10 13 12
6 10 13
7 11 13
10 13 6
7 11 6
8 11 12
1 6 12
10 14 18
12 14 12
0 3 4
5 8 17
7 9 15
14 19 12
20 22 19
23 3 6
18 22 2
2 4 18
22 23 16
1 5 5
0 3 8
15 20 14
5 8 5
0 2 19
4 6 14
14 17 18
0 3 10
8 9 18
20 0 14
17 19 7
21 0 12
14 17 19
23 2 19
14 18 8
7 10 14
5 7 11
11 13 12
1 4 4
17 19 7
11 15 15
19 22 5
1 3 7
21 0 14
7 11 8
13 15 7
16 20 4
13 16 13
22 0 5
15 19 6
4 7 10
11 13 18
23 3 13
9 14 12
16 20 13
0 5 6
23 1 8
13 18 15
18 19 9
9 12 12
4 8 12
18 23 5
23 0 15
19 22 11
6 10 14
1 2 17
14 18 18
5 7 11
21 23 18
10 13 18
5 8 3
18 21 15
10 14 1
18 22 16
4 8 12
22 1 17
18 20 16
7 10 18
18 19 14
0 3 1
22 2 18
22 1 18
23 4 18
1 3 18
17 22 3
12 15 12
2 5 18
23 1 19
17 21 2
18 19 12
2 5 5
4 8 7
18 0 14
15 18 2
16 19 7
0 3 18
4 7 7
14 16 8
17 22 1
2 5 17
1 5 19
12 17 14
9 12 15
16 19 13
12 15 17
9 11 3
18 20 7
7 9 12
10 13 5
16 21 13
13 16 15
5 8 5
17 21 14
9 13 13
10 16 9
17 19 7
12 13 18
3 5 14
21 23 12
3 7 4
14 16 4
23 3 18
7 11 3
20 0 18
4 6 4
15 18 11
6 9 17
21 1 4
6 10 12
6 11 9
1 4 11
10 13 10
6 9 15
5 8 19
13 14 18
23 2 7
6 10 4
12 15 16
22 2 17
21 1 4
16 19 11
15 19 8
1 4 19
10 13 12
8 11 9
0 4 13
3 4 7
12 17 15
18 20 13
10 13 3
7 11 19
17 18 3
8 12 4
2 7 13
13 15 17
0 2 9
12 14 3
23 3 10
1 4 6
10 12 15
21 0 17
20 23 6
9 12 18
23 2 9
3 5 7
19 22 5
3 4 9
21 0 7
2 6 12
0 2 14
14 16 12
15 19 10
23 1 17
22 2 19
12 15 13
22 0 9
0 1 17
3 7 9
21 0 17
17 19 10
6 9 17
2 6 15
6 8 16
4 7 17
17 20 1
7 9 8
20 22 9
2 3 18
4 8 15
22 0 5
8 13 17
21 0 9
11 12 10
4 8 15
15 19 16
11 13 7
22 1 5
16 20 2
10 13 3
10 12 14
13 17 4
18 19 18
13 17 2
14 17 17
13 17 10
11 15 18
3 4 18
16 17 11
2 6 1
1 5 6
6 11 11
0 3 8
9 13 4
5 7 3
19 0 15
23 2 11
9 12 19
12 14 2
19 23 12
6 9 6
3 6 11
16 19 10
14 17 5
12 16 2
21 0 2
4 6 13
14 15 17
14 17 2
7 9 15
1 5 9
19 21 8
16 20 2
7 10 4
9 12 9
8 11 19
8 10 11
19 21 19
12 16 14
22 1 12
22 22 13
18 21 10
0 2 3
11 15 12
18 22 9
12 15 9
20 22 17
6 8 14
3 4 6
8 10 17
8 13 5
2 6 15
12 15 19
20 23 14
7 10 8
12 14 14
22 0 9
18 21 10
22 2 13
1 3 13
17 21 19
11 15 13
21 23 13
19 20 16
18 21 5
17 20 16
16 19 13
21 23 14
21 0 5
18 19 12
12 14 8
3 5 8
18 22 15
14 18 1
13 15 9
20 0 13
1 5 11
13 16 5
12 18 2
2 2 9
17 21 4
8 12 7
18 21 3
23 1 7
22 1 15
16 18 6
7 11 9
7 10 3
19 21 8
9 14 8
21 0 15
22 1 8
20 23 13
4 6 17
14 19 18
10 12 1
4 5 14
19 0 19
16 21 9
11 15 9
14 17 2
15 17 3
8 10 6
11 14 12
4 6 12
22 2 19
13 17 12
8 13 15
22 1 8
1 2 12
8 11 17
19 21 3
20 1 9
22 0 5
15 20 8
13 16 13
4 6 16
13 16 18
3 7 18
19 21 11
6 9 9
10 12 6
6 9 3
17 20 15
15 17 11
18 21 16
20 23 19
14 18 17
17 20 10
19 21 3
3 7 19
12 14 17
18 22 13
9 13 4
23 2 6
7 10 9
14 17 14
18 19 3
18 21 18
3 7 5
17 18 16
12 15 15
20 0 2
22 2 4
7 10 12
9 10 18
12 12 4
13 15 18
2 4 9
20 23 7
16 20 15
14 17 14
6 8 17
6 10 2
14 18 2
13 15 11
0 3 17
23 1 4
23 2 11
0 2 19
5 7 15
5 8 10
20 22 3
6 8 19
14 17 14
15 20 15
14 16 17
3 6 2
23 1 4
4 7 17
1 4 3
18 21 1
6 9 12
4 6 16
12 17 9
5 8 10
9 12 19
15 19 10
7 12 15
18 19 8
10 14 11
16 20 1
5 7 7
10 14 6
13 18 8
18 22 3
17 20 3
17 21 1
18 22 15
16 18 1
11 15 14
0 2 11
19 22 13
19 22 1
13 17 11
8 12 16
19 22 12
21 0 16
9 13 5
2 5 2
23 3 19
17 19 1
12 14 6
3 5 2
3 5 11
12 13 13
5 6 5
12 16 12
6 9 2
2 4 11
6 11 8
11 13 15
23 1 15
5 9 16
16 19 13
22 1 4
16 19 7
20 1 19
10 11 18
5 8 3
22 2 12
3 6 6
10 14 12
12 15 6
5 10 13
14 17 11
20 23 17
2 6 13
22 0 14
23 4 6
7 10 18
4 7 6
2 5 11
19 23 2
18 23 1
15 19 10
19 22 11
16 18 3
2 4 16
6 9 10
21 0 2
8 10 5
20 1 17
19 22 18
11 15 12
3 6 18
3 7 15
23 1 16
13 14 8
23 2 9
14 16 17
6 9 18
22 1 4
11 14 11
16 20 11
1 4 12
22 0 13
6 11 7
5 7 13
23 2 7
17 19 13
19 22 11
12 14 18
19 23 18
10 14 9
5 7 13
9 13 8
23 0 15
5 8 2
8 11 2
15 18 1
13 13 9
9 11 15
9 13 12
3 6 11
4 5 15
9 13 10
22 1 19
2 4 4
16 18 9
8 11 4
10 14 14
6 8 11
12 14 6
19 22 14
12 16 4
4 7 3
4 6 4
22 1 6
4 5 17
9 12 14
4 5 3
0 2 10
19 22 5
14 20 9
20 0 19
9 13 7
19 23 17
15 18 16
17 20 9
11 14 19
19 21 5
15 19 19
11 15 19
23 1 12
15 18 9
8 12 1
5 8 5
12 16 17
22 2 7
8 11 13
15 17 19
15 17 3
11 13 5
2 5 11
17 21 7
3 8 9
16 20 1
22 1 10
14 16 17
14 17 13
16 20 12
0 2 10
13 15 4
15 19 8
10 14 12
7 12 8
22 0 7
18 21 8
0 4 4
6 8 8
8 11 3
15 17 16
20 23 19
11 15 19
18 22 6
18 21 17
13 15 11
15 17 17
9 13 4
8 11 3
23 2 19
15 18 18
16 19 7
14 17 1
13 18 4
13 16 2
19 22 18
16 20 14
13 14 17
20 22 1
23 3 8
6 10 6
10 13 6
1 5 18
6 10 6
20 22 7
9 12 16
15 16 10
21 1 8
10 15 3
7 11 18
18 21 7
4 8 3
5 9 9
11 14 11
4 7 18
15 19 8
19 21 13
2 4 1
1 6 18
4 7 18
4 8 13
23 4 4
17 19 18
23 1 17
13 13 18
7 11 4
7 11 16
11 14 11
2 5 11
11 15 15
15 18 11
22 1 7
16 19 16
19 21 4
2 5 17
20 21 5
6 10 17
17 19 1
13 15 16
8 10 16
9 12 1
13 16 10
23 3 18
9 14 11
15 19 14
16 18 5
6 9 17
18 20 3
21 0 8
13 16 14
12 13 5
1 3 2
16 19 13
17 20 4
22 1 8
17 21 3
2 6 19
10 13 7
22 0 18
16 18 8
10 12 11
17 21 15
23 1 12
14 18 16
10 13 17
4 7 15
14 17 7
22 23 7
17 21 2
2 5 18
13 15 17
22 2 14
9 13 6
9 13 11
17 19 11
20 0 11
17 20 9
13 17 6
5 8 15
15 20 6
11 14 14
6 10 4
11 15 6
18 21 4
23 0 3
14 18 7
2 4 15
5 7 14
21 3 3
10 13 16
8 10 4
22 0 8
3 5 10
18 21 11
3 6 16
11 15 17
0 3 5
5 7 5
7 11 16
21 0 5
4 8 15
15 19 8
16 20 14
17 19 13
17 21 7
21 23 9
20 1 9
17 21 7
6 9 19
15 17 7
0 3 17
6 9 18
2 6 15
4 6 17
23 3 8
18 22 3
13 15 11
0 1 2
22 0 5
5 10 16
11 15 1
15 19 6
4 6 18
19 23 14
20 23 8
7 11 9
20 1 1
11 14 18
19 22 3
22 2 12
18 19 11
13 17 4
3 7 9
18 22 15
7 10 18
1 2 16
2 5 5
12 15 14
20 23 16
4 5 9
21 22 6
3 7 19
19 22 13
10 14 18
1 5 8
14 16 12
11 14 13
1 5 18
20 2 15
18 21 9
17 20 18
0 2 11
22 0 2
0 3 7
5 11 11
12 15 16
21 0 1
22 1 9
8 11 4
6 7 15
15 16 1
13 14 3
21 0 2
18 20 1
1 2 10
5 8 5
17 20 12
3 6 14
12 17 14
5 7 2
5 9 18
22 0 19
22 1 11
0 3 1
18 22 8
6 10 4
21 23 2
15 18 15
20 2 14
9 12 14
9 15 17
23 2 3
11 13 3
16 19 18
11 13 19
2 6 15
3 5 3
14 17 4
10 13 9
13 17 16
8 12 13
7 11 12
17 21 7
5 7 18
8 10 6
18 22 8
17 21 4
21 1 12
0 1 13
4 9 10
15 18 17
18 22 12
21 1 3
8 10 9
11 14 18
19 0 7
5 8 14
15 17 19
2 6 18
1 5 3
3 5 1
17 21 17
0 3 18
6 8 17
5 9 4
18 23 7
16 21 11
9 14 19
17 19 10
20 23 6
6 10 2
9 11 7
11 15 12
21 23 1
13 16 14
8 13 13
18 19 11
3 5 4
20 21 4
22 0 5
21 0 7
18 20 12
7 10 8
12 16 18
11 14 9
21 1 13
17 20 18
23 1 18
16 20 7
13 16 11
21 0 12
19 21 10
20 22 2
21 23 9
14 17 5
9 13 14
22 1 9
19 21 1
4 6 17
16 20 13
3 7 12
20 23 1
2 4 1
6 9 6
8 10 15
5 7 16
17 18 10
15 19 12
18 21 12
17 22 8
12 16 4
21 1 18
2 4 13
15 18 1
7 10 18
19 23 9
4 8 8
8 10 8
18 22 8
3 5 17
16 19 10
3 6 11
0 4 16
11 14 10
12 14 19
8 10 9
5 9 6
23 1 19
2 4 6
17 19 18
10 14 9
8 11 2
5 10 12
20 22 18
13 16 14
20 0 16
20 22 8
12 15 3
16 19 7
20 23 2
1 4 18
12 13 14
5 10 13
0 1 3
2 5 18
1 3 11
20 0 10
5 8 18
20 23 1
17 23 19
23 3 19
13 17 1
18 20 13
11 14 10
18 21 2
15 17 15
3 6 7
6 9 12
13 19 6
15 18 1
15 17 11
11 15 11
2 6 13
23 2 17
23 3 7
14 17 19
6 10 8
18 22 5
5 8 10
18 21 3
21 1 3
18 21 10
20 1 5
1 3 2
21 23 12
1 3 14
3 5 4
9 12 16
6 11 1
12 17 9
8 11 8
14 16 12
6 7 15
10 15 15
18 21 2
15 19 14
14 18 15
15 18 7
14 16 11
11 13 5
17 21 15
14 16 11
1 4 15
23 2 5
22 0 2
0 3 16
10 13 12
0 2 8
9 11 18
19 21 5
22 3 2
21 22 16
15 16 18
6 9 14
19 22 1
21 0 11
19 23 3
8 10 13
23 1 17
10 14 8
9 11 18
23 2 6
12 16 6
22 2 11
18 21 17
21 1 8
9 12 5
1 2 1
12 16 5
18 20 6
19 20 4
13 14 1
14 18 1
5 7 17
18 21 7
15 18 12
9 11 6
13 16 6
10 14 4
11 14 11
9 13 2
8 11 11
15 19 10
20 23 16
2 6 6
14 17 18
2 6 3
9 13 4
20 1 1
17 20 7
18 21 18
18 22 10
23 2 4
11 15 19
18 20 12
13 16 8
10 14 2
11 15 17
7 10 13
4 8 4
5 10 12
17 21 3
4 8 6
6 9 19
0 3 1
11 13 1
3 7 4
21 0 12
9 12 11
7 12 3
16 19 16
2 5 7
8 11 18
12 14 3
2 5 16
22 2 11
18 22 17
12 15 9
6 9 7
8 11 18
13 15 13
10 15 5
1 6 9
11 13 16
11 12 10
0 2 4
12 15 1
13 16 18
3 5 7
10 13 6
3 6 17
22 23 9
17 21 4
1 5 6
15 16 19
19 21 4
17 20 2
19 22 14
19 21 7
8 12 17
12 13 17
20 22 5
13 15 9
10 13 3
3 6 9
8 10 13
2 5 14
4 6 12
15 19 7
13 14 6
22 2 1
22 1 17
22 3 1
9 11 18
9 13 3
3 7 18
15 18 4
16 18 1
12 13 12
14 17 3
5 8 4
18 20 7
23 3 8
13 16 17
5 8 3
15 18 12
12 17 5
0 3 11
19 23 19
2 5 12
16 19 14
15 18 13
17 19 13
15 19 1
12 16 2
18 21 1
20 23 19
15 18 1
13 17 10
17 22 5
21 23 17
1 5 17
10 12 2
10 12 7
11 12 17
11 14 7
19 1 6
11 13 3
3 5 18
11 14 8
0 3 17
10 12 12
19 22 10
16 20 12
13 16 15
5 8 6
12 13 12
11 16 7
8 9 4
0 3 10
0 2 6
10 14 8
23 3 13
1 5 14
20 0 16
12 14 9
5 7 7
23 2 10
3 5 1
12 15 15
7 10 7
23 3 18
18 20 15
19 21 17
19 23 9
16 19 13
16 19 3
7 10 14
8 13 2
15 18 6
1 4 19
11 14 16
20 23 16
8 11 4
22 1 15
15 17 18
10 13 11
23 3 7
6 8 4
16 18 4
14 18 15
1 2 3
15 19 2
18 20 18
8 10 3
9 12 6
7 8 13
0 3 7
6 9 16
19 22 17
8 11 5
21 23 16
4 7 2
18 21 1
8 12 3
1 3 8
20 0 10
3 6 9
18 19 12
5 10 5
6 8 7
13 16 7
19 23 1
13 16 8
9 14 16
5 6 7
4 8 2
19 23 14
10 13 7
5 9 3
1 3 11
19 20 2
11 14 10
20 0 4
13 15 8
19 23 4
9 13 19
19 22 18
6 8 2
3 5 8
12 14 11
5 8 1
21 1 2
17 19 8
23 3 13
2 5 7
5 10 6
6 9 17
13 16 16
20 23 15
2 7 1
0 3 8
3 5 7
10 13 11
10 12 8
8 10 5
4 7 18
0 3 13
7 11 12
21 1 5
18 21 3
6 8 19
0 2 15
18 21 8
12 15 6
21 1 5
12 15 16
0 3 11
0 3 19
1 3 2
0 4 13
11 13 2
1 3 8
6 8 19
19 21 4
4 6 12
3 6 16
16 19 13
8 10 7
20 1 8
6 8 9
6 8 11
17 22 18
23 1 19
11 14 2
11 14 19
23 3 9
5 8 18
11 13 12
21 0 10
23 1 2
5 8 10
12 15 5
6 8 3
22 1 18
0 4 3
20 22 8
7 10 3
19 19 6
6 9 17
3 4 7
21 1 9
22 1 11
19 22 5
22 2 6
23 1 15
7 9 1
10 13 17
14 17 17
6 10 14
10 13 8
9 11 5
11 14 18
22 0 19
6 11 6
21 1 15
17 20 15
15 17 6
20 22 4
3 6 18
6 10 13
14 17 4
21 22 9
11 15 18
13 15 18
21 0 12
12 16 12
10 11 18
5 8 2
22 0 1
5 6 15
23 2 3
12 15 1
9 12 2
22 1 2
16 18 6
15 19 4
23 1 3
16 20 1
20 23 16
21 1 15
0 3 18
14 15 8
15 17 19
8 13 11
18 21 7
19 21 13
18 22 4
15 19 2
9 13 18
3 6 18
12 17 13
21 22 12
0 3 14
19 20 18
17 22 2
6 9 8
21 0 14
20 0 10
21 1 19
3 6 8
10 13 11
16 18 1
13 17 17
6 8 17
19 21 8
12 16 18
3 6 17
3 8 2
5 6 8
9 11 10
23 3 4
16 21 7
17 20 11
18 20 16
19 22 12
0 2 19
3 7 6
16 18 14
19 20 3
19 22 4
22 1 9
13 18 10
11 13 6
16 18 5
22 2 1
9 10 7
20 23 8
8 11 1
4 8 10
18 22 8
15 17 18
17 20 9
22 0 6
17 19 3
15 18 9
14 16 10
3 5 8
0 2 7
20 22 9
21 0 1
13 15 3
1 1 4
16 20 10
15 19 12
13 17 1
4 6 19
5 6 12
14 16 4
6 9 17
6 8 15
12 13 12
20 22 12
4 5 10
16 18 15
9 11 16
14 15 7
21 1 13
8 11 15
16 18 7
6 10 10
22 1 16
23 3 14
0 3 4
2 7 13
4 8 19
11 12 16
7 11 4
15 19 9
23 3 9
5 7 12
20 23 14
2 4 17
10 14 16
13 15 8
8 10 3
0 4 3
6 8 13
0 4 3
18 21 17
11 13 19
5 8 12
15 17 5
10 14 3
2 5 10
4 7 7
18 20 16
12 16 4
1 3 9
23 1 9
0 3 14
18 20 15
18 21 19
18 20 2
0 1 12
1 4 17
3 6 1
4 6 4
13 16 15
20 22 3
17 19 16
20 0 16
3 6 2
17 19 17
16 18 12
4 6 11
9 12 19
18 21 6
8 10 9
8 11 16
11 12 5
1 4 14
7 12 5
16 17 4
16 20 7
6 10 11
13 17 12
18 22 8
7 11 15
15 17 9
22 1 5
15 19 2
17 21 18
20 0 17
