400 5
8 7 10 9 1 
7 10 1
19 22 4
0 2 3
23 2 5
1 4 4
17 18 3
12 15 2
6 8 2
14 16 1
13 15 3
15 19 1
5 10 1
8 10 4
11 13 1
3 6 1
18 20 3
21 23 1
9 13 3
7 11 4
3 7 2
0 3 5
17 21 2
17 21 2
3 7 4
9 11 1
3 7 1
2 4 5
8 13 4
21 1 1
17 20 3
8 11 5
17 21 1
18 22 5
15 17 1
13 17 5
7 11 3
23 1 5
23 2 2
13 17 2
18 21 4
2 4 4
5 7 1
7 9 4
23 1 3
19 22 3
6 9 1
10 12 5
15 18 2
21 1 1
23 2 2
1 3 4
19 22 5
14 17 1
11 12 2
11 15 5
17 19 5
6 9 2
7 11 4
17 20 1
13 18 2
19 22 3
22 2 1
4 9 2
11 14 3
15 17 4
20 0 3
5 10 4
9 13 5
17 19 3
19 20 5
6 8 2
15 18 4
3 6 4
17 19 4
10 12 3
5 8 2
21 1 4
6 10 5
14 18 5
13 17 2
18 21 3
3 7 1
14 15 3
22 1 4
14 17 5
8 11 3
6 9 4
17 18 5
17 19 5
23 1 3
0 2 3
17 20 4
10 12 4
5 8 2
12 14 3
23 4 3
11 14 5
3 6 1
4 8 2
19 21 5
23 4 5
19 22 4
3 6 5
22 0 1
15 18 3
5 8 1
6 8 3
9 11 3
2 4 5
19 22 3
22 1 2
17 21 1
6 10 5
4 9 2
4 7 4
6 9 1
10 15 1
2 6 5
11 13 1
5 8 5
7 10 4
1 4 3
22 23 3
18 0 2
20 22 5
5 7 3
1 5 1
6 9 3
20 0 5
7 11 4
12 13 5
11 13 2
13 15 2
4 6 1
21 23 3
20 0 2
16 19 3
3 7 4
1 5 3
3 5 2
0 3 5
20 0 4
22 0 2
6 9 2
0 3 3
10 14 2
15 18 5
15 17 1
16 21 4
12 16 2
5 8 3
15 18 4
1 4 3
22 0 4
13 17 1
12 15 4
18 20 4
5 8 5
3 5 5
4 8 1
15 16 5
10 16 2
19 23 3
23 3 4
1 5 3
11 13 4
19 23 4
23 3 3
1 5 1
3 6 4
2 5 5
15 18 1
5 6 5
19 22 3
15 17 2
23 1 1
13 15 2
21 1 3
20 23 4
0 2 4
17 21 3
11 14 1
7 11 5
18 22 5
8 11 5
6 9 2
8 9 2
6 10 1
8 11 4
3 7 5
9 11 5
10 14 3
14 17 5
4 7 4
20 22 5
17 20 4
16 19 2
18 20 5
10 12 5
12 16 3
2 4 1
3 7 1
0 0 3
15 18 1
13 15 2
7 8 5
4 7 2
20 23 2
2 3 3
16 18 2
2 4 3
5 8 4
20 23 3
3 6 1
9 12 3
4 8 2
9 13 3
5 5 5
23 1 1
22 2 2
4 6 5
20 0 5
22 2 3
2 5 3
6 8 5
12 13 4
10 13 3
7 10 5
4 6 2
7 12 1
5 8 5
8 12 4
8 12 4
3 3 1
14 17 1
0 3 4
20 0 1
10 14 2
12 15 3
3 4 4
19 22 5
13 17 1
2 5 5
8 10 5
8 10 3
11 14 2
8 10 3
8 13 5
16 20 4
3 7 1
5 8 2
11 16 5
7 10 3
0 4 3
10 13 5
22 1 3
13 17 1
6 9 1
22 2 4
13 16 3
8 10 1
19 22 5
21 0 2
17 21 5
11 14 1
12 13 3
23 3 4
3 7 2
0 2 1
20 23 4
3 5 3
13 16 1
9 11 5
11 12 1
13 15 2
0 2 5
10 11 3
0 3 3
12 15 5
17 19 2
7 9 3
16 18 5
23 3 4
12 15 4
9 11 5
23 2 2
20 21 5
19 23 3
3 7 5
8 11 3
0 4 4
6 10 3
23 3 3
17 19 3
15 19 1
21 22 4
17 19 1
6 9 5
1 5 3
4 6 5
0 3 2
16 20 3
3 7 5
17 20 4
10 11 3
0 2 2
23 3 5
12 15 2
6 9 1
18 21 3
21 0 4
3 5 4
7 8 2
20 23 2
14 19 5
22 1 1
13 16 5
1 3 4
1 3 1
6 9 1
10 12 5
20 0 4
4 7 2
2 7 5
8 11 5
16 21 5
3 7 3
0 5 4
4 7 3
23 1 2
13 16 1
20 0 1
14 16 5
6 8 3
0 2 4
1 4 4
13 14 5
7 12 1
3 5 1
20 23 1
22 0 3
11 14 2
16 16 1
11 14 2
18 21 1
17 21 4
13 15 4
19 0 1
15 18 4
17 22 1
7 10 4
16 19 3
18 22 1
6 10 1
4 7 4
8 10 3
15 19 3
5 8 5
6 9 5
12 15 5
6 10 3
9 12 5
21 0 2
10 13 2
3 6 4
23 1 1
15 17 1
11 13 5
1 4 5
7 10 2
16 19 1
6 9 3
22 2 4
9 14 3
3 6 1
6 9 5
9 13 1
21 23 4
20 1 1
7 9 4
7 10 5
3 5 2
21 1 4
23 23 4
19 21 4
6 9 3
13 16 5
17 19 4
5 8 1
2 5 5
9 8 4
14 18 2
8 11 4
9 12 5
20 23 2
15 17 4
8 10 4
9 11 2
9 12 2
11 15 2
