1150 18
10 2 8 4 9 2 3 9 5 1 6 10 9 4 2 2 3 8 
7 10 13
17 21 18
16 19 6
11 14 7
0 3 16
8 11 7
0 3 6
21 2 4
17 19 8
0 2 18
14 17 3
6 9 3
8 10 16
13 16 11
2 5 4
7 10 5
0 2 7
3 8 4
11 13 4
2 5 16
11 14 3
8 11 18
3 7 4
22 1 18
2 6 1
17 20 16
11 15 6
11 14 13
18 20 14
12 16 4
23 3 17
17 18 4
21 23 10
14 19 10
0 4 15
17 19 11
13 17 13
19 22 16
23 2 10
20 22 1
5 8 13
20 21 11
12 13 3
5 9 15
20 23 5
8 9 11
1 5 1
0 2 16
16 18 2
11 13 16
19 22 7
11 13 16
2 4 2
18 21 2
4 9 9
18 18 16
7 10 13
22 2 4
6 8 14
18 23 1
5 8 9
17 21 17
15 18 14
11 14 1
23 2 16
20 2 12
13 15 4
17 19 5
17 19 2
20 0 6
19 20 15
15 17 1
19 22 17
10 13 4
2 5 4
2 4 4
13 15 7
20 23 1
4 7 9
13 13 12
19 21 5
2 4 13
16 18 3
20 0 11
18 21 18
20 1 2
4 6 16
22 1 5
15 18 18
22 0 8
13 17 17
1 6 8
4 6 2
20 1 6
8 10 4
6 10 5
17 21 17
15 18 1
23 2 11
14 16 6
5 9 10
2 6 14
2 6 7
18 22 9
5 6 17
19 22 11
16 18 2
21 1 9
11 16 5
4 6 11
10 13 14
6 9 1
14 17 1
3 6 5
21 1 1
6 11 9
2 5 8
19 23 7
11 14 7
13 14 4
16 18 7
17 20 17
12 15 16
7 10 3
19 23 16
10 13 2
23 3 8
22 23 15
11 14 18
21 0 2
15 20 7
10 11 17
22 1 16
13 17 1
14 17 17
17 21 4
0 4 15
15 19 10
23 3 8
22 1 17
11 14 6
18 21 1
21 1 14
7 9 10
1 5 8
4 6 4
18 18 7
10 14 4
11 16 11
21 0 8
22 2 17
15 19 12
0 3 12
17 20 9
15 19 8
22 1 17
2 5 6
18 21 13
15 19 3
21 1 1
15 18 18
9 13 18
21 1 12
6 9 10
16 19 6
13 15 7
2 5 7
13 17 9
22 3 18
5 9 15
9 12 10
1 4 2
20 22 11
7 10 10
7 8 7
3 5 12
12 16 4
12 14 9
20 23 3
17 18 12
13 16 7
23 2 10
17 19 18
11 13 5
21 0 15
4 8 4
12 15 8
4 8 1
0 3 15
1 2 17
7 9 10
1 4 3
23 1 9
22 1 14
2 4 13
2 6 6
0 2 15
23 1 9
9 12 9
21 2 11
12 14 7
14 15 5
9 12 4
10 14 4
0 3 1
3 5 12
10 13 3
2 6 11
21 1 10
15 19 1
17 21 9
4 7 11
1 4 12
17 21 5
5 9 11
1 1 17
6 9 12
10 15 6
5 9 5
0 3 3
10 13 8
2 6 15
4 6 10
4 6 4
16 18 10
8 12 16
17 20 15
6 10 15
11 14 1
18 20 10
1 4 6
2 5 15
19 21 3
6 9 8
6 7 8
23 1 9
7 10 10
8 10 10
18 21 13
20 0 17
3 7 8
7 9 5
10 13 8
4 7 16
3 5 18
6 8 13
15 17 12
18 19 1
17 20 15
2 5 11
23 3 2
16 19 17
14 18 2
20 22 13
14 16 18
19 23 18
2 6 1
17 19 14
2 6 16
10 14 2
3 7 17
0 3 8
0 3 17
14 18 11
22 1 15
18 22 12
15 16 4
16 19 14
3 6 8
5 6 16
6 8 17
18 19 15
2 5 14
14 16 10
19 21 1
20 23 3
15 19 7
11 14 11
0 2 18
6 8 18
10 13 10
2 6 12
16 21 15
1 3 7
16 20 11
15 18 11
3 6 14
22 23 17
8 12 13
21 1 13
16 20 8
21 23 4
2 5 8
9 12 10
16 19 14
12 16 14
19 22 5
19 20 4
23 1 15
12 14 12
8 11 18
8 11 6
20 0 4
18 22 5
4 7 17
20 0 7
11 13 8
7 11 12
5 7 5
14 16 13
9 13 15
10 13 17
14 16 5
23 2 9
17 21 6
15 18 5
22 2 3
17 21 6
22 3 1
1 3 8
4 8 16
18 21 14
4 8 10
4 8 15
23 4 15
17 22 4
11 13 6
11 14 8
22 1 8
6 8 7
20 0 4
4 8 2
12 14 15
10 13 14
15 18 2
21 0 3
23 2 17
9 11 7
8 12 7
15 17 6
2 5 14
6 9 17
2 3 6
6 10 11
23 2 5
7 11 17
18 22 5
23 2 7
7 10 17
9 9 5
19 22 7
22 3 12
11 14 16
4 8 16
22 1 16
15 17 11
8 11 6
5 9 4
17 20 2
15 20 18
11 13 11
2 5 8
18 21 7
13 17 2
17 22 3
2 2 13
2 5 16
11 15 6
21 1 18
4 8 1
15 18 9
19 23 4
17 21 10
4 6 16
7 9 12
0 4 17
4 6 2
5 8 18
9 12 12
11 14 2
7 10 8
3 7 14
20 1 14
16 20 1
7 11 8
7 9 16
17 22 18
13 15 17
6 7 1
15 18 1
11 13 17
20 23 17
15 17 6
16 19 10
2 5 8
2 5 16
2 5 13
4 8 1
20 22 9
8 12 5
21 0 13
5 9 6
0 4 2
19 22 4
0 4 4
11 14 15
14 17 10
6 9 15
0 3 18
0 3 5
6 9 15
17 20 7
1 3 13
8 11 7
2 5 13
12 14 8
4 7 10
15 18 2
18 21 17
13 16 14
11 14 5
4 8 7
1 4 11
13 17 6
20 0 9
17 21 10
3 6 3
8 11 11
0 3 11
14 17 3
3 7 11
9 11 1
12 15 1
1 4 15
3 4 14
16 19 10
13 15 10
17 22 16
8 12 18
9 10 8
16 20 9
14 18 13
9 13 5
13 17 9
19 21 4
11 13 8
17 20 10
10 13 15
19 21 18
7 10 11
2 5 13
12 16 14
1 4 5
14 16 12
8 10 7
23 1 10
21 23 11
7 11 18
23 2 16
21 0 14
7 10 11
1 4 16
23 2 6
14 16 2
0 2 11
16 20 13
6 9 9
2 6 2
3 6 8
17 21 11
5 8 4
20 23 6
0 4 14
10 13 12
4 6 13
6 9 14
1 3 13
2 5 8
0 3 8
21 0 5
0 2 11
17 20 12
8 12 1
4 7 9
19 22 4
8 10 1
15 18 1
22 0 15
10 12 10
5 9 16
0 3 17
14 17 13
0 3 10
12 16 5
13 15 18
8 11 5
18 22 15
21 2 17
15 18 3
15 18 1
2 5 13
7 10 4
5 7 17
21 0 2
6 9 16
14 18 10
12 15 3
22 1 1
15 18 9
22 0 1
4 7 8
3 9 7
19 22 7
5 11 4
7 9 4
12 15 13
7 8 8
12 16 4
12 16 13
9 12 2
4 7 11
23 3 16
1 5 9
8 11 6
22 2 9
13 17 3
22 3 9
4 7 8
15 17 11
12 14 1
9 14 3
3 6 3
22 1 14
10 13 8
17 20 14
0 2 2
17 22 1
3 6 12
14 15 4
22 1 2
5 9 10
16 18 4
10 14 2
6 9 18
10 15 2
3 7 17
19 0 14
12 17 14
15 17 15
19 23 16
6 8 2
6 9 8
1 6 18
0 4 2
18 22 15
19 22 3
4 9 3
6 11 3
6 8 18
23 0 16
17 19 14
5 9 9
16 19 18
10 13 2
10 13 10
11 15 18
5 6 2
15 19 5
20 1 9
8 12 9
10 14 5
17 20 5
7 10 8
6 9 18
4 6 3
3 6 13
20 0 4
6 9 1
1 4 8
18 20 15
10 13 4
1 5 7
4 5 9
21 1 11
23 1 8
18 23 8
12 15 16
9 12 14
9 13 13
4 7 14
11 14 10
3 6 6
20 1 3
1 5 16
18 21 2
12 15 14
8 10 7
7 8 15
2 5 8
15 18 9
11 13 3
10 12 12
11 15 17
1 3 8
9 12 7
6 11 5
11 14 9
18 21 4
13 16 5
5 7 4
20 23 5
15 18 15
18 22 4
21 1 11
3 6 18
23 3 3
17 21 6
19 0 8
7 12 4
16 20 4
12 15 17
10 13 12
5 7 3
6 9 6
6 9 14
5 7 9
5 7 17
12 15 11
11 14 10
2 6 18
22 1 5
9 13 3
12 16 7
23 2 8
15 18 11
18 20 17
17 20 16
22 1 17
21 0 18
5 8 1
23 2 6
1 2 3
3 5 10
22 1 2
0 2 13
21 0 10
2 5 4
2 5 17
3 7 1
15 19 8
6 8 12
1 4 8
9 13 14
18 21 9
5 7 13
11 14 10
1 5 4
11 14 3
16 18 14
2 5 7
8 9 13
12 17 9
15 17 13
5 9 7
4 6 4
14 17 9
19 23 5
3 5 13
6 10 13
0 2 8
5 9 12
21 23 17
5 8 4
1 3 6
8 10 11
23 2 8
9 13 15
23 0 9
21 0 13
22 1 17
14 16 18
22 2 10
13 16 7
23 1 9
16 20 17
9 13 9
13 16 10
20 0 13
13 17 6
9 11 11
11 15 9
16 18 5
2 5 2
13 14 9
23 1 17
0 4 2
8 10 6
17 21 1
17 20 15
23 2 15
13 15 9
6 9 14
10 13 17
17 20 14
11 13 3
11 14 6
14 15 7
14 18 17
2 6 4
15 17 10
4 6 14
10 12 5
16 19 2
5 8 4
21 0 5
7 10 9
6 9 11
21 1 18
15 16 12
5 9 9
2 7 8
6 9 1
3 6 4
4 8 5
15 17 2
11 16 11
9 13 15
2 4 8
8 12 6
9 11 6
20 23 3
0 3 13
12 12 12
15 19 11
3 5 6
10 12 10
21 0 8
1 5 8
1 3 10
16 18 5
2 3 11
12 14 8
5 8 13
21 0 14
3 6 18
2 4 3
12 16 10
1 5 10
19 22 10
14 18 2
10 11 16
8 11 13
20 0 4
14 17 3
16 20 10
3 8 17
16 18 9
6 9 6
7 10 17
3 4 16
22 2 16
0 3 8
14 18 13
0 2 1
12 15 14
20 23 5
8 11 2
15 19 18
12 15 17
19 23 17
2 7 15
13 17 4
2 5 12
16 18 2
1 3 16
9 11 9
12 16 3
4 8 14
7 11 11
7 10 4
19 23 17
12 17 9
8 11 6
9 11 14
10 12 3
0 2 7
14 17 15
12 15 16
1 2 15
17 20 12
2 5 5
9 11 5
14 14 1
1 4 13
12 17 6
16 17 10
14 17 7
15 20 7
16 17 15
12 17 6
7 9 4
8 11 3
18 22 7
12 13 13
19 20 3
11 13 9
23 2 18
0 3 7
9 12 2
8 11 13
14 16 18
3 7 17
16 19 16
3 7 12
3 5 6
22 3 17
4 5 3
14 17 15
2 4 17
9 12 1
17 19 12
9 15 2
14 17 2
3 7 5
3 5 3
4 6 2
10 14 11
2 4 16
4 9 1
11 14 10
8 11 2
18 19 4
6 10 1
9 13 4
1 4 8
14 17 3
15 19 1
6 9 6
6 9 10
7 10 7
0 5 13
12 14 14
21 23 9
12 15 11
6 10 10
3 5 3
9 13 5
23 1 3
8 10 16
10 13 9
9 14 1
3 5 17
22 23 8
13 16 8
2 6 9
21 0 11
14 17 16
2 6 10
11 13 18
23 4 15
7 9 5
1 5 2
1 7 13
5 8 13
3 6 14
12 17 17
15 17 7
15 19 11
3 5 11
15 17 1
16 20 12
6 9 6
20 0 7
18 21 15
18 20 10
19 23 11
18 21 7
5 10 18
9 12 1
9 12 8
13 17 6
11 15 13
22 0 17
10 13 12
21 23 2
20 22 4
14 15 2
1 5 5
19 22 11
8 11 12
14 17 4
11 13 2
1 5 3
21 2 16
0 2 15
23 2 15
18 21 8
14 16 12
21 0 14
8 12 3
19 22 17
7 12 18
18 22 2
12 14 11
14 17 4
3 6 9
17 20 16
9 12 2
23 2 15
9 11 12
2 4 8
4 7 13
5 8 3
11 13 6
23 4 14
21 23 4
13 17 5
6 10 10
1 4 8
22 1 4
18 22 3
0 2 16
14 16 11
14 18 18
17 18 16
16 18 4
0 3 17
7 10 2
3 8 12
16 20 16
2 8 9
14 16 13
8 12 7
20 0 16
1 4 11
5 8 17
15 17 4
7 9 14
15 18 14
21 23 4
21 0 16
22 0 10
8 11 14
23 1 12
13 18 4
7 10 12
19 21 11
3 7 11
21 22 1
0 4 3
3 6 2
1 5 8
11 14 15
8 10 16
3 5 13
17 20 9
13 17 18
6 9 1
8 11 11
4 6 6
6 9 13
14 17 15
7 8 14
15 18 10
21 23 8
14 18 13
21 0 15
2 6 7
5 8 18
7 10 9
7 9 2
10 14 8
4 7 2
11 15 15
12 16 16
22 0 5
14 18 7
0 4 3
23 3 2
12 15 5
15 18 9
7 9 11
7 9 8
15 19 15
8 12 3
3 6 8
6 8 5
14 17 5
22 2 13
10 14 14
4 8 15
9 12 11
2 6 12
6 10 17
7 10 10
21 22 1
15 18 11
5 9 7
10 14 7
13 16 14
0 5 10
14 17 6
15 17 9
1 6 9
13 16 10
17 20 18
20 23 4
7 10 14
10 14 5
0 2 13
8 11 16
15 18 17
10 15 10
17 21 18
16 19 4
23 1 11
22 23 5
14 17 7
23 1 3
8 11 13
4 8 17
10 13 6
14 17 6
6 10 7
5 8 6
23 2 13
10 13 6
6 8 9
14 17 10
2 6 18
22 2 18
2 6 11
6 9 17
10 14 12
10 15 13
8 10 13
11 14 8
4 9 6
0 3 12
12 14 11
12 14 6
23 1 5
18 22 9
5 8 5
19 23 15
5 7 12
8 11 7
5 9 8
14 17 15
23 1 8
8 10 12
8 11 14
6 6 5
11 15 4
13 17 10
17 19 14
15 17 12
7 11 17
17 19 17
16 20 3
12 14 17
16 17 13
11 14 14
4 8 1
18 20 16
16 19 10
0 3 2
20 23 18
14 18 2
2 4 10
16 18 8
1 3 18
23 1 2
14 18 1
6 9 4
23 3 17
1 5 15
1 4 10
18 20 11
16 18 11
10 13 3
8 10 6
14 16 13
0 2 2
1 4 2
18 21 1
18 21 9
16 20 11
18 20 17
23 2 2
1 2 10
23 2 7
18 21 17
23 2 15
19 20 3
12 16 10
0 4 16
4 6 7
19 23 13
7 11 18
21 23 18
9 12 3
22 0 16
12 13 13
17 20 7
4 8 9
4 7 1
22 2 2
9 12 2
14 17 5
19 21 6
14 17 7
12 17 3
6 10 7
1 5 1
20 23 10
8 10 1
18 20 13
23 0 16
1 5 18
22 1 5
12 16 17
10 13 6
21 1 1
13 16 16
23 4 8
10 13 15
5 9 17
9 12 12
19 21 13
19 22 18
8 12 3
18 20 6
0 5 16
23 3 3
7 12 8
13 17 4
6 9 2
18 22 8
2 5 8
20 23 16
13 16 8
6 10 14
22 1 15
2 5 5
14 15 4
8 13 4
3 7 17
15 17 9
20 0 9
