1700 17
1 3 8 6 10 7 6 9 4 6 3 7 7 10 8 4 10 
0 4 15
19 23 8
17 20 10
1 4 1
6 8 11
22 23 13
17 20 13
4 6 14
14 17 1
11 15 4
8 11 9
15 17 12
21 1 13
11 14 14
9 11 1
4 7 15
0 2 14
2 6 8
17 19 12
10 12 14
16 19 2
0 5 6
4 8 17
12 14 1
5 7 17
7 9 10
5 8 11
16 20 17
1 3 10
13 16 8
17 20 12
8 10 3
0 3 5
9 12 10
4 6 3
15 17 6
11 14 9
4 7 1
13 15 2
6 9 6
0 1 11
7 10 5
23 1 4
16 20 1
17 18 6
13 16 5
3 4 10
14 15 2
2 6 16
0 2 15
0 3 17
13 16 4
20 23 9
16 17 15
13 19 17
20 22 4
18 19 15
14 16 17
8 10 16
9 14 13
14 16 2
4 7 1
19 21 8
22 3 5
12 15 3
0 3 13
9 10 7
5 8 1
19 21 9
18 20 6
8 9 13
14 18 16
20 23 3
7 10 12
21 1 14
15 19 8
1 4 14
18 20 9
5 8 2
9 11 17
22 23 12
4 6 10
6 9 14
4 8 7
8 11 13
5 9 1
20 23 17
12 15 5
0 5 7
19 23 6
7 11 6
5 8 8
6 9 14
13 15 9
15 18 5
8 9 8
23 1 7
15 17 13
10 12 10
4 7 14
5 7 14
11 12 8
22 1 11
4 7 1
13 15 17
7 11 7
22 0 16
8 11 5
17 20 11
14 17 14
9 13 1
14 18 4
15 17 12
0 2 8
7 9 9
4 5 7
18 21 17
12 14 3
1 4 3
22 0 16
6 9 4
8 10 16
20 22 8
1 5 11
17 21 8
2 5 5
10 13 13
19 23 17
23 3 1
4 6 4
15 19 15
3 5 9
4 7 2
23 1 8
5 8 4
4 8 3
11 15 10
12 14 13
23 2 12
9 12 4
18 21 6
3 5 4
7 8 1
21 0 11
22 4 11
1 5 17
23 3 3
9 13 4
9 12 14
14 17 3
12 16 4
13 15 5
1 4 6
3 6 10
8 11 14
5 8 6
4 7 16
11 15 3
11 15 11
2 6 12
9 12 7
20 1 16
15 17 12
3 6 17
0 4 6
8 11 16
10 13 3
10 14 10
12 14 10
17 19 9
16 19 17
8 10 4
15 18 11
1 4 1
7 9 12
1 5 8
18 20 10
18 20 12
19 0 12
19 23 3
7 10 12
13 16 4
1 2 17
12 14 4
10 12 12
12 15 6
5 7 13
22 1 16
16 21 17
5 7 12
5 8 8
4 7 3
12 15 12
4 7 12
21 1 8
14 18 5
21 21 15
3 7 17
2 6 2
3 6 6
5 9 4
1 2 3
12 12 13
13 16 8
4 7 5
6 8 17
14 18 12
23 2 10
17 20 15
2 3 14
9 14 3
10 14 16
11 17 11
3 5 6
21 23 17
10 14 3
4 6 12
13 15 13
15 17 12
22 0 4
13 16 9
17 21 12
23 3 4
18 21 13
20 23 6
5 8 5
0 3 15
19 22 3
12 15 6
9 13 15
15 19 10
2 6 14
5 8 12
11 14 6
22 1 10
19 22 4
18 20 15
20 0 6
6 10 1
10 13 8
6 9 2
14 18 10
13 15 14
9 14 12
15 18 12
1 3 15
7 11 10
18 22 14
7 8 1
5 9 14
14 16 2
11 13 2
20 23 1
13 16 14
17 20 3
10 13 5
19 23 15
9 11 5
19 22 4
13 15 10
11 15 17
5 7 15
17 18 7
16 19 13
2 4 14
12 15 8
20 22 1
2 6 17
19 23 1
1 4 7
3 7 1
3 5 10
2 5 17
11 15 14
11 13 13
1 4 13
7 9 4
4 6 11
3 5 5
11 13 6
3 6 6
21 22 10
7 9 6
6 10 3
19 22 9
18 21 16
16 20 17
3 5 4
18 21 2
5 9 8
21 1 15
19 23 9
8 10 7
22 1 13
2 4 13
22 2 9
2 5 8
14 17 4
14 19 10
5 8 15
15 18 15
17 19 10
11 14 11
10 15 16
23 1 12
20 22 13
15 17 5
10 13 16
8 13 1
5 9 11
17 20 16
9 12 5
2 5 10
22 1 15
2 5 11
10 13 4
7 12 2
6 8 17
10 13 9
0 3 10
19 23 6
23 3 3
6 11 7
23 1 3
12 14 10
7 10 4
1 4 17
19 22 2
23 4 13
19 23 14
1 4 3
20 23 17
4 8 1
19 22 8
14 17 13
2 5 9
2 4 14
21 22 6
9 12 16
8 11 12
23 1 6
1 5 11
3 7 8
17 21 12
6 10 13
14 18 5
2 5 1
19 23 15
10 14 11
12 13 6
22 2 9
5 10 9
10 13 1
4 6 7
18 20 8
13 18 5
16 17 16
19 22 2
22 2 2
5 8 5
14 17 5
19 21 15
10 14 5
0 3 11
10 14 9
7 12 3
18 22 13
11 15 5
4 8 9
2 4 14
16 20 2
12 16 1
9 11 16
6 9 6
3 6 7
15 17 11
6 9 10
22 0 17
14 16 16
7 10 3
0 4 2
23 1 7
10 14 13
6 10 10
9 14 12
20 0 8
5 7 6
6 9 12
7 10 5
20 21 16
4 7 3
11 13 7
10 11 4
0 3 14
18 22 9
16 18 9
6 10 15
14 15 14
18 20 6
21 1 13
21 0 17
0 4 6
13 17 3
13 16 6
21 2 17
23 2 10
0 4 9
1 4 14
19 21 8
7 11 17
2 6 7
0 3 11
4 7 12
11 14 9
16 20 1
4 8 9
18 20 1
1 2 10
2 8 2
2 5 6
8 8 16
16 18 6
15 20 13
15 18 4
22 1 8
16 17 14
10 12 1
3 6 10
10 12 4
20 23 11
4 7 4
4 8 13
22 0 3
12 15 8
20 22 2
18 21 12
4 8 8
6 9 17
5 9 8
4 7 11
10 14 4
9 11 1
2 7 17
8 13 13
21 23 8
17 21 6
22 2 1
14 17 8
10 14 5
15 18 6
21 1 4
22 1 8
6 9 10
15 18 12
3 7 8
14 16 4
23 2 11
0 3 17
9 11 11
19 0 14
19 21 11
6 8 8
9 13 6
11 15 8
17 21 5
19 22 14
17 19 16
21 0 2
22 1 8
11 15 8
22 2 15
16 20 12
2 6 6
13 16 16
14 18 3
15 18 1
11 14 8
3 6 12
14 16 12
17 20 9
2 5 10
2 6 8
19 23 11
21 23 12
1 4 6
10 14 8
17 19 9
2 5 13
6 10 1
18 21 16
23 3 17
10 13 17
22 2 2
15 18 8
12 16 8
18 22 11
20 21 4
12 14 12
18 23 3
5 8 2
20 22 4
21 23 2
7 12 11
9 10 13
19 23 2
8 11 3
6 7 6
4 8 6
3 5 6
0 3 8
21 22 7
3 6 9
17 18 12
20 22 11
23 2 14
0 4 4
4 8 8
20 23 7
6 8 4
0 4 13
11 14 5
11 15 10
18 20 9
4 6 6
12 16 11
7 9 8
5 9 7
13 17 11
2 4 5
5 8 1
23 3 2
16 21 16
13 16 12
4 6 12
1 4 7
3 5 1
11 14 3
13 17 15
1 3 11
15 18 9
4 8 13
18 21 8
19 20 8
13 17 13
22 2 9
2 6 10
22 23 4
9 13 1
21 23 5
0 3 9
21 1 6
3 6 11
4 7 3
2 4 12
7 12 2
11 14 16
0 1 8
17 19 3
12 15 14
12 16 5
15 19 6
21 1 10
6 7 8
11 16 2
5 9 11
3 5 7
3 6 8
4 6 11
1 5 17
21 0 5
8 10 16
5 7 12
22 1 13
9 12 15
12 16 10
17 20 5
18 22 6
13 16 8
17 21 3
1 4 4
3 6 9
22 0 8
17 20 17
10 14 16
20 22 14
0 2 2
0 2 2
12 17 5
14 14 2
23 2 17
15 18 16
3 7 5
7 9 1
10 13 10
11 14 8
0 4 4
0 5 3
3 5 4
7 11 5
18 22 11
3 5 3
22 2 1
16 19 9
3 6 15
13 17 15
0 2 7
10 13 10
22 0 12
9 13 1
20 1 14
15 16 6
3 5 10
11 12 8
5 8 4
1 3 2
22 1 5
18 22 6
1 4 12
6 8 16
0 2 3
18 22 14
1 3 11
1 5 8
10 12 10
0 4 11
1 4 5
11 11 14
17 20 4
3 6 7
18 21 7
15 19 9
3 5 12
14 18 10
17 19 16
20 23 5
12 17 16
2 5 15
7 8 2
18 20 14
6 7 4
2 5 1
7 11 2
16 19 7
8 12 8
6 9 5
19 22 10
7 10 17
10 14 13
20 23 2
14 17 4
19 22 5
19 22 6
16 19 8
22 0 3
16 19 4
16 19 10
15 19 3
7 9 7
4 9 14
6 10 2
13 15 16
16 18 9
18 20 3
7 10 13
10 13 6
23 1 2
3 5 11
13 17 6
17 21 6
4 6 11
4 8 8
6 11 13
9 10 5
18 22 15
19 21 5
15 20 10
0 3 5
2 6 13
0 3 4
12 13 5
6 9 4
7 9 1
20 22 17
21 0 3
1 5 7
13 15 13
23 1 16
4 7 1
7 11 8
8 12 13
0 2 8
20 0 15
11 13 8
20 0 1
4 6 12
20 0 11
14 17 9
8 12 6
9 13 15
22 22 12
15 19 10
23 1 7
11 15 13
21 21 16
14 18 6
7 10 16
12 16 9
19 22 2
4 6 16
9 12 17
11 12 15
6 8 16
15 19 1
20 23 5
11 15 15
20 22 11
0 3 4
1 3 16
20 22 7
20 23 2
20 22 13
1 5 8
23 2 12
22 2 11
23 2 17
6 8 14
23 2 2
20 23 16
10 13 16
14 16 13
22 23 7
22 1 6
7 8 13
21 0 9
15 17 12
10 14 4
3 8 17
14 17 3
1 4 16
6 10 6
16 20 4
0 3 5
7 11 16
20 22 16
7 10 3
0 4 15
14 17 4
12 16 13
10 14 6
10 12 16
9 12 4
9 14 12
0 3 7
12 15 11
14 18 5
6 12 15
18 22 5
0 3 17
3 6 5
13 14 5
7 8 3
9 11 7
9 11 14
5 9 1
19 22 7
7 10 12
15 18 13
7 9 6
4 6 14
12 14 10
14 16 11
8 11 12
13 17 11
21 0 10
17 20 11
12 14 15
10 12 14
9 14 16
10 13 16
6 10 12
4 7 10
11 15 9
19 22 3
23 4 6
6 10 8
3 7 14
6 10 5
23 1 4
21 23 12
11 12 1
0 4 16
14 18 7
6 9 15
10 13 15
0 3 11
3 5 10
22 1 3
6 8 11
13 16 7
22 2 1
8 13 2
10 13 6
2 5 15
12 14 17
7 9 13
1 5 12
1 5 17
23 2 8
17 21 13
0 7 9
20 0 1
6 8 8
8 12 9
10 12 16
14 17 4
8 11 6
0 4 8
8 11 4
13 16 3
2 5 3
17 21 12
12 17 1
19 22 11
3 6 10
0 3 17
13 17 17
8 12 4
8 10 13
21 23 7
18 22 1
11 14 9
0 5 9
17 21 7
5 9 2
11 14 15
0 2 15
7 11 16
18 20 11
20 0 16
9 14 12
9 12 10
3 6 17
14 18 1
17 19 7
16 19 16
8 11 15
7 8 1
17 19 13
9 11 11
4 7 9
18 21 8
1 4 11
19 22 5
8 12 5
11 13 6
11 14 13
4 7 4
23 1 5
13 14 5
13 15 4
6 10 4
1 4 3
15 18 9
1 5 5
15 18 2
23 0 13
17 20 10
17 20 2
9 10 10
2 5 17
1 3 8
2 5 16
18 20 1
4 7 7
18 21 15
12 14 15
9 12 15
4 8 2
1 4 1
15 17 2
18 21 15
12 15 11
15 17 7
8 11 6
11 15 2
0 3 17
11 13 6
19 22 5
8 10 16
3 5 13
6 10 13
3 5 15
13 17 6
22 23 9
13 18 10
7 10 17
4 5 11
0 3 5
2 3 7
10 14 15
17 20 3
9 12 11
21 23 3
2 5 2
6 8 17
5 10 17
21 23 17
13 16 7
8 12 15
16 19 15
1 3 13
8 10 4
23 2 13
9 11 6
5 8 13
6 9 13
4 8 6
21 22 1
7 11 13
23 3 5
0 1 12
7 8 4
12 17 14
17 21 12
11 13 3
7 9 2
16 17 8
15 16 16
1 5 17
19 22 9
17 20 2
23 0 1
8 10 1
7 9 7
23 3 3
20 22 12
0 2 2
13 16 3
22 3 8
2 5 4
3 5 14
11 14 15
11 14 7
5 7 10
4 6 16
3 7 8
16 18 12
13 18 13
3 7 7
18 21 10
4 6 15
18 21 15
13 17 16
9 12 6
6 8 12
19 22 5
2 5 15
12 16 17
19 22 16
0 2 12
7 9 4
18 21 8
16 19 2
1 3 11
23 2 9
8 11 5
15 20 1
22 0 10
10 12 16
13 16 4
16 19 14
1 4 7
17 21 16
16 19 3
17 19 11
5 11 14
0 3 8
11 15 16
4 7 10
8 11 5
13 16 1
14 18 6
11 14 6
4 7 10
3 8 6
3 7 9
1 5 11
6 8 7
0 3 13
17 20 12
2 6 2
5 8 3
5 8 17
23 2 2
11 14 7
5 8 5
10 13 13
14 17 1
8 11 15
13 18 13
9 13 7
10 11 4
9 12 5
4 7 14
17 20 14
0 3 9
1 4 9
14 18 15
13 17 14
16 19 11
5 7 7
2 3 8
14 17 13
21 0 5
15 17 1
5 9 1
22 0 14
5 8 17
4 6 16
15 18 6
20 22 6
3 6 12
20 2 11
1 3 15
0 4 3
7 9 8
12 16 6
22 23 8
16 19 15
1 4 13
14 15 10
15 17 4
1 4 9
12 15 1
9 10 15
14 18 8
23 1 1
19 20 12
21 0 12
0 2 14
6 10 14
3 5 14
11 14 13
7 8 3
21 23 5
18 22 5
19 23 17
23 3 14
16 19 3
16 19 9
19 22 10
14 16 16
1 3 14
14 18 2
8 11 7
9 13 14
12 14 17
17 19 3
9 12 13
11 15 17
22 3 11
1 3 1
5 8 10
4 8 11
4 8 11
12 13 7
7 10 15
19 19 13
2 5 5
2 3 4
10 16 17
10 12 16
17 21 3
14 17 2
19 22 15
7 11 16
8 12 1
6 8 6
4 6 10
20 0 8
22 0 4
13 16 12
4 7 14
10 13 13
11 14 14
12 15 1
14 17 9
0 2 15
8 11 4
15 19 9
14 15 2
13 17 4
8 13 11
4 8 13
7 10 15
16 19 16
9 11 12
15 17 14
0 3 9
20 0 13
5 6 2
12 14 14
14 18 3
8 12 10
6 9 1
18 20 1
11 14 9
3 7 5
2 6 9
8 10 14
0 5 8
19 21 9
21 23 8
21 1 14
12 15 2
16 20 8
3 5 5
0 2 10
18 21 9
3 7 14
7 10 8
14 15 2
5 8 4
0 4 4
16 19 10
7 9 3
6 8 11
17 22 8
19 23 3
5 8 2
1 5 6
7 9 16
10 13 12
21 23 3
0 4 3
8 12 6
20 23 9
10 12 10
0 3 7
8 11 4
15 17 9
21 23 6
23 2 15
8 11 1
8 10 16
8 13 15
12 14 17
17 22 7
4 6 13
2 5 14
5 6 16
12 15 11
22 23 2
21 1 6
7 8 12
19 23 14
1 4 6
19 22 1
12 15 16
21 23 11
20 23 3
3 6 11
19 21 16
4 9 10
14 16 11
20 23 17
7 10 11
1 4 12
6 10 17
17 21 2
8 10 14
4 8 7
12 14 3
16 19 3
16 17 5
3 6 9
17 21 14
9 12 16
22 23 12
7 9 12
12 14 13
6 8 13
2 4 11
16 19 11
7 9 2
15 17 5
10 15 15
10 14 13
21 0 5
16 19 8
20 0 12
16 18 4
5 10 15
17 21 3
16 21 9
1 4 7
12 15 9
16 18 14
4 8 2
12 16 13
5 9 5
0 4 4
2 4 1
0 4 3
18 21 9
23 2 6
1 3 17
6 9 15
22 1 10
10 14 5
17 20 3
16 19 14
22 23 1
7 9 11
19 22 15
3 6 12
16 20 17
1 4 5
2 4 11
9 13 9
9 12 8
18 20 17
21 23 15
22 1 8
17 20 9
12 17 13
20 22 16
20 23 3
4 5 2
6 9 17
2 5 6
7 9 13
5 9 12
16 20 4
16 20 4
23 2 3
11 15 12
2 6 4
11 13 16
17 19 15
3 6 2
17 20 8
4 6 5
11 15 2
20 1 4
20 23 3
13 16 2
16 19 8
10 14 13
13 16 6
9 13 10
10 12 4
1 3 17
23 1 9
8 11 1
18 21 11
5 8 10
18 20 15
9 13 8
15 17 11
4 7 8
23 1 11
13 16 11
16 20 12
4 6 6
8 11 5
7 11 9
5 9 12
8 11 15
21 0 3
9 11 3
0 4 3
17 22 6
11 16 5
12 14 16
2 5 16
3 7 7
16 20 5
8 9 7
5 7 4
22 0 7
11 15 1
21 1 2
14 18 13
19 23 10
17 20 14
20 0 15
23 1 15
14 17 3
15 18 17
13 19 15
15 18 14
4 9 11
6 8 2
13 16 8
17 18 4
7 11 4
12 17 11
18 21 6
11 16 14
22 0 15
23 3 15
14 18 3
16 21 10
16 21 16
8 10 5
4 7 2
13 16 6
10 13 13
6 11 5
18 22 8
14 18 17
10 15 16
15 17 10
2 4 10
15 17 1
23 1 15
19 1 8
18 20 8
14 16 5
11 14 2
14 17 12
4 9 12
2 3 15
19 23 10
3 7 2
6 8 13
19 23 16
10 13 10
22 2 13
15 18 11
1 5 7
15 16 1
7 11 8
6 8 9
2 5 4
0 1 5
23 0 10
17 19 15
0 4 6
10 14 16
7 11 12
1 4 6
19 22 5
4 6 5
22 1 7
19 22 8
19 21 13
21 22 8
11 13 5
10 13 15
14 15 14
7 9 11
7 8 2
11 14 7
12 15 10
20 22 6
1 3 17
15 17 14
14 17 7
17 20 7
13 17 12
21 23 3
22 1 12
21 0 16
7 10 7
22 23 3
23 1 13
9 12 6
17 23 15
16 17 16
14 18 5
9 12 12
5 8 7
16 19 12
17 20 11
2 5 15
13 17 12
7 9 10
2 6 1
10 13 3
9 11 16
4 9 1
7 9 14
3 6 17
23 1 11
13 16 17
8 12 17
15 19 16
15 19 3
10 12 2
5 9 10
21 1 11
12 14 17
13 17 11
8 11 1
12 14 8
0 4 3
2 6 17
11 14 4
11 13 7
19 23 6
1 2 16
21 23 17
10 14 7
0 4 17
23 3 2
10 12 1
10 12 12
11 14 16
5 7 5
17 20 12
13 16 1
16 19 14
6 9 17
19 22 15
17 19 3
21 23 14
8 10 11
15 18 17
21 0 8
7 10 8
11 13 17
15 20 5
8 12 8
13 17 3
13 16 16
3 5 10
3 6 13
22 0 11
17 19 6
14 18 8
15 18 4
15 19 8
4 7 13
3 7 2
20 23 1
6 7 7
5 8 4
22 1 3
5 8 3
3 6 4
10 13 9
22 0 3
17 21 3
21 22 16
17 20 3
23 2 16
1 3 7
22 2 13
13 16 1
4 7 13
15 19 4
0 3 17
9 11 6
19 23 11
11 15 3
6 10 7
3 7 7
17 20 12
0 2 8
8 10 3
6 9 10
14 17 16
8 12 11
13 18 15
9 11 1
6 11 7
18 23 2
11 14 10
10 13 15
19 22 2
17 20 13
18 20 7
20 0 15
17 20 13
16 19 3
18 21 10
22 22 15
14 18 2
23 2 3
12 17 9
17 19 8
22 23 8
11 15 15
7 11 8
11 13 1
15 18 2
21 0 9
8 13 4
21 23 15
2 7 8
1 4 17
6 9 14
7 9 2
21 23 9
18 21 2
1 4 6
11 14 5
19 23 14
6 10 3
21 1 13
6 9 1
10 13 14
6 9 5
3 5 1
8 10 7
9 13 13
6 9 6
21 22 6
22 1 4
7 10 16
16 20 6
9 11 12
9 12 14
22 23 12
14 16 2
7 10 16
1 4 1
22 2 2
21 0 3
20 23 15
7 10 10
13 17 8
11 15 1
0 4 12
18 20 17
20 22 17
0 5 6
6 8 17
6 9 5
9 10 15
10 13 16
19 23 6
1 4 9
18 20 12
14 16 17
20 23 10
9 13 17
16 18 10
8 11 9
10 14 15
7 10 16
10 13 9
2 6 17
18 22 12
0 3 6
1 4 6
1 4 17
10 15 3
18 21 11
22 1 2
0 2 3
17 18 1
11 14 6
6 9 3
17 18 4
0 3 5
10 10 10
11 17 2
2 6 4
12 15 11
22 1 13
21 0 15
17 22 4
8 13 12
3 4 16
8 9 13
13 17 11
19 20 12
3 5 17
6 7 6
23 4 5
4 6 12
14 18 4
13 15 11
6 7 15
21 0 2
19 0 6
14 17 1
7 10 4
14 17 1
22 0 11
2 5 3
1 5 2
6 9 12
11 13 3
17 22 11
13 17 2
23 2 17
23 3 15
16 18 9
23 2 8
20 0 3
9 12 4
5 8 1
5 7 7
1 4 9
11 15 11
5 7 8
2 5 14
19 22 16
8 10 2
13 16 5
11 16 13
1 3 7
7 9 12
12 16 7
20 23 10
12 15 14
23 2 9
21 23 5
6 10 11
4 8 5
12 15 17
10 13 13
7 11 9
12 15 15
10 13 7
21 1 8
10 13 15
14 17 9
3 5 11
2 4 12
16 18 14
4 8 5
17 19 14
14 17 14
10 14 16
17 20 15
0 5 7
8 10 13
3 6 4
19 21 14
20 23 13
16 20 7
11 13 10
23 2 1
12 15 7
4 7 17
14 16 9
7 12 5
20 22 13
21 23 12
17 22 5
23 5 8
12 15 12
18 23 1
6 9 1
21 1 7
17 20 5
20 0 2
22 1 1
15 19 4
16 20 4
6 9 9
5 8 16
0 3 12
2 4 4
21 1 2
5 8 9
5 9 4
11 14 12
15 18 11
23 4 11
15 19 12
17 21 7
5 8 2
19 20 8
20 22 9
8 9 16
11 14 10
23 3 10
17 20 7
0 3 9
3 6 4
18 21 1
18 21 17
0 5 1
19 19 10
18 21 4
18 21 12
12 16 16
15 20 1
19 22 16
2 6 8
18 19 4
8 12 9
14 18 11
11 14 2
16 20 3
11 15 15
8 9 6
1 4 5
13 14 17
18 19 17
6 10 1
1 4 7
14 18 5
2 4 6
