2300 10
4 8 4 4 7 2 7 9 2 7 
22 2 7
3 8 2
10 13 6
10 13 4
23 3 8
13 15 4
15 18 10
7 9 10
6 9 2
5 8 8
13 16 4
5 7 4
0 3 7
4 6 9
5 8 1
22 2 9
13 17 9
7 11 3
4 7 9
19 22 10
4 6 2
16 20 10
20 23 3
12 15 5
9 11 2
22 23 2
12 17 5
8 10 3
20 23 3
21 22 4
12 17 9
0 2 5
2 4 9
4 8 4
11 15 4
1 5 9
4 7 3
18 21 6
18 22 6
13 15 10
10 12 6
4 7 9
7 9 2
6 9 2
6 9 3
12 14 1
13 15 5
13 17 1
3 6 4
6 10 3
23 2 5
3 5 3
16 20 8
5 7 9
12 15 8
23 2 2
5 10 6
23 2 8
21 0 3
13 17 10
16 20 5
2 5 4
4 7 9
23 0 1
3 6 10
18 19 10
4 7 10
9 14 7
6 9 5
10 13 7
2 6 4
12 17 9
6 9 9
1 4 3
1 5 6
4 7 10
6 9 7
23 2 7
0 2 5
6 9 6
16 18 1
1 3 5
23 2 3
6 8 8
13 15 10
3 6 3
18 23 7
12 13 5
4 7 2
0 4 6
23 3 6
18 21 4
10 13 7
19 22 10
1 3 3
23 1 4
4 7 1
20 23 3
13 17 3
0 1 4
15 19 2
16 19 9
19 20 7
8 11 10
19 22 4
5 7 10
0 5 9
0 3 7
16 19 1
6 8 1
11 13 2
3 6 9
4 8 2
2 5 3
2 4 10
9 13 4
15 18 4
2 5 3
6 7 3
18 20 2
11 15 9
7 9 2
10 12 2
6 9 10
16 18 4
4 10 6
1 3 6
8 10 6
19 21 1
0 4 3
19 22 2
20 20 4
16 20 1
11 15 2
6 9 2
19 23 9
21 23 4
20 0 5
12 13 2
1 4 10
0 4 2
20 23 4
19 23 10
20 23 4
5 8 7
2 4 9
13 16 6
1 5 10
16 19 5
16 19 10
13 15 5
13 17 4
22 0 2
10 12 6
14 18 1
8 12 3
21 1 3
20 0 6
0 5 7
22 0 4
9 13 10
18 20 1
11 13 8
9 12 2
7 11 2
4 5 6
11 13 8
5 11 1
0 2 10
23 3 10
9 12 8
16 19 2
9 12 1
4 6 7
9 11 10
16 21 2
23 2 10
0 4 10
13 17 10
7 11 8
9 14 6
5 9 5
3 6 4
2 5 10
23 3 2
8 11 5
2 4 8
10 13 8
0 3 3
12 17 4
23 3 1
18 20 4
23 2 7
8 12 7
16 20 8
23 23 6
1 4 9
1 4 6
15 18 3
7 12 2
16 19 6
14 16 1
19 23 3
21 22 10
3 5 5
1 5 10
22 0 1
3 6 10
9 13 7
7 8 4
5 8 4
3 5 1
3 7 1
0 4 6
9 12 1
12 15 3
12 15 9
0 3 5
13 14 10
11 14 5
23 3 7
22 1 2
22 1 5
6 9 10
5 8 4
23 3 3
4 7 3
5 8 6
6 8 8
22 2 2
10 14 2
1 5 3
6 10 10
7 9 10
12 17 1
20 23 4
16 20 5
9 10 6
2 4 8
3 5 4
10 14 6
5 10 9
21 22 8
3 5 8
16 21 4
13 17 6
16 19 7
13 15 4
16 18 9
20 22 5
1 4 9
8 10 6
2 6 3
10 13 6
18 21 3
7 10 3
3 5 2
12 14 6
9 11 10
13 18 3
8 10 6
14 14 5
3 5 6
21 23 9
14 17 7
23 3 9
19 22 10
7 9 6
7 8 2
14 17 3
0 3 2
14 18 8
1 4 6
4 7 8
14 16 3
15 19 6
15 18 5
20 22 3
5 8 8
8 10 2
15 19 6
20 23 6
15 17 5
19 1 6
4 7 4
2 7 10
2 4 1
9 11 5
12 16 6
11 14 5
0 3 8
11 14 10
15 16 6
16 20 1
11 14 6
11 14 4
16 20 10
18 21 9
5 8 9
9 14 1
11 13 7
0 2 10
10 12 4
0 4 3
2 5 10
17 21 1
4 9 2
16 19 4
21 0 9
12 17 7
11 14 7
14 15 7
9 13 5
5 8 7
16 18 2
19 19 8
5 8 7
10 13 9
14 17 6
9 12 8
11 14 6
17 19 1
11 13 8
9 12 9
9 12 10
0 3 4
18 22 9
21 22 8
12 16 7
1 5 4
22 1 6
14 18 1
8 11 3
6 9 1
0 4 9
8 12 4
22 1 9
20 2 5
6 9 10
20 23 7
21 23 3
4 7 3
21 0 5
7 10 10
1 6 2
20 23 5
4 8 6
3 4 6
5 7 6
11 16 7
6 8 7
0 3 1
9 12 2
2 5 4
1 3 4
21 23 9
12 15 6
20 23 2
16 19 10
18 22 3
4 6 6
18 19 4
1 3 5
20 22 9
15 18 3
14 19 9
16 20 8
0 2 2
4 7 8
21 23 6
18 21 9
5 8 8
21 2 2
4 7 6
18 19 2
13 18 5
6 9 8
2 5 7
2 4 1
6 8 6
12 15 1
7 9 6
9 11 8
9 12 7
10 12 7
0 2 2
20 0 8
17 23 9
20 23 6
6 9 7
9 12 1
14 16 7
12 16 5
19 23 8
10 13 6
18 20 6
19 22 1
0 3 2
14 17 8
13 15 10
2 5 1
23 0 2
12 16 4
23 3 1
5 5 8
18 21 5
11 14 2
13 15 8
11 12 6
4 6 7
14 18 3
12 15 8
1 4 5
18 22 7
12 14 4
7 11 7
15 17 9
18 21 9
13 16 10
19 21 8
18 21 8
21 0 9
10 12 9
4 7 8
20 22 10
17 20 10
17 19 5
11 14 9
17 19 7
20 23 5
18 20 5
14 19 3
5 7 1
8 11 5
1 2 2
7 10 3
22 1 8
19 21 5
3 5 2
8 11 4
4 8 1
1 3 9
1 3 4
0 1 2
15 17 10
8 10 9
16 20 5
5 8 8
4 7 1
1 4 3
8 11 4
8 11 8
15 17 2
15 18 3
14 17 1
4 5 9
7 11 8
6 9 2
14 16 10
9 11 9
0 2 6
21 1 8
17 21 5
21 0 9
16 18 7
14 16 7
0 3 10
22 1 3
12 13 6
16 20 10
7 9 8
12 15 1
20 0 8
10 14 7
22 2 5
0 3 9
17 20 1
18 21 8
0 4 2
6 9 2
17 21 8
10 13 3
21 1 7
3 5 9
20 22 9
3 5 4
21 1 7
5 10 1
13 16 3
12 13 1
14 17 8
21 0 3
16 20 3
15 18 4
14 15 7
17 19 3
2 5 7
11 15 9
16 20 3
19 22 2
20 23 5
2 5 2
10 13 5
20 0 9
4 7 9
13 17 9
7 12 4
23 2 3
23 2 5
21 2 6
13 18 4
8 10 10
19 23 3
16 19 9
4 6 4
8 12 4
13 15 6
14 17 9
13 17 9
16 20 7
8 13 6
1 4 10
13 15 5
16 19 3
16 17 2
13 15 3
8 11 4
10 15 9
16 20 1
21 1 8
5 8 1
18 22 4
1 4 1
16 20 1
10 15 2
6 10 7
3 6 7
15 17 4
15 16 7
3 5 7
21 1 8
10 13 3
15 18 3
22 23 7
9 12 5
7 10 4
15 18 5
21 3 7
7 9 10
15 19 5
6 8 2
1 3 10
12 14 4
8 11 8
5 8 2
15 17 10
2 4 7
23 2 4
4 6 6
6 9 8
6 7 3
15 18 2
2 6 3
15 20 1
19 22 1
19 21 8
4 8 2
7 12 5
18 23 8
5 7 3
3 5 4
3 6 8
19 22 1
2 5 3
5 6 10
5 10 3
23 2 3
20 22 8
20 21 6
14 17 2
7 11 10
23 2 9
6 9 5
0 1 1
20 23 10
7 10 6
2 4 7
5 7 2
21 1 4
18 20 5
0 5 4
14 17 3
2 6 7
5 7 6
21 1 4
7 8 9
16 20 5
23 3 10
1 3 3
18 20 10
3 5 3
11 15 2
18 20 4
20 21 3
15 18 2
17 20 8
10 13 7
3 6 7
7 10 9
9 12 1
0 -1 7
13 16 9
17 21 6
14 17 8
13 15 9
19 23 4
23 3 3
14 16 9
2 4 9
2 5 10
11 12 4
4 7 2
17 21 2
14 15 1
14 17 8
8 11 2
8 11 10
16 17 3
20 22 5
13 15 7
10 14 10
14 17 5
6 9 6
22 1 4
18 19 9
2 5 10
13 16 2
17 20 2
12 14 10
21 1 1
7 9 8
22 23 10
9 13 8
4 7 7
15 18 5
17 18 2
3 6 6
22 3 5
19 22 6
12 14 9
7 9 10
22 2 4
0 3 5
4 6 1
20 23 2
0 3 5
14 15 5
10 14 2
5 8 4
8 9 3
20 22 5
20 23 4
4 8 6
22 2 10
22 0 9
1 4 10
8 11 4
17 20 7
5 8 8
10 15 6
5 10 4
16 20 1
7 10 6
7 10 9
8 9 6
0 3 2
16 18 1
0 3 10
13 16 9
9 12 4
1 3 7
17 21 2
7 10 5
14 16 7
7 10 10
18 22 10
19 21 3
18 21 2
17 19 7
19 22 3
15 18 10
18 22 10
23 2 10
0 2 3
10 14 10
6 11 9
10 12 5
6 11 1
15 20 10
4 6 3
5 8 10
6 9 7
7 8 10
10 12 4
6 9 6
0 3 9
4 8 1
18 22 7
21 22 4
19 22 4
10 12 10
13 16 8
22 2 6
1 4 7
13 17 2
12 15 6
0 2 4
5 6 7
2 6 9
6 8 4
4 6 2
0 4 7
12 17 1
19 22 8
22 1 1
14 16 4
18 21 5
0 2 1
5 10 4
6 9 7
7 9 10
19 23 10
4 7 6
14 18 9
13 17 2
11 14 1
10 13 2
6 9 1
12 15 9
0 2 1
21 23 2
4 7 6
14 19 1
0 4 2
17 21 5
8 10 9
1 4 7
18 19 5
2 7 1
11 16 9
12 15 3
14 18 6
5 9 1
1 5 6
16 20 3
19 23 3
5 7 4
18 22 5
21 23 1
13 15 2
9 11 5
16 21 6
16 18 10
4 8 8
18 20 6
17 20 6
9 12 10
11 13 5
13 14 5
1 3 5
9 12 6
5 9 7
19 22 3
22 0 2
16 21 8
1 6 9
17 21 10
20 21 10
2 5 10
2 4 9
4 8 6
12 14 6
21 23 6
2 4 5
20 0 10
1 3 10
16 20 8
18 20 8
16 18 4
9 11 2
15 18 9
6 10 3
3 5 4
15 17 3
8 11 1
1 5 8
9 13 3
19 20 5
21 0 5
15 20 5
9 12 7
16 20 9
13 15 5
16 19 7
21 22 7
23 2 4
13 16 9
16 18 3
15 18 10
19 22 6
7 9 4
1 5 4
16 18 5
20 0 1
1 5 6
10 14 10
2 6 2
20 0 3
13 16 4
0 3 2
9 13 2
3 6 9
0 3 6
21 0 10
20 1 6
15 19 7
23 2 7
20 0 8
13 19 4
12 15 7
22 0 8
12 15 3
14 16 5
14 16 10
20 22 9
17 19 2
19 23 4
9 13 10
3 7 2
14 17 3
22 0 10
18 20 7
11 14 6
14 17 3
1 4 3
10 14 2
19 21 3
7 11 2
13 16 3
6 8 4
15 17 10
0 3 2
16 19 2
12 16 10
7 12 1
17 21 1
2 5 7
2 5 2
5 9 4
20 22 3
20 23 5
1 4 9
7 11 1
13 15 5
5 7 4
6 11 8
6 10 5
18 20 2
11 14 4
11 14 7
7 9 8
18 20 7
20 22 10
1 4 1
21 23 5
21 22 10
9 12 1
2 5 10
2 4 5
21 1 10
10 14 4
8 11 5
6 10 7
19 22 1
7 11 6
17 19 2
5 6 2
21 1 3
10 13 8
23 2 7
22 3 7
17 19 7
13 16 10
21 23 7
18 20 5
10 12 8
0 3 5
12 13 8
16 19 9
14 17 7
20 22 5
12 15 8
19 22 6
6 10 3
23 3 8
9 12 7
8 9 10
18 21 8
13 15 6
18 21 10
1 5 2
16 19 10
23 3 7
18 21 4
22 2 2
18 21 10
5 7 6
23 1 10
8 10 4
13 16 2
2 6 10
2 6 5
0 4 3
23 1 2
17 18 10
12 17 6
22 23 3
8 11 10
1 5 9
20 0 9
16 19 7
7 8 1
16 21 10
1 4 5
2 4 7
5 7 10
14 18 5
9 12 6
2 7 7
12 15 1
7 9 2
3 7 9
11 14 7
19 23 2
17 19 10
7 9 5
23 1 3
3 6 5
4 6 2
9 12 5
15 18 4
22 1 9
10 13 7
19 22 7
15 18 5
23 0 6
23 1 3
5 9 10
17 21 3
14 18 2
9 10 1
6 9 6
16 19 10
19 21 10
14 15 9
9 11 7
15 19 1
0 3 1
11 15 10
2 5 5
20 0 7
3 6 5
8 11 7
15 19 10
9 13 6
21 22 9
2 5 7
11 16 6
18 20 10
2 7 8
22 3 7
19 23 10
14 17 6
18 21 10
9 13 3
20 0 5
21 23 1
2 5 9
18 22 9
15 19 5
17 21 3
13 15 10
11 14 3
3 6 9
2 4 9
7 9 10
9 14 7
17 19 4
12 12 4
1 4 8
11 15 8
0 2 6
16 17 1
23 2 2
7 8 4
10 14 9
0 4 9
4 8 5
8 11 8
16 19 6
10 13 2
19 0 9
20 0 5
17 21 7
7 9 3
0 3 5
8 13 3
0 2 6
15 18 2
7 11 8
11 14 9
4 7 10
19 23 9
16 19 9
9 13 8
6 10 5
4 7 9
12 15 5
4 6 2
6 8 4
13 16 1
6 8 1
9 11 6
4 5 10
20 22 9
3 6 8
9 14 10
17 21 5
20 0 4
22 2 6
9 13 3
3 7 5
11 15 6
21 23 8
6 9 8
10 14 2
18 21 7
4 8 1
16 20 3
20 1 2
0 3 5
13 17 9
11 12 7
10 14 4
19 23 6
10 14 6
23 1 9
6 9 7
13 15 8
18 20 7
18 20 3
19 22 6
6 10 4
13 16 2
9 14 7
8 11 10
7 10 9
19 23 6
19 21 8
23 2 9
9 12 10
10 14 8
12 15 9
12 16 7
2 3 5
16 18 4
8 11 7
17 19 4
12 17 2
16 19 8
0 3 6
15 17 7
1 5 7
6 8 9
5 8 9
2 3 4
2 4 7
7 10 1
6 10 4
3 4 3
4 6 9
11 14 3
19 21 4
20 23 5
6 9 8
21 0 9
20 0 3
2 4 7
20 23 6
15 19 6
13 15 7
8 11 10
19 22 7
22 3 9
10 13 8
7 10 4
1 6 4
4 7 10
5 8 1
3 7 6
16 19 4
19 23 10
5 8 9
1 4 10
8 11 2
15 19 4
5 7 4
14 16 1
1 2 8
11 13 8
14 16 5
12 16 6
13 16 7
16 19 3
2 4 9
7 10 8
2 4 7
7 11 6
19 21 4
20 0 3
23 2 7
12 15 5
5 8 4
10 13 2
14 17 3
6 9 3
3 5 9
16 19 8
8 10 6
9 12 6
15 19 6
11 13 5
8 12 8
17 19 10
7 10 9
2 4 6
20 0 1
9 12 1
8 11 5
9 11 1
11 13 8
0 2 7
1 2 5
23 2 7
20 23 2
11 15 3
18 22 8
8 11 4
6 9 9
12 15 9
16 20 7
5 6 2
23 3 5
17 18 9
0 3 3
17 20 2
14 16 10
7 10 8
11 12 3
10 12 3
10 12 7
5 8 6
10 13 2
9 11 6
18 21 8
21 22 3
12 16 2
4 6 1
9 12 3
5 7 2
9 11 10
16 20 3
11 13 10
16 21 6
23 2 3
9 12 4
16 20 6
8 11 6
1 3 4
2 5 1
21 0 8
20 0 7
10 12 3
23 1 6
23 2 4
7 11 2
9 12 6
22 23 4
2 5 6
23 3 10
17 20 4
11 14 8
22 1 8
7 9 9
14 19 8
7 9 4
20 0 9
4 7 6
22 1 4
9 10 7
9 11 3
15 17 3
14 17 9
13 17 1
7 10 2
21 23 5
20 0 8
12 15 1
7 11 6
7 9 4
19 22 3
17 20 10
6 11 4
10 14 4
22 2 1
21 0 7
15 18 1
5 8 10
17 22 9
15 19 3
23 3 9
13 15 7
15 19 4
4 6 10
12 14 8
14 16 6
21 22 2
16 21 8
15 18 5
4 6 5
9 11 10
15 16 9
10 10 2
0 3 5
22 2 3
8 12 3
10 13 9
15 17 2
9 13 1
4 8 8
18 19 9
9 11 5
22 1 1
16 20 3
21 2 6
13 17 5
9 10 8
8 11 4
3 5 10
16 18 4
7 9 3
10 13 1
18 21 9
19 22 5
6 8 10
19 21 1
22 0 6
17 21 1
12 15 1
5 8 8
18 20 10
0 3 9
10 12 2
1 4 6
10 13 9
2 5 5
13 16 4
22 0 5
21 0 9
4 7 8
3 8 8
10 12 6
7 10 5
23 1 1
4 7 10
17 23 6
19 21 5
7 10 5
4 8 4
17 19 2
9 12 10
0 2 8
18 21 10
7 9 9
5 7 8
3 5 5
12 16 7
23 2 7
22 0 3
8 11 8
21 23 7
0 2 6
14 16 6
6 9 10
21 23 9
13 16 6
4 7 9
1 1 3
3 7 8
20 22 10
9 12 7
8 12 9
20 23 4
21 0 5
14 16 3
15 18 8
11 13 8
6 10 10
12 17 6
23 2 9
0 2 6
11 14 7
4 9 9
5 8 2
10 13 4
2 3 3
4 8 4
5 10 3
14 16 7
1 5 3
4 7 9
21 1 2
8 11 7
19 22 1
14 18 2
15 20 4
6 10 6
9 13 9
20 0 5
16 18 9
8 10 6
20 23 10
0 3 9
18 21 1
5 7 9
17 20 1
9 14 9
10 14 3
7 8 10
11 16 1
11 15 2
2 6 2
10 12 8
1 5 7
14 18 7
15 19 8
14 17 9
15 18 5
16 19 5
10 11 7
21 1 8
9 12 4
15 19 10
13 14 4
7 10 5
6 10 3
15 19 5
5 8 8
11 13 8
2 6 10
1 3 8
7 9 1
6 9 2
6 9 10
20 23 8
9 11 10
13 15 1
3 7 2
9 11 5
10 14 8
13 17 2
16 19 6
12 16 10
14 18 5
14 17 5
8 10 4
4 7 1
14 17 3
11 14 9
1 3 2
10 12 4
21 22 2
7 9 2
5 10 4
14 17 9
4 5 3
8 10 5
14 17 1
3 6 3
15 18 6
23 2 8
1 5 9
20 21 4
14 15 9
17 20 10
20 23 6
2 4 10
13 16 3
2 5 1
8 10 2
19 21 3
9 12 5
14 14 4
6 9 1
9 12 10
12 15 9
15 19 3
9 11 5
11 14 5
1 5 3
11 13 10
9 11 2
4 8 9
1 5 3
7 10 3
14 15 2
10 14 3
5 9 5
17 22 4
18 21 5
11 14 1
13 15 10
14 17 8
8 12 3
7 11 2
20 21 9
21 23 10
12 14 2
18 19 4
8 11 5
7 11 7
14 17 9
9 12 5
4 5 1
8 12 7
20 23 5
22 0 6
10 12 7
9 13 1
1 3 2
19 23 7
7 11 2
4 8 8
15 20 4
22 3 3
20 23 10
22 1 7
20 0 10
18 20 8
9 12 5
3 6 4
23 1 8
12 15 2
6 9 8
15 18 1
12 16 10
22 1 3
3 7 7
23 2 2
12 15 3
13 17 8
11 13 6
9 12 6
5 9 2
22 2 8
5 9 3
20 22 4
1 6 4
22 2 4
19 20 4
0 2 6
7 11 7
4 6 1
13 15 9
13 14 2
14 17 3
6 9 4
7 9 6
9 12 7
21 23 8
10 12 3
1 3 5
13 17 6
5 9 3
0 2 10
14 17 4
5 8 4
3 6 1
15 18 7
18 21 5
13 14 5
22 4 9
14 17 8
20 23 1
4 6 2
21 0 6
19 22 1
20 0 4
8 11 2
22 2 2
14 15 4
23 2 5
17 20 5
10 14 3
15 21 7
9 13 3
22 1 5
9 14 8
17 18 1
17 19 5
3 7 8
18 22 3
13 17 8
18 22 9
5 8 7
2 5 5
16 20 10
13 18 2
9 13 5
10 12 9
1 5 6
23 2 7
19 0 6
18 20 4
5 9 10
1 5 10
11 15 3
14 16 5
7 12 8
3 6 2
18 21 2
7 9 1
17 18 10
1 3 4
14 16 6
11 14 10
17 19 4
15 18 10
9 11 9
6 10 7
15 18 3
7 10 1
4 8 2
11 16 9
23 2 2
15 17 10
19 23 3
4 7 7
9 11 1
6 10 2
8 10 10
2 6 9
22 1 4
14 17 5
13 15 3
13 18 1
14 20 4
17 19 9
17 20 7
3 6 6
7 10 2
22 0 5
17 20 7
23 1 1
2 5 7
13 15 10
15 17 1
6 9 10
12 15 9
12 14 9
5 8 1
12 14 8
7 10 3
8 12 8
3 7 1
11 14 2
2 6 5
0 3 8
13 18 1
3 7 2
1 2 5
17 20 10
3 7 4
1 3 8
9 13 2
17 20 2
3 8 8
0 3 4
5 8 8
20 23 1
20 22 8
13 16 6
9 10 8
10 14 7
14 16 10
23 3 6
7 12 2
2 3 1
5 9 8
9 11 7
18 22 7
7 11 4
13 17 10
12 15 1
0 4 6
20 23 6
2 4 10
4 7 5
11 12 4
1 5 4
22 1 1
23 3 1
6 10 4
9 13 8
11 13 9
6 9 7
14 17 4
3 7 9
17 21 1
18 20 4
8 13 8
20 21 6
4 8 10
3 5 10
13 16 10
8 11 6
4 7 3
8 13 9
19 22 7
18 22 4
7 11 8
16 20 9
15 16 6
3 5 6
7 12 7
10 13 5
20 23 2
3 7 4
21 23 8
5 10 4
0 4 10
4 7 4
12 13 4
4 7 7
6 10 9
14 17 1
7 10 4
18 22 10
6 9 9
15 17 4
20 0 8
8 12 2
0 2 7
20 0 4
6 10 3
1 3 2
14 16 5
4 6 5
21 1 7
2 4 3
16 18 10
1 3 9
6 10 5
15 19 4
18 22 2
7 12 6
7 12 2
16 20 10
2 5 6
10 12 8
10 12 2
0 6 1
13 15 5
8 13 10
13 17 10
18 20 1
4 5 1
15 19 3
15 17 4
5 7 9
5 7 1
21 0 4
4 6 4
14 16 4
5 8 9
3 8 4
10 13 2
14 17 1
13 16 3
7 11 7
21 1 4
14 17 1
10 14 5
3 8 5
3 6 1
18 21 2
22 1 6
10 13 2
6 11 6
2 6 3
7 11 4
15 19 7
16 17 1
2 4 8
7 10 6
13 17 2
11 15 3
4 5 1
8 12 8
14 18 10
18 22 9
11 13 8
2 5 7
8 12 6
22 2 4
0 4 1
8 10 1
23 4 2
4 9 4
20 22 10
21 0 8
18 22 3
20 23 7
11 15 4
11 15 2
2 6 8
8 11 7
10 12 2
16 19 8
7 10 9
13 18 8
11 16 1
12 15 8
23 2 8
18 20 1
15 17 1
13 15 8
16 17 4
20 0 4
21 23 4
15 17 4
15 19 10
3 7 2
16 20 6
11 15 10
14 18 4
3 5 3
21 0 2
3 5 6
12 15 4
12 15 9
13 15 6
0 1 7
12 15 1
0 3 4
21 0 3
19 23 2
0 4 5
20 22 9
23 4 10
4 7 6
3 5 5
22 2 8
14 16 8
2 3 9
18 20 10
6 10 6
15 17 8
18 22 6
15 18 1
3 6 4
17 19 4
7 11 5
18 20 5
22 1 6
20 22 3
6 9 6
20 23 3
3 5 7
0 5 8
13 15 10
13 17 1
20 0 7
19 23 2
14 17 10
2 3 8
0 1 8
2 4 2
21 1 8
5 8 7
2 5 2
0 3 9
14 16 9
12 15 10
20 23 6
22 0 3
12 15 7
13 15 1
3 7 6
9 14 4
18 22 2
20 0 4
21 0 5
6 9 5
20 22 9
9 12 9
20 23 6
20 23 8
18 22 5
14 17 2
16 20 2
3 7 10
20 22 8
8 11 1
7 9 1
18 22 1
5 7 4
7 10 1
21 22 7
4 7 6
1 4 4
21 1 9
10 12 2
9 11 6
19 20 2
12 16 4
2 5 10
12 14 1
18 20 9
2 5 5
7 10 5
13 17 10
16 19 6
0 3 9
22 1 1
17 20 8
23 1 1
9 12 7
8 10 9
7 9 1
19 20 5
8 11 5
11 12 5
0 4 7
4 8 5
22 1 1
9 14 6
2 4 8
22 2 6
11 16 4
10 13 1
20 0 10
18 20 9
21 23 3
17 19 8
7 8 9
7 11 3
12 15 1
7 9 7
23 4 8
3 6 5
16 17 6
17 22 9
20 0 5
10 15 5
13 16 2
13 15 9
9 13 6
18 22 10
8 12 6
2 6 1
15 19 8
1 5 7
23 2 3
1 4 2
1 3 4
23 3 8
4 6 1
2 6 7
4 5 6
18 21 10
11 14 8
5 7 4
15 18 7
9 11 6
15 18 5
10 14 3
8 12 1
6 9 10
15 16 10
17 21 2
6 10 10
12 14 9
11 12 6
0 3 7
3 8 9
20 0 3
19 22 9
0 3 9
0 5 4
19 22 7
13 14 10
8 13 3
11 14 7
10 13 3
17 22 8
7 12 4
14 18 1
11 15 3
19 21 2
4 6 8
19 22 9
20 0 1
23 1 10
0 2 10
22 1 1
9 13 1
17 18 6
1 4 3
18 19 6
17 21 8
18 19 6
7 11 4
8 10 8
16 19 7
20 22 8
16 19 6
15 18 4
1 2 4
3 7 9
20 23 8
9 10 9
8 11 3
22 2 8
5 8 8
17 19 2
13 17 10
8 11 8
11 13 1
20 0 10
3 4 10
22 2 6
18 21 7
23 3 7
4 6 4
0 4 4
22 1 5
4 7 2
12 15 8
6 9 7
23 2 10
8 14 4
22 1 8
2 5 7
21 1 8
3 6 7
17 20 4
16 17 6
3 6 5
10 13 3
20 23 3
12 15 2
5 8 2
22 2 1
5 10 6
15 19 5
20 22 2
5 8 10
8 9 8
6 8 4
10 11 10
8 11 2
19 23 10
1 5 9
10 16 7
11 13 4
20 23 3
1 3 6
9 13 9
11 13 3
23 1 8
2 5 8
5 6 2
10 13 3
5 8 3
12 15 10
9 11 10
2 5 8
12 14 10
23 3 4
21 2 8
6 9 6
16 17 1
1 5 7
20 22 9
15 18 6
20 23 5
22 1 1
16 20 10
22 0 7
0 3 7
20 0 1
23 4 8
11 14 1
6 8 10
14 16 1
13 17 7
15 16 10
23 2 4
18 22 6
2 5 9
0 4 5
15 18 8
19 22 7
13 16 3
8 10 2
6 9 7
15 17 7
12 16 9
9 13 9
4 8 6
18 20 1
20 0 9
12 13 2
14 18 6
18 22 2
23 2 1
20 1 7
13 15 2
4 6 2
11 14 8
20 23 4
8 11 8
8 11 1
13 17 8
3 7 5
18 21 3
20 22 3
14 17 8
0 4 5
1 4 3
0 4 10
12 15 10
12 14 1
4 7 1
7 10 2
3 3 7
13 14 7
23 2 6
18 22 2
14 17 2
8 11 7
23 3 1
20 23 8
5 8 1
16 18 9
11 15 1
13 16 1
9 13 7
21 1 5
22 1 2
5 9 7
14 18 8
15 20 6
17 21 4
16 18 9
1 3 2
1 6 1
7 10 9
14 18 4
14 18 5
16 20 2
4 7 3
16 18 4
23 3 6
1 3 9
0 2 6
7 11 4
4 7 3
12 16 10
14 16 3
7 10 10
21 23 6
6 9 2
19 22 7
1 3 9
2 4 8
3 4 6
6 10 6
0 5 10
9 12 7
19 22 9
3 6 1
1 5 1
7 10 4
18 21 1
18 22 4
8 10 7
13 15 7
22 0 3
17 22 1
17 19 7
5 8 1
23 2 5
14 15 3
4 8 7
0 4 8
11 12 7
12 15 3
0 5 1
5 8 5
17 19 9
8 10 3
7 11 7
1 4 2
9 13 7
7 10 7
13 15 4
2 6 7
22 1 4
0 2 4
11 14 8
9 11 5
4 5 9
14 17 8
1 5 1
18 21 3
10 12 10
2 5 10
13 16 4
5 8 3
10 15 3
15 19 8
16 18 8
17 19 9
13 16 7
21 1 8
16 18 10
11 13 6
8 11 9
11 15 7
5 8 10
8 12 1
7 10 10
11 15 10
15 16 4
16 19 7
3 5 7
10 13 8
0 3 2
2 5 7
17 20 3
23 2 9
6 9 7
1 2 2
0 4 10
7 10 8
16 18 9
11 14 4
16 20 10
10 12 6
2 4 1
0 2 8
18 20 7
6 9 3
13 16 4
6 9 7
9 12 1
16 19 3
18 21 9
1 3 10
18 21 1
18 23 1
10 15 6
9 11 10
14 16 5
16 18 7
3 7 5
12 15 4
14 16 6
22 0 1
4 6 8
10 13 9
19 23 1
0 3 2
19 0 8
1 4 8
22 1 5
18 23 5
13 16 4
13 15 7
14 17 1
1 5 2
23 0 5
8 11 7
14 17 10
1 3 10
23 2 7
23 0 6
20 0 6
21 0 2
12 16 9
7 8 2
19 21 6
3 6 3
6 6 5
3 6 3
20 23 2
2 4 5
20 22 5
1 5 8
15 18 10
13 18 5
11 14 7
3 5 1
2 6 4
12 15 6
23 2 7
10 12 2
9 13 2
3 6 1
2 5 9
2 5 10
9 10 3
12 14 5
9 12 1
18 21 2
4 8 8
22 0 8
13 16 1
4 7 1
4 7 3
20 23 2
0 2 10
23 2 4
23 2 8
7 9 2
20 1 10
11 16 4
21 23 9
5 8 5
8 12 7
10 13 3
2 5 1
21 0 10
16 18 1
2 3 4
12 13 1
16 19 10
13 16 6
15 17 4
7 9 3
11 15 7
15 18 5
9 12 9
11 16 10
7 10 3
1 5 4
4 7 4
17 18 10
22 1 4
9 12 1
13 16 7
18 20 2
14 18 8
6 9 10
0 3 4
4 7 10
10 13 1
10 12 3
19 22 9
16 20 8
9 12 8
4 5 7
5 8 1
12 16 1
20 0 6
23 4 1
16 18 10
17 19 10
23 1 4
20 23 9
9 12 4
21 0 3
19 22 6
17 20 4
2 6 8
18 20 9
20 23 6
9 13 4
