500 9
2 8 2 9 2 4 3 9 5 
7 9 8
3 6 3
9 14 6
13 18 7
14 18 2
9 14 6
12 16 2
0 3 4
11 16 9
19 22 9
8 11 2
8 11 1
4 9 8
12 15 5
19 23 5
19 22 4
11 17 2
3 6 9
15 18 8
15 19 6
14 17 4
3 8 2
10 14 6
17 19 4
10 12 5
22 2 3
5 8 3
0 4 8
22 1 5
21 1 2
19 23 3
7 10 9
12 15 3
6 9 6
18 22 1
5 10 3
0 3 8
18 21 4
12 16 6
20 21 3
18 20 2
9 12 3
0 3 9
17 20 9
14 17 2
13 17 7
6 8 2
18 19 5
1 4 9
15 19 1
16 19 4
6 9 8
7 10 5
15 18 1
9 14 8
23 1 4
22 1 9
7 9 8
8 11 8
10 14 2
23 2 5
10 12 6
15 17 9
9 11 2
16 18 7
13 16 1
1 4 5
15 18 9
9 12 5
4 6 7
11 14 5
9 11 4
10 15 9
7 11 1
13 17 4
20 1 5
20 23 5
4 7 5
4 7 3
16 19 5
19 22 1
4 6 1
22 3 4
18 21 8
21 0 8
23 2 2
8 11 9
19 22 9
1 5 1
12 14 9
16 20 8
22 0 6
21 22 9
7 10 8
17 21 2
10 13 6
19 22 7
2 5 8
2 5 6
16 18 7
10 15 9
19 22 8
19 21 9
11 14 6
12 15 9
12 13 7
18 22 9
14 17 8
16 21 2
4 9 2
23 3 8
10 15 3
12 15 1
0 2 3
15 17 1
6 9 1
16 19 7
4 8 7
5 8 9
23 2 5
8 10 6
17 19 6
6 10 8
14 17 7
12 15 8
4 6 2
18 19 1
3 3 2
19 23 7
9 11 4
14 16 7
16 20 1
4 8 8
8 10 4
23 2 4
3 6 4
10 14 1
4 7 4
9 12 8
15 19 3
11 12 1
18 18 6
10 12 9
20 1 9
1 3 5
14 17 8
21 3 3
13 15 9
23 2 3
3 6 5
16 18 7
22 0 4
14 17 9
18 21 8
23 2 5
1 4 8
3 5 4
22 1 6
6 10 9
11 13 9
12 14 5
2 7 8
21 23 5
11 14 7
8 12 9
11 14 3
11 14 5
9 13 3
7 8 3
13 16 9
22 3 7
17 20 7
20 23 7
10 14 9
0 4 5
2 6 9
7 9 7
8 12 7
19 22 7
14 18 5
9 11 8
9 12 3
23 2 6
1 3 6
16 20 2
12 16 1
13 15 3
0 4 6
21 0 2
8 12 2
8 12 7
15 17 4
17 20 6
15 18 5
0 1 6
13 17 4
9 12 6
9 11 3
20 0 7
6 9 3
17 19 9
17 18 2
23 1 6
3 6 2
11 13 2
20 23 1
23 2 1
1 5 4
22 0 9
11 15 6
10 13 5
18 19 3
1 4 1
23 2 7
12 17 9
1 3 6
23 3 8
11 14 6
21 1 2
17 18 1
0 5 9
5 9 2
20 1 4
22 2 6
3 6 5
8 11 2
16 19 5
5 8 5
5 7 5
18 21 1
16 19 4
1 5 2
4 7 2
4 4 5
13 16 1
22 0 4
10 11 2
6 9 6
10 12 6
19 23 2
22 1 4
12 16 3
23 1 3
15 15 8
4 7 2
8 13 5
3 6 5
16 18 7
2 8 7
8 11 6
4 7 8
9 13 8
0 4 1
14 16 8
16 18 6
17 20 4
3 8 2
2 4 7
0 5 1
0 2 5
3 5 7
16 19 7
14 16 9
4 6 2
9 13 7
23 4 5
19 20 7
0 3 2
22 1 7
16 20 8
16 19 3
9 12 9
0 2 9
3 7 6
18 22 7
12 16 8
6 7 3
16 18 6
20 0 4
13 15 9
20 23 3
19 22 6
0 3 6
15 18 3
22 2 1
5 7 9
12 15 3
19 23 9
2 5 9
0 4 6
8 11 7
22 2 9
16 19 2
12 14 2
21 1 2
21 2 7
16 17 4
5 10 4
7 10 2
22 2 3
18 22 5
8 12 5
7 10 8
6 9 5
8 11 4
21 0 2
1 5 8
8 10 8
13 18 2
23 2 3
13 15 8
2 4 1
5 9 3
1 6 3
4 6 5
19 23 5
17 19 7
8 10 5
23 2 3
7 12 9
11 15 2
20 23 7
9 11 4
7 10 7
16 21 3
21 2 4
16 20 1
6 10 4
22 0 4
11 14 4
5 7 2
7 10 1
2 6 6
6 12 1
4 7 1
10 14 8
11 13 1
7 10 8
9 12 3
12 16 7
21 23 9
5 8 8
17 19 7
7 9 9
2 5 5
0 3 4
12 15 4
15 18 5
20 23 4
0 3 8
4 6 7
12 15 2
7 11 5
21 1 9
18 23 4
17 22 8
17 22 2
0 3 9
20 21 9
22 1 4
9 10 4
18 21 3
18 20 2
2 5 3
15 18 8
22 0 8
5 8 2
20 0 8
9 12 2
11 14 7
8 10 1
8 10 8
11 15 6
21 0 9
20 23 7
16 20 1
1 4 1
2 4 9
20 0 4
2 6 1
22 1 4
0 3 7
3 7 3
20 0 7
18 21 4
6 9 2
13 17 3
18 20 2
0 3 1
21 1 8
17 20 9
15 19 2
10 11 4
10 13 4
8 12 4
8 12 7
6 10 4
22 1 6
18 21 7
3 5 7
10 13 6
23 3 1
1 4 2
19 21 2
23 1 4
20 23 6
18 22 6
17 19 7
18 22 3
4 8 9
11 15 3
6 7 2
9 12 5
13 14 3
8 10 7
9 13 9
12 14 7
3 6 4
10 13 2
1 5 3
6 9 7
8 11 8
9 11 3
5 10 4
1 5 1
5 7 6
12 15 4
15 19 6
9 12 6
16 18 8
17 19 7
8 12 2
1 4 2
7 10 8
2 4 3
17 19 6
7 11 7
7 10 5
5 9 4
23 2 9
7 10 2
8 12 5
14 18 7
11 13 8
12 14 4
13 14 8
0 3 2
3 8 1
2 7 4
7 10 1
5 7 5
10 12 5
1 5 2
10 12 9
11 15 1
6 9 1
22 2 2
17 20 2
21 23 3
16 18 9
14 17 3
18 21 7
13 16 4
23 2 6
14 19 5
3 5 4
12 16 7
4 7 8
10 13 4
18 22 4
13 18 2
17 21 9
13 17 3
2 5 5
11 15 8
20 23 1
6 9 1
23 3 3
16 19 8
18 22 2
4 6 5
1 2 2
12 13 9
13 18 6
21 2 9
1 4 1
11 15 8
10 13 8
13 16 6
20 22 9
23 2 7
1 3 7
15 19 6
5 9 1
10 13 5
18 19 6
11 12 5
2 4 9
6 9 6
6 10 6
