2350 15
1 7 5 7 9 1 3 1 3 7 4 7 7 6 2 
3 6 6
3 6 15
10 13 14
1 5 9
15 16 2
9 13 11
21 0 4
14 17 1
12 15 6
1 3 13
21 23 3
5 9 9
3 5 15
0 3 10
10 13 15
13 15 8
12 15 6
12 15 3
2 5 14
1 5 1
2 5 10
13 16 9
1 4 2
20 23 9
8 12 6
11 15 2
9 12 11
17 21 4
7 11 3
1 4 4
2 5 3
11 14 10
3 5 11
13 16 14
10 11 5
15 19 13
15 18 15
14 18 4
3 6 2
2 6 10
9 11 15
4 6 13
19 21 3
9 14 8
9 12 14
4 9 13
16 18 5
3 7 10
13 15 3
5 8 5
0 2 10
16 19 13
21 2 6
1 4 2
21 0 6
20 22 8
13 15 2
19 21 7
1 5 9
7 11 5
19 21 15
20 0 1
20 23 13
23 3 7
6 9 6
15 19 5
11 15 15
10 15 4
1 4 4
6 10 11
1 3 8
20 0 4
22 1 13
5 7 6
16 17 12
4 7 6
23 2 9
15 19 1
14 18 4
23 3 7
7 10 3
8 10 15
10 12 14
17 18 13
8 11 4
20 23 2
7 8 6
6 8 13
2 5 11
2 6 15
20 22 8
9 12 11
16 19 13
5 7 12
6 9 3
3 5 9
7 9 7
7 8 1
16 19 5
7 9 14
18 21 14
23 2 15
2 4 8
13 14 2
8 11 4
21 23 2
20 23 11
5 8 6
7 11 2
18 21 5
23 0 2
22 1 7
2 4 11
22 0 14
18 20 10
22 0 11
3 6 10
0 3 1
15 19 3
1 5 4
14 16 2
0 4 7
2 6 1
1 5 9
16 19 11
8 10 4
0 3 14
14 16 13
0 4 11
17 19 1
15 18 15
19 21 10
18 21 2
8 9 8
12 16 10
17 20 12
2 4 7
7 10 5
17 20 6
5 8 10
15 18 15
20 23 1
17 23 13
2 5 12
12 15 8
15 18 10
20 23 12
18 22 8
6 10 1
3 6 2
17 21 6
8 11 8
14 17 9
8 13 11
4 7 6
14 19 2
9 12 14
10 12 7
19 21 13
4 6 5
2 4 10
2 5 1
0 3 1
18 23 2
17 21 3
3 6 2
22 3 6
2 6 7
16 19 5
19 21 10
10 11 4
10 15 3
18 22 10
17 20 7
9 12 12
18 23 2
22 3 5
8 11 3
16 20 4
10 12 2
11 15 7
16 18 9
12 17 3
23 1 8
3 5 6
18 21 6
15 19 12
3 6 9
1 5 12
4 6 11
0 3 2
1 4 9
0 5 7
18 21 9
22 1 3
10 13 12
17 20 9
18 20 5
12 15 15
0 4 9
9 12 12
1 5 13
16 20 13
15 20 6
6 11 3
17 22 15
19 23 1
19 22 10
11 15 12
21 0 2
22 1 9
20 0 9
8 10 9
11 14 13
7 10 5
10 11 8
0 2 6
23 1 1
17 20 3
2 5 14
12 14 9
21 23 9
11 13 3
2 5 11
12 16 10
0 2 5
18 22 10
12 14 13
4 8 7
0 3 12
22 1 6
8 10 8
4 7 3
7 10 3
21 23 5
20 1 3
20 23 14
23 3 3
17 20 5
19 22 9
21 0 10
6 9 7
1 4 12
7 12 5
15 20 3
22 1 11
19 22 7
17 20 11
4 7 2
10 15 6
8 11 14
18 22 5
18 22 5
5 8 8
9 12 9
0 4 8
2 5 5
10 13 6
23 0 15
11 13 9
22 1 8
15 17 5
21 0 7
21 0 4
11 14 15
9 13 7
3 5 11
6 9 5
11 15 4
3 4 6
20 0 3
13 16 12
6 10 14
4 8 6
2 6 15
2 5 3
19 22 9
1 4 1
3 4 9
3 7 7
19 21 7
15 18 4
13 17 7
8 11 13
23 3 2
0 3 1
22 0 6
18 20 11
21 1 2
10 13 1
14 18 11
7 9 11
21 1 9
13 14 14
4 8 14
3 6 4
10 11 7
18 22 7
13 15 10
22 1 3
4 7 9
16 18 7
7 10 14
14 17 2
5 7 14
18 21 10
6 8 13
10 15 4
4 8 9
6 8 13
3 6 9
4 6 2
7 9 2
1 4 13
21 22 14
10 13 4
15 17 7
23 1 12
3 8 15
9 11 8
10 13 1
23 0 11
20 23 13
8 10 3
22 1 4
23 1 15
21 2 3
18 22 7
17 21 6
3 6 9
6 7 10
19 21 11
20 0 6
11 13 8
1 4 11
15 18 12
15 19 9
14 17 4
10 12 5
2 3 4
3 6 4
19 23 2
3 6 10
12 17 13
23 1 7
0 2 15
0 4 1
15 18 2
7 12 8
13 13 14
6 10 4
11 14 10
2 5 7
0 5 15
8 11 7
2 4 2
21 23 8
3 7 1
18 21 2
5 8 3
19 22 1
5 8 15
20 0 6
2 5 3
18 21 7
6 11 15
2 8 7
14 15 1
4 7 3
6 11 2
11 16 4
12 15 4
2 6 6
2 6 14
14 17 9
5 6 11
8 12 14
23 0 2
0 2 5
16 19 14
6 10 1
2 6 1
9 13 4
4 8 10
14 18 3
14 18 11
1 4 4
20 23 5
1 4 4
7 10 14
19 21 11
10 14 12
19 20 12
11 14 15
8 13 5
20 23 2
1 3 9
5 10 13
2 4 15
19 22 15
9 10 7
14 16 10
2 6 13
4 8 6
5 8 10
2 3 4
2 5 5
5 8 15
6 9 7
19 21 15
22 1 14
13 16 1
11 14 2
13 16 3
15 18 3
9 12 6
15 19 11
4 6 8
8 10 12
8 11 12
16 18 4
21 1 10
20 23 10
18 21 12
9 10 11
22 2 10
13 14 13
16 19 4
0 2 9
6 9 9
13 16 2
22 4 1
10 14 11
23 2 14
10 15 8
22 2 4
19 21 15
20 23 7
14 15 4
19 22 7
16 18 11
0 2 5
23 1 13
18 21 4
1 4 11
16 20 10
1 2 12
18 21 5
17 20 15
12 16 15
23 2 6
20 23 13
0 4 13
8 10 6
0 3 13
0 2 10
18 22 13
22 0 13
0 3 1
20 0 10
8 11 15
5 8 14
10 12 7
6 8 2
19 21 3
15 18 12
8 10 14
3 6 15
8 9 13
20 23 14
20 23 12
7 11 8
2 4 8
3 6 5
0 2 11
5 8 13
8 11 9
7 10 7
9 13 11
2 5 10
23 2 3
6 9 11
12 15 7
3 8 11
20 23 8
23 0 9
9 11 10
3 5 9
20 23 1
23 2 8
1 4 5
7 11 3
23 3 11
16 19 9
12 16 1
6 9 14
21 23 3
3 6 2
0 5 8
22 2 8
4 7 9
6 8 8
18 21 1
11 13 10
2 5 14
5 7 6
21 23 11
12 15 4
14 17 9
12 15 15
9 12 1
2 6 13
21 0 10
3 5 8
15 17 1
19 21 1
23 2 14
15 19 10
20 0 15
1 6 2
7 9 14
20 23 9
17 20 10
11 14 6
15 15 8
15 17 3
4 7 8
9 12 7
12 14 6
22 1 5
16 19 3
18 21 11
23 2 13
12 14 4
6 8 10
12 16 15
8 10 11
2 6 7
2 3 7
17 21 4
0 3 2
12 14 10
21 1 8
0 2 6
5 8 14
19 22 5
22 0 10
8 10 15
2 5 7
19 21 1
3 7 4
10 14 6
14 17 5
11 14 6
11 14 3
12 14 4
11 12 15
7 9 8
8 13 4
10 13 10
7 10 8
23 2 9
10 12 14
0 3 13
1 5 13
21 23 7
9 10 10
11 15 12
20 22 15
14 18 6
3 6 5
5 8 11
5 8 2
1 4 8
22 1 7
12 15 7
23 2 4
0 3 1
15 18 14
23 2 5
8 12 8
5 9 8
18 21 3
8 11 8
0 3 15
17 20 15
7 10 1
6 10 2
15 18 15
2 4 14
2 5 5
9 12 12
3 8 10
6 9 9
5 9 15
6 8 3
4 7 8
1 5 12
1 3 7
2 6 1
13 16 6
10 12 8
4 6 8
22 0 7
19 20 4
16 19 3
15 19 6
14 16 11
9 10 3
14 17 3
21 0 7
22 1 4
3 6 3
0 1 1
13 16 3
6 9 15
12 15 6
15 16 5
19 21 8
15 19 12
9 12 6
1 4 12
7 9 7
16 20 14
22 2 10
23 1 6
6 11 10
1 4 11
2 6 15
10 13 7
19 21 10
11 12 14
11 14 15
8 9 15
5 7 2
16 17 2
16 19 10
0 3 7
13 16 14
1 2 4
12 14 6
20 22 11
3 4 3
7 10 5
8 12 12
22 1 15
6 9 14
3 5 6
10 13 12
4 8 7
19 21 9
4 7 2
1 3 12
7 10 8
5 6 12
13 16 9
0 4 15
19 23 11
9 12 11
6 11 9
23 2 14
3 5 10
22 2 1
11 14 1
15 18 11
1 4 5
0 3 11
9 12 15
23 3 7
4 7 5
18 20 13
13 15 3
23 3 2
0 4 7
16 19 9
3 7 6
13 16 6
15 18 4
9 13 11
18 21 9
3 4 12
3 6 7
17 21 6
22 1 7
20 0 14
7 10 5
10 14 1
14 16 1
10 11 13
12 13 8
11 15 6
18 22 2
4 7 15
15 20 12
2 6 9
17 20 3
22 1 12
5 7 2
21 1 7
16 21 8
9 13 6
1 3 8
23 3 1
16 19 15
2 5 11
20 23 8
5 7 4
17 19 15
6 10 1
7 11 2
2 5 13
16 20 4
3 6 9
10 14 5
8 12 11
6 9 8
23 2 7
6 9 15
7 11 12
8 10 15
21 0 14
14 16 15
17 21 4
13 17 12
23 2 15
5 9 11
21 23 10
21 23 9
2 5 13
9 11 9
8 11 14
2 5 2
7 11 10
6 10 6
10 12 14
17 20 5
8 12 15
9 10 15
6 6 11
22 1 10
19 20 13
19 0 10
2 5 9
15 18 8
16 19 2
23 2 15
3 6 11
0 4 1
22 2 13
19 22 6
6 9 15
17 20 8
5 9 12
17 21 9
12 14 14
12 16 7
9 10 2
19 22 11
18 20 15
0 2 15
9 12 8
4 8 2
10 12 13
18 23 13
22 0 3
21 0 3
6 11 6
10 13 2
0 3 2
17 20 15
5 8 4
23 2 9
8 12 12
15 20 2
12 15 7
16 20 15
16 18 5
18 21 4
10 12 14
9 12 15
22 1 12
14 16 9
18 22 7
2 5 6
12 13 12
10 13 4
7 11 8
4 8 10
18 23 1
15 18 12
16 16 3
1 4 15
13 15 14
17 20 2
8 11 7
11 13 5
12 15 5
13 16 2
3 7 13
17 20 4
2 6 14
21 1 13
4 5 13
19 22 2
3 7 14
8 12 12
10 11 8
19 23 14
20 23 13
21 23 15
20 21 9
4 7 10
8 10 9
4 6 3
10 13 11
7 10 15
17 20 15
1 5 12
1 4 2
13 17 15
7 11 8
17 20 9
19 23 11
10 13 13
14 14 12
6 8 5
6 8 15
5 8 10
20 23 10
2 3 1
0 4 5
12 14 1
13 15 1
8 11 14
20 23 10
0 3 14
21 23 5
7 10 7
2 4 10
14 18 13
6 10 8
12 15 5
17 21 4
14 18 1
6 10 2
16 19 3
9 12 12
2 5 9
13 14 6
1 4 2
17 20 7
19 22 14
18 20 11
8 11 14
7 10 5
8 10 11
1 3 15
2 5 2
21 23 15
22 1 7
6 9 10
19 22 4
23 1 2
18 23 7
0 2 13
1 5 12
14 19 4
6 9 7
19 23 7
0 2 12
11 16 14
17 20 7
2 4 14
21 0 3
9 14 7
17 20 11
9 11 14
4 7 4
21 0 14
16 19 4
1 3 2
13 17 5
19 0 9
9 14 12
4 7 13
1 3 5
6 8 12
5 8 6
7 10 8
5 8 9
17 20 8
21 0 5
18 22 4
1 4 1
17 21 1
16 18 7
4 7 2
16 20 2
5 8 11
5 10 8
10 13 7
18 20 5
23 2 14
21 0 5
2 6 2
18 21 5
4 8 14
17 21 5
10 14 7
0 3 11
21 0 10
8 10 7
14 19 9
2 4 8
7 10 8
3 7 3
22 1 6
18 22 12
14 17 15
18 21 10
3 5 14
8 10 10
8 12 8
11 14 6
10 15 9
8 11 1
4 6 6
18 21 9
21 23 8
15 18 6
1 3 9
9 13 4
6 11 15
1 6 8
9 11 4
12 15 7
22 23 14
19 22 8
16 19 8
16 19 11
18 23 8
10 13 11
17 20 4
3 6 12
20 23 12
19 21 1
19 23 4
8 12 5
16 19 15
8 10 5
5 8 11
12 14 6
12 16 2
17 20 9
23 1 11
8 11 12
14 17 15
15 18 7
3 5 3
1 5 2
6 9 2
11 13 1
23 0 14
20 23 13
13 16 9
14 17 4
17 20 2
6 10 13
20 23 1
0 3 10
14 17 2
13 17 9
19 21 5
2 4 12
3 6 14
5 8 13
20 23 4
13 16 8
16 20 10
20 0 11
19 23 13
4 5 14
19 21 10
18 22 5
13 15 8
13 18 1
3 5 8
14 17 1
12 15 11
7 11 4
4 6 15
9 11 10
22 1 7
17 20 13
6 9 12
1 3 9
7 11 8
4 7 8
15 17 12
21 0 1
7 11 6
7 10 3
15 18 10
13 15 14
4 7 8
10 13 11
18 23 4
3 5 15
1 3 12
4 6 5
17 21 4
10 13 9
14 17 5
20 0 4
16 19 5
3 5 6
13 15 15
20 1 7
6 10 13
15 16 3
5 8 1
12 13 15
22 1 3
15 18 7
2 6 3
23 2 2
13 17 11
4 8 6
18 20 9
5 8 13
10 13 14
10 14 4
4 7 5
20 21 5
22 1 5
17 20 11
14 19 7
19 22 1
5 10 8
19 20 14
12 13 6
17 19 7
10 14 1
21 23 7
13 17 8
5 9 1
8 12 10
14 19 9
17 20 3
22 2 11
6 9 3
13 15 9
16 19 8
20 0 8
4 8 4
23 4 8
11 14 3
15 18 4
6 8 3
14 17 5
5 6 13
19 23 9
1 5 1
16 18 2
2 4 6
20 22 3
11 16 6
14 17 12
3 6 5
23 23 8
4 7 3
2 6 1
6 9 9
9 11 3
23 0 13
20 22 14
12 15 13
10 14 3
21 23 8
20 22 14
10 13 4
5 8 7
19 22 10
3 7 5
4 7 10
16 19 11
1 5 3
21 23 11
10 14 15
6 9 2
15 18 2
5 8 8
9 12 15
21 1 9
20 0 15
15 17 14
12 15 7
6 9 3
6 9 3
23 3 1
3 5 2
16 21 13
1 5 14
16 19 1
5 9 9
14 16 4
20 0 13
19 23 9
1 3 2
23 2 1
9 12 6
23 4 1
15 19 2
22 1 1
5 7 5
12 17 1
10 12 12
7 10 6
11 13 1
17 22 4
13 15 1
12 15 3
18 21 2
11 13 11
18 20 4
16 19 2
3 7 9
4 5 10
16 18 14
10 14 6
19 23 14
15 17 14
6 11 2
12 15 7
21 23 8
23 1 4
18 19 5
18 20 9
4 8 6
21 0 2
16 19 9
17 20 14
6 10 11
11 14 6
0 1 7
21 22 8
5 8 11
21 1 3
15 18 1
13 17 4
0 3 5
4 8 13
7 9 1
20 23 5
4 7 1
12 15 5
11 15 13
22 1 14
16 19 9
11 15 14
11 15 11
7 9 2
10 13 8
7 9 9
19 22 15
22 1 1
23 3 8
7 11 5
13 16 1
0 3 6
18 20 8
11 14 8
5 8 4
13 19 9
7 11 11
14 18 10
4 6 1
2 6 1
23 3 11
5 7 4
7 10 11
10 11 14
21 0 2
15 17 8
6 7 1
5 7 9
13 17 15
15 17 4
14 18 3
22 1 1
20 0 3
10 14 13
2 7 11
21 0 1
19 0 6
12 14 9
8 11 7
7 10 3
23 2 1
16 19 4
18 22 12
18 22 15
11 15 14
6 8 8
18 20 14
2 6 10
4 8 7
14 18 7
1 5 5
21 23 13
0 4 5
7 10 10
0 2 2
12 15 12
16 19 4
14 19 3
4 6 4
21 0 12
22 2 2
14 15 14
13 19 4
3 5 12
3 4 9
20 23 14
3 6 13
11 14 1
11 14 8
1 7 11
20 22 9
0 3 14
11 14 15
23 2 15
8 10 8
1 2 2
13 14 14
6 9 15
9 11 12
0 3 3
2 5 9
3 6 6
11 15 6
9 12 13
4 7 8
5 8 13
22 1 9
1 4 12
17 19 3
17 17 7
4 8 8
15 18 13
17 19 8
14 16 9
5 9 7
2 5 8
7 11 9
10 15 8
18 22 15
8 10 12
21 0 11
19 23 5
20 23 10
3 6 3
21 0 2
10 14 11
16 17 4
2 4 1
17 21 9
23 2 13
17 19 15
3 5 8
3 7 7
1 4 9
23 1 4
14 16 2
2 3 12
1 6 1
6 10 9
1 3 15
22 1 13
18 21 15
0 2 9
10 11 5
15 19 3
6 8 4
5 9 14
23 0 3
23 3 1
5 8 5
11 14 13
13 15 9
15 16 4
21 0 6
5 8 15
2 5 3
9 10 11
0 3 5
10 13 8
17 19 12
5 8 10
22 2 7
23 3 8
22 1 12
15 18 4
2 7 8
7 11 12
0 3 1
8 11 10
17 19 5
1 4 13
6 8 8
1 2 3
23 2 3
20 0 5
6 10 5
4 7 4
15 17 4
6 9 6
8 11 15
7 11 13
9 11 14
21 0 4
21 0 14
8 11 3
4 8 2
1 3 11
0 3 2
15 17 5
4 9 13
7 10 5
15 19 11
20 21 10
12 13 13
16 18 14
7 12 3
7 10 6
10 13 14
5 7 6
12 16 14
16 19 13
17 21 1
21 1 11
22 1 10
23 2 9
9 12 14
19 21 11
2 4 1
4 6 3
14 18 3
3 6 10
1 4 10
3 7 6
12 14 13
20 23 6
8 13 14
6 8 13
1 5 9
18 22 8
23 2 9
10 13 7
10 11 13
11 13 14
1 5 9
0 2 8
3 4 15
9 10 14
13 16 1
23 3 2
10 14 9
5 9 8
8 11 10
1 5 10
19 21 10
3 6 4
14 18 15
23 3 10
0 3 10
6 10 3
2 5 7
6 8 8
1 3 10
17 19 7
8 11 2
9 13 12
21 0 3
18 20 4
3 6 13
0 3 10
10 14 14
22 0 6
11 14 2
19 23 1
19 23 3
16 18 15
11 12 14
9 12 14
22 0 9
4 7 7
20 23 1
10 13 8
12 15 5
9 13 5
2 5 1
6 7 11
10 12 9
11 14 1
14 17 12
11 14 13
0 3 4
22 2 11
13 15 5
17 21 8
13 16 8
18 20 3
22 2 11
3 7 2
17 20 1
11 14 7
19 21 12
22 3 7
4 5 15
7 9 1
11 15 6
21 0 9
9 12 4
4 8 15
6 8 8
1 4 11
15 16 10
8 11 13
7 11 14
7 9 12
8 12 3
4 8 14
15 17 14
13 15 10
8 11 12
7 9 9
8 12 11
8 9 7
11 13 2
0 4 7
3 4 7
4 7 11
0 4 11
17 19 5
1 4 2
9 13 1
1 1 11
21 23 7
12 17 15
7 9 10
0 3 8
16 19 3
0 3 6
5 8 3
18 20 8
11 14 1
6 9 9
5 9 7
15 19 12
0 3 13
12 14 1
14 18 4
15 18 15
2 5 9
12 14 7
16 19 10
23 3 10
9 13 9
16 20 8
6 9 6
0 4 9
9 13 9
9 11 8
15 17 13
5 9 8
13 16 13
4 7 8
9 11 14
8 13 15
8 12 14
23 3 5
22 1 14
6 10 6
0 4 2
14 17 5
11 14 1
10 14 13
6 7 6
10 12 7
14 17 13
18 20 5
13 15 15
4 8 15
6 10 3
13 16 7
5 8 10
18 20 12
22 1 7
17 21 7
17 20 7
16 21 11
3 5 8
8 12 4
6 8 3
8 12 13
7 12 10
20 22 15
8 12 2
2 3 11
17 22 1
11 13 13
18 21 1
11 15 12
22 2 3
15 19 11
4 8 8
3 6 11
12 15 1
7 10 1
9 13 15
2 5 2
8 10 4
12 17 8
8 11 2
2 4 6
5 8 3
0 2 3
3 5 8
12 14 2
15 19 13
21 0 8
11 14 14
19 21 8
12 15 4
1 4 10
2 7 8
3 4 6
9 12 12
4 7 14
6 9 10
9 12 3
22 2 7
12 15 4
7 10 7
20 0 9
9 11 15
5 6 6
20 22 11
17 21 1
3 7 3
18 22 3
14 15 1
18 21 10
4 5 6
6 8 8
2 4 2
16 19 5
0 3 9
12 15 2
15 19 4
7 9 12
4 8 13
0 3 15
20 0 1
15 18 14
9 12 7
2 5 8
13 17 8
17 20 1
14 17 6
11 15 12
13 16 9
15 17 8
21 0 12
5 9 15
7 10 6
21 23 13
3 7 5
4 7 9
1 4 14
10 13 14
14 16 4
0 2 2
11 14 1
6 8 2
11 15 5
7 10 11
22 1 14
17 20 14
7 10 6
22 1 14
21 23 13
14 17 10
18 20 12
7 10 6
13 16 4
9 11 5
0 3 8
3 7 15
18 22 13
17 20 1
0 3 10
0 2 8
17 22 11
5 8 15
15 18 10
0 3 2
2 5 4
20 23 5
14 17 15
20 22 10
12 14 8
17 19 15
22 1 6
6 9 10
22 2 10
0 1 11
1 4 2
5 7 5
15 20 7
17 20 6
1 5 4
12 16 13
4 8 13
0 3 7
7 10 10
16 20 9
5 10 11
17 20 11
1 5 6
5 6 5
17 19 11
16 19 13
7 10 11
20 21 8
22 1 15
22 23 8
7 10 15
8 10 11
10 13 13
20 23 5
3 7 3
19 21 8
7 9 3
22 0 13
19 21 5
11 13 9
11 13 2
9 12 4
22 0 13
5 9 14
0 4 6
11 16 3
20 21 10
6 9 3
18 23 14
23 2 11
7 8 14
5 8 13
18 22 4
14 16 2
23 1 1
18 21 14
1 4 11
0 2 4
21 1 3
21 0 14
19 21 9
5 6 10
11 15 8
16 19 14
20 0 9
13 16 3
9 12 1
4 6 12
2 5 7
4 8 13
21 22 9
0 1 14
16 18 5
7 12 7
19 22 1
7 12 9
17 19 1
21 0 9
13 17 12
14 17 10
2 6 8
8 12 4
10 12 1
13 18 13
21 21 9
22 1 5
2 5 11
7 10 8
13 16 13
9 11 10
13 15 5
19 23 3
7 9 15
12 14 8
13 17 15
19 22 5
16 20 5
17 20 1
1 3 14
1 3 11
12 13 5
6 11 6
21 22 7
8 11 2
0 3 1
23 2 9
17 19 12
15 18 13
11 15 6
5 8 8
10 14 8
0 -1 4
8 11 8
1 3 14
0 3 6
2 5 15
11 15 10
13 15 2
13 15 13
14 17 4
20 0 14
12 14 3
14 17 12
9 14 2
19 21 6
1 4 9
6 9 8
8 11 10
20 23 12
18 20 2
0 4 12
22 1 8
5 9 12
17 19 6
11 16 1
5 7 12
6 11 13
7 8 2
20 23 1
20 1 10
13 16 5
3 6 8
8 12 2
3 6 12
13 16 15
0 4 5
4 6 4
2 6 11
22 1 14
4 7 10
10 14 9
23 1 3
21 1 11
9 13 14
13 16 5
18 21 10
5 7 9
12 17 14
10 12 3
4 6 2
19 23 1
23 2 11
4 6 9
2 4 1
16 19 1
11 13 7
13 17 15
12 14 1
17 19 12
15 19 5
21 23 8
13 16 2
23 2 3
7 11 4
7 8 6
23 2 8
19 23 3
18 21 7
18 20 9
8 12 7
16 19 4
23 5 3
6 9 7
4 8 7
1 3 5
0 4 3
16 19 6
0 3 2
19 20 4
19 22 6
15 18 15
23 2 8
0 2 2
4 6 1
5 10 5
21 1 3
18 22 13
13 13 5
19 21 2
10 14 7
23 3 8
13 16 2
12 16 12
0 3 8
10 13 15
15 18 2
1 4 9
21 0 1
20 23 11
8 10 12
10 14 3
14 18 15
3 7 7
8 11 15
16 20 11
5 6 2
23 2 11
17 18 4
0 3 14
19 22 5
19 23 14
0 2 5
3 7 4
23 2 14
7 9 8
22 1 4
0 3 10
17 20 8
20 23 9
10 14 7
8 11 15
0 3 10
3 5 11
7 10 13
13 17 11
13 16 12
22 0 12
23 1 7
7 9 15
4 5 12
5 5 10
19 22 4
22 1 10
6 9 10
22 1 10
0 2 5
21 0 10
12 15 13
0 2 12
9 11 3
22 1 4
7 9 6
11 15 4
18 20 10
20 0 8
18 21 3
8 11 12
20 0 3
3 5 13
20 23 13
21 0 5
2 4 7
15 17 15
12 13 10
12 14 11
17 18 4
22 1 14
15 17 13
13 16 4
10 11 14
23 2 9
12 15 10
8 12 1
21 2 2
6 9 3
2 6 9
10 14 5
13 15 14
11 15 9
18 20 14
14 16 4
17 21 3
14 18 6
16 19 8
12 15 4
6 8 9
20 23 10
11 13 5
11 15 5
0 3 6
8 12 7
3 7 14
12 15 5
0 3 12
19 0 6
18 21 4
23 3 15
15 16 7
3 7 6
19 22 1
12 16 13
14 18 14
7 9 9
15 19 8
2 4 6
21 0 1
22 0 1
23 4 1
1 4 9
22 1 1
15 16 14
12 17 15
12 15 14
2 3 2
1 4 9
8 10 11
9 11 2
1 4 5
3 7 12
8 12 14
4 7 1
14 17 14
7 9 9
0 2 8
19 22 15
19 22 2
22 1 8
18 21 2
12 16 11
3 6 11
16 20 11
15 19 3
2 5 12
10 13 6
17 21 5
15 18 10
17 20 1
2 4 10
6 8 10
22 2 14
5 8 14
16 20 2
7 10 7
3 6 8
14 16 15
14 18 9
22 2 10
3 6 10
19 22 7
12 14 9
10 13 10
6 8 15
10 14 9
15 18 5
23 2 12
4 6 12
10 12 7
0 4 7
12 15 2
9 13 13
22 0 5
19 23 9
21 23 4
16 18 7
2 5 7
10 13 11
7 9 13
21 0 11
13 16 12
13 16 15
16 18 9
1 4 8
0 2 7
9 11 5
14 17 8
9 11 10
22 1 3
3 5 5
21 1 2
2 5 8
11 15 5
5 8 12
1 4 6
1 4 12
8 11 8
17 18 2
7 11 10
17 21 10
19 22 10
16 21 8
5 8 2
19 23 8
23 2 7
16 18 9
10 14 5
6 9 1
21 0 3
18 20 14
14 16 6
19 23 2
14 18 14
0 3 15
10 12 11
21 1 1
7 10 1
14 17 13
21 22 8
22 3 15
17 18 2
22 3 12
8 11 5
12 14 6
17 21 6
3 6 5
1 4 11
15 18 6
9 12 14
18 21 9
20 0 2
9 12 6
9 12 8
23 1 13
17 19 7
0 3 9
22 0 7
16 20 13
18 22 1
14 15 7
20 1 9
8 12 10
12 14 9
11 14 9
21 23 14
23 2 10
23 3 7
14 19 12
12 15 15
16 18 15
21 1 13
15 19 7
11 14 8
4 8 4
1 2 8
21 0 11
12 15 15
19 22 4
23 4 4
11 15 8
18 21 3
8 11 14
21 23 1
10 12 5
10 14 9
18 20 14
11 13 13
8 12 10
22 2 9
8 11 2
9 12 1
3 6 7
3 6 15
17 20 5
3 5 1
14 17 4
18 21 6
3 7 6
23 4 7
17 21 4
21 1 7
7 10 13
22 1 13
16 19 10
10 13 1
15 17 2
10 12 3
2 7 8
20 23 8
12 14 5
17 20 13
4 7 8
4 8 13
21 23 9
22 1 2
0 3 2
13 17 13
10 10 3
16 18 14
15 17 5
11 14 15
7 11 15
23 0 13
18 22 7
10 12 10
22 1 15
14 17 13
15 17 5
11 13 5
6 6 7
10 13 14
18 19 13
8 12 5
15 19 10
12 14 1
0 3 6
20 0 13
9 11 3
21 0 13
14 16 7
15 18 12
12 17 7
22 23 9
18 21 2
15 19 2
6 11 11
16 20 11
18 21 1
23 2 5
13 16 10
9 12 11
22 23 7
7 10 11
21 1 4
5 8 8
2 4 1
18 21 14
3 5 6
18 19 11
2 6 12
12 15 8
7 10 15
14 16 9
18 21 13
10 14 10
17 18 11
17 20 6
16 18 8
7 10 2
0 4 7
15 18 15
9 13 9
7 10 15
12 14 14
4 6 13
23 4 4
8 10 10
20 21 5
20 22 6
19 22 14
6 9 11
23 3 12
18 22 15
7 10 6
11 13 12
13 15 15
18 21 3
13 16 6
15 19 2
23 1 5
18 23 4
9 12 3
3 4 15
9 13 11
15 19 11
10 13 5
22 1 11
1 3 11
11 15 13
9 13 8
14 17 8
19 22 12
20 23 7
17 20 7
21 0 7
20 23 2
3 8 5
3 6 2
21 22 6
14 16 7
13 17 15
5 7 13
2 6 15
23 2 3
0 4 2
22 1 13
0 4 9
13 18 1
19 0 1
1 3 13
23 3 4
12 14 9
13 16 1
6 8 10
14 17 10
13 15 2
12 15 2
8 11 13
22 3 9
13 15 2
2 5 13
20 0 7
1 6 12
12 15 11
7 10 15
17 21 2
20 23 4
10 12 13
9 11 4
7 10 11
15 18 14
17 20 9
14 17 12
20 21 7
0 3 10
10 13 4
3 5 13
8 11 8
23 2 11
16 15 10
19 22 8
18 22 15
3 7 14
18 21 9
5 8 6
10 12 14
13 16 14
16 17 6
17 21 1
12 15 14
22 2 12
13 16 13
5 7 13
11 14 14
2 7 12
7 10 5
7 10 11
0 1 12
14 18 4
8 11 14
4 7 2
19 21 12
5 9 15
23 2 14
17 19 5
13 16 2
3 8 11
18 19 14
10 15 3
9 13 14
0 4 7
14 16 10
3 7 13
6 8 13
9 13 8
4 5 2
1 7 6
3 7 13
13 16 9
17 20 5
5 6 1
8 11 3
5 9 3
22 2 12
11 15 9
12 15 5
13 16 7
10 13 13
18 21 5
8 13 9
10 12 6
5 7 12
11 13 11
23 2 9
16 19 10
0 3 7
2 4 10
14 16 5
4 9 6
1 5 13
1 4 6
8 11 15
4 7 12
19 20 6
0 3 9
1 5 1
2 4 2
16 21 10
17 22 10
9 11 6
22 1 15
18 22 14
22 1 11
10 14 7
14 17 5
2 4 12
8 14 15
16 20 4
18 21 2
23 2 8
12 13 1
7 10 3
1 2 12
5 7 9
5 8 2
19 21 6
12 17 6
12 12 3
20 0 9
13 17 2
3 4 2
21 22 11
3 7 5
19 21 12
15 19 2
8 11 12
15 16 11
23 3 2
10 13 7
7 11 8
17 19 8
13 15 10
20 23 7
20 2 12
13 15 7
16 20 7
3 7 4
19 22 8
22 0 2
2 5 14
6 10 15
12 14 3
11 13 2
11 13 11
12 15 15
10 12 14
19 22 10
7 10 13
7 11 15
19 22 7
17 20 6
15 20 1
10 12 5
15 19 10
