700 17
5 10 6 4 6 8 7 7 2 4 2 8 4 10 1 10 2 
3 4 17
5 10 15
16 20 5
7 12 11
14 16 4
14 16 4
10 13 12
15 17 13
18 21 14
17 20 10
17 19 11
12 14 5
18 19 7
12 15 2
5 7 9
19 22 12
16 21 8
19 22 4
12 15 7
19 22 6
13 15 12
16 19 4
17 21 9
7 11 17
12 15 2
20 22 7
3 6 17
8 11 8
18 21 2
21 22 12
13 16 15
2 7 8
19 22 5
21 22 6
22 0 14
21 1 3
17 20 7
3 5 6
5 7 5
21 0 14
3 4 2
5 8 15
15 17 10
14 15 5
8 11 13
14 16 1
7 11 2
7 9 6
22 1 9
11 13 5
22 2 4
23 1 11
17 21 5
1 5 4
11 14 16
9 12 2
6 9 8
3 8 16
11 13 17
19 22 1
13 15 16
14 17 12
11 14 8
2 6 7
11 16 15
2 5 17
3 7 6
12 16 16
13 17 2
22 2 1
18 22 1
10 14 15
19 0 2
1 4 13
23 2 8
1 2 6
20 23 11
22 1 13
16 20 11
2 7 12
5 9 12
18 20 7
4 8 6
10 13 15
12 13 11
5 8 16
13 16 7
1 4 4
13 17 6
15 18 3
8 11 9
16 20 6
6 9 10
16 21 14
2 6 6
14 20 14
1 6 1
11 13 12
19 0 6
18 22 16
18 21 11
18 21 1
3 7 7
19 21 2
14 19 10
13 17 14
14 16 12
22 0 7
2 4 10
2 3 14
14 17 1
17 20 7
21 0 12
4 8 7
15 20 4
22 1 17
12 17 2
10 13 1
21 1 3
23 3 14
22 23 15
11 15 8
8 12 6
17 21 8
5 8 5
6 9 6
2 4 15
21 23 4
5 10 10
14 17 3
13 17 7
2 4 8
18 23 6
1 6 7
2 6 8
4 4 13
19 23 17
18 21 11
11 13 11
1 3 16
15 18 10
1 4 15
18 22 14
16 19 1
11 14 7
15 19 16
5 9 2
19 22 4
12 13 3
0 3 1
16 19 14
4 6 16
15 18 1
4 7 6
15 18 4
17 19 10
20 22 6
12 16 13
20 0 13
21 1 17
19 0 8
17 19 8
12 15 4
22 2 13
12 15 3
6 8 5
9 13 4
15 17 7
23 1 15
10 12 13
15 19 11
12 15 14
12 16 7
19 20 5
1 4 5
4 6 6
20 0 6
2 5 11
1 5 15
2 4 10
20 0 13
2 6 5
14 18 13
14 17 1
5 8 1
9 10 4
21 23 3
0 5 14
17 18 9
6 10 12
17 20 9
9 13 8
17 22 15
4 7 3
2 5 10
16 19 8
8 11 15
22 1 17
11 13 8
19 22 4
1 4 15
7 10 15
2 7 2
20 23 10
16 18 3
19 21 7
11 14 14
6 10 6
16 18 6
12 16 11
4 7 16
18 23 5
3 7 15
14 16 14
8 12 14
9 13 5
23 2 11
23 3 8
1 2 11
20 22 2
2 5 7
5 7 16
18 21 13
11 14 11
15 20 15
19 22 14
13 16 4
23 2 13
23 1 14
1 3 11
19 22 4
5 8 16
8 14 7
7 11 5
19 22 4
21 0 16
22 1 13
14 18 13
13 15 16
2 3 10
10 14 9
14 17 1
11 13 12
1 5 12
16 20 7
4 8 7
3 7 4
13 17 12
22 2 14
9 13 2
3 6 11
5 9 13
14 17 14
1 2 14
2 5 10
15 18 17
11 14 2
5 9 12
10 14 5
15 19 1
23 1 9
20 1 15
1 3 14
5 9 14
17 20 4
7 9 1
3 7 3
2 7 16
19 0 8
12 14 13
16 20 11
23 2 16
17 20 11
0 2 11
5 10 6
19 22 11
19 22 14
23 4 3
10 15 3
14 18 16
3 6 10
2 5 5
0 3 2
1 4 6
23 2 13
20 22 8
7 11 3
8 10 2
16 18 13
20 23 10
11 14 8
9 11 13
8 10 13
0 2 8
20 0 5
2 5 13
1 5 15
20 23 4
21 23 8
20 23 15
23 2 5
7 11 17
9 11 5
15 16 4
6 10 13
10 12 6
14 17 4
1 5 14
23 1 9
17 21 11
5 8 15
9 14 2
10 13 11
6 10 9
8 9 14
21 23 13
22 3 1
21 1 5
9 14 9
5 8 14
1 4 14
4 7 7
19 0 13
4 9 10
22 2 11
14 17 10
20 23 5
11 11 3
7 8 10
18 21 8
0 4 1
23 2 11
10 12 13
9 12 8
2 6 11
3 8 14
19 22 9
13 17 16
4 10 16
12 16 5
5 8 16
8 11 5
23 0 6
16 18 16
7 10 5
5 6 11
0 3 6
1 3 6
21 0 7
12 15 2
2 5 10
16 18 13
22 0 15
20 0 12
3 6 13
22 0 1
11 14 11
5 9 11
3 4 10
15 18 16
11 14 12
16 19 11
2 4 8
12 16 10
13 17 10
23 3 1
8 12 9
8 14 7
10 15 4
10 12 8
14 17 4
18 20 12
22 0 16
17 18 14
8 10 8
17 20 10
2 5 7
7 10 1
17 21 7
21 0 4
9 13 1
18 20 6
16 20 17
0 2 2
19 22 4
17 21 2
4 7 3
7 12 12
2 6 10
16 19 17
20 22 3
15 19 9
22 1 16
5 8 5
22 2 4
10 14 17
8 10 1
21 22 9
18 20 14
16 18 8
22 2 8
3 5 15
16 18 8
5 8 7
10 13 7
23 2 7
17 20 7
19 20 17
7 9 7
5 8 13
4 7 17
18 21 1
17 20 8
23 0 3
6 11 13
4 6 17
6 10 9
15 18 10
10 14 9
15 19 4
14 16 16
14 17 6
21 0 16
17 19 7
19 22 2
7 11 12
9 11 10
5 8 14
9 11 9
3 7 17
13 16 9
23 1 10
20 23 12
4 7 6
8 11 4
6 8 6
22 2 2
1 5 1
11 14 9
18 20 12
13 14 17
15 17 8
19 22 6
4 6 12
1 4 4
0 3 1
6 11 13
12 16 9
15 19 17
23 3 13
7 12 9
10 13 2
22 0 3
10 11 11
11 15 4
13 16 9
3 5 7
16 19 8
21 0 9
13 14 8
22 1 1
7 9 12
23 3 16
4 8 3
16 17 9
23 5 7
18 21 1
13 17 4
11 15 9
15 16 8
18 20 4
9 10 16
20 0 10
23 3 1
15 18 4
3 5 14
18 22 7
0 3 16
18 20 1
0 2 12
15 19 12
16 17 8
6 8 5
19 21 1
8 12 6
6 11 12
13 17 6
8 11 1
13 17 15
19 22 7
6 10 16
0 1 17
11 14 7
13 17 5
2 4 16
14 13 16
6 9 15
12 15 6
20 0 5
16 19 7
13 18 9
15 17 2
13 15 11
22 1 3
9 12 13
6 9 10
6 7 2
19 21 16
12 15 5
8 10 4
11 13 15
5 9 16
9 11 14
11 14 1
11 14 10
18 20 11
16 18 13
1 4 12
2 6 8
19 23 5
19 23 17
7 11 2
5 8 1
10 14 10
17 21 13
15 18 2
7 9 14
7 11 2
18 20 15
23 3 12
8 10 14
5 8 17
19 22 11
12 15 3
22 1 14
20 22 5
8 12 16
11 15 11
4 8 8
8 13 8
5 8 4
7 10 7
1 4 2
11 13 9
11 15 3
23 2 1
0 3 2
1 4 17
4 6 7
13 16 1
6 9 2
22 1 7
16 17 14
21 1 12
17 19 17
11 14 14
5 8 15
7 10 15
17 22 15
14 17 1
1 5 9
22 0 9
18 20 10
4 7 17
12 14 13
18 20 16
14 17 10
5 8 10
13 18 11
0 4 13
10 13 14
1 4 2
12 16 13
2 6 5
0 4 3
18 22 8
1 5 10
23 1 9
10 11 4
11 15 15
21 23 11
12 13 12
3 7 12
10 13 6
17 22 10
15 17 8
12 14 8
23 2 1
13 16 3
6 8 6
15 18 9
19 20 13
11 15 15
21 1 7
19 20 4
14 17 13
12 14 11
8 9 17
18 22 10
22 1 7
19 21 7
2 4 1
18 21 14
5 8 14
20 22 12
1 4 12
2 5 5
13 15 8
22 0 8
5 7 10
1 5 11
18 19 3
0 4 15
13 16 11
14 18 4
16 20 5
9 13 11
1 4 3
23 2 14
17 21 2
14 18 9
2 5 9
16 18 14
20 22 5
20 0 17
0 3 12
15 17 3
15 16 16
12 16 2
1 4 3
22 0 11
2 4 6
9 11 6
17 21 15
1 4 17
10 12 8
7 11 3
11 13 17
22 2 5
5 8 5
22 1 12
10 12 4
14 18 3
21 23 8
18 20 17
23 2 8
7 11 12
7 11 8
6 10 8
20 23 17
22 0 2
3 8 2
8 11 7
12 15 4
17 20 9
3 7 12
11 14 11
20 22 10
4 7 16
21 23 12
9 13 8
21 0 16
2 4 3
16 21 9
22 1 17
20 22 1
19 22 3
19 23 17
7 12 1
20 22 10
4 7 15
5 10 6
8 12 10
1 4 6
3 6 3
19 23 15
0 3 2
4 7 17
19 22 9
19 20 1
0 4 14
23 2 13
3 5 12
12 16 6
4 7 16
21 0 7
17 19 4
4 7 6
0 5 16
17 21 6
21 0 9
23 2 8
21 1 15
6 9 12
6 9 17
12 16 9
7 11 9
20 23 7
13 16 6
10 14 2
