1450 12
1 6 9 6 6 6 2 5 6 7 1 1 
21 0 6
4 7 1
14 17 8
20 23 6
15 17 1
0 1 8
10 11 12
6 9 6
4 8 9
2 5 10
21 1 2
1 5 9
16 19 9
8 12 8
23 2 5
10 11 9
19 20 3
1 2 11
6 8 1
13 15 7
13 15 2
3 8 11
13 17 2
4 7 1
22 2 7
15 17 3
22 0 9
22 1 5
16 19 11
10 11 7
11 13 8
3 7 6
6 9 6
19 21 7
1 4 8
5 6 7
16 19 11
22 2 12
10 14 7
22 1 4
2 4 7
2 5 3
7 11 6
21 23 9
4 7 1
1 5 8
17 0 5
13 16 2
4 9 3
2 5 7
5 8 1
12 16 8
8 10 4
18 21 10
23 0 4
11 13 12
13 16 1
19 23 10
16 21 1
13 17 5
4 8 9
15 18 9
10 11 1
16 20 3
18 20 7
21 22 12
0 2 12
5 8 5
11 16 3
19 20 1
11 15 2
8 12 9
4 6 10
2 5 6
21 1 1
15 18 2
19 22 6
7 11 8
10 13 6
10 12 3
11 12 10
19 21 4
10 13 6
14 17 2
17 20 2
18 19 2
14 18 5
5 6 11
9 13 6
23 2 12
5 8 5
12 15 3
4 6 4
11 12 9
21 23 4
18 20 10
20 0 2
18 22 3
6 11 3
7 10 4
8 11 8
10 11 11
11 15 7
11 14 1
23 1 6
16 20 5
21 23 6
7 9 2
20 22 2
9 13 7
9 12 6
17 21 9
18 21 2
22 2 8
9 11 7
20 23 5
23 2 8
20 21 11
18 22 3
14 18 2
22 2 2
12 16 6
21 0 11
6 11 12
3 7 7
20 23 4
11 14 6
0 2 6
7 11 9
0 2 2
19 22 8
20 22 1
4 7 10
6 9 1
12 14 7
18 21 9
9 12 5
12 15 4
10 15 8
0 1 2
14 18 8
6 9 4
0 3 5
12 15 12
12 14 10
18 22 2
22 23 2
13 18 4
21 2 2
5 8 10
5 8 12
19 21 7
8 11 2
10 12 3
2 7 5
0 4 1
4 7 3
5 7 12
1 3 3
17 19 10
2 5 8
10 13 9
2 4 2
15 18 7
13 15 8
22 1 11
16 17 5
2 6 8
14 19 7
5 7 12
9 13 1
6 9 2
9 12 5
8 11 5
13 18 10
4 7 4
5 9 6
22 1 3
17 21 8
6 10 7
21 23 12
6 9 8
5 8 1
12 14 6
16 20 2
6 9 10
22 2 12
11 16 12
11 15 9
7 13 7
9 12 9
18 21 3
17 20 8
21 0 12
15 18 1
21 23 2
14 18 12
13 16 2
20 23 10
19 21 11
7 12 6
16 20 12
10 14 9
2 5 7
6 10 11
23 2 7
3 7 11
6 10 3
9 12 3
19 23 1
10 14 10
19 23 11
12 15 12
13 15 6
13 16 12
20 0 9
20 22 7
22 2 9
15 18 6
7 9 6
16 19 12
14 17 7
12 14 2
6 9 10
12 16 3
8 12 12
6 10 4
15 17 7
16 18 5
16 20 2
22 3 4
23 1 4
23 3 4
21 23 4
10 12 10
11 14 6
5 9 11
4 6 7
0 2 4
15 17 3
13 15 4
11 12 2
14 16 6
10 13 5
2 7 4
4 8 8
23 2 11
16 20 9
16 20 9
17 18 1
20 22 10
9 12 1
4 7 4
19 20 7
17 21 3
23 4 12
4 7 1
0 3 4
19 21 4
17 21 11
9 13 5
8 12 8
15 19 9
0 3 2
23 0 3
2 7 12
8 11 5
22 1 4
2 6 8
4 7 10
14 18 3
13 18 11
22 0 3
0 5 5
1 4 12
19 21 12
6 10 9
0 3 3
12 15 6
14 16 3
6 9 5
6 9 10
9 12 8
15 17 12
19 20 6
21 23 8
8 11 3
17 22 9
19 21 7
19 22 7
17 18 3
7 12 8
2 5 10
0 2 3
4 7 8
0 3 8
12 15 4
19 23 6
4 6 1
10 12 1
5 7 7
22 0 9
19 0 8
13 17 2
19 23 9
17 21 12
0 3 10
12 16 5
23 4 7
3 5 9
2 5 10
5 9 3
5 7 11
9 12 12
2 5 6
16 19 6
7 8 5
13 15 2
0 3 12
7 12 10
14 16 11
2 4 7
10 13 5
4 7 11
7 10 7
8 11 2
12 15 9
5 10 5
17 19 1
7 11 6
21 23 12
18 21 11
3 7 7
1 4 9
23 4 11
17 18 1
23 1 4
16 19 4
21 1 3
21 1 10
16 19 4
9 12 5
1 4 6
4 7 5
21 1 12
22 2 7
12 13 11
21 0 12
21 0 12
8 12 5
12 15 10
4 9 6
0 1 10
0 2 8
19 23 8
7 10 2
2 5 11
1 5 11
19 22 7
17 19 12
6 7 4
19 22 10
14 17 4
16 18 3
5 8 9
10 15 6
14 17 9
5 7 3
21 0 8
1 3 4
8 12 2
0 2 11
12 16 11
7 9 5
17 20 5
17 21 9
7 10 11
8 12 3
11 15 8
17 19 4
15 18 1
18 19 10
22 1 5
5 7 5
22 2 3
4 8 11
9 11 11
7 9 12
19 21 2
15 18 7
21 23 12
23 1 8
21 23 6
9 13 2
14 17 4
4 9 8
14 17 6
20 23 12
9 12 8
20 0 3
19 21 7
2 6 3
8 11 6
10 15 4
4 8 1
17 18 6
4 8 2
12 15 1
2 5 11
16 17 7
17 21 9
23 1 8
13 15 3
19 23 8
22 0 8
4 8 11
21 1 6
20 23 11
11 14 1
20 0 12
17 20 7
12 14 1
16 20 1
1 3 7
23 3 6
4 9 6
16 20 4
3 7 1
16 19 5
22 1 9
4 6 1
17 19 12
18 20 4
14 17 12
17 22 12
8 12 8
10 15 7
10 14 8
22 1 4
0 1 6
18 20 4
15 18 8
20 22 1
14 17 7
18 21 9
10 13 9
10 13 11
16 19 5
14 15 11
11 15 7
23 0 11
4 7 8
14 17 7
3 6 5
11 15 5
16 17 8
19 23 8
13 16 5
20 0 12
13 14 4
0 5 9
6 8 7
14 16 9
9 12 11
16 18 10
18 22 9
4 9 12
0 4 8
9 13 7
14 18 8
0 3 4
7 10 10
18 19 2
3 7 11
19 21 12
13 17 6
16 19 4
13 16 2
20 22 11
5 8 1
19 22 3
7 10 12
19 21 8
15 18 11
20 0 12
4 6 9
19 23 1
16 18 4
5 7 8
11 12 1
5 7 12
9 13 6
2 4 9
11 14 5
4 5 3
10 13 2
12 13 4
12 17 7
7 11 7
13 17 3
3 6 5
17 20 12
8 10 6
3 7 11
9 12 12
16 20 4
11 14 2
4 8 3
15 18 1
5 8 6
12 14 8
17 20 10
19 23 3
9 12 9
14 18 11
8 13 4
8 10 5
4 8 8
18 21 8
12 16 6
18 20 1
6 9 9
23 2 4
20 23 1
12 14 2
5 7 1
11 11 6
17 20 12
1 4 11
7 11 6
3 5 8
17 21 12
10 14 12
15 17 9
2 4 1
13 18 6
12 14 9
16 18 6
4 6 7
20 23 5
9 12 8
10 14 8
1 3 2
10 12 7
0 3 12
11 14 1
21 0 7
3 5 3
0 3 5
19 21 3
8 10 11
14 17 5
11 12 4
16 19 12
8 11 9
8 9 1
19 21 8
18 19 2
14 18 5
16 19 1
6 8 5
2 4 12
20 23 10
23 3 12
19 21 7
23 1 7
22 2 7
10 12 6
4 7 1
2 5 7
14 19 2
12 15 11
11 15 7
9 12 9
14 17 4
11 15 9
0 4 12
12 16 11
15 18 7
14 17 6
22 0 7
2 6 4
3 7 3
7 10 7
17 21 12
13 16 9
18 21 12
3 8 7
18 19 3
11 14 5
13 17 11
1 4 6
0 2 1
20 23 5
3 5 9
6 10 12
7 12 3
18 23 6
17 20 9
8 11 7
17 20 6
21 23 9
14 15 6
5 8 3
13 16 8
8 12 10
20 23 2
11 13 1
8 12 4
23 1 6
5 9 12
12 15 12
7 10 11
23 1 10
18 20 1
3 7 12
20 23 2
16 17 6
22 0 7
21 2 12
10 12 4
9 12 1
6 8 5
4 8 12
14 15 7
19 23 6
22 1 11
14 17 4
8 11 9
1 4 10
3 7 2
14 17 1
12 17 8
7 11 9
16 18 2
7 9 7
3 6 9
19 0 11
0 4 7
14 17 5
3 6 7
3 7 4
10 14 11
16 18 11
10 14 10
14 16 7
8 12 10
7 10 3
13 16 3
14 15 8
21 22 2
5 7 4
15 17 5
6 9 4
12 15 12
23 2 10
18 21 2
11 15 12
11 12 8
12 16 10
19 22 11
6 10 12
21 1 7
8 10 6
2 5 10
4 7 1
12 16 4
16 18 7
17 20 6
4 8 11
4 7 1
6 8 7
3 7 3
23 1 4
20 0 10
15 18 6
2 3 12
13 16 1
10 14 9
8 10 4
14 18 5
19 21 12
19 22 12
18 20 9
0 3 4
17 20 5
10 14 10
13 17 4
20 23 1
15 17 4
3 6 1
18 22 2
4 8 12
8 11 11
23 2 12
11 14 4
10 14 3
3 6 1
23 2 2
16 18 6
7 10 3
9 14 8
18 23 1
8 10 3
3 6 4
3 7 7
13 15 6
10 12 10
17 19 1
21 0 8
17 20 11
21 1 6
14 16 12
14 16 6
14 16 9
13 15 6
10 12 4
16 20 2
11 14 4
21 1 11
1 5 8
11 15 2
0 3 3
1 5 5
9 15 9
10 11 7
11 15 12
20 23 10
13 18 3
14 18 5
22 2 8
2 5 1
1 6 1
4 7 12
18 21 2
21 0 12
16 20 5
9 12 11
16 21 11
0 4 7
6 9 7
10 14 7
20 22 1
5 8 10
13 16 5
18 22 11
5 8 2
7 12 6
21 0 12
18 22 9
21 23 5
8 12 9
6 9 11
20 23 11
4 7 3
8 9 11
20 0 6
13 15 12
15 18 12
21 1 3
6 10 8
14 17 6
15 18 3
22 2 5
23 2 6
5 8 12
14 16 1
11 14 5
19 22 7
0 2 12
1 5 3
19 23 8
0 3 4
16 18 8
20 0 10
8 11 2
17 18 8
17 20 2
9 12 6
11 15 1
12 13 1
16 19 11
4 7 10
22 1 8
11 14 5
11 14 3
16 19 12
12 16 10
17 20 7
18 21 3
10 13 9
9 13 5
13 15 3
23 2 3
12 16 3
23 1 3
16 20 4
0 2 2
20 22 6
13 16 8
20 23 12
5 9 9
9 10 10
8 10 4
5 8 4
8 12 9
10 14 9
0 3 10
12 15 3
17 21 6
12 15 6
8 12 10
10 14 1
22 2 11
18 22 10
16 18 12
3 5 4
8 12 8
23 3 2
16 19 2
4 8 2
20 23 10
17 20 1
1 5 6
22 3 7
8 11 12
9 11 12
20 23 10
12 16 7
10 14 12
20 21 6
11 15 12
18 21 12
17 19 2
20 23 12
13 15 3
0 4 6
12 15 8
12 16 8
11 13 1
23 1 4
11 13 7
9 11 7
18 21 5
16 18 7
3 5 4
1 4 8
23 4 12
19 21 5
8 11 1
23 2 5
21 22 11
14 18 11
22 1 12
1 2 11
5 10 10
6 8 4
5 7 5
8 12 2
5 8 10
8 11 7
11 11 3
20 21 3
9 11 4
0 2 5
12 16 7
16 21 10
3 7 5
4 8 8
21 0 6
11 16 3
23 0 7
2 5 12
19 21 11
1 5 1
9 12 8
22 0 3
8 10 1
12 15 1
15 18 7
8 11 5
23 2 2
0 3 11
17 21 7
23 2 9
3 7 4
12 14 6
10 13 9
10 12 2
21 23 10
5 6 3
8 12 8
11 15 2
5 8 3
7 11 12
8 12 12
16 19 5
16 21 7
18 21 2
16 18 2
5 8 3
14 18 7
10 14 12
10 12 7
23 2 10
16 18 5
11 14 6
4 7 4
13 16 4
23 1 7
9 14 5
17 20 1
18 19 2
23 3 2
14 17 2
4 8 3
18 21 6
0 3 4
14 17 9
23 3 1
2 4 2
12 16 6
3 6 3
23 4 11
20 0 7
18 20 11
0 2 9
9 13 8
14 16 3
0 3 12
14 18 10
12 14 4
14 17 11
16 19 9
18 20 9
1 5 1
14 17 1
2 7 10
0 1 10
3 7 2
14 15 11
6 10 11
11 14 4
14 17 1
8 12 10
3 7 4
11 14 3
18 21 4
14 17 7
13 17 8
6 8 8
10 13 9
15 19 4
4 6 7
4 8 12
12 17 9
14 18 6
23 23 1
6 10 12
2 3 10
18 22 10
19 22 12
13 16 9
14 16 9
0 1 5
20 22 5
11 13 3
10 12 12
6 9 3
11 13 11
15 19 12
11 14 2
2 6 2
16 18 12
15 17 12
19 22 12
17 19 4
5 9 7
15 18 10
9 14 4
10 12 3
12 14 4
10 13 7
22 0 5
0 2 4
15 19 8
11 14 9
21 2 4
10 14 5
12 16 9
8 9 3
4 8 2
0 5 9
21 1 10
17 20 5
23 1 3
12 15 7
8 11 9
11 15 10
15 16 7
22 2 10
18 22 5
18 21 6
1 4 2
8 12 1
21 0 1
15 18 7
5 8 12
13 17 12
19 23 10
7 12 9
4 8 3
23 1 9
5 8 5
8 10 5
22 2 5
23 3 12
16 19 2
12 15 8
22 1 7
5 7 6
1 5 1
14 16 10
19 21 12
7 10 2
16 19 9
11 14 9
0 3 11
19 1 7
7 9 5
17 22 9
17 21 8
17 20 12
3 7 11
0 2 2
22 2 9
10 13 11
19 22 5
13 16 7
20 0 10
2 5 5
0 3 8
16 20 7
19 23 7
23 3 9
18 19 4
7 11 6
19 22 11
17 19 6
17 21 5
23 0 9
8 11 9
14 17 3
9 11 12
22 1 7
10 14 1
23 2 11
16 21 9
0 4 11
1 3 2
10 15 11
0 2 2
20 22 10
6 10 5
9 12 3
12 16 10
6 8 3
10 12 2
20 21 2
0 2 6
17 21 6
13 15 12
2 5 8
20 23 5
22 0 11
5 8 6
0 4 2
9 11 9
6 10 10
4 8 9
14 18 11
10 12 8
17 21 5
20 23 2
13 16 9
6 9 9
7 7 5
9 12 5
18 21 10
10 13 2
12 15 9
7 10 5
18 21 6
18 20 8
10 13 9
15 17 3
4 7 6
19 22 5
7 9 12
9 12 12
3 6 8
12 15 4
21 1 1
12 14 12
18 20 1
23 1 2
9 14 9
8 11 9
12 17 3
2 5 6
8 12 10
8 10 1
13 16 7
15 18 12
10 12 11
23 2 5
7 10 1
5 9 8
4 6 8
23 1 2
9 12 11
7 9 5
4 7 7
18 20 6
6 9 1
6 7 7
0 3 12
18 21 4
19 21 2
1 3 7
4 7 1
19 23 10
21 1 12
0 3 4
16 20 12
9 11 12
2 5 1
22 1 3
20 23 10
5 10 3
18 22 11
19 22 9
14 18 10
12 14 6
17 20 7
5 8 2
10 11 4
4 8 8
23 3 1
6 8 4
14 17 3
2 5 6
18 21 3
20 0 3
9 12 6
9 11 10
20 1 8
21 22 6
17 21 6
4 7 3
5 6 10
0 4 11
17 20 12
6 9 4
5 7 12
14 16 7
20 0 5
18 20 11
15 18 1
13 17 9
16 19 1
18 21 9
11 14 6
13 17 6
17 20 5
3 7 4
2 4 9
12 16 6
6 9 3
23 2 1
21 0 11
23 3 7
15 16 11
5 8 3
18 21 7
22 1 10
23 3 4
21 23 7
6 9 11
20 0 2
3 6 5
4 6 8
14 16 6
13 17 8
14 18 2
22 23 8
22 2 7
16 18 5
2 6 10
19 0 11
4 7 2
2 4 6
11 12 2
20 0 12
3 6 10
1 3 5
19 22 5
8 11 1
17 20 3
1 4 4
9 14 4
14 17 10
4 6 6
8 11 6
8 12 12
13 16 6
1 3 11
15 20 6
3 6 3
1 3 1
1 3 6
15 17 3
20 23 5
10 13 10
14 18 5
4 7 8
10 12 10
10 14 6
6 9 6
17 19 5
15 18 3
18 22 8
11 14 9
15 21 10
3 6 1
15 18 2
20 22 2
17 21 3
1 4 7
12 15 11
2 4 6
5 9 10
5 8 10
22 2 6
15 17 8
3 3 5
21 1 10
11 14 9
3 5 4
19 22 1
9 13 5
16 20 9
11 15 11
16 17 7
20 22 9
15 17 11
16 20 1
23 3 12
20 22 8
2 5 6
23 2 2
7 9 4
6 8 8
5 8 7
5 8 3
2 4 2
0 4 7
23 2 4
22 2 10
0 1 10
18 21 3
10 13 11
9 11 9
10 12 10
17 22 11
17 19 4
16 20 5
10 12 5
18 21 11
14 17 1
14 17 2
12 14 4
8 9 4
23 4 10
16 19 11
23 3 3
18 0 3
10 12 7
12 15 5
6 7 3
9 14 3
12 15 12
12 14 7
8 12 5
5 8 1
7 10 5
10 13 12
2 4 10
12 15 10
10 13 10
19 23 7
4 6 2
5 9 10
3 7 4
12 15 6
10 12 5
4 6 12
0 3 2
20 22 1
23 2 4
14 19 3
3 5 6
21 0 3
2 5 7
5 8 12
13 17 12
22 2 6
7 8 5
23 2 9
8 12 1
21 1 11
20 22 6
19 22 4
6 9 3
4 9 12
14 17 3
12 14 11
14 18 1
5 8 12
1 4 7
2 4 6
8 10 6
8 12 8
16 18 9
4 8 5
7 9 9
11 15 10
15 18 7
2 6 6
18 23 11
15 17 12
21 0 12
8 9 12
10 13 1
6 8 8
12 16 11
9 12 9
17 20 9
23 0 3
2 4 10
21 1 2
5 8 12
12 16 8
8 11 7
12 16 12
4 9 5
23 3 4
20 23 6
15 18 8
14 17 9
17 20 1
6 10 4
0 3 3
18 21 4
0 3 6
22 1 7
2 6 11
13 16 12
2 5 8
11 16 5
11 16 10
10 12 2
15 19 1
15 17 11
8 12 2
10 12 8
12 16 2
12 14 8
4 5 8
15 19 1
5 8 11
3 5 5
10 12 3
12 16 4
23 2 5
20 1 9
23 2 6
13 16 3
6 9 2
8 12 5
4 7 1
17 18 2
9 11 1
2 4 4
12 15 12
3 8 12
21 23 10
21 22 2
23 1 11
20 23 3
11 14 2
23 3 10
10 15 2
3 5 1
9 12 4
13 18 4
9 13 6
14 16 1
5 8 9
13 15 10
16 20 9
10 13 9
5 8 4
17 20 2
15 18 2
8 12 4
7 11 12
0 4 7
3 6 6
10 12 8
11 13 10
21 23 9
10 12 4
11 16 10
8 12 6
14 17 10
7 10 2
21 23 5
2 7 10
5 7 6
10 12 8
3 5 3
0 2 10
19 23 9
17 21 9
16 20 2
9 11 8
18 20 12
8 12 8
5 7 8
13 17 11
16 19 12
18 19 11
5 7 8
4 7 6
11 14 6
0 2 2
4 7 6
20 23 5
23 1 2
