1250 16
9 3 2 7 2 6 7 9 3 9 5 10 9 4 3 4 
17 20 10
2 5 1
4 8 5
5 6 3
15 17 16
13 18 6
23 2 13
22 0 9
23 2 8
9 13 8
12 14 7
15 18 12
7 9 1
5 8 5
1 4 8
12 14 3
13 16 15
13 17 14
19 23 10
18 20 4
7 10 1
12 16 9
22 2 1
23 1 8
20 0 2
8 12 14
2 4 14
9 12 6
23 3 14
14 16 13
9 11 16
20 23 8
5 8 11
21 23 5
0 3 9
9 12 1
13 16 16
18 21 13
16 18 10
22 2 5
1 3 5
2 5 16
22 23 7
3 6 11
10 12 5
9 12 5
22 1 1
9 12 9
7 10 6
23 1 15
8 12 2
2 5 8
3 7 16
16 21 13
13 16 5
1 4 6
22 0 2
7 11 7
13 18 5
13 14 2
8 12 7
11 15 3
3 4 12
8 11 3
22 1 10
22 2 13
22 3 6
5 7 14
6 9 6
9 14 2
14 16 16
17 21 7
5 8 4
6 9 5
3 5 15
1 5 5
9 11 10
0 3 13
2 5 13
3 6 5
5 6 16
16 19 14
15 16 11
2 5 6
0 5 13
9 11 14
13 14 11
6 10 1
17 20 1
23 1 14
5 9 15
23 2 6
0 3 12
23 1 10
22 2 10
21 23 6
20 23 8
11 12 2
22 1 16
22 1 5
17 21 4
1 4 7
10 9 1
20 22 15
8 10 2
0 5 12
10 13 1
15 19 9
22 0 10
13 16 4
13 17 14
19 23 11
20 22 10
23 2 10
20 22 14
23 1 1
4 7 16
8 10 3
5 7 6
8 11 12
7 9 7
4 8 7
13 17 16
5 7 14
3 5 14
1 1 9
12 14 16
20 0 13
18 22 14
16 19 2
10 12 11
17 21 4
4 8 14
11 15 12
23 1 6
1 4 1
11 15 10
8 9 8
21 2 3
1 5 7
8 11 1
19 21 8
21 0 4
19 21 16
13 16 1
0 3 8
7 8 12
6 9 8
4 8 15
18 22 9
14 17 2
7 9 5
12 16 13
19 21 5
19 23 5
20 0 1
13 16 12
7 11 14
16 18 16
21 22 15
3 5 3
8 12 12
19 23 16
15 18 3
17 22 6
18 21 6
23 1 2
12 13 12
5 8 12
22 1 7
14 17 5
12 16 4
0 3 3
14 17 1
20 22 9
19 22 7
1 2 13
3 7 12
8 13 5
8 10 12
16 20 12
23 4 3
6 11 14
20 23 1
4 5 11
16 18 8
8 11 14
5 8 7
7 10 8
16 15 14
22 1 11
18 20 14
8 12 15
21 1 12
4 7 16
11 12 12
18 19 14
23 2 13
11 15 7
15 18 11
0 3 16
8 13 11
10 12 9
16 17 3
13 15 4
20 22 4
18 22 8
0 2 9
8 11 1
2 4 3
12 17 5
18 23 11
5 8 2
7 11 12
5 7 3
0 4 1
19 22 2
22 1 3
1 1 15
11 14 14
20 22 15
7 9 14
23 2 9
21 23 15
20 0 2
20 22 12
23 2 8
22 0 15
20 0 9
9 14 12
18 20 12
8 12 10
13 17 11
11 12 8
18 21 9
1 2 16
17 19 8
21 22 12
14 17 15
9 13 13
6 9 2
23 2 8
2 5 14
7 10 8
23 2 11
6 9 8
18 23 4
16 18 1
6 10 4
17 19 3
17 20 10
1 3 5
23 3 11
8 11 5
15 17 3
16 19 8
2 4 8
21 0 1
14 16 4
7 11 11
18 22 8
23 1 3
19 23 10
7 10 9
8 11 12
20 23 16
21 22 4
20 23 5
18 22 13
0 4 14
13 16 8
3 7 10
10 14 8
20 23 4
22 0 15
17 19 5
20 1 15
13 15 10
10 12 10
4 7 8
6 9 10
0 3 12
18 21 10
21 0 16
11 15 14
22 1 11
18 18 9
2 5 14
6 9 8
10 11 15
11 14 9
18 21 1
19 22 8
14 17 2
0 4 2
1 4 3
16 19 16
8 11 4
18 20 7
5 8 8
21 22 3
9 12 15
17 21 3
22 2 16
19 22 15
11 15 8
3 5 14
17 17 7
13 15 5
7 10 2
21 0 15
18 20 9
13 16 8
0 3 2
7 10 5
14 18 13
17 21 11
8 12 4
3 6 7
18 21 4
18 23 13
17 19 1
10 14 1
21 1 11
18 21 11
12 14 1
17 21 6
22 2 15
11 14 6
8 11 9
5 8 13
5 7 9
7 10 10
19 22 8
17 21 1
20 21 8
15 17 11
20 23 6
15 17 8
12 15 12
19 23 3
16 19 3
11 12 1
4 9 12
13 17 12
23 2 4
13 17 13
20 21 10
20 23 4
0 3 7
16 20 14
23 2 4
11 15 15
12 17 11
0 4 10
0 3 2
17 20 8
11 14 10
6 9 9
21 0 13
16 19 6
2 5 2
18 22 9
22 1 12
17 18 9
15 17 11
8 12 7
3 6 13
23 2 4
5 8 5
10 14 6
4 8 12
18 19 15
21 0 12
14 17 10
14 17 5
22 1 12
13 16 16
17 20 11
10 12 15
22 0 14
16 20 6
17 19 6
23 2 11
15 18 3
2 5 6
22 2 11
17 21 1
20 0 2
18 21 14
13 16 11
21 23 3
13 17 16
8 12 16
23 1 8
22 0 10
22 0 15
2 6 5
11 16 13
15 17 16
0 4 5
1 5 13
21 1 9
17 18 13
19 21 8
13 18 11
5 8 1
16 19 5
14 17 13
20 22 5
5 7 12
19 0 6
12 14 14
15 19 6
10 13 7
15 19 14
16 20 6
12 14 2
11 15 11
8 9 1
15 18 15
12 15 15
21 0 6
8 12 6
3 6 10
0 4 9
5 7 12
11 13 1
23 3 6
12 16 13
0 4 7
14 18 13
10 13 9
4 6 7
6 8 7
5 7 12
9 13 9
4 7 14
7 9 12
5 10 5
23 1 10
3 7 15
6 7 8
8 12 2
0 3 11
10 11 12
13 16 9
14 18 1
12 15 16
21 23 8
1 3 15
3 5 4
23 2 16
10 14 13
17 19 14
17 21 9
18 21 8
23 3 7
6 9 12
16 18 8
6 9 4
4 8 5
18 21 8
15 20 10
19 22 7
10 12 11
6 8 3
0 5 1
4 7 13
20 0 7
9 13 12
18 20 4
15 17 3
1 5 6
17 21 11
8 12 1
14 18 3
4 7 16
13 19 12
4 7 16
7 9 2
4 7 2
4 7 13
6 9 12
12 14 3
3 6 6
1 4 13
12 15 11
15 16 1
14 18 1
7 10 8
17 22 13
0 3 12
5 9 9
19 23 14
18 21 11
1 3 11
15 18 9
4 6 12
16 18 11
9 14 6
0 2 10
7 10 15
20 0 2
9 12 16
10 13 13
18 22 9
21 22 8
20 22 10
10 13 11
21 0 6
21 0 14
8 12 3
12 15 7
0 4 12
15 18 2
9 12 13
1 4 14
11 15 2
12 15 6
10 12 11
4 6 1
20 0 13
23 3 1
9 11 5
1 3 8
20 22 12
5 8 16
1 4 9
12 17 8
14 15 12
17 17 8
22 0 7
0 3 14
14 18 8
0 4 6
0 4 9
13 17 10
7 11 7
1 4 2
12 17 7
18 20 5
17 22 7
0 5 8
22 1 15
4 7 15
12 15 8
9 12 13
23 1 7
17 20 7
3 5 11
10 14 2
21 0 12
0 1 8
11 14 10
10 11 15
17 18 15
12 13 7
14 18 10
4 8 1
15 19 8
4 8 4
9 12 9
1 4 1
12 16 6
16 19 10
17 19 2
19 22 14
2 4 14
7 10 12
3 6 9
1 6 5
1 4 6
13 17 5
1 7 9
19 23 4
23 1 2
13 15 3
4 7 16
4 7 13
21 0 16
8 11 14
18 20 3
1 5 7
15 19 2
15 17 8
1 3 6
6 10 8
23 2 5
21 0 4
15 18 15
9 12 9
12 15 11
16 19 14
7 9 13
10 13 10
20 0 16
5 9 3
13 15 9
1 4 8
6 9 11
14 17 3
15 18 10
1 4 10
3 6 9
11 15 5
19 22 9
2 5 16
1 6 13
23 1 9
4 5 5
19 22 14
16 19 11
9 13 1
14 18 7
7 10 16
3 6 10
21 0 16
2 4 1
8 11 14
8 10 2
2 5 15
4 6 12
7 11 14
19 22 13
4 7 4
17 19 5
18 22 13
14 15 8
12 14 6
3 7 3
4 8 14
20 21 9
0 2 4
22 1 15
19 22 8
10 12 3
10 13 11
15 17 5
21 0 12
9 13 1
16 21 4
10 15 6
4 8 10
17 19 6
17 20 2
20 0 3
14 18 15
3 6 13
1 3 12
9 14 6
7 8 11
14 16 9
19 23 13
22 1 15
11 15 4
6 9 14
14 17 15
12 14 11
9 13 4
3 7 4
20 23 3
17 22 5
22 3 5
16 19 6
8 9 8
11 14 10
7 9 4
23 2 9
13 15 3
19 22 10
11 13 9
12 16 6
9 13 3
1 4 2
12 13 14
22 1 12
3 7 16
22 2 7
22 2 16
19 21 8
9 11 15
0 3 8
3 7 2
16 18 4
21 0 1
19 23 9
1 3 9
5 10 9
12 17 9
15 17 16
5 7 15
18 23 7
5 10 10
18 20 1
1 3 16
16 17 8
21 1 1
13 17 6
18 20 4
13 14 5
6 7 14
14 14 16
23 2 8
15 18 10
8 10 8
9 11 10
18 22 2
9 11 3
19 23 6
9 10 5
14 17 12
10 13 3
13 16 16
0 4 8
4 7 2
5 8 16
6 10 2
15 19 3
16 18 4
1 4 1
22 0 5
19 20 8
22 1 8
7 11 12
21 0 8
3 6 15
21 0 16
12 14 15
16 20 5
6 8 4
1 4 12
19 23 9
13 16 6
14 20 14
22 2 4
9 10 10
13 17 8
17 20 9
13 15 1
19 0 7
21 23 4
8 11 3
19 22 1
0 3 15
10 15 5
16 18 12
0 2 4
6 10 6
14 16 6
2 5 13
4 6 4
11 15 10
8 10 15
22 2 12
21 1 14
4 8 5
3 6 2
17 21 11
0 3 5
6 10 4
14 17 12
15 18 9
9 11 2
23 1 11
0 4 6
2 5 6
13 18 1
4 6 4
17 19 15
19 22 5
11 14 6
23 1 16
9 13 6
21 0 6
5 7 6
10 11 7
21 0 5
12 14 4
18 21 4
8 13 10
4 7 3
22 23 2
0 4 13
19 22 9
4 6 4
2 6 15
21 0 16
5 10 11
22 0 12
9 13 8
8 11 8
6 8 15
0 4 16
0 3 11
7 10 7
21 2 2
3 7 11
16 19 5
16 18 2
21 23 9
11 13 13
12 14 4
3 7 8
17 20 8
0 4 14
18 21 1
11 15 10
22 0 15
3 7 11
5 10 2
13 16 11
23 2 8
15 19 6
4 9 8
5 7 8
9 12 16
6 8 16
9 12 16
23 4 11
22 1 11
21 23 16
16 19 1
14 17 9
22 1 1
9 12 14
5 9 3
22 23 14
23 0 7
3 6 15
15 18 7
12 15 14
0 4 14
20 22 11
6 7 12
10 14 6
8 11 1
4 7 16
5 7 7
19 22 8
21 23 8
7 8 8
9 12 10
18 23 15
22 1 12
3 4 6
23 2 14
3 5 7
2 7 6
9 11 13
14 18 15
1 3 12
5 7 1
23 3 16
5 8 3
18 22 1
23 3 6
23 2 14
12 16 4
20 22 1
6 9 12
15 17 16
22 1 4
11 15 16
21 0 16
8 10 12
6 10 12
17 18 14
15 17 13
9 12 16
4 8 4
3 7 1
14 16 4
4 6 15
20 22 2
5 8 15
0 3 10
15 18 16
10 14 11
5 7 16
4 9 5
15 19 3
15 16 14
20 22 10
21 23 8
10 13 11
13 15 1
5 8 13
2 5 8
13 16 9
3 7 6
5 6 4
9 12 1
10 12 12
19 1 16
17 18 6
2 5 7
6 8 6
0 1 6
23 3 9
0 2 8
19 0 14
16 18 8
9 11 14
13 16 14
11 14 1
19 22 1
21 1 15
5 6 1
2 5 9
1 3 1
20 22 4
23 2 12
11 14 6
0 3 3
3 6 15
1 4 15
17 20 2
17 18 4
21 1 9
18 22 10
16 19 13
19 21 8
22 1 2
10 12 16
6 7 13
13 17 14
0 5 4
13 17 4
1 5 1
5 9 6
9 12 16
21 0 16
12 14 10
16 20 16
13 16 4
11 14 9
7 9 1
3 6 3
21 22 7
15 19 5
7 9 10
14 17 16
3 3 6
9 11 7
2 5 4
7 8 2
4 7 3
3 3 3
9 12 9
3 7 6
15 18 15
8 10 15
18 22 15
16 20 14
0 3 3
1 3 2
7 10 3
2 3 13
17 20 6
7 9 11
1 4 12
13 16 6
10 12 2
9 12 12
1 5 16
0 2 15
20 23 7
3 7 7
6 9 12
0 4 10
18 20 3
10 13 15
18 20 1
13 16 11
9 13 8
0 2 13
15 18 8
4 8 4
17 22 7
11 15 8
22 1 1
8 13 2
20 0 10
7 10 7
15 17 11
8 9 11
21 0 12
21 0 1
6 9 1
4 6 5
5 8 10
9 13 13
12 15 7
14 17 6
7 9 13
12 15 2
14 18 11
16 20 14
5 10 3
23 2 11
5 7 14
4 8 9
8 11 6
13 15 14
6 9 1
7 10 10
12 14 14
21 0 2
11 14 16
6 10 11
1 3 4
17 20 6
22 0 11
10 13 5
6 10 11
9 12 5
9 12 13
12 16 3
15 17 6
15 17 1
8 9 6
14 16 3
4 7 9
13 14 3
4 9 16
3 7 14
16 18 13
17 19 12
6 9 15
23 2 1
12 15 10
11 13 9
13 16 9
7 11 5
11 13 9
9 12 16
3 6 12
5 7 15
16 19 11
2 5 8
0 4 3
0 3 9
7 10 4
18 20 12
23 1 8
16 20 12
14 16 8
14 17 4
19 23 6
2 7 2
2 5 3
10 13 1
13 18 1
17 21 3
6 9 14
11 14 2
19 22 14
2 5 7
0 4 5
9 13 8
21 0 11
8 11 9
16 20 11
6 9 12
17 19 1
8 10 15
12 12 2
10 12 14
7 9 13
23 3 1
17 21 12
19 23 6
6 9 4
15 18 2
0 3 5
14 16 11
22 0 3
20 22 13
1 4 9
13 17 14
23 3 6
23 2 7
2 6 1
19 21 12
9 12 1
20 22 7
0 2 6
2 3 3
20 1 2
14 17 3
23 2 16
13 17 9
9 12 13
11 14 3
2 6 16
13 14 5
22 2 16
21 23 9
10 14 4
4 7 11
20 0 16
22 2 3
4 8 9
20 23 3
7 8 14
23 2 8
11 14 13
18 22 5
16 19 4
20 0 5
9 11 10
21 23 2
18 21 11
21 23 15
18 21 10
17 20 16
9 12 7
21 0 1
23 3 14
17 20 12
17 18 1
6 10 13
20 22 10
16 19 13
3 6 7
3 7 13
5 9 16
22 0 7
1 4 2
11 16 9
12 16 13
6 9 12
20 22 10
5 7 14
17 21 16
10 13 11
10 14 3
10 14 1
14 18 9
5 8 15
1 5 16
20 23 14
10 11 11
17 19 15
12 15 6
12 14 11
14 17 7
17 18 2
12 16 13
14 19 3
3 8 1
19 22 8
15 19 13
9 13 4
6 8 2
14 18 11
16 20 14
1 5 3
18 21 12
3 6 3
3 6 4
1 4 7
18 20 10
15 18 15
10 14 1
22 2 5
15 19 4
16 19 8
11 15 14
14 15 8
17 20 1
9 13 8
8 11 11
15 18 11
8 11 14
10 13 10
6 9 2
10 15 13
14 16 7
5 8 1
14 18 14
23 1 6
16 19 16
13 15 8
10 11 4
4 6 14
20 1 9
16 18 5
18 20 6
7 9 16
22 1 6
18 22 1
15 18 5
16 17 2
6 10 12
9 13 1
16 20 2
15 19 4
8 11 7
17 20 1
21 0 9
0 4 1
15 18 2
11 14 7
23 2 5
17 20 9
11 14 14
16 18 2
11 13 10
18 21 9
7 12 6
6 8 4
7 10 7
21 23 6
7 11 1
12 15 12
18 22 14
2 5 14
9 11 1
6 10 6
12 14 13
1 3 8
6 9 9
17 20 14
19 22 12
14 17 9
4 7 14
12 15 16
21 2 4
17 20 3
4 6 10
4 7 10
15 17 13
0 4 2
23 0 13
4 7 1
19 20 11
19 22 13
15 17 16
19 22 15
13 16 7
5 8 13
1 3 7
5 7 7
4 8 7
1 3 9
11 16 4
2 5 1
1 5 4
