750 11
9 7 3 5 4 8 3 3 7 10 6 
6 9 10
14 16 9
0 3 6
5 8 6
20 0 1
2 5 7
1 6 9
20 0 7
22 2 6
8 12 5
13 16 2
11 14 1
10 14 7
7 9 11
19 21 9
3 8 10
15 20 3
6 8 11
0 1 5
14 18 8
8 10 11
14 16 6
18 21 6
4 7 8
23 2 5
1 4 2
16 21 9
10 13 3
10 12 11
22 1 6
22 2 8
2 6 8
4 6 6
16 18 7
3 6 3
21 0 10
4 8 9
22 1 5
12 13 9
21 0 1
6 7 3
8 10 2
5 8 1
4 7 10
21 0 10
11 14 1
17 17 9
8 10 7
3 6 3
13 15 10
21 23 2
23 1 8
1 4 3
15 17 9
23 2 10
22 1 5
13 14 10
1 5 5
7 11 3
9 13 1
19 0 5
18 20 10
2 5 11
2 6 6
12 16 6
19 21 4
6 9 3
4 9 10
23 1 3
18 22 7
0 2 3
12 15 3
12 15 7
6 8 1
2 7 8
18 20 1
11 16 10
5 7 1
5 7 10
5 8 10
15 17 11
10 13 10
2 5 1
5 9 4
23 3 1
19 23 10
6 10 9
3 6 4
1 4 1
14 17 1
23 0 9
11 13 7
6 10 6
3 6 2
4 8 3
20 23 2
1 3 11
16 19 2
3 5 3
3 5 10
18 20 11
12 16 6
9 12 5
14 15 10
2 6 5
2 4 5
21 1 3
18 19 2
16 20 11
7 11 6
7 7 8
11 15 2
22 1 6
17 20 11
8 11 11
13 16 10
22 1 8
11 13 3
9 11 8
2 4 3
4 7 11
12 15 9
21 0 1
21 22 6
16 18 5
20 0 3
2 3 4
21 0 2
1 5 2
9 12 9
2 6 7
20 0 9
22 1 5
0 4 2
3 6 7
9 11 10
0 2 1
4 6 6
18 21 5
3 6 9
8 13 4
7 11 11
23 2 4
6 7 6
0 3 8
16 18 4
8 11 9
5 7 9
18 22 4
21 23 1
0 4 4
19 21 9
17 20 7
16 21 2
13 17 11
17 20 11
2 4 10
7 11 4
2 3 2
8 13 5
16 20 10
23 3 11
22 0 6
23 2 7
13 15 3
22 1 4
0 5 5
21 0 10
2 6 7
6 9 3
0 2 7
15 18 6
5 9 5
17 19 4
22 1 1
5 9 1
12 17 6
16 20 3
4 7 1
18 22 4
8 10 2
21 0 8
5 8 1
17 21 2
21 0 8
0 4 2
10 14 4
15 17 6
20 23 3
18 21 10
7 11 5
16 19 9
8 12 11
4 5 2
20 1 9
10 13 7
9 12 1
19 23 10
21 23 9
14 18 9
22 0 7
18 22 9
4 7 5
22 23 9
6 9 2
0 2 1
13 16 2
19 23 7
23 2 8
10 14 8
0 2 7
0 3 8
7 10 1
17 20 9
10 12 3
8 10 9
4 6 4
4 8 9
13 14 4
13 15 6
23 3 2
13 17 4
9 12 1
2 4 3
7 10 1
13 15 7
4 7 2
8 12 9
15 16 2
12 15 10
12 14 10
19 21 7
14 18 7
7 11 4
13 16 2
23 1 4
12 16 11
6 8 5
5 9 9
2 7 10
10 12 2
4 7 7
0 3 4
0 4 11
22 3 7
5 9 10
8 12 3
5 8 4
15 18 3
0 4 3
16 19 3
1 3 11
18 19 10
0 4 5
19 22 6
20 21 2
21 23 6
4 6 11
10 15 6
1 4 2
5 7 11
17 18 8
21 2 9
21 0 7
1 3 11
8 12 7
23 3 7
14 15 3
3 7 1
17 19 9
23 2 9
7 11 10
7 11 5
2 4 6
14 18 3
14 17 3
6 9 1
18 21 9
22 0 10
11 15 10
11 13 10
13 15 10
19 21 5
5 10 11
18 23 4
6 9 1
21 1 10
4 7 1
4 6 8
6 9 2
7 12 3
8 11 10
3 4 7
10 13 1
0 3 10
15 21 11
8 10 8
11 13 9
12 14 6
9 11 6
6 8 2
7 10 11
9 11 10
15 18 7
11 14 5
9 11 3
5 9 7
5 7 10
8 11 2
0 3 6
9 13 9
6 10 5
22 2 1
2 5 5
2 5 11
8 12 7
8 12 11
16 19 8
12 14 2
17 20 3
0 4 8
20 23 6
8 11 10
12 15 2
0 4 1
2 5 9
17 20 10
7 11 5
14 16 6
22 23 11
17 21 5
21 0 4
12 15 11
21 1 4
0 4 3
5 9 11
1 4 10
20 22 2
11 14 4
21 22 1
20 23 9
18 23 11
21 0 3
8 13 8
17 20 4
1 4 5
6 9 4
7 10 9
14 17 5
1 2 7
11 14 5
18 21 3
0 3 8
1 3 8
22 2 4
2 5 3
5 6 3
14 17 7
16 18 7
23 1 9
1 5 11
6 8 1
19 22 6
13 18 4
1 3 8
18 21 4
9 12 3
20 23 11
7 8 3
4 6 5
2 6 4
23 1 5
7 9 2
2 5 4
5 10 11
10 12 2
18 21 5
13 15 1
2 6 1
17 20 4
22 0 9
19 19 1
16 20 5
22 0 3
19 22 7
15 18 8
16 20 9
13 17 7
8 11 7
7 9 8
10 14 4
15 19 4
9 11 7
22 0 10
11 16 1
5 7 8
8 11 10
2 6 2
15 19 8
9 12 7
1 6 10
8 12 10
9 9 1
6 10 8
4 8 1
19 21 1
16 20 6
17 20 10
13 15 3
15 18 4
21 1 7
14 15 4
8 10 3
14 17 10
19 21 7
17 19 5
8 11 2
1 4 7
4 7 2
6 9 8
3 7 1
0 3 11
1 6 5
1 2 3
18 20 1
13 16 6
22 1 9
5 9 5
8 10 10
21 0 10
23 2 9
23 3 2
8 12 5
13 16 1
15 20 7
14 17 9
8 11 4
6 6 7
9 13 2
0 2 1
3 6 10
23 2 10
9 12 4
20 23 6
18 20 11
21 23 8
0 2 3
3 7 6
19 21 6
21 22 10
2 4 5
22 2 10
0 3 1
17 19 7
13 17 3
12 14 1
4 6 5
15 18 9
11 16 7
8 11 1
5 7 5
9 11 6
14 17 7
1 4 7
12 15 11
10 13 11
23 2 8
13 17 11
13 16 6
9 11 4
14 18 4
5 9 9
10 13 6
7 11 2
4 7 9
22 23 5
19 22 5
18 22 10
17 19 6
6 10 11
0 4 3
20 22 1
0 5 9
16 19 2
14 18 8
18 21 1
17 19 10
19 1 5
4 7 11
8 10 8
19 22 3
11 14 1
8 12 5
7 11 3
10 14 7
10 10 3
8 11 1
12 13 11
3 7 9
23 2 2
8 11 6
8 11 9
3 5 9
20 22 2
5 7 3
21 1 6
10 14 6
17 20 8
12 14 3
4 7 10
21 0 9
17 18 8
1 3 1
7 9 10
5 8 9
13 16 6
18 22 10
9 11 9
8 11 9
7 10 6
12 15 5
8 11 1
0 3 6
16 18 4
18 21 5
21 1 3
22 2 1
18 22 11
4 7 9
20 22 4
15 18 2
10 13 2
16 20 9
0 3 3
2 6 10
13 18 7
3 7 11
11 15 3
5 8 6
0 3 5
15 18 1
4 6 1
4 7 5
13 14 5
19 22 2
23 2 2
1 2 10
11 15 1
18 20 4
2 3 3
22 0 10
20 0 1
16 19 7
8 12 2
13 16 8
14 17 7
3 7 5
4 6 2
22 22 10
18 22 7
12 14 2
23 3 7
11 14 1
18 21 6
5 8 3
18 21 6
2 6 9
23 1 3
17 20 2
15 18 5
11 14 9
13 15 8
17 21 11
15 17 11
20 23 4
17 21 7
2 4 4
18 21 7
22 0 10
16 19 10
20 0 11
11 14 4
17 20 7
20 22 6
0 1 2
21 1 7
15 19 1
10 14 9
0 4 6
3 6 1
19 22 3
15 18 3
11 14 3
12 14 4
17 20 8
14 17 2
8 11 5
21 2 2
5 7 9
21 1 11
4 8 5
13 16 3
13 15 2
19 22 1
16 19 1
11 15 6
22 1 11
0 5 4
13 15 5
6 8 9
13 16 4
10 11 2
21 0 5
5 8 8
1 6 5
19 22 1
23 3 5
23 2 3
2 5 2
3 5 1
13 14 7
21 23 9
8 11 2
1 5 8
15 19 1
11 12 8
7 11 5
2 4 1
14 15 8
21 23 11
1 4 11
14 17 10
20 22 7
20 23 11
14 16 10
18 21 6
7 10 8
1 2 3
11 14 11
17 20 10
18 20 4
21 0 4
1 5 8
10 13 11
11 13 8
13 17 7
5 8 1
14 16 8
3 7 4
19 23 10
14 17 7
6 10 10
4 8 7
0 2 1
11 14 2
12 16 3
13 16 10
0 5 3
7 10 10
1 5 5
17 20 3
20 0 6
3 5 6
8 12 10
6 9 4
21 0 4
19 0 4
21 2 9
4 7 9
20 0 10
1 4 2
1 4 5
1 3 9
19 20 4
2 5 4
20 23 6
10 14 10
9 12 5
1 3 6
18 22 9
4 8 4
1 4 3
2 5 9
1 5 3
8 11 11
22 1 4
1 5 10
15 17 10
23 3 11
14 18 6
14 18 8
18 22 8
5 11 8
23 1 2
9 13 3
1 3 3
7 11 1
18 21 10
14 19 5
22 2 4
20 0 9
15 17 3
5 8 8
17 19 1
0 2 3
4 7 9
8 10 10
0 1 2
6 10 7
13 16 7
4 6 4
4 6 2
8 11 7
7 9 4
6 10 8
23 2 10
1 3 6
0 3 7
14 16 1
19 0 9
8 11 10
21 0 5
16 19 2
14 15 8
5 8 8
6 9 3
21 23 11
9 13 7
22 2 5
4 7 8
20 0 9
5 7 9
11 16 7
3 6 6
8 10 2
12 17 9
5 7 8
23 1 2
11 14 7
17 22 7
23 1 5
7 10 1
14 17 9
18 21 4
5 7 1
21 0 11
4 6 5
1 3 1
4 6 8
20 22 10
