850 7
5 5 1 1 8 9 7 
20 0 5
23 2 5
21 2 5
4 7 1
17 19 2
7 9 1
18 21 1
3 6 2
23 4 6
7 8 2
7 10 3
20 0 7
16 19 2
2 4 6
14 17 6
20 0 1
19 0 6
17 21 4
13 17 5
0 2 7
9 10 5
23 3 5
13 16 3
12 15 2
2 5 7
6 10 7
23 3 3
21 23 2
12 16 6
13 16 4
9 12 5
5 8 7
0 5 7
8 11 3
12 15 6
9 14 1
5 8 4
7 9 2
0 3 2
16 19 6
16 20 5
18 21 5
11 15 3
16 19 6
23 1 3
22 0 2
14 18 2
7 11 4
2 5 4
23 1 4
20 23 4
11 15 3
12 17 5
16 18 3
9 10 3
18 23 5
23 2 7
14 20 1
18 20 7
5 8 4
3 5 5
8 12 5
18 22 6
4 7 6
6 10 1
18 20 5
10 13 6
8 12 7
0 2 2
21 23 7
11 16 3
6 7 4
0 2 5
22 2 1
7 9 3
18 22 4
16 18 3
12 15 6
1 3 5
4 6 6
11 14 3
22 1 4
1 5 1
4 7 4
19 23 5
16 18 7
15 16 4
14 15 1
15 20 1
11 14 5
4 7 5
8 12 6
4 8 2
14 18 4
5 7 5
20 22 6
8 13 2
21 2 3
6 9 2
14 17 5
12 14 7
20 23 5
8 12 2
4 6 3
18 21 5
12 16 5
2 5 2
13 15 4
15 19 3
10 13 1
8 12 6
4 7 7
19 21 2
8 13 4
18 20 5
18 22 1
8 11 6
10 13 1
21 0 7
18 18 1
19 22 2
20 0 2
12 14 7
3 5 6
5 8 7
16 18 2
11 13 6
22 2 6
6 9 4
2 4 6
14 16 1
4 8 3
19 21 4
12 15 5
14 16 7
5 8 2
19 20 1
6 7 1
12 14 6
3 7 4
22 1 4
22 1 3
9 12 1
18 21 6
22 1 7
5 9 1
21 0 7
21 23 2
18 22 2
22 2 4
13 16 7
19 21 5
2 3 3
4 8 6
6 9 7
17 19 7
16 18 5
12 16 6
17 20 6
9 10 3
8 11 3
1 3 7
11 15 7
20 23 6
10 14 5
20 22 4
10 13 5
14 18 1
20 0 7
0 3 3
6 9 5
20 23 1
4 8 2
15 17 4
11 15 2
1 5 1
0 4 4
11 14 2
5 9 2
19 23 2
12 15 6
7 9 2
22 1 2
19 22 2
7 12 7
11 14 2
13 16 3
13 15 7
7 11 4
5 10 2
3 6 1
12 17 6
13 16 2
9 12 6
22 1 3
17 19 5
9 12 2
19 23 2
12 17 7
14 19 5
3 7 2
0 4 2
2 5 1
11 14 7
23 2 5
5 7 6
4 7 1
15 17 7
22 1 1
7 9 2
4 8 5
10 12 4
9 13 4
2 6 1
3 7 6
0 3 3
4 6 1
15 18 4
23 2 3
1 4 5
20 0 1
8 11 2
7 11 1
15 18 1
23 3 7
17 19 3
5 8 7
15 19 3
4 8 5
0 4 3
17 20 5
21 0 5
3 4 3
18 20 2
1 4 2
16 17 3
4 7 7
19 22 6
22 1 4
22 2 1
3 3 3
13 15 2
9 12 7
19 22 3
7 9 3
7 9 6
7 10 1
8 10 6
15 18 1
3 7 5
1 4 2
12 15 5
2 3 3
12 14 7
19 20 2
12 16 6
5 7 1
22 2 6
6 8 5
22 2 3
9 11 6
1 4 1
6 10 5
20 0 2
5 9 5
22 1 6
6 8 3
5 8 3
6 11 1
18 21 6
13 16 7
7 10 1
3 5 2
19 0 1
20 22 5
15 18 3
23 2 3
21 23 1
16 19 3
16 19 3
10 12 7
19 23 4
18 22 1
8 11 3
17 20 6
12 13 3
5 8 2
0 5 2
0 3 7
16 20 3
15 21 5
12 16 4
20 0 3
6 9 2
18 21 1
20 22 5
9 12 6
7 10 6
20 23 2
18 23 6
5 10 5
7 10 1
16 19 2
3 5 5
11 14 7
20 22 3
15 17 6
23 2 3
9 12 4
17 21 2
12 15 4
9 11 3
3 6 3
13 15 1
3 6 7
0 2 2
10 13 5
22 2 5
6 8 5
18 20 2
10 12 7
2 5 5
9 10 6
22 1 2
4 9 1
17 21 3
6 11 6
6 10 3
11 15 6
15 18 2
21 2 5
13 17 2
5 7 7
3 7 5
9 13 3
4 6 4
18 23 3
2 7 5
23 2 1
1 3 5
16 20 5
22 1 3
6 11 2
21 21 5
10 13 2
23 3 5
11 15 4
13 18 4
20 23 7
15 17 7
8 11 7
18 21 2
3 7 6
19 21 7
7 10 2
11 15 6
22 2 7
20 23 1
15 19 6
2 5 5
6 9 1
2 5 2
5 8 5
5 7 4
23 1 7
8 11 5
0 2 6
5 8 5
21 1 1
6 8 1
1 4 4
23 2 5
19 23 2
13 16 3
22 1 7
6 7 1
7 11 7
1 5 4
23 1 5
4 6 1
18 21 5
4 9 4
13 17 7
3 7 6
11 14 5
6 10 7
22 2 3
3 7 7
2 4 5
15 18 6
18 20 4
12 16 3
6 10 2
17 20 7
3 5 3
7 10 4
19 22 3
15 17 1
4 7 5
18 20 3
21 1 5
2 4 4
12 15 2
23 2 6
10 13 4
17 20 5
3 5 5
15 19 2
21 1 2
1 6 7
13 18 1
1 4 2
21 1 3
1 5 5
16 20 5
11 15 7
15 19 4
1 6 6
2 6 5
22 1 4
3 6 4
7 10 3
3 7 1
19 23 7
2 5 2
0 2 7
20 22 6
7 10 6
11 14 5
8 11 4
21 1 6
12 16 7
0 4 5
20 23 6
16 20 1
0 2 4
16 18 3
9 13 4
5 7 6
1 4 4
16 20 1
12 14 1
12 16 7
18 19 1
5 8 7
6 10 7
19 22 7
21 0 5
2 5 2
17 18 1
23 2 6
4 7 4
3 5 4
15 18 6
5 8 5
9 11 2
16 18 7
4 4 4
22 1 4
7 10 4
9 14 1
13 16 6
22 0 7
19 22 7
5 8 2
11 13 2
3 7 4
11 14 3
10 14 5
11 15 1
23 3 4
11 15 3
2 5 2
8 10 4
20 23 6
6 9 3
13 15 7
11 15 7
6 10 3
11 11 6
21 0 7
12 16 1
6 9 7
15 19 4
2 6 4
4 7 2
23 3 5
3 6 5
2 4 1
1 2 3
10 14 4
20 23 7
23 3 2
1 5 5
21 23 7
20 0 7
23 4 2
6 10 7
10 12 1
2 5 3
10 13 2
1 4 7
9 12 4
23 2 5
14 18 6
3 5 4
17 20 1
3 6 6
18 22 1
4 7 7
1 3 2
2 5 2
6 9 7
11 15 5
10 12 3
6 10 6
22 2 2
3 7 1
8 12 3
22 0 5
14 16 4
19 23 4
20 22 4
13 18 6
13 16 4
23 3 4
19 22 4
20 0 5
11 16 3
9 13 7
17 20 6
5 9 4
6 10 3
0 2 1
20 23 5
10 13 5
22 2 5
11 13 1
18 21 7
11 13 3
6 9 7
4 7 1
6 7 4
9 12 6
3 6 4
9 11 7
21 1 3
23 3 1
16 20 6
7 10 1
9 12 2
2 4 1
21 23 7
20 23 1
11 13 1
18 21 5
21 0 7
23 2 6
9 12 4
20 22 4
17 19 1
16 19 2
15 17 1
15 17 4
19 21 6
17 21 5
16 20 2
20 21 3
18 19 7
6 8 6
15 17 5
9 11 6
14 16 1
8 12 3
7 10 6
20 23 5
17 17 2
3 8 7
13 17 2
3 5 5
7 9 1
8 10 3
19 22 4
5 9 4
20 22 4
18 21 3
17 20 5
18 21 2
18 21 5
15 18 2
1 4 7
3 5 2
21 0 6
3 6 2
16 19 1
23 0 5
1 5 5
2 5 5
6 9 6
3 6 1
19 21 2
20 1 3
4 8 5
13 15 3
8 9 7
8 11 7
5 9 5
10 13 3
1 6 3
17 21 5
16 20 5
18 21 5
15 17 3
3 5 1
5 7 2
5 8 1
13 16 2
5 8 2
21 22 6
16 19 1
21 0 1
14 16 7
7 10 2
2 3 5
19 23 6
1 5 4
23 0 5
5 9 6
1 2 4
20 23 7
22 1 4
22 2 5
5 8 6
22 23 3
6 9 6
8 10 6
12 15 4
9 10 2
3 5 6
4 6 6
4 6 3
8 11 1
2 5 1
16 19 7
13 16 4
13 16 2
7 12 5
11 14 7
6 9 5
11 14 4
18 20 1
16 19 5
12 16 5
15 18 1
7 8 3
0 3 6
0 4 3
9 11 4
22 2 1
4 7 3
8 9 5
17 21 3
6 9 2
1 5 2
0 3 3
4 7 5
5 9 7
13 18 6
20 0 1
17 20 6
0 4 7
17 20 5
18 20 2
12 14 7
13 17 3
16 20 7
10 12 4
18 20 3
7 11 6
12 16 6
13 15 5
8 11 4
2 5 6
21 0 6
19 23 3
6 8 4
16 19 6
14 17 2
3 5 3
6 8 1
21 0 1
13 17 6
3 6 2
11 16 6
5 9 3
6 10 4
21 0 5
19 21 3
22 2 5
22 3 4
9 11 4
15 17 6
22 0 7
12 14 6
7 11 6
5 9 4
21 1 1
9 12 5
4 7 6
0 3 5
4 7 6
2 5 4
2 5 1
10 14 6
5 10 7
0 3 2
1 4 5
19 22 7
11 13 5
17 21 3
8 13 6
14 16 3
21 0 1
5 9 4
17 21 7
2 6 7
3 5 5
10 14 2
17 21 4
14 17 4
5 8 1
6 7 5
14 16 5
5 9 1
0 2 5
12 15 7
2 6 5
11 14 1
2 4 2
1 2 3
11 15 2
17 20 1
13 15 7
5 7 4
2 6 3
7 10 7
6 8 2
10 14 1
14 18 7
4 7 1
5 9 7
0 3 1
1 5 1
6 8 4
2 5 6
22 0 4
7 10 3
3 6 1
22 2 2
4 7 1
21 0 1
19 23 5
17 19 2
5 6 5
4 7 4
0 3 1
9 13 4
5 9 4
0 2 5
1 6 7
11 15 7
16 19 3
22 1 5
1 3 7
23 2 6
3 6 5
18 20 1
2 5 1
5 7 5
19 23 7
17 21 7
2 5 7
11 15 6
17 19 1
6 8 7
5 8 1
2 6 1
12 16 3
21 0 5
1 6 3
11 15 5
22 2 7
22 3 3
15 18 6
22 0 4
23 1 6
10 13 6
17 20 7
4 8 6
3 6 3
19 20 7
22 1 2
9 11 7
15 18 1
17 19 2
17 20 2
6 10 5
19 22 4
18 21 4
9 13 5
14 17 4
18 21 4
17 20 2
5 7 5
9 11 6
13 15 7
17 18 2
3 7 6
15 17 3
13 18 7
21 0 5
5 7 4
4 7 6
14 17 7
15 19 3
17 20 2
3 8 5
11 14 3
14 19 5
1 3 5
23 3 6
3 6 1
5 9 6
12 15 4
0 3 5
11 13 6
13 16 2
16 19 4
21 0 7
8 9 3
3 6 4
15 18 6
2 4 5
19 22 6
14 18 6
7 10 1
8 11 3
19 23 2
3 6 7
2 3 3
