400 15
5 4 7 2 8 7 2 2 10 9 1 6 8 10 5 
18 22 7
9 11 4
3 6 12
17 21 15
18 20 6
10 14 11
9 13 9
22 23 12
18 19 1
3 6 6
12 16 14
18 21 11
2 5 15
8 13 14
12 17 13
13 16 10
10 12 11
18 21 3
14 18 6
11 13 12
14 16 12
22 23 14
14 17 10
6 9 8
20 0 12
20 23 2
21 23 5
15 19 9
3 6 6
9 12 10
16 17 10
17 19 15
4 8 4
10 11 14
21 23 12
13 17 12
23 2 8
11 12 3
10 14 7
1 5 5
7 11 8
10 16 7
4 7 6
1 6 2
21 22 5
23 1 15
18 21 9
21 23 5
12 15 11
18 21 4
19 21 2
20 23 14
21 2 15
13 14 13
21 0 9
21 23 9
12 14 13
5 9 15
3 6 5
11 13 5
13 17 3
5 7 7
1 3 9
11 12 2
0 5 5
8 11 10
16 21 4
14 16 11
1 4 9
5 8 14
4 7 3
11 14 5
1 3 5
15 18 7
3 5 12
1 4 6
20 1 6
20 0 11
17 20 11
9 12 8
5 10 8
13 16 9
12 14 14
6 9 12
8 11 7
17 19 1
5 8 6
4 5 15
5 7 1
22 0 8
9 11 9
12 15 2
1 3 2
23 3 5
2 5 6
7 10 14
8 10 9
3 4 2
23 2 9
1 1 15
12 17 5
4 5 13
0 3 13
4 6 15
8 10 11
18 21 2
15 18 7
5 9 7
3 5 5
20 21 11
4 7 15
18 23 4
0 4 15
12 14 14
15 17 1
20 23 1
6 8 1
23 4 4
19 21 13
21 23 5
8 11 10
13 15 13
5 7 9
13 17 7
12 15 5
22 1 5
1 5 12
19 22 4
1 4 10
15 19 11
3 6 1
8 11 12
21 0 5
11 14 6
20 22 12
5 8 11
3 8 4
13 17 6
13 16 6
23 2 9
18 22 4
11 14 6
5 8 11
20 22 15
12 15 3
14 17 5
16 19 12
8 12 9
16 20 6
10 13 6
10 14 10
15 18 5
19 0 1
14 17 10
2 4 7
2 5 12
18 20 2
17 20 9
10 14 14
0 2 5
7 10 14
2 5 2
6 9 15
10 13 2
19 21 10
4 8 8
12 15 6
13 15 8
9 11 9
19 0 12
20 22 7
23 1 2
8 11 8
2 5 13
18 20 9
22 1 8
19 22 13
17 21 3
8 12 3
20 0 13
1 4 9
18 20 14
19 22 3
2 5 8
19 21 5
16 20 3
21 2 12
10 12 13
9 11 1
1 4 7
8 9 7
16 19 11
16 19 1
21 0 14
12 16 3
3 5 11
18 19 3
13 15 14
11 12 13
4 6 3
1 5 10
10 14 7
19 21 2
9 12 9
10 14 10
22 1 10
18 22 15
4 7 14
5 9 5
15 18 14
8 10 9
20 22 5
21 22 12
2 3 10
4 8 1
10 11 11
19 22 10
15 16 11
15 18 14
12 15 4
19 22 4
21 0 3
7 9 8
23 2 1
3 6 7
10 14 1
2 5 6
2 5 6
9 11 11
3 7 12
20 0 12
6 10 5
1 3 2
17 20 2
0 3 3
9 13 11
20 0 10
19 23 7
14 15 9
21 23 12
11 15 9
6 9 14
19 22 1
7 13 15
3 6 4
8 11 7
16 19 13
22 1 8
14 16 9
16 19 6
1 3 2
15 18 7
14 17 2
18 20 7
20 23 14
12 15 10
9 13 4
20 23 1
6 8 7
6 12 8
22 0 13
6 7 7
10 14 5
13 15 9
7 12 7
4 7 10
18 22 1
3 5 8
6 12 9
11 15 14
9 10 8
6 10 7
9 10 11
9 13 5
10 14 13
14 16 12
3 6 14
6 9 10
23 2 7
12 15 2
10 12 5
1 4 8
3 7 8
5 8 2
18 20 6
11 14 9
2 4 7
1 4 4
9 10 1
17 20 13
2 6 7
7 10 15
12 15 3
9 12 4
11 15 13
1 5 15
18 21 13
14 18 2
4 5 7
11 13 2
3 5 13
5 8 11
8 11 7
18 22 10
0 3 3
19 22 9
23 0 12
18 19 3
20 22 3
5 9 5
17 19 13
17 21 13
9 11 11
13 15 14
18 21 10
17 20 5
12 17 14
13 14 7
2 5 4
19 22 15
13 15 6
17 19 11
10 14 13
12 14 3
10 10 10
16 19 10
7 9 4
20 21 3
17 19 6
13 17 2
0 4 5
5 7 10
9 11 12
5 6 4
20 23 2
3 6 2
0 2 12
13 17 3
18 23 14
16 21 13
21 1 15
13 16 1
17 20 15
6 8 12
23 1 11
14 16 14
12 15 14
0 4 6
16 21 5
19 22 7
10 13 8
12 14 3
2 7 4
17 20 3
11 15 4
8 11 14
17 20 1
14 19 8
22 2 7
15 18 5
17 19 4
0 3 15
20 23 12
23 3 11
17 21 14
15 19 11
23 2 3
10 12 9
14 18 14
16 18 2
17 21 11
5 8 9
16 19 3
10 13 13
18 20 6
13 16 13
23 1 10
22 3 12
7 12 12
23 3 13
14 18 5
7 10 9
18 20 5
18 20 13
21 23 13
4 7 14
0 3 11
19 21 15
10 14 9
16 20 10
6 8 7
10 11 13
23 2 6
9 12 6
21 1 1
11 15 13
23 2 7
14 15 14
17 22 2
9 13 9
