1250 9
9 10 6 9 6 5 5 4 5 
6 10 5
21 0 5
4 7 8
3 7 3
20 22 2
21 0 8
16 18 5
2 5 6
12 15 5
7 10 1
22 1 6
8 11 3
16 19 1
15 18 9
12 16 4
0 5 4
23 1 6
2 4 6
0 3 8
15 19 2
14 16 9
12 13 9
7 11 3
15 19 8
0 2 2
4 10 4
10 11 5
18 20 1
7 9 7
5 8 1
3 4 1
2 5 7
22 23 5
13 18 4
10 13 1
15 18 6
9 12 8
22 2 8
3 7 4
4 6 7
16 20 6
18 20 3
7 11 6
16 20 5
19 0 1
6 10 1
7 10 4
6 7 1
13 16 8
12 15 7
22 0 7
12 16 9
15 16 9
12 14 7
18 20 6
3 4 5
12 16 7
4 6 4
22 1 9
5 6 9
0 4 1
5 7 7
15 18 5
17 20 4
8 11 3
23 3 9
21 1 9
5 8 4
3 7 1
13 16 7
11 14 7
18 20 6
22 1 9
19 21 2
3 5 3
23 2 7
11 14 4
9 12 3
14 15 6
17 20 1
16 17 7
20 23 3
1 4 3
19 22 6
14 18 1
19 23 5
13 15 8
9 11 5
9 12 4
18 22 1
2 7 8
1 3 7
2 4 7
21 0 5
17 22 6
12 15 2
2 4 6
7 11 4
23 23 9
18 20 9
9 11 8
10 12 9
12 16 6
23 2 7
23 4 6
6 9 9
15 18 1
22 1 6
6 10 5
1 4 8
8 11 7
13 14 4
1 3 4
21 0 5
16 19 6
18 21 6
13 16 6
22 1 8
13 16 5
22 2 4
15 18 4
15 16 9
19 21 7
15 17 7
3 5 5
12 14 5
22 0 7
15 19 5
1 3 1
7 11 8
3 6 4
14 17 4
17 20 4
6 10 3
19 23 8
2 5 6
20 23 9
9 10 6
2 5 4
14 16 5
9 13 2
2 5 6
4 6 1
6 10 6
13 14 9
19 22 8
0 1 2
12 17 2
16 19 4
7 11 4
3 5 2
20 1 4
22 2 6
13 15 4
8 10 1
7 7 4
20 0 4
2 5 3
1 3 7
15 19 3
14 16 4
13 14 7
2 5 3
11 13 4
5 8 8
14 16 5
8 10 6
4 6 2
11 14 5
5 9 7
10 13 2
10 12 5
13 17 9
2 5 8
9 11 7
16 20 9
3 6 1
13 14 8
12 16 9
8 9 7
19 22 1
21 22 8
17 19 1
18 23 1
0 3 7
20 21 9
15 19 5
9 12 8
19 22 7
11 14 4
10 15 7
23 2 3
7 9 5
1 4 7
9 12 7
11 14 6
9 12 5
13 15 9
18 21 6
19 23 2
3 5 9
21 0 9
6 6 4
20 23 4
5 10 6
2 4 5
7 10 1
16 19 2
5 8 8
12 14 5
11 15 3
22 2 4
23 2 8
22 2 6
14 19 7
0 2 7
23 1 2
13 17 9
4 7 4
17 19 2
8 9 2
17 19 6
22 2 3
11 15 4
15 20 8
15 17 6
16 19 2
1 6 1
13 14 6
15 17 3
4 7 7
6 8 8
7 10 8
2 6 6
14 18 2
17 19 6
2 4 8
9 11 5
19 23 3
9 12 1
7 11 6
19 0 3
10 13 2
10 14 9
20 23 6
22 23 7
13 16 4
8 9 2
6 6 5
12 14 6
15 19 6
16 19 6
11 13 8
3 6 1
14 16 2
9 13 4
9 11 4
13 17 3
3 5 4
19 22 9
17 20 1
12 14 3
13 17 9
18 20 5
2 5 9
19 21 4
11 14 8
10 14 9
14 17 9
16 21 6
19 1 5
6 8 9
1 4 8
11 13 7
21 0 1
18 20 4
3 7 7
10 14 4
17 21 5
14 18 6
21 0 3
13 16 1
7 9 4
10 14 4
3 9 6
10 16 5
1 3 6
6 9 5
20 23 3
16 19 6
4 7 5
15 18 7
2 5 5
5 8 6
12 14 5
3 6 3
20 23 1
17 21 8
7 11 2
12 14 5
2 5 6
14 17 9
12 15 9
5 11 2
0 3 1
11 14 2
13 16 9
9 12 5
20 23 7
15 17 7
5 8 3
10 14 7
21 23 6
3 5 1
13 17 1
17 20 2
0 3 2
9 13 2
14 17 6
12 14 6
13 17 1
4 6 8
17 18 7
3 6 3
19 21 2
20 0 1
2 6 6
12 16 2
12 14 3
23 2 2
15 19 5
8 12 4
15 16 5
19 23 7
21 23 4
2 6 6
22 23 1
0 4 5
9 13 1
7 12 5
17 21 5
7 11 6
18 19 6
7 9 7
16 19 1
11 14 5
2 7 8
21 1 6
8 13 4
20 22 7
23 2 4
3 5 2
6 9 5
1 4 7
23 0 3
20 22 3
2 4 5
14 17 3
7 10 7
14 17 9
16 21 5
21 23 5
8 13 4
12 15 2
15 19 6
15 19 3
7 10 4
4 7 6
10 13 7
19 22 7
5 9 8
1 4 5
15 19 7
0 4 9
19 21 3
6 10 2
15 16 7
17 21 5
4 7 4
8 10 8
11 13 5
12 17 2
16 19 8
0 5 3
12 14 2
7 11 7
2 6 3
11 12 2
19 23 4
6 7 8
23 1 3
17 20 8
1 4 7
15 18 5
3 5 3
18 23 6
22 3 1
1 5 9
15 18 8
9 14 9
14 17 5
12 15 8
20 22 7
2 5 9
17 23 4
23 1 6
4 8 4
2 5 9
4 6 7
19 22 8
23 1 5
18 21 9
0 3 3
9 11 8
7 10 6
16 19 8
21 0 9
7 10 4
18 21 9
5 7 7
2 6 5
6 9 6
3 6 8
3 7 3
22 23 2
20 23 6
20 1 9
14 18 6
1 5 9
5 7 9
7 11 1
21 1 5
18 22 5
4 6 1
12 13 3
22 1 5
6 9 9
11 14 9
12 15 6
4 7 4
5 8 6
13 15 6
4 7 6
16 19 9
18 0 5
6 8 9
16 18 4
21 0 8
6 10 4
11 13 9
3 6 1
1 4 2
6 10 4
21 0 4
20 23 7
6 11 9
7 10 7
18 22 8
8 12 4
19 22 2
19 23 4
16 19 3
14 18 3
7 9 2
11 14 9
11 15 6
9 12 3
12 17 9
14 17 3
20 23 3
17 18 1
16 19 7
23 1 6
23 2 3
23 2 3
23 3 6
18 19 4
6 11 2
15 16 1
2 6 4
16 20 5
22 1 7
23 2 5
16 19 8
23 3 8
0 4 9
6 8 8
7 9 2
11 16 5
19 23 4
7 9 1
23 2 8
9 13 8
2 5 5
13 17 4
3 7 7
2 6 8
9 12 8
0 3 7
19 0 4
16 17 4
21 0 1
7 9 2
6 9 2
23 1 5
7 12 9
4 9 7
11 13 6
7 11 3
17 19 5
9 14 2
18 21 3
21 23 5
19 21 7
21 23 5
4 6 7
11 14 5
0 3 8
6 9 8
5 7 4
3 7 8
14 15 5
13 17 2
12 14 6
13 14 5
12 16 3
19 22 3
22 1 2
9 11 5
8 11 8
1 3 5
18 21 8
1 4 6
11 12 7
14 17 8
4 7 1
15 18 8
9 12 1
0 3 3
18 22 4
23 3 2
1 4 9
15 17 4
23 2 4
10 14 7
12 15 3
0 3 4
15 19 2
17 20 9
21 0 1
13 17 4
6 11 8
7 10 8
16 18 1
2 3 2
11 14 1
9 13 4
20 23 2
20 22 4
2 6 3
11 13 7
17 20 7
15 17 5
17 21 3
20 0 5
23 4 4
12 14 4
14 18 3
12 15 6
0 4 9
1 4 2
8 11 9
18 20 8
23 1 7
5 8 1
6 10 2
1 5 1
17 21 5
10 13 5
20 0 6
14 15 5
16 18 3
0 5 2
9 12 9
10 13 4
2 3 3
3 5 6
2 4 4
11 14 9
20 0 1
20 22 7
1 4 4
14 17 2
10 14 2
14 18 1
18 23 4
9 12 6
17 19 7
10 14 3
10 12 4
16 21 9
23 2 5
13 17 3
1 4 9
11 14 9
11 14 4
14 18 2
16 20 9
7 12 4
23 2 4
20 21 7
14 18 9
14 16 7
22 0 3
9 11 5
17 20 6
8 12 2
13 14 4
12 16 2
12 16 3
21 23 3
17 19 8
6 10 2
22 2 4
21 23 6
15 18 3
0 5 9
10 13 2
17 18 1
9 13 6
4 6 6
7 9 5
0 3 3
22 2 6
5 8 1
20 23 3
6 10 6
22 23 4
3 5 3
3 5 8
21 1 9
10 13 9
4 8 4
16 20 3
10 14 4
12 15 7
11 16 2
14 17 5
9 12 2
12 15 2
0 3 4
15 19 7
18 21 4
18 19 9
11 13 3
15 18 9
6 8 4
8 11 8
23 2 1
18 22 7
16 18 5
0 3 3
5 8 1
14 16 1
16 19 8
5 8 8
20 22 2
13 17 3
5 9 8
0 2 6
19 23 7
11 16 1
15 18 4
16 18 6
3 5 9
13 16 8
13 15 1
5 8 2
13 17 3
21 0 7
18 21 9
8 9 1
8 11 8
10 14 1
23 2 1
9 11 9
8 11 9
6 10 4
22 1 3
6 7 5
8 11 6
2 6 1
10 14 4
11 14 4
5 8 7
21 1 9
20 22 2
22 1 9
10 15 6
8 10 5
16 20 2
14 17 6
23 1 7
16 19 9
16 20 8
22 3 7
16 18 9
11 14 5
15 18 2
14 16 1
16 19 7
3 7 2
3 6 8
18 22 8
7 10 9
17 20 2
7 13 1
0 2 6
22 1 6
7 11 5
14 17 7
7 10 5
7 10 8
15 18 9
3 7 4
1 3 2
3 7 4
8 12 1
14 18 5
4 7 3
17 18 3
0 2 5
13 17 8
23 1 7
14 17 5
12 16 7
9 13 9
3 6 7
22 1 7
11 14 8
6 10 9
23 2 1
19 23 8
23 3 9
14 16 7
8 10 3
23 1 3
0 3 2
10 12 2
15 17 3
0 2 6
5 9 9
15 19 2
15 18 8
22 1 4
3 8 8
19 23 4
5 9 5
15 17 2
7 10 8
5 8 9
23 0 6
12 14 8
11 14 9
23 1 2
6 9 1
21 2 6
21 0 2
7 11 1
15 17 3
11 14 2
11 14 2
10 11 9
21 23 5
11 15 2
20 22 1
1 4 1
8 9 5
14 16 9
4 8 8
9 12 4
13 17 1
17 19 3
3 6 9
17 20 9
8 9 3
23 1 9
17 19 1
22 23 5
11 13 6
4 6 5
1 4 4
23 5 2
1 5 9
12 14 5
4 5 3
5 10 7
5 8 1
8 12 4
14 17 3
18 23 3
16 19 9
21 22 8
22 0 5
13 16 5
11 16 3
10 12 9
16 18 5
17 18 5
6 10 5
20 21 8
19 22 5
11 16 6
9 12 4
16 16 3
19 22 3
19 22 4
2 7 7
3 5 3
19 0 1
7 12 1
23 2 7
19 23 5
16 20 7
16 20 8
13 16 9
20 22 9
3 7 2
12 16 1
4 8 9
23 2 3
9 12 4
13 14 5
14 16 6
2 5 3
13 15 4
20 22 4
13 15 3
13 17 5
15 17 4
19 22 4
8 10 6
11 16 2
8 12 5
23 4 5
14 16 8
4 8 8
10 13 2
9 12 7
2 5 9
1 5 4
16 19 2
23 0 2
7 11 6
7 10 4
16 20 1
19 22 3
13 15 6
0 2 1
17 20 4
14 16 5
4 7 6
11 16 1
9 10 9
17 20 6
11 12 5
7 10 6
16 20 4
14 18 1
1 4 2
16 19 6
15 19 6
18 22 1
14 16 3
19 22 2
8 12 8
23 1 4
10 12 8
19 23 7
0 3 2
4 6 1
0 2 8
8 12 5
2 5 8
9 10 5
13 16 5
10 13 9
11 12 8
10 14 5
5 9 6
5 9 6
23 4 2
13 18 4
10 13 8
7 11 4
4 6 9
0 3 4
2 5 9
22 2 7
20 23 4
15 17 3
22 1 3
16 18 3
7 11 4
6 10 9
12 15 1
12 15 4
9 11 1
7 8 9
21 0 9
3 6 8
4 7 8
7 11 6
8 10 8
23 2 1
13 15 4
4 6 7
22 0 7
21 0 5
2 6 3
8 12 3
13 17 6
1 5 3
20 22 3
20 1 2
11 14 1
1 5 5
15 16 3
21 0 3
17 21 3
12 15 3
11 15 5
10 12 2
3 7 1
9 13 8
18 21 7
17 21 9
7 11 7
1 5 2
8 10 8
7 11 9
20 21 2
0 4 8
0 3 5
9 14 8
5 8 6
6 9 3
21 23 7
10 15 1
9 12 3
9 13 5
7 12 1
5 8 3
20 0 9
11 14 2
20 22 9
2 4 5
11 14 3
14 16 8
4 7 5
11 14 8
15 19 9
11 13 4
8 13 4
7 9 7
15 19 3
23 2 5
8 10 3
23 3 8
8 13 4
14 17 7
12 16 3
14 17 9
23 3 9
1 3 8
6 8 7
6 11 3
19 22 7
12 13 2
13 16 1
17 22 5
5 9 7
21 1 6
20 23 6
6 9 6
18 21 6
7 10 1
10 13 2
17 20 3
23 3 6
17 21 2
10 13 2
13 16 9
22 1 1
3 5 6
14 16 9
5 8 5
2 5 4
6 8 2
16 19 8
23 2 2
2 6 5
7 10 6
19 21 9
23 2 7
10 13 4
6 9 6
11 15 9
2 5 3
15 19 6
18 21 2
2 3 2
16 18 4
1 4 7
3 6 8
10 12 7
10 14 6
14 17 3
14 16 6
23 2 2
1 2 1
6 8 8
22 22 1
6 11 4
21 23 3
1 5 8
23 4 4
22 0 5
14 15 5
5 8 6
9 13 4
18 20 9
1 4 8
3 4 9
13 15 8
9 13 4
5 7 2
2 4 3
12 17 8
20 22 6
9 11 1
17 19 5
7 10 3
11 15 2
6 8 9
13 16 4
9 12 6
3 6 9
20 23 2
7 9 1
2 5 2
17 20 6
9 12 2
10 13 3
17 19 4
5 7 4
0 2 5
22 1 3
19 21 9
19 22 4
7 10 6
8 10 1
2 5 1
17 20 3
4 7 6
0 1 7
4 6 7
16 17 5
11 14 9
1 4 6
4 6 2
4 7 3
13 17 4
9 12 4
13 14 6
2 7 4
5 7 3
9 14 4
11 13 2
6 9 2
10 10 7
21 1 9
1 3 3
1 4 2
12 15 2
7 10 9
12 14 6
23 0 4
4 7 9
2 5 3
10 13 4
21 1 2
23 3 3
6 10 2
0 3 2
6 9 7
20 0 8
23 3 8
6 10 2
7 10 7
17 21 8
21 1 9
15 19 8
6 8 8
8 12 1
10 13 6
23 2 3
1 5 7
0 2 1
16 19 3
4 6 4
12 17 2
9 12 2
18 22 3
15 18 5
5 7 5
4 7 9
12 16 5
22 1 8
9 13 1
10 12 5
8 12 5
13 17 5
8 11 2
12 12 6
17 20 8
15 17 3
18 20 4
19 20 7
11 14 7
4 6 5
8 12 4
5 8 4
3 6 6
5 9 2
21 1 7
10 14 3
12 15 4
7 10 2
8 11 2
6 9 2
0 3 5
3 6 6
1 3 3
9 13 3
2 3 1
17 21 7
20 0 5
10 14 7
17 19 1
2 4 8
0 5 2
0 2 3
21 1 4
7 10 9
12 17 2
9 11 3
6 8 2
17 20 2
16 20 9
16 20 2
3 8 2
11 15 9
15 17 3
18 23 6
21 0 5
12 14 9
4 7 9
7 11 8
10 12 4
3 7 4
6 9 8
15 18 7
16 18 4
15 18 1
11 13 1
23 3 7
10 15 3
6 10 2
23 2 2
11 16 6
3 4 3
17 19 4
15 18 2
22 0 8
4 7 9
19 23 7
18 21 2
18 21 6
10 13 4
0 2 7
23 2 4
17 19 6
14 17 4
3 5 4
4 6 2
2 6 5
19 21 8
6 10 4
12 15 9
5 8 4
8 9 5
13 16 1
8 11 1
15 17 2
14 17 8
5 9 7
21 1 6
8 11 7
18 21 4
15 17 9
9 13 1
0 4 3
11 14 8
5 8 6
13 15 6
14 15 2
7 8 9
22 2 3
23 3 5
15 17 2
23 2 9
10 14 1
1 5 9
5 9 5
8 11 5
8 10 1
16 20 2
8 10 5
20 23 9
12 15 8
9 12 1
18 21 3
17 21 1
14 17 6
1 3 9
18 21 3
15 18 3
9 13 2
15 18 4
2 4 1
17 19 5
16 19 9
0 3 6
0 1 5
3 5 8
20 1 6
7 12 6
11 15 2
0 3 3
