2000 12
10 7 3 5 6 3 9 8 6 2 2 10 
12 17 12
3 6 5
4 6 3
6 11 3
5 9 11
12 14 3
9 13 8
9 10 4
6 9 1
23 2 3
6 9 8
15 19 9
3 7 5
16 19 6
8 11 7
2 3 6
6 9 8
13 15 3
4 6 1
22 0 5
0 2 8
21 1 12
2 5 11
17 19 5
18 21 9
23 3 8
18 20 12
12 14 4
0 2 1
9 12 11
6 11 4
8 11 6
23 4 7
22 0 5
23 0 11
18 22 3
17 20 6
21 1 10
3 7 6
1 5 5
14 17 6
13 14 10
5 8 12
4 8 7
4 6 5
14 17 5
0 3 2
12 14 5
9 12 2
9 12 12
21 23 3
3 5 6
2 5 4
13 15 3
14 16 5
23 3 1
17 19 9
21 1 1
21 23 8
9 12 6
11 14 12
10 14 3
17 20 8
17 21 12
9 11 11
6 9 9
2 6 1
0 2 8
20 21 8
5 7 6
22 1 4
13 16 6
18 23 7
23 3 6
21 23 2
1 4 4
2 7 1
12 17 12
5 8 1
2 6 10
3 5 3
21 2 11
9 10 3
6 9 5
18 21 10
15 18 1
3 7 10
9 12 11
3 7 6
17 21 10
16 18 10
10 12 11
0 4 2
18 20 8
22 1 9
3 7 2
11 12 10
17 21 2
21 1 12
3 5 3
23 1 7
1 5 7
9 13 12
15 18 11
11 14 4
0 3 9
16 18 6
20 0 6
5 7 7
18 21 9
6 11 3
3 5 2
0 2 6
20 22 1
20 0 1
7 9 5
14 17 3
1 5 8
8 11 7
4 6 8
18 20 1
2 5 4
10 11 2
10 11 5
2 5 12
18 21 5
17 20 4
17 18 8
14 16 12
4 7 11
22 0 11
10 13 7
5 8 5
1 3 1
10 13 9
3 5 3
1 3 7
18 22 4
13 16 2
19 22 3
8 10 9
7 10 6
11 14 8
9 12 7
11 14 1
8 10 8
23 1 11
6 10 4
20 0 10
18 22 9
3 6 11
22 2 5
21 23 1
21 0 9
18 21 9
10 14 3
22 1 11
11 11 6
13 17 10
8 11 3
22 2 8
2 5 6
15 19 5
2 5 9
9 12 8
22 1 8
20 23 12
10 15 5
14 16 7
8 10 5
22 0 1
0 4 8
15 19 12
16 19 11
23 2 8
0 4 9
19 21 12
14 16 9
15 17 3
15 18 2
22 1 8
3 5 10
8 11 12
12 15 12
7 9 6
4 9 8
21 1 4
2 4 5
11 14 11
14 18 5
9 14 11
23 1 4
0 2 7
14 15 6
20 0 2
3 6 1
21 23 12
6 9 9
20 0 5
15 19 11
5 7 4
21 0 4
10 14 7
3 7 2
18 20 7
10 12 9
9 11 6
21 0 7
15 17 12
21 1 4
9 11 4
21 23 12
3 6 2
22 3 12
5 7 2
8 10 3
20 22 8
16 18 8
6 10 7
18 23 2
14 17 4
20 22 6
16 18 9
13 15 4
12 14 2
20 23 11
10 12 4
2 6 2
15 18 11
22 23 6
22 2 2
1 6 5
17 19 4
0 4 7
0 4 12
14 17 10
7 9 9
8 12 4
9 12 5
1 5 1
14 17 1
15 20 6
6 6 1
17 20 2
22 2 7
4 8 3
16 19 9
3 6 2
15 17 7
19 22 5
5 6 5
23 3 8
5 7 4
0 4 1
4 8 5
17 19 11
20 22 9
22 1 3
2 5 10
1 4 2
1 3 7
8 10 3
1 2 3
5 8 10
20 0 4
14 17 2
3 4 4
4 10 11
20 23 6
12 13 7
0 3 9
18 21 9
14 16 7
8 12 11
16 19 4
3 7 4
14 17 12
23 4 4
9 12 7
5 7 2
4 5 2
1 4 12
6 9 5
1 2 2
23 1 9
22 1 1
22 1 7
2 6 5
17 20 1
12 16 8
14 18 10
2 5 12
3 5 1
12 15 1
0 3 9
20 23 9
10 15 11
5 9 3
22 3 4
8 11 1
19 21 1
15 18 3
21 2 12
18 21 8
17 19 10
20 0 4
2 5 1
13 16 7
0 4 7
18 19 12
8 10 3
17 21 5
20 0 6
1 3 3
15 19 12
2 5 5
18 20 1
18 22 6
1 3 8
2 6 7
1 4 4
8 10 4
18 20 2
15 19 12
4 7 8
9 14 12
23 2 6
9 13 12
11 16 6
15 19 1
21 1 2
14 17 4
15 19 2
15 18 12
0 2 1
21 23 10
7 9 12
1 3 9
21 1 2
11 14 5
4 7 7
0 3 2
5 8 6
0 3 4
14 17 6
9 12 6
4 8 8
0 3 8
21 1 1
13 16 11
17 19 9
12 15 4
10 13 1
1 5 11
15 16 1
7 10 11
21 0 11
8 11 12
17 21 9
14 17 11
14 18 5
15 17 7
12 14 10
16 19 5
22 1 11
16 20 10
19 0 10
21 0 3
23 2 9
6 10 8
1 4 3
8 9 5
22 0 2
21 0 5
0 4 2
13 15 6
6 10 12
1 4 3
23 1 3
13 15 3
21 1 9
23 2 2
5 7 4
19 22 12
12 15 1
18 22 6
11 14 8
13 14 10
9 12 11
7 9 10
10 15 3
0 4 6
20 23 6
7 9 11
10 12 6
12 13 6
6 9 3
8 10 9
21 1 10
6 9 9
12 14 12
17 20 3
2 6 11
3 7 12
16 20 6
8 11 7
17 20 12
20 0 4
18 21 11
21 1 6
21 2 4
9 12 3
17 22 10
10 14 10
23 1 10
11 14 12
10 11 3
15 18 5
0 4 7
11 16 2
13 17 7
1 3 4
14 18 7
7 11 2
10 12 12
3 6 11
23 3 4
22 0 1
10 13 7
21 23 8
9 13 8
7 11 12
5 8 3
7 8 12
14 18 3
12 14 10
17 21 10
8 11 2
11 14 11
19 21 4
12 15 6
15 17 11
12 14 7
4 8 5
14 18 8
2 5 3
22 0 10
16 17 7
19 21 2
4 6 3
23 3 7
10 14 6
14 17 3
0 3 5
19 22 11
3 7 11
5 8 8
4 9 12
7 11 1
17 19 11
15 18 5
13 15 7
9 12 2
12 15 2
4 5 1
14 17 7
7 11 6
8 12 5
6 9 2
18 22 6
15 18 4
13 16 8
21 2 4
5 7 9
15 19 4
8 9 12
9 12 9
18 21 9
11 15 4
23 0 5
17 20 11
2 6 2
13 16 3
23 2 12
13 15 5
3 6 5
11 15 9
20 22 4
5 10 11
7 10 2
23 1 8
0 3 6
5 9 2
10 12 3
18 21 7
16 20 8
3 8 6
3 7 2
9 11 3
3 6 6
14 17 5
12 15 10
0 5 10
11 13 3
4 7 10
19 21 7
7 11 9
16 20 4
7 11 4
19 21 11
10 13 7
19 23 5
2 4 8
3 7 2
3 6 8
10 13 4
6 8 12
23 1 6
22 0 4
13 17 2
5 9 10
1 4 12
21 1 11
4 8 6
2 6 5
20 22 2
19 23 9
3 4 6
21 23 5
18 20 4
6 10 6
11 14 11
5 9 12
16 19 2
7 10 12
5 8 5
12 14 10
21 0 12
13 14 11
9 13 2
20 23 6
23 2 2
2 5 6
22 3 6
13 16 9
1 6 11
9 13 6
16 20 8
22 0 8
14 16 1
19 23 9
14 17 7
3 5 2
4 5 9
1 5 4
15 17 7
15 18 2
23 2 8
8 12 6
7 9 9
13 16 9
16 19 12
23 4 2
18 21 4
22 1 6
3 6 8
4 7 10
23 2 7
21 0 5
21 0 12
9 11 6
10 13 1
3 6 8
5 8 7
1 6 1
13 17 7
23 2 3
17 20 4
10 13 8
23 1 1
6 11 11
1 5 1
14 17 11
6 8 7
5 7 1
15 19 3
12 13 8
5 8 9
22 23 4
11 15 4
9 12 11
20 23 2
13 16 2
22 1 7
12 15 8
0 2 3
13 17 2
14 16 6
4 7 7
15 18 9
12 15 6
17 19 12
9 12 1
19 0 12
0 3 2
12 16 6
5 9 4
14 17 9
15 18 9
12 15 6
1 6 7
11 15 4
3 6 6
9 10 11
10 13 9
19 23 4
14 16 6
11 15 12
20 21 12
5 7 1
18 20 11
2 6 1
11 13 4
16 16 1
7 11 12
20 0 9
11 15 8
0 2 1
6 9 6
3 5 5
12 15 7
23 1 7
11 15 10
12 15 7
12 15 11
19 21 2
3 5 2
20 23 1
22 1 12
14 18 9
11 15 1
10 12 2
6 10 1
14 16 8
7 10 11
15 18 12
18 20 11
5 8 12
9 13 7
19 22 7
5 6 7
18 22 9
19 22 2
23 3 6
5 7 6
22 0 3
22 3 11
21 0 7
20 23 5
21 2 11
1 4 12
4 6 4
16 19 10
0 3 9
22 2 8
22 2 6
5 8 1
4 5 9
17 22 10
12 15 7
20 23 3
17 18 6
0 3 7
9 12 12
13 16 11
1 2 6
5 8 8
2 6 6
18 21 10
3 8 9
23 2 2
7 9 1
18 21 6
6 9 2
7 10 2
10 14 3
21 0 2
13 15 4
17 19 6
19 23 2
6 7 10
4 9 12
17 20 9
15 18 10
11 14 9
16 20 6
15 19 11
4 8 5
13 17 3
0 1 8
15 17 2
3 5 10
2 5 7
17 20 7
8 12 2
6 10 2
9 14 10
15 17 9
13 16 11
23 2 7
4 8 3
20 22 5
18 21 2
8 12 9
4 7 10
20 0 3
7 8 10
13 18 2
11 13 7
7 11 9
17 20 12
2 7 4
13 17 3
19 21 12
22 0 1
15 17 1
7 10 11
21 2 11
5 7 11
18 21 7
9 13 2
0 2 2
23 2 8
11 12 12
14 16 10
10 14 7
0 2 6
18 23 11
5 7 3
15 18 1
1 2 2
8 11 3
15 18 12
23 2 7
21 23 4
4 7 3
10 12 11
5 9 2
8 11 7
3 4 8
22 2 10
19 23 9
11 13 8
1 5 2
10 13 2
11 16 11
0 1 11
7 10 3
20 21 11
22 1 11
18 21 4
9 11 1
16 19 8
3 4 11
0 3 9
9 12 12
22 0 6
20 22 10
12 14 11
10 12 9
13 16 2
16 16 1
4 8 12
15 17 7
11 15 10
13 14 3
21 23 11
16 19 5
0 2 1
16 18 5
0 2 4
10 14 1
3 5 5
11 16 6
7 10 7
23 2 3
11 13 9
22 23 5
22 1 1
4 7 7
2 5 7
5 8 9
15 19 2
23 2 10
2 7 8
3 7 9
15 19 3
5 8 7
7 11 9
2 6 10
18 20 12
15 18 4
22 1 1
4 7 11
20 23 9
10 14 8
2 6 6
5 8 8
16 20 7
15 19 1
19 22 8
0 3 6
20 0 3
20 23 7
7 12 9
20 23 9
3 7 9
13 15 11
14 16 4
7 11 6
15 18 11
5 8 5
10 11 6
9 13 1
11 13 7
6 7 12
6 10 3
8 11 1
19 22 3
16 20 7
17 20 8
4 7 7
15 17 8
1 3 10
16 20 3
0 1 1
17 20 6
5 7 3
3 7 8
0 0 12
11 13 2
20 1 1
2 4 1
18 23 4
8 12 7
22 1 1
20 23 9
0 3 3
4 7 11
1 4 10
0 3 10
5 8 5
23 3 7
21 1 1
9 11 1
15 17 7
22 0 3
3 6 9
21 0 11
22 0 1
0 1 8
0 3 8
4 7 4
3 5 5
11 14 4
15 17 6
20 22 7
18 22 7
17 21 8
14 18 4
23 1 1
17 22 7
15 18 12
8 10 7
12 16 6
23 4 6
21 0 11
14 16 10
19 21 3
6 8 11
5 7 12
0 3 2
17 20 2
8 10 3
7 11 10
22 3 5
8 12 1
9 12 10
19 22 10
22 0 11
2 6 4
14 19 3
14 18 5
5 8 5
18 22 9
0 2 9
4 9 5
0 5 11
19 21 12
3 6 1
14 18 4
13 17 12
8 12 9
2 5 3
8 12 11
19 22 7
22 0 6
20 19 11
8 11 5
4 6 9
5 8 4
5 8 12
12 13 6
1 4 9
2 5 12
13 15 3
1 5 2
11 15 9
6 8 8
13 15 2
23 2 6
5 7 10
15 19 10
20 0 3
20 22 10
5 7 12
21 0 10
19 23 3
8 9 6
3 6 8
0 2 10
19 23 9
23 2 11
10 14 2
13 15 12
14 17 6
14 18 9
6 10 11
13 16 2
17 19 7
0 2 1
4 7 1
15 19 9
6 9 5
19 22 2
20 1 2
6 9 11
5 8 9
20 23 12
7 10 7
0 2 7
10 10 1
15 19 5
19 22 2
13 17 12
5 7 3
15 18 5
4 8 2
0 4 3
23 3 5
6 10 4
0 2 9
4 7 10
23 23 12
7 10 8
22 0 3
21 0 6
3 5 2
11 14 11
2 5 9
8 11 12
0 3 7
12 15 3
15 20 9
2 3 2
6 9 11
13 17 11
22 2 11
1 3 12
17 19 7
22 23 5
20 0 10
19 23 11
16 20 9
11 14 11
15 19 8
2 4 11
15 17 3
3 6 4
11 15 2
8 11 10
18 21 9
18 22 10
22 2 3
18 23 6
10 14 3
2 3 2
22 23 8
14 17 9
3 8 7
14 18 8
6 9 5
18 21 3
10 10 4
9 11 3
18 21 9
9 12 6
22 1 12
0 2 4
17 21 2
21 2 9
16 21 7
20 0 2
0 3 11
15 19 8
13 16 3
12 14 11
10 13 12
4 9 4
6 9 4
10 15 10
8 9 10
19 23 1
13 15 2
18 20 8
8 10 6
9 13 4
13 17 3
3 6 4
11 15 5
13 16 5
8 10 5
17 18 9
12 14 9
22 1 9
19 23 6
4 6 10
1 4 5
16 17 12
5 7 11
2 3 10
1 5 1
11 12 2
23 4 12
23 3 9
8 11 1
9 13 3
8 12 10
1 4 12
17 20 2
23 3 3
9 12 11
12 14 10
8 13 12
14 18 6
18 21 3
11 14 4
17 21 7
8 10 11
0 4 1
16 18 7
17 20 9
6 7 1
22 2 9
14 16 9
19 23 8
8 12 8
5 8 4
13 17 7
16 17 8
20 23 8
8 12 3
19 23 4
18 20 12
2 6 5
1 5 8
11 14 9
16 18 8
11 16 11
14 18 3
5 8 8
6 9 5
11 12 1
11 14 7
8 12 12
11 14 4
9 10 2
4 8 9
8 9 6
6 7 5
12 15 3
4 6 6
14 18 8
16 18 5
15 18 2
10 13 8
1 6 5
15 18 8
3 6 7
6 9 5
8 12 9
16 20 7
13 17 11
2 5 2
6 9 2
22 1 5
16 18 12
18 21 4
14 17 7
11 14 4
8 11 7
12 14 9
11 15 2
7 9 5
13 15 4
16 18 10
3 7 12
8 12 4
9 12 6
11 13 4
7 10 1
9 12 10
5 5 2
13 16 4
22 1 9
5 7 11
12 15 11
6 9 7
3 5 1
6 9 2
12 17 4
15 17 5
3 8 5
7 11 11
21 1 12
5 7 10
22 2 6
2 6 6
19 22 4
13 17 4
20 22 9
11 15 5
3 7 12
9 12 4
14 17 9
5 9 3
8 11 6
1 3 7
1 5 7
16 19 1
16 19 8
2 6 10
1 3 6
4 7 6
11 15 12
6 9 6
3 6 9
3 7 4
2 5 9
18 22 6
3 6 12
11 13 6
13 15 1
23 1 5
9 11 6
20 0 12
22 0 4
4 9 4
22 1 12
21 0 11
11 15 4
3 5 3
6 8 9
6 8 6
11 13 7
23 1 2
23 3 9
0 5 5
9 13 1
20 22 2
18 21 9
5 9 12
13 17 5
7 10 10
11 13 4
15 19 3
5 9 12
18 21 11
9 11 7
7 9 10
5 9 12
8 10 12
20 22 4
12 14 1
0 3 3
20 22 3
7 9 1
22 0 11
18 20 3
2 5 7
15 18 5
8 10 6
14 18 12
19 23 9
0 3 10
2 7 4
22 1 9
1 4 12
1 4 1
22 1 4
15 20 9
7 9 11
21 2 4
16 21 6
4 8 9
15 18 9
11 15 11
20 23 8
11 14 2
7 12 9
22 1 3
8 11 6
4 7 8
21 23 2
19 23 6
0 3 6
3 7 3
5 7 1
10 13 5
17 20 7
6 9 1
2 4 11
14 17 8
22 1 7
14 16 1
23 1 4
7 10 3
5 10 4
0 2 6
2 5 3
6 7 9
0 3 1
21 0 9
9 13 3
5 8 10
17 19 2
14 16 8
12 16 1
6 8 4
20 23 11
13 18 6
14 17 9
16 19 9
14 16 6
11 12 9
3 8 6
14 17 9
20 21 6
6 10 2
14 17 7
22 1 5
17 20 10
12 13 2
5 6 7
21 1 4
8 12 2
0 6 11
6 10 2
6 10 8
21 0 11
1 4 9
10 12 4
1 5 10
14 17 9
2 5 4
8 11 6
7 9 11
2 4 1
0 3 12
19 22 12
21 0 12
5 7 5
11 15 6
9 13 2
9 13 12
10 14 6
11 14 8
21 0 3
19 22 1
14 16 3
20 23 10
7 11 6
3 9 3
14 16 6
3 6 5
2 6 3
6 9 8
5 10 2
16 19 10
11 13 9
21 0 1
20 23 9
1 5 4
6 8 6
21 1 6
4 8 10
12 16 8
23 1 10
18 22 1
16 19 12
9 12 9
10 14 8
20 20 3
0 3 12
9 12 2
7 12 1
17 20 1
7 9 1
8 11 8
1 3 5
10 12 4
6 8 11
5 8 5
13 19 10
10 13 6
0 2 5
8 10 7
13 17 4
18 21 8
0 5 12
21 21 8
22 3 7
3 8 7
18 22 9
14 18 5
8 12 7
4 7 5
6 10 3
21 1 9
1 6 4
19 22 4
1 5 11
2 5 7
12 15 8
23 5 7
21 2 1
23 3 5
13 16 3
12 15 7
1 4 8
16 18 9
8 12 9
20 0 9
17 21 7
13 15 1
3 6 12
14 17 11
17 21 8
1 3 5
22 1 2
1 3 7
23 2 3
22 0 2
13 14 6
22 1 3
8 12 4
19 20 10
13 17 4
1 6 6
7 9 8
2 5 2
19 20 2
19 22 8
21 1 5
0 2 6
17 19 9
22 2 8
16 20 4
7 10 12
23 2 12
21 0 4
5 9 2
7 10 6
10 14 1
15 19 2
10 12 1
13 17 11
19 22 9
6 10 11
18 22 10
2 6 7
4 7 6
18 23 7
3 6 8
5 7 11
15 16 12
17 20 4
19 23 9
5 9 6
23 3 6
10 13 9
3 6 5
11 13 9
20 1 8
3 7 1
0 4 4
8 10 3
7 9 3
15 18 6
19 23 4
13 17 2
7 10 12
9 12 4
17 20 3
0 3 8
23 4 7
13 17 7
12 14 1
19 21 11
14 18 4
22 1 6
0 2 10
0 3 10
5 6 12
1 4 6
6 10 7
22 0 9
8 10 10
0 1 10
3 6 2
6 10 8
23 1 5
21 0 12
12 14 10
2 4 6
8 10 9
23 3 2
7 10 10
17 19 4
12 14 10
8 11 12
11 14 9
4 6 9
12 14 4
20 23 1
1 4 12
6 9 9
16 19 6
12 14 11
23 1 5
17 18 3
19 23 7
12 17 2
14 17 4
10 14 6
2 4 1
9 12 11
18 20 8
9 12 6
14 16 7
21 0 10
16 18 4
16 21 12
6 9 11
10 13 6
22 1 12
18 21 5
0 4 3
16 19 1
2 6 11
0 4 12
12 14 6
20 23 11
12 15 11
5 9 6
22 1 3
5 8 12
21 0 7
8 10 11
14 17 1
4 5 9
9 12 6
21 0 4
0 3 4
22 2 5
4 7 12
15 18 8
21 0 1
10 14 5
17 19 3
9 12 1
8 11 6
18 21 9
3 6 1
12 14 3
12 14 10
14 17 6
11 13 4
9 13 2
5 8 6
8 11 12
23 2 8
14 17 3
13 13 2
12 16 2
2 6 10
12 14 9
1 5 8
2 5 6
22 2 5
20 23 12
13 17 10
4 7 10
6 10 7
11 14 5
21 1 7
11 13 3
18 21 7
11 13 9
2 5 3
18 21 12
12 14 1
16 20 1
14 16 12
16 19 1
2 5 1
4 6 10
6 11 12
21 22 2
18 20 6
6 9 8
0 3 6
15 18 4
10 11 8
9 12 10
5 9 5
20 23 8
12 15 6
7 10 2
13 17 8
6 8 8
23 3 1
2 3 3
9 12 8
2 6 12
11 13 7
9 12 12
22 0 10
0 3 10
4 7 9
16 20 5
10 14 8
23 2 2
17 20 1
19 21 11
4 8 11
2 6 3
7 11 2
4 8 7
19 21 1
14 17 4
15 19 11
12 14 1
5 9 7
3 5 2
13 18 7
7 10 1
10 13 6
16 20 2
16 19 1
23 3 12
8 10 8
11 15 5
7 10 2
5 9 6
15 18 5
19 23 7
15 18 7
1 3 1
10 12 4
13 16 4
0 3 10
9 11 11
17 19 2
5 7 9
11 13 9
13 17 12
4 7 4
13 16 12
22 1 3
7 10 7
4 6 2
7 10 8
11 15 10
18 21 5
10 13 2
21 0 9
7 10 8
18 23 4
11 16 8
17 21 4
22 2 11
14 15 4
14 17 2
14 17 1
12 14 11
12 15 8
22 0 8
20 1 9
8 11 5
7 10 4
4 7 7
17 19 4
18 23 6
12 14 7
11 14 3
23 3 7
12 14 6
20 23 10
10 12 4
20 22 8
17 20 2
23 2 2
22 1 9
15 18 9
6 9 4
7 11 8
7 10 1
3 6 12
3 6 5
6 9 2
0 3 9
20 23 12
13 16 1
1 6 4
22 1 3
2 6 10
20 0 5
6 10 4
6 9 2
21 22 3
12 15 11
22 23 8
5 8 1
3 7 8
10 14 2
13 16 12
0 3 3
5 9 4
19 22 4
17 20 7
23 1 6
9 13 8
12 16 5
20 23 4
4 8 1
18 20 10
13 15 3
4 10 10
4 8 4
8 11 9
14 18 7
16 19 9
6 8 7
19 0 5
13 15 8
8 11 10
0 3 1
6 7 9
18 20 6
2 5 11
17 19 6
13 16 1
8 12 3
23 0 8
11 14 7
9 11 8
8 11 9
1 3 4
16 19 6
14 18 1
8 13 2
6 9 11
3 5 5
17 21 10
7 11 2
0 4 3
17 20 3
14 16 3
12 14 1
3 5 12
9 12 12
17 20 12
21 23 9
11 14 11
4 5 1
0 4 7
19 22 2
6 9 9
23 1 3
16 19 5
15 18 8
0 4 8
7 9 2
23 4 7
14 16 4
7 9 2
17 19 12
20 23 12
14 17 6
8 11 9
16 19 4
3 6 3
13 15 7
15 18 4
11 13 3
3 6 1
10 13 1
4 8 9
17 20 10
11 14 8
9 12 5
18 21 1
18 21 12
4 6 5
8 11 2
12 15 7
19 23 9
19 23 7
1 2 5
17 21 8
22 0 9
14 17 8
16 19 7
22 2 9
14 16 2
1 3 12
14 18 9
12 14 6
5 5 10
16 19 2
12 15 7
14 18 10
11 15 6
3 6 3
14 19 10
7 9 8
17 21 1
19 23 9
14 17 4
18 22 12
14 18 11
19 22 1
14 17 2
22 1 7
9 11 11
12 16 12
7 10 6
11 15 5
9 13 3
14 18 3
2 4 4
21 2 3
12 15 4
16 20 10
13 17 3
22 0 3
15 17 3
22 3 1
4 6 6
6 8 7
13 16 7
16 19 7
6 9 7
22 1 6
20 0 1
14 17 10
1 4 10
3 8 3
4 7 9
4 8 5
17 17 11
0 2 1
14 15 7
20 23 2
0 2 11
2 5 12
5 10 8
7 11 6
4 6 2
23 2 12
10 14 1
0 4 6
9 11 3
15 19 7
19 21 4
19 21 5
22 1 1
6 8 10
20 0 9
2 5 1
17 22 5
22 0 6
18 20 3
20 0 8
4 5 6
15 17 10
17 20 1
9 11 11
2 5 7
2 5 9
0 2 7
6 9 12
14 18 7
1 5 12
17 19 6
21 23 7
11 14 8
10 13 9
20 22 2
7 11 4
12 15 2
5 8 8
1 3 3
17 19 11
13 16 8
15 17 4
2 7 3
11 14 1
12 16 2
3 7 10
16 21 10
15 17 5
4 7 11
1 4 2
1 6 10
14 17 2
0 2 6
2 5 7
15 18 3
23 23 3
5 8 9
16 18 2
4 6 6
5 8 4
19 23 9
5 9 11
9 13 5
11 14 8
21 0 6
22 23 4
12 15 3
11 13 2
8 10 11
4 7 6
15 18 2
8 12 12
14 17 10
17 20 3
5 7 6
9 11 2
22 0 8
3 7 8
1 3 12
18 21 12
0 2 5
15 18 5
10 13 12
2 4 3
6 7 9
10 14 6
3 7 5
12 16 2
20 22 8
0 5 9
2 6 10
5 8 7
4 8 9
12 16 8
10 13 6
18 22 5
4 7 7
14 16 12
6 8 1
14 19 6
18 22 10
12 15 9
21 0 4
7 9 7
22 2 9
12 15 8
21 0 9
10 13 6
1 6 1
15 17 4
5 7 10
12 14 7
10 12 11
22 1 1
16 19 11
3 6 8
21 0 3
13 16 7
16 19 5
23 1 6
16 18 4
22 2 3
5 8 11
1 3 8
16 19 7
19 0 2
22 1 9
15 17 6
2 5 1
8 11 11
8 12 4
22 1 5
9 13 10
16 19 11
9 12 9
21 23 4
10 14 6
18 22 10
11 15 10
21 23 4
9 12 8
20 23 5
23 3 5
13 14 5
14 16 4
16 19 1
23 4 12
23 3 7
11 14 11
2 5 7
4 6 4
5 9 5
22 2 9
0 4 8
14 18 11
4 7 2
17 19 2
14 19 6
6 9 11
5 9 8
11 15 6
21 0 6
3 3 8
1 4 2
6 8 10
22 0 3
6 10 11
5 9 12
1 5 5
17 18 3
12 15 2
22 2 12
10 13 4
20 21 6
21 0 12
22 2 6
2 8 11
7 9 3
6 8 5
16 19 8
10 13 9
10 14 8
3 7 7
8 10 10
12 16 3
12 15 8
21 0 1
23 3 10
23 2 2
14 17 7
7 9 7
19 21 10
18 23 10
16 20 3
6 11 7
2 4 9
12 15 6
12 14 8
23 0 2
23 4 8
19 21 7
17 19 8
3 5 9
0 3 11
14 17 6
19 22 10
21 1 11
11 14 8
0 3 12
9 11 5
6 9 5
9 11 8
13 16 12
8 11 8
17 20 9
