900 15
3 8 2 6 6 4 3 2 4 9 1 8 4 5 3 
22 1 6
14 18 8
6 8 11
18 22 13
6 9 4
8 10 6
20 23 8
11 14 8
8 12 3
2 5 14
7 12 1
13 16 13
15 17 7
14 18 10
12 15 1
6 8 14
3 4 3
22 0 8
1 5 10
0 4 12
18 20 7
12 15 1
6 10 7
9 13 10
18 23 7
7 11 3
19 23 1
23 2 1
19 23 10
20 1 5
10 13 6
2 5 1
12 15 6
12 14 2
2 6 11
23 3 11
11 14 10
7 10 1
8 10 5
17 21 8
22 1 10
17 22 13
2 4 14
6 10 8
15 17 4
13 15 12
4 6 7
20 21 6
14 16 14
1 4 7
0 4 5
3 6 5
8 11 1
12 16 1
20 21 11
8 12 2
14 18 1
19 23 12
5 6 13
21 1 4
13 16 11
21 22 2
13 17 7
15 16 8
18 21 9
7 11 1
18 21 15
19 23 3
19 23 13
5 7 7
15 17 14
10 12 9
7 10 6
19 22 13
13 15 2
0 4 4
0 3 6
17 21 14
17 20 8
3 7 3
5 8 4
21 23 1
23 3 8
11 14 13
17 21 1
12 16 8
8 11 11
5 8 11
2 7 12
6 9 8
0 4 12
23 2 6
12 15 6
17 21 3
10 14 12
0 2 8
17 21 11
10 13 2
6 8 5
5 9 12
3 5 6
17 20 2
9 11 3
3 5 8
4 7 1
23 2 8
19 21 3
16 19 2
13 16 15
21 1 11
8 11 3
0 3 6
21 0 12
19 22 7
17 17 3
6 10 1
18 23 15
15 19 2
15 18 11
10 13 15
19 22 6
3 6 3
10 12 7
4 7 5
20 23 14
22 0 15
12 15 8
14 17 8
2 5 4
20 23 13
11 14 12
7 11 7
19 21 15
19 21 8
12 15 7
23 23 8
18 22 10
10 13 3
20 23 15
5 8 9
14 16 4
2 2 12
20 22 10
21 23 9
15 17 6
14 17 9
4 8 10
7 11 13
22 2 11
23 1 2
13 17 5
8 12 10
20 22 4
18 22 13
3 7 3
22 2 10
2 6 15
19 0 6
4 9 5
11 14 2
16 17 6
15 17 3
6 9 6
4 8 9
6 8 3
6 7 8
20 22 14
2 5 13
4 9 6
8 12 14
23 1 15
5 9 8
19 23 3
18 21 6
3 5 11
7 11 1
20 1 12
1 5 2
19 22 14
4 7 4
19 22 7
18 21 7
21 1 7
19 1 5
6 10 15
11 15 12
19 21 7
13 15 2
18 22 13
1 1 3
7 10 14
15 18 9
22 2 2
7 9 2
7 9 12
20 22 5
17 20 1
2 7 1
20 22 5
8 11 10
13 17 14
11 14 9
7 10 1
13 17 8
8 11 5
11 13 3
1 4 11
18 21 2
21 23 6
14 18 9
18 22 4
11 13 10
3 5 15
7 10 11
18 21 9
10 12 12
5 8 8
7 11 8
17 19 11
19 22 15
10 13 6
0 2 14
23 1 10
7 9 12
10 14 5
13 16 9
8 11 2
21 1 11
23 3 4
8 12 15
18 21 2
19 22 10
13 18 4
16 18 12
20 23 5
15 18 1
21 0 12
11 13 6
20 23 5
11 15 2
23 2 4
15 18 10
20 23 7
4 8 2
18 22 1
19 22 14
4 8 8
2 7 5
2 4 15
1 4 3
10 13 4
17 21 6
9 12 5
5 7 8
0 2 15
16 20 11
9 12 11
13 17 6
4 7 2
17 20 8
21 23 5
8 10 9
11 14 5
10 12 7
7 9 12
21 23 1
6 9 1
2 5 13
23 3 13
2 7 12
11 13 12
12 16 7
9 14 15
17 18 10
6 8 3
0 2 11
6 9 9
3 6 9
3 4 4
4 8 10
7 9 6
23 2 3
13 16 12
16 18 8
20 22 1
4 6 14
0 3 6
0 4 14
21 1 15
21 0 4
3 6 4
0 4 6
8 11 5
15 17 8
1 3 14
11 14 10
10 13 9
14 17 11
2 4 12
6 9 15
20 23 8
4 6 15
21 0 8
16 21 6
19 20 12
4 8 11
20 23 9
19 21 2
0 3 8
1 2 5
8 13 8
9 13 2
12 16 6
15 17 8
21 1 14
2 6 1
0 4 13
5 11 4
13 17 8
10 14 13
12 15 8
17 21 4
19 21 3
21 0 5
0 3 8
19 21 3
12 15 1
12 14 14
19 22 7
8 11 5
11 15 5
20 22 13
2 5 11
16 19 13
8 11 3
3 6 13
10 13 2
15 21 7
8 11 9
0 4 5
7 11 9
8 10 14
23 0 4
10 13 3
15 18 3
11 15 8
8 10 5
9 11 1
13 16 9
16 18 3
19 21 5
8 11 12
1 5 14
16 18 6
4 8 2
4 7 11
21 0 15
12 17 4
10 14 3
23 2 10
20 22 12
4 7 8
7 10 4
15 18 10
9 13 9
13 18 10
23 2 5
18 19 10
9 12 3
16 20 7
22 0 8
4 9 4
18 20 1
1 4 8
15 18 15
23 3 6
18 21 15
20 22 7
15 18 9
21 0 9
6 10 2
5 7 2
4 8 9
16 20 8
17 19 7
6 8 7
23 3 15
12 14 10
16 21 3
12 14 15
16 19 5
18 20 15
20 23 14
22 1 1
8 10 6
7 10 15
15 18 13
19 22 10
2 4 14
20 23 14
14 17 6
19 21 8
8 9 8
3 6 2
5 8 3
3 5 4
15 17 9
7 11 4
15 19 3
0 4 9
17 19 15
7 11 8
1 3 13
13 17 13
12 13 2
9 11 15
17 18 10
17 22 3
1 3 11
4 8 1
3 6 5
0 4 6
2 6 9
8 11 5
21 23 13
17 19 2
18 22 7
6 7 9
14 15 7
1 2 13
8 10 10
0 3 2
2 6 8
23 3 2
21 1 14
7 10 13
2 6 15
18 21 2
0 4 14
14 17 7
10 13 10
17 19 9
12 14 6
1 2 13
9 12 4
5 6 6
7 11 7
6 9 4
21 23 6
10 14 11
6 9 8
19 21 9
12 14 10
15 19 1
15 16 4
23 2 6
17 20 7
14 17 3
17 19 7
16 18 7
19 22 12
2 6 12
16 19 5
18 22 1
14 17 1
11 15 6
0 4 2
7 11 7
2 5 3
15 19 13
13 14 7
14 16 11
16 19 8
10 14 13
2 6 9
21 23 9
7 10 15
16 21 5
2 7 6
22 1 6
18 21 13
16 18 9
11 13 6
16 19 1
12 15 3
12 15 6
13 14 8
8 11 13
11 14 10
12 13 6
5 8 4
17 19 1
11 16 1
19 0 2
15 17 5
21 0 6
4 6 11
11 14 5
11 14 14
10 14 8
18 20 14
20 23 12
11 15 14
22 1 11
19 21 3
3 7 4
22 1 11
6 9 13
8 10 12
19 0 15
5 8 11
20 23 14
7 9 7
1 3 9
11 15 4
22 0 1
23 3 8
16 21 10
19 22 15
23 2 11
15 17 3
14 16 10
10 12 14
19 23 8
19 23 5
15 18 9
8 10 4
22 1 14
4 7 13
4 6 10
11 14 6
16 19 5
0 2 3
6 9 15
22 1 8
10 15 10
1 3 14
15 18 2
6 9 8
17 20 12
11 13 5
10 13 10
14 17 13
16 20 11
19 23 10
20 0 2
7 10 9
3 6 9
1 5 4
22 3 6
14 16 7
19 21 1
22 0 3
21 0 6
1 5 2
6 8 2
10 13 2
4 7 7
10 12 5
13 15 4
8 10 6
17 21 5
8 11 14
21 0 10
0 3 5
22 1 6
5 8 13
6 9 12
10 13 11
23 2 2
7 10 4
7 11 15
2 6 1
7 9 10
12 15 1
2 4 2
2 4 4
22 0 3
6 12 5
4 7 1
4 7 13
5 9 8
20 1 8
5 9 8
20 22 9
10 13 7
15 17 12
10 12 4
3 6 13
2 6 2
23 2 15
11 13 2
1 2 15
18 21 11
10 13 9
22 1 7
12 15 1
8 11 4
9 13 6
23 4 15
15 19 8
22 0 7
20 22 8
6 9 3
9 11 13
1 5 1
2 6 5
22 23 5
6 10 9
3 4 3
6 10 5
19 23 9
1 4 1
16 19 14
17 20 10
12 15 13
21 23 1
1 4 13
2 5 12
15 17 6
11 14 6
18 21 8
20 22 13
6 8 4
20 22 4
0 4 6
1 4 10
7 8 2
10 15 2
1 3 12
18 21 15
20 22 6
6 10 13
12 16 3
5 7 10
5 5 12
17 20 8
10 12 1
6 8 5
22 2 10
19 21 11
18 23 12
21 0 8
13 17 5
10 16 5
23 1 1
0 3 7
13 14 2
18 20 3
15 17 13
21 23 14
14 16 14
17 19 15
19 23 8
0 3 11
13 15 14
7 10 5
1 2 8
17 21 14
15 18 5
7 10 3
6 9 5
3 5 2
15 19 1
20 0 3
14 18 8
20 23 6
11 14 12
2 5 8
17 20 2
7 10 11
16 19 4
6 10 14
2 5 14
14 16 12
10 14 8
20 23 3
4 7 4
15 19 9
14 17 13
17 19 13
13 15 5
17 20 5
0 5 12
8 10 15
12 15 11
17 19 9
22 1 8
19 22 4
6 11 10
3 6 8
20 23 2
14 18 4
13 16 3
4 5 12
7 10 5
3 6 14
10 14 5
17 19 6
3 5 7
17 19 5
19 23 1
21 1 15
17 19 2
8 10 13
18 20 11
2 4 7
5 8 10
16 20 1
17 20 15
1 4 4
8 11 13
4 6 12
15 16 11
1 4 14
4 8 15
4 6 11
1 6 10
17 18 11
4 5 6
22 0 13
6 8 9
17 21 3
15 18 3
11 14 13
9 12 8
0 4 7
13 16 12
2 3 1
2 4 5
6 9 15
12 14 7
16 19 5
6 8 7
1 3 6
15 19 10
7 8 15
20 0 4
9 14 2
7 9 8
18 21 3
17 18 7
13 15 11
22 23 4
18 21 7
0 4 14
14 16 1
12 15 1
14 17 14
14 19 11
11 12 4
19 20 6
14 17 2
11 14 5
5 7 5
7 10 7
17 22 4
17 22 1
17 21 4
10 13 11
1 3 4
5 9 4
1 3 1
4 8 10
10 12 10
23 1 15
8 11 1
3 6 6
19 23 7
4 8 9
21 0 9
23 1 5
19 23 1
20 22 7
10 13 5
0 4 10
19 21 14
1 4 14
13 17 10
12 16 6
9 10 12
8 10 8
15 18 9
2 5 13
21 0 3
2 6 10
7 9 3
16 18 6
7 10 11
23 2 8
9 10 13
3 6 5
19 21 6
6 9 11
12 13 1
23 2 6
22 23 13
11 14 7
9 14 13
9 11 6
1 4 3
14 16 13
1 3 3
0 3 13
19 23 13
9 11 14
5 8 1
7 9 10
12 15 8
13 17 13
7 9 1
18 20 4
21 2 9
8 9 11
19 21 2
15 18 14
17 21 14
20 23 1
9 12 14
14 18 10
6 10 3
0 3 6
0 2 10
12 15 7
6 7 10
7 11 10
23 1 6
19 21 3
21 23 3
14 18 8
8 9 13
7 8 14
15 18 12
12 12 7
12 13 2
23 1 7
5 7 15
17 20 10
3 7 14
4 7 3
6 9 11
6 10 13
9 12 3
13 15 2
16 21 1
14 18 1
4 6 7
6 9 6
21 0 13
21 23 4
7 10 15
9 10 13
2 5 1
22 0 7
20 22 9
7 9 8
15 18 14
5 7 13
3 4 8
10 14 15
19 23 10
9 13 15
8 12 13
15 18 5
23 2 15
10 13 1
16 20 12
22 2 7
10 14 13
16 18 2
13 17 3
0 3 8
1 4 2
22 1 9
0 5 9
10 12 4
10 10 13
1 4 4
18 20 9
1 5 12
16 19 7
14 17 12
11 16 3
10 13 5
23 3 5
15 18 15
14 17 8
23 1 13
1 5 13
9 12 2
10 13 5
2 5 2
21 1 3
7 10 3
22 2 9
10 12 1
18 20 5
7 10 13
10 15 14
20 22 14
