200 13
9 4 8 2 9 10 3 3 3 3 5 1 1 
10 12 10
15 18 3
1 4 9
13 15 2
8 10 8
11 15 6
21 23 1
1 3 3
8 11 6
19 23 6
22 2 8
14 17 5
17 20 8
11 15 4
4 7 13
8 11 4
7 10 6
22 1 7
10 14 11
20 23 11
23 3 13
19 0 12
10 14 8
3 5 13
2 7 8
21 0 13
22 2 7
3 5 13
1 4 2
6 9 10
20 22 12
18 21 13
1 2 2
21 2 6
7 9 11
7 9 5
0 3 11
1 3 11
18 23 3
16 18 8
17 18 5
6 9 5
23 1 7
10 13 6
7 10 3
19 23 9
3 7 9
19 20 10
13 17 7
2 6 7
16 18 7
17 20 4
22 0 11
6 9 6
10 12 7
23 2 4
19 22 13
1 3 8
19 21 5
1 4 8
2 4 13
1 2 3
11 14 13
2 4 11
0 3 8
5 8 5
7 10 12
17 20 5
10 14 4
14 17 1
8 11 4
12 14 5
3 6 2
21 1 2
8 12 1
0 4 5
18 21 7
11 13 4
6 8 6
17 21 1
16 19 9
6 8 7
8 12 9
9 11 7
10 16 3
19 21 10
5 9 10
11 15 3
10 12 12
12 14 11
11 14 2
8 11 13
7 9 1
14 17 12
21 0 8
4 7 2
12 15 6
23 3 9
18 22 7
3 7 13
19 20 13
22 1 4
10 12 13
22 3 4
23 3 9
17 20 12
5 8 3
12 14 11
10 12 11
11 13 13
22 0 3
21 2 7
0 0 9
22 1 13
21 0 5
3 5 10
4 8 3
18 23 9
15 17 9
6 9 4
21 23 6
8 13 4
8 9 8
19 23 2
11 13 7
2 5 10
23 2 10
13 17 4
13 16 5
18 22 13
3 7 3
6 10 7
23 3 3
2 4 3
15 20 5
8 11 10
11 14 13
12 16 10
0 4 4
5 7 13
13 15 13
9 12 12
10 13 13
2 5 7
10 12 11
7 9 10
11 14 9
12 14 9
5 9 3
17 20 12
5 10 10
5 9 2
6 8 5
9 12 3
23 1 1
14 17 11
17 18 10
4 5 13
7 9 7
7 9 4
4 7 2
10 14 5
4 6 13
16 17 11
21 0 4
16 19 2
15 20 4
5 7 3
8 11 10
9 12 7
15 16 5
6 8 9
4 7 9
14 17 5
17 20 2
19 22 6
7 11 3
2 5 6
7 9 10
7 8 2
6 10 12
13 14 4
21 23 2
4 8 5
20 23 12
12 15 8
18 22 13
11 14 2
10 12 2
5 8 13
11 14 5
18 20 10
11 15 7
7 9 1
9 10 10
6 8 10
20 23 9
3 7 7
17 22 13
7 10 8
