1400 15
4 7 6 9 1 3 10 10 4 10 3 2 2 4 10 
6 9 2
12 16 5
17 17 8
5 8 1
19 23 5
0 4 7
21 1 1
11 13 12
7 9 8
17 19 10
19 21 1
9 12 2
14 18 2
12 15 2
0 3 2
0 3 12
2 4 6
19 22 3
12 15 8
22 2 7
10 12 14
5 7 14
23 3 2
9 13 13
7 10 4
21 23 10
3 5 12
22 3 7
0 2 7
19 23 10
1 4 2
7 11 6
14 19 7
21 1 14
14 17 8
5 8 5
13 16 8
22 1 1
0 1 14
1 4 5
9 12 5
15 18 2
1 4 8
11 16 14
6 11 6
16 19 7
1 4 2
8 10 1
18 19 1
22 1 9
19 20 8
0 4 1
2 6 9
15 18 7
23 1 15
12 16 15
5 9 5
9 11 10
17 20 15
4 7 14
11 13 11
11 13 9
17 19 13
9 11 3
18 20 12
23 3 9
7 9 2
12 14 5
9 12 12
13 18 14
4 6 5
17 19 1
15 19 11
18 22 15
2 6 15
9 13 7
8 11 2
3 8 11
16 19 8
18 21 15
17 21 4
18 20 8
9 11 12
16 19 5
22 1 12
17 21 13
4 6 12
16 19 13
13 15 15
15 18 13
7 9 2
12 15 13
4 4 2
14 18 9
4 6 10
19 21 10
19 23 7
6 9 12
23 4 5
9 12 8
22 2 12
16 18 14
18 23 4
10 12 4
3 7 14
3 5 5
2 4 14
2 4 7
7 11 9
9 10 9
16 18 11
20 23 11
23 4 2
6 10 8
10 14 4
20 22 13
0 2 15
11 14 15
4 7 8
21 1 6
15 16 1
5 11 15
12 14 13
17 22 5
11 16 7
13 16 14
10 14 10
21 1 3
4 8 13
11 14 6
7 8 15
11 14 7
20 0 9
3 7 3
3 6 9
13 16 2
11 14 4
16 18 5
14 17 10
4 8 4
3 4 2
10 14 15
23 1 4
2 4 1
12 16 15
9 11 9
18 21 14
20 0 2
14 18 14
3 6 1
15 19 1
12 14 5
14 18 3
21 0 14
1 4 7
23 2 5
10 12 8
19 21 8
8 13 8
19 23 7
7 9 8
11 13 10
16 18 11
4 7 4
2 5 10
12 15 11
15 19 11
18 19 9
11 16 10
8 12 5
2 6 3
23 0 10
9 11 15
3 6 13
19 21 14
14 16 6
23 4 11
15 17 3
15 18 11
13 16 13
18 20 1
4 7 11
10 13 11
23 2 15
3 7 14
14 15 11
15 17 12
19 22 2
3 6 14
1 4 9
20 22 6
19 20 11
5 7 1
19 23 5
1 5 13
11 14 13
2 5 11
15 16 6
17 19 15
11 14 13
20 0 6
10 13 10
22 0 3
2 6 2
18 20 7
0 4 1
9 13 5
20 23 4
18 23 5
3 6 15
7 12 1
16 19 8
18 22 11
22 1 2
20 23 2
19 0 7
10 13 9
10 14 8
6 8 2
5 10 6
18 21 10
7 10 11
17 20 15
1 3 4
16 18 1
9 13 6
21 1 10
2 5 3
1 5 12
23 2 10
5 7 10
2 5 2
6 10 13
0 1 8
5 8 8
19 20 13
23 3 13
8 13 3
22 1 14
11 13 12
0 5 9
5 8 1
0 3 13
23 1 15
15 17 7
19 23 4
8 10 8
15 18 12
18 21 6
12 14 15
22 23 15
23 2 7
10 13 15
23 1 14
3 4 1
1 4 12
0 5 8
18 22 5
17 20 13
12 15 12
22 1 4
9 11 3
12 14 7
13 16 6
11 13 3
0 3 10
10 12 13
14 16 5
17 21 5
1 4 13
12 15 10
17 18 9
13 16 10
16 17 7
12 13 11
22 1 1
18 20 7
20 0 5
11 15 6
3 6 2
5 6 4
18 22 5
17 20 13
2 4 2
11 13 7
3 5 13
19 22 6
2 6 5
11 14 11
1 4 10
1 3 6
15 19 8
0 4 11
5 7 9
9 12 2
6 8 5
0 3 10
17 18 4
12 15 6
7 10 7
9 13 5
8 11 1
15 18 2
15 18 6
11 15 14
18 20 12
0 2 13
18 20 2
0 2 7
11 15 13
2 6 11
19 23 6
19 22 2
5 10 2
21 2 13
11 13 3
2 6 4
3 5 5
0 2 14
1 4 3
10 14 4
17 18 1
14 18 1
14 17 8
0 3 6
16 18 8
13 15 10
8 10 10
11 14 7
23 3 10
20 22 1
1 5 11
16 20 6
20 23 2
18 22 14
5 9 9
5 6 12
13 15 2
9 11 5
3 7 6
6 8 15
15 17 2
9 14 12
13 13 13
7 11 10
14 16 6
23 3 12
18 23 1
0 4 1
23 3 9
22 1 7
18 21 5
23 1 4
20 22 12
23 2 12
14 17 5
22 23 7
23 0 3
2 3 11
6 9 2
20 23 2
22 1 1
9 13 9
15 18 13
15 18 8
15 18 5
9 13 10
2 4 12
16 20 4
8 11 8
0 2 5
3 7 12
7 12 5
8 12 1
19 21 14
23 2 11
19 22 5
6 11 4
18 23 2
12 16 8
20 23 13
11 12 12
4 6 3
0 2 14
12 14 14
10 14 12
12 15 14
11 15 7
15 18 11
1 3 14
15 18 1
19 22 12
21 22 10
4 7 4
21 0 10
23 2 15
0 4 15
21 1 11
18 22 6
18 21 3
8 11 13
10 12 2
7 13 6
9 12 11
22 1 3
18 20 13
10 12 7
21 22 12
21 23 8
2 3 2
11 13 1
1 3 1
22 23 3
10 13 3
20 22 15
22 1 7
8 8 8
18 22 2
16 20 10
5 8 6
4 7 4
13 16 6
11 15 15
14 17 11
19 21 1
21 0 13
7 9 15
22 2 12
21 0 4
13 17 4
2 5 11
0 3 10
4 7 6
16 19 14
19 21 5
10 13 15
3 7 15
13 15 6
17 20 14
12 14 4
6 8 11
4 8 4
5 9 11
5 7 15
16 18 3
22 1 1
9 13 2
14 18 4
23 3 5
8 10 8
10 13 8
2 4 7
5 8 14
6 9 1
23 3 12
1 5 1
8 10 14
10 13 1
23 3 11
13 16 10
21 0 2
7 11 4
18 21 4
23 2 3
11 14 5
7 10 14
3 4 5
12 15 10
12 15 5
20 0 8
5 9 8
17 19 10
10 12 7
4 7 2
22 1 4
4 6 13
10 12 9
6 9 2
12 13 10
3 7 8
15 18 8
8 11 5
20 0 8
3 4 13
18 22 4
17 20 12
18 23 12
22 2 14
22 0 2
21 23 10
14 17 7
12 16 11
1 6 10
16 20 3
7 11 4
16 19 2
18 20 1
10 15 8
12 16 5
7 10 14
7 10 14
15 19 13
1 4 15
18 20 14
18 23 3
7 10 13
13 16 12
13 18 2
7 10 6
15 19 8
23 3 8
8 12 12
7 9 13
3 6 1
6 9 7
23 4 1
8 10 13
23 2 14
9 13 14
20 23 14
16 18 13
3 8 9
17 20 2
16 17 15
12 15 10
2 6 5
10 13 5
15 20 3
11 13 2
1 4 7
7 10 6
3 5 10
12 15 8
12 15 13
10 13 6
17 20 10
23 3 4
16 20 10
11 12 10
22 0 10
14 17 7
15 18 8
10 11 5
22 1 9
5 7 9
12 12 4
3 5 1
3 6 6
3 7 4
2 4 10
17 21 5
14 17 2
16 19 12
18 20 11
0 3 15
3 5 15
17 20 11
19 22 15
22 2 14
0 4 13
19 22 5
16 21 5
0 3 7
3 7 10
23 1 13
9 11 7
11 14 3
3 6 10
15 18 12
1 1 8
10 14 10
10 14 9
1 5 1
6 8 14
17 19 14
14 16 12
19 21 9
7 11 3
23 2 11
17 21 5
6 11 14
21 23 5
14 17 4
17 21 8
13 17 3
13 17 13
4 9 5
2 5 15
23 2 15
14 17 7
5 8 1
20 23 9
12 16 8
14 17 13
17 19 8
21 2 3
5 9 1
17 22 6
4 5 10
19 23 11
10 12 1
12 17 7
23 2 9
11 14 13
18 22 2
16 21 3
23 23 14
5 7 10
4 7 5
12 14 13
1 4 13
15 18 3
19 21 9
17 21 14
2 5 15
6 9 9
14 18 15
2 5 2
8 14 10
0 3 3
7 9 12
6 8 6
1 4 15
1 5 5
5 7 7
2 4 5
20 23 14
22 1 15
13 15 15
4 7 5
17 19 1
12 16 8
4 9 13
23 2 3
0 2 3
12 14 8
14 17 7
13 16 13
2 4 7
4 7 12
8 12 11
13 15 1
14 16 12
8 12 9
12 15 7
16 21 2
5 10 1
20 0 1
17 20 14
22 2 13
4 8 12
7 11 10
2 6 14
11 14 14
6 8 6
4 6 5
4 6 13
0 4 14
21 0 3
13 17 6
23 1 9
10 14 15
16 22 9
16 18 4
0 2 8
16 19 14
3 8 6
23 1 6
17 21 13
7 10 7
2 6 2
10 12 8
1 5 4
1 5 10
18 21 1
8 12 14
9 12 11
15 19 5
20 23 5
12 14 12
18 20 15
19 21 12
13 16 10
16 20 1
23 1 15
14 16 7
20 23 2
3 5 5
1 5 13
5 8 12
14 17 6
16 18 4
17 20 6
20 0 12
14 16 3
17 17 8
20 1 4
8 11 5
12 15 9
9 12 2
6 9 7
8 11 9
6 8 8
7 11 8
4 5 8
14 18 7
12 14 10
3 5 2
15 19 11
23 1 1
22 3 7
3 5 7
9 12 8
12 14 11
3 8 8
21 1 12
18 18 9
14 17 7
4 8 4
1 5 14
9 13 5
9 12 12
5 9 12
3 8 12
3 5 10
0 3 8
14 16 4
1 3 2
1 3 10
6 8 3
7 9 10
19 23 7
20 23 7
8 10 5
7 11 11
11 16 10
19 20 4
13 17 2
0 3 4
13 16 9
6 8 13
21 23 7
1 5 10
1 3 12
5 8 1
7 10 7
0 3 14
21 0 10
4 7 2
1 4 11
3 5 10
5 8 13
11 15 3
16 19 15
3 6 10
15 19 3
5 9 6
22 0 7
12 14 11
10 13 7
9 13 15
11 16 4
8 8 5
4 9 14
5 9 12
8 10 4
19 22 1
17 22 1
17 20 5
4 6 8
21 21 3
8 12 7
4 8 11
20 23 15
9 13 4
18 21 2
19 22 5
11 15 4
8 10 6
13 17 11
7 9 15
20 0 4
19 22 6
14 17 14
1 5 7
18 22 5
3 5 15
8 12 9
16 20 5
9 12 12
0 2 7
11 15 13
2 5 7
21 23 9
12 15 15
22 0 15
22 2 6
20 23 15
10 11 2
4 7 8
22 2 15
6 9 6
0 2 5
18 21 13
4 7 7
12 16 11
18 21 11
17 19 13
9 11 12
21 23 7
2 4 9
20 23 4
11 14 5
21 0 14
20 0 9
3 6 9
20 1 6
17 21 7
1 3 5
1 3 12
22 0 7
11 15 7
9 13 6
0 1 7
6 9 13
23 2 1
22 22 7
20 23 8
16 18 3
1 2 3
5 7 1
13 16 13
19 22 1
13 17 11
3 6 11
14 18 8
4 7 15
5 8 3
7 10 7
20 23 5
22 1 13
15 18 13
11 12 4
3 5 6
22 0 2
7 11 8
3 6 15
7 9 5
13 17 5
21 0 8
0 3 15
12 15 10
12 15 11
6 8 3
10 13 6
1 4 15
1 3 8
22 0 1
19 21 4
3 6 15
3 7 10
11 14 9
0 3 9
22 1 7
13 15 10
16 19 12
21 0 9
22 1 1
18 18 7
14 17 14
18 21 15
8 10 15
0 1 5
10 12 11
10 14 13
20 0 13
15 18 15
7 9 7
9 11 15
12 16 1
10 11 10
0 4 13
14 17 5
5 9 7
15 17 12
22 0 7
8 11 9
0 4 3
11 15 12
15 19 9
12 18 7
16 20 15
16 19 12
2 7 2
15 19 15
3 7 1
12 15 1
0 3 4
18 22 5
12 15 13
20 1 13
16 20 2
23 2 10
16 20 10
8 11 6
11 14 3
9 12 7
7 10 13
19 21 15
0 4 11
21 0 4
14 16 5
22 1 14
16 19 10
12 17 14
8 11 2
5 9 6
9 11 6
6 9 12
6 9 7
18 20 5
2 4 12
6 9 4
12 17 7
16 20 11
2 5 9
1 4 6
0 2 5
2 4 5
5 7 4
12 15 3
15 18 15
3 4 3
5 7 11
22 1 12
10 13 13
1 3 15
20 21 2
20 23 7
0 5 3
22 3 12
6 10 7
19 23 1
16 19 10
9 13 12
2 4 4
5 8 7
5 8 1
19 22 2
17 19 7
21 1 12
7 11 8
17 20 1
19 23 10
2 6 3
0 3 1
10 15 10
0 3 5
10 14 1
1 4 6
13 17 15
20 23 6
10 13 13
4 6 10
9 14 5
12 15 4
19 22 4
1 3 1
14 16 9
6 9 8
7 11 1
5 9 14
0 3 2
5 9 6
22 1 4
1 3 7
10 14 15
10 14 7
3 5 7
20 23 5
7 9 9
18 21 10
0 3 11
9 13 15
22 2 13
23 1 6
21 1 8
14 16 7
19 23 5
9 13 14
20 22 3
3 6 7
3 5 4
10 12 4
23 3 4
9 11 11
18 20 6
1 3 14
4 6 15
1 4 3
11 14 13
9 13 9
12 15 10
20 0 6
19 22 7
6 9 2
19 22 1
7 10 14
14 16 13
12 14 14
15 17 1
18 21 3
0 4 13
12 15 1
11 13 10
19 23 9
5 8 9
8 9 11
13 16 1
5 8 15
8 9 9
3 6 11
16 20 7
14 18 15
5 9 1
6 10 13
18 22 13
5 10 1
21 0 8
9 12 6
16 21 8
7 10 7
4 7 3
4 6 13
5 7 1
23 2 14
19 22 3
22 0 15
12 15 7
16 20 11
11 15 11
12 15 15
17 21 9
10 13 13
13 16 9
4 5 9
1 4 11
13 16 14
21 2 6
3 5 15
17 21 14
22 1 7
2 3 15
22 1 12
6 9 11
12 15 1
0 4 14
7 9 3
15 19 7
11 14 15
21 23 5
23 1 12
11 13 10
19 22 4
12 16 6
8 11 9
10 14 4
16 19 3
18 22 6
3 8 7
12 16 4
0 3 2
3 6 2
16 20 8
14 17 12
12 16 3
9 12 9
13 16 9
18 22 15
20 23 3
11 16 8
13 17 3
3 7 2
5 7 11
0 3 5
18 22 1
12 15 10
2 4 13
7 11 8
1 5 8
1 3 13
20 1 1
13 16 6
20 22 4
8 9 4
23 2 9
16 19 9
3 6 12
9 12 5
12 15 13
0 2 6
18 19 15
23 2 5
17 19 15
7 8 7
3 4 1
4 8 12
10 12 8
23 3 13
23 2 7
18 22 14
7 11 12
19 22 9
5 8 4
12 15 4
10 14 14
16 20 9
1 3 1
12 15 4
11 14 3
19 22 2
13 15 4
16 20 10
2 3 11
11 13 6
4 8 10
7 9 15
7 9 7
6 11 11
3 6 14
11 13 14
21 22 9
11 14 7
12 16 6
10 13 15
12 15 9
22 1 3
15 18 10
5 10 15
7 11 15
15 18 12
13 16 14
9 13 4
2 5 8
11 13 10
17 20 9
22 2 12
18 21 8
18 20 10
12 15 12
22 23 15
17 19 10
14 17 8
17 20 1
13 15 14
15 17 4
6 8 14
19 23 5
11 14 7
4 7 14
12 15 14
18 21 4
9 13 1
0 2 6
7 11 14
1 4 12
6 10 13
15 18 7
10 13 11
14 17 15
8 9 13
12 15 7
6 9 14
15 19 8
22 2 12
16 18 5
4 8 4
12 14 14
22 0 10
2 4 14
9 15 15
1 5 12
13 14 3
3 6 12
12 14 9
7 9 15
1 4 8
12 15 4
8 12 11
19 22 4
13 16 1
19 22 11
2 5 6
15 18 12
7 9 11
7 10 3
3 7 2
13 16 9
0 4 6
21 1 12
14 17 13
21 1 10
15 19 13
17 18 10
2 6 9
9 12 5
16 18 14
0 2 4
2 4 15
4 6 7
21 0 11
23 2 1
5 8 2
5 6 13
21 23 15
8 12 11
17 22 13
9 11 15
11 15 14
10 13 14
1 4 12
14 17 7
10 14 2
23 1 7
21 0 8
16 19 11
2 7 2
3 6 13
13 17 14
7 10 13
12 16 5
23 2 9
23 2 13
1 3 1
1 5 8
18 20 15
14 17 13
1 4 3
19 22 1
8 11 11
9 13 6
17 20 9
11 13 7
18 20 13
3 6 8
7 11 4
0 3 15
23 2 12
5 8 1
21 2 13
10 12 7
7 10 15
22 1 11
10 13 12
11 14 11
13 16 7
17 19 15
9 11 14
4 8 6
10 14 8
15 19 8
15 18 6
6 10 15
1 4 9
2 6 7
17 20 14
6 9 1
18 20 15
3 6 4
14 17 4
14 16 4
7 12 11
1 3 11
5 7 9
6 9 5
17 20 13
17 21 7
22 0 15
4 7 5
15 18 3
19 0 9
21 2 3
11 14 1
20 22 3
2 6 14
7 11 10
13 15 4
8 10 9
23 3 4
13 15 9
8 10 13
2 4 3
14 17 1
8 13 15
20 0 5
3 6 4
9 11 2
11 15 10
15 17 11
18 20 10
5 9 13
19 22 8
9 10 6
4 8 5
17 22 3
5 8 13
0 3 8
17 20 3
11 15 6
16 19 5
9 12 15
2 4 6
10 12 15
2 4 12
15 18 3
21 2 14
5 9 15
2 5 4
6 10 12
22 1 1
20 23 9
13 15 9
15 18 1
18 23 14
12 13 15
13 18 15
7 10 2
14 16 10
1 4 13
21 22 13
2 4 11
21 1 9
22 1 13
23 2 9
23 3 5
0 2 8
14 17 12
13 15 10
16 19 1
12 16 4
9 13 5
10 13 13
1 6 9
8 10 10
9 12 5
7 11 2
0 2 5
19 22 12
10 11 11
5 7 11
11 12 13
2 4 14
23 2 8
0 2 5
3 5 3
11 15 14
9 13 6
5 8 3
20 22 10
23 2 2
18 22 11
12 14 12
10 13 6
6 10 8
13 16 2
22 1 10
13 17 3
4 8 1
2 5 3
6 10 6
13 17 13
6 10 6
16 19 9
4 8 4
6 10 5
20 0 10
21 23 1
9 12 15
17 19 1
0 3 8
8 10 2
11 14 1
8 11 15
23 4 10
11 15 6
0 5 8
21 0 5
17 21 2
4 7 10
18 21 5
17 20 8
17 20 4
20 22 1
18 22 8
2 5 3
10 14 4
11 14 9
18 22 15
14 19 12
19 23 2
