600 10
1 7 8 4 2 3 4 3 9 4 
20 0 9
2 8 8
19 20 10
20 23 3
20 23 1
15 18 9
16 19 1
16 19 4
5 8 4
12 15 3
13 13 2
0 2 1
1 3 9
19 22 8
2 5 5
23 4 8
23 1 1
14 16 1
0 3 8
12 15 10
6 9 2
9 13 9
14 17 5
19 23 7
9 12 7
5 8 8
10 13 3
17 21 9
7 10 9
20 0 4
22 2 3
13 15 9
17 20 5
5 7 8
20 1 5
10 12 6
13 15 5
15 17 2
23 3 1
11 15 10
22 2 7
22 1 10
10 13 10
5 10 3
4 7 5
15 19 5
8 10 7
3 7 6
17 21 10
6 9 1
17 20 10
20 23 8
9 13 8
12 15 8
14 17 5
4 6 7
18 22 9
14 16 3
21 23 10
12 17 2
18 20 7
23 0 3
17 21 9
20 23 5
16 19 4
16 18 5
20 23 7
12 16 1
9 12 7
21 23 2
20 23 1
13 15 9
11 14 4
11 13 6
9 12 5
9 11 10
12 14 3
16 18 1
23 0 3
6 9 6
20 0 6
2 4 10
22 2 7
0 4 6
4 6 7
7 7 6
10 14 6
2 5 5
10 13 3
11 14 9
5 9 6
7 10 2
12 15 9
14 17 2
17 20 9
19 21 5
11 12 1
12 16 6
16 18 10
15 17 10
20 1 4
7 9 8
4 6 7
0 3 3
6 8 2
8 12 6
10 14 1
0 2 2
13 16 9
1 4 5
14 16 5
21 22 5
2 5 9
1 5 1
15 19 2
0 2 3
4 8 8
3 4 5
16 19 2
9 12 1
16 18 9
3 6 5
8 11 1
13 15 10
12 14 4
10 14 2
7 10 7
2 5 2
11 16 7
4 7 8
6 9 4
0 4 10
12 15 9
8 10 10
21 23 8
13 14 3
8 12 1
23 2 10
19 22 7
15 18 10
15 18 7
10 12 10
1 4 10
4 7 6
7 10 9
23 1 9
21 22 9
1 4 9
20 23 9
19 2 10
9 12 1
8 12 6
16 20 3
23 2 2
8 12 9
11 14 3
15 18 10
8 10 1
20 23 2
2 5 4
8 11 3
7 10 7
7 9 5
12 16 9
20 2 5
3 3 6
13 17 7
11 14 6
4 6 8
6 10 7
6 10 8
7 10 9
11 14 3
3 7 7
10 13 3
14 16 7
9 12 3
23 1 6
21 0 6
5 7 1
14 19 5
22 3 5
11 14 6
16 20 8
23 0 5
4 8 2
14 18 10
8 11 9
19 21 1
18 22 1
13 18 2
1 6 9
9 12 5
13 17 3
16 19 1
6 10 8
9 11 10
19 22 10
23 3 6
3 6 4
18 21 6
19 23 3
12 15 8
23 2 7
14 18 10
15 16 1
23 2 4
1 3 2
23 1 6
9 12 4
14 18 4
12 12 4
19 22 7
21 1 6
6 8 7
1 3 6
21 23 2
3 6 7
19 23 5
5 8 1
15 19 1
22 1 10
3 5 4
21 0 3
2 6 1
22 0 6
8 11 8
5 8 2
21 0 4
19 23 10
2 6 7
4 6 9
1 2 9
20 22 1
12 14 1
21 0 4
23 3 3
13 15 3
15 18 7
21 1 4
14 17 1
16 19 1
21 0 4
3 7 5
18 21 4
0 2 7
4 7 10
23 4 2
5 10 10
17 20 2
10 15 1
22 2 6
14 17 8
17 18 9
3 6 2
7 11 3
10 14 4
15 19 6
0 4 10
23 1 2
18 22 7
11 16 10
15 18 1
14 17 10
23 2 3
7 13 7
22 2 4
23 3 6
6 7 1
14 16 4
10 12 9
15 17 2
19 21 4
23 1 1
16 20 9
7 9 9
19 23 9
3 7 8
12 14 10
20 23 1
1 3 9
14 17 8
12 14 5
23 4 10
23 2 5
21 23 2
2 6 10
5 8 8
11 14 5
0 3 6
6 6 10
19 22 9
19 22 5
9 12 3
2 5 4
20 22 1
1 2 5
12 14 4
22 1 6
19 21 8
18 22 10
19 22 1
18 21 10
11 14 5
18 20 8
19 22 7
21 22 5
18 21 7
22 2 1
9 12 6
18 20 1
3 5 6
11 14 8
9 13 7
3 6 9
14 19 9
13 17 6
3 5 6
12 15 2
18 21 4
8 9 3
0 3 4
23 3 4
21 22 8
8 10 5
4 7 2
5 7 7
16 20 4
1 4 4
17 22 6
7 9 8
6 9 1
3 8 6
14 15 1
18 20 3
8 12 10
12 15 3
11 14 8
11 14 7
1 5 3
14 16 5
19 22 7
16 19 1
2 6 3
4 6 7
8 9 6
7 10 7
21 0 2
21 2 8
8 10 2
23 2 2
0 2 7
5 8 2
7 10 6
9 11 3
6 9 7
0 3 10
18 23 2
1 3 1
17 20 6
1 5 10
5 7 3
18 21 4
8 10 7
5 7 5
21 1 5
16 17 1
4 7 4
21 0 10
14 16 4
14 18 7
3 5 7
4 7 4
20 23 9
22 1 8
14 16 10
5 7 4
21 0 8
9 12 1
18 22 8
4 8 1
6 9 10
1 3 6
10 13 10
3 8 2
6 6 4
15 18 7
0 1 7
16 18 1
3 5 10
1 4 3
9 13 1
6 9 5
6 10 9
13 16 8
2 5 2
3 5 2
1 4 10
22 0 1
0 4 10
5 8 2
5 9 6
16 20 1
18 20 3
1 3 8
23 2 10
14 17 8
3 4 2
19 23 9
3 6 5
10 12 8
15 17 3
12 17 8
4 5 2
20 23 1
6 9 3
10 10 6
20 23 3
16 19 7
11 15 6
3 7 5
0 4 8
3 5 8
10 13 8
19 21 10
11 14 9
18 22 10
19 22 6
4 6 2
21 22 7
21 1 1
6 9 2
0 4 1
9 11 4
20 23 10
22 1 9
20 23 4
8 9 1
13 16 4
8 11 6
9 13 2
0 4 6
21 22 3
5 8 6
11 13 4
12 13 3
15 18 6
9 13 8
8 10 5
10 13 3
14 17 10
6 9 8
5 7 8
13 16 3
5 9 1
10 14 7
20 0 1
3 6 9
7 10 6
11 15 8
10 12 5
1 3 4
17 21 2
22 3 10
23 0 5
8 9 7
18 20 7
3 5 3
19 20 7
6 10 3
6 9 1
7 11 8
18 20 10
16 18 7
10 12 4
18 22 3
17 20 2
9 13 9
14 18 3
2 4 10
11 14 3
2 6 7
17 22 1
22 1 6
1 3 4
13 17 4
19 20 3
12 15 2
6 10 4
19 23 3
10 11 1
8 11 10
22 1 4
11 14 8
9 13 3
3 7 2
22 1 10
18 20 10
15 19 8
23 3 6
6 10 3
18 22 5
22 0 10
7 10 1
2 4 10
12 15 1
20 0 9
6 10 2
16 18 3
15 18 3
11 15 8
3 5 7
14 16 2
22 2 10
5 9 9
0 2 3
15 18 9
20 1 9
16 18 3
5 9 10
3 6 6
20 0 5
7 9 6
15 18 8
4 6 7
11 12 5
14 17 1
18 21 5
18 22 4
22 2 5
17 19 7
3 8 3
10 13 7
23 2 6
12 15 4
6 9 9
22 1 6
23 2 2
20 23 8
1 4 8
23 2 2
18 22 3
20 23 2
16 18 8
0 2 10
3 6 4
20 23 2
7 11 6
5 8 5
2 4 3
4 6 9
10 13 10
9 13 2
20 23 1
17 18 7
12 15 6
15 18 10
23 1 6
21 0 5
22 2 2
15 18 4
3 6 4
3 7 3
5 8 1
4 6 4
0 3 4
5 8 2
19 23 8
1 2 1
22 1 1
7 10 3
1 4 9
2 6 2
2 5 10
16 19 2
17 20 7
14 18 3
9 11 1
8 13 10
15 19 9
23 1 5
14 18 8
2 7 9
14 19 3
11 14 4
12 16 4
17 21 10
20 23 6
14 16 10
12 15 10
12 15 6
20 23 10
13 16 3
21 2 4
0 3 7
7 10 9
4 7 6
9 13 7
1 4 3
19 21 7
