200 4
4 7 7 10 
6 8 4
13 16 1
14 15 4
2 5 3
12 15 2
14 20 3
14 17 4
13 16 4
4 5 3
10 15 3
6 9 3
18 21 2
2 4 4
15 19 2
7 8 1
18 22 4
2 4 1
15 18 3
16 19 1
13 16 3
18 19 4
20 22 2
19 22 4
17 20 1
4 6 3
19 22 3
3 3 2
14 18 2
16 19 1
18 20 4
13 18 2
2 4 1
7 9 1
14 17 4
9 12 2
21 23 3
8 11 3
4 7 1
15 16 3
12 16 3
17 20 4
0 2 2
11 14 1
16 17 4
16 19 3
1 2 2
12 16 3
2 5 4
18 22 1
22 1 1
14 16 1
14 14 4
20 23 4
17 21 4
21 0 1
10 13 4
14 17 2
6 9 2
1 4 2
15 19 1
7 10 2
8 10 3
5 8 1
7 10 4
21 1 3
15 18 4
18 22 2
16 18 1
15 18 1
8 10 1
16 20 3
7 10 3
7 10 2
15 19 4
14 16 3
1 4 2
19 22 4
2 6 4
16 19 4
13 16 2
23 1 4
22 3 2
14 17 1
4 5 3
14 15 1
14 16 3
17 19 4
4 7 2
20 23 4
2 4 1
10 13 1
18 21 1
13 15 4
7 11 2
6 10 2
3 8 1
6 10 4
17 22 3
15 17 4
23 1 4
17 21 4
16 19 2
23 23 4
14 18 3
21 0 4
9 11 4
16 19 1
9 12 1
9 10 2
14 15 2
22 2 1
15 18 2
13 17 1
10 13 3
15 19 1
4 7 2
19 22 4
17 20 2
22 2 1
0 2 1
15 20 4
16 17 2
21 22 2
11 15 1
20 23 3
10 13 3
17 21 1
4 7 3
9 12 4
22 3 4
22 1 2
12 15 3
8 11 2
20 0 2
9 11 4
23 3 4
3 8 4
1 3 3
21 1 3
13 16 4
3 5 2
12 15 4
23 3 4
21 0 2
8 12 3
15 18 4
13 15 1
13 15 2
15 17 1
0 6 4
0 3 3
12 14 2
20 22 3
20 22 4
7 9 2
23 3 2
9 12 2
6 10 3
2 3 1
12 14 2
6 7 1
21 1 2
16 20 4
16 20 4
10 13 2
6 10 3
9 11 1
5 6 4
2 7 3
20 21 3
22 1 3
20 1 2
20 0 2
17 19 3
17 19 4
0 3 2
7 8 1
9 13 1
19 23 1
9 11 1
10 12 2
20 21 3
8 10 1
9 12 1
7 10 2
0 3 1
0 3 1
11 15 1
20 23 4
15 18 4
3 7 2
2 5 3
4 7 4
10 13 4
3 5 1
22 0 3
21 0 3
21 0 4
20 22 3
7 8 3
