1300 10
7 3 1 4 2 1 2 4 5 8 
3 7 1
14 19 1
19 22 9
1 4 5
12 16 1
21 0 3
10 12 5
2 5 4
18 23 2
4 8 4
2 6 3
6 9 8
3 6 7
17 20 5
6 10 5
18 20 8
16 18 10
10 13 1
0 4 1
23 3 7
13 13 6
23 3 9
17 19 9
21 0 10
14 17 2
4 6 5
5 7 7
5 8 5
1 3 2
3 8 2
23 3 9
14 18 7
0 3 10
6 10 4
19 23 9
16 19 4
18 21 6
17 20 8
9 13 8
8 10 4
11 12 3
9 11 4
18 20 8
8 10 10
6 10 3
19 0 5
20 2 8
16 20 9
7 9 2
16 19 5
18 21 7
9 12 5
19 21 2
22 0 3
16 18 5
8 10 9
1 6 9
18 20 9
18 21 4
7 12 10
19 21 9
2 6 4
5 10 8
23 2 9
7 9 6
21 1 1
1 4 8
17 20 8
2 5 1
4 7 4
4 8 8
0 2 8
8 12 5
19 23 4
14 16 9
12 14 5
17 21 7
1 3 10
8 12 9
22 2 5
12 15 8
21 0 8
21 0 10
12 15 1
21 0 3
0 4 6
22 0 9
2 4 1
22 0 9
6 9 2
14 16 4
4 6 5
18 22 10
13 16 3
7 9 3
20 23 5
21 1 3
2 5 2
2 5 7
7 10 7
20 22 4
4 7 4
8 11 2
10 16 2
10 13 7
9 12 4
6 9 8
0 2 5
22 0 9
9 13 7
3 6 10
22 2 6
17 19 7
1 4 7
22 1 8
2 8 4
4 7 4
21 1 10
23 2 7
0 2 8
7 11 1
11 13 7
4 6 9
10 13 8
7 8 6
15 18 1
21 0 10
16 18 6
5 7 10
11 14 1
1 2 10
10 13 6
0 5 4
6 10 5
4 8 7
11 13 9
9 13 4
5 8 7
21 0 1
8 12 8
22 0 4
22 0 5
8 10 5
4 7 5
1 4 6
5 6 1
6 8 2
10 12 7
11 15 7
14 17 2
7 11 5
6 9 8
23 3 5
9 10 1
5 9 2
20 23 8
9 12 10
12 15 4
9 12 4
22 1 10
10 12 1
6 10 1
5 9 5
23 3 7
8 11 2
8 12 9
16 19 7
13 16 8
0 4 7
19 23 9
5 7 7
1 3 9
19 22 4
21 1 3
23 2 9
11 13 9
17 20 7
1 4 7
23 1 4
17 20 5
10 12 5
17 22 4
1 4 7
12 15 3
21 0 5
5 9 7
8 11 4
11 13 9
22 1 5
21 0 9
20 1 2
7 10 4
12 16 3
2 6 3
17 20 1
13 16 9
16 19 6
3 7 1
3 5 8
21 0 5
4 8 5
21 23 2
14 17 8
14 15 1
5 9 6
3 5 10
0 4 3
5 6 6
14 17 10
12 15 9
12 15 10
14 18 6
19 22 6
0 3 7
3 6 6
13 18 9
18 21 1
1 3 10
2 6 3
8 10 4
0 3 1
10 13 10
6 11 8
2 4 8
9 13 3
11 14 2
9 13 1
0 2 8
1 3 8
20 22 4
20 0 10
6 11 6
12 15 6
4 5 7
3 6 7
8 12 1
1 5 4
19 23 2
14 18 10
18 21 9
18 20 2
8 12 3
11 15 6
12 15 8
18 20 6
23 3 6
23 3 3
0 4 8
19 22 5
21 23 10
17 20 4
15 18 8
7 9 10
13 17 1
15 18 4
12 14 7
23 3 7
4 6 6
8 11 10
4 6 8
22 0 10
17 21 9
1 3 3
16 18 5
15 17 10
15 18 1
19 21 4
16 19 1
21 1 7
4 7 10
23 2 2
0 2 8
10 15 4
0 2 6
17 20 9
3 5 5
14 18 10
2 5 7
1 5 6
14 16 3
8 10 10
3 6 2
9 11 5
6 9 8
4 5 7
4 7 10
7 10 5
5 9 8
13 17 9
22 3 4
15 18 2
15 19 6
13 14 8
6 10 1
3 5 2
20 0 5
13 16 10
14 17 6
21 0 8
7 10 6
2 6 8
20 0 6
2 5 1
11 13 9
22 2 8
11 15 2
16 19 4
6 8 4
23 4 6
5 8 10
14 17 2
19 22 5
9 11 8
2 5 6
16 19 1
14 17 10
16 20 6
18 22 3
5 8 2
19 22 3
6 8 2
13 17 1
21 22 4
23 1 2
17 20 1
21 0 1
3 6 5
5 9 7
1 4 7
19 21 8
15 18 6
15 19 1
15 17 8
13 16 10
22 1 4
20 1 10
22 2 4
20 0 9
5 8 5
17 20 7
0 1 3
13 17 2
8 11 3
10 13 3
18 22 3
4 7 1
19 19 7
23 3 2
14 18 8
18 22 6
0 2 8
9 13 7
4 9 7
0 3 8
15 17 9
17 20 5
3 6 5
8 11 2
20 23 8
21 23 2
6 9 9
11 13 10
15 18 3
15 18 1
8 11 9
13 15 5
18 21 4
22 2 10
19 22 4
3 4 1
21 23 4
19 20 2
17 20 3
4 9 4
12 15 4
4 6 5
4 8 3
7 10 6
5 9 5
7 11 7
19 22 10
10 13 7
1 3 1
22 0 5
16 21 6
14 18 6
2 5 10
4 7 5
21 1 9
5 8 9
21 2 10
0 3 6
3 7 10
16 18 8
16 21 7
1 5 6
10 12 2
6 11 10
13 17 6
19 0 6
21 23 2
2 6 2
18 19 2
12 16 1
1 3 6
7 9 8
10 14 5
21 1 6
17 20 3
13 14 2
20 23 2
7 9 1
8 12 9
16 18 2
2 7 5
20 23 6
12 15 7
8 11 7
8 11 4
14 16 5
7 10 2
15 17 2
8 11 10
22 0 6
17 19 10
19 22 1
1 5 4
0 4 5
20 0 9
21 22 2
6 8 8
10 12 8
14 16 9
15 19 4
1 4 7
2 4 8
2 6 5
0 4 1
22 2 6
6 8 3
16 18 6
14 16 7
15 19 6
10 13 3
18 21 8
9 12 10
3 7 6
13 14 5
19 22 5
14 19 4
19 23 8
16 18 5
0 3 3
2 6 8
20 23 5
15 18 5
14 19 4
15 19 4
15 19 1
6 10 10
14 16 3
18 20 6
7 11 2
13 17 4
13 16 7
20 0 4
8 10 6
6 8 10
3 6 10
1 3 8
5 8 6
8 12 7
16 20 4
18 21 6
2 5 7
0 2 2
12 15 7
14 19 3
16 20 4
3 4 9
12 16 9
0 2 4
11 14 4
4 8 9
9 12 4
9 12 1
6 9 8
18 21 7
3 6 3
5 9 4
4 6 7
23 2 1
2 5 5
17 20 4
4 8 6
7 10 2
17 20 3
5 9 8
17 21 4
17 20 8
20 21 7
21 1 2
7 9 2
16 20 5
9 11 5
18 19 7
2 7 4
1 6 4
12 16 9
23 2 10
20 22 10
0 2 6
12 16 6
1 3 7
21 0 7
13 16 8
8 11 10
17 18 8
16 19 5
22 2 10
4 7 2
20 0 1
17 19 1
20 21 4
0 3 10
11 14 5
23 2 5
22 23 7
11 14 3
17 21 2
22 0 3
12 16 6
10 13 4
2 3 10
12 16 3
1 4 6
23 3 7
13 16 6
0 3 5
23 3 8
15 18 1
20 23 9
11 14 6
5 8 7
20 23 9
20 21 10
9 11 1
6 9 8
6 9 8
20 22 10
7 9 10
16 18 6
10 14 7
11 15 1
12 16 10
16 18 6
8 10 2
8 12 1
21 0 3
9 14 6
18 20 3
12 14 7
2 4 1
8 12 4
14 18 1
8 12 5
11 15 3
12 17 9
21 0 7
23 1 7
13 16 5
9 12 9
8 11 5
8 12 2
0 5 3
21 0 1
16 18 4
11 16 3
8 10 4
23 3 5
18 23 2
18 20 3
4 5 2
3 7 8
20 23 2
23 2 3
7 11 2
17 19 5
21 0 5
16 16 4
10 14 3
23 2 2
19 23 7
9 13 3
6 9 9
18 21 8
4 9 3
5 7 10
21 23 10
4 6 10
23 3 6
14 17 7
13 16 2
16 19 4
18 21 9
16 20 6
11 16 8
1 4 2
3 7 10
18 21 4
9 11 5
19 22 10
7 10 2
17 19 3
3 7 7
4 6 8
1 4 9
3 7 7
21 23 10
18 19 9
15 18 4
1 4 10
0 3 6
9 11 4
0 2 6
7 10 5
0 3 7
11 15 8
23 1 10
16 18 8
3 6 1
7 10 3
16 19 5
12 15 9
21 23 5
19 23 6
22 1 3
2 5 3
17 20 10
17 21 9
9 11 5
10 13 7
15 17 6
16 19 9
22 2 7
19 22 6
14 17 10
18 20 9
6 8 7
7 12 10
9 12 9
14 18 7
1 5 1
2 7 6
7 10 9
14 16 10
22 2 1
5 7 6
0 2 3
9 13 10
23 2 9
17 19 2
10 14 2
15 18 5
8 10 6
5 6 9
6 11 2
4 7 4
20 22 2
22 0 2
19 21 5
5 8 10
0 2 9
22 1 3
8 13 6
23 2 8
19 22 10
7 9 6
4 6 3
19 23 4
21 23 5
22 0 8
1 5 4
7 10 3
20 23 8
5 9 5
9 13 9
14 16 3
3 6 6
2 4 2
17 19 10
22 2 5
15 18 4
1 4 9
8 12 5
12 17 7
23 3 8
14 18 6
20 0 6
15 18 6
5 9 10
20 23 2
12 14 10
17 21 4
18 22 3
5 8 10
16 20 2
10 14 10
7 9 8
22 2 5
20 22 6
9 12 1
17 19 9
18 21 1
14 19 3
0 4 3
15 19 7
14 16 7
22 3 7
15 19 8
3 7 2
6 7 5
10 14 5
10 12 3
7 9 3
11 15 10
18 22 1
7 11 4
14 16 2
14 17 8
21 23 7
23 2 4
10 14 7
23 1 7
19 22 10
21 0 7
16 18 8
1 4 1
1 5 9
8 11 5
9 11 3
15 17 10
16 20 5
8 11 8
12 15 2
5 8 1
3 4 9
18 20 10
3 7 4
3 6 10
13 15 2
20 23 1
9 13 8
16 17 9
4 5 8
12 15 8
11 13 5
21 0 9
8 11 9
6 9 3
2 4 7
2 3 2
10 12 3
13 16 7
17 20 5
4 5 3
18 21 6
15 18 2
22 1 4
8 13 3
23 3 10
10 13 7
13 15 3
2 4 6
18 19 3
0 3 7
7 10 4
6 10 6
23 2 10
22 0 5
17 20 9
5 6 6
2 3 5
13 17 7
18 22 2
22 1 2
12 15 1
4 8 4
11 15 7
23 1 9
11 14 10
5 8 7
3 8 3
17 21 1
1 6 5
8 11 7
8 10 6
0 3 1
6 10 8
21 23 6
14 15 9
2 7 8
9 12 7
11 14 9
16 18 3
6 9 3
0 3 4
2 5 4
22 2 2
7 9 1
6 9 1
10 14 3
23 3 6
15 18 5
23 1 10
2 6 7
10 14 8
3 6 7
1 4 9
10 12 3
5 9 9
11 15 7
1 3 9
19 21 4
5 8 4
17 21 2
7 10 9
21 0 10
4 7 6
13 18 4
5 8 5
23 2 3
13 16 5
6 8 10
11 14 4
15 16 7
1 3 4
4 6 6
5 8 3
20 1 3
7 12 10
13 17 2
2 4 6
8 12 3
20 0 2
4 6 3
2 5 9
3 7 4
6 10 7
12 14 1
22 2 8
14 18 4
1 4 10
23 2 2
10 14 8
21 23 9
22 3 9
20 0 4
7 12 4
20 23 3
12 15 4
13 16 9
18 23 5
15 16 4
16 19 10
18 21 2
5 7 4
11 14 6
23 2 4
15 17 5
0 4 6
3 6 1
12 15 1
13 16 1
17 20 4
11 14 2
5 9 4
16 19 9
14 15 6
21 0 4
1 3 5
19 22 1
3 7 9
8 11 7
8 11 2
16 19 4
22 2 10
20 22 5
3 6 4
10 12 8
19 23 3
23 3 1
2 6 9
1 4 1
5 7 2
2 6 5
6 10 3
17 20 9
11 17 1
22 1 5
2 4 7
9 13 2
4 7 1
16 19 4
18 21 9
13 17 7
4 8 3
18 22 2
11 13 3
5 9 10
5 10 4
8 10 7
2 4 7
10 13 9
6 9 8
16 18 9
21 1 2
11 12 7
2 4 3
4 7 7
21 0 4
16 20 6
20 22 9
10 12 5
1 2 6
7 10 7
17 19 6
2 5 10
9 10 8
1 4 8
1 4 2
4 8 5
21 0 2
6 9 9
10 11 2
6 9 3
19 0 10
12 14 5
16 20 7
4 6 6
16 19 7
13 16 9
16 20 1
18 20 1
8 10 10
0 3 4
23 1 7
5 10 8
15 17 5
16 20 4
8 13 6
3 5 2
7 9 2
12 15 4
12 16 3
9 13 3
3 7 10
18 21 3
6 10 6
0 2 8
10 13 4
8 13 8
4 8 5
18 21 10
21 0 4
17 20 5
1 4 8
23 2 5
21 2 7
21 1 3
18 22 5
11 15 1
21 23 6
7 11 7
10 12 2
8 11 9
22 3 4
14 17 5
12 14 2
9 12 9
22 0 6
13 15 4
10 13 6
6 9 1
22 3 10
8 10 6
8 12 5
15 17 4
21 1 4
1 5 2
7 11 1
0 2 3
20 0 4
9 12 8
23 1 1
13 15 2
0 3 4
2 5 1
1 4 9
4 5 5
23 3 3
20 1 10
11 14 3
10 13 4
10 12 2
14 16 8
14 16 9
16 20 5
18 21 7
19 23 6
5 8 7
1 4 2
13 17 1
2 6 6
12 15 1
6 10 3
7 9 9
14 18 8
1 4 4
6 10 7
6 7 7
19 22 3
21 23 1
10 12 3
10 11 10
8 11 9
23 1 8
13 16 1
15 18 2
18 21 1
22 1 10
3 4 7
2 6 8
4 8 7
14 15 8
10 13 2
6 9 2
3 7 1
20 1 1
23 0 2
20 22 4
3 7 3
4 6 3
15 17 9
23 2 4
22 1 6
23 1 3
15 19 9
7 11 10
4 6 1
12 15 9
6 7 10
3 6 4
17 18 3
5 7 7
9 13 5
19 22 4
23 2 4
22 1 4
14 18 1
19 22 2
17 21 3
9 11 10
9 11 9
9 13 5
13 18 7
20 21 7
12 16 8
6 9 10
15 17 8
8 9 3
2 5 3
17 19 1
22 2 4
4 8 9
11 12 5
8 12 7
11 13 4
20 21 4
10 13 5
7 10 5
20 0 4
20 22 4
10 12 1
1 3 10
15 16 4
18 21 4
20 1 10
12 17 1
9 11 8
4 7 9
19 22 8
3 5 10
6 9 8
17 21 10
8 11 4
11 16 10
23 2 9
1 4 6
23 2 8
11 15 2
18 21 3
13 14 6
9 12 4
4 7 5
1 4 5
0 2 8
9 13 10
10 13 1
12 16 9
12 17 1
16 22 8
5 10 5
4 6 7
14 16 1
4 6 7
22 2 6
14 17 2
10 12 10
13 15 7
23 2 4
21 0 2
0 3 4
6 9 5
13 17 4
10 14 6
14 18 4
16 18 8
23 4 3
14 16 4
14 17 7
12 16 9
7 11 6
9 11 7
2 5 7
9 13 2
15 18 3
6 9 10
18 20 4
2 5 4
21 23 5
2 6 6
9 12 2
6 10 6
9 10 8
12 14 2
6 7 8
9 13 2
9 12 10
8 12 1
4 9 8
17 20 10
2 6 7
1 4 7
3 6 4
19 21 1
17 20 7
19 21 6
9 11 1
14 17 3
22 23 5
7 11 3
13 15 6
19 23 4
16 17 5
17 18 1
0 5 5
5 8 9
15 18 6
11 13 7
14 19 7
5 10 6
19 19 3
18 20 10
3 2 8
7 10 1
22 1 5
18 19 10
23 1 9
0 2 8
4 7 5
12 15 10
3 6 3
13 16 10
19 21 6
1 5 5
14 17 7
5 7 9
14 17 2
8 10 9
14 16 3
15 18 2
8 10 10
15 18 8
23 4 1
13 17 8
4 5 2
20 23 2
22 1 2
12 15 6
2 5 3
16 20 10
18 22 3
4 8 8
11 16 7
18 21 10
7 9 2
16 18 5
21 1 5
18 19 4
13 16 8
7 10 5
7 9 3
12 16 3
23 3 10
20 0 6
17 19 2
9 11 4
15 18 4
9 12 8
18 21 6
3 6 9
6 8 4
3 5 10
18 23 8
12 12 4
17 18 7
6 9 5
0 4 3
12 16 8
2 5 5
2 6 3
13 16 6
15 17 4
20 0 8
23 4 5
18 21 3
2 6 6
22 1 4
0 4 9
8 13 3
20 1 9
11 13 9
21 0 10
3 8 7
23 2 1
23 0 5
13 16 6
13 16 6
21 2 6
2 4 2
12 14 2
1 5 9
12 16 1
3 7 1
15 18 5
13 15 8
19 22 4
20 0 9
11 14 4
3 7 10
12 15 5
19 21 2
17 21 10
7 10 6
12 16 6
11 14 7
21 0 3
22 0 6
0 2 9
7 11 5
23 3 9
16 17 6
18 21 2
4 6 8
14 18 1
1 6 6
14 16 8
4 7 10
9 12 1
3 5 8
22 1 2
15 17 5
22 0 7
13 17 8
20 1 6
9 13 3
12 13 1
0 3 7
4 8 3
18 22 6
6 9 9
12 13 3
5 9 4
21 1 3
1 5 8
19 22 10
7 11 5
21 23 4
10 14 7
