750 8
10 10 8 2 4 9 6 10 
22 1 6
13 18 2
8 11 8
23 2 2
8 13 2
14 17 5
0 2 3
5 10 8
11 16 7
7 8 1
15 18 8
10 11 2
14 19 4
3 6 6
16 19 5
6 9 6
20 23 8
20 0 1
22 1 2
16 20 2
16 20 1
3 7 3
11 14 3
11 12 4
16 19 4
1 4 4
5 8 1
0 4 3
2 5 7
11 14 8
3 7 1
19 22 1
5 6 1
22 0 6
11 15 1
9 12 7
20 1 6
2 6 4
1 4 3
19 20 3
16 18 3
2 6 7
18 22 7
5 9 2
22 2 3
13 18 3
21 23 3
19 20 8
19 21 4
22 1 7
12 16 3
16 19 6
17 18 6
22 0 1
15 18 2
12 16 8
2 4 5
13 16 5
19 21 4
14 18 1
7 11 7
17 20 7
7 10 7
17 19 7
10 12 5
14 18 6
4 8 4
6 9 5
13 17 1
4 7 2
8 10 6
13 16 7
10 12 6
4 7 1
2 4 6
19 22 6
20 23 3
0 2 5
0 4 3
12 14 2
13 15 2
7 10 5
5 7 6
16 19 4
0 3 1
10 12 8
7 9 5
8 11 8
14 18 8
16 18 3
4 8 7
22 2 4
13 17 5
20 0 7
12 14 7
0 5 7
4 6 5
20 0 8
4 7 4
19 22 2
2 5 5
0 2 3
5 7 2
7 10 5
10 12 4
13 16 1
9 12 1
9 12 6
9 11 2
3 5 2
2 5 7
10 14 3
16 20 8
10 12 7
9 13 5
22 1 8
22 2 8
7 10 3
23 2 5
12 14 7
16 21 3
8 11 7
9 10 3
5 8 8
0 5 8
19 23 5
22 2 2
11 15 3
3 7 4
2 6 3
3 7 8
21 0 7
7 11 7
19 22 8
10 14 8
11 14 6
6 8 4
12 15 1
18 0 8
10 12 2
16 20 8
13 16 4
16 18 8
21 1 1
12 16 1
2 5 1
2 4 4
12 15 6
16 19 1
23 1 8
20 23 2
11 15 6
8 13 5
20 23 3
6 7 7
10 13 7
21 1 7
4 6 5
22 2 3
5 7 2
16 17 8
21 0 3
7 11 1
17 21 4
23 2 8
6 10 3
11 14 4
15 18 6
6 7 6
7 10 6
6 8 7
4 7 2
4 7 6
8 8 5
19 0 2
21 2 5
4 7 7
6 8 4
15 20 2
21 0 3
11 15 8
13 16 8
11 13 3
4 8 6
0 4 3
17 18 4
16 17 6
1 5 4
23 1 3
19 21 4
7 8 3
12 16 6
20 23 8
1 5 4
1 4 2
11 14 4
5 8 3
13 18 7
2 4 1
5 7 2
14 17 3
14 15 3
15 19 1
0 4 8
3 7 8
21 0 3
2 4 4
17 19 2
8 11 3
21 2 1
18 21 3
3 7 5
7 11 5
15 18 1
3 4 4
14 20 8
16 21 6
18 22 4
13 17 4
7 9 2
16 20 2
21 22 5
13 16 5
1 3 5
2 5 1
11 14 4
0 4 7
7 9 6
13 14 7
5 8 5
10 14 7
7 10 1
17 20 7
15 18 2
12 12 5
11 15 2
3 5 5
15 18 3
11 14 1
7 9 2
12 15 6
0 4 1
10 12 6
2 5 5
15 19 1
11 13 6
19 23 1
9 13 5
1 3 8
15 18 6
15 18 3
15 18 6
22 0 5
5 7 5
4 7 4
4 6 2
4 8 8
8 10 6
7 9 6
13 17 8
8 11 4
1 6 5
11 14 2
6 11 2
8 9 1
18 20 1
5 8 7
23 2 4
12 15 3
9 11 6
12 13 2
22 0 3
6 9 7
21 23 4
14 18 7
18 21 2
7 10 4
10 15 3
14 18 1
1 4 6
21 23 8
18 22 6
19 22 7
18 21 6
5 8 2
9 13 3
18 22 6
20 0 7
9 11 5
23 3 1
21 22 5
3 5 2
7 11 5
11 16 2
4 7 7
2 6 1
5 8 6
7 9 6
20 22 4
10 14 7
4 8 8
17 20 8
4 8 8
11 14 5
17 18 8
8 12 7
14 16 3
8 12 7
11 13 7
13 16 3
12 16 4
0 4 7
8 9 7
6 8 3
16 19 2
1 5 7
17 20 4
12 18 6
3 6 6
14 17 3
12 13 2
1 3 7
9 12 4
21 1 2
4 7 7
0 3 5
21 0 1
10 13 4
9 13 4
9 13 7
20 23 4
8 12 2
11 14 1
17 20 5
5 8 4
10 15 6
4 8 3
16 17 8
1 5 5
3 7 5
17 19 4
23 2 1
10 12 7
10 13 3
4 8 4
10 13 5
22 23 7
21 1 5
3 5 8
20 1 8
4 7 3
1 5 5
9 13 1
15 19 6
12 14 1
2 4 6
22 1 6
13 16 7
11 15 4
22 1 8
16 22 2
1 5 8
17 22 5
0 4 4
17 19 1
20 0 3
22 1 7
2 5 5
23 3 3
0 2 6
13 16 8
12 15 7
3 6 4
13 17 7
4 8 4
12 14 8
1 2 6
2 4 7
13 16 8
5 7 1
23 0 8
8 11 3
23 1 8
9 12 5
11 14 3
16 18 4
6 9 2
3 5 5
5 6 3
17 21 4
23 1 3
4 6 4
8 9 3
11 12 1
6 10 8
19 21 4
6 10 2
15 17 8
6 8 5
8 10 3
5 7 4
8 11 2
21 0 3
23 4 1
1 1 6
22 0 2
6 10 1
12 17 1
3 7 3
2 4 4
7 10 5
11 13 4
16 18 5
15 19 3
21 0 3
18 22 7
4 6 4
15 17 3
1 2 7
9 14 4
21 1 1
13 15 8
3 7 6
2 7 3
19 22 4
8 12 7
21 0 6
2 5 3
1 5 5
19 21 6
14 17 5
2 5 6
8 10 8
14 16 8
19 20 3
0 3 7
9 11 5
12 15 4
13 15 5
9 14 3
15 18 1
8 11 3
23 3 7
10 15 3
20 23 4
6 9 8
22 23 7
11 15 8
13 16 1
14 17 3
1 3 1
2 5 2
7 9 5
18 22 3
3 7 2
18 22 3
7 11 4
21 23 4
21 2 6
14 16 5
23 2 6
18 22 6
3 6 4
0 6 8
7 9 5
15 19 8
14 19 2
5 6 8
17 18 3
6 10 2
13 15 5
11 13 3
13 16 6
18 20 2
20 23 1
15 19 4
17 20 4
23 4 1
22 0 8
3 5 8
13 16 6
17 19 2
15 18 1
16 20 3
18 21 5
7 9 5
20 23 1
23 3 6
14 17 6
8 11 1
5 8 1
22 0 3
15 18 7
21 0 3
3 7 4
1 4 3
15 17 5
2 4 8
22 0 3
23 0 7
7 11 1
1 5 2
18 21 1
9 12 4
16 20 7
13 16 4
11 14 2
11 13 1
16 20 1
8 10 3
4 8 6
5 11 2
15 18 8
20 0 4
8 10 3
13 18 5
17 19 4
0 3 6
16 19 5
13 17 8
8 10 8
16 18 3
8 12 3
20 23 5
9 11 6
15 18 4
0 3 1
18 22 7
0 3 1
8 11 3
2 5 8
18 20 8
16 20 6
9 12 5
12 13 1
6 8 7
20 23 2
22 2 1
15 19 4
5 6 2
17 21 8
12 15 5
18 21 3
1 3 4
8 10 1
3 5 3
14 17 6
3 6 5
20 0 4
13 17 7
18 21 8
0 2 2
12 16 6
11 13 8
20 23 6
13 16 5
19 22 4
23 2 3
6 9 5
0 2 2
10 14 4
18 21 5
3 7 8
12 15 3
12 16 3
0 3 7
14 16 2
0 3 5
10 12 1
12 15 7
9 13 5
1 4 6
15 16 3
6 11 1
7 9 8
21 0 1
19 22 8
4 6 8
10 12 8
3 6 2
13 15 4
16 20 2
5 9 8
11 12 4
18 22 6
5 7 4
1 4 2
23 1 7
5 9 1
5 9 8
12 17 7
19 23 7
12 15 4
19 22 8
23 4 4
2 7 1
22 1 6
16 19 5
22 0 8
22 0 2
16 20 3
12 15 1
4 8 5
1 5 5
1 3 1
16 19 2
22 1 5
14 17 8
1 4 5
11 14 8
7 9 6
16 17 3
11 12 6
2 5 8
7 11 5
13 14 1
8 10 8
19 0 2
13 17 5
9 14 1
0 4 4
10 12 6
20 0 2
21 23 3
15 16 4
4 9 3
1 5 6
4 7 1
10 12 7
12 14 4
15 19 8
13 17 6
23 1 3
17 20 7
23 1 6
16 18 4
21 23 7
22 23 2
3 4 3
10 12 7
9 12 4
10 13 1
6 9 4
8 12 7
9 11 6
7 8 8
7 10 2
12 13 1
10 14 3
14 17 8
12 16 3
10 14 3
23 3 8
9 11 5
18 20 6
22 0 8
3 5 2
17 18 4
9 12 6
7 10 7
4 8 1
5 9 5
11 14 4
14 17 2
3 6 2
6 10 7
19 22 4
15 17 5
13 16 5
16 20 8
23 2 2
13 15 1
7 11 3
8 11 8
4 7 6
0 3 2
9 12 1
4 6 7
9 12 7
13 17 7
4 8 7
6 8 3
19 22 1
4 7 3
0 2 5
12 16 2
13 16 5
8 12 7
9 12 5
1 5 2
20 23 2
18 21 3
13 17 3
11 15 3
16 21 8
23 2 5
16 18 4
3 5 8
11 15 2
4 7 8
7 10 3
16 18 3
18 21 1
21 0 7
8 9 2
14 17 4
21 0 8
1 5 2
1 4 2
3 6 7
4 9 8
19 20 2
17 20 6
11 13 8
18 21 5
15 19 2
6 8 4
23 2 2
9 11 2
0 3 4
9 13 8
2 6 5
23 2 2
23 2 2
22 2 4
18 21 6
19 23 8
18 21 8
18 21 3
21 22 4
4 6 2
19 23 6
11 15 7
3 3 8
6 9 6
23 2 4
9 10 5
16 18 4
3 5 4
21 22 4
17 19 5
10 12 3
21 1 8
11 15 4
3 5 3
14 18 7
6 11 5
16 19 8
12 14 8
10 13 8
