1500 7
8 4 3 7 9 2 5 
18 20 7
2 4 6
19 22 2
14 18 7
22 1 4
9 14 6
22 0 3
2 5 4
19 22 5
4 8 2
20 23 3
21 0 4
19 23 5
10 12 1
2 6 4
6 10 5
9 12 2
11 16 2
8 12 7
8 11 3
9 10 4
23 1 3
16 19 7
7 12 4
21 1 5
21 1 1
3 5 5
2 5 5
15 19 4
21 23 5
23 0 2
9 11 7
22 23 6
1 4 2
6 10 3
8 11 1
9 11 4
7 11 5
20 22 6
15 19 1
11 15 5
6 10 3
8 11 1
7 10 4
15 17 1
13 17 7
4 8 6
22 1 6
0 3 1
19 21 7
9 11 5
17 20 7
3 6 3
6 10 2
9 13 5
23 1 3
21 0 1
8 12 5
4 6 5
15 18 2
22 2 3
5 8 4
15 18 5
4 6 6
12 14 7
20 20 1
6 10 1
21 23 1
17 20 2
17 18 3
3 7 3
12 15 5
19 21 3
21 0 3
7 11 7
6 8 5
23 3 3
2 4 3
5 8 6
17 19 1
9 12 1
4 7 3
23 0 3
2 3 5
4 8 1
8 9 1
16 18 7
5 8 3
10 11 6
20 23 2
11 14 2
5 7 1
1 3 2
11 14 4
9 12 7
14 18 4
13 16 2
10 9 2
18 21 2
17 21 5
8 11 7
22 1 7
14 17 3
1 3 7
15 18 1
13 15 3
4 8 4
5 7 2
19 20 1
10 11 7
23 1 3
21 23 6
14 17 4
22 1 5
19 23 4
23 2 7
2 7 5
22 1 4
15 17 4
5 9 6
3 6 7
10 14 4
1 5 7
10 15 1
13 16 6
16 20 5
7 10 6
21 23 1
8 10 5
5 10 5
8 10 5
22 1 2
20 21 1
22 1 5
10 12 6
21 1 7
16 20 2
4 8 1
13 17 7
17 22 4
3 7 2
7 9 3
13 17 4
10 13 1
0 4 6
10 13 2
9 11 7
13 16 2
18 20 2
15 16 3
2 5 5
18 20 1
6 9 3
20 2 4
8 10 4
14 15 5
3 5 5
0 2 4
7 9 4
19 23 5
6 8 3
7 9 7
0 2 6
2 5 6
15 16 3
22 0 7
8 11 7
14 17 3
1 5 5
1 3 2
6 8 4
3 7 4
4 5 1
9 11 7
12 15 2
6 9 4
14 15 4
6 10 6
7 7 3
22 1 3
17 21 3
18 22 3
1 6 5
21 23 5
8 11 3
0 2 3
5 8 1
20 22 7
8 12 6
4 9 2
2 3 3
12 14 6
16 20 4
11 15 1
19 21 4
18 21 6
15 19 3
16 19 4
14 18 3
1 5 2
9 12 6
9 11 4
17 21 4
3 8 7
11 15 3
12 15 7
8 10 5
10 14 6
6 9 2
23 4 4
1 3 6
11 16 2
6 9 4
15 16 1
8 11 6
13 14 5
13 16 4
13 17 6
9 12 5
3 5 7
10 11 4
3 5 7
0 3 7
7 11 6
15 17 1
4 7 3
7 11 4
0 4 7
17 20 5
23 0 5
7 10 5
18 20 1
16 19 5
7 9 3
15 17 1
20 23 2
0 1 3
23 1 6
13 17 5
2 4 7
5 9 4
16 18 4
17 19 5
8 10 4
20 0 1
20 0 5
4 7 1
2 6 3
11 14 1
12 14 3
7 12 5
4 4 6
18 21 3
0 2 7
19 20 7
9 13 2
21 23 5
4 8 3
20 22 2
19 23 1
19 22 4
0 4 3
16 19 7
15 18 4
11 15 6
19 23 1
17 20 7
18 21 5
0 3 5
22 23 6
15 18 5
20 22 2
2 3 6
11 14 3
5 8 7
15 18 7
6 10 7
12 16 4
8 11 4
11 13 1
19 23 6
5 7 6
1 5 6
1 4 6
23 3 2
3 5 3
16 18 6
2 5 3
3 4 3
3 6 3
19 22 3
23 3 7
15 18 7
15 18 7
1 3 7
11 15 1
13 18 2
6 9 2
14 19 7
14 18 6
19 22 7
22 1 5
16 21 4
3 3 2
18 21 5
12 15 4
2 4 5
9 12 3
12 14 6
19 22 1
12 16 5
12 14 4
18 21 7
10 13 2
18 21 5
6 8 6
15 17 4
5 9 3
20 22 2
3 7 1
14 17 4
6 7 4
15 18 1
18 21 7
16 19 4
10 13 6
18 20 3
19 0 1
7 10 6
15 18 5
0 2 1
21 0 4
12 16 6
12 15 1
22 1 5
13 16 1
22 1 7
19 23 3
0 4 7
16 18 5
15 18 7
11 14 2
19 23 3
20 0 3
15 19 5
3 4 1
2 6 3
8 11 6
21 23 4
5 9 3
14 16 2
17 20 1
10 14 5
1 5 1
8 9 1
0 4 1
15 18 6
11 13 4
2 6 3
0 4 5
17 19 1
21 22 7
14 17 1
20 22 7
8 12 6
1 4 2
22 1 2
13 16 7
16 18 2
16 17 7
21 0 7
5 8 6
19 23 5
20 0 2
10 13 3
19 23 2
14 18 2
17 21 4
10 14 3
7 10 5
0 2 4
19 21 3
12 15 5
8 12 1
3 5 3
14 16 7
5 7 4
12 15 1
7 8 7
8 11 7
17 21 1
2 4 5
14 17 3
3 6 3
9 12 5
14 16 6
19 21 5
7 10 7
20 23 7
13 17 7
13 17 1
11 12 4
17 20 6
19 21 7
23 1 2
23 3 6
21 1 7
12 15 3
18 21 4
14 18 2
4 7 1
23 1 3
18 21 6
0 3 4
11 15 7
9 11 2
14 17 5
1 4 7
5 8 2
19 21 3
14 18 7
23 2 6
16 20 3
15 17 5
21 1 4
18 21 2
0 2 4
10 12 1
7 11 4
0 3 3
18 20 2
2 4 3
20 23 7
10 14 5
10 15 5
19 23 4
7 11 1
17 19 1
5 9 4
6 10 4
3 6 6
20 22 5
1 5 1
5 8 1
20 0 4
15 17 3
8 12 3
3 6 2
22 0 4
19 22 7
17 20 7
7 11 3
13 15 4
7 10 2
1 5 7
12 15 4
16 19 6
10 14 1
19 0 3
15 17 2
12 14 3
19 21 4
0 4 7
5 10 5
5 8 1
8 11 5
3 7 4
8 11 6
1 5 4
9 11 3
14 19 6
2 6 6
19 21 6
5 7 5
5 7 1
19 21 3
12 16 2
1 5 4
11 13 6
2 5 6
4 7 2
19 19 4
6 10 3
2 5 3
22 1 1
10 13 5
9 12 1
13 15 7
3 4 3
15 19 7
11 13 2
2 5 5
9 12 5
4 7 1
3 5 2
16 18 7
22 1 2
14 15 7
14 19 1
1 3 1
19 21 7
22 23 1
15 18 7
5 7 2
9 14 2
11 14 1
2 5 3
22 1 1
2 6 5
3 6 2
1 3 6
5 8 2
12 14 2
13 17 7
4 7 3
18 22 4
6 9 2
14 15 6
12 15 4
6 8 1
22 23 3
14 16 2
15 17 6
20 22 6
7 10 7
18 21 2
5 7 5
21 0 3
5 9 5
15 18 7
4 7 5
16 19 3
19 23 4
4 7 4
20 23 6
20 23 6
1 5 4
13 17 1
6 9 5
4 6 2
9 13 3
3 5 7
6 11 7
12 15 4
8 9 5
20 22 6
8 10 6
16 19 5
2 7 7
3 8 5
20 0 5
14 17 2
21 23 6
5 7 4
2 6 1
17 18 5
13 15 5
7 10 1
0 2 7
1 4 6
3 5 4
3 6 7
2 5 3
7 10 2
6 10 2
16 19 6
10 13 5
22 1 3
0 5 5
7 9 3
3 7 7
5 8 2
16 19 1
9 12 2
0 3 1
14 18 2
4 4 7
0 3 4
11 12 6
20 0 2
15 19 4
16 20 7
17 20 4
20 22 2
8 9 7
19 22 2
7 11 6
3 6 5
23 2 6
15 18 7
15 17 6
13 16 5
17 21 4
18 21 2
22 0 6
6 9 2
5 8 6
23 3 1
13 14 3
0 2 3
5 9 3
7 10 3
6 7 3
11 14 2
9 11 2
7 9 7
14 18 7
3 6 1
11 13 7
10 14 2
2 5 3
22 1 4
11 14 2
20 0 5
13 15 5
9 12 2
4 6 3
13 16 2
7 11 4
12 16 2
12 16 7
5 6 1
14 15 3
13 16 4
6 10 1
16 18 3
14 16 1
17 20 4
3 6 7
19 23 1
3 6 7
13 15 5
3 6 5
23 2 5
1 5 2
9 12 7
14 16 3
6 9 6
0 4 4
0 3 2
7 10 5
23 2 2
18 20 2
10 13 1
18 19 7
1 3 1
15 17 6
1 4 2
9 12 4
22 2 4
17 19 1
14 17 1
22 2 5
11 14 6
15 18 3
14 17 1
16 18 3
2 6 7
13 15 5
22 2 3
1 3 5
17 21 2
4 6 3
8 11 6
20 23 6
10 13 7
4 7 1
14 17 7
22 1 5
17 19 4
1 5 3
3 7 5
14 17 6
5 9 7
14 17 4
2 5 6
16 18 1
13 17 2
9 11 1
13 18 6
2 7 4
9 14 5
3 5 2
2 4 1
2 3 5
22 1 2
4 9 2
1 5 6
14 18 1
21 0 3
7 12 3
1 3 3
16 20 7
22 1 4
8 11 3
18 20 3
16 19 1
16 19 5
15 19 3
13 17 3
4 6 1
13 18 7
10 13 4
22 1 3
21 0 5
22 1 7
21 0 7
6 9 5
2 3 6
23 3 5
5 9 3
2 6 6
6 9 6
17 19 4
2 4 7
6 8 4
10 12 2
5 9 5
13 14 4
13 16 4
11 14 7
8 10 5
1 5 5
13 17 4
21 0 3
11 13 2
5 8 7
15 18 7
12 15 4
23 2 2
3 6 5
18 21 4
22 2 2
23 1 1
1 5 6
5 7 6
16 18 7
13 16 2
22 0 2
23 4 3
13 17 5
18 22 3
3 7 5
11 15 1
5 8 3
23 3 2
12 14 2
11 13 2
15 16 7
15 18 3
4 9 5
21 1 5
14 16 5
16 19 2
19 22 1
5 8 2
17 21 5
15 21 2
10 12 2
18 21 2
2 5 6
19 22 1
11 14 4
17 23 5
18 19 2
23 2 5
12 15 1
14 17 7
10 14 7
15 18 4
7 11 7
15 18 2
0 3 3
23 2 4
14 17 5
17 22 7
12 15 2
14 18 3
19 22 3
13 17 2
4 6 3
23 3 6
22 0 5
9 13 5
5 8 7
16 19 4
23 2 3
16 20 1
7 11 3
20 23 2
10 14 1
6 8 1
0 4 3
1 5 5
22 1 4
20 0 4
5 10 7
7 9 6
23 2 4
15 18 7
10 13 3
20 0 5
3 6 2
6 9 6
17 20 6
15 19 3
16 18 5
17 20 1
18 22 4
9 12 1
20 23 1
20 2 2
2 4 6
13 17 1
23 0 5
13 16 1
4 7 6
11 14 4
9 13 6
14 16 5
18 20 3
17 21 1
4 7 1
11 14 3
7 11 4
20 1 4
8 11 5
15 19 6
7 10 5
5 8 7
5 9 7
5 9 4
22 1 5
21 0 4
6 8 7
19 0 1
15 20 3
5 7 2
21 2 6
18 21 3
10 13 3
0 4 2
8 12 7
0 5 7
0 2 3
0 4 2
4 7 3
8 12 6
20 23 6
1 4 5
19 21 5
18 22 2
23 2 4
15 18 1
5 8 2
7 11 6
17 19 5
7 11 7
22 0 1
23 1 5
12 15 6
17 21 2
5 9 5
0 2 2
4 7 5
8 11 4
17 20 2
0 3 2
16 19 3
15 20 4
5 7 2
11 13 1
21 0 7
4 8 4
23 3 6
13 15 6
21 0 5
8 12 6
5 9 5
7 11 6
15 19 6
6 9 7
3 7 7
13 16 3
13 14 7
14 17 2
0 2 1
18 20 7
2 5 4
3 5 6
14 18 7
10 14 2
17 21 6
1 3 5
16 19 7
6 9 2
3 6 7
1 3 6
13 15 4
17 21 2
0 2 5
7 8 4
8 11 2
5 7 5
6 10 7
9 13 6
19 22 4
23 2 3
13 16 2
10 12 6
13 16 1
13 16 5
9 12 1
5 9 6
17 20 6
1 4 6
11 14 1
20 0 1
21 23 7
5 7 7
12 15 5
8 11 7
14 16 1
13 18 1
23 3 6
13 16 7
23 4 5
4 7 2
4 9 7
17 21 5
23 2 2
3 5 5
22 0 2
0 3 7
17 22 6
3 8 7
9 11 6
4 5 2
7 11 3
6 7 5
19 22 6
10 14 2
3 5 6
18 21 3
5 9 3
6 7 6
23 1 4
3 7 7
12 15 2
17 20 4
3 9 1
23 2 6
2 5 2
2 4 7
21 1 2
10 13 3
2 5 4
20 21 4
19 22 2
9 12 2
20 0 3
8 12 7
16 19 2
17 20 2
10 13 1
13 17 4
4 7 7
10 13 3
4 5 4
23 2 3
12 15 5
11 16 7
14 16 1
12 15 5
1 3 7
4 7 2
2 6 4
2 5 3
7 11 1
0 4 6
18 21 2
8 12 5
3 5 4
20 0 3
15 17 7
5 8 1
10 13 3
11 14 7
1 4 5
21 2 5
0 3 3
15 16 2
9 12 7
9 12 3
15 16 7
17 20 2
18 22 1
5 6 6
14 18 3
8 11 5
15 19 3
17 19 3
22 3 6
1 6 3
10 14 7
7 10 7
1 3 5
3 7 4
23 2 4
8 10 7
20 23 3
13 17 5
16 19 7
0 3 7
8 11 2
16 20 2
16 17 1
4 6 1
22 1 5
12 14 7
20 22 1
11 14 4
16 18 7
22 22 7
20 21 4
21 23 1
16 21 4
11 14 3
2 4 3
21 0 1
11 14 7
16 18 2
22 1 3
16 20 6
9 12 3
5 7 3
9 11 3
23 2 7
19 22 2
22 1 7
0 2 1
12 14 5
23 3 1
1 4 5
18 21 6
22 2 5
2 5 7
6 8 7
13 17 6
4 7 3
10 12 3
0 4 7
8 11 4
12 17 1
0 1 4
11 14 2
11 13 6
11 15 4
6 8 1
11 14 2
0 4 3
12 17 5
13 15 2
23 0 6
19 23 3
23 3 5
5 10 6
22 1 7
11 16 2
9 11 5
15 16 7
0 3 3
21 23 5
14 18 5
11 13 6
9 12 2
18 20 7
1 4 5
8 12 7
19 22 4
22 1 1
15 17 4
12 15 6
9 12 2
9 14 5
12 14 5
14 19 4
19 22 4
13 16 7
22 0 2
2 6 2
17 20 3
19 22 3
22 2 3
17 20 1
3 4 7
22 1 2
4 9 7
13 16 6
20 0 4
3 7 1
23 4 6
23 2 4
11 13 1
2 5 6
18 23 4
5 8 6
8 10 5
23 1 2
14 17 6
10 14 5
15 17 6
15 18 4
16 19 4
10 14 1
8 9 5
23 0 7
8 11 6
0 3 7
22 1 7
7 10 7
21 23 4
2 5 7
6 9 3
10 12 2
15 17 5
20 0 3
15 19 7
9 11 1
14 17 1
14 18 7
0 4 5
10 15 7
16 18 3
18 23 7
21 23 1
14 16 3
16 20 4
21 0 3
0 2 6
14 19 6
21 2 6
0 2 3
1 3 1
14 16 5
13 17 5
0 3 2
7 9 5
17 19 7
16 18 1
12 14 1
11 13 2
13 17 6
9 11 3
19 22 3
11 15 4
10 13 2
23 2 7
11 12 3
0 4 6
15 18 7
21 0 2
22 2 6
10 13 3
13 15 4
2 3 3
1 5 7
12 14 7
15 18 4
18 20 6
8 12 5
15 19 2
8 11 2
6 10 6
8 11 5
17 20 5
13 14 2
6 7 1
18 21 3
22 1 2
18 20 7
3 7 6
9 12 4
7 11 6
0 4 3
0 2 1
9 10 6
9 11 1
23 2 4
16 17 7
3 6 7
18 22 7
23 2 7
22 3 2
12 14 4
11 14 7
22 2 6
9 14 2
13 16 4
18 19 3
15 19 3
7 9 4
9 13 1
6 8 1
13 18 1
19 22 2
20 0 1
20 0 7
23 1 1
1 5 6
21 0 1
12 14 3
19 23 3
8 14 3
12 13 2
8 11 3
1 5 1
22 1 5
9 12 7
12 15 7
0 2 3
10 12 7
8 13 7
15 19 2
18 21 6
23 2 1
6 10 7
17 20 5
18 22 2
10 12 1
13 15 4
2 6 5
11 14 1
23 3 2
15 18 1
6 8 1
8 10 6
6 9 2
6 9 4
10 11 1
5 9 1
17 21 1
1 4 6
20 0 4
17 20 3
5 8 3
13 17 2
15 18 2
3 5 6
13 16 4
6 9 3
13 15 5
8 12 7
19 22 4
20 23 4
21 1 5
5 10 6
3 8 7
22 1 2
23 4 1
6 9 5
5 8 2
0 2 2
20 22 3
16 19 4
15 19 6
3 7 3
22 3 1
18 22 2
12 15 6
5 6 7
23 1 4
7 8 3
8 10 7
22 1 7
3 6 5
0 2 7
7 11 6
23 3 5
22 1 3
1 4 2
23 1 4
7 10 5
1 3 7
21 23 7
14 18 7
5 8 2
4 8 5
17 20 7
7 9 4
7 9 7
18 22 5
7 9 5
1 4 1
10 13 3
23 3 3
21 2 4
22 0 5
1 4 5
10 14 7
5 7 2
22 3 2
12 15 1
16 19 3
17 20 1
16 18 3
8 10 5
15 20 5
5 7 7
16 19 2
13 14 1
3 7 7
21 0 5
22 1 6
12 14 2
7 10 1
0 2 2
11 14 1
0 3 1
8 9 7
5 5 1
20 21 6
14 18 1
14 17 5
16 18 7
11 14 6
12 14 4
20 1 4
5 7 3
10 13 3
17 21 5
10 13 6
4 6 5
7 11 5
16 21 3
5 8 6
1 5 3
8 12 2
15 19 6
3 6 2
21 0 7
2 6 4
3 7 1
23 3 2
0 4 7
5 7 5
23 1 6
1 5 6
18 22 3
3 7 1
15 18 2
5 8 3
2 3 5
23 2 7
10 12 6
0 5 1
19 22 3
17 20 6
0 2 5
3 5 4
8 11 6
23 2 3
0 3 4
15 19 4
17 19 7
6 8 7
14 18 1
1 5 1
23 3 6
5 8 6
11 12 2
5 8 2
13 16 4
3 4 5
3 5 7
15 19 6
21 23 1
11 13 6
6 10 6
4 6 2
0 2 6
14 18 5
7 11 1
7 10 5
20 23 3
12 15 5
3 6 7
9 12 1
16 18 2
19 23 5
4 7 4
4 8 4
16 18 2
19 0 7
10 13 1
23 3 4
1 3 6
11 15 4
1 4 6
9 12 3
5 7 7
16 18 2
17 18 5
0 3 6
20 22 7
12 14 1
16 19 3
5 8 3
10 12 2
2 6 4
2 4 3
23 0 3
4 7 7
13 17 1
8 8 1
20 0 4
13 16 4
4 7 4
4 6 6
3 5 3
6 11 2
21 1 3
18 21 4
14 18 6
1 2 6
19 20 7
17 19 7
5 7 5
3 5 2
8 12 5
11 14 3
7 11 1
14 16 4
4 7 6
17 22 7
9 13 3
1 2 6
3 5 3
21 1 7
3 7 2
4 6 5
4 6 3
4 6 7
3 6 7
21 1 6
14 17 3
3 7 6
14 19 7
10 14 2
18 21 2
22 0 1
11 15 7
3 6 3
3 5 1
15 17 6
1 5 5
3 6 3
22 2 2
5 9 7
20 0 6
14 18 4
12 16 3
5 7 3
1 7 5
4 7 3
10 13 2
7 10 1
13 16 1
10 13 5
3 5 6
3 6 6
0 3 2
13 15 1
9 12 3
14 18 1
9 13 4
20 0 4
20 23 5
12 16 1
22 2 6
22 3 7
16 18 7
6 10 2
6 10 2
6 9 7
8 11 4
9 13 1
10 14 1
5 9 4
23 2 4
21 0 6
21 0 5
0 3 5
6 8 2
19 20 3
6 9 3
16 18 2
8 13 6
19 21 7
11 15 3
