650 7
8 8 1 3 7 1 6 
23 2 5
21 0 3
5 7 3
6 10 6
20 0 7
2 4 6
0 3 4
15 17 7
21 23 6
19 21 3
4 7 2
14 16 3
1 2 3
19 21 4
17 19 2
6 9 7
19 0 2
21 0 2
2 6 3
3 5 6
13 15 2
18 22 4
14 18 7
4 8 4
7 11 5
11 16 4
4 7 4
20 0 1
3 6 1
18 22 1
14 18 2
1 2 7
5 8 7
3 6 3
10 14 1
12 15 2
5 10 6
16 19 6
12 15 4
10 12 1
11 13 5
23 2 5
9 11 7
14 15 5
7 11 4
16 20 7
3 7 7
23 2 3
20 0 1
19 21 2
12 12 4
6 9 3
22 1 7
11 14 1
16 19 5
19 21 3
12 14 2
22 0 1
12 15 5
18 20 3
8 9 2
3 7 2
20 23 7
19 22 4
7 10 2
11 14 4
16 19 7
13 17 1
13 15 2
4 7 3
14 18 2
2 5 7
10 15 2
3 6 5
12 13 2
10 12 2
6 9 4
3 6 6
12 14 2
0 2 6
23 3 5
22 23 7
20 23 1
15 19 3
9 12 3
7 10 6
3 7 4
3 6 5
23 1 1
9 12 1
19 22 6
20 0 2
13 16 5
5 8 4
2 5 5
13 16 5
6 10 3
22 1 5
4 5 7
7 10 5
22 1 6
14 19 2
18 19 6
19 21 4
12 16 5
23 2 5
0 4 5
15 20 4
3 6 4
11 13 6
17 21 3
15 17 5
11 13 1
17 19 7
19 0 1
9 12 6
15 18 3
20 0 7
16 19 1
6 10 7
21 0 1
5 8 4
9 12 7
4 8 1
0 2 7
20 23 2
12 15 2
1 4 1
16 19 2
0 3 6
14 18 3
8 12 1
11 13 2
4 7 3
11 15 5
21 23 2
18 21 6
0 2 5
19 22 3
4 6 7
16 20 6
10 14 6
5 8 1
3 7 1
12 14 4
3 5 6
18 21 6
0 1 5
9 13 4
21 0 7
7 10 6
5 11 7
13 18 6
12 16 4
14 18 5
11 13 3
11 14 7
4 10 1
6 7 3
18 22 3
14 18 2
11 14 1
11 15 1
12 13 1
20 23 6
4 6 4
0 4 6
14 18 4
12 15 4
6 10 7
19 21 2
8 10 6
19 22 3
3 6 6
0 3 5
18 20 3
22 2 4
8 12 1
20 23 4
9 11 5
4 7 4
3 6 7
7 12 2
23 2 7
2 5 3
12 14 5
12 16 1
12 16 6
21 0 2
11 14 2
15 18 1
0 3 2
17 21 1
12 15 6
12 14 2
11 13 5
6 9 1
2 6 7
19 0 1
8 11 7
23 1 5
12 15 1
10 13 6
1 5 1
10 14 2
13 15 3
3 5 3
17 20 5
11 15 5
8 12 6
11 15 3
8 12 6
14 18 7
12 15 6
22 2 1
3 6 5
8 11 6
19 23 7
20 22 2
21 22 7
15 19 4
23 1 6
16 18 7
15 17 7
4 6 3
4 6 3
4 7 2
14 18 5
15 19 3
6 9 6
8 11 4
20 23 4
16 18 6
13 17 5
16 19 6
16 21 6
15 17 2
22 2 6
20 0 5
10 12 5
23 1 5
17 23 2
19 22 4
17 21 2
22 2 2
16 19 6
20 0 3
0 3 7
23 1 7
20 23 3
20 23 4
20 23 1
18 19 6
1 3 3
13 16 5
11 14 3
4 9 5
3 6 7
21 2 7
13 17 6
20 23 2
2 4 3
14 17 6
3 6 7
11 13 1
5 8 7
23 23 7
2 2 3
6 9 7
19 23 7
8 12 5
23 3 5
16 19 2
4 7 7
11 15 3
13 17 7
14 18 7
8 9 2
11 14 7
5 8 1
20 21 6
6 11 3
22 0 7
0 3 4
12 14 6
22 0 6
6 8 4
18 22 5
2 7 3
10 12 3
14 18 7
18 21 5
20 23 6
12 15 1
22 0 3
9 13 2
3 7 7
6 10 3
0 5 3
13 15 1
13 16 1
9 12 2
6 8 6
2 6 3
8 9 3
13 18 5
7 11 6
8 12 7
22 2 5
3 7 5
7 9 4
3 7 7
19 0 4
21 1 1
6 9 2
6 8 3
3 6 3
9 12 1
21 0 3
17 20 7
15 18 4
3 4 2
18 19 5
21 0 2
16 19 6
10 13 2
4 7 4
10 12 1
14 17 3
6 9 2
21 2 7
22 3 1
21 23 3
7 10 7
13 15 1
5 8 3
0 3 6
22 3 7
17 20 5
18 21 2
19 22 5
10 13 3
11 14 1
17 19 4
6 8 3
20 22 3
16 19 5
6 10 7
18 21 4
17 20 7
22 0 3
8 10 3
18 21 2
15 17 2
1 3 6
9 13 1
15 19 3
10 13 7
9 11 2
21 1 6
0 3 5
3 6 3
4 6 7
14 18 5
21 23 4
7 11 2
5 9 7
22 0 2
7 8 2
19 22 5
20 21 2
22 2 6
5 8 6
10 14 7
16 18 3
23 0 7
2 4 4
0 4 3
3 6 5
14 15 3
23 1 5
1 4 1
5 8 4
4 8 7
4 8 7
21 1 6
13 15 2
5 8 1
19 23 4
11 14 6
23 2 4
6 11 4
21 0 2
3 6 3
16 18 3
0 2 3
18 21 1
13 15 1
11 15 6
15 18 6
6 8 1
16 20 1
11 15 1
14 16 2
19 21 6
3 5 2
20 23 2
18 20 5
9 10 1
3 7 7
8 11 3
19 0 3
5 9 4
5 8 7
0 1 5
11 14 5
0 2 3
9 12 1
1 3 7
9 11 5
5 8 7
9 11 2
11 15 2
14 17 7
21 23 2
6 7 2
17 20 2
0 3 4
12 16 1
1 5 5
4 6 7
15 18 3
21 0 2
12 16 5
19 21 1
21 23 6
13 16 2
6 10 5
22 23 5
13 16 1
18 23 4
11 13 1
13 18 2
19 22 4
15 17 3
6 7 2
14 17 4
3 7 3
9 12 6
12 14 1
20 23 2
11 13 7
0 2 2
12 17 1
10 13 5
18 21 6
20 23 4
17 21 2
11 14 3
18 20 3
16 19 1
9 13 3
3 4 2
23 3 3
18 22 2
13 15 4
18 21 1
0 3 7
13 16 1
18 21 6
6 9 1
22 0 7
20 23 6
20 21 3
14 18 7
8 11 5
7 10 5
9 11 6
0 4 5
13 16 6
1 4 4
15 19 5
17 19 3
10 13 2
2 6 6
2 5 1
11 14 2
20 0 5
5 9 3
12 15 6
13 17 1
11 15 5
23 4 5
19 23 1
10 13 1
11 16 1
11 15 4
20 23 3
5 6 5
21 22 4
20 23 3
21 0 3
0 4 6
20 23 6
8 10 7
13 15 4
14 16 4
22 0 3
5 8 7
14 17 5
15 17 1
2 5 6
21 0 3
13 16 5
20 1 5
19 22 5
1 4 1
1 4 6
4 8 7
8 12 6
12 16 5
10 14 7
4 6 1
20 0 3
19 20 4
14 17 3
21 0 3
4 9 7
12 16 6
9 12 6
1 2 7
17 20 5
1 5 2
4 8 6
10 13 3
14 16 7
4 8 5
22 0 7
3 6 3
23 4 2
23 3 6
13 18 3
9 12 3
21 0 3
18 20 3
11 14 6
15 18 1
2 7 1
14 16 2
1 3 5
20 1 5
22 1 1
20 22 1
23 0 2
7 8 2
3 6 2
0 4 7
2 4 7
8 11 3
15 19 1
11 13 1
23 2 2
5 8 1
6 10 4
10 13 3
7 10 1
6 10 2
18 22 5
12 14 5
17 21 2
21 1 7
22 3 3
4 6 4
21 0 4
17 20 3
20 22 3
10 13 7
1 4 3
12 14 4
7 10 3
10 14 3
1 5 7
17 21 5
19 23 7
12 16 5
10 12 3
18 23 6
5 10 4
0 3 3
14 16 5
0 1 6
12 15 2
1 3 2
13 17 7
15 19 5
9 11 6
2 5 3
8 11 2
2 5 3
10 12 6
17 19 5
20 23 3
3 6 7
14 17 1
21 0 5
18 22 5
12 14 2
11 13 4
20 23 1
13 14 4
1 2 5
15 18 2
8 11 5
12 13 4
5 8 4
1 3 4
2 6 4
1 4 5
1 3 7
10 12 6
9 12 7
17 20 3
12 16 4
9 11 1
20 23 1
14 18 6
14 17 7
8 9 4
1 2 2
15 19 4
12 15 7
11 13 5
9 13 4
12 15 1
10 13 3
6 10 5
11 13 3
7 11 7
22 1 3
21 0 7
12 16 2
3 6 4
23 2 1
2 5 1
0 3 2
18 21 5
12 15 4
11 15 3
8 10 7
17 20 6
