450 9
8 10 1 10 9 4 1 8 3 
6 11 4
15 19 9
5 9 3
11 14 6
16 20 2
11 13 7
8 12 7
6 9 6
2 5 3
9 13 3
8 12 7
22 2 3
1 4 4
7 10 9
21 1 3
6 6 8
12 14 3
18 22 6
18 20 5
1 4 4
5 8 5
19 0 8
23 1 7
22 0 4
13 17 4
19 23 4
9 13 8
19 21 5
3 7 2
15 16 5
21 0 1
11 14 2
0 4 4
2 5 7
15 17 2
23 1 8
11 14 3
17 21 3
0 3 9
5 9 6
14 19 7
12 15 6
18 23 2
12 15 4
21 0 6
20 0 1
10 11 9
19 22 5
1 3 2
14 17 7
22 2 1
17 21 7
11 14 9
8 11 3
11 14 2
14 14 5
7 10 2
3 6 8
5 8 4
16 20 9
5 11 7
18 19 5
11 16 7
2 5 4
23 1 3
4 8 9
7 8 5
23 1 6
10 13 6
3 7 2
15 20 2
22 0 5
12 16 4
0 2 3
22 0 9
12 16 4
6 8 6
0 2 8
20 22 8
13 15 7
11 15 3
20 22 5
21 1 8
23 3 5
4 6 7
13 16 2
8 10 1
2 6 2
20 2 8
10 13 9
21 1 1
22 0 8
22 0 7
0 2 8
22 0 2
17 20 1
17 19 8
18 22 6
4 5 2
5 7 9
18 22 3
12 14 3
0 2 6
21 23 9
14 18 1
7 9 6
17 20 4
6 9 4
9 14 5
17 18 6
4 6 3
23 2 2
5 7 1
14 18 5
17 18 4
13 17 5
5 10 4
9 12 7
0 4 9
5 8 7
23 0 7
4 6 3
5 8 1
7 10 1
16 20 3
2 6 7
10 13 6
20 22 7
14 18 9
0 3 2
21 0 3
22 1 4
8 10 4
15 19 6
6 8 5
8 12 1
22 1 7
16 19 3
23 1 2
18 21 9
7 9 1
5 7 1
8 10 2
22 23 7
4 5 5
15 17 9
13 15 1
21 1 9
9 13 5
12 16 7
9 11 8
11 14 2
11 15 2
6 9 2
1 5 3
20 23 4
5 10 8
13 16 7
17 20 4
1 5 8
4 6 5
12 15 7
11 12 6
18 20 9
17 20 6
1 5 6
12 14 4
3 6 9
0 2 7
4 7 5
9 11 3
18 23 4
6 8 7
12 14 2
10 12 9
23 4 3
22 1 1
15 18 7
9 12 8
4 9 9
19 22 3
1 4 1
22 3 6
22 0 8
13 16 2
7 10 6
23 2 8
11 15 6
17 20 1
18 21 1
20 1 8
15 18 5
7 9 2
19 22 4
4 6 3
19 22 8
1 5 5
3 6 6
9 12 6
8 12 6
16 20 5
11 13 8
2 4 4
9 10 4
11 15 1
0 2 7
15 18 1
10 13 4
5 7 9
17 20 3
10 14 8
23 3 5
17 21 9
4 5 7
6 9 2
9 10 9
16 18 7
20 22 2
13 16 7
12 15 9
6 10 8
3 6 8
8 12 3
13 16 6
20 0 7
20 0 1
1 6 7
14 16 5
18 21 6
0 2 8
1 5 3
22 1 9
1 3 2
15 19 4
4 7 2
10 13 5
5 7 2
0 5 3
14 18 6
12 14 5
6 10 2
11 13 2
7 11 5
12 13 2
2 5 6
2 6 3
1 4 7
19 20 2
3 5 3
2 5 2
23 2 1
16 19 9
10 11 5
6 8 2
19 21 4
21 22 1
17 20 6
22 23 8
11 13 2
22 2 2
11 15 4
21 23 9
22 1 1
7 9 8
16 20 5
0 3 3
11 14 4
0 3 4
18 20 9
4 8 8
7 11 5
1 6 2
18 21 1
9 12 6
23 1 4
20 22 3
13 17 6
9 11 5
22 0 2
21 0 5
4 8 1
3 6 6
11 15 7
11 12 6
5 9 1
4 7 8
19 22 8
1 4 8
22 0 5
1 5 3
8 10 2
19 22 9
11 15 4
13 14 8
14 17 5
14 17 3
18 21 7
10 14 7
6 9 2
4 5 9
13 17 4
22 0 7
21 23 2
9 13 3
9 12 7
18 21 5
0 3 8
8 11 1
22 1 8
21 23 5
21 23 4
2 7 6
17 18 9
0 3 1
12 15 8
10 12 1
10 13 5
9 13 2
23 3 5
16 19 2
5 8 3
12 16 6
18 22 7
21 1 7
2 5 5
17 20 8
12 14 6
12 13 6
19 21 8
5 7 2
9 13 6
2 4 4
8 10 5
13 14 8
23 3 1
9 12 5
18 21 2
20 0 9
15 19 7
2 5 4
3 6 3
15 18 1
2 6 1
3 5 6
18 22 3
19 21 9
19 22 8
11 12 4
0 4 2
20 0 7
16 19 2
20 0 4
13 15 6
15 20 5
13 16 8
3 5 9
23 2 5
0 3 9
9 12 4
2 4 3
10 14 1
11 15 1
4 7 7
15 17 2
7 11 9
16 20 4
2 7 2
16 20 7
16 21 7
9 11 8
15 17 3
4 6 7
2 5 1
11 14 3
16 18 5
16 20 5
14 17 1
18 21 1
1 4 2
9 12 5
19 21 4
7 9 2
12 15 5
20 21 4
2 6 4
12 17 3
1 4 7
18 21 9
12 15 2
20 22 2
2 5 8
15 19 6
7 12 7
11 15 4
6 9 3
15 18 5
13 17 3
19 22 9
11 13 8
4 7 3
7 9 9
14 17 3
6 9 5
7 10 9
19 22 5
17 18 4
18 21 4
9 12 1
13 17 8
16 18 3
3 6 1
19 22 7
14 17 7
22 1 1
1 4 3
22 2 3
7 11 7
3 7 4
14 16 5
12 17 9
21 0 8
4 8 9
19 23 6
9 11 4
20 0 9
0 3 3
15 19 1
22 2 8
11 13 5
20 23 6
6 7 7
5 9 4
23 3 7
13 17 5
18 22 4
10 13 2
9 13 3
10 13 8
23 0 1
10 12 2
22 2 9
2 6 5
19 22 2
5 8 7
8 11 7
6 10 4
13 17 2
23 2 4
21 23 3
23 1 7
