450 6
8 9 7 1 1 6 
5 8 6
15 17 3
0 4 5
7 10 2
22 1 5
10 13 6
9 12 4
13 18 4
23 2 2
16 19 3
15 20 4
14 18 1
3 6 2
6 8 3
11 12 2
13 17 1
19 23 5
23 3 4
22 1 5
11 13 4
13 16 2
16 19 2
20 0 1
1 3 5
0 3 6
16 19 1
6 11 1
3 6 1
11 15 6
11 13 5
21 22 2
19 22 5
4 6 4
11 12 3
14 17 4
7 9 1
22 1 5
5 9 4
22 0 1
21 0 3
21 1 5
10 14 6
22 23 3
3 6 6
23 2 6
21 1 1
12 14 5
11 14 5
23 4 4
22 2 6
12 15 6
4 6 2
17 19 4
8 10 2
18 22 4
7 10 1
3 5 1
16 20 2
18 22 5
9 13 5
17 21 5
20 22 1
14 18 1
2 6 5
18 22 1
8 10 4
17 20 3
2 5 5
13 18 3
3 6 3
21 1 1
20 23 3
9 12 1
20 22 4
20 0 6
16 18 5
2 5 2
11 13 2
16 19 1
16 20 3
11 14 5
10 13 5
0 5 1
12 17 4
18 20 6
20 23 4
10 13 5
8 11 1
20 0 6
8 11 1
8 11 6
12 14 6
2 6 6
7 10 4
14 18 2
12 14 2
2 4 3
8 12 1
20 23 6
4 7 5
9 12 6
12 14 1
3 5 5
17 19 1
2 4 4
15 18 3
7 11 4
14 17 5
14 16 1
15 19 6
17 21 3
3 7 3
18 21 2
16 19 5
10 11 3
2 4 4
3 6 5
13 17 3
21 0 2
11 15 4
9 12 1
4 6 5
10 14 6
18 20 1
3 8 2
11 13 1
9 11 5
16 19 6
9 13 5
22 1 3
19 21 4
12 16 4
7 9 5
16 19 4
8 11 6
15 18 1
15 19 1
9 13 1
18 20 5
20 0 6
5 9 1
12 15 5
4 7 1
11 15 6
17 20 4
17 18 3
20 22 4
2 5 1
15 17 3
23 1 6
19 21 1
23 1 5
17 19 2
9 12 1
13 15 1
12 15 3
4 6 1
1 4 6
2 5 1
15 18 6
15 18 6
6 10 4
15 18 2
15 19 3
2 6 6
10 14 6
10 12 6
14 18 3
23 2 2
6 9 4
15 17 5
4 6 4
3 6 5
13 16 6
19 23 1
8 12 3
1 2 3
3 4 5
23 2 1
16 20 5
8 11 1
13 15 6
19 22 5
10 12 5
12 14 5
23 1 3
1 3 3
19 22 6
8 11 3
21 22 2
18 20 1
4 6 4
4 6 6
16 18 5
2 4 4
4 7 5
9 12 5
13 16 2
4 7 1
18 22 5
2 5 1
22 23 1
1 5 3
22 3 5
3 6 1
0 3 2
12 15 1
5 7 4
3 7 2
12 16 2
19 21 5
14 17 6
1 5 4
19 0 4
13 16 3
16 18 2
20 0 3
2 6 5
9 11 6
11 13 1
3 5 3
7 10 3
3 4 3
17 18 5
19 22 3
23 2 4
2 7 5
9 11 5
4 7 1
8 10 6
14 16 3
12 15 5
19 22 6
20 22 3
6 10 1
16 18 4
14 17 4
1 4 6
2 6 5
10 15 2
0 3 1
15 18 4
13 16 4
16 19 3
13 15 5
0 3 3
22 1 6
1 3 4
19 23 5
1 4 5
12 16 3
22 3 6
0 3 2
1 5 1
5 7 6
21 23 4
19 21 2
13 15 3
15 20 3
14 19 1
13 15 5
19 23 1
17 21 3
19 23 2
6 9 2
7 10 1
14 16 3
20 23 5
10 13 1
7 9 6
10 14 6
1 4 4
15 19 5
2 6 3
8 12 4
6 8 1
23 3 2
14 17 2
5 9 4
19 23 5
18 22 2
17 20 3
18 20 3
2 6 3
0 4 6
17 20 6
17 18 3
10 11 3
10 13 3
8 11 1
16 20 3
8 11 1
5 9 1
6 9 4
9 12 2
4 9 3
13 18 5
18 21 3
6 10 6
19 22 3
6 9 5
11 14 2
19 23 3
7 11 6
15 19 4
3 6 3
15 16 5
13 17 4
20 23 5
22 1 5
16 19 4
13 16 5
20 23 5
16 21 1
22 3 4
15 18 6
2 5 2
16 17 6
19 22 1
17 18 6
20 23 1
2 6 2
19 23 4
15 18 2
4 6 5
22 0 6
6 10 2
5 8 3
18 22 4
9 12 2
4 8 5
17 20 2
5 7 3
5 8 5
15 19 6
19 22 1
12 15 4
15 18 2
12 16 3
6 8 2
22 1 4
0 4 2
3 7 2
10 11 2
21 21 2
19 21 1
19 23 1
9 12 6
6 10 5
9 11 1
0 3 2
8 10 2
4 7 5
6 9 6
11 15 2
0 3 4
13 14 6
23 2 2
7 10 4
9 13 3
23 2 5
6 8 1
21 1 2
15 19 1
20 22 6
18 20 1
21 0 6
23 1 2
12 17 6
17 19 6
7 11 3
11 13 5
4 7 3
1 5 4
8 9 2
21 23 2
11 15 4
17 19 5
17 20 5
2 5 2
7 9 5
22 3 2
19 21 1
16 19 6
0 3 1
17 21 6
0 5 1
14 17 4
5 6 1
6 9 3
23 3 5
13 17 3
18 21 3
13 15 4
14 18 2
22 23 3
5 8 3
2 6 3
23 1 1
21 0 3
14 16 4
8 12 6
13 16 4
18 20 5
0 3 4
7 10 5
13 16 2
5 8 6
15 18 3
12 15 2
21 0 2
10 12 5
23 1 6
10 12 2
12 16 3
22 1 4
5 9 1
7 9 2
18 20 5
16 17 1
8 10 1
16 19 4
16 20 2
21 0 4
19 21 1
23 4 4
9 12 6
22 0 1
10 13 3
3 7 5
23 3 6
8 11 2
10 15 5
11 14 2
22 23 5
1 2 6
23 2 6
20 1 3
0 3 6
15 18 5
23 4 6
2 6 1
10 12 4
3 3 3
22 1 3
2 5 5
13 14 4
10 12 6
8 12 3
15 18 1
