1350 12
9 10 7 8 3 1 4 7 9 8 6 3 
6 10 5
14 18 9
1 4 2
23 3 3
1 2 8
16 21 3
7 8 2
0 3 9
20 23 8
2 5 3
20 22 4
8 12 4
14 15 3
0 4 3
23 1 2
9 12 1
17 20 5
17 21 11
17 20 3
9 14 12
9 12 8
19 23 12
12 16 6
13 15 4
16 19 2
13 16 8
17 21 12
22 0 3
11 14 6
13 15 7
20 23 7
12 16 2
20 23 10
22 2 5
16 19 9
7 9 6
14 17 1
15 17 7
5 8 12
6 9 7
2 5 9
23 1 3
15 18 9
22 1 6
15 18 12
5 8 5
10 13 8
1 4 11
20 22 2
10 12 4
17 21 6
23 1 8
8 12 9
12 16 3
14 17 9
23 0 6
15 18 1
18 23 11
15 15 6
17 19 12
16 19 10
5 7 3
13 16 3
19 22 7
1 4 2
17 19 8
4 8 8
10 13 4
10 11 5
5 7 8
6 10 7
12 14 6
10 12 10
7 10 10
17 19 10
13 16 5
11 13 7
10 16 3
15 16 1
18 21 3
22 2 10
17 20 3
1 4 6
14 18 8
7 11 1
17 19 8
22 1 9
22 1 10
13 19 1
14 17 10
12 13 6
23 2 6
13 16 4
21 23 8
12 15 11
21 0 5
11 16 1
5 9 3
5 8 6
7 11 2
16 18 3
11 15 6
5 8 4
17 20 6
8 9 8
10 13 1
18 21 8
2 4 6
0 3 12
2 7 4
23 2 3
20 23 9
18 22 4
22 2 10
14 18 2
14 17 10
8 12 7
9 11 10
8 10 9
5 6 4
10 13 6
8 13 7
1 4 6
22 2 6
14 17 12
20 23 1
18 21 2
4 8 7
3 7 10
3 7 11
23 2 10
17 19 6
8 10 12
18 20 12
18 22 2
14 17 8
4 9 2
5 7 3
12 14 7
17 18 1
8 11 12
9 10 3
19 22 4
13 16 8
14 17 9
0 3 5
19 22 4
19 22 2
2 5 12
13 14 3
9 12 6
3 5 9
9 11 3
6 10 5
19 22 6
2 7 7
1 6 11
14 17 4
14 16 1
10 13 7
15 17 8
13 17 9
7 9 4
16 21 7
12 14 12
17 20 11
13 17 11
0 6 6
4 7 5
11 15 5
6 9 1
23 1 8
21 22 5
23 4 8
7 11 6
0 3 1
15 17 3
6 7 3
18 21 1
10 13 12
2 5 5
11 13 4
22 1 1
9 12 9
8 9 10
12 14 4
16 19 4
7 9 1
23 3 6
22 1 4
0 2 7
15 17 1
10 14 6
1 1 1
8 12 1
20 22 11
13 15 10
23 3 10
10 13 5
4 7 12
11 15 1
15 18 7
9 12 11
7 9 3
7 9 9
2 7 2
5 8 2
7 11 7
5 7 9
4 6 1
1 3 10
22 3 5
16 19 8
10 12 4
22 3 9
1 6 6
5 6 1
6 9 4
1 2 11
8 10 5
15 18 9
5 9 7
9 10 3
18 21 8
1 4 2
1 3 12
22 3 6
7 9 1
23 1 1
14 16 4
2 3 6
6 8 1
5 10 6
0 3 2
23 1 10
7 10 9
0 2 1
11 13 8
12 16 2
21 0 5
4 6 6
9 10 7
8 12 12
6 9 11
21 0 4
2 5 6
12 16 12
22 1 5
1 4 8
2 4 7
10 13 8
6 9 4
9 11 10
23 1 6
20 21 9
16 20 10
4 7 10
16 18 12
23 1 6
2 5 2
6 6 3
19 22 1
0 4 12
10 13 7
3 6 1
7 11 1
7 10 7
4 7 8
6 9 1
11 15 9
12 15 12
3 7 11
13 15 12
3 5 7
0 3 9
17 20 1
9 10 9
11 12 2
21 1 3
22 1 11
11 14 10
23 2 10
8 9 2
8 10 3
7 10 2
7 11 10
10 13 4
22 1 9
4 7 9
6 10 5
18 21 4
1 5 3
22 22 10
11 14 6
4 7 1
10 13 2
18 20 3
23 3 1
6 10 9
8 10 1
23 2 1
11 14 9
21 23 1
16 18 11
22 1 3
15 17 6
3 6 6
1 3 3
15 17 5
1 6 4
20 22 1
15 17 4
22 3 12
7 9 6
14 17 1
8 10 1
10 14 1
20 1 7
3 4 7
3 8 4
23 2 1
13 17 1
12 16 4
13 17 2
10 13 12
16 17 2
18 20 3
2 4 5
19 21 6
18 21 4
4 5 7
16 19 4
11 14 10
9 13 12
14 17 2
10 12 3
20 23 4
0 2 7
21 23 6
1 4 4
6 11 2
17 21 12
20 22 9
15 19 8
2 3 4
22 2 11
21 23 10
5 7 7
0 2 2
8 11 9
5 7 6
21 0 10
19 22 6
18 20 11
3 7 8
10 13 2
23 2 1
5 7 6
7 12 10
8 11 1
2 6 1
8 11 5
22 1 3
12 16 7
2 4 1
20 22 9
21 1 6
8 12 10
22 0 11
19 22 5
4 7 11
17 20 10
13 17 9
13 16 11
0 3 10
19 21 9
5 7 2
6 8 7
21 2 12
16 18 10
3 5 3
9 11 11
5 7 5
18 0 1
20 23 11
0 2 1
2 4 7
10 13 11
22 3 10
18 21 12
10 11 7
5 8 7
21 23 12
2 6 5
23 1 12
22 1 2
18 19 5
16 19 4
12 16 12
3 5 11
17 20 11
21 23 8
6 10 12
19 22 8
4 7 11
0 1 9
2 5 7
17 20 8
13 15 8
1 6 7
12 13 2
22 1 10
12 16 7
12 15 6
20 23 12
12 13 5
2 5 6
18 22 8
10 12 12
1 2 3
16 18 12
15 18 10
19 21 3
21 23 10
22 1 9
7 11 4
7 8 10
7 10 9
8 9 8
17 21 10
14 17 7
7 10 5
16 20 6
6 9 5
10 13 5
11 13 4
2 5 9
10 14 11
17 20 4
3 7 7
14 17 4
3 4 1
19 22 2
10 12 7
22 1 5
16 18 8
23 3 2
4 7 4
15 18 10
18 21 9
11 14 9
3 6 7
16 19 11
10 11 2
7 10 3
18 21 4
1 3 2
20 0 6
10 15 1
10 13 10
10 14 11
15 18 6
12 15 12
2 7 8
1 4 8
4 8 3
10 12 9
10 14 8
21 1 2
1 4 7
5 8 2
7 11 11
9 12 8
21 23 9
12 16 8
14 16 5
3 5 1
18 21 7
19 0 7
4 6 8
0 3 2
7 10 12
12 16 12
15 18 2
20 22 6
3 7 3
20 0 7
18 21 11
22 3 12
10 14 6
8 11 6
18 21 10
2 5 1
23 3 11
21 21 10
19 22 10
5 9 8
13 17 5
21 1 11
8 13 11
22 2 11
7 10 10
10 15 12
18 21 9
15 18 6
23 2 11
23 4 4
22 0 10
21 0 2
0 2 6
5 7 4
22 0 7
12 15 3
1 5 10
21 0 11
12 14 6
14 16 4
14 19 3
5 9 6
11 13 11
9 13 8
21 0 7
14 15 6
10 13 11
18 22 9
11 15 11
6 10 11
22 1 7
16 20 6
14 17 2
12 15 6
9 14 10
16 18 6
4 6 7
13 17 11
8 10 5
2 4 4
12 14 8
14 15 12
21 0 4
2 5 12
23 1 4
14 18 1
9 12 1
7 9 4
0 5 12
18 23 8
7 12 10
4 6 12
7 8 11
23 3 11
21 21 9
13 17 12
6 9 8
18 22 3
21 1 5
15 16 1
8 10 1
16 21 4
21 1 10
7 10 8
2 4 1
15 19 6
8 10 5
19 22 1
10 13 6
3 5 11
14 18 9
17 21 3
20 23 12
16 19 7
14 17 3
10 13 3
17 18 7
4 6 1
6 8 6
13 15 4
22 1 2
13 16 12
5 9 2
8 12 11
1 3 11
15 17 6
7 10 1
7 9 4
8 11 6
19 23 5
22 1 5
8 11 7
8 11 4
6 11 12
11 13 9
15 19 4
8 11 5
21 1 7
1 4 2
22 1 3
17 20 1
5 7 7
7 10 11
8 10 8
22 1 10
11 15 11
1 4 4
20 23 7
14 15 1
5 7 5
16 20 12
9 11 4
19 21 3
16 19 8
2 5 8
8 11 10
11 14 3
6 8 9
0 5 11
2 5 1
2 5 6
6 11 8
2 6 9
22 2 1
8 10 4
3 7 2
15 17 7
6 9 10
6 9 3
0 3 1
12 14 10
13 15 11
10 12 3
18 23 5
9 10 12
17 20 6
0 5 4
0 3 12
12 14 7
23 2 8
8 11 5
3 5 8
0 2 9
9 12 9
22 3 12
11 14 10
9 11 3
21 22 3
7 10 11
4 6 9
14 19 6
0 3 3
11 13 4
16 19 1
4 7 3
17 22 1
6 10 11
11 14 11
2 5 3
7 10 8
8 11 6
14 20 11
12 16 12
1 5 2
15 20 11
20 0 4
17 20 1
2 4 12
5 9 11
7 10 8
1 4 1
5 8 11
3 6 8
3 6 1
15 18 11
1 6 9
11 14 2
15 18 11
15 17 2
17 21 4
15 19 1
15 17 1
6 9 6
11 15 8
23 4 11
18 20 12
6 8 7
12 17 9
13 15 11
7 10 2
7 11 8
22 2 7
5 7 7
20 23 3
19 22 12
6 9 4
2 6 8
21 23 9
20 23 11
0 1 9
3 7 11
10 13 4
6 8 4
6 9 5
22 1 4
5 10 12
14 16 12
10 13 12
16 19 3
11 13 8
18 19 12
1 4 7
3 7 8
6 10 1
22 22 4
21 0 8
9 11 11
7 12 6
4 8 8
0 4 9
11 14 8
3 6 8
21 0 3
19 22 3
0 2 7
1 4 5
5 7 1
19 0 6
4 7 8
13 15 11
23 2 5
1 3 4
20 0 10
19 23 2
10 13 12
9 11 9
18 22 5
2 6 6
23 2 10
9 11 6
10 12 6
5 8 2
14 18 12
6 11 7
13 17 6
22 0 3
21 23 12
10 14 6
3 8 3
15 18 8
7 10 11
23 2 7
14 17 6
6 8 5
2 6 8
21 23 5
20 22 1
17 20 2
22 1 3
23 3 3
14 20 3
8 13 12
5 9 5
0 4 1
20 0 6
6 9 3
7 8 1
5 8 1
0 4 10
13 15 12
4 8 11
5 7 12
4 6 9
4 5 1
21 0 11
20 22 12
11 15 6
5 7 3
2 5 12
15 16 6
7 10 10
4 8 2
2 6 4
0 1 5
15 20 1
21 0 7
14 17 7
2 5 11
5 8 1
17 20 12
10 13 12
3 7 11
21 1 1
15 18 11
11 14 3
8 10 8
13 17 9
14 17 2
17 20 4
14 15 9
14 17 7
4 8 4
7 9 9
11 14 4
23 2 8
8 13 9
5 9 2
0 2 7
3 5 6
9 10 3
15 17 6
3 5 10
12 15 7
21 1 5
6 8 12
8 11 4
6 8 12
6 8 1
23 4 2
4 7 4
14 17 5
8 10 4
22 2 1
18 19 3
22 2 3
18 20 12
0 3 10
2 5 11
22 1 8
3 7 5
9 12 5
23 2 3
20 23 12
12 14 8
11 15 2
4 6 8
5 7 2
23 3 12
9 11 9
23 1 7
20 22 2
22 1 9
14 16 7
17 20 7
17 20 4
0 2 4
21 0 5
6 9 1
4 8 7
18 21 10
1 5 10
10 13 9
9 12 4
10 14 3
19 21 7
20 1 11
7 10 1
23 1 3
5 8 8
17 21 6
18 20 6
2 5 2
17 20 11
2 5 1
22 3 10
14 18 6
18 21 2
16 19 10
21 1 12
22 3 9
3 6 10
22 2 6
0 3 11
15 18 11
14 17 12
3 5 9
15 18 1
6 10 4
23 2 3
6 9 6
3 6 6
11 14 11
10 14 2
22 2 5
19 22 1
23 4 5
19 22 5
4 8 3
15 19 6
15 17 12
2 5 11
2 6 10
14 19 3
10 13 11
20 22 5
10 13 9
6 9 8
18 22 2
7 10 11
11 14 12
17 18 9
13 14 4
8 10 4
12 14 8
6 8 2
7 12 7
7 9 12
19 21 2
19 22 7
0 2 10
10 13 6
11 15 8
21 1 7
7 11 10
21 23 12
6 10 8
5 7 8
2 6 3
22 1 2
23 2 1
9 13 3
4 7 10
22 0 3
0 4 4
13 16 7
17 20 3
12 16 3
23 2 10
20 22 2
10 12 8
0 3 8
10 15 9
19 21 7
12 16 10
19 21 4
1 3 10
17 20 5
12 13 3
13 16 6
23 3 3
9 13 12
3 5 12
15 18 4
18 22 6
18 20 10
16 21 6
6 9 2
13 17 9
11 15 12
6 7 6
4 8 9
6 8 11
21 0 11
19 22 6
1 2 3
6 9 11
9 13 10
11 14 6
20 22 5
23 2 8
1 3 5
20 0 5
15 18 1
13 15 9
17 21 3
0 4 12
15 17 8
13 15 2
11 13 10
17 22 2
16 18 1
14 18 5
0 4 4
3 6 7
2 5 5
0 1 2
17 19 9
12 14 10
5 7 3
23 1 5
2 4 3
6 9 11
5 7 4
6 9 1
19 23 3
16 20 6
5 8 3
0 3 12
16 18 11
21 1 4
6 10 11
11 16 3
13 14 4
5 9 7
8 9 5
4 7 5
16 19 7
19 23 8
13 14 5
3 6 4
11 15 3
12 16 12
12 16 8
23 2 6
5 8 11
10 14 3
15 18 2
0 4 9
7 11 10
20 22 10
7 10 10
14 16 7
7 10 8
12 15 1
1 6 9
18 20 6
8 11 5
17 20 12
12 15 4
6 10 11
9 11 10
16 18 8
8 10 3
20 21 2
15 18 7
15 17 3
13 17 3
21 1 2
5 8 2
0 3 2
21 2 12
17 20 5
23 2 2
19 22 4
12 16 7
12 14 7
22 1 3
15 18 11
6 10 8
19 21 4
10 13 11
22 3 2
23 3 3
10 13 4
10 12 12
16 21 8
4 6 12
6 10 6
11 15 12
17 19 1
12 15 5
5 8 7
18 21 6
3 7 4
2 5 5
1 3 5
19 23 7
10 13 1
22 2 8
3 5 6
12 14 3
9 12 3
8 11 1
15 18 1
10 12 8
14 17 11
13 16 11
6 9 5
4 7 8
23 1 4
6 10 10
16 19 9
13 14 10
11 13 12
14 16 5
10 11 4
6 9 2
15 19 4
12 14 9
17 20 5
9 11 11
15 17 1
13 14 3
22 2 1
21 2 10
9 11 6
6 10 7
12 14 1
12 15 11
17 18 12
5 8 1
21 1 2
14 16 5
2 5 10
9 12 10
7 10 10
15 18 3
7 9 3
12 15 2
22 1 8
19 0 6
7 10 3
17 20 11
0 5 7
1 4 10
9 10 9
22 1 9
17 18 6
3 7 1
20 19 5
1 4 9
1 3 1
17 22 12
13 15 4
2 6 7
9 9 12
15 16 6
2 6 4
20 20 10
23 2 5
5 7 11
2 4 11
0 3 11
21 0 9
15 19 6
5 9 7
9 11 8
23 2 12
16 18 10
19 22 7
21 23 11
7 10 10
10 15 5
22 2 12
20 22 2
21 0 8
15 19 10
6 11 7
8 11 3
13 15 11
20 21 3
11 13 9
7 8 11
23 3 6
14 16 11
17 20 12
19 0 12
11 13 2
12 15 11
4 8 9
20 23 6
21 0 12
11 13 6
4 7 5
18 22 2
5 8 9
19 23 12
21 0 5
3 6 9
16 20 5
23 2 9
22 2 10
1 4 7
23 5 5
12 14 10
12 14 11
3 6 4
10 15 10
0 3 11
1 4 7
1 3 2
14 18 7
20 22 7
18 19 9
5 9 1
23 2 12
7 11 2
21 1 11
12 16 1
9 11 12
3 6 2
14 17 1
11 15 2
15 17 7
20 0 6
1 4 12
12 16 7
2 4 1
4 7 10
12 17 11
15 17 10
0 4 2
8 12 6
6 8 5
15 19 8
11 13 6
6 10 10
2 5 1
3 7 10
8 10 1
17 20 7
20 0 12
21 22 3
23 3 1
1 4 4
3 6 1
20 23 8
14 16 2
12 13 6
21 0 5
8 11 4
0 1 11
18 22 6
20 22 1
10 13 3
4 8 7
18 21 10
20 21 7
17 20 11
7 10 5
0 3 5
10 14 2
6 10 3
2 5 9
10 15 11
12 17 8
15 19 2
7 9 11
0 5 8
11 15 5
4 6 11
10 12 10
21 23 4
10 12 6
13 17 9
20 23 4
2 6 9
6 7 4
14 18 11
9 12 4
16 19 11
3 5 11
6 8 6
5 7 3
21 1 6
21 1 9
2 5 4
20 22 7
19 20 7
3 7 10
3 6 5
8 11 7
21 1 10
22 0 3
2 5 6
19 22 8
8 11 3
13 15 11
20 0 5
9 12 3
17 18 6
21 23 5
20 23 3
17 22 12
21 0 7
23 3 5
2 5 12
20 0 7
19 23 9
18 20 9
11 14 2
19 23 6
14 18 5
6 10 3
6 9 1
13 17 3
8 11 11
3 6 1
4 8 7
15 21 2
7 10 1
16 20 11
9 11 5
2 5 8
7 9 2
16 20 8
12 15 1
5 7 1
10 12 1
17 19 9
8 12 11
18 20 8
9 13 8
23 1 7
4 8 12
3 7 1
23 2 7
3 6 3
23 3 12
10 14 6
21 0 1
18 22 3
10 13 2
6 6 9
19 20 2
17 20 5
5 8 7
10 14 11
3 7 5
3 6 7
9 11 8
18 22 1
18 22 10
1 5 10
11 14 7
12 15 12
10 14 8
23 0 2
8 12 1
5 7 5
13 16 2
8 11 2
12 14 12
21 1 9
2 4 9
20 0 12
1 5 5
1 2 12
23 2 7
8 11 7
23 0 7
14 17 4
8 12 9
3 6 4
2 5 6
10 12 10
0 3 5
22 1 9
21 0 9
17 19 2
3 6 1
18 22 12
11 15 5
6 10 8
0 4 3
9 10 9
10 12 8
14 15 7
2 3 6
22 1 8
17 20 3
22 1 12
11 15 11
