1000 8
6 7 9 1 7 7 7 9 
6 10 7
11 14 4
5 7 8
23 1 5
1 4 6
22 1 8
20 0 5
0 3 4
22 1 2
0 3 5
22 0 5
14 16 7
23 3 1
9 12 6
10 13 7
6 11 4
8 13 2
0 2 4
10 12 6
3 7 1
21 1 1
20 0 3
22 2 6
7 11 7
4 6 3
10 15 1
16 20 5
7 11 5
2 6 3
5 7 7
8 11 3
8 10 4
10 12 1
2 4 2
21 23 2
8 12 1
16 17 8
23 1 6
15 19 1
20 23 8
3 6 4
4 7 1
5 8 5
7 7 7
12 17 3
0 2 5
16 19 6
11 13 8
1 4 1
11 14 6
11 13 8
10 13 1
17 20 4
2 4 3
15 16 5
23 2 1
1 3 8
2 5 4
4 5 1
7 10 1
20 23 4
8 7 8
9 10 7
10 12 2
13 17 2
8 12 4
19 21 2
17 21 6
23 3 1
6 9 1
10 13 4
12 14 6
0 3 3
13 16 4
15 16 3
5 8 6
16 19 2
6 8 8
2 4 7
12 17 3
23 3 5
23 1 1
13 15 8
12 16 3
14 17 3
16 20 6
0 4 5
22 0 7
2 6 7
7 10 8
11 15 4
23 3 6
17 20 7
13 15 4
3 6 5
14 17 5
12 16 1
22 0 3
15 18 8
7 11 5
7 8 5
10 13 3
12 14 8
1 3 3
16 19 2
18 21 2
4 7 1
14 18 5
12 15 4
22 2 7
14 19 6
23 1 4
7 11 5
5 10 5
14 19 6
0 5 4
5 8 1
17 20 8
9 13 6
15 19 5
7 9 1
18 22 3
20 0 5
1 2 5
11 15 6
6 10 1
17 21 1
10 11 2
20 23 2
10 14 2
0 1 1
0 5 1
20 23 7
15 17 2
11 14 8
4 9 5
16 19 8
8 11 1
8 11 5
0 3 7
23 1 8
19 22 2
4 8 4
7 8 2
6 9 1
2 5 1
7 9 8
20 23 2
10 14 6
1 6 2
11 13 6
7 10 2
13 15 8
16 19 5
4 7 1
17 20 2
19 22 7
6 10 8
16 18 6
1 6 2
17 19 2
17 19 3
2 7 3
16 20 6
20 23 5
22 1 2
21 23 8
21 0 3
22 1 8
0 4 4
1 5 7
21 1 6
9 12 7
2 5 6
12 15 2
6 10 1
18 21 2
10 12 2
22 3 7
16 17 8
17 22 2
11 13 2
3 4 6
8 10 2
22 1 3
10 13 8
17 20 1
10 13 3
10 14 3
21 1 5
2 5 7
19 20 5
21 1 4
10 11 6
2 6 7
5 7 7
12 15 6
7 10 5
11 13 7
0 3 5
12 17 8
15 19 4
11 14 4
14 18 4
23 2 4
2 4 6
22 1 7
0 2 2
22 0 5
1 4 2
7 12 4
3 6 4
15 18 8
16 19 7
14 18 1
13 17 3
22 1 4
9 12 8
21 23 5
7 9 6
20 22 1
22 3 4
9 11 5
14 18 4
4 7 5
11 15 3
1 5 8
14 18 7
18 20 2
2 5 8
13 14 4
20 22 7
2 5 2
15 17 5
14 17 4
11 14 4
23 2 4
8 10 2
21 0 3
0 2 5
0 4 5
3 8 7
21 0 2
17 21 2
20 21 3
2 5 2
7 10 2
1 6 3
16 19 6
22 2 8
23 2 6
1 4 1
0 2 5
3 5 1
3 7 2
20 22 4
10 13 7
16 18 3
6 8 8
1 4 2
7 9 6
14 17 5
18 20 1
6 10 1
6 11 7
7 9 7
13 16 5
6 8 1
16 22 1
0 2 6
15 18 4
13 15 8
6 6 3
6 8 3
10 15 1
18 23 3
19 22 6
2 5 6
2 5 3
5 7 6
20 23 1
6 9 5
17 20 8
12 15 1
5 8 1
6 7 6
9 12 2
22 1 6
16 21 3
5 7 8
8 11 5
20 23 8
5 8 1
23 0 7
18 21 6
0 2 2
16 18 3
8 11 2
21 0 7
15 18 2
15 18 2
11 14 5
8 12 7
22 1 1
23 3 1
21 0 6
18 21 3
23 3 8
13 18 3
19 0 1
8 11 7
10 13 1
6 11 6
2 5 8
4 5 3
6 9 3
16 19 3
13 16 7
2 3 1
13 16 5
13 18 6
12 16 8
19 21 2
4 7 4
14 17 2
0 2 7
3 5 7
21 2 2
23 1 6
6 9 4
18 19 8
13 17 2
13 17 7
15 17 8
2 5 4
0 4 5
11 14 7
2 4 2
22 1 5
17 20 8
15 18 5
11 13 4
2 3 4
4 7 7
0 2 1
1 4 3
6 10 3
15 19 1
12 13 3
15 17 4
13 17 4
7 13 6
14 16 2
15 18 1
23 2 2
17 21 2
12 14 2
1 2 6
21 0 2
0 4 1
7 10 8
3 7 3
12 14 6
2 7 2
7 10 6
3 6 2
12 15 5
22 0 8
16 19 1
6 11 4
12 14 5
15 17 2
0 6 7
10 12 5
3 8 8
12 15 8
20 23 1
17 20 1
5 8 6
5 8 1
1 4 3
18 20 2
11 14 5
14 18 4
0 3 6
5 8 1
17 20 3
5 8 7
10 13 7
15 19 4
15 18 4
13 15 2
19 22 3
22 0 2
23 2 4
22 2 2
14 17 5
1 4 3
13 16 5
1 4 7
6 11 2
0 2 8
20 0 1
7 10 2
9 13 4
14 18 3
19 23 2
15 17 3
17 20 5
5 9 5
10 13 4
11 13 5
15 18 2
22 1 1
7 10 2
23 2 6
4 8 4
2 6 4
11 15 6
17 20 7
3 7 1
4 7 2
20 23 5
19 22 5
2 5 4
14 16 4
5 8 5
3 6 7
17 21 8
21 23 1
12 14 3
23 4 8
14 17 6
0 3 8
22 2 6
1 4 1
10 12 8
23 4 2
15 16 1
2 4 6
7 9 1
16 18 7
10 12 3
17 20 4
7 10 8
2 5 5
2 6 1
4 7 6
13 17 6
16 20 7
23 2 2
7 9 6
6 10 5
18 21 8
0 4 7
4 5 3
2 5 8
18 22 4
0 3 3
0 3 4
9 12 7
8 11 3
2 4 1
20 23 7
19 22 8
6 10 3
2 5 6
7 9 5
14 17 5
22 1 5
16 20 1
21 0 8
14 16 6
10 14 1
6 10 1
14 15 3
4 7 1
15 19 7
4 8 8
14 18 7
5 7 1
10 13 2
7 10 6
6 11 8
18 21 7
3 8 8
7 12 5
6 10 6
16 18 4
6 11 3
15 19 4
13 16 7
19 21 1
20 22 3
23 1 5
4 6 8
8 12 1
6 8 7
6 10 4
23 0 2
18 20 6
20 23 8
4 8 4
16 18 4
2 4 2
15 17 6
10 14 3
20 22 1
12 15 2
21 1 3
6 10 1
13 17 1
3 4 6
19 22 2
17 21 6
17 19 5
18 21 6
4 6 5
3 6 5
0 2 2
17 19 5
3 4 3
6 9 6
13 15 3
22 0 4
14 18 6
19 22 5
6 9 6
5 7 6
9 13 6
19 22 1
22 3 4
14 17 8
22 0 2
5 6 6
3 6 7
10 14 2
4 7 1
7 10 6
14 18 4
4 8 8
19 22 2
8 13 6
12 15 3
5 8 2
1 5 3
19 23 4
5 8 1
17 20 7
23 3 4
16 19 4
15 20 2
4 7 5
2 5 6
2 6 2
4 6 7
3 3 7
10 13 8
17 20 2
1 4 8
2 3 4
3 6 5
2 6 5
18 20 7
4 8 5
6 9 8
20 1 4
5 7 8
17 20 5
18 20 2
21 0 5
14 18 5
12 17 1
15 19 5
10 14 5
14 18 3
3 7 4
1 3 7
21 0 1
2 4 8
23 1 6
0 4 2
6 8 3
2 7 7
9 10 2
10 13 4
12 16 7
22 2 5
21 0 2
1 4 3
13 17 5
16 19 8
6 10 2
5 8 6
5 8 7
16 20 2
8 9 5
4 7 2
11 16 1
2 5 3
20 0 4
8 11 3
2 6 8
12 15 5
1 5 5
2 5 4
17 20 7
18 20 2
14 18 6
21 2 3
7 10 6
18 21 3
20 23 6
20 21 6
17 20 5
5 9 7
2 5 1
14 16 1
7 10 5
21 1 5
22 23 4
13 14 5
11 13 7
4 6 1
20 0 6
21 22 4
16 21 6
14 19 3
2 5 4
10 12 6
2 4 5
18 21 4
20 23 5
15 17 2
18 22 6
13 17 6
11 14 3
2 5 7
10 13 6
8 11 4
17 19 5
6 10 6
1 3 8
23 2 8
0 3 1
0 3 6
13 17 2
7 10 5
0 3 3
3 6 2
5 6 3
2 3 2
22 0 2
15 19 8
10 13 5
0 3 8
11 13 3
11 15 3
13 16 1
20 23 5
11 14 5
10 13 2
10 12 2
19 21 7
5 9 8
19 22 3
6 9 3
17 20 4
23 3 3
4 8 6
15 17 8
21 1 7
3 5 2
18 22 6
6 9 5
11 13 4
14 16 6
15 18 2
15 19 6
7 10 4
17 17 4
23 3 3
17 21 7
6 7 4
13 15 6
22 1 1
3 8 3
18 22 7
6 8 4
2 5 6
5 9 3
6 10 7
3 7 4
16 19 7
5 10 3
22 2 1
19 23 4
13 17 8
3 6 7
15 18 2
4 8 1
21 0 6
18 22 7
10 13 8
20 0 1
21 0 2
9 11 4
20 1 5
16 19 8
16 21 1
7 10 1
16 20 3
1 7 5
7 10 5
14 17 5
1 3 8
20 23 4
5 7 4
12 13 8
17 20 6
14 18 7
22 1 1
3 4 4
15 18 3
11 14 5
0 4 5
3 6 2
6 8 3
9 11 8
16 19 3
2 5 7
14 17 7
20 23 3
2 5 7
11 13 1
14 15 1
23 2 5
17 20 8
6 10 3
18 21 3
4 7 5
2 5 7
5 7 8
11 12 3
2 5 8
10 12 1
4 7 6
19 23 2
15 19 1
7 9 7
13 16 1
22 1 6
12 16 1
10 13 6
13 17 8
11 15 4
19 23 3
17 18 2
14 16 3
20 21 5
19 21 3
7 8 2
7 10 7
21 1 6
11 13 3
0 4 8
9 12 1
0 3 1
22 1 4
5 7 5
21 0 4
8 13 7
5 6 1
18 21 6
8 10 3
7 10 6
9 11 7
13 18 8
3 7 1
18 19 8
13 14 1
21 23 5
0 3 5
2 5 1
14 16 3
8 11 3
18 21 8
21 2 5
13 15 6
21 0 4
12 14 5
8 11 7
16 17 7
2 5 5
9 13 7
1 4 4
4 7 5
1 4 5
1 5 2
0 4 4
20 0 7
22 1 2
10 14 1
20 0 4
18 20 8
15 18 5
14 19 5
19 21 4
10 13 1
0 4 8
19 23 5
12 14 5
0 3 5
8 12 2
20 23 1
16 19 7
7 8 3
0 5 4
4 8 7
1 4 4
22 1 5
8 12 3
17 20 1
0 3 7
1 3 4
17 21 2
20 0 1
22 0 1
8 11 8
17 19 1
5 6 4
18 19 1
12 16 4
18 22 6
16 17 3
7 10 2
0 5 2
20 0 1
10 15 5
21 0 8
8 11 6
11 16 6
0 2 7
11 13 8
21 23 8
8 9 7
7 10 6
1 2 1
3 5 3
5 8 4
16 20 5
0 4 4
7 10 3
9 11 3
22 1 3
4 6 4
17 21 3
19 22 4
12 13 7
17 21 2
6 8 8
20 23 7
22 2 4
0 2 5
13 17 7
16 20 2
9 12 3
2 4 3
5 9 8
16 21 2
6 9 7
22 23 7
2 4 8
5 8 8
1 4 2
22 2 4
10 14 8
0 2 4
22 0 6
1 4 6
11 15 6
23 3 7
9 12 7
6 9 8
17 22 3
20 23 5
0 3 3
10 12 8
9 12 8
20 0 2
10 12 8
17 21 6
22 1 7
1 4 6
7 11 3
6 9 2
3 7 1
9 11 4
17 21 8
9 12 6
3 5 4
0 3 5
15 17 8
22 0 4
3 5 3
17 19 7
3 5 1
21 0 5
15 20 6
15 20 8
19 21 8
10 12 4
22 0 1
13 16 1
15 18 5
1 3 5
10 13 7
16 21 1
21 23 8
6 8 5
23 2 1
8 11 6
19 22 3
0 4 2
18 20 6
19 23 1
3 7 7
8 11 3
6 9 3
21 1 3
10 14 3
6 8 8
10 11 2
0 5 8
11 15 3
2 6 7
19 22 5
10 12 5
11 15 8
22 0 8
2 5 3
8 10 6
10 14 1
0 3 7
6 11 4
12 15 8
2 4 1
14 18 5
20 0 2
18 20 7
20 0 2
20 23 6
1 5 5
10 15 4
23 0 2
0 1 4
15 18 1
6 11 7
22 0 7
8 12 7
1 4 1
21 0 7
17 19 3
4 6 7
4 4 5
12 15 6
19 0 7
9 12 6
9 13 8
4 5 7
9 11 2
21 1 6
17 21 7
10 13 4
10 13 1
1 2 7
2 6 8
6 11 4
18 21 5
3 6 1
8 10 6
14 17 4
10 14 6
9 12 6
11 14 6
19 23 7
7 9 3
11 12 1
9 12 1
7 10 8
15 17 3
23 2 8
2 7 7
21 1 5
17 19 3
23 2 1
14 16 3
7 11 5
5 9 8
8 10 5
