850 14
3 4 5 1 6 7 7 10 10 7 8 10 4 2 
5 8 1
0 4 5
6 8 11
4 6 11
4 8 5
2 2 8
3 5 7
14 17 6
5 7 11
3 6 4
10 13 14
2 5 14
18 23 2
10 13 7
22 2 1
6 10 14
9 12 11
17 21 2
13 16 13
18 22 6
15 17 6
23 3 7
11 12 14
14 16 13
18 21 7
12 15 1
3 4 9
17 21 13
2 9 12
5 9 6
10 13 11
5 8 2
22 2 1
20 22 9
3 6 4
9 12 5
22 3 9
13 17 1
18 21 2
23 1 9
7 8 1
3 6 7
6 8 10
16 22 5
9 12 7
6 8 7
17 20 12
20 21 9
2 4 11
6 9 14
0 3 3
15 19 12
6 9 7
16 18 4
19 23 3
15 17 5
14 17 7
10 14 14
3 5 2
14 15 3
4 5 5
23 0 14
0 3 5
12 16 6
6 9 2
1 5 6
13 14 14
8 11 6
22 0 6
0 5 2
20 23 9
22 1 8
4 7 2
20 22 1
0 4 4
14 16 10
13 17 8
1 3 9
9 11 13
14 18 9
18 18 5
5 8 9
15 17 10
10 12 6
13 16 9
4 7 10
11 14 2
16 20 13
4 7 7
15 19 11
16 18 1
14 17 1
13 16 1
4 9 3
4 5 2
11 13 11
1 4 2
18 19 13
15 18 14
5 10 7
2 2 12
9 12 11
3 7 7
4 7 2
16 19 9
11 16 2
23 3 12
14 17 2
18 22 2
15 17 14
12 17 2
10 13 7
5 7 5
12 15 2
3 6 1
7 11 12
0 3 4
18 21 5
5 7 13
8 11 13
6 9 4
20 23 12
10 14 6
9 13 1
21 1 8
21 1 11
13 15 6
0 2 13
13 16 2
8 11 7
19 22 8
23 0 14
21 0 10
11 14 5
8 11 10
21 1 9
0 1 1
13 17 2
13 18 1
17 20 4
5 8 5
20 0 1
21 0 1
22 0 3
20 23 7
13 17 5
17 20 2
8 11 8
15 18 1
4 7 4
18 19 14
23 2 2
0 4 11
13 17 1
13 18 5
23 3 5
8 12 11
12 15 14
8 10 8
13 15 7
10 13 11
10 12 9
0 4 4
16 18 14
0 1 13
18 19 2
21 0 13
6 10 4
17 20 8
18 22 12
11 14 8
1 4 7
13 16 2
23 3 11
23 1 12
11 14 1
0 1 4
12 15 9
12 15 3
21 23 5
17 19 14
22 0 14
14 16 9
9 12 2
6 9 14
8 11 8
14 16 8
16 20 4
9 11 6
14 17 9
18 21 10
5 9 1
8 11 3
17 20 9
12 15 7
9 14 11
7 11 2
23 2 11
1 4 14
22 2 9
16 18 13
5 10 3
21 23 1
9 13 11
13 16 2
19 21 2
6 9 6
16 19 12
8 12 6
7 11 14
12 15 10
20 23 13
10 13 3
20 22 14
4 8 13
7 10 2
10 13 4
12 16 9
16 18 7
22 23 10
16 17 7
21 23 6
1 3 3
7 11 7
15 17 4
21 23 2
10 13 4
1 2 7
10 14 9
22 1 12
16 19 4
1 3 4
8 12 5
12 14 5
10 13 6
6 7 13
12 15 14
8 11 9
13 18 5
3 7 4
18 20 6
22 2 14
17 19 7
11 14 14
12 16 3
4 7 14
9 12 8
10 13 5
11 15 3
15 19 10
11 15 1
18 21 3
1 4 6
15 17 5
13 16 12
3 6 10
10 13 12
14 17 2
11 14 13
18 20 8
0 4 12
9 9 2
8 10 5
20 22 2
23 3 2
16 19 9
3 6 8
12 14 6
12 14 13
20 22 1
2 3 14
3 5 14
15 19 3
11 16 5
9 12 1
1 3 1
19 22 1
5 9 3
10 15 2
20 23 9
22 22 7
19 22 10
13 14 10
6 8 14
7 11 2
23 2 2
23 4 5
5 10 4
14 15 7
15 19 9
7 10 6
14 16 3
18 21 7
5 8 4
18 21 8
13 18 13
14 17 7
19 21 13
4 8 4
20 21 2
16 20 10
14 15 7
8 9 14
23 1 9
12 15 11
8 12 5
3 6 4
14 16 8
12 15 2
3 6 5
18 19 11
0 6 5
11 16 11
11 14 12
3 6 10
15 16 7
7 11 9
13 16 12
11 14 2
7 10 13
9 12 3
22 2 14
22 1 2
1 5 3
4 7 2
8 13 2
22 1 9
8 11 12
12 15 11
16 19 14
6 9 4
11 15 2
1 5 6
18 20 4
4 7 14
4 6 8
4 7 14
17 18 2
10 14 7
12 16 10
22 1 5
5 6 10
13 14 1
5 7 2
22 2 11
5 7 7
12 15 10
3 7 2
21 22 2
21 0 10
15 17 12
17 18 10
4 6 2
4 7 1
18 21 10
6 9 7
20 22 1
20 23 13
14 19 12
16 18 1
7 8 8
2 5 11
18 21 6
20 23 3
3 6 10
23 3 14
23 4 9
6 10 8
20 22 7
18 22 4
2 5 2
5 8 9
18 21 6
12 14 4
8 10 9
12 15 6
13 17 10
21 2 11
0 0 7
12 15 1
21 22 4
19 23 8
6 10 12
18 21 3
15 18 7
14 17 9
21 0 5
20 23 1
1 5 3
6 8 4
14 18 11
7 10 10
16 19 5
23 1 4
14 17 5
22 1 7
19 20 12
8 12 14
16 18 4
5 7 8
17 18 1
5 8 13
15 19 10
18 21 10
6 9 2
22 0 5
17 20 11
16 21 2
21 0 10
5 10 6
0 2 13
16 21 2
10 13 10
10 12 8
6 8 9
1 4 9
22 1 2
7 9 13
12 13 1
17 19 10
16 21 14
6 8 6
16 20 8
18 21 5
10 13 10
4 6 8
10 13 7
19 0 11
20 22 14
20 0 1
11 14 14
13 17 4
1 3 8
23 3 14
3 5 8
3 7 11
23 3 14
1 2 2
15 19 9
4 8 13
19 22 11
4 7 4
8 12 3
2 4 3
17 18 5
19 21 14
5 8 6
18 20 7
22 23 12
11 14 11
11 14 9
9 12 8
21 23 11
1 4 4
7 11 9
19 21 14
11 14 5
2 6 8
20 23 3
21 1 10
6 8 5
7 10 12
22 1 9
6 7 11
21 2 7
5 8 4
6 9 5
7 8 1
8 11 13
15 16 12
4 8 2
2 6 3
1 4 8
0 3 13
0 1 13
8 10 14
22 0 8
12 15 10
20 1 9
20 0 4
13 17 2
1 4 6
12 13 2
2 4 11
3 7 13
16 18 2
6 9 3
13 15 1
1 5 7
7 10 4
12 14 2
6 8 3
21 0 9
21 23 13
3 8 3
21 0 3
22 1 7
10 13 9
14 16 10
21 0 14
22 2 9
6 9 13
17 18 10
17 18 13
13 17 12
5 10 5
6 9 6
2 5 4
5 10 2
8 11 3
16 18 12
22 23 3
20 22 8
23 3 2
9 14 7
20 23 2
22 1 14
6 6 11
14 18 2
4 7 4
5 7 12
20 1 9
0 4 9
4 7 8
7 10 14
10 14 9
16 18 4
16 20 13
6 9 8
8 11 14
8 10 10
11 13 14
4 6 4
23 0 8
0 4 2
21 0 5
9 9 11
11 14 10
14 17 10
5 8 1
18 21 3
8 10 8
23 1 5
14 16 1
6 8 13
8 10 9
11 14 8
3 7 10
10 14 2
4 9 12
15 18 13
13 16 1
12 15 1
11 15 6
0 2 5
13 18 7
20 22 2
8 12 2
15 16 14
10 13 13
19 22 11
5 7 8
23 1 9
18 20 4
2 5 1
22 0 9
13 15 13
1 4 14
7 10 7
13 14 8
17 21 9
19 22 1
13 15 12
11 14 10
8 11 9
18 20 5
22 1 7
8 8 8
9 12 8
20 22 10
10 15 9
8 11 12
6 9 12
6 10 12
0 2 8
14 16 12
2 6 6
23 2 8
16 19 5
5 7 11
8 11 4
5 9 5
11 14 6
21 0 13
1 3 4
6 9 4
20 23 2
6 8 9
0 1 1
13 17 13
13 16 14
20 0 6
23 3 9
19 20 9
2 5 3
18 22 13
9 11 10
14 18 10
6 10 11
16 17 10
12 15 1
3 6 4
23 0 5
19 21 8
21 0 10
1 2 12
13 16 14
3 8 1
20 23 11
10 13 3
12 16 3
0 4 5
6 9 12
9 12 8
14 20 2
9 12 8
6 9 10
4 7 8
22 23 7
12 15 6
4 6 12
7 11 6
17 20 4
13 19 3
15 18 14
12 15 1
10 15 1
15 19 10
5 7 5
0 3 12
19 22 8
15 19 14
2 6 5
5 8 12
16 19 9
10 12 12
10 12 8
15 18 8
3 6 4
20 0 4
9 12 5
5 8 1
18 20 1
14 17 2
8 10 4
3 7 4
22 1 11
17 21 12
19 21 14
8 10 8
20 0 12
7 11 13
10 12 14
10 12 4
0 4 14
18 19 12
11 14 7
10 14 14
3 7 11
5 7 14
10 12 14
21 23 5
15 19 4
0 2 10
11 14 5
21 22 13
23 1 7
14 16 7
9 12 3
15 18 1
10 16 8
18 21 10
23 2 1
16 18 11
8 12 3
12 15 14
2 4 12
0 2 4
6 8 14
9 12 3
0 2 12
12 16 7
20 23 11
8 11 11
1 4 5
19 22 13
11 13 12
12 16 11
21 23 9
14 17 1
15 19 5
10 12 6
0 4 7
10 14 6
14 16 12
15 18 11
3 7 1
11 15 14
6 9 13
4 9 6
15 18 1
23 1 12
18 21 12
9 13 3
8 11 2
12 14 8
18 0 12
23 2 6
16 19 5
13 16 2
1 4 6
23 2 10
16 17 1
13 15 13
19 23 14
12 15 7
4 7 11
7 11 1
8 11 4
18 21 6
8 12 4
0 1 6
22 1 11
8 11 11
14 17 14
21 23 1
5 7 9
9 12 12
0 1 13
13 17 6
1 4 2
14 17 6
19 21 9
11 14 3
8 10 12
6 9 10
18 21 13
6 10 1
6 9 7
7 10 5
1 4 11
10 13 11
17 21 9
5 10 12
16 19 1
15 18 9
23 2 3
17 20 6
9 10 4
15 17 9
8 11 10
12 14 2
9 11 5
15 19 4
12 14 6
8 11 6
20 23 7
1 4 9
11 13 14
19 21 6
16 17 6
3 6 11
17 20 2
20 22 6
2 5 8
8 7 8
15 19 9
7 9 4
12 15 5
17 19 6
16 20 9
22 23 14
21 0 10
17 21 4
9 13 6
12 14 8
6 10 14
19 23 5
3 8 3
19 21 12
12 15 7
19 23 2
20 22 6
19 22 5
12 16 1
2 4 13
8 11 10
23 1 1
18 22 3
5 8 2
4 7 10
9 15 6
9 11 3
10 12 12
23 2 13
7 10 9
19 23 6
1 5 13
16 20 14
1 4 5
0 2 13
9 11 9
15 19 14
1 4 14
1 3 2
0 3 10
9 10 14
21 0 6
23 2 3
14 19 1
10 12 6
15 19 8
21 1 7
22 1 4
17 19 6
3 7 10
3 5 14
3 4 2
7 12 12
3 5 4
2 4 5
20 0 10
16 19 11
20 0 9
4 6 5
17 19 10
11 12 9
2 5 4
4 6 12
18 20 5
21 0 10
20 22 2
5 9 6
19 22 5
1 3 1
13 15 7
0 3 7
21 0 10
7 9 14
11 15 12
