600 11
6 5 4 4 7 3 1 10 10 1 5 
17 21 1
19 22 9
4 8 9
16 19 11
1 3 7
17 21 2
20 0 10
1 4 2
1 5 9
2 6 5
12 14 6
17 20 6
21 0 8
20 23 10
18 21 3
6 8 4
2 6 4
13 17 5
21 0 11
21 0 9
0 2 9
13 15 8
9 12 10
17 19 4
9 11 1
21 0 4
14 16 11
2 5 9
0 3 4
12 16 8
23 2 8
15 18 1
23 2 6
10 13 5
12 15 10
10 13 1
14 18 8
21 0 5
18 21 11
0 2 3
22 1 5
4 7 6
15 15 5
22 2 2
7 10 10
19 22 1
2 6 9
14 17 11
7 9 4
23 3 1
0 3 7
18 22 8
20 23 4
16 20 2
17 22 1
19 22 9
16 19 3
23 4 2
8 10 7
10 15 4
9 12 7
3 5 9
12 14 6
18 20 3
22 1 4
15 17 4
10 13 8
8 11 6
12 15 8
13 18 3
8 11 11
14 17 11
5 9 10
21 0 9
12 14 5
20 23 4
1 6 8
4 7 3
20 22 4
23 0 6
19 23 10
23 3 6
4 5 2
17 18 10
7 11 2
10 12 5
15 18 10
17 18 8
1 4 2
9 11 10
19 22 4
2 5 5
20 21 4
22 1 6
1 5 11
15 20 11
18 20 7
23 3 5
17 20 3
1 3 6
3 6 6
6 10 10
16 19 7
8 12 5
11 14 3
2 4 7
3 8 5
19 20 10
7 9 1
22 0 3
23 1 5
0 2 11
13 17 8
20 23 5
1 6 5
5 8 11
16 17 3
2 3 2
17 20 11
7 10 8
13 15 5
22 1 9
23 5 1
13 16 10
20 0 4
22 3 7
22 1 8
6 8 11
18 19 10
10 14 4
3 4 9
22 0 7
18 20 1
20 23 11
17 19 6
15 17 8
14 17 3
11 15 6
10 13 2
10 12 10
0 3 2
19 21 3
19 22 7
13 17 3
9 12 5
22 2 11
11 13 2
23 2 3
10 12 10
22 0 1
9 12 2
15 18 5
4 6 2
14 18 1
20 23 7
6 7 6
7 11 7
22 0 10
21 1 1
12 15 1
4 6 10
12 14 11
3 6 4
8 11 7
23 3 10
23 2 4
23 1 7
3 5 5
0 3 8
20 0 8
10 15 4
17 19 11
14 16 6
17 21 9
4 8 7
7 10 5
14 18 6
6 10 4
17 20 11
19 21 2
21 0 11
17 20 10
2 6 9
5 8 2
22 0 1
1 4 2
18 20 10
1 5 2
0 3 10
15 19 9
15 17 11
7 8 1
0 3 3
0 2 5
5 8 1
0 3 3
20 22 1
21 0 10
10 14 1
22 2 2
17 17 4
19 22 7
19 20 8
21 1 1
15 17 9
21 23 4
18 19 1
23 1 4
9 13 7
14 18 11
1 4 4
14 16 9
0 3 4
4 7 10
0 3 2
13 15 11
4 7 10
14 20 3
3 6 9
13 17 4
0 2 6
2 7 10
19 22 10
10 13 10
8 11 5
17 20 8
19 22 5
5 8 3
0 3 5
4 8 2
14 15 2
8 11 3
10 12 6
3 7 8
20 0 11
19 21 7
12 16 7
5 8 4
0 3 7
0 2 10
20 20 1
9 12 4
5 9 5
19 21 2
5 8 6
4 6 3
18 20 4
0 4 1
18 20 4
19 0 10
20 0 9
1 3 6
18 20 10
20 21 3
19 22 11
1 4 1
10 13 8
13 16 4
14 19 1
11 13 10
4 7 2
15 19 5
5 9 8
2 4 3
11 14 7
21 0 7
10 15 2
4 7 11
20 22 9
22 2 7
21 0 5
7 11 8
20 22 6
4 7 5
5 8 3
18 21 5
15 17 3
10 12 5
15 19 6
20 23 7
1 4 4
0 2 10
23 2 7
16 18 7
18 21 7
4 8 8
18 20 2
6 8 9
4 8 9
17 21 6
11 14 3
12 17 6
19 21 2
16 17 6
19 0 4
3 5 1
16 18 10
18 21 8
12 14 9
2 5 1
7 10 5
11 12 6
18 23 3
10 14 7
9 11 1
12 14 1
1 5 5
16 19 11
9 11 8
14 16 5
15 18 8
8 12 3
4 7 3
6 11 6
0 1 8
4 9 8
10 13 5
2 6 5
6 9 3
8 11 4
14 16 3
18 22 2
23 3 9
19 21 11
20 22 5
18 22 7
14 17 2
21 23 5
5 8 7
17 19 6
21 22 8
21 2 8
20 0 1
17 20 6
4 7 8
10 14 3
14 15 10
6 9 1
20 23 10
11 13 8
14 16 7
11 15 5
6 9 2
20 23 11
17 21 7
14 18 11
7 11 3
20 1 10
4 8 8
6 10 1
16 21 4
11 14 3
16 19 4
3 6 4
10 12 8
6 8 7
16 16 9
8 12 3
14 16 7
0 3 11
6 10 5
15 18 8
17 20 6
4 7 4
7 11 5
16 17 10
17 20 8
18 1 2
20 23 1
9 12 5
14 17 7
18 21 2
16 17 5
9 13 2
0 2 2
19 20 11
9 14 3
2 5 6
15 19 7
7 10 11
1 5 8
16 20 5
22 23 11
15 20 5
0 4 10
13 17 2
6 10 1
20 0 3
4 7 7
4 6 5
20 21 4
19 22 9
21 2 2
20 21 1
4 10 8
6 7 4
23 4 3
8 11 8
23 1 3
3 6 11
1 3 7
4 7 8
0 3 1
22 2 8
5 9 5
12 14 2
0 3 11
10 14 9
19 22 3
16 19 6
9 12 2
10 13 5
12 16 7
3 6 10
17 19 11
20 23 5
1 5 4
12 14 7
11 17 1
8 12 11
7 12 8
6 10 8
4 7 7
11 13 4
8 10 7
2 6 5
19 22 2
18 21 9
6 10 4
2 4 2
0 3 3
17 20 10
22 1 5
21 23 1
4 7 9
17 22 7
20 1 9
5 7 2
6 9 11
21 0 4
16 18 4
11 15 7
20 22 9
3 4 5
4 8 9
14 17 2
0 3 6
6 8 6
3 4 9
0 4 11
14 17 7
15 17 3
4 5 4
13 17 2
0 3 7
13 17 4
4 7 2
2 4 10
5 9 6
4 8 8
22 1 7
18 22 8
20 23 2
4 7 11
3 6 2
17 19 6
3 6 5
0 1 1
15 19 10
15 18 4
6 11 3
12 14 10
10 14 4
13 15 9
20 22 8
9 14 7
17 20 1
23 0 10
3 5 11
20 23 9
23 1 5
23 4 9
3 6 3
18 20 8
23 1 1
12 15 4
2 5 9
12 15 8
7 11 1
16 19 8
23 3 9
0 3 8
11 14 5
14 17 5
3 5 9
6 7 11
7 11 5
22 0 10
0 3 10
2 5 1
10 12 8
16 18 1
18 21 3
2 5 2
14 18 10
9 12 7
2 7 1
8 12 10
11 13 3
22 1 6
9 10 5
3 5 11
3 6 10
20 23 4
13 16 3
22 2 8
14 19 5
11 15 1
23 3 9
4 8 7
13 15 8
4 6 3
6 10 3
6 11 1
9 13 5
23 4 8
21 0 4
0 3 7
9 11 6
7 10 4
12 15 4
20 0 3
0 3 4
21 22 6
13 17 11
9 12 7
0 4 7
9 14 10
7 10 5
7 11 8
5 9 10
2 4 4
23 1 11
13 16 4
2 3 8
4 5 9
7 12 1
0 3 3
1 4 5
6 9 10
15 17 10
3 7 10
15 17 11
21 2 3
23 2 5
23 1 2
5 8 10
18 22 5
1 4 10
7 10 6
9 12 2
11 15 11
11 16 9
17 20 10
23 3 2
22 1 6
16 21 6
11 13 7
22 2 3
14 18 8
16 18 8
9 12 2
17 18 5
6 10 1
16 20 4
8 10 10
17 20 3
21 0 11
10 14 7
6 7 7
15 17 9
9 11 6
12 15 5
9 12 9
12 16 9
4 6 7
2 5 8
2 5 3
20 23 3
21 0 6
12 13 8
15 18 11
22 1 7
10 13 11
2 5 7
13 15 7
6 10 2
17 20 5
23 3 6
18 20 9
