1500 19
6 10 10 3 5 5 9 5 9 9 3 10 7 8 2 7 9 9 6 
18 21 12
8 13 19
3 7 9
2 7 15
0 4 9
19 22 12
4 5 6
11 14 19
0 3 2
9 11 4
0 6 4
18 20 5
7 8 10
7 10 17
13 15 6
17 20 18
6 9 13
2 4 2
16 19 7
3 6 6
22 2 5
8 12 5
15 18 4
12 14 12
17 20 13
0 2 13
5 10 16
20 22 6
3 6 13
3 6 10
18 20 10
13 15 4
17 20 5
22 1 19
2 8 16
1 2 2
16 20 12
22 1 11
21 0 11
14 16 17
1 4 3
21 0 18
17 20 6
19 22 16
9 12 9
21 0 16
3 5 14
0 3 7
20 0 5
4 7 11
4 7 3
20 21 3
18 20 11
2 4 19
23 0 9
14 16 7
10 12 5
1 5 4
16 19 1
21 0 12
5 10 9
23 2 10
21 23 17
1 3 18
20 0 9
4 8 14
3 4 7
9 13 16
1 3 11
21 23 15
6 9 19
5 8 19
17 20 16
2 4 10
15 19 6
3 7 6
13 15 8
17 21 15
0 3 10
5 10 7
5 6 16
0 4 1
18 20 7
17 21 18
14 16 15
1 4 16
21 1 16
16 19 12
18 21 9
14 17 9
13 16 1
1 4 11
6 8 15
22 1 16
2 4 8
1 4 9
0 1 19
14 16 12
11 12 18
23 0 9
6 9 11
15 19 2
10 11 11
17 21 1
6 8 7
9 11 9
23 2 18
7 11 3
16 19 5
1 5 16
23 3 5
7 10 4
16 21 2
16 21 8
13 15 7
12 17 4
15 17 7
16 20 15
22 3 4
9 10 10
15 18 10
23 2 10
4 7 4
17 19 18
12 16 4
16 19 4
4 7 18
21 0 19
22 2 6
7 11 4
4 8 14
17 21 2
9 12 8
1 5 2
7 10 4
0 5 9
13 16 8
20 23 6
12 16 17
21 0 17
16 18 15
1 5 17
16 18 3
2 4 2
5 7 17
22 0 8
23 3 18
1 5 3
22 1 19
1 4 8
20 22 13
11 15 12
16 20 7
21 0 12
8 12 11
2 5 3
18 21 11
15 17 15
4 8 12
18 22 7
9 10 5
10 13 13
2 7 16
8 11 18
19 22 12
19 22 14
0 2 6
8 13 19
20 0 10
9 14 16
8 11 16
18 23 15
12 16 1
21 23 6
1 4 10
2 4 3
11 14 16
23 1 19
6 8 15
18 21 2
19 22 8
21 0 12
18 21 14
0 3 5
21 0 15
20 23 19
4 6 10
9 12 5
10 13 9
22 1 16
19 22 2
6 10 3
18 20 7
23 3 11
1 5 10
7 10 10
23 1 14
22 0 7
12 15 13
6 9 19
1 3 14
3 5 3
16 19 19
22 2 2
3 7 1
12 15 6
0 1 18
6 9 16
3 6 19
0 3 7
16 18 14
11 13 9
22 1 4
7 12 3
0 4 19
16 20 15
21 0 6
11 12 1
13 16 14
9 13 3
15 16 1
16 19 9
10 12 14
5 8 11
21 23 11
5 9 11
16 20 1
14 18 15
10 15 1
20 23 7
5 8 6
19 21 15
14 15 16
5 7 12
23 2 17
7 9 1
18 19 17
9 12 6
0 3 8
16 20 11
0 1 17
19 0 3
13 16 17
12 16 14
2 5 8
18 21 16
1 2 16
14 17 10
13 16 14
19 22 15
9 10 6
21 23 3
20 0 7
23 3 5
1 3 11
6 7 19
0 4 10
5 6 4
4 7 4
15 18 1
2 4 18
16 16 3
1 6 10
22 23 11
7 9 12
23 2 8
5 9 7
12 17 17
13 16 14
13 15 3
14 16 12
13 17 9
13 17 11
7 11 9
22 2 11
10 12 1
13 16 13
22 3 2
3 8 6
20 23 5
3 8 14
21 23 13
23 2 13
23 0 6
21 22 6
7 10 13
17 20 10
5 8 11
17 20 8
12 15 9
13 16 4
19 22 18
13 15 16
1 5 11
8 10 6
22 0 10
0 2 19
5 9 2
3 7 15
20 0 14
11 16 2
6 9 16
6 9 14
9 11 9
23 2 2
3 4 8
11 14 2
6 7 2
8 10 17
15 17 4
3 6 14
9 11 17
2 6 2
11 13 14
20 23 6
16 19 10
16 18 15
22 1 8
8 11 5
9 13 15
2 5 10
11 13 14
21 1 13
18 21 9
15 19 18
4 5 4
23 2 9
10 13 17
8 11 16
22 23 12
15 16 14
10 13 5
15 17 19
18 22 15
20 0 13
18 22 11
2 5 1
0 4 2
16 21 19
16 21 13
15 18 6
2 5 13
5 10 10
0 3 14
22 1 4
10 13 11
4 7 11
8 9 4
13 16 19
15 18 19
3 5 19
15 16 5
4 7 1
6 9 9
3 5 13
19 0 12
11 13 1
22 2 15
17 21 10
6 10 6
14 17 11
3 6 14
9 14 11
0 4 9
22 1 1
23 1 17
3 7 1
23 2 7
3 7 6
0 4 3
18 20 7
21 0 6
2 4 11
16 18 12
0 2 19
7 8 9
8 11 5
22 1 18
14 18 14
16 20 19
7 7 13
10 13 18
11 14 6
20 1 18
22 1 9
15 17 10
2 5 6
2 5 6
5 6 19
12 15 17
13 15 17
22 0 2
19 23 11
6 9 17
0 2 4
18 22 19
2 6 14
17 20 9
9 12 1
2 5 6
5 9 9
9 12 5
14 16 13
10 14 11
8 12 2
13 17 13
13 18 4
13 17 2
8 11 17
7 9 14
23 0 10
3 7 1
3 6 8
12 14 5
0 2 18
9 14 6
16 20 11
20 0 1
20 22 5
16 19 2
20 0 7
21 22 6
4 9 5
4 9 13
11 14 18
1 3 9
17 18 16
5 10 5
7 12 2
21 21 1
17 20 10
20 0 18
18 21 10
2 6 6
1 4 9
9 11 2
21 23 18
17 20 10
11 13 19
10 12 14
2 6 18
5 11 6
1 4 16
13 19 4
4 7 11
8 11 7
20 0 17
10 13 2
12 15 8
23 4 5
8 12 3
15 19 4
4 7 4
14 17 13
9 12 16
23 4 2
23 1 11
7 11 10
16 19 19
22 2 2
17 20 13
11 13 2
22 1 15
16 18 17
20 23 12
1 5 10
17 19 13
18 20 10
21 0 16
3 7 2
10 14 6
22 2 14
11 15 16
17 19 3
22 0 7
17 20 9
2 3 17
23 2 7
5 8 4
11 13 16
1 3 11
8 14 8
9 14 19
8 11 17
14 16 12
9 12 15
0 4 1
22 1 7
18 19 4
14 17 3
21 1 12
22 2 16
14 18 17
10 13 4
1 3 3
5 8 12
23 1 3
3 6 15
1 5 3
18 21 14
21 23 3
22 1 15
22 1 5
23 1 3
13 19 2
20 1 1
0 2 15
20 0 2
14 18 15
1 3 10
14 18 1
1 3 3
9 12 14
4 9 3
14 17 1
22 0 16
18 21 6
19 21 15
5 8 19
22 1 11
9 12 18
18 22 5
19 21 8
23 1 18
15 19 11
17 18 16
6 8 1
14 17 12
21 1 12
3 6 5
7 10 13
14 20 12
2 6 11
16 17 15
6 10 5
10 14 16
17 20 3
16 19 14
15 18 10
23 4 18
1 5 1
15 18 15
4 9 7
20 23 6
15 17 19
1 4 12
9 11 1
5 9 17
13 17 19
1 4 2
14 18 11
9 10 2
16 20 10
20 23 7
5 8 5
13 15 14
21 1 18
10 12 16
16 21 8
21 1 5
14 17 1
10 13 14
16 20 3
22 0 3
16 19 4
6 8 14
5 9 17
20 22 2
15 18 15
6 10 18
14 17 14
2 5 16
21 23 10
8 13 18
1 6 9
1 2 6
22 1 18
8 11 4
23 2 10
11 13 14
1 5 17
12 14 17
9 10 8
5 8 5
2 5 10
16 18 19
23 2 15
0 3 19
2 4 1
7 9 9
16 20 13
21 0 1
19 21 4
22 2 11
12 16 17
2 4 18
13 18 13
0 4 10
18 20 6
0 1 2
19 22 16
5 8 8
6 11 18
3 6 10
21 1 15
15 17 11
2 6 17
11 15 6
20 22 19
20 22 11
11 13 11
5 9 1
23 3 4
17 19 2
10 13 12
4 7 8
5 8 1
12 15 10
7 10 10
18 20 13
4 8 5
11 16 5
16 19 18
12 15 17
14 20 17
23 1 10
6 9 7
0 2 7
17 20 3
15 18 11
6 10 7
6 7 11
16 20 17
12 14 4
11 13 3
3 7 2
0 4 18
3 5 2
19 0 6
8 10 5
8 10 16
16 19 7
2 5 10
9 12 10
0 3 17
9 12 2
3 6 8
19 22 7
21 0 1
7 8 14
10 10 9
18 21 19
10 13 5
13 16 19
7 9 13
14 18 17
12 15 2
8 11 16
17 19 5
17 21 8
3 8 7
7 9 19
2 4 17
20 23 19
5 9 2
12 16 15
22 1 14
7 10 5
15 18 9
11 15 4
15 17 7
16 20 18
10 13 17
12 15 8
20 22 7
22 1 11
4 8 1
9 11 11
11 15 5
17 21 11
7 11 11
9 12 18
6 8 12
4 6 3
12 14 17
5 8 17
22 2 14
17 20 12
15 17 8
14 16 16
5 7 11
6 9 17
9 11 9
11 15 18
2 4 9
13 16 6
3 5 15
11 15 16
19 0 8
2 6 19
4 6 12
20 23 18
13 15 16
23 4 14
16 18 17
3 4 3
21 0 11
23 1 17
17 19 18
20 21 17
17 20 1
19 21 6
13 16 17
0 2 7
10 14 16
6 9 18
16 19 3
15 17 16
15 17 14
7 11 8
17 19 16
8 13 2
4 7 7
2 4 12
16 18 7
16 20 12
19 20 6
2 4 11
23 1 8
11 13 17
12 14 2
4 8 11
19 23 14
2 5 13
2 5 18
13 16 13
4 5 11
7 8 10
9 13 12
1 4 8
18 23 5
0 5 13
3 5 12
3 8 14
2 5 12
0 1 3
18 23 11
10 12 9
15 18 2
7 12 18
4 7 11
3 6 5
4 7 11
22 2 17
23 1 9
11 14 16
7 9 3
9 14 3
18 20 15
21 1 15
7 9 2
8 11 12
21 0 17
14 17 19
15 19 10
12 15 18
17 21 14
21 23 8
5 8 7
18 21 11
14 15 12
16 19 3
22 2 15
15 16 18
6 7 5
8 13 4
11 14 17
10 14 5
3 5 14
16 19 13
21 0 4
1 3 8
10 13 14
9 14 9
4 5 4
3 7 10
9 13 17
12 15 18
3 6 18
6 8 11
22 0 1
16 19 9
15 17 14
13 17 17
19 22 14
5 6 2
10 13 1
0 3 2
15 17 14
2 6 19
15 17 15
19 21 18
16 18 11
7 9 18
1 4 19
6 8 9
13 17 4
23 2 15
20 0 8
13 14 1
0 3 17
0 2 10
4 7 18
5 9 1
2 5 14
1 3 8
2 6 15
2 3 2
22 23 14
2 3 14
3 5 18
4 8 17
21 23 4
16 22 8
18 21 7
18 21 15
13 19 17
7 10 4
18 20 10
15 17 18
22 0 1
5 8 16
2 5 1
16 18 15
1 4 3
0 3 4
11 13 3
17 20 3
13 16 10
3 6 4
12 14 14
5 11 2
1 4 11
22 2 3
18 21 5
12 14 17
2 5 11
0 2 8
23 2 11
21 0 6
0 4 12
23 2 2
0 4 5
23 3 7
0 3 16
12 14 15
11 14 15
7 11 5
18 22 16
8 10 5
22 0 15
9 15 14
17 19 5
11 14 8
0 3 9
4 6 10
22 1 11
6 10 11
12 15 15
11 15 3
2 5 4
15 19 2
1 4 19
12 15 13
20 22 17
12 15 1
0 3 6
17 20 10
6 9 13
7 12 14
2 7 16
20 23 8
3 6 7
0 4 13
1 5 6
10 13 9
18 22 19
1 6 4
23 5 6
13 17 12
19 22 18
7 9 9
18 22 19
2 5 14
18 20 12
20 22 13
12 15 16
4 8 2
12 15 14
3 6 12
11 13 15
11 13 13
13 15 9
8 12 11
2 4 4
22 23 3
20 22 18
14 17 18
19 22 9
12 13 2
11 15 11
10 13 14
21 0 14
15 16 5
4 7 13
4 7 9
18 21 11
6 10 5
0 2 11
9 11 15
3 7 9
4 6 19
19 22 12
6 9 17
18 20 4
1 5 8
19 22 18
17 20 17
13 15 15
18 21 13
15 19 13
13 18 16
2 5 13
13 16 10
20 23 9
22 1 5
21 1 9
22 0 6
20 0 17
10 14 16
22 1 15
7 9 18
16 19 4
5 8 13
13 14 12
14 17 1
8 12 3
16 20 5
20 23 2
9 14 4
5 8 4
6 8 9
18 22 18
10 12 14
13 15 16
8 12 10
4 7 16
6 8 2
1 2 16
17 19 17
11 14 6
4 8 3
21 23 7
6 9 3
23 2 4
12 16 6
4 5 6
3 6 4
3 7 16
12 15 8
10 13 10
16 19 12
15 17 17
3 6 8
12 14 13
12 15 14
0 2 15
9 12 1
20 23 16
10 11 9
23 1 8
5 9 12
9 11 4
10 15 5
6 9 18
20 23 2
13 15 17
17 17 14
23 2 12
19 21 2
6 9 9
11 13 14
17 20 10
0 3 11
5 8 18
15 17 5
9 12 8
20 0 17
2 5 5
21 0 11
11 15 7
7 10 9
0 2 9
5 7 12
4 7 12
6 7 15
16 19 4
14 17 2
13 17 4
23 2 15
19 22 13
5 9 11
12 15 17
2 5 15
23 4 9
11 13 1
3 6 2
7 8 10
7 11 7
10 12 4
6 8 7
3 6 19
23 2 7
15 18 1
5 7 5
12 16 3
12 16 17
3 5 2
21 23 8
22 2 16
6 10 13
21 1 12
7 9 7
23 2 12
21 23 6
7 11 2
21 3 16
19 20 12
5 8 12
17 19 2
7 9 15
0 3 13
21 23 10
2 2 4
1 3 12
21 1 10
22 1 4
14 18 11
2 5 1
4 8 13
10 13 13
23 3 9
13 17 3
12 15 2
20 0 9
14 19 10
20 0 18
0 2 15
3 6 17
19 23 10
23 2 15
12 14 19
15 18 8
18 20 17
11 14 10
17 21 5
11 15 15
21 23 13
6 8 16
3 5 10
0 4 10
18 21 9
13 16 5
10 13 17
19 1 12
21 22 17
6 9 1
15 18 5
1 3 6
22 2 3
15 19 9
19 22 16
3 4 13
17 22 15
9 12 17
16 18 18
22 23 19
11 13 8
18 22 11
17 19 18
23 2 7
2 6 9
14 19 9
2 5 3
4 9 3
21 1 7
16 20 7
6 9 10
11 14 10
1 4 10
18 22 9
17 23 15
7 12 14
22 1 3
14 17 18
6 10 6
5 7 5
21 1 13
1 4 17
9 12 7
16 19 18
5 7 11
16 18 1
12 16 5
2 6 19
4 8 16
5 8 12
1 2 13
9 13 11
19 22 15
10 13 4
7 9 13
13 17 18
21 1 14
19 23 11
4 6 18
11 13 9
18 19 19
12 15 1
22 2 12
8 11 17
12 13 13
6 9 11
5 8 4
21 23 10
4 6 12
10 15 10
23 1 15
6 9 11
23 3 12
13 18 18
4 7 6
19 23 1
21 0 19
19 22 1
5 7 2
19 22 19
8 11 17
9 12 15
20 23 13
16 19 15
18 21 6
20 22 14
10 13 14
9 10 11
4 6 3
13 17 13
10 13 19
10 14 5
16 19 5
9 11 18
6 8 11
11 13 1
1 2 13
22 0 7
16 18 1
1 3 17
7 9 14
18 19 14
1 5 5
18 19 3
16 20 11
8 11 14
17 18 7
12 16 2
7 11 1
23 2 8
19 23 18
14 17 13
11 13 10
8 11 10
20 1 2
7 10 19
18 22 5
15 19 4
23 2 7
22 0 13
14 16 7
4 8 5
12 14 4
10 13 2
0 2 9
0 2 7
3 5 8
4 7 1
10 12 9
5 7 5
14 17 17
17 19 18
7 10 6
7 11 12
18 21 12
22 0 2
19 0 11
20 23 13
1 3 15
17 20 5
17 20 8
1 3 3
16 18 1
20 1 3
2 6 8
5 7 12
11 14 8
7 10 11
18 21 7
0 2 3
10 12 12
10 12 14
2 5 15
7 11 3
17 20 1
10 13 19
3 6 18
18 22 2
2 6 2
22 1 6
16 20 6
3 6 15
2 4 9
4 8 11
16 19 4
12 14 11
18 19 2
3 5 10
4 6 18
3 6 8
21 23 6
20 22 10
10 14 17
13 16 14
15 18 18
14 16 4
20 0 7
8 12 2
18 21 10
16 18 14
5 7 18
1 2 12
20 23 13
19 22 14
1 4 6
7 10 14
22 1 1
12 15 14
22 2 8
7 10 1
4 7 16
17 19 4
10 13 9
5 9 3
6 9 7
1 5 7
3 5 12
14 18 11
3 6 8
8 11 19
4 7 12
15 19 17
15 19 8
18 22 7
14 17 8
2 6 2
21 0 14
11 13 6
2 6 6
8 13 19
1 5 6
22 23 11
13 17 7
7 10 3
2 5 16
20 0 3
0 4 3
17 19 8
14 17 13
5 7 14
1 3 3
23 2 8
12 15 15
16 17 1
21 23 19
11 14 15
2 5 9
8 10 11
7 10 6
12 15 17
14 17 9
13 18 2
6 7 3
16 19 7
7 10 6
1 6 5
20 23 2
20 21 1
18 20 13
11 14 12
6 10 1
11 14 11
5 8 4
0 2 5
11 15 9
17 22 10
22 0 18
4 7 18
4 8 7
5 8 4
20 23 18
15 18 1
8 11 7
1 4 13
21 0 19
23 1 10
11 13 13
14 18 5
9 13 10
13 14 7
11 12 17
20 22 11
7 10 17
9 12 3
9 13 7
15 19 9
19 22 10
5 9 15
13 16 1
8 11 2
3 5 4
22 1 6
3 6 10
12 16 8
9 12 1
23 2 15
19 22 8
10 13 7
13 17 14
15 17 6
19 20 6
6 8 10
10 12 3
18 21 15
5 6 17
10 14 13
2 5 17
0 2 11
13 16 3
8 13 2
10 14 4
11 14 13
15 18 15
8 11 14
17 22 9
19 22 5
8 11 15
20 23 13
16 20 8
12 16 6
7 9 14
21 0 15
6 10 1
19 21 4
0 2 2
8 12 18
9 12 12
18 22 3
5 7 3
16 18 3
11 14 19
2 4 17
17 20 8
3 5 6
10 13 12
7 10 8
22 1 19
0 1 3
10 13 6
5 8 6
1 5 2
23 3 2
4 6 4
7 10 8
19 23 2
21 1 1
16 20 14
23 4 18
4 7 12
18 21 8
6 9 4
9 14 4
9 12 8
8 11 14
7 12 15
8 12 1
14 18 16
16 19 2
1 4 7
13 16 5
20 21 19
5 8 15
17 19 10
5 8 2
22 0 2
0 3 12
5 8 1
13 16 5
12 15 3
17 18 12
18 20 12
0 3 19
4 7 8
6 10 9
2 5 1
17 19 6
4 5 14
17 20 15
17 23 15
3 8 10
20 22 1
20 23 17
6 10 6
23 2 13
0 2 11
18 22 15
9 13 17
21 1 11
21 0 1
10 14 1
1 3 8
19 21 14
13 17 7
21 0 9
23 3 4
10 12 4
5 8 11
5 7 5
19 23 12
10 14 8
2 6 14
16 19 18
1 5 11
18 23 4
14 18 17
17 19 8
22 0 15
10 13 7
3 8 7
19 23 15
16 19 15
6 9 11
13 16 1
6 9 3
14 18 6
5 8 7
23 0 19
20 22 7
20 0 11
22 1 16
2 5 17
18 21 10
1 4 14
17 21 12
14 17 1
5 8 10
10 14 4
6 11 17
23 2 11
13 14 13
10 13 3
7 9 14
21 1 9
13 16 14
13 16 8
14 19 1
23 2 3
21 22 7
0 2 13
14 18 5
20 22 19
15 16 8
8 10 1
19 23 2
19 22 4
15 18 5
12 13 15
12 14 3
4 7 8
10 13 16
21 0 8
5 8 18
5 8 3
