1150 8
6 3 6 2 1 5 1 6 
8 10 7
5 8 8
23 3 7
14 18 5
21 23 6
11 14 2
22 2 1
7 10 7
19 0 6
6 9 8
11 14 5
0 3 8
19 23 8
15 19 6
21 0 7
13 17 6
11 16 7
12 15 8
6 10 5
6 8 1
0 3 5
4 7 1
4 7 8
2 6 1
16 17 4
2 8 5
20 0 2
13 16 5
0 2 3
14 17 3
14 17 5
14 17 7
5 7 8
1 4 5
0 5 2
21 22 3
16 17 8
0 2 2
23 1 7
9 13 3
16 18 4
22 23 4
5 9 4
23 2 8
18 21 3
7 9 3
5 7 1
3 5 4
12 15 5
1 4 3
0 2 3
19 21 3
6 9 2
9 13 6
23 2 3
19 20 8
18 20 7
6 10 2
3 6 1
13 15 2
2 4 7
19 22 3
9 10 2
11 14 8
12 16 4
3 6 4
10 14 4
9 12 8
5 9 4
18 21 2
18 21 2
17 18 1
19 22 4
2 4 1
6 10 2
0 4 1
16 19 7
17 21 4
8 10 6
9 12 2
18 22 7
15 18 8
7 9 3
13 17 5
17 22 5
2 7 2
7 10 7
1 4 3
7 9 7
10 13 1
13 15 5
2 5 5
5 8 2
13 14 1
18 22 8
22 1 1
2 7 2
14 17 1
14 18 3
2 5 4
20 1 3
23 4 5
9 12 6
10 11 6
3 5 1
3 5 3
14 18 6
12 14 3
23 3 5
18 21 7
4 6 1
5 9 1
19 23 3
2 6 3
23 0 2
19 21 3
6 8 4
14 17 8
19 21 8
12 17 5
13 15 7
5 9 3
1 5 5
23 2 2
20 22 2
23 0 4
5 5 7
7 10 2
6 9 7
19 22 8
19 23 3
22 2 4
16 19 4
8 12 4
2 3 5
7 10 2
21 1 5
22 2 4
23 1 7
4 6 5
4 8 8
16 20 1
15 18 6
20 23 4
4 8 8
16 18 6
14 18 6
2 7 6
21 22 1
9 14 6
17 20 3
1 4 4
20 23 8
11 15 2
1 4 5
20 23 3
7 11 3
19 23 3
17 20 4
16 19 4
5 7 3
6 7 3
10 13 6
10 11 2
9 12 6
20 23 1
8 11 7
12 17 3
1 3 2
17 20 4
16 20 2
21 23 2
10 11 2
3 5 6
1 5 3
5 8 4
14 18 2
9 11 4
0 4 1
9 13 2
11 14 3
22 2 2
1 3 5
7 8 1
23 4 5
12 16 6
11 14 8
23 3 8
12 13 8
20 23 7
6 9 4
12 15 2
4 7 4
13 16 3
8 12 2
6 8 1
2 4 7
19 20 1
9 16 5
12 15 3
7 10 2
3 4 7
9 10 4
23 2 1
20 22 1
14 18 1
15 19 4
13 17 8
3 8 4
7 10 1
10 13 4
17 21 8
8 11 2
5 8 1
5 8 3
19 23 1
9 11 2
0 4 3
3 6 7
19 23 6
8 11 3
16 18 8
2 4 7
6 9 6
21 1 2
8 12 6
7 11 8
14 17 2
22 1 4
8 10 1
21 0 6
17 20 4
20 0 7
11 14 8
16 21 3
14 16 8
6 7 2
4 6 1
22 23 7
6 9 4
20 21 5
17 20 6
12 15 2
21 1 8
23 3 7
14 17 1
3 8 7
11 16 8
21 23 7
8 11 6
23 2 5
18 19 2
2 5 3
8 9 2
19 0 1
3 6 2
15 18 6
8 12 5
20 1 6
2 5 6
8 12 6
17 21 6
0 2 4
5 8 2
11 15 5
6 10 8
15 18 4
3 7 6
8 11 6
19 21 7
10 12 5
4 8 7
9 14 6
23 1 2
18 21 5
11 14 5
8 13 8
10 14 7
18 22 8
21 0 3
11 14 2
17 22 8
6 10 1
21 0 7
15 16 1
11 15 6
2 4 4
4 6 3
22 1 8
20 22 6
9 11 3
11 15 1
11 15 3
9 12 7
0 4 7
16 19 8
7 8 7
4 6 5
0 4 6
11 14 2
11 14 8
11 13 3
3 6 2
2 4 4
14 18 3
4 7 4
7 9 1
23 2 3
12 14 7
17 19 7
23 4 4
5 8 7
5 7 4
21 23 7
20 0 7
8 9 2
2 4 6
12 14 1
20 23 2
16 19 3
1 4 8
0 2 3
15 19 1
4 7 1
6 8 1
6 9 4
14 17 1
13 17 4
16 20 7
8 11 8
8 13 3
11 14 8
12 16 6
12 16 5
7 9 5
19 22 8
3 6 3
0 3 6
21 1 8
21 23 5
6 10 5
15 18 2
0 2 2
0 3 6
22 1 5
3 3 5
6 9 1
10 12 5
10 12 1
19 22 7
2 4 3
5 10 6
20 23 5
11 14 2
16 19 1
1 4 2
12 14 3
11 14 8
8 10 4
22 1 7
17 18 2
2 7 8
19 21 7
8 10 5
2 4 7
20 23 6
23 2 5
4 6 1
12 15 6
20 23 6
2 7 2
22 1 7
6 9 5
18 21 2
8 10 5
18 20 4
1 4 5
20 22 3
18 20 4
14 17 5
22 1 3
6 9 4
21 23 1
18 22 1
8 11 6
12 15 5
22 1 4
14 15 3
7 9 4
15 17 2
0 3 6
3 6 1
17 20 2
15 17 2
7 10 1
8 10 6
20 21 4
3 6 4
17 21 4
19 22 1
13 15 2
8 11 7
9 12 3
11 16 2
22 1 3
9 11 6
15 18 2
15 18 2
12 15 1
15 19 8
14 17 5
5 8 7
18 21 6
14 15 3
7 8 2
4 7 6
14 16 6
16 20 3
4 7 2
17 20 3
1 2 8
18 20 1
0 3 1
15 18 1
7 10 7
21 22 1
0 3 2
12 17 5
5 8 1
9 11 3
10 12 6
20 22 2
15 17 5
10 13 1
23 2 4
8 10 1
21 1 1
7 10 4
21 1 8
8 12 3
14 16 1
13 16 4
6 11 1
11 13 5
0 3 1
12 16 4
3 5 1
11 14 8
9 13 1
4 8 1
21 23 2
19 22 8
6 10 6
5 8 1
20 0 7
1 4 1
8 11 5
0 3 6
3 5 1
11 14 3
11 14 3
16 19 1
17 20 4
5 8 3
4 7 6
17 20 4
14 17 6
0 3 3
20 0 8
18 20 5
19 22 1
1 5 7
15 18 8
19 22 6
16 18 2
1 4 1
1 4 4
15 18 3
10 11 6
23 3 5
14 16 1
16 20 1
8 11 7
11 14 6
21 22 2
0 3 4
21 23 2
13 15 6
5 9 5
17 22 1
3 5 8
3 5 2
19 22 6
9 12 5
14 17 5
12 16 8
18 21 7
23 2 4
14 17 3
17 21 8
20 23 7
17 19 4
11 15 2
18 20 1
6 9 2
17 20 2
8 11 3
23 3 5
17 21 6
15 17 2
23 23 2
1 2 2
20 0 7
5 9 6
0 4 7
6 9 4
9 12 4
19 0 1
18 23 7
11 13 8
15 17 8
14 17 5
15 17 2
5 8 7
15 17 2
10 12 8
10 12 2
14 18 3
20 23 2
7 10 3
22 0 3
16 19 1
7 9 3
13 15 6
0 2 3
20 0 1
18 21 4
2 5 2
3 6 7
17 20 4
8 11 2
2 4 4
1 5 7
20 22 3
13 16 6
11 14 3
17 19 4
11 14 3
1 4 6
13 17 7
21 23 8
21 2 8
8 11 3
21 0 7
10 12 1
5 9 1
22 2 1
5 7 4
21 0 2
7 9 6
16 18 3
11 11 5
2 5 4
16 19 6
5 8 2
0 4 7
8 11 1
12 16 7
8 11 6
14 18 7
2 5 8
17 20 3
22 1 1
13 16 1
21 0 8
18 20 3
2 5 1
19 22 8
20 23 8
17 20 6
5 7 1
0 4 6
15 17 6
13 17 7
15 18 2
5 8 1
16 19 6
3 6 5
10 13 8
0 5 5
22 2 2
10 11 2
4 8 2
9 13 7
19 23 3
5 8 5
10 13 6
14 16 4
5 9 7
17 20 4
8 11 7
1 4 4
22 1 4
6 10 1
13 15 3
11 14 4
12 15 2
23 2 1
19 22 7
2 6 7
17 21 8
18 20 1
4 8 1
23 2 6
19 20 6
10 14 8
15 18 5
12 15 7
19 22 5
22 3 4
18 20 5
7 10 1
19 22 6
21 22 1
3 6 6
8 9 5
22 2 1
10 13 7
18 20 5
17 18 3
2 5 6
15 17 3
8 11 5
17 21 8
7 8 4
20 23 4
0 3 1
17 21 8
4 8 8
10 15 4
3 7 4
3 8 5
19 21 2
21 2 1
21 22 7
20 22 4
4 7 2
11 13 6
8 10 7
11 15 3
5 6 7
7 10 5
7 9 4
9 14 6
8 9 8
4 7 6
7 8 6
0 3 7
17 20 4
10 13 4
5 7 5
1 5 3
1 2 4
8 11 7
19 21 1
12 16 8
17 20 4
3 7 3
12 15 2
1 3 7
11 14 5
16 17 7
2 5 4
17 20 4
4 8 8
22 1 7
6 9 6
19 23 5
7 9 5
16 18 2
3 7 6
22 3 5
16 20 1
13 16 5
6 6 6
7 9 8
10 12 3
13 15 7
20 23 1
12 15 5
11 13 1
20 2 5
10 13 5
18 22 1
7 10 7
10 13 2
6 10 6
0 3 6
19 23 2
11 14 5
8 10 1
7 8 1
0 3 4
4 8 8
15 20 7
7 9 5
7 9 5
22 3 7
2 5 7
3 5 8
7 10 2
14 17 8
2 5 5
2 5 4
19 21 8
17 19 5
13 16 3
7 12 1
15 19 5
19 22 5
14 17 5
23 2 2
2 5 1
11 14 5
22 0 3
23 1 7
0 2 5
16 20 8
9 11 7
11 13 1
2 6 7
6 12 2
18 20 7
12 17 6
4 9 7
7 9 6
12 14 6
12 14 1
8 12 3
22 1 1
15 18 1
23 3 7
5 8 4
19 23 7
12 14 5
23 3 7
7 10 7
9 14 8
0 2 8
23 3 3
12 17 1
23 2 4
21 23 1
19 21 2
11 15 5
4 7 1
8 10 1
19 23 7
2 4 1
17 20 8
22 2 2
6 10 7
22 2 2
4 6 5
4 7 6
11 13 3
13 15 2
23 1 2
23 2 8
8 10 4
11 15 5
13 16 6
6 9 5
3 4 7
13 15 2
0 3 5
5 9 4
18 19 8
4 7 1
5 9 6
6 9 2
0 2 6
13 13 3
11 12 1
4 7 5
7 10 5
14 16 1
6 9 5
0 3 5
0 2 4
21 0 4
22 1 6
12 16 2
15 17 1
9 13 5
9 13 1
16 21 1
5 9 1
8 12 1
7 11 7
22 1 8
23 2 2
21 0 4
2 6 8
13 17 4
10 14 5
5 9 7
12 14 5
7 10 7
22 1 5
1 3 2
13 15 3
20 23 4
16 19 8
22 2 5
16 19 1
17 20 1
21 1 7
3 7 8
5 6 2
9 11 3
13 17 3
2 4 3
2 6 4
13 15 1
5 7 7
13 17 5
7 10 7
22 0 1
10 11 6
12 14 6
10 12 3
22 0 1
8 12 7
19 22 3
6 9 1
5 7 5
8 13 2
5 8 7
12 14 8
7 10 6
4 7 4
21 0 4
19 23 3
6 9 5
22 3 4
9 13 3
1 4 2
7 11 4
18 20 2
20 22 8
8 11 7
2 6 2
3 5 2
6 11 2
4 5 1
9 12 7
0 3 4
17 20 8
12 14 8
5 8 4
15 18 5
5 8 7
8 12 3
6 10 2
17 21 8
23 2 7
20 1 6
17 20 3
8 12 6
7 9 1
17 22 2
13 16 1
1 4 4
0 4 2
18 21 7
12 15 4
21 1 3
6 9 5
22 1 2
1 3 4
19 23 2
4 7 6
22 2 6
5 7 1
7 11 4
20 23 7
11 15 5
5 8 5
23 3 3
1 4 7
7 9 7
2 6 2
8 13 2
17 22 8
8 12 7
15 17 8
4 7 5
0 4 7
18 22 2
1 7 5
4 7 7
14 16 2
5 8 5
4 8 8
18 23 5
0 2 6
15 17 2
7 12 4
17 20 4
9 11 3
19 23 4
22 23 4
5 7 7
8 11 7
2 5 5
6 9 1
13 14 7
14 17 1
2 5 7
15 18 1
10 14 3
23 2 6
9 12 5
19 23 3
6 9 5
7 12 1
17 21 6
19 22 4
22 2 6
14 16 2
18 21 7
14 16 1
3 7 2
2 4 7
18 21 3
9 12 3
0 4 6
15 20 5
12 14 1
20 21 1
7 10 8
20 23 5
10 12 8
9 11 1
10 12 2
8 11 1
0 5 8
5 9 3
1 3 5
11 14 8
9 11 8
7 9 3
7 10 7
21 1 7
7 11 2
4 6 7
20 1 4
21 0 8
12 15 1
13 15 8
7 11 8
10 12 1
18 20 4
14 16 4
20 22 2
4 7 5
19 23 4
8 11 2
13 15 3
12 15 2
0 4 1
0 3 6
16 18 2
16 18 6
14 16 4
16 19 3
8 10 1
11 13 3
6 9 7
17 20 5
5 7 6
17 20 8
13 17 3
19 22 3
8 10 5
7 7 2
7 10 8
21 0 4
21 22 4
0 4 5
20 23 4
12 15 3
8 14 1
21 1 5
2 4 5
11 12 2
7 9 4
10 12 5
13 15 6
5 8 5
9 11 5
13 16 7
6 9 6
6 9 4
0 4 8
1 5 6
3 7 2
9 13 2
12 17 1
12 16 4
0 3 3
22 2 2
13 16 7
18 23 2
11 14 7
15 20 5
21 22 5
21 23 2
15 18 8
23 2 3
0 1 1
23 3 4
1 4 2
18 22 4
20 0 7
13 17 8
0 5 2
22 1 5
21 0 1
9 12 4
13 17 2
18 21 6
11 14 6
21 1 5
11 12 7
2 6 5
9 12 2
13 16 1
1 3 6
21 0 2
22 1 5
5 7 4
16 18 4
15 17 3
9 10 8
18 20 7
5 10 6
7 9 8
10 12 7
7 10 3
17 19 1
3 7 5
9 12 4
22 1 3
11 15 7
1 5 3
0 3 3
10 13 2
17 19 3
10 14 5
20 0 4
4 7 3
20 0 4
8 11 8
8 11 6
21 22 7
5 8 2
9 13 4
1 4 2
7 10 2
11 14 7
5 7 8
23 0 1
19 21 2
23 1 5
8 11 4
11 15 1
8 11 7
17 21 4
10 13 4
12 16 3
1 5 5
9 14 3
7 9 8
18 21 4
14 18 5
9 13 2
9 12 8
19 23 7
6 10 5
8 10 3
8 12 4
5 8 1
20 0 2
16 19 4
7 11 5
14 16 1
9 12 2
15 18 1
3 6 6
17 21 6
16 20 2
20 0 4
4 7 7
8 11 2
13 16 2
18 20 5
15 19 2
11 14 7
2 7 3
7 12 6
15 18 1
17 21 1
1 5 1
19 21 5
23 0 4
21 0 7
4 6 5
16 20 2
7 11 8
9 12 2
20 0 6
7 10 7
15 18 6
0 4 6
22 1 8
13 15 3
20 0 7
20 22 5
15 17 8
11 15 4
0 4 3
5 9 1
21 1 3
0 2 1
9 11 6
14 17 5
6 10 1
21 0 4
16 18 8
11 14 3
21 22 6
2 5 1
19 23 1
12 16 3
15 19 4
22 1 6
19 23 4
9 12 8
