1850 17
4 1 10 2 5 8 1 2 3 2 6 3 5 7 3 3 6 
20 1 13
1 4 17
8 10 6
13 15 7
16 19 1
0 4 11
13 15 16
12 17 4
16 20 6
7 10 12
4 7 3
4 6 9
13 15 15
16 19 10
22 0 6
23 1 8
15 19 7
1 4 11
12 14 2
15 18 9
1 5 4
21 2 3
18 19 1
10 13 17
16 19 15
13 16 1
18 20 12
2 5 12
16 17 16
14 17 8
4 6 5
15 20 17
8 10 13
10 13 12
6 10 6
0 2 12
6 11 11
3 8 1
6 8 5
22 1 14
14 19 10
10 12 2
12 15 16
16 18 7
1 5 3
8 11 14
22 0 17
1 4 14
9 14 3
17 20 17
8 10 14
19 23 9
13 16 14
8 11 2
21 0 3
10 15 4
8 11 17
1 5 13
0 2 14
18 21 9
16 19 10
17 20 17
23 2 4
16 19 7
1 5 8
1 4 2
18 20 6
16 18 6
6 9 14
22 2 16
16 20 14
19 21 6
23 2 8
1 3 15
11 13 9
22 1 13
21 1 15
21 23 12
14 17 2
18 22 17
13 15 14
6 10 14
0 4 1
3 6 17
14 19 8
11 14 5
8 11 12
18 22 11
4 5 11
9 13 7
1 4 8
1 4 4
19 21 14
2 5 14
23 1 16
12 15 8
14 17 4
15 16 9
18 21 12
9 13 12
23 3 12
18 22 12
15 18 10
9 12 2
5 7 17
17 18 11
19 22 2
0 3 6
18 19 10
1 5 15
20 22 17
0 2 11
22 0 3
10 15 6
6 6 5
12 13 7
21 23 4
15 18 14
22 2 12
16 18 13
0 4 4
21 23 1
23 0 10
11 16 4
1 4 14
19 21 9
10 12 4
21 0 9
9 12 13
19 22 7
18 22 2
4 7 6
3 4 8
17 20 7
17 20 12
7 11 7
15 18 5
14 18 15
3 7 11
10 15 13
21 23 13
21 23 2
7 7 13
7 10 6
13 17 5
12 14 16
20 23 12
3 5 2
13 17 10
19 21 7
14 17 4
13 17 14
15 18 1
15 19 1
15 16 10
23 2 1
19 21 10
14 16 16
19 21 4
8 12 2
5 7 14
3 6 1
17 19 10
3 4 17
7 11 17
22 1 16
16 20 16
23 1 13
7 11 8
5 8 14
5 8 17
3 6 11
3 7 8
11 13 6
12 14 12
1 4 6
1 4 4
6 9 8
18 21 2
9 11 4
4 9 3
10 14 15
15 18 1
1 4 14
1 4 1
18 21 5
20 22 2
11 15 11
1 3 2
23 2 16
9 12 16
12 12 5
10 12 8
8 11 4
2 6 9
5 8 5
21 1 3
8 13 15
9 12 17
18 21 2
9 11 7
3 6 7
13 17 1
8 10 15
13 15 12
7 8 3
12 16 13
1 4 1
17 22 6
16 19 1
10 13 3
18 23 10
5 7 5
13 15 1
11 15 6
13 17 15
5 9 9
18 19 3
11 13 17
6 9 7
0 4 9
5 7 15
16 19 10
18 21 4
19 22 14
4 6 6
4 7 4
14 17 10
19 22 14
17 20 6
21 2 1
17 20 13
22 3 17
15 16 13
14 16 1
4 9 14
21 0 16
20 0 1
6 11 5
8 12 5
16 18 12
15 17 4
12 16 11
4 7 6
2 6 12
1 5 17
19 22 3
17 21 7
19 22 9
0 4 15
4 7 2
1 4 12
16 18 11
23 1 2
2 4 14
6 8 13
1 4 13
22 2 13
11 14 12
11 13 16
10 13 7
1 4 3
13 17 6
21 1 7
14 18 1
20 23 15
2 4 14
20 23 16
9 11 3
13 16 16
1 3 17
4 7 1
7 10 7
0 3 3
2 6 14
11 15 16
20 0 2
18 22 1
19 20 12
14 15 15
20 23 1
0 3 14
7 10 8
21 1 5
7 9 16
23 2 17
11 13 15
1 5 6
18 21 15
16 20 3
1 4 14
13 17 8
22 23 2
6 9 13
2 4 7
2 5 13
0 5 4
9 11 14
23 2 9
7 11 1
8 12 15
0 3 3
15 18 11
15 19 3
16 20 3
16 19 2
8 10 8
7 12 2
20 0 4
5 8 17
21 1 1
10 14 15
18 22 4
11 13 11
19 22 6
6 9 5
18 20 9
21 22 8
10 12 1
19 0 4
22 1 10
3 6 8
11 15 5
18 20 15
4 5 9
5 8 6
8 10 10
22 2 14
10 14 15
6 8 7
10 14 11
3 4 11
23 1 4
15 19 1
5 8 11
10 13 11
3 7 10
4 6 7
1 5 12
10 13 5
18 21 14
15 19 7
13 17 5
10 12 1
4 7 12
17 19 6
17 20 6
23 1 6
18 22 3
11 15 3
6 9 14
8 10 17
19 22 15
22 0 2
14 17 16
3 6 7
10 14 1
3 7 11
2 5 1
20 0 13
0 4 17
8 11 2
19 21 1
19 22 5
13 17 8
20 22 3
15 19 8
15 20 5
6 8 14
17 19 11
19 23 11
16 19 4
12 17 10
15 19 14
3 5 6
8 10 13
1 4 13
11 14 3
14 17 2
10 13 12
19 23 1
3 7 2
12 16 17
3 6 1
5 9 1
12 16 5
5 8 4
14 16 10
1 4 16
4 9 4
15 19 14
1 5 8
22 0 9
8 10 10
2 3 12
18 22 9
23 2 16
18 21 10
4 6 1
1 5 16
7 9 9
17 19 4
5 7 3
14 17 17
23 2 15
18 21 14
17 17 11
20 0 8
7 9 10
4 8 5
15 18 15
23 2 2
3 7 10
21 1 7
23 3 10
4 7 10
6 9 8
2 5 6
19 22 16
1 6 15
11 14 16
13 16 12
0 4 15
3 7 1
6 8 8
13 18 13
17 21 11
1 4 10
11 14 17
12 14 16
10 15 7
5 7 17
6 8 11
19 22 8
2 5 3
8 10 4
15 19 14
22 0 7
3 6 7
4 7 6
16 21 1
22 2 15
1 5 9
8 11 14
16 19 3
21 23 12
12 14 5
14 16 15
9 12 4
14 18 10
18 22 6
4 7 4
20 23 17
14 17 16
21 23 10
8 11 5
13 14 16
23 3 9
11 14 6
2 3 7
3 4 17
6 9 7
1 4 1
1 4 17
20 0 6
21 0 1
12 18 4
14 17 16
16 19 12
21 0 10
8 12 15
9 12 14
13 15 13
11 13 11
9 11 9
17 21 12
6 10 6
3 5 5
3 6 13
22 1 1
5 8 15
22 1 4
3 8 8
6 9 11
8 11 12
16 18 15
11 14 14
20 23 5
7 9 15
6 8 14
14 18 13
16 18 7
9 12 16
13 17 7
14 16 7
11 12 3
5 9 1
7 12 9
18 21 17
5 8 15
3 5 16
17 19 4
12 15 8
21 23 8
14 16 15
7 9 16
20 22 11
18 18 1
6 8 11
16 19 11
18 20 11
6 10 16
18 20 1
1 4 5
10 14 10
0 3 7
15 17 6
17 18 5
8 12 1
6 7 14
9 13 8
10 12 3
4 7 6
7 9 6
9 11 6
4 7 7
20 1 14
8 11 5
15 20 17
12 15 9
18 20 6
5 8 6
7 12 9
13 15 1
19 23 7
15 19 11
17 21 13
15 19 7
13 15 13
6 9 8
10 13 7
10 14 9
14 17 6
22 1 10
8 9 10
3 6 14
14 18 8
16 18 15
5 7 12
16 19 5
21 0 15
6 6 1
5 8 15
2 4 11
3 6 16
15 18 8
3 5 15
17 20 17
21 1 11
20 23 4
6 8 11
13 15 6
16 20 2
0 3 16
4 7 16
15 18 4
17 19 1
9 11 16
17 21 11
21 0 15
18 21 12
14 18 12
12 15 15
20 22 6
23 1 3
18 20 6
5 7 11
4 7 11
8 9 10
2 5 7
12 15 12
17 20 16
2 4 2
20 22 11
15 17 11
17 22 4
3 8 4
0 4 10
7 9 2
0 2 6
15 17 1
6 10 2
3 5 9
0 3 16
14 17 6
4 8 2
16 20 12
15 18 15
22 1 4
2 6 10
19 22 3
3 7 6
5 7 10
14 18 1
15 19 8
20 23 16
16 20 7
12 17 2
3 7 16
22 23 1
6 9 17
1 4 8
21 23 11
3 7 7
15 19 2
5 6 14
18 22 15
22 4 9
5 7 7
16 21 7
2 6 17
15 18 4
4 6 9
19 22 5
8 11 16
8 11 14
12 15 3
10 14 9
23 1 3
1 4 5
1 5 3
4 8 15
20 22 12
21 1 16
9 13 4
14 17 7
10 12 3
13 18 13
15 18 14
22 1 16
5 9 6
8 12 4
21 0 16
8 12 9
13 15 10
4 7 1
4 8 14
0 3 12
22 2 3
23 1 11
20 22 2
10 13 15
16 19 16
7 10 5
11 14 6
18 22 13
2 5 2
14 17 12
14 16 6
9 12 4
1 5 7
9 12 5
2 7 4
19 23 15
6 10 9
6 9 9
19 21 11
4 7 1
6 10 3
20 21 15
13 16 13
3 5 1
11 13 14
18 21 6
18 19 2
21 0 1
13 16 10
19 0 17
6 8 14
0 2 15
11 13 1
11 14 11
23 4 13
12 16 6
23 2 12
4 9 14
16 17 7
23 2 14
17 20 10
13 18 1
23 2 13
23 3 5
12 15 5
11 16 9
4 7 9
7 9 2
20 23 3
0 1 11
11 15 1
13 16 11
13 17 17
6 6 10
8 12 8
3 4 1
21 0 6
14 16 15
5 9 3
17 20 4
22 1 10
21 0 7
18 23 4
15 19 15
1 4 13
5 8 10
1 5 5
2 5 8
13 15 6
11 15 10
18 23 2
19 22 10
21 22 9
19 22 15
17 19 13
10 15 8
7 12 11
11 14 1
11 15 13
0 3 7
13 15 11
8 10 7
18 19 13
7 10 15
23 3 17
13 14 16
22 2 1
22 23 3
21 23 14
6 8 14
12 16 1
2 4 13
14 17 3
6 11 17
5 10 10
13 17 5
23 2 6
14 15 1
3 6 11
0 3 3
23 3 10
15 17 16
13 15 12
18 19 14
22 1 10
5 8 15
12 16 15
16 20 11
15 17 6
15 19 5
1 2 15
17 19 5
6 9 13
10 14 4
6 10 2
4 6 16
15 17 9
2 5 4
17 21 7
4 6 5
20 23 12
5 8 9
12 15 15
8 10 8
18 20 10
12 16 4
3 7 10
5 7 3
3 5 4
8 11 3
10 13 16
8 11 16
14 16 13
1 5 3
6 8 6
23 1 11
15 18 15
2 5 6
1 4 14
8 9 2
1 4 11
16 18 14
6 8 4
3 5 15
4 6 17
22 2 14
16 18 17
12 12 14
5 7 4
3 5 7
3 5 16
2 7 2
0 2 14
23 0 13
10 13 16
2 5 3
6 11 7
21 23 16
5 8 1
15 17 13
1 5 6
11 14 4
4 8 1
9 11 14
21 0 13
6 8 4
15 18 6
7 9 10
17 21 17
2 5 17
8 11 5
21 22 13
19 21 8
2 5 4
16 21 3
14 18 4
21 0 3
7 10 1
5 8 14
10 13 4
14 16 13
9 13 17
23 2 10
18 20 12
8 11 6
9 13 15
12 14 12
22 1 6
15 18 14
8 10 4
1 4 10
5 8 12
0 3 15
18 21 16
8 11 1
11 15 15
21 0 7
12 15 4
20 23 6
15 18 13
6 10 9
7 10 14
23 3 12
17 23 10
8 11 5
9 10 4
5 8 13
23 5 6
11 15 10
11 13 6
16 21 14
17 19 7
15 18 14
5 7 10
22 1 6
20 0 3
12 16 7
22 3 12
5 9 14
12 15 5
5 8 8
6 9 6
22 0 9
6 10 9
20 0 12
8 11 10
16 18 12
23 1 6
10 13 4
18 20 15
9 13 13
1 3 13
6 9 11
20 23 10
18 20 14
17 20 11
15 18 16
15 18 13
11 14 1
4 7 9
11 14 12
23 2 12
20 0 16
6 9 4
16 21 17
18 21 16
5 9 14
17 21 16
11 14 4
19 22 10
3 7 10
5 9 11
14 16 14
11 16 14
18 21 1
6 10 1
16 17 16
22 1 9
3 6 13
11 16 4
6 10 11
15 15 8
8 11 12
7 11 9
14 18 11
1 3 6
8 12 8
11 15 6
21 1 3
10 13 7
21 23 3
5 8 9
7 10 12
16 17 14
6 10 3
8 11 6
17 19 6
2 5 9
0 3 4
6 7 12
4 7 15
3 5 7
18 22 11
9 11 7
1 3 4
23 2 9
15 19 16
22 2 9
4 8 6
20 22 9
20 23 6
11 15 6
6 7 5
8 11 15
10 13 2
4 8 8
5 7 12
8 10 11
11 14 2
10 11 9
21 1 6
14 18 8
10 11 17
18 20 13
20 22 11
5 7 10
0 4 7
3 5 13
16 20 1
0 3 10
12 14 3
0 4 6
10 14 6
5 6 8
10 12 16
1 5 16
17 22 4
8 9 7
7 11 11
18 18 11
0 2 15
0 3 15
18 21 4
22 1 6
0 3 13
10 11 8
16 18 13
9 13 1
4 8 4
1 5 6
12 14 13
3 7 8
4 7 14
3 8 8
14 17 3
18 20 8
13 16 4
12 15 2
16 19 3
22 23 14
10 14 15
11 14 4
13 16 7
12 15 17
4 7 17
21 0 4
19 22 17
12 16 9
17 21 16
3 7 16
12 14 16
21 22 8
6 8 15
3 6 11
4 6 13
9 11 5
7 7 14
8 13 5
19 22 5
19 21 1
20 23 2
8 12 17
6 9 10
9 10 10
8 12 11
21 23 17
6 8 4
5 7 3
19 21 4
21 0 5
1 5 1
19 20 1
20 22 6
12 15 6
21 22 8
20 0 3
5 9 2
2 6 1
14 17 12
11 13 14
17 21 15
9 11 1
16 19 8
16 17 3
6 7 15
8 12 16
0 3 10
6 9 7
21 0 11
8 10 2
22 2 1
14 16 10
14 19 4
20 22 6
23 1 6
0 3 4
5 8 16
13 17 13
14 16 16
2 6 6
21 23 15
6 9 6
2 3 2
3 5 14
14 17 8
7 9 5
23 4 4
13 15 3
14 15 7
13 17 3
7 8 1
7 8 14
15 18 16
9 12 8
17 19 10
20 22 5
12 14 16
22 2 13
23 4 3
20 0 1
4 7 9
15 17 17
15 18 10
15 19 6
2 4 13
0 3 15
7 10 14
5 8 13
10 14 13
11 11 17
20 23 4
22 0 10
5 7 4
23 3 9
2 6 1
16 19 7
9 11 6
18 22 14
13 17 14
18 21 1
11 14 17
9 13 9
18 19 5
8 11 16
10 13 2
3 6 1
9 13 17
20 23 17
8 11 6
21 23 3
18 21 3
22 2 17
21 0 2
10 13 4
16 18 14
12 15 14
16 18 4
8 12 15
7 9 2
11 11 16
19 21 15
0 3 13
22 0 10
13 16 12
10 12 10
4 7 13
2 6 3
8 12 10
15 19 2
9 13 2
15 17 9
19 21 14
16 20 13
23 2 4
3 5 12
4 7 17
2 5 5
0 4 6
15 17 3
14 18 4
8 10 2
11 14 2
5 9 5
12 16 12
1 3 12
2 3 8
15 18 10
20 23 17
14 15 2
7 12 5
9 14 6
9 13 12
7 10 5
11 12 15
4 8 15
1 5 10
3 6 6
12 15 4
0 3 9
19 21 6
8 11 3
15 17 4
15 17 9
16 20 11
19 21 16
8 13 11
8 12 7
12 14 15
20 1 9
4 5 6
8 10 17
10 12 8
13 17 6
16 19 6
10 12 16
22 3 15
18 0 5
16 18 12
17 19 6
22 0 4
9 14 1
15 17 6
12 16 2
6 8 8
6 10 7
1 4 2
21 23 5
1 4 8
2 5 2
11 12 14
23 1 13
8 11 13
19 0 7
1 5 1
9 11 2
6 7 2
21 22 1
16 20 13
14 16 10
10 15 1
3 5 16
20 0 8
18 22 1
21 1 6
14 16 13
6 9 1
1 3 6
15 19 15
16 19 10
8 11 17
10 13 6
2 5 6
12 16 14
3 6 3
14 17 11
13 17 2
7 9 13
13 18 10
9 10 14
11 15 2
16 18 14
1 4 8
21 23 16
17 21 13
14 18 13
5 8 3
16 19 6
6 8 13
16 19 6
10 13 13
22 23 1
12 16 3
19 22 17
18 19 15
19 23 3
11 15 3
2 7 9
17 19 16
7 12 12
0 4 5
8 10 17
1 5 4
0 2 10
18 21 13
21 1 5
2 4 17
14 17 13
15 19 10
9 12 15
21 0 16
0 4 11
23 3 1
21 23 15
4 7 16
0 2 11
22 1 10
22 2 1
11 14 11
23 3 10
1 4 15
11 14 13
14 17 12
12 15 16
21 1 12
5 8 9
22 1 16
15 18 3
18 20 5
21 23 13
3 5 3
10 13 11
10 14 5
12 15 8
5 8 3
13 17 8
12 15 2
18 21 16
0 4 7
2 3 17
1 4 12
15 18 14
23 3 7
23 0 11
21 0 14
10 12 14
1 3 7
23 4 14
3 6 12
8 10 3
6 11 9
23 4 6
7 9 5
19 22 5
10 15 5
21 0 3
5 8 12
2 5 6
17 21 6
21 0 9
15 17 10
11 13 15
9 12 1
23 1 3
14 17 5
6 9 3
17 17 10
21 0 12
10 13 8
23 2 14
0 3 11
22 2 15
13 16 6
11 14 16
10 14 17
20 1 5
22 2 3
20 22 14
1 5 5
2 5 12
3 7 2
15 17 3
2 4 10
2 5 4
16 18 11
12 16 9
2 4 5
17 19 8
13 17 13
0 3 7
2 5 15
8 11 5
18 22 16
17 20 5
21 1 6
7 10 15
4 8 15
2 6 11
5 10 12
5 8 9
9 12 11
21 0 10
14 18 16
20 0 5
3 6 17
5 8 16
12 16 14
15 19 5
6 10 11
19 22 6
23 3 8
17 21 4
8 10 6
11 14 5
8 12 1
4 9 2
14 18 5
20 23 12
20 22 9
23 4 13
4 6 17
3 6 12
13 18 10
17 20 9
7 10 1
17 20 1
15 17 10
21 23 2
7 8 14
6 10 13
11 13 3
14 16 4
18 19 1
14 17 3
8 10 2
20 0 16
12 14 5
6 8 14
7 9 1
7 10 7
17 21 15
5 8 9
9 11 14
1 4 15
22 0 2
9 9 16
15 17 8
21 0 6
21 1 13
10 12 8
6 8 3
14 20 2
6 9 12
19 23 2
8 11 15
0 1 16
3 6 2
21 23 2
0 1 5
21 1 10
11 13 5
7 10 9
14 16 4
23 0 1
8 12 5
16 18 16
7 10 15
4 10 10
5 7 8
6 9 1
10 14 15
8 11 9
15 19 8
2 4 5
19 22 4
6 10 5
10 11 16
12 16 12
4 7 17
6 8 7
22 1 5
4 7 1
10 12 8
15 18 14
19 20 8
7 10 17
8 11 13
7 10 10
1 5 13
22 0 16
19 22 12
23 2 15
7 10 15
19 23 14
13 15 12
1 5 5
4 6 5
18 21 3
7 11 12
17 20 5
23 2 1
12 15 17
3 6 10
7 10 7
1 5 9
19 22 7
18 21 17
3 8 16
6 7 8
23 2 7
2 4 6
20 0 16
17 20 3
4 7 14
0 2 9
21 23 16
18 22 9
7 10 6
20 23 11
1 5 17
21 23 8
4 6 10
21 1 2
11 13 4
23 2 15
5 8 12
21 1 11
22 2 5
20 23 5
16 19 3
10 13 17
19 22 3
2 6 14
15 18 1
13 16 2
21 2 16
4 6 17
5 8 7
6 9 7
20 1 9
11 14 7
21 1 12
14 18 5
13 18 6
12 14 1
2 5 9
19 21 13
21 0 17
6 9 1
4 7 17
6 9 9
12 16 13
3 6 4
17 21 12
23 3 16
11 13 1
10 14 3
13 17 9
19 23 10
6 10 11
14 17 1
1 5 14
23 0 4
21 0 2
19 21 11
21 1 11
16 19 9
18 20 17
11 13 12
13 16 17
22 2 8
12 16 15
14 17 3
0 3 3
21 1 6
15 18 14
19 23 15
8 9 17
16 20 10
8 10 3
22 2 5
3 6 16
1 5 17
14 18 5
5 7 6
4 6 3
22 1 6
22 0 5
11 13 3
16 20 3
17 20 6
9 11 14
2 6 9
12 15 14
10 12 2
21 0 14
13 15 7
17 21 15
3 6 15
19 22 16
17 20 12
21 23 9
22 0 9
14 19 13
1 5 10
4 8 16
13 16 2
1 6 17
13 17 13
0 3 13
3 6 1
21 0 8
18 21 8
3 7 11
5 8 7
14 16 3
19 22 8
10 13 1
5 9 4
11 15 9
18 20 9
18 22 10
8 11 10
2 4 4
15 18 4
7 10 9
8 12 16
1 4 4
3 7 2
16 18 15
18 19 9
17 19 3
17 20 15
15 16 14
11 14 1
14 16 1
3 7 15
16 19 4
13 17 15
12 15 4
23 1 9
22 2 15
12 15 1
10 15 2
13 17 8
16 20 11
1 5 3
5 9 15
4 7 9
19 21 4
10 13 11
19 20 15
11 12 14
7 10 14
1 2 10
2 6 7
13 17 9
0 2 15
10 12 5
21 2 16
23 2 16
14 18 7
4 9 5
6 11 12
11 14 1
9 12 13
19 22 11
14 18 16
15 19 3
19 23 4
6 10 2
18 21 12
23 1 5
10 13 4
9 12 13
1 6 9
13 18 10
5 8 10
12 17 12
14 17 12
23 2 15
14 17 6
5 7 14
10 12 5
5 9 15
0 2 17
13 16 10
23 2 10
3 6 4
3 5 14
12 16 13
11 14 12
16 18 6
1 2 17
11 14 4
18 22 7
16 19 16
1 4 7
18 21 9
3 5 11
8 11 13
11 13 17
15 18 11
6 9 4
17 21 11
3 6 13
20 23 13
0 3 14
0 5 5
18 21 12
0 3 3
13 16 7
22 0 4
15 18 8
21 1 2
5 8 15
19 22 7
0 4 15
10 15 6
16 19 10
2 5 4
6 10 7
13 16 4
7 9 8
2 4 13
21 23 17
1 3 10
20 22 2
6 7 10
14 17 2
21 0 10
3 5 7
22 2 13
14 17 11
10 11 10
9 13 6
23 3 12
3 6 14
5 8 14
14 17 8
23 1 5
19 22 14
9 12 11
14 17 5
6 8 14
10 12 5
23 1 3
0 4 16
17 20 13
16 20 8
2 5 2
16 19 14
1 4 9
17 18 4
1 3 7
22 1 13
17 21 11
21 1 15
11 13 5
6 9 6
11 15 8
1 6 10
21 1 11
22 2 15
13 16 1
8 12 12
3 7 9
1 5 15
14 18 9
8 10 15
19 0 5
6 8 14
8 10 17
6 7 11
8 11 12
13 17 12
12 14 17
7 11 16
7 11 15
15 19 2
15 18 3
11 14 9
6 8 17
3 6 16
1 6 13
6 9 5
10 13 6
21 0 9
22 3 7
14 17 7
3 6 16
3 7 14
6 9 16
17 20 10
17 20 7
14 17 7
16 17 3
17 20 4
17 20 11
0 3 11
11 15 4
12 14 10
5 8 8
14 16 4
23 3 9
6 8 11
9 13 2
0 4 16
10 13 10
7 9 11
6 9 15
19 21 12
13 16 4
6 8 12
7 12 11
21 0 8
15 19 3
7 10 9
0 2 17
6 10 17
20 0 8
20 23 4
9 12 11
9 12 1
11 14 1
13 17 4
18 21 5
17 20 11
20 23 4
9 12 11
4 7 5
10 13 7
9 13 11
7 11 13
17 20 2
16 16 6
0 3 10
21 0 1
20 22 7
0 3 14
2 6 2
20 22 7
9 11 3
16 20 1
10 11 2
6 8 1
18 23 5
16 18 11
5 7 12
6 8 15
21 1 14
23 2 1
0 3 7
22 2 2
6 8 15
20 0 2
19 21 1
17 19 13
23 1 6
15 18 9
5 7 13
0 4 9
11 16 2
5 9 8
9 11 17
7 9 1
19 1 12
22 0 16
15 19 7
8 11 7
7 10 9
6 10 16
7 10 15
1 5 13
8 12 2
5 7 7
12 16 14
1 4 2
23 1 2
2 6 3
19 22 8
6 10 2
15 18 7
8 10 14
7 10 6
7 7 1
17 21 12
21 0 8
6 10 15
0 3 10
3 7 9
8 12 12
5 8 15
9 11 3
6 10 7
18 22 11
15 19 13
21 23 9
10 13 1
14 17 6
8 9 13
3 6 15
12 13 16
18 21 11
7 9 17
19 22 13
7 9 1
12 13 3
15 18 11
16 20 1
23 1 7
3 7 6
10 12 15
14 18 2
6 9 12
0 3 2
21 23 15
2 5 9
15 19 2
0 4 17
1 4 4
18 20 16
20 23 9
