800 16
2 3 3 6 3 1 1 9 8 1 2 4 7 9 7 6 
23 2 3
8 12 9
4 7 1
0 1 11
16 18 10
5 10 16
7 11 3
7 10 16
19 23 2
8 10 5
15 19 3
7 9 16
0 4 12
2 6 6
16 20 8
5 8 13
5 8 12
19 20 7
16 19 4
0 3 12
9 12 16
1 4 6
19 21 3
14 17 4
0 4 14
19 22 5
8 11 12
6 8 3
3 5 8
13 18 13
9 12 11
2 4 13
17 18 7
21 0 7
4 7 9
9 14 9
4 7 6
2 6 10
21 0 8
13 16 2
14 16 1
16 19 5
5 6 13
0 3 10
0 5 9
21 23 10
21 0 14
0 3 16
4 6 6
16 19 7
20 0 13
0 4 14
5 8 6
12 15 15
14 17 3
12 16 4
23 2 3
7 9 3
9 11 4
19 0 12
1 3 1
1 4 16
9 11 4
2 6 14
19 21 7
7 11 10
8 11 12
5 7 13
21 22 3
20 0 3
4 6 15
10 13 7
23 3 6
19 22 16
11 14 8
15 17 15
15 19 11
18 21 13
17 21 8
10 13 1
16 20 8
2 5 16
22 1 8
20 21 15
17 18 5
14 17 16
9 12 14
6 8 6
6 8 12
2 5 12
18 22 3
2 4 7
23 1 2
5 9 4
23 1 12
11 15 3
14 17 14
6 10 6
0 3 8
9 12 5
14 19 14
7 10 8
11 14 12
21 0 7
3 6 9
20 23 9
11 13 12
7 11 7
13 15 16
14 17 7
3 8 14
13 14 5
17 21 2
7 10 10
23 5 5
6 10 7
0 2 10
21 22 13
3 7 15
23 3 3
17 20 6
12 15 14
11 15 15
5 8 7
4 7 4
2 7 15
15 18 12
14 17 2
1 3 2
20 23 3
11 15 1
3 6 9
16 19 11
9 12 9
0 3 4
17 18 6
10 12 12
13 18 1
16 18 13
22 1 6
14 17 4
16 20 9
22 23 1
9 11 8
23 1 7
13 16 8
19 23 4
5 10 7
8 9 9
16 19 8
9 11 15
14 17 3
1 3 12
3 4 5
9 11 6
15 16 10
19 22 4
10 13 14
7 10 2
9 11 11
16 19 15
15 18 15
11 15 3
18 19 2
1 4 9
14 17 2
22 1 8
14 18 16
14 17 3
6 9 3
2 5 1
1 4 8
1 5 16
14 17 1
12 15 16
0 3 9
1 3 8
10 13 3
17 20 2
10 13 12
7 10 15
0 4 8
16 17 13
17 20 8
3 5 11
5 8 8
14 16 14
19 23 4
9 13 14
13 17 4
5 8 5
4 6 12
10 14 16
0 5 12
15 19 6
1 4 7
15 16 2
2 6 4
21 23 6
9 14 13
20 22 6
4 6 14
18 21 2
1 4 6
16 19 16
14 18 9
18 21 9
1 5 12
15 18 4
13 17 11
16 18 9
4 7 2
2 7 1
5 8 1
13 15 2
11 15 2
11 15 3
16 18 9
10 11 15
10 13 2
1 4 5
8 11 1
20 22 11
1 5 2
19 21 8
7 9 9
8 12 5
19 22 8
17 18 4
10 11 6
9 13 8
9 13 4
8 12 10
21 2 10
6 8 15
14 16 11
11 13 10
11 14 13
5 8 9
11 15 8
20 22 4
4 8 11
20 0 1
20 0 7
8 9 5
14 16 7
18 21 14
2 4 15
6 9 11
4 8 6
19 23 3
0 3 4
8 13 5
13 18 3
5 8 4
19 21 5
17 18 7
1 4 16
18 18 3
18 21 1
13 18 15
18 20 1
17 22 15
5 9 7
0 3 11
16 17 3
13 16 4
15 18 14
1 4 12
11 15 9
0 4 8
7 11 1
1 3 7
6 8 6
8 12 10
2 5 9
7 10 2
22 0 2
7 11 11
3 6 12
17 19 9
10 13 10
16 19 11
1 4 7
20 23 6
15 19 12
11 14 12
20 0 14
8 11 16
9 13 12
19 23 16
7 12 2
17 19 6
3 6 3
17 21 6
5 8 3
3 6 16
15 20 14
9 12 14
2 6 16
4 8 15
4 7 5
12 16 7
16 19 11
15 19 1
19 21 16
4 7 16
3 6 6
18 22 11
22 2 6
8 10 5
15 18 16
5 10 8
7 9 11
10 14 14
4 6 13
19 23 14
16 20 6
10 13 13
10 13 3
1 4 9
23 2 5
1 5 5
21 23 7
13 16 1
14 17 16
6 9 12
5 7 15
3 5 10
15 18 5
20 23 15
4 7 1
4 5 9
16 20 6
16 17 3
0 2 11
17 20 11
22 1 7
7 9 16
21 0 3
5 7 8
9 13 15
7 10 14
3 7 11
7 10 14
18 20 10
20 23 16
5 8 13
15 17 11
12 16 2
2 7 13
16 21 10
1 3 8
0 2 6
21 1 10
0 3 6
14 17 12
12 16 15
15 19 7
5 8 16
3 6 16
22 0 3
10 14 3
0 5 16
2 6 12
3 4 9
21 2 14
7 10 6
1 4 13
9 13 5
22 0 11
8 12 13
19 22 3
16 21 10
21 0 2
5 9 10
9 11 13
23 3 13
10 12 11
2 7 5
4 7 10
13 18 5
22 2 4
0 3 2
15 18 1
18 21 8
5 8 10
6 10 16
18 21 15
3 5 9
14 16 14
8 10 14
19 22 8
5 8 9
9 12 2
3 6 12
22 1 11
16 19 12
12 16 12
8 13 4
5 8 15
21 1 13
21 0 13
2 5 8
4 7 9
2 5 6
15 18 14
6 9 13
4 9 4
10 13 6
17 20 13
12 14 2
10 12 13
23 3 5
2 4 3
1 3 7
23 3 9
23 1 14
9 14 14
7 10 11
4 8 16
3 5 2
19 22 8
16 19 5
11 15 9
0 3 2
8 12 15
23 2 15
22 3 4
11 11 9
13 16 3
9 13 2
8 10 2
5 8 12
4 9 8
15 17 6
18 22 12
6 9 4
9 12 14
12 13 15
16 20 11
5 5 2
5 8 2
2 5 11
4 8 1
8 12 8
18 19 15
13 15 11
23 3 7
21 0 8
10 12 16
7 11 6
9 11 7
15 20 15
22 1 6
11 15 2
6 9 1
21 23 4
4 7 12
9 13 4
9 11 7
5 7 4
18 21 6
4 7 15
7 10 11
20 23 2
15 18 7
1 4 6
12 16 16
17 19 16
14 16 12
4 7 6
6 9 9
5 9 16
16 18 16
7 10 8
12 15 10
10 14 14
16 18 13
23 1 13
8 12 6
23 1 4
10 12 6
19 23 14
8 11 1
8 11 16
7 11 7
10 13 6
7 8 12
0 3 7
5 9 14
16 19 11
12 14 14
9 12 7
18 21 10
19 23 13
6 9 5
9 14 9
0 2 5
11 14 7
17 21 8
17 21 14
7 10 10
18 23 4
18 22 15
19 23 5
1 5 15
13 16 1
2 5 13
11 14 5
12 14 13
15 17 8
7 10 13
2 5 4
7 9 16
10 13 14
14 18 3
13 15 9
0 2 16
22 1 11
21 2 15
17 22 4
13 16 12
12 14 4
13 16 2
18 20 16
21 0 6
8 10 16
6 9 4
17 19 7
22 1 3
18 21 9
2 5 13
23 3 3
13 16 14
23 4 7
22 2 3
21 0 15
21 0 6
3 6 14
7 11 9
23 3 5
19 23 15
17 20 1
1 4 16
14 16 3
12 17 10
20 0 9
8 10 15
15 17 2
22 1 4
6 10 11
15 18 2
8 10 16
8 12 6
9 11 4
7 11 14
20 23 8
19 20 15
21 0 15
2 5 16
15 18 3
4 9 5
4 6 15
8 10 16
5 7 10
0 2 9
21 0 4
14 17 5
4 8 9
13 16 6
12 15 11
21 1 12
14 17 13
12 16 14
12 17 5
10 13 7
6 8 5
8 12 2
23 2 13
6 8 3
18 21 1
19 21 13
7 12 12
9 13 4
20 23 15
6 9 9
14 16 11
21 23 11
18 21 13
6 8 6
4 6 9
15 18 8
6 9 5
4 6 5
19 22 7
15 18 9
1 3 10
21 1 13
21 23 15
23 2 6
21 1 11
7 9 16
6 10 6
9 12 10
12 14 11
7 9 13
21 0 16
18 21 12
12 15 6
6 7 10
18 22 10
3 6 13
17 20 9
16 21 16
14 16 6
21 0 5
4 7 13
7 10 2
5 8 15
17 19 7
2 5 1
9 12 9
14 19 6
9 13 4
12 14 4
8 11 8
0 4 7
21 0 1
9 13 10
20 23 6
12 14 1
2 4 15
22 23 10
1 4 1
3 6 4
4 7 11
22 0 7
21 23 12
0 2 8
23 2 13
12 16 13
9 11 16
4 5 14
11 13 5
1 4 10
17 20 1
3 7 12
3 5 6
17 20 14
0 3 11
13 17 7
19 23 5
20 21 2
0 3 4
0 3 10
1 2 8
20 23 5
2 6 6
18 21 16
15 17 3
19 22 6
18 21 9
14 16 10
9 12 13
22 2 16
9 10 4
22 1 1
12 16 16
20 23 10
4 9 9
23 1 15
13 15 7
19 21 4
15 17 14
20 0 4
1 3 9
1 3 7
14 15 11
0 2 8
18 20 12
5 9 1
13 14 15
4 5 14
15 16 6
21 0 13
3 7 15
4 7 7
13 15 7
18 22 3
18 22 16
5 8 6
0 4 3
17 20 16
3 6 2
5 9 9
21 0 4
4 6 15
13 17 16
11 14 10
4 8 6
10 12 10
5 8 16
17 19 7
15 17 1
21 1 14
17 19 14
7 12 5
0 4 5
13 16 5
18 21 1
9 13 9
7 11 1
21 21 5
11 16 1
11 14 1
7 9 8
15 18 9
19 22 13
18 21 1
12 16 10
10 14 6
1 4 5
20 23 9
21 0 3
6 9 5
9 14 6
12 15 14
6 9 1
17 19 2
15 18 11
19 23 4
15 19 3
6 10 1
10 14 4
15 19 6
10 15 4
21 0 16
21 0 16
18 21 6
22 1 9
17 19 16
9 11 10
16 18 15
13 18 11
3 6 9
19 22 10
7 9 3
14 17 16
7 10 15
15 18 3
7 9 4
19 23 6
17 19 2
10 14 10
3 6 7
7 9 3
22 2 10
2 4 2
15 18 10
13 15 10
5 10 4
7 12 13
13 16 1
7 11 1
8 11 15
20 22 16
22 1 6
23 2 13
15 16 2
16 20 12
18 22 11
13 17 3
2 3 9
1 3 2
14 19 7
1 5 9
19 22 14
18 22 11
8 10 14
13 18 8
12 16 2
13 16 4
3 5 6
12 15 14
13 16 15
22 23 7
1 6 10
11 15 14
21 1 11
23 3 9
12 14 5
1 5 14
10 12 2
10 15 7
11 14 5
6 9 3
22 0 9
10 14 16
7 9 11
