2400 18
4 4 7 4 4 3 6 10 10 10 8 9 8 1 8 1 10 2 
10 13 5
18 21 16
16 19 17
10 12 6
14 16 14
6 9 3
8 11 5
21 0 15
10 12 8
10 13 5
9 13 18
19 22 17
12 14 14
19 21 5
1 3 5
10 12 18
10 13 14
4 5 5
12 17 18
16 20 3
15 19 12
14 16 5
17 19 4
19 22 15
1 3 13
12 16 11
16 21 10
2 6 12
20 0 5
18 20 9
1 3 16
16 19 4
0 4 11
6 10 6
5 7 3
8 11 7
23 1 11
8 11 18
20 23 18
2 4 5
7 10 13
21 0 7
16 20 15
22 3 17
12 16 17
12 16 5
9 11 18
23 4 3
4 7 15
4 7 1
20 22 18
16 19 12
10 12 1
9 9 13
8 11 17
8 13 2
18 20 14
18 21 3
4 6 14
16 18 15
13 16 15
4 7 4
2 5 9
18 23 17
13 16 6
23 3 12
1 4 9
9 12 11
3 6 15
20 0 9
18 21 7
1 5 14
4 4 17
18 21 1
20 21 2
6 8 8
8 11 12
21 1 4
13 16 9
12 16 17
8 12 18
6 9 6
22 1 9
1 4 11
13 15 5
11 14 15
16 19 14
19 21 14
15 16 17
5 6 7
21 23 2
14 16 4
1 2 8
22 0 13
0 2 16
21 0 4
4 7 8
8 12 1
3 7 15
12 16 9
23 2 12
15 16 9
8 12 3
2 5 18
1 4 14
14 15 12
12 14 7
10 11 9
3 4 12
10 14 11
13 17 5
2 5 17
4 7 8
22 0 1
10 13 6
21 1 6
22 1 4
3 6 13
7 11 9
20 0 7
10 13 10
20 23 6
5 7 5
11 14 6
21 23 16
18 21 12
11 13 15
20 23 2
21 0 11
16 20 9
3 6 9
6 9 16
5 9 15
23 1 8
9 14 8
12 16 15
18 21 9
3 5 16
22 3 7
20 21 12
13 15 16
7 11 14
4 7 17
2 5 5
8 11 15
8 12 5
13 15 6
18 22 1
1 4 7
0 3 11
5 8 12
11 14 12
7 11 1
12 16 5
20 0 17
7 12 2
19 22 18
11 14 6
10 13 17
14 16 1
8 10 7
0 2 2
4 7 10
19 0 3
8 12 2
9 13 17
6 9 13
20 1 3
22 1 10
0 3 5
2 4 6
18 22 8
13 15 11
14 17 18
15 18 13
13 16 11
6 8 3
18 20 12
19 21 1
13 17 16
18 22 17
20 23 12
10 12 14
10 14 5
10 13 5
19 23 7
10 12 6
12 16 2
19 21 12
0 4 9
1 4 2
18 19 15
8 11 4
22 1 9
16 19 16
18 22 16
23 1 9
5 7 17
17 20 1
19 22 13
20 0 3
7 10 8
18 20 8
0 3 4
14 17 7
5 8 4
0 3 10
9 12 2
22 23 15
3 6 6
2 4 10
19 20 8
4 6 17
22 2 12
0 4 14
6 9 1
8 13 16
22 2 14
21 2 15
7 9 2
13 16 2
23 3 10
1 4 5
20 23 13
23 4 10
2 4 4
18 22 1
10 13 12
1 4 17
7 9 6
2 7 14
3 8 9
3 5 6
8 10 12
16 17 1
9 12 14
5 7 7
19 23 3
18 21 7
16 21 13
19 21 6
6 8 1
3 8 10
14 17 15
2 6 13
19 23 14
0 4 15
22 23 15
9 12 10
5 7 5
4 6 10
10 13 18
2 5 1
12 14 5
22 2 16
5 9 10
11 16 3
0 3 15
20 21 14
14 19 1
6 7 7
23 2 11
10 12 18
12 15 14
22 0 1
20 23 3
14 16 15
23 0 5
10 13 6
9 12 3
19 0 10
18 21 15
23 2 17
3 8 1
17 20 8
3 5 4
22 1 13
19 23 14
16 19 16
20 0 12
15 17 6
23 3 9
8 11 10
20 23 17
20 23 7
8 11 3
12 15 11
3 8 16
4 9 11
1 4 14
15 17 15
18 23 6
14 16 8
15 16 10
13 15 9
14 16 4
5 7 8
17 21 5
16 19 15
23 2 18
21 1 6
8 10 5
8 10 11
10 13 17
20 0 4
4 8 13
10 13 15
5 8 18
15 18 6
11 15 4
20 0 2
22 0 2
16 19 8
8 11 2
0 4 17
21 0 2
10 12 2
5 9 3
22 1 3
21 1 13
18 21 12
6 10 6
1 2 11
8 9 17
7 11 8
8 12 11
20 23 7
18 21 6
9 11 16
9 14 17
12 15 16
7 10 16
10 12 4
7 12 2
16 19 7
8 11 16
22 2 11
15 18 16
21 23 8
10 14 11
14 16 14
21 23 3
2 4 13
9 12 13
0 6 16
9 14 18
22 1 10
18 22 4
21 0 10
23 2 18
19 23 4
22 2 4
7 10 12
21 22 18
2 6 13
18 20 5
13 15 18
7 10 6
15 16 15
18 23 15
22 23 16
16 17 14
17 18 17
14 18 2
5 8 7
21 1 12
17 19 11
20 22 10
7 10 2
0 5 16
0 2 14
11 13 5
10 14 3
9 11 8
19 22 13
1 4 8
2 5 18
7 10 15
12 15 6
19 0 3
6 7 15
17 22 5
17 20 8
15 18 13
19 22 3
16 18 1
20 22 14
3 8 4
5 8 14
22 0 10
0 3 11
12 14 10
4 8 14
1 3 17
23 2 7
3 5 17
1 3 6
10 15 16
20 23 6
12 17 17
20 22 6
22 2 11
12 13 6
2 4 4
20 22 1
12 17 12
3 7 4
19 20 11
2 6 5
20 23 2
12 15 14
3 6 17
3 4 10
8 11 14
23 3 3
6 9 11
11 14 3
4 6 2
15 19 10
1 4 9
7 9 7
18 22 9
2 6 12
1 4 7
3 7 1
6 10 11
5 8 2
14 17 16
11 13 18
7 12 17
23 3 18
13 17 9
2 6 9
8 10 17
3 5 2
9 13 16
13 18 15
11 12 8
4 7 16
11 14 14
14 18 8
7 10 2
15 21 13
17 20 4
0 4 17
21 0 13
23 3 12
16 19 18
22 0 14
3 6 10
20 0 13
12 18 11
10 14 1
0 2 2
13 15 1
9 12 17
18 22 5
23 1 13
10 13 3
12 15 4
8 11 12
12 14 1
19 22 2
20 22 16
11 15 13
7 8 13
3 7 13
10 13 5
23 4 8
21 0 8
4 6 3
15 18 4
11 13 17
10 13 4
22 1 18
4 8 1
2 4 9
4 6 16
19 23 15
8 11 6
4 6 14
21 1 10
11 14 15
2 4 5
23 2 11
15 18 14
2 5 3
20 22 12
21 23 1
19 23 17
0 4 1
12 16 18
5 8 18
0 5 15
5 8 15
4 7 13
14 17 11
4 8 12
3 5 18
11 15 8
14 17 10
8 10 12
14 17 6
6 10 12
8 12 17
2 5 2
3 6 3
23 1 5
11 14 17
6 8 9
11 14 14
14 16 7
22 1 6
11 15 17
16 20 6
3 5 13
9 10 6
6 8 3
19 22 4
5 8 8
16 21 4
0 4 13
12 15 6
8 12 7
1 3 9
9 11 11
9 12 14
12 17 3
11 15 7
14 18 18
15 18 10
9 11 13
13 16 16
12 16 17
6 10 15
17 20 15
14 17 9
13 17 16
13 16 17
20 0 1
17 21 7
7 9 7
23 2 2
5 9 12
3 5 11
6 8 4
16 19 12
19 23 6
2 5 9
20 23 5
21 1 7
8 11 6
13 15 1
12 15 12
5 7 15
23 2 12
7 11 1
16 18 16
8 13 18
2 6 11
17 20 12
5 8 8
3 7 15
16 18 3
20 22 18
2 4 1
6 9 5
10 13 18
18 20 17
10 12 6
11 15 7
19 23 11
5 8 7
17 20 4
18 20 13
15 18 18
4 7 4
20 22 12
10 11 6
2 4 13
13 17 6
11 15 15
22 1 17
7 11 3
16 19 8
12 13 18
23 1 3
7 10 13
10 13 2
4 7 4
0 2 12
1 2 12
15 18 8
17 21 6
0 3 13
6 10 17
21 0 17
3 6 9
5 9 14
5 8 1
9 14 11
0 2 11
14 17 11
10 14 17
14 16 17
0 3 15
1 4 1
23 2 17
3 7 8
8 11 7
8 11 10
10 14 15
13 16 18
8 10 11
1 3 8
21 0 1
6 11 2
20 23 14
12 16 15
18 20 16
14 16 9
9 12 5
4 6 18
15 18 2
1 5 4
16 20 9
20 0 16
4 8 2
11 15 2
14 17 10
18 22 8
5 8 1
2 4 1
18 20 10
5 7 3
18 21 7
11 14 11
14 16 2
18 20 5
13 15 15
14 17 3
11 14 12
13 15 6
5 8 8
11 13 2
9 12 9
20 22 13
4 7 10
6 10 18
22 1 1
20 0 11
3 7 9
21 22 14
19 21 15
9 12 13
11 12 12
11 13 16
7 10 2
5 9 6
3 7 5
17 22 16
14 16 3
2 5 9
6 8 12
3 8 18
2 5 13
17 19 11
6 10 2
20 23 6
15 19 7
11 14 16
13 16 16
18 20 14
4 7 8
9 13 10
19 23 16
3 4 14
15 19 12
15 17 2
1 5 14
21 23 16
4 9 11
9 11 3
13 15 6
6 9 15
21 1 8
0 4 13
7 8 16
13 16 5
4 7 6
0 4 6
9 11 1
10 14 18
7 11 2
13 16 7
12 16 14
19 23 8
8 12 16
17 22 5
20 1 1
21 22 13
21 23 15
2 4 10
14 16 5
16 18 12
5 9 13
11 13 2
14 16 7
22 1 3
9 12 17
8 12 2
9 12 15
13 15 5
17 20 13
14 17 8
7 11 9
8 10 7
22 0 14
8 10 3
1 4 10
2 6 18
11 13 6
12 15 5
1 5 13
8 12 13
3 6 15
19 21 14
7 10 10
12 15 5
16 20 12
4 6 3
16 19 10
6 10 5
12 16 8
14 17 3
4 8 1
0 2 12
11 13 14
10 12 8
21 0 15
4 6 3
0 2 7
22 0 12
0 3 2
1 4 16
20 22 6
17 22 8
8 12 15
1 5 8
7 10 6
19 23 12
22 1 8
20 22 2
14 16 8
17 21 4
12 13 14
17 20 3
19 23 5
4 7 5
21 0 18
12 15 11
16 21 11
20 23 9
3 6 8
3 6 4
21 1 13
7 10 6
20 0 4
5 8 16
19 23 9
15 17 15
19 22 4
4 8 11
5 7 8
10 13 12
1 4 17
1 4 7
21 0 17
15 19 4
17 21 5
15 19 1
12 14 18
16 19 16
0 3 11
1 5 5
8 12 11
14 17 12
8 12 11
16 18 8
11 16 15
9 12 1
11 15 6
19 22 8
16 19 16
2 4 17
13 14 6
4 5 8
6 9 13
2 5 5
21 0 17
7 10 15
9 12 5
3 6 5
9 12 9
13 16 7
16 20 13
8 12 13
1 6 9
18 21 12
1 1 10
13 17 13
6 9 14
9 9 4
20 21 10
15 18 7
15 19 10
15 17 4
8 13 13
9 10 17
4 7 11
18 22 10
21 1 14
2 6 14
7 11 16
2 5 17
6 9 8
13 18 17
23 3 17
1 3 13
20 2 6
9 12 3
7 10 12
19 0 6
21 1 18
10 14 17
6 9 17
14 15 13
14 18 16
16 18 2
0 3 8
9 12 6
23 2 8
1 4 17
19 22 3
3 5 3
23 2 14
0 3 3
6 10 3
1 3 6
8 10 16
12 18 18
10 13 5
20 23 15
3 7 7
7 12 15
10 15 14
5 7 9
11 16 14
18 20 4
5 7 18
2 4 9
13 15 15
19 23 10
2 4 12
9 12 1
13 15 6
17 19 9
14 18 16
6 8 1
14 17 6
15 18 3
16 18 4
16 19 15
3 5 8
22 2 10
3 4 7
8 12 16
19 21 15
11 15 1
10 14 16
0 4 12
13 16 18
2 5 12
8 10 11
20 23 17
13 15 13
12 17 9
19 23 13
12 14 5
4 6 5
9 13 2
17 21 15
21 0 8
19 21 16
19 22 4
11 16 12
10 12 18
19 22 16
22 2 12
13 16 2
8 11 12
18 21 13
18 21 2
3 7 4
12 14 6
20 22 14
8 13 6
7 11 1
12 15 8
10 13 13
13 15 9
0 2 4
6 7 14
10 13 15
17 20 5
8 12 14
14 17 3
9 12 9
20 22 12
16 19 8
23 5 17
3 8 2
5 9 15
6 10 6
22 23 12
22 1 13
1 5 5
16 18 13
15 17 7
14 18 4
23 1 3
11 14 5
8 12 12
8 11 5
17 21 8
6 8 1
0 2 10
9 13 2
22 1 3
19 21 13
20 0 1
0 5 10
13 14 12
3 6 14
17 19 5
12 16 9
3 6 13
9 12 5
0 2 2
19 22 6
11 14 16
20 21 8
18 20 4
2 5 11
19 22 5
20 23 7
21 1 13
21 0 14
20 23 2
14 17 11
4 6 6
20 22 12
12 15 3
15 18 17
11 13 4
20 0 8
6 10 10
7 10 18
19 22 6
7 9 13
5 8 1
12 15 18
2 5 7
1 2 7
16 17 6
20 23 14
6 9 15
12 16 18
2 7 15
21 1 1
14 17 7
20 0 13
11 15 7
20 22 1
22 2 17
13 16 6
12 15 15
9 13 13
6 8 3
20 0 7
11 13 5
8 12 13
4 8 13
16 20 15
0 4 2
2 6 15
18 22 15
23 1 13
13 17 17
19 22 15
19 23 7
5 8 4
15 18 10
19 22 12
2 6 10
10 13 4
8 12 16
4 8 3
14 19 8
19 21 13
21 23 2
5 10 16
2 5 9
9 11 18
22 1 7
10 12 3
12 17 5
23 1 4
21 0 1
20 21 8
16 17 12
0 4 6
17 19 15
1 5 1
7 9 3
3 6 13
10 13 4
4 7 11
4 5 16
13 16 4
19 23 13
4 7 10
2 7 7
23 0 9
0 3 6
18 19 18
9 12 5
14 18 7
5 7 9
10 12 10
8 11 12
9 13 10
8 10 8
14 18 17
20 0 17
6 11 18
22 1 11
14 18 7
19 23 12
7 11 14
4 7 8
13 16 2
7 9 5
9 12 12
22 1 13
13 17 8
6 10 5
21 1 8
8 10 13
5 10 2
9 12 3
12 16 10
14 18 13
13 15 2
4 6 9
10 12 1
5 7 14
19 22 6
23 2 3
19 23 2
2 6 14
17 20 13
21 22 3
23 2 1
22 1 2
9 10 14
10 12 18
21 0 1
15 16 2
18 21 10
1 4 18
0 4 2
3 7 3
17 20 6
19 23 18
5 7 8
22 0 3
9 13 7
0 2 1
13 16 4
7 11 15
9 11 5
7 12 6
11 14 5
4 7 4
1 2 15
22 2 17
14 16 13
17 22 13
2 5 14
22 1 15
6 10 10
18 21 5
20 23 1
10 13 18
21 23 16
2 5 17
17 21 10
11 14 14
23 1 17
20 23 7
2 5 11
8 10 7
18 22 5
10 14 6
11 14 3
21 2 4
14 17 3
9 12 10
18 21 8
20 2 5
0 4 7
7 12 16
9 14 8
5 8 8
16 20 8
15 19 5
4 8 18
2 5 13
11 13 11
7 10 11
22 2 13
1 2 17
6 11 18
11 15 7
6 8 8
21 0 4
23 2 18
0 2 1
9 14 16
18 21 18
2 6 9
13 16 3
11 14 9
16 20 13
1 3 14
18 21 16
1 4 2
23 3 12
17 19 15
19 22 14
9 12 5
22 23 10
22 1 13
21 0 13
19 23 15
19 21 4
8 12 1
18 22 10
12 15 11
19 23 15
2 5 7
6 10 18
20 0 8
4 5 8
19 23 16
10 15 8
15 17 18
3 4 10
14 17 3
6 9 4
3 8 9
13 16 1
9 12 1
3 6 16
0 4 6
13 15 2
22 0 14
9 12 1
9 12 4
9 11 8
13 17 3
6 8 16
1 4 2
16 19 4
2 6 11
4 6 10
18 20 13
20 0 16
20 22 12
15 19 7
14 18 16
8 11 12
0 3 7
11 16 14
19 22 18
18 21 9
23 3 13
4 6 14
2 6 10
18 21 17
17 20 17
16 20 9
8 10 16
11 13 9
11 16 2
15 18 17
5 8 13
13 16 2
15 19 13
7 10 12
17 20 13
4 8 16
22 0 5
2 5 11
11 15 4
9 12 11
15 18 5
16 19 6
5 9 11
4 7 9
5 7 4
12 15 15
20 0 1
9 13 16
10 13 4
20 22 2
22 2 5
13 17 17
18 21 16
17 21 3
9 11 13
8 10 15
8 10 5
5 8 16
16 20 18
2 6 12
5 6 12
7 11 1
23 2 15
6 9 9
16 18 17
21 0 14
0 2 1
19 22 14
15 16 12
21 0 18
4 6 18
22 1 3
6 8 9
3 7 8
12 15 13
2 4 7
10 13 14
16 19 14
12 16 15
19 23 12
13 17 16
5 10 9
13 16 14
18 20 16
17 20 13
6 8 7
3 7 14
5 7 13
23 23 8
1 4 2
18 19 18
7 9 14
14 18 15
22 0 9
10 13 4
20 23 9
15 18 16
8 11 6
0 3 14
13 17 9
4 8 13
18 22 6
0 3 15
4 7 10
9 12 8
1 4 17
1 3 5
17 21 2
22 0 3
0 1 4
11 14 12
8 10 11
1 4 1
19 23 8
10 14 15
4 8 1
6 8 14
3 8 9
7 9 18
0 5 3
3 5 14
15 18 11
8 10 1
8 12 9
20 23 6
10 14 7
7 9 16
19 23 7
19 21 4
3 6 10
13 17 6
2 4 6
10 14 7
11 14 5
10 13 16
2 5 18
1 5 3
1 2 8
20 23 12
3 5 17
17 20 5
14 17 7
21 0 16
13 15 14
12 15 14
23 1 13
18 22 7
10 12 11
5 6 10
20 0 16
21 22 5
14 17 2
0 4 11
23 2 7
6 10 7
13 15 12
5 8 1
20 23 7
3 6 6
0 6 8
17 20 6
15 17 16
23 2 2
12 16 5
4 8 14
14 19 8
6 10 15
15 18 12
19 22 12
23 2 10
17 19 15
20 22 11
17 19 13
9 13 18
12 15 3
4 7 9
11 13 10
2 4 12
10 13 11
1 2 2
12 13 8
0 3 11
22 23 7
16 19 10
11 15 14
12 15 14
2 4 8
9 12 17
22 1 2
1 4 16
23 4 3
15 18 15
3 6 14
3 6 11
21 0 10
3 7 3
22 2 14
12 16 9
11 14 14
1 5 11
6 10 13
8 10 17
2 5 5
4 7 7
9 12 9
2 6 5
18 21 13
23 2 5
1 6 3
6 11 13
8 11 3
16 19 6
9 13 16
22 0 17
23 4 6
2 5 11
16 23 18
9 12 2
19 23 11
1 4 18
18 20 7
0 3 13
5 6 5
5 8 13
0 2 6
20 23 7
6 8 5
7 11 7
1 4 11
14 17 5
10 14 6
11 13 10
10 13 13
2 8 8
2 5 5
9 15 14
17 20 12
12 16 6
18 20 15
16 18 9
17 19 5
3 5 10
19 23 1
3 6 13
4 7 10
21 0 7
22 0 7
6 9 11
15 19 18
9 13 3
19 21 4
17 22 5
23 2 7
10 14 13
16 19 18
16 20 3
3 4 17
6 9 14
19 22 4
4 7 13
15 18 10
17 20 9
2 4 2
3 6 15
2 4 17
20 0 4
4 8 11
6 8 10
3 5 2
21 22 15
10 12 4
7 12 7
18 20 16
4 7 16
7 11 9
23 2 2
8 11 8
12 14 5
3 5 9
19 23 6
3 6 17
19 21 18
15 19 12
11 14 16
22 1 11
13 17 6
5 8 2
9 9 11
3 6 5
8 12 17
12 16 11
23 1 16
6 11 18
18 21 15
20 23 3
2 3 16
20 23 10
4 7 4
0 2 15
11 14 13
22 2 3
1 4 6
6 9 13
16 17 6
21 1 2
14 17 1
22 1 10
13 15 15
9 12 11
16 19 14
17 22 4
2 6 18
10 12 1
3 8 12
3 6 8
4 8 6
13 16 17
20 0 16
16 20 7
23 3 12
9 13 15
15 16 4
20 23 14
11 14 9
6 8 4
19 21 15
10 11 15
11 12 7
18 21 10
16 20 15
1 4 16
22 2 13
14 15 10
11 13 18
4 8 4
8 11 15
16 20 12
6 9 8
13 17 7
9 11 14
0 2 9
22 0 5
3 4 18
11 14 2
22 3 13
14 16 14
22 1 6
9 12 9
19 23 2
23 2 11
23 2 10
9 13 18
4 7 6
21 0 9
10 12 1
15 16 17
18 20 10
12 16 2
8 10 7
7 10 15
20 0 3
19 22 8
19 22 10
4 7 11
2 6 8
9 12 9
18 21 13
5 7 7
3 6 16
11 14 4
5 7 11
13 17 2
9 10 13
16 19 17
5 9 4
0 2 13
6 9 6
4 8 6
2 7 5
11 13 17
14 16 13
22 0 13
3 7 11
2 6 12
5 8 15
2 4 2
15 18 13
2 3 8
1 5 2
0 4 1
15 19 4
3 6 17
9 12 5
20 21 5
10 13 8
1 2 5
17 21 9
0 5 17
22 2 17
21 22 10
5 8 16
10 12 5
21 23 14
0 3 15
12 15 18
2 6 10
1 3 3
12 15 8
15 19 13
21 1 12
10 14 9
1 4 16
21 0 18
0 3 16
0 4 14
12 15 15
3 5 6
17 20 11
21 1 5
12 16 3
1 4 7
16 18 16
21 0 2
8 10 17
13 15 15
5 9 8
10 12 4
14 19 12
3 5 8
7 9 11
23 1 4
6 9 5
21 0 7
0 3 14
13 16 6
0 2 13
12 14 2
14 16 9
1 3 11
6 9 14
7 11 17
10 13 4
15 18 10
6 9 7
14 16 14
8 11 2
2 6 10
2 3 8
15 18 4
10 13 13
0 3 8
11 14 17
13 15 1
12 17 4
2 5 8
16 18 5
7 11 7
16 19 13
9 11 9
5 8 17
3 6 16
3 3 16
5 8 16
11 14 9
6 9 4
14 17 14
9 11 16
14 17 12
20 22 2
5 8 14
6 9 11
17 20 7
23 3 17
12 15 3
11 13 1
22 1 2
18 21 17
13 15 15
14 17 15
15 19 17
18 21 3
18 22 18
13 15 7
8 11 11
3 6 3
19 20 17
6 7 5
18 21 14
1 3 6
22 2 2
1 5 18
9 11 6
8 11 11
3 8 1
4 9 10
19 23 17
23 2 17
7 10 13
22 1 2
8 11 10
20 21 12
15 18 16
2 4 16
12 17 10
2 4 17
7 9 11
4 7 13
0 2 9
17 20 4
20 0 11
5 8 1
14 15 10
1 3 16
22 2 15
7 11 4
9 11 2
2 6 10
7 9 15
4 7 5
15 20 15
4 8 10
13 15 12
22 1 18
2 5 2
11 16 15
13 16 15
3 6 4
17 21 12
23 1 13
22 0 9
16 18 16
23 2 12
23 2 9
3 7 4
19 23 2
16 20 9
17 21 4
13 16 6
14 16 3
4 7 14
9 13 5
21 22 15
1 5 4
19 23 2
5 7 11
20 0 16
19 23 2
9 12 10
15 17 3
9 11 6
9 10 9
7 11 12
0 4 1
14 19 14
20 0 1
23 1 13
16 21 16
17 20 8
11 13 11
1 4 6
0 2 14
23 4 3
3 4 7
3 7 11
21 2 9
5 8 14
7 10 8
0 3 2
6 8 6
22 0 1
2 4 17
0 4 15
5 10 2
19 23 3
9 11 7
3 6 17
6 6 9
7 11 6
6 10 11
2 4 17
9 12 6
7 9 1
5 7 14
21 0 18
9 13 10
1 4 4
0 3 16
3 6 4
6 9 7
13 13 5
16 19 5
22 3 15
3 6 8
23 2 9
5 7 8
8 9 10
3 6 1
4 9 2
14 18 2
12 16 12
21 22 11
15 18 18
3 7 11
17 20 15
15 17 8
12 17 5
2 6 4
14 16 9
5 7 12
15 20 6
14 17 15
2 5 15
18 20 13
10 14 6
22 1 14
15 19 8
4 8 8
7 9 1
17 19 4
4 7 4
8 11 13
4 5 13
15 20 9
14 17 8
5 9 4
9 12 7
23 1 1
4 7 7
6 9 14
11 12 5
21 1 14
12 17 2
19 21 11
12 15 7
7 11 14
22 0 14
15 18 18
3 6 9
12 16 4
10 13 6
4 8 2
5 7 13
17 22 17
0 3 18
13 18 17
7 9 11
15 18 16
3 6 5
9 11 5
14 16 7
5 7 9
18 20 9
22 2 16
16 19 4
22 1 9
1 3 5
20 22 17
20 23 2
17 21 5
21 1 8
7 10 15
16 20 14
22 1 7
7 9 5
15 18 12
9 14 9
18 21 17
10 11 5
21 0 9
18 21 4
23 2 3
3 6 18
23 2 2
22 0 5
14 16 8
16 20 3
19 23 9
5 6 17
8 12 18
3 7 2
7 11 8
4 7 4
7 11 1
21 1 4
1 4 1
3 6 6
8 9 15
18 22 9
2 6 8
2 5 1
12 18 4
20 23 12
20 22 9
14 16 8
14 17 9
10 14 15
2 4 14
10 14 9
5 9 17
16 19 14
23 2 5
5 8 16
21 23 7
13 16 17
22 0 11
4 8 4
4 8 18
22 1 15
0 3 17
0 3 5
1 3 8
17 21 3
18 22 10
15 20 11
15 16 8
12 16 15
3 8 10
22 2 1
3 6 15
18 22 15
14 17 4
3 6 6
9 13 17
16 16 17
4 6 8
20 23 4
2 5 10
10 12 1
11 13 15
22 0 13
21 0 16
22 2 17
2 7 5
18 20 13
21 23 14
3 7 17
14 15 18
11 15 7
10 14 7
13 15 6
18 22 16
13 15 2
12 15 5
4 8 10
0 3 12
8 13 17
6 6 12
23 3 8
15 18 16
0 4 13
10 12 15
10 13 12
22 2 10
11 15 14
12 15 7
4 7 2
12 14 18
0 3 17
12 14 3
6 8 7
16 19 6
13 18 11
23 3 7
4 6 16
20 1 7
7 10 3
1 2 2
1 4 3
4 8 14
18 20 14
0 3 10
16 18 12
15 19 1
20 0 7
7 9 3
12 13 13
6 8 4
8 10 4
1 4 2
23 4 13
4 7 5
23 1 4
4 7 1
15 19 3
11 15 3
12 14 10
4 8 4
23 1 3
9 10 11
13 17 1
7 10 14
0 3 11
7 11 17
4 9 4
3 7 11
22 2 2
21 23 2
15 18 14
15 17 17
21 22 12
18 21 15
22 0 8
12 13 1
1 5 13
9 10 14
8 12 9
11 14 3
3 7 17
8 13 14
22 2 18
8 11 1
12 15 9
12 15 8
23 3 13
11 14 16
16 19 5
0 3 18
12 16 13
7 10 9
9 11 14
17 20 4
22 23 9
22 4 7
12 15 7
14 19 17
23 4 6
4 6 8
14 17 13
12 15 15
3 8 18
13 17 17
13 16 9
8 12 17
10 13 13
10 14 8
10 15 18
9 12 10
7 9 2
2 7 18
17 20 15
3 5 4
14 16 12
21 23 16
4 7 11
20 23 10
14 17 12
22 0 5
22 0 18
2 6 7
10 13 2
8 9 6
9 12 8
1 3 13
11 12 17
12 14 10
8 12 10
9 12 18
6 10 15
15 18 15
11 13 12
23 2 8
8 12 7
20 0 10
16 21 17
8 11 12
8 10 12
6 7 11
4 8 3
23 1 15
17 19 12
15 18 4
10 13 16
20 0 2
9 11 11
20 23 2
7 10 17
5 7 6
7 11 16
2 7 15
1 4 7
0 3 16
12 15 1
14 15 4
20 22 8
4 7 7
12 15 10
18 20 13
21 0 15
6 10 11
17 22 17
5 7 5
7 11 3
4 7 13
19 22 16
12 14 11
3 5 15
10 13 7
12 16 18
15 20 14
20 23 5
6 10 16
14 18 7
17 22 13
5 8 2
18 21 16
15 17 3
13 14 9
12 15 12
23 1 3
17 19 7
6 9 12
14 17 8
0 3 3
13 15 6
14 18 2
4 6 17
5 7 14
18 21 15
7 11 10
4 9 5
1 4 3
20 0 8
6 10 18
13 17 11
4 7 11
9 12 1
6 7 14
4 7 2
2 5 8
7 9 3
2 6 7
3 7 15
14 18 16
2 3 9
6 9 15
5 8 4
4 4 5
8 12 12
15 17 3
19 22 11
5 7 5
19 21 4
3 8 7
4 4 5
5 7 18
17 21 4
14 16 5
22 23 13
19 22 10
6 8 15
1 5 9
15 17 8
22 2 7
0 3 14
22 2 18
5 8 8
10 13 2
13 16 5
16 20 13
22 2 3
4 8 6
10 13 12
9 9 8
7 10 10
0 5 13
15 20 17
14 17 16
7 9 17
3 5 3
22 0 9
11 15 11
20 0 8
15 19 12
2 4 10
12 14 7
21 1 14
20 22 16
3 6 6
13 16 4
12 14 6
15 19 10
19 0 5
18 22 8
9 12 13
7 10 15
9 12 13
19 21 13
6 8 13
16 19 13
5 7 17
7 9 7
17 20 5
21 0 2
4 7 17
5 7 11
19 22 10
22 2 2
9 13 4
2 6 7
13 16 10
10 13 1
21 1 1
11 13 18
1 4 2
5 10 6
17 21 12
23 3 7
23 2 10
11 13 3
16 18 14
14 16 1
15 18 4
14 19 15
15 18 16
19 22 6
14 17 5
16 19 6
8 12 4
19 21 14
9 11 14
12 15 12
10 12 4
7 10 2
4 7 4
3 6 18
17 18 18
8 12 8
18 22 1
9 11 12
1 3 10
11 13 18
18 21 12
3 6 14
18 22 3
20 0 13
1 4 18
17 22 9
4 6 11
6 12 13
14 17 6
8 12 13
0 5 3
15 19 1
13 16 17
8 12 2
11 13 17
10 12 18
3 7 11
5 7 3
16 19 13
14 17 8
5 8 15
8 11 9
19 22 15
9 12 4
13 17 4
0 5 16
23 1 7
10 12 8
4 7 2
9 11 2
4 7 8
5 9 10
20 23 8
7 11 11
14 16 18
6 7 4
10 14 18
17 19 9
0 3 9
8 12 15
0 2 16
20 0 13
14 15 17
20 23 8
13 16 9
7 10 8
17 21 1
8 13 13
17 20 14
5 8 5
4 8 15
13 17 12
23 1 7
20 0 13
0 3 11
0 3 4
14 16 15
7 12 14
5 8 10
22 2 5
12 16 3
12 15 5
0 5 1
17 20 1
3 6 11
11 15 12
0 5 16
8 11 10
16 19 9
17 21 4
22 1 8
0 5 18
20 23 1
13 17 18
8 12 1
9 14 4
13 16 8
5 8 17
14 17 18
10 13 18
9 12 6
23 1 16
23 0 5
1 4 3
18 20 14
3 7 14
9 10 18
11 12 7
19 23 15
11 13 5
18 20 8
7 11 10
23 1 11
13 17 7
8 11 17
19 22 13
9 12 10
13 17 8
6 11 14
11 14 8
10 13 14
21 0 2
1 4 17
9 12 3
20 22 15
22 0 1
17 19 6
3 6 10
20 22 12
18 20 11
10 13 11
2 5 6
7 11 1
16 21 4
1 3 9
7 9 1
5 8 18
22 22 2
5 9 6
17 20 6
18 18 10
4 6 15
7 10 1
18 21 11
6 9 8
13 14 10
19 22 2
8 14 2
9 13 3
20 23 16
16 18 17
21 1 10
18 20 14
13 15 16
7 10 3
8 12 14
6 7 11
20 0 17
3 5 2
14 16 13
17 21 14
9 12 8
19 22 14
17 19 2
6 9 7
20 22 1
15 19 8
10 16 4
21 22 3
11 14 5
2 6 9
23 2 8
2 4 5
23 2 17
9 12 8
19 21 11
11 14 12
8 12 12
10 11 4
23 2 15
10 12 1
11 16 11
5 7 13
7 10 2
5 7 8
7 9 12
10 12 3
2 5 10
2 6 13
23 2 7
20 21 15
15 18 11
14 19 3
15 18 6
21 0 11
3 7 1
21 3 8
17 20 1
5 8 16
13 15 15
8 12 16
0 3 11
8 12 12
8 10 16
6 8 14
21 0 6
22 0 11
23 2 10
22 1 2
22 1 6
23 1 18
12 16 13
