2100 6
3 8 9 8 8 9 
10 13 3
3 6 5
12 14 5
2 7 3
8 12 6
14 19 4
23 2 6
15 18 3
12 14 1
16 19 4
1 2 4
1 4 6
12 16 4
8 11 6
5 7 2
18 22 3
23 1 3
10 10 4
23 3 1
9 9 1
10 13 4
17 20 2
18 23 2
18 20 4
15 19 5
4 7 2
14 18 6
1 5 3
4 8 4
8 12 6
7 10 2
20 0 2
22 1 2
21 23 3
14 16 1
16 20 5
6 9 3
2 5 5
4 6 3
20 21 3
4 6 5
0 2 6
0 4 4
1 5 5
23 0 4
1 3 6
14 17 4
7 10 3
16 19 1
12 14 6
16 20 2
10 13 1
9 13 6
1 4 5
23 1 5
22 1 6
3 6 4
16 17 5
12 17 4
14 17 3
5 10 5
18 21 5
23 1 4
0 2 3
0 2 1
11 14 6
21 2 5
4 6 1
23 2 5
14 16 3
15 19 5
7 11 1
19 0 2
9 11 5
19 23 1
15 17 3
23 2 6
20 22 5
20 0 3
17 19 1
17 20 6
12 14 6
5 10 2
15 18 3
23 3 6
2 5 5
12 15 3
23 1 5
23 4 3
16 18 2
19 23 6
20 22 5
23 5 1
3 8 5
6 9 1
5 10 5
14 16 1
17 21 3
11 16 5
2 3 4
12 14 3
16 19 2
7 10 4
7 12 6
1 4 5
13 15 1
1 3 6
12 15 6
6 10 6
2 4 3
9 11 1
15 18 5
13 17 1
10 13 5
21 23 1
1 4 3
8 11 6
21 1 1
14 17 5
11 14 3
1 4 1
14 18 5
11 15 4
12 15 5
10 13 4
21 23 6
19 20 3
2 5 6
2 6 1
18 21 4
21 0 3
0 3 6
16 18 2
20 21 2
12 14 5
17 19 1
22 0 1
1 5 4
22 1 5
12 15 5
9 12 3
20 0 1
6 7 2
20 22 1
11 13 2
8 9 4
6 10 4
9 13 5
15 17 1
1 4 3
1 5 1
9 13 2
0 3 4
4 5 6
0 1 1
12 14 2
16 19 6
18 21 1
3 6 6
5 7 2
2 5 3
13 16 4
12 14 5
12 16 3
13 15 4
13 14 2
3 6 4
6 8 6
9 11 5
22 0 1
13 17 2
22 1 4
4 7 4
0 2 3
3 8 4
0 2 6
11 12 5
11 14 2
15 18 1
5 9 3
9 13 3
23 2 4
16 18 6
17 19 5
9 12 5
4 8 5
14 19 1
4 7 2
12 14 5
1 5 4
14 16 6
20 23 4
15 17 2
12 16 4
19 21 5
0 4 3
8 10 2
23 2 4
15 18 4
8 12 1
22 2 2
11 13 6
12 16 4
14 17 5
3 6 3
2 6 2
11 15 1
7 10 2
5 8 2
19 23 1
21 2 4
13 17 1
6 9 5
9 13 3
14 17 2
16 19 4
22 1 2
22 1 1
23 1 6
18 20 5
12 16 3
11 15 2
21 23 5
14 18 2
3 8 5
0 3 5
19 22 2
5 6 5
13 16 2
17 22 6
5 6 5
10 14 6
23 3 5
0 2 2
14 16 3
5 8 2
20 0 6
6 10 5
20 23 6
5 8 3
19 21 5
5 9 6
14 16 5
8 12 6
6 7 5
11 13 4
8 14 3
1 3 3
21 2 6
18 21 3
13 14 5
4 6 4
4 5 2
13 16 2
23 2 5
18 21 1
3 6 1
21 23 3
18 20 6
7 10 1
12 15 6
15 18 4
3 8 4
11 13 2
0 5 4
14 16 4
19 22 2
12 14 3
22 2 5
7 10 4
9 13 5
3 6 6
20 23 6
7 10 6
7 12 1
17 19 6
8 11 4
12 15 3
10 13 4
19 21 6
19 21 1
17 19 2
5 8 5
14 18 2
12 15 3
14 17 4
20 23 2
4 7 5
16 18 3
3 6 1
6 9 3
23 3 6
8 11 5
17 22 2
5 8 3
6 8 6
16 20 3
8 12 3
1 3 3
21 1 4
19 22 2
15 17 2
22 23 6
7 10 5
7 10 1
17 19 6
11 15 1
7 12 5
23 2 6
21 0 1
10 12 2
7 11 2
17 19 6
22 0 6
5 10 1
21 1 4
3 6 3
6 9 2
5 8 5
2 5 3
3 5 5
10 12 6
1 5 5
7 10 1
23 1 6
21 23 1
9 13 3
2 4 2
17 20 5
7 10 4
10 11 2
14 16 3
6 9 2
17 21 1
7 11 6
2 4 6
7 10 4
17 23 6
23 3 5
20 0 2
23 3 3
4 8 4
20 22 6
11 15 3
5 9 1
1 6 5
0 3 6
0 2 1
18 20 6
4 6 1
5 8 1
7 9 3
22 3 5
2 6 1
1 4 5
16 18 5
9 12 4
14 18 1
17 20 3
9 12 5
8 11 5
8 11 3
10 13 5
21 0 3
1 2 1
2 5 5
13 16 6
19 23 3
4 7 6
11 12 6
0 2 4
8 11 2
12 15 6
8 11 6
6 9 6
22 2 6
23 2 2
19 22 4
4 8 5
3 6 2
13 14 4
21 1 2
8 10 2
7 10 6
14 16 4
14 18 1
22 2 6
17 19 5
15 19 5
5 7 6
10 15 3
9 11 2
10 13 4
17 20 4
10 15 3
21 0 6
20 23 4
8 10 4
14 18 3
12 16 4
10 14 4
22 1 3
15 18 3
2 5 2
12 16 2
13 15 5
0 2 6
1 6 5
23 3 4
19 22 4
8 10 5
7 9 3
7 10 3
22 23 5
17 20 6
19 21 4
13 16 6
8 12 1
2 5 6
6 11 3
1 5 4
18 21 6
15 19 5
2 3 4
7 11 2
1 3 6
12 15 4
13 16 6
3 7 4
2 4 4
20 0 6
4 8 4
7 11 3
13 16 4
22 1 4
15 17 3
12 16 6
11 14 4
14 17 4
10 14 5
5 9 5
5 7 5
4 7 2
8 10 3
19 22 2
6 9 5
16 18 4
6 10 2
0 2 3
15 18 6
23 4 2
6 10 1
3 6 2
18 21 1
1 3 5
12 14 6
7 10 2
12 17 4
0 2 5
22 1 3
5 9 6
2 5 2
3 5 1
1 6 2
12 15 3
21 0 3
2 6 4
23 1 3
6 8 3
14 19 4
21 0 3
4 8 2
10 13 3
23 1 2
18 21 1
13 15 4
4 6 4
11 13 2
0 2 5
7 10 1
20 23 4
17 19 1
7 10 4
14 18 5
15 17 6
6 9 2
7 10 3
11 13 6
23 2 3
0 3 2
12 15 4
7 9 5
0 1 2
5 7 3
13 15 4
19 22 1
15 18 4
13 18 2
4 7 4
11 15 1
6 10 2
18 20 5
10 14 4
7 11 3
0 2 4
18 21 1
0 1 3
9 11 3
12 16 4
6 8 3
17 21 4
1 5 3
18 21 3
19 22 1
14 18 5
21 1 4
4 6 5
13 15 5
15 19 4
5 7 3
14 19 3
18 19 6
2 5 3
20 22 1
16 19 1
9 10 2
22 1 2
0 2 5
23 1 2
23 2 2
5 8 3
0 4 5
5 8 4
14 18 5
14 18 4
2 2 6
1 4 6
0 3 6
12 16 1
12 15 2
16 18 6
16 20 1
19 21 1
5 9 4
10 12 4
10 12 2
2 6 6
11 14 4
6 12 6
0 1 5
22 1 6
23 4 2
11 15 2
5 8 3
14 18 6
10 13 4
9 12 6
7 9 1
6 8 1
1 2 6
18 20 5
15 17 4
17 20 3
15 17 2
23 3 2
18 20 5
21 23 1
11 14 2
5 9 4
0 4 5
11 14 5
19 22 5
9 12 5
14 18 3
2 7 3
0 1 6
23 2 6
8 10 4
10 13 1
14 18 4
13 16 3
5 8 6
3 4 6
22 2 4
11 13 4
3 5 1
18 23 1
6 9 1
11 13 2
13 15 3
0 3 3
16 19 5
2 5 3
5 9 4
16 21 2
11 13 5
22 2 6
0 2 6
14 17 6
15 18 3
15 19 5
13 16 3
8 9 1
2 4 2
21 0 1
15 18 2
16 19 3
4 6 6
23 1 4
6 8 5
23 3 3
3 6 6
21 23 4
9 10 3
23 1 3
22 0 1
11 14 2
21 0 5
10 12 3
22 0 6
12 14 6
16 18 6
1 3 1
15 19 5
19 23 6
0 3 2
5 7 4
4 7 4
15 18 5
12 15 3
9 11 5
5 9 6
5 7 2
10 13 6
18 21 1
3 5 1
0 3 4
1 4 6
11 14 4
22 0 5
20 0 3
9 11 6
13 15 4
3 4 5
10 15 6
4 7 1
3 5 2
6 8 5
19 23 2
7 9 4
9 12 4
16 19 4
21 0 2
4 7 2
7 9 1
9 11 3
23 1 3
20 23 5
18 22 5
18 21 6
6 9 3
4 6 4
21 1 1
9 12 3
22 0 6
19 22 6
20 23 5
3 7 4
20 23 6
12 16 3
8 11 3
16 19 3
16 18 2
15 19 1
15 21 2
23 2 3
16 20 5
23 1 1
12 14 5
1 4 4
16 18 1
8 12 3
4 7 4
19 22 5
18 20 1
9 12 5
16 18 6
0 4 1
23 0 6
14 17 6
14 16 3
14 17 4
8 11 4
6 11 3
22 1 4
10 14 2
8 10 2
3 8 1
3 5 1
10 12 6
8 11 3
13 15 5
12 15 6
0 2 1
2 4 5
20 21 3
21 1 4
0 1 5
7 10 2
3 7 2
17 20 6
8 10 1
18 20 1
12 15 3
18 22 5
19 21 4
3 6 5
12 13 2
5 7 3
23 2 3
22 1 3
2 4 4
12 16 5
11 14 4
12 15 1
12 15 6
8 12 4
13 16 3
16 20 2
18 22 4
2 4 1
21 23 1
16 17 6
18 20 3
6 10 5
18 21 4
0 4 2
15 20 1
2 5 6
9 10 4
20 23 5
5 7 2
3 7 1
6 8 1
22 0 1
17 20 2
18 21 2
5 8 4
15 18 5
15 18 6
19 19 4
17 20 6
3 5 4
16 18 4
18 21 5
6 9 1
23 3 3
1 4 3
11 13 4
13 14 4
12 15 3
22 0 6
4 9 6
18 22 1
19 19 1
14 17 4
9 12 4
16 21 5
1 5 5
2 6 4
4 7 1
18 21 4
17 21 3
15 19 1
6 11 2
21 0 5
0 2 3
7 9 6
9 12 1
0 3 4
9 12 4
23 1 1
18 20 6
11 15 4
6 8 3
14 15 1
19 23 1
9 13 6
3 7 5
0 4 2
4 8 2
15 18 5
8 11 2
21 0 6
5 8 1
3 7 1
6 9 2
19 22 6
10 14 3
20 0 3
10 13 5
7 11 2
23 2 5
22 2 3
18 20 1
23 4 2
11 15 3
10 13 3
15 19 4
16 19 1
1 4 1
16 20 3
13 16 6
2 7 6
17 19 5
5 8 2
22 1 6
21 0 3
11 16 4
13 16 6
19 21 4
9 11 3
16 19 5
1 4 3
12 16 2
15 17 3
7 9 4
0 2 5
20 23 5
5 9 6
14 17 2
5 8 1
17 18 3
5 9 5
20 0 4
0 4 3
6 9 3
17 20 3
21 23 1
14 17 3
14 16 6
23 2 6
10 11 5
21 0 4
11 15 1
18 22 1
2 5 1
12 15 6
5 10 3
10 13 5
20 0 3
14 17 6
19 22 1
2 4 3
10 10 3
8 11 6
22 0 2
23 1 5
4 7 5
10 13 6
3 5 6
23 2 5
19 20 2
12 15 1
18 20 6
23 1 6
16 18 4
1 4 6
4 5 3
12 13 6
6 10 2
18 21 5
9 12 6
23 3 3
1 3 5
15 16 5
19 22 4
17 20 5
18 19 2
13 16 4
12 15 3
21 1 1
12 13 1
22 1 1
4 7 4
3 8 4
4 7 1
18 21 2
12 13 1
23 1 4
21 0 2
5 7 2
4 5 1
23 1 2
15 19 3
11 15 3
22 2 6
14 15 2
16 22 4
9 14 4
13 15 1
19 23 1
2 6 6
21 1 4
8 12 2
3 7 1
17 19 4
0 3 6
12 17 3
20 1 2
9 14 2
16 21 1
18 22 2
18 21 1
18 20 2
11 13 3
5 9 4
1 5 5
9 12 4
16 18 1
11 13 5
19 21 3
9 11 2
10 14 1
12 14 6
1 6 1
2 7 4
16 19 5
10 14 2
4 7 6
10 14 1
10 12 1
22 0 6
2 6 1
8 11 6
14 18 6
6 9 6
18 21 1
5 7 5
5 8 5
3 6 2
10 14 2
17 20 4
16 20 6
16 18 3
16 20 4
11 14 2
8 12 6
11 14 1
4 6 3
16 20 4
22 0 4
3 5 2
3 6 5
21 1 3
0 3 6
0 4 5
16 20 5
10 13 4
16 21 1
5 9 6
23 3 5
12 16 6
20 23 6
12 16 1
4 5 4
2 6 3
0 4 2
6 7 6
16 19 2
22 0 1
20 0 6
15 17 1
2 5 4
18 21 3
22 1 4
13 14 5
5 6 3
10 13 2
4 9 2
2 7 4
13 17 4
3 8 3
12 16 2
8 11 5
10 16 6
16 19 6
7 10 1
4 7 5
9 12 5
12 15 2
13 14 4
1 4 6
23 3 4
6 10 5
13 16 4
19 23 2
20 22 5
3 5 2
23 0 2
19 21 2
20 22 3
7 8 5
10 13 1
1 5 1
22 0 4
17 22 3
13 16 5
23 1 4
7 10 2
1 2 5
11 15 3
22 2 5
16 19 1
12 15 3
21 0 4
8 12 5
3 7 5
22 0 4
3 7 3
20 22 4
7 11 3
7 11 2
13 16 1
2 5 3
13 16 2
12 17 6
14 16 3
8 13 2
14 19 6
5 10 5
5 8 2
14 17 6
11 14 4
3 5 5
1 2 3
19 21 1
19 22 2
16 19 6
3 5 1
17 21 1
18 23 4
9 13 1
8 11 5
17 20 4
10 14 4
14 17 5
0 2 4
8 12 1
10 13 1
6 8 3
21 0 4
19 21 2
21 0 5
23 2 6
4 8 4
7 12 2
13 16 1
20 23 5
2 6 3
11 15 5
16 18 6
17 20 5
22 1 2
12 15 4
7 9 1
11 14 4
7 10 4
1 4 6
5 8 1
17 20 5
0 1 6
3 7 1
23 3 3
11 14 6
18 20 1
1 3 6
2 6 1
18 20 5
2 4 1
14 17 1
11 13 4
4 8 3
10 15 5
15 18 1
19 22 2
13 16 6
13 16 5
18 21 6
3 5 5
9 12 5
0 3 5
20 0 5
12 14 3
9 12 3
1 3 2
7 10 1
16 18 1
10 14 3
13 14 3
13 17 4
6 7 4
3 6 2
7 10 4
8 10 6
10 13 5
15 17 3
2 4 6
19 22 4
9 12 2
1 3 2
13 17 1
0 3 3
22 0 1
11 14 5
13 18 3
1 3 5
0 5 6
14 17 4
14 15 2
16 22 2
9 14 6
4 8 5
19 23 6
11 13 4
9 13 6
10 12 4
6 10 5
11 13 6
18 20 4
1 4 6
14 17 5
23 2 3
10 13 5
19 22 5
15 19 5
19 22 1
3 7 4
23 2 4
23 2 2
22 1 2
18 21 5
16 20 4
17 21 4
17 22 1
22 1 1
14 18 6
5 7 3
11 14 3
21 1 1
13 15 5
8 11 2
11 14 4
23 2 4
7 10 3
1 3 1
16 18 6
14 18 5
4 7 2
14 16 5
10 14 2
6 10 2
10 13 4
12 15 5
10 12 1
6 10 2
19 22 6
15 19 5
10 12 4
0 4 6
10 14 6
13 16 6
18 21 6
6 8 6
7 11 1
11 14 1
19 23 5
23 2 5
7 11 5
3 6 3
2 6 4
7 11 4
16 21 5
15 19 1
17 21 2
4 7 5
10 13 2
1 5 5
0 4 3
12 15 3
8 12 6
22 2 2
21 0 1
3 5 1
23 2 6
1 4 4
19 23 4
18 19 1
8 11 6
17 21 5
5 9 5
22 0 2
2 3 6
14 17 5
22 2 6
2 5 1
12 15 2
1 4 4
23 2 6
14 18 1
2 4 4
21 0 5
11 13 3
18 21 1
2 3 4
1 4 3
19 0 2
6 8 5
15 18 1
1 5 1
22 2 6
6 11 4
9 12 5
17 20 2
21 1 6
19 22 1
19 0 2
16 20 5
19 20 1
14 17 1
14 19 2
9 12 1
16 17 4
10 12 2
8 12 3
20 0 3
18 21 1
23 0 5
3 7 1
15 18 4
2 6 6
0 4 1
18 22 4
8 12 4
9 13 2
4 9 4
2 5 1
5 6 6
11 13 4
20 0 4
21 1 4
8 11 5
3 5 4
0 3 4
4 6 6
5 8 2
0 4 4
9 12 4
9 11 4
10 15 5
20 22 4
20 0 2
9 11 6
6 9 5
12 16 2
9 13 6
4 8 4
7 9 1
18 21 6
15 19 3
19 22 6
3 5 6
8 12 5
15 19 5
14 16 1
13 16 2
10 12 4
3 8 6
7 10 2
14 18 4
17 19 5
20 22 6
18 22 3
11 15 5
3 4 6
23 2 1
8 11 3
10 13 3
0 2 4
18 21 2
17 21 2
16 19 1
22 1 1
23 2 2
3 6 2
5 7 1
22 1 2
6 9 5
11 12 5
11 12 4
5 9 6
13 16 5
17 19 5
15 19 5
4 6 5
14 17 6
5 8 3
15 18 4
6 8 1
10 13 1
19 22 1
6 10 6
16 19 4
13 16 1
12 15 3
23 3 5
10 14 6
10 14 1
0 3 3
19 22 6
9 14 2
1 4 5
17 18 6
19 23 2
16 19 3
23 4 3
22 0 5
0 3 1
4 6 5
0 4 3
22 1 4
19 22 3
0 3 3
20 21 1
6 9 2
0 5 6
19 21 3
12 14 1
19 21 1
20 23 3
2 5 2
9 13 2
11 17 6
2 6 5
20 21 3
20 0 1
21 22 2
19 20 6
1 4 2
19 0 2
5 8 3
5 10 4
21 1 5
17 20 1
8 10 6
18 22 4
20 22 5
21 22 3
5 6 2
1 5 2
2 5 2
20 22 4
6 9 3
2 4 3
4 9 5
0 6 1
7 12 2
7 10 2
2 5 2
20 0 1
15 19 5
2 6 3
21 0 6
0 2 3
2 5 2
7 12 2
22 2 2
2 5 3
21 23 4
6 9 4
14 17 5
7 12 2
23 5 1
6 9 6
8 11 6
0 4 5
19 0 3
15 19 5
21 23 4
13 16 6
13 15 3
12 13 2
5 8 6
12 14 2
16 18 4
14 18 1
10 11 2
8 11 5
8 9 3
9 13 2
16 19 6
22 1 5
1 5 1
15 18 4
15 17 6
18 22 2
10 14 2
7 10 5
6 8 4
17 20 3
0 4 2
22 0 4
7 12 5
7 9 1
20 0 3
19 0 5
12 16 6
3 6 4
20 21 2
11 12 2
22 1 4
17 20 1
23 3 1
23 3 6
21 23 1
8 12 1
11 15 3
9 12 2
12 14 5
6 9 6
21 0 6
21 2 2
1 6 3
13 17 5
17 20 6
15 18 5
5 9 4
7 10 2
5 9 4
6 8 5
12 14 1
0 2 1
17 21 4
8 12 2
4 6 3
1 5 3
7 9 2
6 11 1
4 7 4
10 13 2
6 9 5
8 10 4
4 8 1
5 8 1
5 8 1
11 14 5
16 19 5
21 1 1
11 15 5
17 19 5
4 7 3
12 14 1
0 2 4
13 15 1
1 5 6
2 5 1
13 16 2
1 5 1
20 21 5
12 15 6
0 5 1
18 21 6
22 1 6
21 0 1
16 20 5
22 1 6
23 1 1
10 14 5
20 23 2
12 17 4
4 6 1
0 3 2
12 16 2
23 2 1
8 12 2
19 21 3
18 20 4
15 17 2
3 6 2
23 2 2
12 16 4
20 0 5
16 20 6
8 10 3
5 8 4
14 18 4
23 2 5
0 4 4
14 18 3
6 8 3
18 20 2
18 22 4
21 22 5
17 20 3
19 0 5
10 13 2
10 13 1
7 12 2
19 21 6
19 21 5
4 5 3
1 2 3
20 0 2
21 0 5
8 10 1
8 11 1
15 18 1
3 5 2
14 17 5
4 7 1
6 10 3
1 3 1
1 3 5
12 15 1
15 17 2
6 11 4
19 22 5
6 10 4
0 3 1
2 6 2
10 13 1
12 15 3
8 8 3
12 15 6
3 5 1
3 6 5
19 22 6
14 16 6
0 5 1
14 16 3
4 7 2
18 21 6
11 12 1
1 4 6
17 20 5
21 23 4
9 14 6
15 18 5
17 21 3
1 4 5
8 11 4
10 11 6
15 18 2
21 23 5
17 19 2
14 18 3
22 1 3
9 13 2
19 23 5
8 11 2
21 1 1
12 16 5
23 3 4
4 7 2
12 16 3
7 10 3
17 19 3
1 4 5
9 13 2
15 16 6
15 19 5
0 3 1
12 15 3
3 5 3
16 17 1
20 23 2
13 17 3
4 8 3
23 1 2
22 1 6
22 2 3
8 11 5
0 2 3
7 11 2
12 15 1
21 0 3
14 16 2
19 22 1
22 0 4
2 5 5
13 17 2
2 5 4
10 12 6
4 8 6
22 23 6
23 2 4
12 15 4
6 7 3
18 23 3
17 20 2
5 8 1
19 22 3
16 18 2
7 10 3
23 4 1
9 13 2
9 12 5
17 20 4
4 6 3
1 4 6
14 15 5
2 4 6
16 18 2
0 4 6
19 21 1
16 20 4
15 17 1
4 5 2
16 20 1
4 6 4
21 23 1
9 11 5
18 21 4
18 20 6
16 19 3
14 18 6
22 1 2
5 7 5
2 5 4
14 19 6
5 8 1
12 15 3
16 17 5
23 1 1
3 5 1
19 21 6
3 5 2
17 22 2
18 20 3
3 6 3
21 1 6
18 19 3
1 5 4
5 7 3
0 3 6
2 8 5
7 11 6
23 2 3
12 18 6
5 10 2
8 11 6
23 3 2
3 6 2
19 22 5
1 4 5
13 16 3
11 15 1
22 1 1
12 15 3
9 12 5
22 2 3
5 8 4
9 12 1
11 14 6
5 8 3
15 18 4
11 15 5
20 21 2
8 12 2
18 21 6
13 15 1
8 10 3
22 0 4
4 5 4
7 9 1
13 15 5
12 14 1
10 10 3
8 11 4
1 3 2
14 17 1
12 17 3
19 21 6
3 6 3
22 1 4
9 12 6
4 5 1
20 23 3
2 5 3
15 19 4
2 5 2
9 12 4
5 8 2
5 8 2
15 18 1
1 5 5
4 5 3
16 19 6
13 17 4
19 21 3
15 20 1
7 12 1
18 21 1
3 7 5
9 11 4
3 7 1
21 0 4
13 16 2
11 15 4
16 22 2
21 1 3
8 9 2
4 7 2
16 17 5
13 18 5
21 22 5
10 12 5
0 5 3
11 14 4
11 14 1
11 13 1
21 0 5
9 13 4
19 22 2
5 8 6
18 20 1
19 22 4
17 18 1
15 17 5
14 16 3
17 21 6
4 6 4
14 18 6
2 4 6
16 19 2
22 1 5
2 4 6
18 21 3
3 6 3
5 10 4
12 14 4
0 3 1
13 17 2
22 23 1
23 2 4
19 21 6
13 16 4
18 21 4
6 9 3
5 6 1
6 9 5
9 13 6
12 16 2
6 8 1
2 3 1
15 16 1
18 22 6
22 1 5
16 18 4
4 8 6
22 2 4
19 22 2
7 11 6
6 9 6
8 10 1
23 3 5
18 21 3
22 0 2
16 19 3
21 23 1
11 13 3
4 6 6
16 18 1
22 1 3
16 19 4
10 14 6
4 6 6
3 4 1
7 10 4
6 9 1
16 20 1
10 13 4
13 15 3
15 17 2
19 22 4
17 19 4
12 16 2
5 7 3
17 19 3
22 1 3
6 9 1
12 15 6
22 1 6
3 6 3
22 0 4
16 19 5
0 5 6
8 9 3
17 20 5
23 1 4
20 22 2
2 4 4
19 22 5
0 1 4
16 20 3
4 7 3
9 11 4
11 13 4
20 0 2
1 3 3
14 19 2
1 5 1
8 10 5
15 18 3
5 9 2
9 12 3
14 17 6
15 20 2
14 17 4
23 1 6
17 19 5
21 0 4
5 6 5
4 6 6
11 14 2
19 22 1
17 20 5
3 7 3
22 3 2
1 4 2
5 8 3
15 18 1
6 9 6
7 11 5
14 17 6
11 14 2
10 13 2
11 15 6
17 20 3
23 3 1
16 19 3
6 7 3
6 10 5
8 11 5
6 8 1
5 8 6
18 20 1
12 14 5
16 18 2
21 23 6
4 5 4
10 14 2
13 17 4
11 15 2
1 5 2
16 19 5
22 23 1
1 5 6
20 0 3
0 2 1
11 15 3
18 21 1
23 2 6
9 13 2
18 21 2
19 23 5
21 1 3
20 23 2
6 8 2
12 14 4
2 5 1
2 5 3
12 17 1
21 1 2
1 5 3
8 10 4
8 14 6
4 9 5
19 21 4
7 9 4
9 13 2
2 7 2
14 17 4
23 2 2
14 18 6
23 1 3
14 18 5
22 1 6
20 22 4
2 5 2
1 3 3
13 16 1
13 16 6
20 23 6
10 14 1
18 21 3
3 7 1
21 23 6
18 21 4
8 11 5
17 22 5
1 4 2
0 3 6
15 16 1
13 17 4
7 8 5
5 9 4
15 18 4
11 15 6
3 5 6
10 13 1
19 22 4
15 19 5
16 20 3
19 21 5
15 19 1
17 20 4
15 19 5
18 22 3
7 11 5
17 21 2
18 22 1
8 12 1
11 12 3
2 5 3
23 2 3
6 8 4
22 0 1
3 7 3
21 0 2
12 16 3
17 19 3
20 23 6
2 4 1
5 10 4
7 12 4
3 6 6
16 19 6
22 0 1
20 22 1
12 15 5
1 4 3
14 18 6
21 1 2
9 13 6
19 23 3
10 15 6
14 17 6
13 16 3
8 10 3
4 7 6
22 1 3
0 3 1
8 12 1
8 11 5
14 17 6
3 6 5
16 20 4
3 4 5
19 23 1
22 2 6
6 8 2
9 11 6
12 15 5
19 22 5
18 22 6
1 4 5
0 3 3
9 15 2
23 1 5
12 14 6
3 5 6
22 1 1
7 10 1
13 17 6
19 23 6
4 6 2
0 4 6
8 10 4
21 1 6
9 10 3
20 0 3
10 11 5
3 7 5
0 3 4
7 8 2
2 5 4
5 8 1
3 6 1
18 21 5
21 1 4
16 19 6
0 4 4
20 23 4
14 16 1
21 1 4
14 17 5
2 5 6
19 22 4
7 11 1
3 6 4
19 23 2
14 17 5
22 1 1
17 19 2
17 20 1
11 13 1
11 13 6
16 21 1
10 12 3
18 22 4
3 7 6
20 1 5
1 3 3
17 20 5
11 14 5
8 12 6
15 16 1
8 11 6
0 3 1
19 23 1
16 19 4
12 16 4
18 21 5
11 13 1
20 0 5
5 9 5
3 7 4
19 21 2
5 9 1
6 9 5
23 3 1
22 0 1
13 17 4
18 23 3
11 14 5
22 2 6
18 19 5
21 23 2
17 20 1
11 14 5
0 5 3
13 15 3
0 3 3
11 14 5
19 23 5
9 12 4
20 22 4
13 15 4
16 20 5
22 0 5
10 12 3
20 23 1
4 7 5
7 10 2
16 18 3
22 2 2
2 5 2
22 23 3
9 12 5
15 18 4
23 3 4
14 18 4
11 13 5
17 20 2
7 12 3
21 0 3
8 11 4
5 8 1
3 6 1
19 22 3
3 6 1
22 2 3
19 22 3
9 12 2
4 8 2
3 7 1
16 18 2
6 8 4
21 1 4
14 18 6
10 12 6
13 15 2
11 13 1
19 23 2
16 20 6
20 0 1
6 9 1
23 4 6
5 10 5
21 0 2
3 6 4
0 3 3
10 13 4
14 16 3
15 19 5
21 2 5
13 15 6
23 2 2
14 17 2
