750 6
3 6 3 1 9 4 
13 16 3
9 12 6
11 14 1
18 22 2
7 9 6
8 12 3
1 4 3
11 14 1
11 14 2
16 18 2
20 23 5
22 2 5
21 1 6
16 21 2
7 10 5
23 1 1
22 0 1
20 23 5
23 2 5
8 10 1
4 7 1
20 22 1
12 13 3
19 21 1
15 19 4
21 22 5
7 11 5
20 0 3
19 22 3
3 7 5
21 23 6
13 15 6
5 8 2
23 1 5
13 16 6
7 9 4
8 11 4
21 1 4
4 6 1
17 20 6
19 21 3
17 20 4
11 13 4
5 9 3
0 1 5
0 2 2
12 15 5
13 16 3
0 3 3
23 2 1
14 18 6
7 8 4
1 5 1
17 19 5
10 14 5
22 2 6
0 2 1
1 3 2
23 2 1
21 0 4
17 19 1
7 9 6
16 21 4
20 22 3
2 4 4
0 4 6
10 14 6
6 10 6
11 13 2
8 11 3
20 0 1
5 6 2
9 13 3
12 13 3
21 1 3
17 22 1
23 4 2
1 4 2
16 20 4
17 18 5
19 22 3
18 22 5
8 10 1
9 11 1
2 5 4
20 23 4
23 2 1
16 19 1
16 20 4
23 1 1
1 4 1
6 9 4
0 2 4
15 18 6
12 14 4
18 20 6
8 11 3
3 6 2
21 1 6
23 2 3
18 20 6
17 21 4
14 15 1
3 6 1
7 10 1
15 18 4
6 9 3
7 9 1
4 7 4
21 2 3
18 22 4
2 5 6
23 2 2
15 17 1
16 17 2
21 1 5
2 4 3
3 7 5
7 10 1
0 2 6
8 11 2
18 23 2
6 9 5
2 6 5
3 8 6
2 7 6
13 17 6
3 7 5
6 10 5
17 20 1
9 11 2
19 22 3
22 1 5
15 15 5
22 2 3
6 9 5
10 14 5
8 12 6
9 13 1
21 1 6
17 19 4
16 18 4
14 18 4
19 22 4
11 15 3
13 17 6
19 22 5
11 15 4
3 7 6
7 9 1
16 21 1
4 7 2
0 3 3
0 3 5
16 20 5
0 2 5
18 21 2
22 2 1
13 17 1
9 11 6
9 13 5
17 19 2
3 7 6
3 8 1
22 1 1
5 8 6
1 3 1
18 21 6
20 1 2
17 19 2
3 5 1
1 5 6
9 12 6
13 14 1
19 23 2
6 10 5
7 10 3
22 0 6
7 10 3
22 2 4
3 5 3
20 23 5
5 8 1
12 15 4
7 11 3
13 16 1
10 13 3
16 20 2
8 12 2
18 20 2
21 0 1
8 11 3
19 22 3
10 12 4
14 18 5
2 6 5
19 22 6
12 16 3
1 4 5
10 13 3
13 17 3
3 6 5
9 12 4
1 5 4
3 6 2
18 20 5
6 10 3
23 2 1
14 16 5
13 15 4
4 7 1
14 17 6
14 16 4
7 8 4
22 1 1
0 3 3
3 6 6
6 10 3
12 15 5
1 2 6
0 2 4
12 16 3
12 15 5
3 6 5
10 11 1
19 19 2
5 8 4
16 17 1
2 5 1
12 14 2
7 8 1
6 10 6
18 21 4
19 23 3
14 16 6
6 8 4
0 3 5
13 14 4
10 14 6
21 23 1
8 11 1
16 19 1
2 4 6
17 19 1
15 18 3
19 22 4
12 16 2
8 12 6
16 19 6
19 23 1
0 3 4
21 1 6
23 2 6
16 20 2
3 6 2
2 6 1
10 12 6
1 5 1
8 12 6
3 6 5
14 16 3
20 22 1
16 18 2
5 8 1
11 14 1
5 6 2
0 3 4
6 8 4
17 19 2
14 17 3
6 7 1
9 11 1
2 6 1
20 0 2
22 2 1
12 16 5
16 19 1
22 0 2
3 6 2
21 0 3
3 8 4
10 11 6
3 6 2
13 16 3
16 19 4
1 2 2
21 22 1
12 14 6
1 3 2
14 18 6
2 3 3
8 12 3
6 11 5
6 9 4
2 6 3
19 22 6
4 7 2
19 23 1
2 4 6
18 21 5
10 12 5
23 1 5
19 23 2
19 19 1
13 16 3
23 2 3
5 8 6
11 14 3
8 9 3
16 18 1
5 8 5
21 23 6
17 21 4
5 7 6
17 21 5
16 19 6
17 20 4
6 10 2
0 2 1
10 13 6
13 17 3
2 3 6
3 6 3
8 10 1
16 17 5
5 8 2
18 22 4
7 10 6
2 5 1
20 22 5
21 2 4
11 15 4
22 1 1
15 18 6
1 5 4
14 17 3
1 4 5
8 11 1
14 15 4
13 16 2
0 2 3
21 2 1
5 7 4
12 16 1
22 2 5
15 17 1
8 11 6
19 20 2
1 3 3
17 19 5
11 14 2
11 14 5
6 10 4
23 2 6
5 7 3
23 1 6
0 3 4
11 12 4
18 22 4
6 7 1
22 2 5
13 16 5
11 14 3
12 14 2
6 9 5
12 13 5
5 8 4
9 14 5
4 8 4
8 13 5
5 10 6
11 15 6
21 0 3
3 5 1
23 3 2
1 4 5
11 15 6
13 15 3
6 10 4
17 19 3
6 8 2
4 6 6
20 22 2
14 14 5
1 3 6
10 13 4
7 10 4
4 7 3
4 6 3
5 8 2
20 22 6
5 8 5
13 15 1
2 6 4
20 22 1
20 22 4
12 15 5
21 23 6
8 12 5
17 20 6
3 6 1
23 3 2
3 5 1
23 2 1
4 8 1
20 22 4
4 9 2
16 18 5
15 17 1
12 17 6
22 1 1
0 4 5
9 11 1
3 5 2
11 14 5
8 13 6
5 7 4
11 13 6
6 9 2
11 13 6
11 13 1
14 17 4
9 11 6
4 8 4
23 2 2
1 3 1
23 1 2
16 20 4
0 2 6
19 21 2
22 1 1
4 4 6
16 19 5
21 23 4
5 8 3
14 18 6
13 15 3
17 19 3
5 8 5
8 11 1
19 22 4
18 22 3
16 17 6
0 2 6
14 15 1
13 17 4
15 17 3
22 3 2
10 14 1
7 12 5
16 20 6
5 8 4
10 14 5
18 20 2
5 7 3
22 3 3
22 2 2
5 9 4
9 11 2
12 17 4
13 16 4
11 14 5
15 17 3
14 18 2
8 12 5
8 12 4
20 23 3
16 18 1
3 5 2
4 7 5
0 3 3
7 10 2
7 9 3
3 7 2
19 21 3
11 15 2
13 17 1
11 14 1
12 15 1
4 8 6
8 10 4
1 5 3
18 21 2
18 22 6
11 12 6
12 16 4
5 8 2
13 15 6
6 9 3
3 6 1
13 16 2
10 13 6
4 8 1
15 17 1
0 3 2
0 4 6
6 10 3
8 10 2
11 15 4
21 1 1
13 16 1
12 15 4
5 8 2
8 12 3
5 10 5
1 4 1
3 6 5
14 17 1
23 2 2
23 2 4
6 8 4
12 15 4
9 11 5
0 4 3
21 23 6
0 4 2
22 1 6
22 23 2
6 10 6
8 11 5
23 2 2
1 2 5
1 3 1
17 22 1
13 15 5
3 4 5
12 14 3
14 18 2
20 23 6
19 21 4
15 18 5
21 23 5
19 23 2
12 14 3
14 17 5
8 12 4
21 0 5
6 9 5
21 1 2
23 3 2
13 14 5
8 11 4
0 2 6
22 1 6
9 11 3
9 12 6
23 4 1
17 20 4
9 12 1
11 16 3
21 1 5
9 13 4
7 12 6
4 8 6
19 22 6
20 23 4
9 11 4
2 6 4
11 14 2
16 20 4
3 7 2
0 5 1
10 14 5
2 6 6
22 1 1
8 10 1
7 9 6
1 4 1
13 18 3
14 17 6
0 4 2
5 7 2
22 1 5
7 10 5
18 20 4
10 14 1
9 12 3
0 4 6
2 6 4
12 15 6
17 20 4
19 23 4
17 21 2
17 19 1
19 23 4
18 23 1
0 3 1
23 3 4
13 13 4
22 1 6
3 3 4
19 22 6
1 5 6
22 2 3
2 6 3
22 0 6
6 8 3
9 12 1
13 16 6
10 14 4
19 23 6
13 16 5
7 11 3
12 15 1
1 4 3
18 21 1
2 6 4
23 1 5
15 19 6
23 0 1
6 8 3
17 19 1
0 3 6
14 18 1
20 23 6
17 20 1
22 0 5
23 1 5
19 22 6
7 9 1
22 1 4
1 5 3
9 13 4
8 11 3
23 1 1
20 22 2
12 15 5
13 17 6
3 7 3
15 18 2
5 6 4
18 20 6
11 12 5
9 13 3
2 4 2
4 7 2
5 9 2
6 9 5
9 11 5
1 4 6
12 17 5
21 1 3
21 0 4
12 15 1
22 23 2
14 18 3
18 21 6
6 10 3
0 3 5
14 18 1
20 23 6
8 11 6
11 15 6
15 18 5
19 21 2
11 13 2
20 22 1
20 0 4
8 11 6
8 9 5
9 13 6
4 7 6
3 6 4
9 12 1
18 22 4
10 12 4
4 6 2
16 18 4
10 16 3
5 7 6
2 6 1
5 8 3
5 8 2
2 6 3
23 2 1
20 0 3
22 1 2
5 6 6
12 15 5
16 21 3
19 23 2
15 17 2
1 6 4
1 3 2
21 0 1
1 5 4
10 13 6
0 3 1
23 3 3
20 0 4
19 22 2
15 19 2
3 7 6
2 4 5
11 13 2
21 23 5
17 20 3
4 6 2
12 15 4
4 7 5
3 6 2
16 17 4
22 1 2
15 19 3
4 9 1
18 21 4
7 7 4
13 17 3
9 14 1
2 6 5
10 14 2
5 8 3
15 19 4
21 23 1
2 6 3
16 19 4
17 18 2
15 19 6
18 20 3
16 19 5
2 5 6
19 22 4
12 15 3
16 20 1
5 11 4
14 17 2
10 12 4
4 7 5
6 8 2
0 2 2
15 16 3
9 13 6
7 11 3
3 4 3
15 17 1
11 15 2
3 4 5
19 21 6
7 10 6
23 1 2
2 6 2
20 23 6
15 16 3
22 0 3
13 18 1
8 10 1
2 5 5
16 19 2
20 1 2
16 18 1
