100 16
8 6 9 3 9 7 3 5 1 6 8 8 2 3 1 2 
10 13 7
5 6 6
17 21 15
5 8 1
1 4 5
5 9 7
2 6 5
11 13 16
1 4 16
6 8 5
14 18 1
20 0 3
4 6 12
8 11 2
13 17 11
8 12 3
14 16 1
6 9 3
20 1 8
21 23 8
19 22 2
14 19 13
20 22 12
3 6 1
19 23 9
13 14 16
18 22 6
18 21 7
13 16 16
8 12 4
13 18 4
20 19 7
7 9 2
16 21 2
9 11 15
3 6 4
11 14 12
1 3 9
8 10 1
16 19 12
8 12 5
18 21 11
23 2 10
6 9 14
1 3 9
8 10 11
20 0 10
1 2 12
14 18 9
2 6 15
20 0 7
15 19 6
22 2 10
23 2 6
0 2 11
23 2 15
10 15 12
23 1 4
6 10 5
16 21 5
12 16 16
3 6 9
15 17 16
9 13 7
14 17 10
13 16 3
11 13 12
5 8 13
12 13 6
2 7 11
22 1 13
10 13 8
23 1 6
18 19 2
14 15 16
13 15 6
6 8 4
21 0 7
5 7 13
20 22 12
15 18 1
14 17 6
10 13 10
12 15 5
0 5 10
22 1 3
14 22 11
3 6 5
7 10 1
11 13 7
5 10 4
1 3 16
1 5 10
20 0 9
2 5 15
14 16 6
13 16 16
21 0 11
18 22 1
21 1 5
