1550 9
4 9 1 1 1 2 2 4 8 
22 4 5
7 11 9
9 12 3
12 15 2
10 13 4
10 12 6
5 7 4
7 9 5
0 2 3
10 11 7
15 17 7
3 4 8
8 11 8
13 14 6
13 17 4
4 8 9
14 17 3
0 3 1
18 20 1
4 8 9
3 4 5
9 11 9
21 1 8
1 3 1
22 3 5
5 7 4
1 5 7
14 16 7
2 6 3
9 13 7
12 15 6
16 19 2
6 8 4
4 4 2
5 6 1
23 3 5
12 15 2
2 3 5
11 15 4
13 15 6
0 2 6
6 10 3
3 6 9
9 12 6
16 21 2
8 11 7
15 19 6
2 5 8
6 8 9
12 14 2
2 6 6
22 1 4
15 19 5
13 15 5
0 1 7
21 1 6
6 9 1
12 16 1
10 11 6
20 23 5
0 2 4
17 20 1
22 2 9
2 5 2
2 6 4
16 20 2
17 21 1
6 9 3
0 4 7
6 9 1
11 14 5
16 21 8
21 0 7
14 17 3
20 23 7
6 9 7
5 7 5
23 1 4
9 13 6
2 2 3
16 20 3
6 9 4
9 11 5
0 3 2
20 23 1
12 16 9
12 15 4
0 3 1
19 22 3
23 3 9
11 13 9
0 4 8
7 10 7
9 13 2
6 10 9
20 0 4
15 17 4
5 9 7
23 1 5
16 18 1
13 16 3
23 2 8
17 22 1
17 20 8
18 21 1
12 15 1
9 11 4
10 11 4
9 12 3
3 6 8
6 8 2
8 12 6
17 19 3
5 7 5
12 14 4
13 15 4
18 19 4
11 14 4
16 20 7
10 12 4
22 1 2
4 4 5
22 3 9
4 8 5
10 13 5
5 8 1
23 0 3
1 4 7
2 7 2
23 2 6
7 10 1
5 8 9
1 4 2
21 1 8
13 16 3
4 6 6
14 18 4
3 6 4
17 20 5
23 1 9
8 11 9
17 20 5
16 21 9
9 11 2
23 0 7
21 0 3
10 15 1
7 10 4
13 18 1
16 22 6
8 10 9
4 6 9
16 21 9
11 15 6
16 19 2
12 15 1
20 22 9
1 5 7
10 12 9
21 23 8
9 12 8
20 23 1
23 2 8
21 0 6
8 11 2
19 22 7
12 15 7
15 18 4
0 3 4
20 0 1
18 21 6
9 11 3
14 17 9
7 9 1
0 3 5
5 9 2
11 14 1
0 3 1
8 12 9
7 11 1
21 1 7
12 14 2
23 2 6
4 5 5
6 9 3
12 14 9
3 6 1
2 6 4
20 0 9
14 16 7
18 20 8
4 7 6
20 23 3
10 13 4
19 22 5
8 10 7
0 3 6
22 2 2
23 3 6
9 13 6
9 13 5
11 12 6
8 12 4
12 16 4
2 5 3
5 10 2
12 14 5
3 6 7
9 12 3
1 3 3
0 3 8
21 1 1
7 9 6
15 19 1
3 4 4
6 9 6
19 21 2
8 12 2
23 1 7
22 1 6
2 3 6
16 19 3
9 14 7
12 16 9
17 19 8
15 18 1
20 21 9
19 22 3
13 15 8
7 9 1
2 4 2
9 9 4
23 0 3
1 4 7
4 9 9
23 2 7
1 3 6
9 13 3
22 2 8
8 10 8
22 1 5
14 15 8
6 8 4
14 16 8
12 15 7
23 2 1
1 3 2
12 17 4
13 14 7
12 15 2
11 15 3
10 13 1
13 18 4
4 8 7
13 17 2
11 12 4
12 15 2
21 23 3
20 21 9
12 16 1
20 0 7
17 19 6
19 22 4
12 15 6
10 13 4
9 10 6
19 21 2
14 18 4
5 9 1
18 19 5
3 5 9
15 19 8
2 6 4
5 9 5
1 4 1
16 19 1
13 18 3
15 18 7
23 2 5
21 1 8
20 0 5
5 7 3
16 19 8
14 16 9
20 22 7
4 6 2
17 20 2
18 22 4
17 19 9
6 9 9
0 2 5
20 23 3
16 19 2
18 20 2
10 13 6
2 4 4
5 10 2
0 5 5
12 15 9
11 14 7
16 19 6
1 5 3
12 14 6
21 23 2
5 8 8
12 15 1
19 21 2
8 11 2
6 11 3
7 12 4
20 23 4
8 9 5
14 17 9
2 4 7
16 17 8
20 0 8
5 7 1
13 16 1
8 10 1
14 17 5
21 0 8
23 1 6
11 15 1
2 6 4
18 21 9
1 4 6
3 6 1
3 5 4
20 0 5
20 0 3
19 22 4
12 14 1
16 19 6
12 14 7
1 4 3
6 8 2
12 16 4
7 10 5
6 10 4
1 4 6
12 14 5
12 15 6
7 10 3
12 15 4
4 7 4
0 3 5
6 11 1
7 10 2
10 14 4
22 1 2
13 17 5
9 11 4
7 11 5
6 9 6
0 3 2
0 4 3
22 2 7
0 0 4
6 10 2
4 7 6
9 12 8
11 14 9
22 0 8
1 4 9
16 20 8
4 7 1
10 13 7
23 0 3
10 13 2
11 13 1
10 12 4
23 2 8
2 6 5
16 20 9
1 2 3
20 1 8
1 6 9
3 8 7
13 18 8
20 0 8
11 14 9
10 12 8
17 20 3
9 13 6
8 9 1
3 7 9
18 21 2
18 22 9
18 20 9
4 6 5
0 3 1
5 9 9
17 19 3
9 13 1
9 12 4
15 18 6
13 16 9
6 10 3
20 22 6
6 10 5
2 5 5
7 11 3
22 0 1
13 15 7
16 19 4
16 17 9
14 18 3
16 20 3
6 8 3
16 18 3
21 23 2
0 4 2
17 20 2
3 6 7
13 17 8
15 19 9
2 6 2
9 13 9
12 15 1
0 2 1
17 21 3
16 20 3
3 6 6
10 13 9
16 19 4
10 13 8
1 3 7
15 19 4
22 1 5
3 5 3
7 10 5
10 13 8
4 8 6
9 12 1
15 18 3
1 1 7
16 18 4
19 21 1
13 14 2
8 11 3
6 9 7
1 5 8
3 5 8
1 2 9
6 10 2
21 23 1
13 17 5
18 21 6
22 0 1
11 15 2
7 11 8
15 19 8
16 19 6
17 21 9
3 6 2
8 10 2
1 4 5
19 23 3
17 20 9
11 14 8
19 22 2
15 19 9
17 20 1
2 6 7
21 23 9
3 6 8
21 23 6
3 5 3
1 5 8
3 7 3
15 17 7
3 8 7
4 7 9
15 19 9
21 1 7
22 0 9
3 7 4
12 14 9
11 14 5
10 13 5
20 0 3
12 15 2
3 4 2
17 21 8
7 10 7
14 17 5
23 3 4
18 21 5
4 6 1
9 12 6
15 18 7
15 17 9
15 17 3
22 0 9
19 23 9
12 15 2
6 9 3
10 14 2
18 21 7
0 3 9
8 12 5
6 9 9
19 22 1
4 7 1
23 1 8
22 23 8
12 15 4
2 3 4
13 16 7
20 22 9
19 23 5
17 20 7
22 0 9
19 22 2
22 2 1
11 15 3
8 12 4
9 11 9
5 7 4
23 3 9
18 22 6
9 9 9
6 8 3
7 11 4
10 13 1
1 5 4
19 23 3
22 0 8
21 0 6
12 14 7
3 7 8
10 14 6
0 2 4
5 7 5
0 0 8
19 22 1
8 11 6
8 10 6
21 0 5
14 17 1
2 5 4
21 23 4
14 16 5
16 18 7
20 0 9
17 21 9
10 12 1
20 23 6
17 22 9
0 4 3
8 11 2
0 2 4
10 13 4
16 19 1
7 11 3
16 19 2
9 13 7
23 4 5
14 16 1
19 21 3
5 9 5
19 22 3
21 1 3
2 4 8
1 4 2
3 5 6
5 9 1
21 23 1
10 13 3
8 10 8
8 11 5
13 17 3
20 0 7
22 0 6
8 12 1
14 17 7
19 22 4
10 13 1
6 8 2
3 6 3
2 4 7
15 20 5
11 13 9
8 11 7
18 21 1
20 23 4
1 5 7
13 15 8
0 3 3
1 3 5
21 0 6
7 10 8
14 17 1
19 21 5
12 16 6
7 8 4
22 0 9
15 20 1
5 8 1
21 23 4
6 9 6
4 5 1
17 19 1
3 5 7
10 11 2
2 5 5
22 23 4
21 0 1
4 7 5
7 10 2
17 18 7
18 20 3
5 7 2
7 10 7
5 8 6
19 23 5
15 19 2
1 3 2
21 0 1
22 3 9
19 0 3
23 2 5
5 10 1
5 10 2
9 11 8
14 16 2
5 9 5
13 17 3
22 1 5
2 5 2
19 21 9
18 22 4
0 2 8
14 17 4
15 17 6
3 6 1
15 19 3
7 9 6
15 18 3
20 0 2
5 7 7
21 0 8
7 11 4
15 19 7
1 4 2
22 2 5
17 20 5
7 11 6
15 18 9
12 16 4
6 10 2
20 22 7
11 13 3
14 16 2
13 18 9
2 5 1
17 20 1
3 5 9
22 1 2
20 23 1
11 13 6
13 15 3
11 15 3
21 0 1
15 17 9
23 0 9
18 21 8
14 17 8
17 18 3
21 0 4
0 2 6
15 17 8
17 19 8
22 1 9
10 13 2
10 12 5
6 11 1
14 15 1
4 7 9
10 12 6
14 18 5
3 7 9
8 11 7
19 21 3
8 12 9
4 7 5
9 13 5
23 2 6
9 14 5
20 21 6
4 8 5
16 19 4
19 23 1
13 15 1
13 16 2
13 16 8
13 16 2
2 6 7
1 5 2
5 9 2
21 0 6
6 10 3
6 11 3
9 12 5
17 20 5
20 22 3
22 1 6
18 22 4
18 21 9
18 22 2
10 14 2
23 3 6
5 7 5
19 22 3
22 1 6
14 17 9
21 0 2
1 4 5
6 8 3
14 17 4
9 12 6
18 21 3
7 10 1
14 16 8
22 1 5
15 19 2
7 12 7
13 16 8
22 1 7
1 1 1
2 6 3
2 4 1
3 7 4
9 12 8
16 17 8
2 4 9
5 7 3
6 9 2
23 0 8
15 19 1
7 10 7
22 0 6
21 0 6
19 23 8
3 6 8
2 5 2
13 15 3
12 17 1
14 18 5
11 14 7
3 5 8
10 13 8
11 15 2
4 7 8
11 14 9
6 9 3
12 15 6
9 13 7
3 5 9
14 17 7
20 23 1
6 11 6
18 21 4
21 23 6
5 9 8
16 18 1
6 9 3
18 22 8
16 20 2
11 13 1
16 20 2
4 6 3
20 22 9
10 15 9
8 11 1
1 2 3
15 17 7
18 22 2
14 16 1
7 10 6
16 19 5
7 10 5
5 9 1
9 12 5
7 13 9
4 9 4
22 0 7
5 8 6
23 2 2
21 1 9
15 16 5
20 23 7
17 20 5
8 11 8
7 12 3
19 23 1
5 7 3
7 11 7
2 5 2
7 8 2
3 6 8
5 6 9
14 18 5
23 1 4
9 12 7
20 23 4
1 4 8
13 16 5
4 7 8
16 21 3
3 7 3
12 15 9
0 3 8
1 5 7
2 5 8
11 15 9
9 14 2
1 3 7
20 23 3
0 3 6
1 5 8
11 14 9
2 6 6
11 16 2
9 14 2
11 14 5
11 14 7
15 18 6
14 17 6
7 9 1
21 0 1
19 21 5
20 23 8
14 16 3
0 3 3
6 9 6
9 12 7
19 22 4
10 13 5
0 3 9
20 23 4
18 21 4
0 3 8
19 21 9
4 7 7
8 10 3
10 13 1
13 16 6
4 6 3
19 23 1
9 13 6
1 3 3
13 16 4
2 5 4
2 4 3
22 2 5
0 5 5
6 11 4
14 17 9
17 19 9
10 13 8
5 8 2
1 4 4
2 5 4
14 17 3
18 20 9
17 19 6
17 21 7
20 23 4
11 14 8
23 2 9
19 22 2
17 20 8
16 19 9
10 11 8
10 14 1
20 23 2
15 18 1
19 21 1
7 11 8
15 17 8
17 20 1
6 10 4
23 2 4
1 2 6
3 8 5
15 18 2
10 13 9
3 5 9
22 0 1
8 11 8
18 20 2
16 19 6
21 1 7
6 9 3
1 2 7
20 22 8
21 1 4
2 6 8
18 20 6
11 13 1
13 16 1
9 12 2
22 2 5
0 2 1
23 2 2
4 8 3
5 8 4
15 17 4
13 16 2
21 1 1
8 13 5
21 0 9
22 1 2
17 22 5
9 12 5
18 22 7
7 11 9
10 11 2
3 8 1
22 1 5
0 3 7
15 16 2
6 11 1
14 17 8
18 22 8
4 7 8
7 10 5
7 11 6
8 10 4
19 23 9
5 8 9
22 1 8
2 5 6
6 9 3
23 1 4
23 3 6
18 22 6
12 17 8
22 23 2
5 7 7
5 9 5
22 0 5
12 14 7
22 0 3
1 3 6
18 23 2
4 8 3
4 6 9
3 7 2
16 21 3
9 10 5
23 3 8
22 2 1
23 4 7
4 6 2
16 20 1
5 7 2
19 23 6
23 2 4
22 2 7
22 0 6
23 1 8
21 1 3
19 22 8
0 3 2
5 7 9
15 18 2
7 9 8
4 6 9
1 4 7
1 4 9
21 23 1
4 7 9
4 8 8
11 13 3
12 16 9
12 15 1
6 9 5
11 14 1
19 20 5
11 15 5
6 9 9
3 6 9
11 13 5
7 11 8
11 14 2
23 2 4
14 16 3
17 19 8
8 10 7
15 17 4
21 22 8
6 9 1
5 6 1
12 15 8
4 7 2
17 19 9
21 22 4
6 8 7
13 14 2
5 8 5
5 8 9
20 0 7
6 7 4
14 17 6
13 17 1
1 3 4
22 0 5
21 1 6
17 19 2
3 7 3
19 22 7
13 17 7
14 16 4
12 15 8
9 12 2
4 8 5
1 5 9
6 9 5
12 14 4
1 4 4
13 17 2
17 21 1
11 15 7
9 14 1
20 22 9
17 22 4
0 3 7
4 7 9
22 0 8
23 3 5
19 23 1
9 14 3
19 22 2
18 21 4
5 9 2
5 8 9
5 8 9
8 12 6
0 4 2
6 10 9
2 5 6
23 1 3
22 1 9
2 6 1
2 6 6
19 21 6
10 15 2
20 21 5
17 21 8
12 14 6
21 22 7
17 20 5
3 4 9
20 0 3
18 22 4
15 19 5
5 8 3
7 8 2
5 8 9
23 3 1
20 22 6
6 8 5
8 9 7
4 7 7
11 14 8
8 11 8
12 15 6
0 3 5
7 11 7
10 13 4
9 13 4
22 2 7
21 0 1
4 9 8
0 3 4
1 4 7
20 22 2
9 12 6
21 0 9
15 19 8
23 2 2
20 0 5
13 14 4
16 19 5
20 22 3
9 13 6
18 21 7
19 21 2
0 2 1
7 9 7
19 21 8
2 3 3
23 3 9
12 14 4
23 2 6
14 16 1
22 1 9
0 5 1
11 14 2
4 8 6
21 0 8
15 18 4
11 13 9
14 16 7
15 17 7
16 19 8
13 17 3
10 15 7
22 1 2
23 3 5
14 15 8
4 8 1
20 22 3
7 10 7
18 19 6
0 1 1
15 19 1
13 16 7
10 15 6
12 14 6
11 14 3
5 7 6
5 7 5
23 3 6
9 14 4
3 4 1
16 20 8
23 3 3
10 11 7
10 14 4
17 21 9
0 2 1
20 22 8
22 2 9
14 13 3
4 7 1
4 7 5
12 16 9
8 12 2
20 22 2
4 8 2
12 17 5
17 19 2
23 2 1
18 21 8
21 0 7
8 10 2
14 15 4
14 19 2
23 2 7
6 8 1
0 2 4
6 8 6
15 20 9
1 5 3
18 22 1
9 12 8
22 1 2
21 2 7
16 19 1
14 18 1
5 8 3
3 5 5
4 6 7
2 7 1
8 12 7
20 0 2
0 4 8
8 11 6
13 14 7
8 11 7
16 19 2
8 10 2
10 13 5
17 20 5
5 9 7
11 15 7
16 18 2
9 13 7
1 4 2
22 1 3
15 17 8
17 20 2
18 21 5
18 19 2
9 14 1
4 6 3
0 3 6
11 13 4
21 23 9
22 1 4
4 8 5
7 11 9
0 3 6
20 0 4
9 11 8
18 23 4
9 10 8
2 6 1
0 2 7
3 7 1
7 10 1
6 11 7
19 22 9
23 1 3
19 23 8
21 23 9
15 17 7
0 2 4
4 7 4
16 18 9
6 7 5
17 21 1
13 16 6
11 15 2
6 10 2
14 16 9
2 5 3
9 11 2
17 21 4
14 17 2
23 1 8
4 8 1
19 23 5
23 2 8
18 21 2
11 14 6
10 13 2
15 17 8
1 4 5
2 4 3
20 22 1
12 16 1
9 12 2
20 22 9
11 14 5
16 19 1
20 0 3
12 16 7
16 19 1
7 9 2
23 4 4
7 10 4
20 22 3
21 0 8
2 5 7
21 0 4
2 4 2
10 13 1
18 21 4
19 21 9
0 3 2
17 20 3
4 7 9
18 20 5
17 19 7
9 12 2
22 0 4
8 11 1
9 12 5
16 20 9
3 6 1
7 10 2
21 22 9
15 18 6
12 16 4
7 11 2
20 0 6
10 12 4
11 14 6
10 13 5
19 23 9
10 12 2
4 8 5
18 21 6
7 11 4
1 3 1
10 14 9
17 20 3
14 16 2
12 15 9
0 2 7
19 23 2
20 22 5
4 5 2
0 3 7
8 11 5
23 2 2
17 20 8
2 5 4
16 18 3
19 1 4
15 17 6
16 17 4
19 23 7
20 23 2
19 21 4
15 18 2
5 9 7
13 17 7
4 6 4
19 23 7
22 1 7
6 10 6
13 17 8
1 4 3
4 7 7
2 4 9
23 2 6
11 12 8
6 9 2
23 2 8
6 9 8
21 1 9
5 10 4
21 0 4
10 12 3
2 5 7
8 11 9
12 14 5
6 10 6
0 3 4
17 21 6
19 21 2
19 21 2
21 0 8
13 18 6
8 11 3
9 12 5
21 0 6
13 17 5
19 22 4
17 21 7
22 2 4
3 5 9
5 7 9
10 14 8
18 22 5
23 3 6
20 2 4
11 13 1
2 3 9
3 5 2
21 0 6
5 10 5
0 4 9
13 15 1
11 13 5
7 9 3
4 7 3
5 7 8
17 20 6
9 12 5
22 2 5
5 8 9
19 22 5
13 18 1
17 19 3
23 0 8
18 22 9
22 1 1
17 23 6
0 3 2
18 21 2
21 0 2
18 20 6
15 19 3
21 2 3
5 9 4
7 10 5
10 14 8
0 4 7
22 0 5
13 17 9
22 2 3
2 6 6
2 5 3
2 5 4
13 16 3
9 12 4
0 4 6
21 0 8
1 6 8
15 20 3
7 10 7
14 19 6
12 13 4
2 6 9
6 7 5
11 13 5
14 17 9
18 21 7
20 22 9
5 8 7
1 5 3
15 18 5
15 19 6
16 18 7
1 5 4
11 14 4
23 3 1
17 20 2
23 2 1
8 10 5
3 6 9
13 15 4
17 19 8
19 20 7
17 20 9
22 1 1
18 20 1
16 17 2
1 6 7
18 19 5
8 11 3
23 2 6
19 22 1
3 6 5
12 16 6
15 20 2
4 7 8
8 10 4
5 10 4
17 18 3
6 8 2
12 16 9
7 10 5
19 22 1
6 11 7
13 16 1
6 9 5
10 12 8
1 3 3
1 4 8
3 7 2
14 16 4
14 18 8
8 14 9
0 2 3
1 5 8
8 12 4
22 1 4
1 3 4
2 5 7
16 20 7
20 0 3
11 15 5
6 9 6
13 16 1
4 8 4
8 12 9
8 11 3
14 18 5
10 12 1
20 23 1
18 21 8
0 3 1
22 1 7
14 15 6
4 6 3
15 18 8
15 19 4
10 13 2
5 9 6
10 13 3
2 6 2
12 15 1
10 15 1
2 8 3
13 15 4
3 6 1
10 11 4
1 3 4
11 14 8
17 18 7
19 23 6
14 17 6
1 6 7
18 21 6
18 20 5
20 2 1
1 6 6
11 15 2
23 2 9
12 15 7
22 3 6
20 22 6
8 11 2
19 22 1
9 11 8
14 18 5
5 9 8
17 21 4
6 10 2
13 15 6
22 0 5
22 2 1
3 5 3
18 0 4
23 1 8
17 20 1
9 12 9
7 10 4
7 10 2
23 3 5
12 14 3
10 14 9
15 16 8
10 12 6
19 21 4
8 11 1
17 21 2
14 17 7
13 16 4
6 7 7
1 4 4
0 4 8
21 2 8
10 13 5
13 16 7
12 15 3
12 14 9
23 2 5
4 7 4
19 21 5
6 9 1
21 0 8
7 11 4
13 17 8
2 6 9
21 1 7
14 17 1
20 23 7
21 23 4
2 4 1
10 15 4
1 5 4
22 0 2
0 4 2
17 20 9
22 0 6
8 10 7
22 1 7
3 4 6
23 2 9
15 20 8
17 22 2
11 14 8
