3400 11
2 2 6 2 4 3 5 8 9 8 3 
20 0 2
0 4 10
7 9 7
10 14 6
22 1 8
23 2 9
10 12 8
1 5 2
4 8 9
14 17 6
20 22 6
13 15 2
7 10 10
17 19 7
15 17 9
3 5 11
16 17 7
5 6 7
14 16 7
16 20 4
4 6 5
19 23 5
5 7 7
17 21 1
0 4 3
8 12 8
15 18 8
22 2 4
14 17 3
9 11 3
20 22 1
22 1 5
19 22 9
11 15 8
9 12 4
12 15 3
15 19 1
13 17 8
6 10 9
12 14 2
4 6 6
10 14 11
0 4 6
0 1 4
0 4 6
1 5 10
9 11 9
6 10 7
0 4 6
11 13 3
10 13 6
13 15 1
20 23 5
4 7 2
17 21 5
13 15 9
3 6 6
17 19 1
17 21 9
0 4 7
9 13 3
16 18 1
23 4 9
15 16 6
6 10 4
23 2 3
16 18 4
5 9 6
15 19 7
21 1 1
17 21 8
4 7 10
10 13 9
5 9 1
23 1 8
7 9 4
23 1 8
18 21 6
7 10 11
18 0 2
0 4 10
3 5 6
22 3 5
8 9 9
4 7 11
9 11 10
15 18 10
11 13 11
8 12 1
4 8 4
1 5 3
8 10 3
11 12 5
6 9 3
2 4 7
9 11 1
6 9 11
5 8 4
15 17 10
18 19 9
11 15 5
2 7 11
23 3 4
20 0 9
1 5 3
9 12 11
22 1 7
21 0 3
7 9 5
8 12 10
13 17 1
10 12 5
17 20 4
9 13 11
22 2 10
16 18 6
7 11 7
20 22 5
15 19 10
15 19 5
7 9 9
13 14 1
13 16 7
0 3 5
9 12 11
1 3 4
3 7 4
22 1 7
5 7 11
14 18 5
9 14 2
7 12 8
6 11 8
5 8 1
2 4 8
9 10 3
8 10 10
22 1 4
17 20 11
2 6 6
8 11 3
18 22 5
8 11 11
22 0 3
13 17 11
17 23 2
4 7 6
2 5 3
16 18 7
21 23 7
1 5 6
0 3 6
16 18 4
10 12 4
15 20 2
22 2 3
19 22 10
23 4 9
17 20 11
23 2 7
16 18 3
14 18 1
0 4 1
15 18 8
0 3 6
17 20 8
16 19 8
9 12 11
3 7 6
19 22 7
17 20 9
18 21 9
9 12 1
4 7 9
14 17 5
20 23 8
9 12 7
9 11 2
10 14 6
7 9 3
6 10 1
22 0 8
11 14 8
8 11 1
8 11 3
16 18 8
10 12 3
1 3 11
2 6 4
13 18 3
9 11 11
21 1 3
22 1 6
17 19 9
13 17 11
5 8 9
2 6 11
12 16 11
12 15 6
4 8 7
0 3 6
8 9 2
7 12 3
5 8 2
21 0 1
3 6 4
15 18 11
5 10 10
4 9 2
7 10 2
19 22 3
11 13 10
3 8 5
16 19 7
10 13 11
7 9 5
18 20 3
18 21 6
8 11 3
12 13 2
8 10 7
23 1 6
18 19 2
7 11 3
22 2 2
6 9 6
14 19 6
6 12 1
4 7 4
7 10 6
19 21 2
5 7 5
12 15 9
16 17 7
10 13 6
17 20 10
7 10 7
1 4 8
3 7 11
6 8 4
10 12 8
0 2 5
11 14 7
21 0 4
10 13 7
17 21 2
21 1 5
22 1 7
18 22 9
9 11 10
20 23 4
21 0 4
7 11 4
0 3 2
15 17 7
12 14 2
9 12 3
22 0 6
0 3 2
9 11 5
18 21 1
0 3 3
22 1 1
23 3 5
3 5 10
11 13 5
2 4 4
6 7 2
19 0 2
21 23 5
12 16 7
6 10 5
16 20 10
7 10 11
16 19 7
9 13 6
8 10 9
4 7 5
15 18 5
6 8 9
1 5 11
12 15 3
19 23 1
3 5 8
19 22 10
19 21 8
22 2 4
22 1 6
15 17 7
2 4 5
17 20 4
11 14 1
4 8 7
19 22 1
3 5 1
5 9 5
15 18 7
6 8 4
1 4 5
5 9 4
8 9 2
14 17 1
8 12 7
6 8 6
4 8 5
0 2 5
5 9 10
0 3 8
22 3 7
14 16 10
10 13 9
5 9 6
12 15 7
9 12 4
11 13 4
13 17 4
3 7 1
23 2 11
17 20 6
2 4 8
4 9 8
16 20 7
5 7 6
3 6 3
20 23 2
22 1 7
16 20 11
21 1 4
22 0 2
18 20 8
10 13 11
20 22 11
3 6 2
14 16 4
0 3 9
8 13 6
5 8 1
9 10 10
11 13 8
11 16 4
1 5 1
7 8 3
7 11 10
10 11 9
5 7 3
12 16 2
17 20 8
19 21 7
8 9 9
17 20 4
7 10 5
19 23 9
12 15 2
9 12 10
22 0 6
10 12 11
8 10 10
6 10 2
4 7 3
8 12 3
10 13 4
17 19 9
10 13 4
14 17 4
13 16 8
20 23 10
6 10 3
17 19 9
0 2 3
23 3 9
2 5 11
19 21 5
2 6 5
13 16 7
20 22 8
8 12 3
2 5 10
21 23 9
13 16 9
13 17 1
0 3 9
1 3 8
15 16 10
10 14 1
22 2 1
5 9 5
3 5 7
11 14 8
9 11 1
10 12 9
21 2 2
17 20 10
9 14 2
3 4 7
18 19 9
15 16 11
13 15 4
0 2 1
11 14 3
15 18 4
2 4 3
5 8 5
20 0 1
20 22 2
23 2 4
20 22 8
12 15 10
18 0 6
9 13 1
3 6 8
21 1 6
12 16 10
22 0 10
6 8 8
16 19 6
16 19 6
5 7 9
5 8 5
20 22 8
3 5 10
22 0 6
5 8 6
2 4 10
17 20 4
10 12 3
7 10 1
15 19 11
9 11 10
21 0 6
15 18 4
7 10 2
21 1 11
18 21 5
22 1 9
23 3 6
19 23 10
7 9 11
22 1 6
2 6 11
2 7 3
4 7 3
13 15 4
21 0 11
4 7 1
9 12 8
7 9 9
8 10 1
22 2 11
17 20 9
3 5 3
8 10 11
19 21 10
20 21 7
4 7 3
4 7 1
12 14 10
18 22 2
7 11 9
0 4 5
10 13 6
22 0 5
15 20 10
8 10 5
14 18 5
5 7 2
0 3 1
17 20 10
21 0 8
5 8 11
0 3 3
3 7 3
22 1 9
17 20 6
3 8 1
9 10 3
10 13 7
20 23 3
5 8 3
11 15 5
20 1 5
13 18 4
2 5 4
10 14 5
21 0 6
19 23 9
0 2 8
3 7 2
10 14 10
5 7 3
21 1 5
0 3 7
18 21 11
4 7 5
20 21 5
12 15 9
5 9 10
5 8 4
4 6 1
6 9 2
8 12 1
20 23 3
17 19 10
16 18 9
15 20 7
3 6 2
6 9 10
2 5 2
8 11 8
7 11 6
13 17 1
1 5 9
17 20 3
1 4 8
18 20 9
13 16 11
20 23 6
20 23 4
14 17 10
10 13 7
22 1 5
15 18 2
6 8 1
12 12 4
9 13 11
0 3 10
8 12 2
23 2 2
0 3 5
1 4 1
1 5 9
2 6 1
23 1 8
8 11 7
18 22 8
12 15 1
18 21 7
11 13 7
10 13 10
20 0 9
0 4 3
1 4 3
3 7 1
7 10 7
11 15 11
10 14 1
3 7 10
1 4 8
1 6 7
19 23 1
13 16 10
7 11 3
3 7 8
17 19 2
21 0 2
4 8 6
13 16 10
18 22 6
10 12 4
16 18 2
8 11 6
18 20 1
16 17 6
23 2 6
7 10 4
16 18 4
4 5 8
5 7 3
2 4 7
13 17 9
13 16 8
4 6 6
18 23 10
13 16 8
4 7 6
14 18 1
2 5 1
22 23 2
12 14 6
11 14 3
17 19 3
12 15 1
23 4 5
2 6 11
8 11 6
10 11 4
5 8 3
22 5 8
10 13 11
13 15 1
18 21 1
2 4 9
5 8 11
9 12 1
16 19 10
16 19 3
13 15 8
7 10 8
20 23 1
1 5 9
14 15 2
12 15 3
23 2 10
4 6 6
18 23 6
0 2 10
17 22 5
3 6 10
10 12 7
8 12 8
16 20 6
7 9 9
7 10 6
6 7 10
17 21 1
9 13 11
7 9 1
5 9 5
2 5 6
9 12 5
18 21 8
22 0 8
8 9 2
5 7 9
12 14 9
2 5 7
21 1 11
15 17 5
0 2 7
3 6 4
14 18 7
16 18 1
13 16 9
5 9 5
7 10 8
21 23 10
18 21 10
16 18 9
22 2 1
4 6 7
15 18 9
13 18 5
22 2 10
12 15 11
10 12 10
4 7 6
7 9 11
12 15 2
23 2 6
9 11 8
17 18 7
4 6 3
10 13 3
22 23 6
10 13 3
22 23 1
16 20 4
8 9 2
23 2 1
23 2 5
21 1 2
2 4 2
22 2 11
5 8 9
18 21 8
9 13 2
22 0 2
15 17 2
3 6 6
8 11 3
2 6 3
14 16 8
23 2 6
20 1 10
11 15 8
6 9 7
22 0 2
4 8 2
22 2 8
9 12 5
14 17 3
5 8 1
21 23 9
9 12 1
15 17 9
22 1 2
3 5 1
7 12 8
5 9 5
8 11 8
15 17 1
10 13 5
18 23 5
22 1 1
10 14 9
6 9 3
4 7 11
4 7 11
7 10 2
18 21 10
21 0 7
15 18 9
4 8 10
7 9 5
8 12 8
18 22 5
6 9 3
4 6 5
13 15 4
17 21 10
9 13 8
13 16 6
13 17 6
16 20 1
4 7 1
9 12 4
16 19 3
18 21 1
9 12 3
9 11 11
20 22 6
16 18 9
3 7 3
13 15 8
22 23 3
14 18 4
14 19 10
6 8 6
5 7 7
22 2 6
12 15 4
11 13 10
9 11 10
13 17 7
9 12 5
23 4 1
7 11 9
10 13 6
3 5 4
23 2 8
6 8 3
23 1 5
22 2 5
2 4 1
3 4 5
16 18 6
12 16 4
16 20 2
19 23 6
18 21 3
8 11 8
18 21 11
20 20 7
3 6 7
19 22 9
3 4 8
9 14 7
21 2 9
9 13 3
10 15 2
22 2 2
8 10 3
17 22 6
13 17 2
17 19 4
2 4 11
7 10 7
0 3 9
9 14 4
5 10 11
21 23 7
20 21 9
12 15 9
18 20 4
12 16 7
4 8 10
2 6 2
10 12 4
9 11 10
3 6 3
22 0 4
22 1 5
7 11 2
18 22 2
10 13 6
18 23 8
14 16 8
16 19 9
4 7 8
3 7 7
21 1 11
10 14 3
7 10 3
4 6 10
6 8 2
12 16 11
0 3 4
0 3 8
20 23 6
19 22 5
19 23 2
8 10 2
18 21 2
9 13 8
10 10 6
15 18 9
3 6 2
16 20 9
12 16 4
13 18 2
7 11 6
20 1 3
9 11 2
11 12 7
11 13 1
16 19 3
18 20 8
1 4 3
20 23 1
11 15 1
14 14 7
12 15 8
4 6 5
2 7 3
11 15 7
14 16 1
17 21 3
15 18 9
22 1 10
23 2 7
20 23 5
19 22 8
16 19 11
11 13 2
15 19 9
17 20 2
11 13 4
15 20 6
15 17 5
18 21 2
8 12 3
20 23 3
4 8 8
12 16 10
18 20 11
13 18 4
19 21 8
12 15 8
5 10 11
23 2 1
15 17 3
11 15 4
11 14 7
4 7 1
6 9 5
7 12 3
18 22 2
16 19 5
6 8 5
15 18 6
13 16 1
19 23 2
3 7 2
11 15 6
13 17 5
22 1 4
1 5 3
11 15 10
19 22 9
4 7 8
13 16 7
6 7 2
18 20 5
10 13 1
16 20 10
13 17 7
17 20 7
1 4 11
9 12 9
14 17 9
20 21 5
4 6 11
2 5 4
4 7 6
10 13 5
10 14 4
8 12 11
6 10 3
23 1 3
17 21 3
23 1 6
11 14 5
20 0 2
14 17 6
17 20 10
12 16 7
18 21 1
4 6 4
1 4 7
16 19 11
9 12 11
13 15 1
20 0 8
7 10 9
1 4 1
10 13 3
10 12 5
6 11 10
14 17 8
17 20 1
3 5 10
16 20 2
9 11 1
9 12 8
0 4 7
18 21 11
14 18 5
9 13 6
4 6 5
12 15 1
21 1 9
15 17 6
19 21 4
23 2 6
7 9 9
4 5 5
22 0 11
5 7 7
23 1 4
1 4 10
13 15 9
18 21 5
17 20 11
3 5 8
2 5 2
6 8 10
5 8 8
3 7 11
5 9 7
2 4 5
3 7 10
4 6 2
13 16 2
12 14 11
15 17 3
10 12 9
18 21 9
22 1 11
23 2 9
9 13 6
22 1 4
15 19 11
21 0 9
18 22 8
21 0 1
5 8 3
3 5 1
17 19 10
13 16 11
22 23 1
11 13 11
11 14 11
2 6 10
12 15 1
11 13 9
9 14 6
10 14 10
15 17 2
11 14 8
16 19 2
11 13 10
5 8 4
17 21 1
17 19 7
14 18 5
18 22 2
2 5 3
6 9 1
16 18 1
0 3 3
12 16 1
19 23 9
10 13 4
18 20 10
8 10 7
0 4 6
7 11 4
18 19 6
6 9 10
19 0 1
15 17 2
19 23 11
12 14 11
1 4 10
23 1 8
0 3 4
2 6 3
1 4 11
3 6 11
18 21 8
9 11 11
13 15 10
8 11 10
10 13 4
8 10 9
21 1 6
16 18 7
14 18 3
16 18 11
11 14 9
5 7 9
2 5 6
19 22 6
8 9 7
20 23 11
19 23 2
17 19 1
13 16 3
23 0 7
12 17 3
15 18 11
5 8 3
7 10 7
7 10 4
8 10 1
3 7 6
6 9 10
23 2 4
15 18 6
19 20 4
21 1 4
21 21 11
1 5 1
6 9 3
5 7 9
11 14 10
11 14 3
21 22 4
18 22 11
1 4 5
22 0 2
20 0 7
6 9 7
2 3 4
22 1 8
19 23 11
8 12 1
4 9 5
9 13 7
7 9 4
6 8 3
20 21 3
4 8 2
6 9 10
4 6 3
4 7 9
1 4 1
8 11 10
12 16 7
7 10 7
10 13 7
7 9 10
5 8 7
8 10 7
22 2 4
14 18 8
20 22 11
0 3 1
21 0 9
1 4 9
19 23 10
7 10 10
2 5 11
11 14 10
23 1 8
5 9 4
14 18 3
1 7 4
6 9 7
5 8 10
9 13 9
13 16 4
22 1 5
21 1 10
7 8 11
8 11 2
15 17 8
23 2 11
2 6 3
22 2 3
8 12 9
21 1 4
21 0 3
16 19 1
11 14 1
21 23 4
4 6 9
8 12 4
6 10 8
12 17 2
1 3 1
2 6 11
17 18 3
20 0 1
11 14 9
8 11 9
18 21 1
18 21 11
20 22 2
11 15 3
8 13 5
18 21 8
18 21 1
0 4 7
11 14 5
2 6 10
19 23 6
12 16 8
4 6 2
0 3 4
19 22 2
5 8 10
18 22 10
1 4 10
11 14 3
1 4 7
11 15 9
14 18 4
0 3 1
18 23 2
14 16 10
1 4 10
23 4 10
18 20 10
21 1 2
21 0 4
0 4 3
23 1 11
10 13 7
0 3 5
1 3 3
13 16 7
2 5 2
15 17 8
20 23 8
7 11 3
20 23 3
5 8 6
18 21 5
6 8 7
1 3 3
20 22 4
19 21 4
16 20 7
8 10 9
23 4 10
20 23 8
7 11 4
12 17 3
2 4 4
5 7 3
14 17 11
8 11 7
8 9 7
5 8 7
17 21 11
18 21 3
11 13 2
19 22 5
11 14 7
8 12 10
23 3 4
16 19 10
6 8 10
8 12 6
0 2 10
9 12 7
2 4 6
14 17 9
0 4 8
9 12 11
0 1 6
12 15 2
9 12 6
10 12 4
7 9 10
20 23 8
14 17 1
19 21 2
3 6 4
18 21 5
4 7 8
18 21 4
13 15 2
16 17 2
4 7 8
0 3 5
9 12 8
9 13 5
21 2 1
19 21 1
18 22 10
14 15 5
6 9 1
16 17 8
22 0 10
18 20 10
1 4 7
12 15 8
9 12 6
1 4 2
22 23 11
1 5 6
2 5 1
18 23 10
4 8 2
22 23 2
18 22 1
7 10 11
17 22 3
15 18 1
2 4 9
5 7 11
18 19 4
21 1 2
16 18 5
21 0 6
13 17 5
8 9 4
9 13 10
23 4 10
16 17 9
3 5 5
18 23 4
6 9 4
3 6 3
16 18 9
2 5 10
2 4 8
18 22 4
21 21 8
11 15 11
18 21 7
3 6 4
13 16 11
5 9 2
12 15 1
20 23 3
9 11 1
10 14 2
2 5 6
1 4 7
13 16 11
19 21 7
4 6 11
0 5 3
2 3 7
22 1 4
1 4 7
1 5 7
22 2 8
12 14 6
9 13 4
8 10 9
20 22 9
8 10 7
1 4 7
0 5 1
14 17 1
18 20 4
23 3 1
18 21 11
22 0 7
9 11 1
8 9 9
8 10 10
12 16 1
11 14 10
18 19 3
12 15 9
18 22 1
11 13 1
11 14 8
4 6 7
11 13 3
21 1 1
13 16 3
13 15 1
22 0 2
12 15 6
8 12 8
9 11 7
4 9 4
1 4 9
3 5 5
16 19 6
23 3 9
1 5 4
6 8 8
16 20 4
7 9 9
13 17 9
20 21 4
7 11 3
4 5 8
1 5 8
12 14 11
16 19 9
9 12 1
10 14 2
1 5 3
10 14 11
17 20 4
5 9 9
0 5 2
12 15 1
16 19 4
15 20 7
23 2 1
21 1 4
14 17 7
19 0 3
8 11 5
15 16 7
10 12 5
13 16 7
0 4 9
5 7 6
4 7 1
0 3 3
5 9 9
3 5 8
16 19 6
6 7 2
19 22 4
12 16 9
8 10 9
7 10 6
18 22 4
10 12 2
19 23 7
20 0 8
1 4 7
14 17 8
14 17 6
4 7 11
19 21 9
6 10 2
17 20 5
13 17 7
14 19 3
20 23 3
1 5 5
13 18 10
2 6 10
4 6 7
20 22 10
18 23 5
3 6 4
10 13 9
4 4 6
20 23 4
14 16 10
19 20 4
6 8 8
19 22 9
15 17 1
10 13 5
0 5 9
12 14 5
8 12 1
3 7 3
14 18 3
3 6 3
5 6 7
4 6 4
12 16 4
18 22 10
11 13 11
3 6 11
21 0 3
8 11 10
15 16 2
18 21 4
23 3 11
17 19 9
22 0 6
18 21 9
23 4 10
7 9 4
5 8 2
9 12 3
10 13 5
20 20 7
15 18 9
11 16 10
17 20 5
18 21 5
1 3 5
23 3 9
19 23 3
20 0 2
1 5 8
6 9 4
5 8 6
20 22 3
23 2 2
23 0 11
6 8 7
15 19 7
12 13 4
8 11 7
19 20 4
9 13 9
0 3 8
13 17 10
13 15 3
4 5 6
4 7 5
5 7 9
8 10 6
11 14 1
18 20 4
11 14 9
15 19 10
16 20 1
16 19 10
18 21 5
18 21 6
20 23 11
15 17 2
18 21 10
10 14 9
15 19 10
9 11 8
12 18 2
13 16 9
0 2 2
6 10 2
3 8 3
0 3 4
23 4 4
18 20 8
6 10 5
0 3 3
13 18 8
4 6 11
6 10 8
19 21 11
23 1 4
5 8 3
4 6 3
12 15 3
13 16 2
23 1 3
2 5 11
23 2 2
18 20 3
22 23 8
16 16 1
10 11 5
0 3 2
1 3 6
1 5 9
16 19 2
4 7 9
9 13 3
18 20 10
17 20 2
10 14 5
2 5 3
20 0 8
14 17 5
10 15 5
20 23 6
9 11 8
3 5 7
14 15 6
9 12 9
14 17 11
2 5 10
5 7 11
12 16 10
8 10 3
16 18 11
2 4 7
16 20 5
23 3 2
17 19 2
11 14 8
10 13 3
8 12 11
20 21 6
14 18 2
12 16 10
2 3 3
15 18 5
9 11 10
9 11 11
4 7 11
14 15 4
23 0 4
14 19 9
6 9 8
17 20 4
22 1 8
12 14 8
18 19 10
4 8 3
17 18 2
11 13 6
17 20 7
7 11 9
6 9 10
12 15 10
19 21 1
16 18 2
6 7 8
3 6 6
7 10 5
2 5 3
22 0 7
5 8 6
22 2 8
18 19 6
20 23 8
16 19 4
0 3 1
17 20 9
10 12 9
11 13 2
15 18 8
22 2 9
1 3 8
19 21 4
23 2 3
0 3 3
18 19 8
8 10 9
15 17 1
2 4 10
1 5 3
22 0 9
13 17 10
16 18 3
8 10 6
17 19 6
3 6 2
18 20 8
13 16 10
6 10 6
18 20 6
1 4 3
9 12 1
10 11 11
22 1 1
7 9 7
9 13 4
6 11 10
18 20 5
17 21 5
18 22 3
14 17 7
21 23 8
20 23 11
21 2 3
14 18 1
8 12 8
0 2 10
9 13 10
7 10 9
10 12 7
5 9 2
3 7 6
10 13 7
9 12 1
7 10 6
6 9 11
15 19 3
13 15 10
7 10 8
4 8 9
10 14 11
8 10 7
13 17 1
20 21 7
19 21 6
14 16 8
7 9 10
14 18 11
22 0 10
8 11 2
14 19 1
14 16 7
4 7 6
8 10 10
0 3 8
11 14 10
22 1 9
2 4 11
17 22 11
11 15 6
2 6 11
0 2 2
20 22 4
14 17 9
9 12 5
0 2 2
7 10 2
21 0 11
17 21 6
12 15 10
18 21 9
20 23 9
15 20 10
14 15 6
0 4 10
19 20 6
16 21 3
20 22 2
6 8 1
12 16 8
23 2 10
3 6 8
20 0 8
0 2 5
0 3 3
2 5 2
11 14 10
7 11 3
22 2 7
14 19 11
10 14 1
23 1 9
16 20 2
18 20 4
14 18 5
10 12 7
18 22 7
20 21 7
7 11 7
10 13 4
15 17 8
4 7 11
1 5 6
7 11 5
1 5 11
15 16 10
13 17 2
21 22 11
16 20 8
3 6 7
7 10 2
16 19 2
13 15 2
21 0 7
0 4 9
1 7 6
4 8 10
7 11 5
2 6 10
8 10 8
14 17 1
0 2 9
21 0 2
11 13 2
18 19 1
22 2 1
23 1 9
18 20 10
21 23 8
12 16 6
7 10 8
10 11 1
17 20 3
22 2 8
6 7 4
4 8 6
19 20 5
0 2 11
22 2 5
19 22 4
14 17 8
2 5 5
3 5 9
5 6 9
11 15 10
19 23 4
22 1 4
7 10 8
18 22 1
13 15 2
11 15 10
6 8 3
22 0 2
23 2 7
9 11 10
1 6 2
12 15 8
7 9 2
21 21 6
15 18 5
8 12 9
4 5 3
9 13 9
16 18 10
17 19 8
19 0 8
18 21 4
6 10 4
16 18 4
19 21 4
16 20 11
22 0 5
15 17 6
3 8 9
19 22 10
8 12 10
8 12 9
15 18 6
8 10 9
6 9 3
17 20 2
22 2 1
4 6 4
23 1 10
7 11 11
23 1 9
23 3 10
0 5 6
2 5 10
22 1 8
20 0 5
11 14 10
12 16 2
20 23 10
4 6 8
10 14 2
3 7 11
18 21 10
14 16 11
13 16 3
5 8 9
15 19 8
3 6 10
15 18 3
5 8 3
20 22 5
23 2 10
13 15 6
2 5 1
12 14 5
14 16 5
23 2 8
5 7 10
4 5 6
14 16 1
7 10 7
21 2 5
2 5 1
11 14 4
22 2 9
4 7 11
19 23 5
23 2 5
17 22 10
9 12 4
14 15 8
6 8 3
9 13 1
15 18 8
4 6 8
15 17 4
6 10 11
12 16 5
3 5 9
17 20 11
18 18 8
10 12 1
17 18 6
13 15 4
10 13 8
18 20 7
23 0 1
2 6 1
16 18 3
23 23 5
22 1 11
22 2 6
7 9 4
0 3 1
13 15 3
5 8 7
4 7 3
11 13 5
20 22 1
11 13 9
7 9 8
4 7 1
7 9 9
17 20 8
19 23 5
17 21 4
5 8 4
23 5 1
4 6 3
19 0 6
11 14 2
23 0 6
13 16 5
1 6 1
16 18 1
19 23 6
6 8 8
15 18 3
16 18 6
22 0 4
14 16 10
16 18 3
10 11 3
21 23 7
17 21 9
11 13 2
8 13 9
13 16 7
13 15 8
15 18 5
16 20 10
22 3 4
15 18 5
19 22 9
11 15 7
11 14 6
19 21 3
23 2 5
7 10 1
0 3 11
15 20 11
21 0 11
0 2 7
3 6 5
4 7 9
4 5 5
12 16 9
9 11 10
15 18 10
23 3 10
1 3 5
11 14 4
4 7 7
23 4 4
9 10 8
8 10 1
3 5 8
1 4 5
16 20 4
3 5 5
21 23 9
15 16 9
13 14 10
9 13 7
1 4 7
9 11 6
7 10 6
11 14 11
8 12 3
23 2 4
21 0 10
19 20 5
8 11 6
18 20 11
3 6 3
14 17 7
6 8 6
0 3 11
4 7 5
19 23 10
14 17 7
7 9 8
20 2 10
22 1 3
15 18 8
21 1 8
16 20 4
8 12 4
20 23 2
19 23 9
2 4 4
14 17 11
20 23 1
10 13 10
15 17 5
7 11 10
12 15 2
3 7 6
21 0 8
12 16 9
4 8 5
18 21 6
14 18 6
10 14 3
9 11 5
1 6 9
17 21 1
16 18 6
1 4 2
15 19 2
2 5 7
3 6 4
8 10 11
18 23 9
5 8 10
0 3 4
11 13 5
21 0 8
22 1 5
10 14 11
12 14 8
14 15 2
13 15 8
19 23 11
7 9 4
2 6 9
13 16 11
3 6 10
2 3 9
11 12 7
19 23 9
3 5 8
16 18 10
8 11 2
19 21 3
16 19 2
6 10 7
8 11 5
2 5 4
8 11 9
23 2 6
1 4 5
22 0 7
1 5 1
22 1 2
6 9 10
19 23 10
18 23 4
10 12 9
4 8 9
23 2 5
1 3 8
9 11 1
17 20 11
20 22 1
0 5 1
23 2 9
4 7 5
5 8 10
20 0 5
13 15 6
3 7 8
23 1 8
17 19 8
0 4 11
9 12 4
18 21 5
2 4 3
21 0 10
21 22 3
12 16 10
2 6 7
16 19 5
13 15 11
18 21 3
20 23 9
20 1 4
16 18 1
6 9 7
5 8 10
17 20 2
2 4 9
3 6 5
18 20 6
21 23 1
5 8 7
10 13 9
23 0 9
20 0 7
7 9 11
22 2 2
2 6 7
17 19 5
19 21 3
1 4 10
17 19 1
2 5 3
1 4 3
19 21 2
5 9 7
1 3 2
20 0 1
14 19 2
12 15 5
0 5 9
13 15 7
10 14 2
18 20 11
15 19 6
18 21 4
10 14 10
18 20 8
14 19 8
5 7 11
15 17 3
8 12 8
12 13 11
15 18 7
16 20 10
11 13 3
3 4 5
15 17 8
23 2 3
23 2 2
11 13 1
20 22 10
5 10 5
16 18 3
5 6 4
16 19 1
22 1 1
22 1 10
13 15 8
23 2 5
11 14 9
18 20 10
8 11 2
14 18 2
5 8 5
0 3 11
17 20 9
11 14 1
6 8 6
6 6 5
10 12 11
1 2 6
4 7 2
11 14 4
0 1 6
10 14 11
10 15 5
8 11 11
23 1 3
20 22 6
2 5 2
12 14 4
4 7 1
23 1 5
7 9 9
9 12 1
23 2 10
5 8 1
10 12 6
17 20 10
23 2 10
8 12 1
14 16 7
8 12 8
0 2 10
2 6 4
5 10 9
12 15 3
4 8 2
15 19 8
0 3 10
22 23 7
1 3 11
0 3 4
8 11 11
18 22 5
2 7 4
10 13 1
17 20 3
15 16 1
14 18 1
23 3 2
7 11 3
3 6 1
17 19 9
17 22 11
5 6 1
17 21 10
19 23 6
3 6 7
0 2 5
8 14 10
15 18 5
22 2 11
3 6 5
11 13 5
13 16 2
16 20 4
4 6 5
18 23 4
3 6 10
2 4 3
20 21 11
17 21 6
9 11 10
4 6 9
1 4 11
7 11 3
15 19 11
5 9 5
19 23 6
1 4 9
2 5 4
17 21 2
20 23 10
19 22 6
10 12 11
16 20 7
19 23 5
13 15 7
21 1 10
23 2 7
7 9 6
23 3 2
15 17 7
17 21 5
0 1 7
7 10 3
5 9 6
21 1 3
10 14 11
4 6 6
12 15 3
3 7 11
20 23 8
4 6 2
7 11 2
12 14 10
17 20 3
14 17 4
6 9 2
0 4 2
3 5 7
16 19 7
1 4 2
13 15 6
13 17 8
15 18 4
15 19 7
5 8 1
21 0 1
17 21 9
17 20 5
1 4 4
22 0 6
14 16 5
21 1 10
13 15 4
20 0 11
0 4 10
9 12 7
3 5 10
10 14 11
18 21 7
14 18 9
12 14 8
22 0 9
18 22 3
12 14 9
7 9 3
12 17 10
21 23 4
1 3 5
6 7 2
2 4 6
18 22 4
10 14 1
18 20 4
10 12 5
17 19 11
13 14 5
10 13 8
1 4 11
23 0 6
6 9 9
11 15 2
2 5 7
8 10 11
14 14 9
18 21 7
12 15 11
4 6 8
8 11 9
1 5 7
22 1 7
8 10 5
23 5 8
19 21 6
1 5 11
7 9 11
5 10 11
7 10 8
2 7 10
17 20 10
16 21 3
6 11 1
11 14 11
15 18 4
20 22 10
12 14 10
5 7 9
12 15 11
5 10 8
1 3 8
15 17 8
8 10 1
8 11 1
13 17 1
12 16 9
16 18 3
0 3 8
2 4 4
5 8 10
4 5 7
2 6 4
8 12 5
8 11 2
7 11 1
0 3 2
20 23 3
6 9 8
1 5 3
1 3 11
12 15 2
23 2 5
5 8 2
6 7 2
16 18 7
14 16 1
23 1 4
5 8 6
22 2 4
17 21 7
21 0 7
16 19 1
18 20 2
11 14 4
17 18 3
0 1 10
10 13 10
17 19 6
1 5 10
20 22 11
9 13 11
17 21 5
22 1 4
22 2 4
6 9 11
0 3 10
14 18 2
21 0 2
23 2 1
3 2 6
21 1 10
9 12 1
0 3 6
14 17 1
10 14 5
20 23 9
13 16 11
23 1 2
5 9 4
6 9 11
9 11 7
7 9 5
13 18 6
13 15 5
0 3 3
4 8 8
5 7 9
16 19 8
18 21 4
6 7 8
3 5 7
13 17 3
11 15 1
14 17 8
22 23 9
16 19 1
16 18 1
15 19 10
3 7 2
20 22 10
1 3 6
4 6 3
9 11 10
0 2 7
13 15 11
1 4 4
22 23 10
15 18 2
11 14 4
15 18 9
1 3 2
10 13 7
19 22 2
14 18 9
1 4 4
8 11 2
9 13 2
6 8 8
4 8 1
23 1 8
15 17 8
8 11 2
23 1 7
23 0 2
0 3 6
23 1 11
13 16 7
13 17 9
19 23 4
22 2 3
3 7 10
11 14 2
5 9 2
2 5 1
9 12 4
3 5 8
6 9 2
23 3 7
21 1 10
20 23 6
13 17 5
0 3 9
1 3 5
7 8 10
19 22 8
12 16 3
8 12 1
13 15 1
18 21 10
23 3 1
16 20 11
11 13 5
10 13 3
14 17 8
8 10 10
6 9 5
2 6 6
10 12 3
15 17 2
7 9 2
9 11 5
18 0 8
22 2 8
14 19 11
4 7 11
6 11 6
7 9 5
9 13 3
2 2 4
8 11 4
20 23 10
12 15 5
2 5 4
0 3 3
18 21 1
3 5 4
21 22 7
12 15 4
1 4 8
2 6 7
12 13 2
18 21 8
23 2 11
2 5 2
5 9 6
5 6 6
6 8 5
0 3 7
12 17 4
3 6 11
0 4 4
22 2 7
13 15 11
22 0 1
11 14 11
13 16 7
19 20 7
15 19 6
11 15 9
20 21 7
23 2 2
13 17 10
11 14 4
22 0 9
15 18 10
13 16 8
3 5 7
15 20 10
15 17 6
18 22 3
5 9 11
2 4 7
23 3 4
22 1 4
5 7 4
13 15 4
17 20 5
7 10 11
19 23 10
7 9 11
9 11 11
4 5 11
17 19 4
21 1 11
11 14 10
6 11 2
18 21 7
18 20 7
22 2 11
9 12 9
7 11 3
17 20 6
7 10 9
16 20 7
12 13 3
3 9 10
3 7 6
15 18 8
6 10 7
20 23 11
8 11 4
21 0 7
18 22 4
2 6 2
10 13 9
3 6 8
22 2 2
21 1 9
2 4 8
3 6 3
14 16 9
2 6 3
13 16 6
10 13 7
6 8 8
22 0 3
9 12 1
16 19 4
5 7 7
11 14 2
8 12 5
5 8 2
5 8 8
22 0 6
21 0 7
22 2 10
1 2 9
17 20 6
19 22 8
22 1 6
13 16 10
13 17 1
8 14 10
21 23 10
23 1 11
12 14 6
11 15 7
15 17 6
9 10 6
17 20 5
5 8 4
1 5 11
10 13 3
0 4 1
3 6 1
11 13 7
15 17 10
2 6 1
8 11 8
22 1 2
0 2 10
14 17 1
2 6 7
21 1 7
14 17 5
2 4 1
0 3 11
0 4 6
9 14 5
20 0 4
6 9 4
8 10 11
22 0 5
21 23 6
15 18 2
5 7 7
20 1 5
4 7 10
21 23 7
15 19 1
10 15 9
0 4 3
13 15 6
17 19 3
1 5 2
5 8 3
17 20 8
17 20 2
22 1 8
8 10 11
21 23 9
17 21 2
7 12 6
10 13 3
9 13 4
1 5 5
21 2 3
0 4 5
3 5 7
5 8 6
6 8 3
18 21 1
7 9 5
7 9 11
0 5 5
7 11 5
7 8 8
10 14 7
1 5 3
6 10 5
5 10 4
11 13 5
23 1 2
15 19 7
2 5 6
19 21 1
6 9 11
7 10 9
3 5 7
1 5 5
9 12 9
16 21 8
2 6 6
18 23 11
21 2 6
19 0 4
0 4 5
17 19 1
1 3 10
4 8 6
15 19 5
17 21 7
8 10 3
15 19 1
15 18 2
8 11 3
20 1 9
17 21 6
2 5 9
10 13 3
6 8 5
3 7 9
7 11 3
6 11 3
15 18 3
15 17 10
13 15 4
8 11 5
0 5 6
0 2 10
19 22 2
21 0 8
19 0 11
7 9 1
7 11 7
5 9 4
12 15 4
13 17 11
17 21 4
18 22 1
2 3 7
11 14 10
15 18 9
14 18 10
9 13 5
10 13 9
18 20 2
20 22 9
15 17 1
20 22 3
10 13 7
4 7 3
15 17 7
12 16 8
8 11 8
7 10 6
23 2 2
6 10 9
0 4 3
19 21 6
4 7 9
0 3 6
3 5 2
9 12 9
2 7 5
12 15 9
7 9 7
22 2 4
1 3 11
4 5 5
21 1 7
3 6 6
12 13 3
3 6 9
13 17 9
22 0 7
17 20 11
23 1 9
18 22 3
3 3 3
2 8 11
17 20 11
4 8 1
7 13 6
10 14 11
15 18 7
16 18 10
5 8 3
2 5 4
9 13 6
23 3 6
23 1 1
23 1 3
6 7 10
17 19 6
18 21 8
20 23 1
2 4 10
5 8 1
1 5 11
20 22 4
8 11 6
23 0 3
15 20 11
7 11 8
2 5 7
5 8 4
20 22 4
14 17 8
15 18 9
22 1 1
17 20 7
9 13 7
11 13 4
2 6 11
8 12 8
22 1 2
7 10 2
14 17 5
8 11 4
23 2 10
17 20 3
6 10 3
8 11 6
9 11 2
16 20 5
13 14 11
9 13 2
23 1 5
21 2 1
22 0 4
17 20 2
7 11 4
0 3 9
0 1 7
6 9 6
17 18 4
19 21 1
0 1 8
21 0 10
9 11 10
6 8 3
13 16 9
9 11 9
22 0 6
13 16 4
3 7 6
5 8 7
14 18 6
14 18 9
18 20 10
23 1 10
18 22 8
6 10 7
0 3 9
15 17 3
22 2 11
15 19 5
9 11 6
8 11 10
15 19 1
4 6 8
11 13 5
6 8 9
14 17 11
21 0 7
11 15 2
14 18 11
5 8 11
7 11 4
2 6 10
10 15 7
22 1 2
3 6 11
3 9 3
3 5 7
18 21 3
1 4 2
15 18 3
7 11 11
22 1 3
19 22 1
21 1 1
11 16 11
0 3 6
13 15 1
20 23 3
10 13 11
23 23 11
20 23 11
12 16 11
22 0 10
23 2 11
10 13 1
1 5 9
5 8 1
9 11 2
21 1 4
18 20 4
16 19 9
14 16 8
21 22 7
18 20 1
10 13 1
11 15 1
8 11 3
18 22 6
4 5 4
2 4 4
0 4 6
14 18 1
17 20 1
14 16 10
18 0 2
15 18 6
20 1 8
8 11 2
0 3 6
7 10 11
8 11 5
20 0 3
15 18 4
11 14 9
19 22 7
23 2 9
16 20 10
23 0 4
3 6 1
14 18 8
4 7 10
8 11 1
9 12 4
10 14 7
9 13 3
4 7 8
22 0 8
3 5 1
12 17 8
23 2 3
13 15 6
16 18 6
4 7 7
18 21 5
23 3 1
13 15 2
5 8 9
0 3 6
10 13 5
10 12 9
6 8 7
21 23 5
22 0 2
6 9 4
21 1 10
10 14 6
19 21 5
14 17 1
10 13 11
8 13 1
11 14 1
21 1 7
15 18 3
0 3 7
22 1 1
15 17 11
16 19 6
9 13 6
8 13 8
13 17 3
8 11 3
14 17 9
19 22 11
23 2 3
8 11 5
14 18 7
15 19 2
19 23 1
7 11 1
7 9 3
10 14 5
17 21 4
18 21 10
4 8 3
11 14 9
21 23 3
5 7 3
6 8 10
6 8 7
12 15 6
19 22 8
17 20 2
18 21 8
15 19 9
18 20 6
13 18 3
8 12 3
10 13 11
22 1 11
18 21 5
13 15 11
0 3 11
15 19 8
14 17 1
18 22 5
16 18 4
6 8 1
17 19 9
14 17 4
2 5 2
12 17 3
19 21 10
0 4 8
11 14 4
0 3 1
18 21 7
10 13 8
9 11 9
10 13 8
6 10 2
16 19 9
10 14 1
21 0 11
20 21 11
15 19 1
20 23 7
0 3 7
2 6 2
22 3 5
3 8 9
18 22 9
22 1 5
0 3 5
3 6 3
23 1 3
6 9 5
10 14 10
15 18 8
12 14 1
20 22 1
23 1 1
0 3 9
19 23 4
21 0 9
19 21 10
21 0 10
19 21 11
23 3 5
14 18 5
10 15 1
18 22 9
4 6 3
14 17 4
21 0 2
7 11 1
6 9 6
16 18 3
18 21 2
5 8 2
20 23 7
4 7 3
20 22 6
4 7 2
23 3 9
2 5 6
17 19 8
16 18 5
23 2 2
14 17 4
21 0 1
10 12 4
3 5 8
12 16 7
22 3 10
7 10 9
5 5 9
8 12 2
1 5 8
3 6 9
16 20 10
8 12 5
16 18 9
12 15 9
18 20 10
10 12 1
2 5 9
9 13 7
10 11 7
14 16 5
7 11 4
6 8 11
0 3 10
2 5 5
5 7 8
13 16 5
23 3 4
5 10 2
15 20 10
10 13 11
11 15 1
21 0 8
8 12 9
17 20 11
17 19 1
16 19 1
4 8 1
14 18 6
17 20 2
13 16 6
1 4 3
0 3 1
15 18 3
9 11 3
15 18 1
15 18 1
0 2 9
7 11 2
6 10 2
1 3 4
21 22 8
13 17 10
20 0 6
11 14 2
1 3 7
4 7 10
22 23 3
14 19 8
9 12 4
5 10 8
1 2 9
20 0 3
10 12 10
22 1 8
0 5 2
21 22 1
9 11 5
3 5 10
1 5 1
4 6 3
6 8 9
13 17 8
8 11 1
16 21 7
13 15 7
4 8 10
7 9 11
21 22 3
20 22 9
0 3 1
10 12 3
17 20 7
12 14 9
21 0 7
11 13 1
3 5 4
9 12 8
3 5 7
21 0 11
2 4 10
22 0 2
3 7 6
15 19 2
7 9 6
0 3 11
21 2 8
3 7 4
7 12 8
14 18 5
4 7 10
4 7 9
16 18 11
0 4 2
19 21 1
5 8 10
12 14 8
22 2 2
14 16 8
8 11 11
0 3 2
14 15 4
18 20 8
23 2 1
20 0 2
14 17 3
0 4 11
8 11 9
1 2 1
16 19 11
20 23 1
11 14 2
1 4 4
12 14 7
10 11 8
19 22 4
6 8 3
1 5 3
8 11 7
14 20 5
15 18 11
0 2 11
2 5 6
8 10 2
13 16 11
22 1 8
18 21 1
1 2 8
9 11 7
21 1 5
8 12 7
18 21 5
0 3 7
17 19 2
12 16 6
17 20 2
4 7 10
7 10 8
18 21 7
21 0 10
9 13 5
8 10 1
17 20 6
8 11 4
8 10 8
11 13 1
5 9 1
13 16 10
2 6 8
9 12 4
16 20 7
3 7 11
4 7 2
15 19 5
16 19 11
9 12 3
6 9 9
8 10 9
7 12 7
7 10 2
4 8 6
17 21 4
0 4 11
0 3 6
1 3 6
0 3 9
22 23 10
2 5 1
22 2 10
4 6 11
21 1 2
21 2 4
12 14 10
15 20 7
17 20 10
0 3 7
18 22 9
0 4 9
7 11 8
23 2 5
17 21 5
19 21 6
9 13 8
8 10 5
11 15 11
11 14 7
18 21 2
8 12 5
13 16 9
23 2 10
4 8 10
14 18 5
23 2 8
5 7 6
1 5 2
1 4 7
10 13 8
9 11 8
0 3 3
1 5 2
2 7 7
20 23 10
2 3 4
9 12 4
16 18 5
20 23 4
18 20 6
19 23 4
4 8 6
0 3 5
14 16 7
14 18 4
14 17 10
12 16 9
12 15 10
13 15 5
8 10 9
6 9 5
12 14 2
3 6 1
1 4 7
19 22 5
9 12 6
19 23 11
18 21 5
23 2 4
17 21 11
8 9 8
4 7 3
5 7 10
11 14 9
12 15 4
23 2 11
5 8 2
14 17 4
23 1 8
8 13 4
21 23 7
10 14 10
9 14 6
17 23 10
5 8 8
20 21 11
10 13 9
15 19 11
23 1 3
18 20 9
20 21 9
17 19 4
20 1 10
8 7 11
22 1 11
1 3 10
16 18 3
21 23 10
13 16 2
2 2 10
9 12 6
0 3 7
15 20 1
10 12 5
4 5 9
12 15 3
16 18 3
4 7 5
5 9 9
23 4 6
12 15 1
1 3 9
12 15 1
19 22 4
12 15 9
19 23 4
3 7 10
13 18 8
15 17 5
22 0 8
8 12 6
6 9 3
11 15 5
12 13 3
7 11 11
21 23 8
18 22 4
3 6 8
21 0 9
22 2 10
19 23 6
3 8 11
0 4 5
10 13 8
8 11 11
4 8 4
22 2 3
7 10 1
20 23 11
6 10 8
1 3 7
17 21 1
11 13 6
19 20 6
13 17 5
4 6 11
4 8 5
19 22 1
3 6 1
11 15 10
5 9 1
1 2 11
17 19 10
3 6 2
6 7 8
22 0 1
5 9 2
2 5 7
22 0 3
18 20 1
9 13 7
8 9 5
19 22 5
1 4 4
14 17 8
14 17 7
4 7 5
8 10 10
16 22 1
8 11 6
23 4 4
15 18 9
14 17 7
15 17 5
15 18 10
9 14 3
12 17 1
0 3 4
0 3 1
4 8 2
3 6 1
3 8 10
7 10 2
20 22 7
18 20 6
22 0 1
3 6 1
9 11 6
15 18 8
15 18 4
1 5 11
9 13 1
2 5 8
7 11 2
1 3 10
12 15 7
0 2 2
20 0 5
20 0 11
17 18 5
23 1 3
19 22 11
5 7 2
23 2 4
4 7 7
8 10 2
21 23 6
20 23 5
3 7 11
10 14 11
14 17 5
17 20 1
0 3 1
11 14 9
13 16 7
7 10 10
14 15 6
0 0 3
4 8 3
3 8 1
23 3 10
11 14 7
2 5 10
16 18 6
4 8 9
9 12 7
14 18 5
17 18 6
18 22 2
11 13 5
10 14 4
9 14 2
7 10 7
19 20 4
1 3 1
8 10 10
16 20 6
0 3 9
21 0 11
12 15 1
17 20 9
4 7 3
12 17 1
17 20 5
15 17 3
23 2 8
9 11 3
1 2 3
0 2 7
14 17 7
20 22 4
5 8 4
21 0 11
20 0 1
7 10 7
13 13 1
21 0 11
5 8 7
11 16 8
2 4 3
11 16 8
0 1 8
22 1 11
22 1 7
22 2 6
12 15 7
1 5 5
10 14 7
0 3 3
11 12 6
4 8 5
19 23 5
16 19 4
6 8 6
4 7 9
14 17 9
18 21 4
13 16 5
23 4 4
5 9 10
12 16 4
21 0 11
11 13 10
20 23 7
3 6 9
17 22 10
7 9 4
20 22 11
6 10 4
3 7 7
16 17 9
15 17 2
3 6 4
3 4 8
6 9 1
7 9 9
8 11 1
23 1 5
13 15 7
21 23 8
5 10 7
9 11 3
2 5 5
7 10 11
7 9 3
22 1 6
18 22 5
21 1 6
10 11 2
11 14 4
10 13 11
2 5 10
0 4 5
10 13 3
18 21 11
22 23 1
3 7 3
3 6 7
8 11 11
15 18 6
1 4 10
15 17 6
8 12 7
