1100 19
4 8 7 3 10 8 1 5 5 1 8 4 8 5 3 10 5 10 10 
16 20 17
11 13 15
20 23 12
18 22 9
16 19 9
11 13 10
17 20 18
15 18 15
17 19 17
2 6 10
21 1 3
9 11 6
20 1 5
6 11 4
6 9 3
8 11 4
20 23 5
6 10 12
11 14 18
18 0 16
3 6 17
14 17 2
23 2 19
12 16 12
16 19 2
12 16 2
1 4 6
17 19 17
2 6 4
0 4 17
15 19 10
13 16 18
20 22 4
10 15 9
2 7 12
2 4 3
12 15 6
13 17 15
1 3 16
3 6 19
3 6 13
17 20 12
1 5 12
14 16 2
16 19 18
21 0 1
2 3 5
0 3 8
18 21 7
4 8 4
14 17 17
8 12 12
2 5 17
15 18 1
22 0 12
7 10 2
18 21 19
17 19 8
19 22 11
13 16 14
20 23 2
21 23 11
6 8 14
0 3 19
5 8 16
23 2 4
3 6 19
6 8 5
7 11 4
9 14 14
3 6 18
13 19 17
0 4 4
21 0 12
20 22 16
6 9 19
22 2 8
20 22 4
5 8 11
6 9 19
12 16 11
8 10 18
0 4 14
14 17 8
21 0 15
11 14 12
16 18 5
18 22 14
23 3 15
6 8 7
20 1 16
14 16 1
17 18 4
0 2 2
1 4 7
3 7 13
22 2 2
16 18 13
13 16 15
1 3 17
12 14 2
17 20 2
19 22 8
18 23 12
0 2 19
10 13 1
1 4 12
10 15 19
19 23 18
22 2 11
10 13 17
11 16 2
6 9 8
6 8 19
11 13 9
10 13 18
22 23 7
15 18 14
6 7 4
13 17 19
2 6 7
10 13 5
5 8 9
21 0 18
4 8 15
21 1 16
15 19 11
9 12 16
14 17 13
18 21 10
12 15 17
13 16 7
14 17 16
1 3 3
0 3 17
9 11 17
18 21 19
12 16 11
2 4 10
8 11 2
4 7 14
20 0 9
13 15 8
0 5 19
22 2 18
16 18 5
8 12 16
12 16 4
17 21 19
10 12 5
23 3 2
23 2 17
22 0 6
1 6 7
18 21 18
16 19 18
21 0 3
12 15 4
21 23 14
2 5 13
12 16 19
1 5 2
3 4 13
11 14 17
8 10 14
0 4 14
4 8 8
13 17 11
1 4 12
21 1 1
11 15 19
1 3 18
17 20 8
15 17 16
11 13 5
11 15 16
8 12 10
12 15 8
19 22 15
17 21 12
1 4 19
14 18 15
6 9 12
10 11 9
3 7 5
20 22 5
4 9 2
3 7 2
7 12 7
10 13 12
4 7 10
15 19 17
4 8 7
19 22 10
3 7 16
18 19 16
20 23 17
20 22 16
8 12 19
19 22 14
2 6 6
22 2 2
5 9 4
6 9 5
21 0 3
23 2 14
4 7 1
7 11 1
3 5 15
12 15 17
14 17 11
20 21 2
23 3 2
13 15 6
18 21 2
16 20 11
10 13 1
11 13 17
13 15 7
8 10 11
17 21 16
4 6 4
15 18 9
4 8 15
21 22 16
5 7 1
14 16 15
7 9 9
16 20 12
7 8 16
3 7 12
1 5 5
13 16 18
22 0 8
21 0 9
18 21 2
11 14 5
0 3 13
17 18 1
18 21 5
22 23 4
9 12 19
20 22 8
1 4 9
4 6 2
6 11 4
2 6 5
20 0 19
15 18 17
15 19 7
5 7 17
17 21 15
8 13 18
16 19 13
0 3 12
6 8 4
18 22 15
9 13 9
8 10 2
17 20 15
20 23 11
7 10 11
9 12 12
18 21 3
15 18 11
20 23 4
17 21 1
14 18 9
11 15 1
3 7 10
5 8 8
10 13 16
12 16 12
16 20 18
6 8 10
13 15 1
3 5 10
15 18 13
21 23 13
8 11 17
21 23 3
20 23 10
9 12 2
6 9 10
14 16 7
14 16 12
12 14 17
11 14 15
8 12 10
9 12 7
11 14 14
4 7 15
3 5 16
1 3 13
13 16 17
22 1 2
13 15 8
2 5 14
18 22 6
15 19 18
13 15 5
18 21 17
14 16 6
16 21 16
15 18 5
20 23 18
12 15 2
11 13 9
23 2 18
0 4 9
22 0 5
1 3 8
14 17 8
14 18 9
15 19 4
20 23 9
4 10 3
2 5 12
13 18 10
10 13 1
19 22 7
21 0 17
14 17 7
9 13 18
12 17 9
1 4 6
7 9 11
11 15 17
12 14 11
23 3 8
12 15 12
12 16 7
7 10 13
14 17 3
1 3 11
10 14 3
1 6 1
19 21 8
13 16 3
14 18 9
4 8 7
1 4 8
8 11 15
5 7 10
0 3 8
13 16 14
5 7 16
10 13 12
16 20 3
5 9 14
21 0 18
3 7 13
9 11 7
19 22 8
9 12 18
12 14 11
7 10 8
23 1 4
11 14 11
10 12 5
23 3 17
9 12 8
22 4 11
12 16 8
16 19 19
1 4 16
22 1 15
6 8 13
22 2 10
17 21 11
8 11 8
22 2 16
15 19 1
14 18 14
16 17 9
4 6 9
2 5 4
2 4 16
18 21 18
2 3 15
14 15 6
9 10 3
10 14 17
12 15 19
10 13 8
1 3 6
22 1 5
21 0 13
2 6 2
0 4 12
21 1 8
6 8 7
1 3 6
2 3 6
9 13 16
16 19 11
14 18 4
22 0 11
15 20 6
0 4 7
13 16 17
1 4 16
11 14 4
17 20 2
15 18 4
23 4 2
8 13 8
4 7 2
11 15 13
22 0 15
9 10 1
18 22 12
1 2 8
10 14 2
10 12 11
9 13 19
17 21 8
18 20 3
1 3 12
2 4 15
13 14 15
22 0 5
10 14 8
10 13 5
22 1 11
20 22 11
15 19 19
22 0 4
9 12 9
16 20 13
16 19 13
1 5 10
5 10 16
9 13 19
21 22 18
18 22 4
23 2 2
5 9 5
13 15 2
7 9 18
5 8 1
21 0 4
17 23 15
5 8 15
10 14 3
3 7 17
10 13 8
4 7 16
15 18 11
15 18 11
4 7 3
5 9 10
14 16 7
14 18 7
16 18 3
11 13 3
10 14 17
9 14 16
8 12 1
13 16 16
16 19 17
23 1 11
15 18 16
11 13 2
21 23 11
1 4 10
8 11 16
1 4 1
19 21 19
10 14 2
11 15 1
10 11 4
7 10 17
20 1 12
3 5 14
18 22 15
15 18 4
3 6 16
3 7 18
0 4 4
13 17 18
14 17 5
15 18 4
1 3 14
0 2 4
0 2 19
13 18 17
11 13 1
9 12 12
6 8 9
3 6 8
3 5 13
1 4 10
8 12 16
23 1 6
9 11 3
21 1 2
16 19 12
12 16 4
1 4 14
3 5 15
12 17 3
12 14 11
10 14 15
14 17 9
2 5 6
9 12 14
18 20 16
1 3 9
15 15 17
10 13 16
8 10 4
19 23 19
12 15 10
19 22 19
19 21 19
17 18 14
4 8 19
8 11 2
5 8 9
12 15 10
10 12 13
12 14 14
14 15 3
3 5 18
21 23 4
0 3 1
14 18 5
11 14 11
12 16 14
23 3 9
4 5 14
22 23 1
20 22 13
23 1 8
15 18 2
16 20 2
10 13 11
23 0 14
3 6 9
0 3 6
20 22 18
11 15 18
4 7 9
14 18 9
9 13 1
19 22 12
12 16 5
13 17 16
10 14 6
14 18 8
9 9 3
8 10 18
7 9 2
19 22 4
16 19 1
5 7 6
18 20 1
19 23 9
21 22 9
20 23 4
13 16 10
11 15 17
18 22 6
20 0 3
3 6 4
6 9 2
17 18 5
6 9 3
17 20 15
2 5 8
13 16 10
5 8 8
3 5 19
19 21 18
4 5 17
16 21 11
18 20 10
16 20 3
15 18 19
20 0 7
18 22 14
0 6 4
9 13 6
3 7 12
16 19 13
1 4 13
19 22 18
19 22 16
6 9 12
17 19 6
21 1 8
8 12 4
18 22 15
15 18 18
20 0 16
22 1 1
1 3 18
9 12 5
16 19 10
18 23 7
19 23 15
1 5 16
18 20 13
5 7 8
8 11 18
18 21 6
17 20 11
17 20 11
12 15 12
17 19 12
5 8 3
5 7 17
0 4 4
9 12 19
1 4 4
8 10 13
7 9 19
8 11 14
14 15 16
0 4 8
22 4 19
17 20 3
18 21 13
15 17 12
21 22 3
13 15 7
12 14 1
19 22 19
15 19 15
17 20 18
21 1 8
2 5 14
19 21 2
13 17 10
20 22 4
15 17 10
19 21 1
15 18 16
5 8 13
7 10 17
0 3 14
19 22 19
6 10 12
14 18 7
20 23 13
0 4 10
22 1 11
22 0 3
7 10 3
17 19 2
16 18 2
20 23 13
2 6 12
16 18 14
15 17 13
19 21 7
15 19 12
0 3 7
16 17 16
22 2 2
13 16 14
21 0 13
17 18 9
23 2 8
18 21 7
12 15 10
8 12 10
21 23 10
14 18 9
17 19 8
18 21 16
11 14 18
8 9 10
17 20 8
3 6 14
2 6 2
0 2 8
14 16 17
21 22 17
7 9 8
14 16 4
9 13 17
2 7 14
8 13 14
11 14 4
5 9 5
22 2 3
11 13 15
6 9 13
13 17 19
20 22 18
16 20 12
18 21 4
10 14 14
5 8 11
21 23 7
20 22 1
14 17 10
13 16 4
17 20 10
9 12 15
4 6 14
7 9 7
7 10 18
20 23 9
6 9 7
4 9 1
20 0 19
16 21 5
15 17 12
23 1 10
20 23 17
8 12 15
14 17 14
19 21 15
8 11 10
15 18 19
1 4 1
14 18 11
18 20 9
10 11 1
17 19 12
13 17 7
17 20 9
17 20 8
9 13 11
8 11 17
10 13 3
7 9 8
14 17 19
21 0 11
17 18 5
4 6 11
14 16 7
22 0 13
0 2 8
11 14 4
12 15 6
7 10 6
4 6 10
20 0 11
18 22 18
18 19 2
13 16 4
16 18 12
5 6 3
13 16 12
20 0 11
2 5 7
23 0 1
2 4 13
20 23 9
9 12 2
3 6 17
6 9 18
22 1 14
4 6 11
13 15 19
19 21 5
6 8 16
20 23 7
19 23 8
16 18 2
6 9 18
3 7 1
0 2 5
0 3 1
11 14 14
13 16 7
18 21 8
13 14 17
23 2 5
11 16 14
15 20 14
2 4 6
5 8 6
5 8 14
13 15 8
18 22 11
20 23 14
7 9 11
10 11 4
7 11 1
2 6 16
19 22 11
19 22 8
8 10 10
17 20 8
21 22 19
6 7 2
4 6 18
15 21 15
19 23 14
19 0 8
17 19 9
10 13 12
18 21 1
10 13 5
5 7 17
11 13 17
0 3 3
3 6 7
23 0 7
18 19 17
23 3 5
22 2 15
1 4 2
6 9 16
10 12 16
15 16 4
15 19 3
15 19 3
23 1 12
5 7 3
3 6 3
15 17 1
23 0 12
2 7 15
18 21 19
5 9 8
8 11 7
21 1 3
12 17 12
5 8 14
4 5 18
14 18 9
13 14 4
18 20 10
22 0 7
16 19 18
19 21 10
18 22 14
6 9 18
12 16 9
20 22 12
3 5 19
22 1 19
9 13 17
17 19 2
12 16 16
5 8 15
16 19 2
6 9 2
1 4 8
18 20 18
2 5 11
2 4 8
9 13 1
10 13 1
3 7 17
14 17 7
5 9 10
18 20 18
13 17 11
22 0 9
14 17 5
14 17 13
17 21 6
20 23 10
4 7 1
19 22 4
20 23 15
2 4 15
19 22 5
14 18 5
19 23 13
15 17 3
8 11 1
14 19 18
21 1 5
19 21 15
23 1 19
10 13 11
1 3 13
23 1 4
17 19 11
0 2 18
1 4 11
16 19 18
22 2 1
8 12 19
17 19 3
1 4 17
7 9 6
16 19 14
2 3 5
8 10 17
22 1 17
18 20 11
23 1 15
20 23 6
12 14 8
22 3 6
2 3 11
19 21 3
21 2 15
9 11 8
5 9 9
21 0 6
4 6 7
13 16 11
5 7 4
1 4 9
23 4 19
7 9 15
22 1 3
20 20 4
0 3 18
14 18 1
8 12 19
11 15 3
8 11 15
20 22 11
9 11 16
14 17 15
15 18 16
13 16 16
14 17 5
20 0 8
17 20 10
23 3 18
19 22 14
5 7 16
12 17 16
20 2 15
13 17 4
18 22 1
13 14 7
2 5 7
11 14 2
11 14 17
17 19 11
21 23 19
14 17 2
13 16 19
19 23 16
7 11 7
17 21 14
3 7 16
8 10 10
21 1 18
14 19 3
4 7 5
11 14 13
18 20 6
19 23 10
19 22 14
20 0 1
5 8 2
13 16 6
13 17 11
0 3 6
2 6 13
9 12 12
0 2 3
2 5 18
6 9 6
2 6 2
8 11 15
10 13 4
2 4 17
11 15 2
2 6 16
6 10 11
5 7 6
6 9 12
15 19 11
11 13 18
0 4 12
12 16 13
13 16 7
4 6 1
10 12 6
11 13 2
0 1 13
13 18 4
22 1 10
8 10 3
20 23 3
19 20 13
3 6 10
10 12 14
6 10 7
1 4 17
23 2 8
23 2 1
15 18 11
21 23 18
18 22 16
5 9 8
17 22 13
22 0 10
17 20 4
3 7 9
4 7 15
22 0 17
1 5 17
14 16 6
15 17 4
7 10 6
3 6 16
5 7 3
9 13 4
10 13 11
10 11 13
1 4 18
14 14 18
3 4 15
3 7 3
19 21 13
2 5 4
6 10 8
10 12 12
11 14 2
2 3 6
19 21 8
22 1 14
23 2 14
7 10 10
21 22 1
9 12 16
23 3 2
1 4 15
5 8 11
23 3 15
4 7 2
6 9 15
3 7 2
17 18 6
0 4 9
5 8 12
5 9 6
13 15 5
21 0 3
10 14 2
4 7 19
10 11 4
23 1 3
2 6 11
17 22 4
4 6 15
0 2 5
13 16 4
9 13 6
22 1 11
6 8 12
18 22 17
17 20 8
2 4 15
12 15 12
22 2 7
7 10 7
5 7 8
4 9 13
12 14 18
12 15 14
15 18 14
0 4 6
5 8 13
1 4 19
22 2 4
0 5 2
20 22 9
6 10 9
16 20 7
14 17 18
3 4 16
4 6 15
1 4 13
11 13 12
1 5 13
21 0 16
17 20 8
13 17 19
20 23 5
0 4 9
22 0 2
17 19 17
11 13 1
16 18 6
20 0 5
0 4 13
20 1 9
4 8 16
15 16 12
20 0 12
16 19 1
16 20 14
13 17 5
21 23 18
22 2 15
0 6 3
21 0 18
6 10 8
23 1 1
3 6 2
17 19 12
15 18 4
12 17 19
