550 16
10 7 10 6 8 4 4 7 6 4 1 5 7 9 6 4 
18 22 2
9 10 10
23 2 11
15 19 12
0 2 12
2 5 8
0 2 12
19 23 3
21 0 11
18 22 1
8 11 10
12 16 12
14 16 12
23 1 12
11 14 6
13 17 15
20 23 14
10 13 14
15 17 16
6 9 8
4 7 7
12 13 11
17 20 11
4 7 10
10 14 10
0 2 12
15 18 7
7 11 9
20 23 6
14 18 1
11 11 12
6 9 16
21 23 1
6 10 10
20 23 6
21 0 1
4 7 15
6 10 7
3 5 15
3 6 12
1 4 10
22 0 16
14 17 6
0 4 12
23 3 12
4 7 6
14 17 10
8 11 7
2 5 9
5 9 1
20 23 2
2 6 12
14 17 1
23 2 7
1 3 15
13 16 10
1 4 13
1 3 5
16 18 14
1 4 16
12 15 9
3 7 4
1 3 11
0 3 16
18 21 5
14 17 15
18 21 1
23 2 3
12 15 10
17 20 4
20 23 11
14 16 12
2 3 4
17 18 7
20 0 15
18 20 12
22 1 9
8 11 11
22 2 13
13 18 13
14 16 4
9 11 10
10 13 9
23 1 5
16 22 16
16 19 2
20 22 13
10 11 15
1 3 12
18 22 7
4 7 11
8 11 6
18 21 15
20 0 13
2 5 14
16 19 1
6 9 1
23 4 1
20 21 7
23 2 4
1 5 5
14 16 7
14 17 11
12 17 14
6 7 12
15 20 9
9 10 7
14 16 6
8 11 6
4 6 10
5 8 16
11 15 8
18 20 2
5 7 13
21 23 12
14 15 14
17 19 11
10 13 14
9 13 8
11 13 4
5 9 5
5 5 8
15 16 7
3 6 14
11 14 7
1 2 6
2 5 11
4 5 15
13 17 5
14 15 5
22 0 6
8 11 10
1 4 9
13 16 10
12 15 12
22 0 5
9 14 11
4 9 12
10 14 7
0 4 4
0 4 11
15 18 3
6 9 12
4 5 15
2 5 11
10 13 16
9 12 5
11 14 1
0 2 8
2 4 13
5 8 7
11 14 10
11 13 3
8 11 1
19 23 10
16 19 9
3 3 7
6 10 10
15 18 15
19 23 12
17 20 3
11 14 3
10 13 11
15 18 4
7 9 8
22 1 11
8 11 6
2 6 6
17 18 4
3 6 1
20 22 11
2 5 15
15 17 13
13 16 15
5 8 11
16 19 3
14 18 8
2 6 13
15 18 9
16 18 13
6 9 13
22 3 10
17 22 3
14 16 7
13 17 4
21 3 12
8 11 8
0 2 9
14 18 15
13 17 13
22 2 13
11 12 8
4 6 8
1 3 2
5 9 5
1 4 8
2 5 11
19 22 15
11 14 5
13 15 7
13 15 3
18 20 4
6 9 12
15 19 2
6 10 11
13 16 14
7 11 8
4 7 3
21 1 9
1 4 16
1 5 9
19 22 2
4 9 14
4 7 8
23 3 1
1 4 14
19 23 7
22 3 12
20 23 11
18 20 12
22 3 4
4 7 7
4 7 16
7 9 4
20 0 14
13 17 12
6 11 5
4 8 9
6 7 1
8 12 16
12 14 14
21 0 11
13 15 5
21 1 2
0 3 15
21 1 15
0 2 2
15 17 7
3 8 3
1 4 15
13 16 6
21 0 13
3 5 5
22 1 3
13 17 10
8 10 4
8 10 6
11 15 2
15 19 10
1 4 15
5 6 6
1 5 10
14 18 15
21 21 4
12 15 7
15 17 10
22 2 8
23 2 5
2 4 9
3 5 6
10 14 4
0 3 12
19 21 16
1 3 9
6 10 14
22 1 12
14 17 13
22 0 16
9 12 11
18 20 8
4 8 14
16 20 5
15 18 6
19 20 9
13 18 16
13 18 15
23 4 3
4 6 16
22 3 3
12 16 8
2 6 1
6 10 4
7 10 6
13 16 13
9 12 4
16 18 4
6 8 13
21 23 4
14 16 11
19 22 15
16 18 13
4 7 3
2 4 3
1 2 4
11 14 5
14 19 8
20 0 9
17 19 2
10 14 4
6 8 7
18 22 9
2 5 6
13 14 2
13 15 9
17 19 10
0 3 5
1 3 4
0 3 9
9 11 13
4 6 6
22 1 6
22 1 5
16 19 7
3 5 6
3 6 2
17 19 12
11 16 13
15 18 2
14 17 6
21 0 9
11 14 1
9 13 6
1 5 5
12 14 14
21 0 11
8 12 9
16 20 1
2 6 16
7 11 2
11 13 12
11 13 8
22 1 14
1 4 13
15 19 1
5 7 1
21 0 11
10 15 15
14 18 1
18 23 1
5 8 15
16 20 13
4 5 12
15 17 7
15 19 3
23 2 12
10 13 11
12 14 3
12 13 4
14 19 14
21 23 2
15 18 15
18 22 9
19 20 13
9 12 10
1 4 7
3 6 3
3 6 13
11 14 1
7 10 10
9 12 2
4 7 16
3 5 12
21 0 7
7 9 6
23 1 11
16 19 4
6 11 5
23 2 11
12 15 8
3 4 8
16 18 15
13 16 2
20 23 11
13 16 4
5 7 5
2 5 1
8 12 5
14 15 11
23 3 4
1 4 8
13 16 16
12 16 14
4 6 1
13 17 16
12 14 8
8 11 8
21 23 12
13 16 9
6 10 11
3 6 10
5 6 4
8 11 5
23 2 11
21 2 15
20 23 6
15 17 9
2 6 3
10 12 8
19 22 3
4 6 14
12 16 3
21 0 6
19 20 6
20 23 11
6 10 8
19 21 10
2 5 11
11 13 3
0 3 14
14 19 12
15 20 8
11 14 11
1 3 11
19 21 15
23 2 13
9 12 2
7 10 2
13 15 7
9 12 16
1 6 1
16 19 8
11 15 6
5 7 2
1 5 12
3 6 8
7 11 16
1 3 11
4 7 6
15 16 15
2 6 6
20 0 5
23 0 16
0 3 11
14 18 14
9 12 8
6 10 14
6 9 1
7 9 3
6 10 15
1 2 2
0 1 10
5 7 3
4 6 15
11 15 14
6 8 16
4 7 8
21 1 4
5 9 12
11 13 12
12 15 8
6 9 6
9 12 1
23 1 1
9 13 16
8 11 11
21 0 16
1 5 4
21 0 16
13 15 4
11 14 7
11 14 2
2 3 7
17 19 4
21 1 10
10 13 7
2 6 6
9 11 15
11 14 10
18 20 12
18 20 13
17 20 8
4 4 7
10 13 12
19 22 1
13 15 3
4 7 9
9 12 9
5 8 2
4 7 14
7 11 4
2 5 15
13 16 4
2 3 8
7 11 2
5 8 1
1 6 1
19 22 3
13 18 1
3 6 16
11 15 1
2 5 4
20 22 16
4 6 14
5 9 9
21 2 6
5 7 1
10 12 5
21 1 4
4 6 16
11 14 14
0 4 2
20 22 2
20 0 10
17 20 10
6 11 1
15 19 14
2 4 7
12 15 4
14 18 4
21 0 6
16 20 11
11 11 4
20 22 16
4 7 16
0 3 15
14 18 8
7 9 7
0 2 1
4 7 2
18 21 13
5 9 10
21 1 6
17 18 8
20 23 5
17 21 16
12 14 4
17 21 9
3 5 16
15 18 12
17 21 15
18 21 2
7 11 6
11 15 16
19 21 1
10 13 9
14 16 10
4 7 9
21 0 15
1 5 11
17 21 12
22 23 16
10 14 2
0 3 14
1 4 14
2 6 1
1 5 6
11 14 14
1 5 16
8 13 16
3 5 3
