1800 13
3 5 3 10 2 3 4 9 1 8 10 3 1 
20 23 1
6 8 4
16 17 12
22 1 2
20 23 3
20 2 12
11 12 9
19 23 1
5 7 1
10 13 8
18 21 7
14 17 10
21 0 7
6 9 3
5 9 13
11 12 10
12 16 4
21 0 12
18 20 2
10 13 2
8 12 7
3 4 4
1 3 8
10 13 12
10 15 3
5 5 2
1 5 1
10 13 3
21 23 11
20 22 11
1 3 4
22 1 13
8 12 10
1 5 13
12 15 11
3 7 10
10 12 4
5 8 11
11 13 12
5 8 7
5 8 12
13 17 11
14 17 10
21 23 7
5 8 7
5 7 7
16 18 9
23 3 9
17 17 6
19 22 7
4 6 7
10 12 9
14 17 3
2 5 7
4 7 9
9 10 11
16 19 4
16 19 5
12 14 8
22 0 8
14 18 11
10 12 12
20 0 2
2 5 4
0 3 1
16 19 7
10 13 4
2 5 4
2 7 13
4 7 12
13 17 5
15 16 7
21 2 8
9 10 6
6 11 1
21 1 9
18 20 1
13 14 10
4 8 8
0 4 13
9 12 9
11 15 1
14 19 6
1 5 8
13 14 8
16 17 3
13 15 4
18 23 4
13 15 4
21 0 12
3 4 10
17 20 7
11 16 3
8 15 3
0 5 11
10 14 4
15 19 8
6 7 13
23 1 5
3 6 2
15 18 9
2 4 3
8 12 6
16 18 6
16 19 1
13 16 6
22 2 4
9 11 10
16 21 9
17 21 9
2 5 5
21 22 6
11 14 2
4 7 12
0 3 2
15 19 8
13 15 8
0 5 9
14 16 4
10 12 1
2 4 5
19 21 10
4 6 8
8 11 13
6 7 8
8 10 1
14 16 2
0 1 1
3 6 11
20 23 5
13 15 6
4 6 11
13 17 2
1 6 2
22 1 7
19 0 8
16 17 11
3 7 6
17 19 7
14 16 11
10 13 5
17 20 5
9 12 7
22 2 2
14 16 4
0 4 6
3 8 10
15 18 4
10 15 12
10 14 13
15 19 10
7 11 3
22 2 10
8 10 13
18 20 10
18 20 1
2 6 5
2 5 4
6 9 2
7 11 8
13 17 8
11 14 6
2 4 10
0 4 1
7 10 13
4 8 10
1 5 12
7 10 3
2 4 9
7 12 2
3 7 7
6 9 11
0 3 12
15 18 12
8 11 12
8 11 6
11 14 1
8 10 10
22 1 1
21 0 12
14 16 2
5 9 6
11 15 8
17 20 9
9 12 3
17 20 9
3 5 11
17 21 9
12 15 13
21 0 4
9 11 1
20 0 11
4 8 4
4 7 9
13 16 2
0 3 5
5 9 7
5 9 8
2 5 4
2 3 5
3 6 8
7 9 2
16 19 2
14 16 12
23 1 8
23 1 12
8 12 8
12 15 6
6 10 4
12 14 2
14 18 2
23 4 2
6 8 7
14 16 11
15 16 8
12 14 2
21 1 13
16 20 5
2 6 6
0 3 9
17 20 7
12 16 10
11 13 7
13 14 13
23 2 12
3 6 13
4 7 4
1 4 8
1 3 4
23 2 12
12 16 9
5 7 7
10 14 3
13 15 10
4 6 3
23 0 11
9 12 11
8 10 6
1 5 11
0 3 5
23 3 1
8 10 2
18 20 4
19 22 12
20 0 8
10 13 4
9 13 4
6 8 5
12 15 9
23 0 7
23 2 13
12 15 8
17 18 2
13 15 13
12 15 9
17 19 10
6 8 10
12 14 9
23 2 3
7 8 12
6 8 6
3 5 8
18 19 1
19 23 12
8 10 7
16 19 7
1 5 7
2 6 8
14 17 13
12 15 2
17 22 2
1 5 6
6 10 9
20 22 10
10 11 3
19 21 8
19 22 8
9 12 9
6 9 4
17 18 1
14 15 3
15 19 10
15 20 7
13 17 6
15 19 7
9 12 13
20 23 13
12 15 7
3 6 5
5 8 8
0 2 6
20 22 8
13 16 3
12 16 13
20 0 3
8 9 7
12 16 8
6 10 3
16 20 7
19 22 1
9 12 2
21 1 9
15 18 5
16 19 3
5 11 5
8 12 5
6 11 6
0 3 3
19 22 8
7 10 4
17 19 1
22 1 11
16 20 9
22 3 4
15 18 11
11 13 3
11 14 12
18 21 8
3 6 11
2 3 10
11 14 8
21 0 5
7 9 9
6 8 13
18 21 5
20 1 2
20 21 3
14 17 11
1 3 12
11 15 11
11 12 6
12 14 2
16 19 2
8 11 8
6 10 9
4 7 3
3 5 13
6 10 7
9 13 11
14 17 10
6 9 3
9 11 12
15 20 12
7 9 9
21 0 2
0 4 11
21 0 6
15 18 2
10 14 1
19 22 12
14 18 12
11 14 6
8 11 5
21 1 9
20 23 7
18 21 6
19 21 3
5 8 4
0 2 13
17 21 11
3 7 5
3 7 9
5 8 6
11 14 1
11 12 5
7 9 7
17 19 2
4 7 8
8 12 5
9 10 3
17 22 11
15 18 6
23 2 6
7 10 8
6 9 10
16 18 12
18 21 5
13 16 10
5 10 4
7 8 8
18 21 1
14 18 13
9 12 12
14 18 5
12 15 6
5 9 12
22 1 9
21 23 7
21 0 5
10 13 10
19 0 4
21 0 13
13 16 10
21 0 10
1 6 11
13 15 13
6 8 2
13 15 1
13 17 10
7 9 3
17 20 1
13 16 9
20 1 10
16 19 13
5 8 3
9 11 11
21 0 4
16 19 4
13 17 7
6 9 9
23 1 8
12 15 1
23 2 1
17 19 6
22 2 1
3 6 10
4 7 3
17 20 5
20 0 1
0 4 5
0 3 5
6 8 13
17 19 2
5 10 6
14 18 8
0 3 4
19 22 6
21 23 9
17 19 2
0 3 11
3 4 3
22 0 4
23 3 3
23 1 7
10 12 2
9 13 12
12 15 1
23 3 8
10 12 10
22 1 2
21 0 1
5 6 11
20 23 13
18 21 3
3 7 6
21 0 6
10 13 8
12 16 7
12 15 12
0 2 9
7 12 3
8 10 9
8 12 13
19 23 1
20 21 2
14 16 8
14 18 2
12 16 1
16 20 7
17 20 2
3 5 9
17 21 12
18 20 11
16 17 2
4 8 2
1 4 12
20 23 12
17 22 8
5 9 9
6 8 4
3 5 11
5 6 5
5 6 10
4 7 11
22 1 12
10 11 5
13 17 5
21 23 3
12 15 12
0 4 7
16 16 2
23 2 13
13 15 4
23 3 12
15 17 2
16 20 9
12 15 12
18 20 11
13 17 5
2 5 11
23 3 13
15 17 9
11 13 4
7 9 12
2 6 8
2 5 6
10 12 1
0 3 3
5 8 10
21 23 1
20 1 13
20 21 13
3 7 6
20 0 11
17 19 10
19 22 6
21 0 11
11 13 10
23 3 11
4 8 9
15 19 2
7 10 7
10 12 3
1 3 4
20 23 3
3 8 5
9 13 13
5 8 13
11 14 5
4 7 10
9 16 3
20 23 11
10 13 6
2 6 5
10 13 11
3 4 2
9 12 4
0 4 12
7 12 13
7 9 12
19 23 9
18 21 2
3 6 2
17 20 1
15 18 9
21 23 3
9 13 7
12 16 7
0 3 6
8 14 5
22 0 2
1 5 11
5 8 1
10 12 2
1 5 8
5 7 5
18 21 9
20 23 12
8 10 3
3 3 3
22 1 2
3 7 12
2 4 7
1 3 3
19 22 12
7 10 10
16 20 1
11 14 7
20 22 10
7 10 5
19 22 3
3 6 1
23 0 12
19 22 5
16 18 2
14 16 12
12 15 13
5 10 12
18 20 3
9 12 13
7 8 1
10 12 3
10 13 2
2 5 10
20 0 3
15 17 5
14 17 8
11 14 10
20 0 9
5 8 12
0 2 5
19 23 5
19 21 5
4 8 3
15 18 3
5 8 13
15 17 11
20 23 12
6 7 9
1 4 11
10 14 3
15 19 4
22 2 12
9 12 4
17 19 6
10 13 13
22 0 1
0 2 4
22 2 10
20 22 7
15 17 6
9 11 1
13 15 2
1 3 5
12 16 9
17 19 4
10 13 9
0 3 9
15 19 1
11 13 2
13 16 13
10 12 8
6 9 2
17 19 13
13 15 9
12 15 13
18 23 6
17 20 4
21 0 5
20 23 3
20 23 13
18 22 11
9 13 13
8 11 5
0 4 13
17 19 9
14 17 12
20 22 2
14 16 8
10 13 7
22 0 3
8 10 2
11 14 8
9 12 12
16 18 9
19 22 12
17 21 2
19 19 4
12 18 9
1 2 8
9 13 4
9 12 4
5 8 3
2 5 9
6 8 9
23 1 13
21 23 4
2 4 7
11 14 1
17 21 13
10 14 1
8 12 1
15 19 5
3 5 2
5 8 2
13 17 7
12 12 2
1 5 13
1 4 1
9 12 3
2 4 1
17 21 9
2 5 5
22 2 1
8 11 4
19 22 1
5 9 2
2 5 3
16 19 10
2 5 8
14 17 11
0 5 4
15 17 7
9 13 7
9 10 4
22 0 7
14 16 6
18 21 11
22 2 13
0 3 7
3 5 12
19 22 4
0 2 10
18 20 3
8 11 6
0 4 10
15 18 2
19 22 9
13 15 8
11 14 9
17 20 5
3 7 4
10 12 1
19 22 10
3 6 13
12 14 13
11 15 1
4 6 1
17 19 7
14 14 1
4 9 11
6 9 7
7 10 12
14 18 5
15 18 1
5 9 1
12 16 10
2 3 11
9 12 1
11 12 9
2 7 5
16 19 4
10 12 3
12 16 13
8 11 2
14 19 7
8 10 8
5 8 11
4 5 3
16 18 1
0 4 8
21 0 9
12 16 10
14 19 3
15 18 4
9 13 13
21 0 8
7 10 10
12 15 8
12 16 2
13 16 9
11 13 4
14 17 5
23 0 7
12 16 8
13 16 8
13 17 7
17 21 3
12 16 5
4 9 13
0 2 1
19 23 2
4 6 2
7 9 8
15 17 6
14 17 4
8 10 7
2 6 1
21 23 1
23 0 12
5 8 7
13 15 13
16 19 5
23 1 4
2 6 8
21 0 12
21 1 2
10 14 5
22 2 6
20 22 6
23 3 2
21 0 10
6 7 2
12 14 9
4 6 10
17 20 5
7 11 5
13 15 10
19 22 10
10 13 1
18 20 4
15 19 3
8 9 9
9 12 8
22 1 12
1 4 12
17 21 10
11 16 12
10 14 4
13 17 10
4 7 9
17 18 10
2 6 13
17 20 4
16 20 2
23 2 9
13 16 1
14 18 11
10 12 11
18 22 3
3 8 13
16 19 1
0 3 1
7 9 2
13 15 11
8 10 12
2 6 4
4 8 3
15 16 9
7 11 4
6 8 5
19 23 5
1 4 7
10 13 4
6 8 5
16 19 11
2 4 9
3 5 4
20 22 4
10 13 9
1 3 2
10 13 4
21 1 8
8 12 13
9 12 1
11 15 12
9 13 1
13 17 11
6 9 7
21 23 6
16 17 6
6 10 2
15 18 1
23 3 4
8 12 9
4 7 8
2 6 1
16 18 2
9 13 9
4 6 7
8 12 12
14 17 1
18 21 12
9 11 10
9 11 8
16 17 2
11 15 10
19 22 7
15 17 7
14 17 10
17 21 7
17 21 5
18 22 9
22 0 5
3 5 13
18 19 9
13 16 8
7 9 7
12 14 13
23 2 7
11 14 7
15 20 6
1 5 8
5 9 3
23 1 4
17 21 6
12 15 10
22 1 12
21 0 5
4 7 13
1 6 8
0 3 13
11 14 10
5 7 4
0 4 4
14 17 11
23 2 3
18 21 9
18 21 7
13 18 8
18 20 12
11 14 9
11 17 12
8 10 5
5 8 3
0 4 10
6 10 8
3 9 10
5 8 8
4 4 9
18 21 5
1 3 3
12 16 11
23 3 9
23 2 7
19 22 13
19 22 10
13 17 3
17 19 6
5 7 5
14 18 6
18 21 11
3 7 12
9 14 12
22 1 4
18 21 2
12 14 6
0 4 1
4 8 1
1 3 1
8 11 13
13 17 7
4 9 4
1 4 7
1 4 8
22 1 9
10 14 9
9 13 4
3 5 4
8 13 5
12 15 6
17 20 2
9 13 1
14 20 13
17 21 7
14 17 3
10 12 11
22 1 9
22 1 2
1 5 6
13 18 13
5 8 12
12 15 4
12 15 4
16 18 8
3 6 6
12 14 7
14 16 12
12 16 12
6 9 3
15 20 7
7 11 9
8 12 1
17 18 11
21 1 4
11 14 12
18 20 13
13 16 10
10 11 2
14 18 10
11 14 4
11 13 13
5 8 9
14 16 13
18 20 9
21 23 4
13 15 8
19 20 9
0 4 8
6 9 10
12 16 7
11 14 10
2 7 7
17 19 7
14 17 9
22 1 1
12 15 11
1 4 7
18 21 13
6 8 8
7 9 4
16 20 10
0 3 11
2 6 4
15 16 10
5 8 11
9 12 6
6 9 2
11 14 7
3 6 10
19 23 9
2 7 6
3 3 7
10 13 2
6 9 11
21 2 11
16 18 12
16 19 2
7 12 13
21 1 6
19 22 4
9 12 3
8 11 3
6 9 8
13 15 3
10 12 1
7 10 1
3 7 13
23 2 2
1 2 4
5 8 11
23 2 9
15 19 4
20 23 9
10 10 5
4 7 2
9 12 5
11 14 1
8 9 7
23 2 13
13 17 3
1 4 4
10 13 12
4 8 2
11 13 5
19 22 13
16 19 11
9 12 6
7 12 1
8 11 7
17 20 5
15 16 11
4 7 13
19 22 6
10 13 3
22 23 7
2 5 4
10 14 3
15 18 8
12 15 5
19 22 10
14 16 11
11 13 11
1 4 1
20 1 13
15 16 12
1 3 6
5 7 5
20 22 8
2 6 7
19 21 12
18 22 6
3 7 1
9 11 12
22 1 11
16 18 5
0 3 12
18 20 10
10 14 5
17 19 5
10 13 2
14 16 1
23 2 7
9 10 12
13 15 12
12 15 13
10 12 9
23 3 10
15 17 5
5 8 2
19 23 10
10 13 9
11 14 1
18 21 3
22 1 6
12 15 9
19 22 13
22 1 10
21 1 12
0 2 10
0 2 5
6 7 4
10 14 2
22 2 5
19 21 5
17 20 12
23 0 6
19 22 1
20 0 1
0 1 5
16 18 5
18 22 8
16 19 7
13 16 13
0 4 1
7 10 6
22 1 12
10 14 2
6 8 11
20 0 9
10 13 3
8 11 2
5 8 4
5 7 1
2 7 2
21 0 2
9 13 12
11 13 3
13 15 4
20 23 12
6 9 4
8 11 5
1 5 12
20 22 5
20 1 12
21 0 3
11 13 6
0 2 11
2 6 12
20 23 12
20 22 6
13 15 13
5 10 12
10 12 11
5 9 8
4 6 8
12 15 9
7 10 9
0 3 11
4 6 5
0 3 8
7 9 5
14 17 7
15 16 5
19 22 10
13 16 8
22 1 1
4 7 7
5 9 12
16 20 11
1 4 8
17 20 5
16 19 6
8 11 9
9 12 5
8 9 11
14 17 5
11 13 3
2 5 5
5 7 8
19 23 13
14 16 13
1 3 5
2 5 7
22 1 5
1 4 8
9 14 5
1 5 4
14 16 12
14 19 3
12 15 11
15 17 9
21 23 10
12 12 1
3 5 3
13 15 1
8 11 1
13 15 8
3 6 9
9 11 10
20 23 4
15 19 8
5 9 12
14 18 7
16 18 6
14 17 12
0 3 2
0 3 6
7 9 13
1 4 2
0 3 11
7 10 4
14 17 3
19 22 9
9 12 5
18 20 10
16 18 6
2 4 2
9 11 1
11 13 13
13 16 9
20 0 12
11 13 6
23 2 12
16 18 4
17 21 10
9 12 7
13 16 5
15 17 8
20 0 7
11 15 12
5 8 13
18 21 9
23 3 4
22 2 6
20 22 3
12 14 1
21 22 2
11 15 8
8 11 9
0 4 9
19 22 1
8 10 6
20 0 8
9 13 4
16 17 10
11 15 7
23 1 7
3 6 12
0 4 11
5 7 5
20 22 3
11 15 12
7 11 9
22 0 11
9 14 11
15 18 4
22 2 8
14 17 12
6 8 13
5 7 9
17 21 13
4 8 9
16 16 1
3 6 6
10 12 2
20 23 2
11 14 13
16 18 9
12 15 6
11 11 8
1 5 2
6 9 2
9 11 9
5 6 11
23 2 9
14 15 3
0 4 5
16 22 5
18 21 13
0 2 12
19 20 5
18 22 12
4 8 10
3 6 13
8 12 5
23 3 6
2 3 4
13 17 12
18 20 3
6 9 12
11 14 13
5 9 10
10 15 2
23 1 5
11 13 3
11 12 4
20 21 1
0 3 2
23 3 4
17 20 13
6 10 3
1 3 8
1 4 3
13 17 10
12 15 9
21 0 3
3 6 3
20 22 10
16 19 11
1 4 12
3 6 11
15 18 12
4 6 7
15 19 1
19 21 8
0 3 11
20 0 13
12 15 13
5 8 9
10 13 3
5 8 4
18 23 13
10 13 8
7 9 1
3 7 8
11 14 4
22 1 2
2 5 8
19 22 1
15 18 9
16 19 13
23 1 11
11 14 8
21 2 2
23 2 4
20 21 11
14 18 1
18 21 4
18 21 13
12 17 10
9 12 5
11 13 12
20 22 6
3 7 2
17 20 4
21 23 9
19 21 3
21 1 13
18 21 8
1 4 2
4 7 8
16 21 4
16 18 11
9 13 4
10 12 11
0 2 5
2 4 8
23 2 10
9 13 11
4 5 4
2 3 12
21 0 8
20 23 13
23 3 9
16 19 8
23 1 6
4 7 2
20 23 8
4 6 4
0 1 7
8 11 7
20 22 13
1 4 13
16 19 10
3 6 4
9 15 5
13 17 4
0 2 2
21 2 11
3 5 9
0 2 8
1 4 13
15 18 11
0 3 12
0 2 11
1 4 10
10 12 2
2 4 9
5 10 3
13 15 4
22 2 9
19 22 9
13 14 2
15 16 12
23 2 10
23 2 8
17 20 10
2 3 8
8 11 4
23 3 13
10 12 11
8 11 8
13 16 12
8 12 11
23 3 4
14 17 3
23 1 5
23 2 1
19 20 13
7 10 6
21 0 13
15 16 9
13 17 13
14 17 8
23 4 4
9 10 9
12 13 5
19 22 13
1 3 6
18 21 3
2 6 4
16 18 8
20 23 13
5 8 5
22 1 9
2 3 6
10 13 11
7 10 11
0 3 9
2 5 9
19 20 12
12 17 5
16 20 3
13 16 11
17 20 7
6 8 13
0 1 5
22 0 6
11 14 3
20 1 7
4 8 12
3 7 5
4 8 3
10 14 3
13 15 8
0 1 2
0 3 8
18 20 9
22 1 11
7 10 9
6 8 7
21 1 4
11 14 6
17 20 8
7 9 12
2 5 10
22 1 13
13 15 10
17 18 13
14 18 8
6 8 8
5 9 6
16 19 3
20 22 12
3 6 6
17 19 8
17 21 11
17 19 2
4 7 8
1 5 9
20 23 13
14 18 3
5 7 3
6 10 12
22 4 5
2 5 3
7 9 1
18 20 6
21 0 3
2 4 12
2 6 10
22 1 10
21 1 6
15 18 8
1 3 7
23 2 3
5 9 4
10 13 10
9 12 12
18 19 4
21 0 7
23 2 3
14 17 11
9 11 1
16 19 4
6 8 5
6 9 9
4 6 11
4 5 4
23 3 10
9 13 1
6 9 2
10 12 3
9 13 6
18 21 4
20 23 8
3 3 7
0 3 7
7 9 6
22 0 8
6 7 2
8 13 8
12 15 1
17 23 1
21 2 10
17 16 10
8 11 11
16 21 8
14 16 10
8 11 10
16 20 4
7 11 11
6 9 12
14 19 5
20 23 7
18 21 5
13 16 3
7 10 5
8 10 10
20 23 10
16 20 12
4 7 8
17 21 10
12 14 7
22 2 6
14 17 3
11 14 5
21 22 3
13 16 8
13 15 7
7 11 4
10 13 12
2 6 9
23 2 11
23 2 1
10 12 3
21 1 2
18 21 7
23 1 12
8 9 13
22 1 6
10 11 5
6 10 11
4 8 12
4 7 11
6 8 11
10 12 4
8 13 2
15 20 12
3 5 3
2 5 2
6 8 4
0 2 11
1 3 4
16 19 9
20 23 8
20 23 13
20 20 4
1 3 1
4 8 4
4 6 13
23 2 5
15 18 13
7 9 11
17 22 3
7 10 12
14 17 11
16 20 5
18 21 8
19 22 8
22 3 8
23 2 12
2 4 11
4 7 8
13 16 3
9 12 13
3 6 4
5 9 5
12 14 2
19 22 5
5 9 5
0 3 12
21 1 5
5 6 5
0 2 8
14 16 13
20 0 10
9 11 3
23 23 4
21 0 5
14 17 2
21 1 3
16 19 12
13 15 3
8 11 8
19 23 9
8 11 12
5 7 5
23 1 9
19 21 12
18 21 1
20 23 5
12 15 4
2 5 7
21 1 2
16 19 5
22 2 12
3 6 4
23 1 8
6 7 7
21 23 10
0 2 11
14 17 4
21 22 3
4 7 12
17 20 10
6 9 12
21 0 9
23 2 11
18 23 4
12 14 2
5 8 12
3 4 7
21 1 11
8 11 12
23 4 1
12 15 4
4 5 12
11 14 6
20 22 8
19 22 10
22 2 11
4 7 4
17 20 9
18 21 12
18 21 10
6 8 2
20 22 7
12 16 10
6 7 13
16 19 11
1 2 7
21 23 10
18 20 4
6 11 2
17 20 3
11 13 12
21 0 12
18 18 9
1 4 4
9 12 11
18 21 11
7 12 9
3 8 6
6 8 12
2 4 12
6 10 2
5 8 4
21 23 2
21 23 4
6 10 8
14 16 13
11 13 13
3 6 11
19 22 7
23 2 4
5 8 2
5 6 4
3 6 11
18 21 12
6 7 1
19 23 8
23 4 5
10 13 8
0 3 13
10 13 3
12 15 2
23 5 8
1 4 6
4 6 8
13 15 11
10 13 3
1 5 12
3 6 3
13 16 11
0 2 9
17 22 1
14 17 4
11 13 4
23 3 3
21 1 6
16 21 8
14 19 8
23 1 6
14 15 13
0 5 9
13 17 11
14 17 11
1 6 13
4 6 11
19 22 12
0 3 8
19 22 2
9 12 5
13 17 2
1 4 12
3 7 12
15 18 13
6 8 6
6 9 13
0 2 5
2 5 2
16 19 11
19 23 8
18 22 4
11 14 7
10 14 2
9 12 12
15 17 5
1 4 1
13 15 4
13 16 7
13 15 2
12 16 3
4 7 10
14 17 6
17 21 7
7 10 12
4 8 9
22 0 13
3 7 13
3 7 10
16 19 11
6 8 7
5 9 6
4 8 6
12 15 12
12 15 13
8 10 13
12 15 7
21 1 2
17 20 12
17 21 13
15 17 2
7 9 12
21 0 1
16 19 10
1 4 5
6 9 11
18 22 12
13 15 9
21 0 2
3 3 6
16 19 12
13 14 5
15 20 8
3 7 12
13 16 6
19 0 10
21 1 3
9 11 11
4 7 4
15 19 4
16 18 11
14 16 10
21 0 8
8 12 9
20 23 5
17 21 12
5 8 6
12 14 13
17 19 12
6 9 11
12 15 12
23 0 8
6 9 6
8 9 5
10 13 5
1 2 3
8 10 6
22 2 8
15 20 10
7 9 13
3 7 4
4 8 7
1 5 9
5 9 1
8 10 2
3 6 1
8 12 5
19 21 11
8 13 12
13 17 12
13 16 2
7 10 1
21 23 3
5 6 2
11 14 13
14 18 10
11 14 5
5 8 4
20 22 11
23 2 5
17 22 2
14 18 5
7 10 3
22 2 5
4 7 6
10 12 7
15 18 7
13 17 8
1 4 9
22 2 10
16 19 4
13 17 7
1 4 8
3 6 8
7 11 8
12 14 7
15 19 5
2 7 10
10 13 6
13 16 9
13 17 7
3 7 3
5 7 3
16 19 5
3 7 8
21 0 1
18 20 7
10 13 2
15 19 4
7 12 4
18 20 6
3 5 9
23 3 13
21 0 3
14 17 1
15 19 7
