250 13
4 8 5 10 1 4 7 4 3 10 1 5 1 
3 5 13
16 18 7
8 10 8
16 20 5
13 16 5
6 9 13
6 9 8
21 22 1
2 4 5
15 18 10
16 19 10
22 1 6
15 19 3
12 15 10
9 11 4
11 15 7
16 17 2
1 3 1
15 18 7
9 13 3
6 8 12
7 10 2
2 7 10
7 12 6
3 6 8
5 10 7
3 5 5
21 1 13
8 13 12
18 21 8
0 3 5
15 17 3
10 13 11
11 13 12
1 4 6
11 14 7
21 0 12
3 7 6
23 3 13
3 6 10
17 19 6
14 16 2
0 2 11
18 20 8
12 15 11
4 6 13
19 21 1
8 9 6
1 6 2
20 22 11
11 14 9
4 8 2
17 19 13
16 20 7
10 11 13
15 17 7
6 9 2
14 16 11
18 22 13
16 18 3
7 11 6
18 21 6
12 15 4
19 21 2
21 2 5
4 7 5
22 0 2
19 21 8
23 1 10
5 9 10
6 11 12
10 12 9
1 5 7
13 15 11
20 23 7
1 6 3
13 18 6
13 16 2
22 1 9
12 17 3
15 17 11
8 12 7
0 3 2
6 9 1
8 11 5
3 6 9
13 16 12
8 12 4
20 23 3
8 11 3
4 6 9
18 20 8
9 12 3
18 21 5
16 19 2
0 1 4
11 12 1
5 8 5
10 14 13
8 10 3
7 10 6
15 17 5
21 0 1
10 13 2
18 21 2
3 6 8
12 16 1
7 9 4
17 18 2
18 23 5
0 3 6
0 2 9
0 3 3
9 14 3
0 1 1
2 4 3
21 2 8
19 22 13
10 13 1
20 0 11
14 18 1
0 3 1
22 2 8
16 20 12
9 14 10
23 2 4
19 0 10
16 17 7
0 2 9
17 20 10
4 7 3
18 23 12
5 9 10
14 16 4
0 3 1
14 15 11
12 15 9
14 18 2
16 21 5
11 13 3
7 10 8
6 8 9
6 10 9
13 18 1
6 9 4
8 11 4
16 20 8
0 2 13
1 6 7
2 6 6
10 14 13
6 11 11
22 1 1
5 9 9
21 23 2
2 5 12
2 5 1
7 9 12
16 20 3
14 18 11
12 16 10
4 6 5
5 7 1
13 16 1
18 22 1
16 19 1
16 20 7
6 9 13
7 9 3
0 5 11
0 2 10
13 16 4
22 2 13
13 16 5
3 6 4
17 19 7
15 19 10
0 2 3
14 17 4
2 6 3
14 19 8
7 11 5
2 5 4
4 6 12
16 18 12
23 4 1
10 13 5
1 4 8
23 2 3
18 21 12
23 1 5
17 20 5
5 8 13
13 16 12
7 10 8
7 10 11
22 0 5
6 9 4
20 0 8
2 5 1
8 11 11
1 4 5
3 6 5
15 19 6
8 10 7
10 13 3
7 8 5
18 20 11
2 5 2
3 6 3
14 15 2
12 15 9
20 23 3
6 10 2
21 1 2
3 7 6
0 5 7
15 17 8
19 21 3
13 16 9
21 1 4
3 7 7
18 22 13
2 6 5
6 9 13
12 15 12
7 8 6
18 21 10
6 9 7
9 12 6
21 22 1
23 1 10
7 12 8
22 1 7
12 15 13
0 5 5
18 21 2
8 11 5
18 22 11
16 20 6
18 22 10
3 7 11
2 5 3
22 3 11
4 7 10
11 14 11
7 10 13
20 23 13
0 4 4
18 22 8
