800 10
10 4 7 5 7 8 8 7 1 10 
9 11 6
18 21 1
23 2 10
14 18 10
16 20 4
22 0 4
4 7 9
9 13 1
17 21 7
19 0 4
7 8 5
9 13 9
17 20 2
4 7 10
22 0 4
2 5 5
15 18 8
13 17 6
14 16 5
4 6 7
17 19 6
19 22 6
11 15 9
1 4 9
15 18 3
17 20 2
2 6 2
16 18 4
1 3 9
14 17 3
9 10 1
5 7 7
1 4 9
2 4 4
16 21 5
18 19 5
1 3 7
2 4 1
6 8 4
2 5 10
10 13 9
19 23 7
18 20 1
11 15 3
15 18 5
9 12 8
15 19 7
10 14 4
13 16 6
5 8 10
20 23 4
1 5 1
5 9 8
14 16 6
12 15 2
16 20 8
11 14 6
12 14 1
21 0 1
16 19 2
17 19 5
18 22 1
23 3 5
19 23 8
10 13 3
0 4 10
7 10 4
10 13 8
2 5 10
9 11 5
7 11 4
20 23 8
8 12 2
13 16 5
4 7 9
11 14 1
5 8 1
15 18 9
23 1 9
17 19 8
20 23 7
23 2 10
11 14 10
13 16 10
22 0 4
6 11 9
13 15 2
14 15 7
10 15 6
11 14 10
17 20 5
16 21 8
16 17 3
3 6 4
18 21 9
18 20 5
5 8 9
13 18 5
13 16 10
8 12 9
6 10 9
5 7 8
15 17 10
15 18 8
8 10 4
9 14 6
10 13 3
16 20 7
4 8 1
10 13 5
1 3 5
3 6 9
22 1 7
17 21 5
14 16 7
0 1 5
2 5 7
2 7 10
18 23 6
3 5 9
13 15 5
18 19 5
15 18 6
18 21 3
1 5 4
23 3 7
17 21 1
17 21 4
3 5 3
6 10 7
14 17 8
6 8 3
21 1 7
16 18 3
20 0 4
4 8 9
1 3 8
8 11 2
0 3 6
11 15 5
2 5 7
5 8 5
7 10 6
3 5 1
4 8 9
14 19 2
15 17 5
15 16 5
19 21 4
8 11 10
1 3 5
18 21 2
8 11 7
17 19 10
13 15 2
13 16 8
16 19 10
4 8 1
6 9 8
14 17 5
6 9 10
5 7 6
2 5 6
8 12 10
22 2 3
19 21 3
6 11 7
10 13 4
8 9 7
19 23 5
16 20 8
9 11 3
13 15 10
5 8 10
10 13 8
16 18 6
11 13 2
0 2 10
12 16 2
6 10 1
14 19 1
12 13 4
21 0 8
21 2 9
8 10 5
11 16 3
13 16 1
20 22 7
13 17 4
18 20 6
21 2 1
1 4 10
13 16 8
5 7 4
9 13 9
20 0 8
22 1 4
3 6 9
19 22 8
18 22 3
5 8 9
14 17 2
7 10 7
13 15 4
1 1 8
13 15 7
14 17 10
21 0 7
18 22 4
16 18 7
7 10 2
8 11 1
12 16 8
22 23 9
2 4 9
12 15 1
3 5 6
11 14 3
6 10 8
2 5 8
4 7 7
4 7 3
0 3 1
9 12 8
19 23 3
0 4 7
5 9 8
4 6 5
23 4 2
11 12 3
15 16 5
4 8 5
14 18 9
14 19 10
4 7 8
3 8 5
7 10 1
21 23 3
15 19 10
14 19 1
20 1 7
10 11 9
1 4 9
11 14 10
9 13 10
21 1 10
15 19 7
0 4 5
6 9 6
19 21 5
0 3 6
2 3 4
10 14 9
14 16 10
23 4 4
14 18 5
17 20 2
19 23 1
4 7 3
5 7 6
9 11 9
14 19 4
2 4 1
13 16 3
20 21 7
23 1 5
3 5 9
13 15 7
8 10 3
10 14 9
21 0 7
20 0 6
15 18 3
0 1 8
18 21 3
13 16 2
8 11 10
14 18 10
2 4 6
11 15 8
1 4 6
0 4 7
7 10 6
15 19 1
21 1 6
3 6 7
22 0 8
14 17 1
22 0 6
15 18 5
19 23 1
10 13 10
9 14 5
15 17 3
12 15 5
15 17 5
5 7 2
20 23 4
4 8 3
7 9 5
15 18 3
2 5 5
16 20 10
10 16 4
14 17 4
11 16 3
5 7 4
17 20 3
11 14 10
19 22 5
0 2 4
8 13 3
15 19 6
11 14 6
14 16 5
18 21 3
21 2 1
11 15 6
3 6 7
23 3 1
2 8 4
9 11 5
22 2 2
3 7 10
23 2 8
0 3 2
16 20 2
22 0 4
4 8 4
1 5 9
4 8 3
17 20 1
15 20 9
4 7 9
6 8 9
18 21 3
10 14 5
9 13 1
5 8 9
21 0 8
22 1 6
16 19 2
7 10 9
4 5 10
5 8 8
20 0 9
1 5 10
8 12 7
9 13 1
4 7 6
22 2 6
12 14 6
16 18 1
0 5 3
22 2 2
20 22 2
4 8 6
8 9 8
3 5 5
13 15 5
23 2 9
9 13 9
12 15 7
22 1 2
15 19 9
14 16 8
18 20 8
0 2 9
11 14 8
9 14 6
0 3 5
11 15 5
14 18 4
17 19 4
5 8 3
13 17 5
19 20 1
22 0 7
23 1 6
5 8 1
4 7 2
11 15 1
7 9 5
6 10 4
19 22 9
5 8 7
4 6 1
4 9 7
1 4 4
0 3 8
22 0 9
21 0 1
8 10 7
6 7 10
3 4 10
20 22 4
3 5 3
10 14 9
19 23 2
22 1 6
13 16 6
5 8 5
0 2 6
20 23 5
20 0 1
5 9 6
7 10 7
15 20 6
10 12 3
16 19 2
9 11 6
11 15 7
2 3 4
11 13 10
15 18 1
19 22 9
13 15 2
10 13 2
14 15 10
2 6 9
22 1 1
6 8 2
0 6 7
1 5 9
6 10 6
2 6 8
21 0 10
8 12 7
3 7 7
8 10 4
17 21 3
10 12 6
1 5 7
20 22 3
21 22 3
18 23 4
13 16 8
15 15 9
21 0 1
14 18 9
3 5 2
8 10 6
11 16 7
6 9 9
0 4 6
8 12 5
18 20 9
5 8 2
22 2 4
6 10 5
20 1 5
7 9 4
7 9 8
23 3 4
4 7 6
21 23 8
13 17 1
7 11 8
23 4 10
7 10 6
13 16 6
12 16 2
18 23 3
14 17 5
13 17 5
23 2 9
13 14 3
0 4 10
1 3 1
21 0 5
12 13 5
22 1 5
22 1 10
1 4 6
5 7 10
21 23 5
10 13 5
1 4 7
1 3 2
10 14 5
23 0 9
7 9 5
22 1 9
14 16 1
17 22 6
1 4 10
22 2 10
16 20 6
15 20 9
18 20 9
1 4 5
4 7 1
6 9 7
6 8 6
15 18 2
4 7 3
7 10 8
8 11 2
8 12 1
14 17 2
7 8 5
23 3 10
6 8 2
15 16 5
16 19 2
5 8 1
22 2 3
23 1 10
19 23 2
9 13 3
23 2 7
7 9 7
10 13 10
12 15 10
11 12 3
7 11 10
18 22 4
14 17 6
7 9 7
22 1 9
15 18 8
8 11 5
21 0 2
14 16 8
2 5 1
19 23 9
2 6 3
3 6 6
10 15 6
14 18 1
6 8 5
20 1 4
17 19 8
14 17 2
8 10 9
9 11 4
15 17 1
7 11 9
3 6 4
22 1 8
0 2 4
1 4 2
8 13 9
23 2 5
3 6 5
12 16 9
2 6 4
21 1 2
2 7 2
7 9 10
5 9 3
5 5 4
10 11 3
11 12 2
16 19 6
14 16 8
13 15 5
10 13 5
15 18 6
2 5 8
10 13 7
4 6 1
7 11 1
9 14 1
0 3 3
16 19 7
10 13 3
23 2 10
1 5 3
3 6 9
15 18 9
1 2 3
2 3 10
19 22 5
8 10 2
21 1 3
4 7 9
18 22 10
2 4 4
2 6 7
11 15 7
20 0 4
19 21 8
13 14 6
21 0 9
2 4 5
21 0 3
5 8 1
3 7 8
14 17 1
4 7 2
18 19 2
2 4 6
12 14 3
12 15 8
0 3 3
0 2 7
16 19 1
5 8 2
18 23 6
4 5 9
10 14 9
1 4 2
8 9 2
3 6 4
7 10 8
4 6 9
2 4 8
21 2 10
21 1 2
13 16 5
6 9 2
16 18 6
2 5 2
2 6 8
8 11 6
6 9 6
16 19 9
9 11 1
1 4 10
22 0 9
4 6 3
7 9 3
3 7 4
9 12 5
1 5 8
13 15 4
20 0 5
18 20 10
15 18 9
16 20 3
20 1 5
23 1 4
17 20 10
5 9 2
21 0 9
17 19 4
1 3 9
3 8 6
7 9 7
20 22 9
23 2 5
6 7 2
10 12 6
17 20 9
8 12 2
19 23 10
4 7 5
23 3 4
6 9 2
15 19 5
21 23 8
16 18 5
8 10 3
11 14 9
11 15 3
6 7 3
2 5 2
20 21 5
23 5 9
12 15 1
0 2 10
22 1 8
4 8 6
5 8 1
22 2 9
9 10 2
16 20 9
23 3 6
17 19 1
22 1 4
3 4 8
6 10 6
3 6 2
22 1 5
17 21 5
12 14 4
15 18 5
14 17 8
22 0 1
4 7 6
0 4 9
11 16 4
11 12 8
20 22 9
10 14 5
23 0 8
1 3 2
4 7 1
15 17 3
12 16 1
13 16 7
9 14 4
22 1 6
16 20 9
5 8 7
18 22 1
2 3 5
6 9 6
11 14 7
11 15 2
17 20 2
20 22 3
15 16 3
8 11 9
20 23 9
1 6 9
19 21 1
16 18 8
1 6 8
9 11 6
13 15 9
22 1 6
20 0 3
8 9 8
19 21 3
20 23 10
7 9 3
19 21 5
9 12 3
18 20 6
7 6 8
10 11 5
5 10 8
23 2 1
0 3 7
19 22 4
17 21 6
22 1 2
4 6 9
1 5 3
15 18 8
7 11 4
18 21 9
8 11 6
3 5 8
6 9 6
14 15 7
16 18 10
2 4 10
15 17 1
16 19 7
18 23 3
12 16 6
16 19 1
8 11 9
9 12 8
11 14 5
7 9 3
22 1 5
6 8 3
21 23 5
16 20 6
21 23 10
14 18 1
3 6 2
21 1 1
11 14 9
15 20 10
5 8 3
7 8 7
7 10 2
14 17 3
0 2 3
18 21 2
17 20 8
12 16 1
11 12 4
20 23 1
5 8 5
19 22 9
4 6 5
12 16 6
18 21 2
5 8 10
17 22 4
17 19 2
7 11 1
11 14 5
21 1 5
22 1 6
5 7 3
21 1 4
0 3 7
8 13 7
13 17 7
20 1 7
21 1 4
13 17 1
18 19 8
16 18 10
23 3 2
9 12 10
1 4 5
1 4 3
12 14 1
14 17 9
17 21 10
14 15 9
0 3 5
