1450 10
9 5 4 9 7 3 2 1 3 9 
19 21 8
17 20 5
1 4 8
21 0 7
2 5 2
6 10 6
2 4 5
7 9 8
19 23 4
12 15 4
17 19 2
13 17 7
13 16 1
21 22 9
2 6 3
7 10 2
12 15 7
13 16 9
3 9 6
11 13 10
10 13 3
16 19 7
14 18 4
23 2 10
0 5 3
5 7 1
15 18 3
6 7 2
12 13 1
18 21 8
14 16 2
6 8 8
22 0 1
6 8 10
17 20 5
21 0 2
20 0 2
8 11 10
8 9 9
3 7 8
23 2 4
4 8 8
23 3 1
15 18 2
1 4 3
15 18 6
17 20 9
23 2 3
17 22 2
10 13 9
18 22 6
9 13 10
16 19 1
14 18 5
5 8 5
8 9 10
15 19 3
16 20 9
14 17 4
19 0 3
19 20 6
2 3 1
13 16 8
12 15 4
9 12 6
18 21 2
14 17 8
11 14 5
3 6 7
4 5 1
18 20 8
1 3 8
15 18 9
3 6 6
18 22 7
22 1 7
7 9 9
20 21 6
17 19 9
3 4 2
13 15 1
5 7 4
5 9 3
9 12 3
4 8 3
17 19 10
19 22 3
0 4 10
20 1 1
9 13 5
8 11 9
2 4 4
9 11 6
13 16 2
11 16 8
7 10 9
18 20 8
20 22 6
16 18 2
12 15 6
1 2 10
11 14 5
18 20 4
0 4 3
4 7 7
12 15 8
6 8 7
8 11 8
0 4 10
19 23 9
19 22 3
5 8 6
16 19 4
20 23 9
0 4 1
21 1 7
4 8 2
20 23 4
7 10 7
13 17 4
23 3 2
14 18 5
15 17 3
0 1 7
20 0 9
4 7 9
20 22 10
20 23 1
6 10 3
22 0 2
0 4 1
13 16 1
8 11 7
16 18 1
13 16 4
3 4 10
10 12 1
20 23 7
14 18 8
8 12 7
17 20 3
6 8 6
2 3 8
22 2 9
22 23 2
0 3 8
11 14 2
9 13 6
17 18 2
10 12 8
22 1 4
19 22 4
9 13 1
7 9 2
2 4 10
20 0 7
11 13 3
14 18 9
4 7 7
0 2 4
8 12 3
18 21 7
5 7 6
13 16 10
11 15 6
14 18 8
15 16 8
0 2 2
10 13 10
1 3 4
21 1 7
15 16 5
8 10 7
12 17 10
6 10 7
8 10 4
21 1 1
20 1 2
4 7 2
21 0 10
3 5 3
12 15 10
11 13 9
1 4 7
8 11 8
21 0 2
17 21 8
15 16 6
13 17 9
7 11 10
23 1 5
3 5 5
4 7 9
1 4 1
12 15 5
0 4 2
19 22 7
20 0 7
14 17 8
6 10 9
1 6 4
4 7 4
1 3 10
8 10 4
21 1 10
19 22 5
14 16 2
7 11 1
12 15 10
19 23 10
16 18 5
20 23 4
13 16 3
17 21 8
18 20 8
20 22 8
19 22 1
14 17 7
8 11 10
17 20 7
0 3 6
5 8 4
21 0 6
20 22 8
8 10 1
2 6 8
15 18 7
20 23 9
0 3 3
13 16 8
0 2 5
4 5 7
2 6 9
22 2 10
9 12 8
10 13 2
20 23 1
21 0 5
0 4 10
7 10 7
20 22 7
23 4 5
22 22 5
6 10 2
21 1 5
8 11 8
1 3 6
13 16 5
15 18 5
14 18 9
16 18 8
13 17 5
0 4 10
0 5 8
7 13 2
1 4 9
6 10 4
5 9 7
6 7 3
20 22 4
8 12 9
10 14 2
5 7 5
1 5 1
8 10 5
22 23 9
9 10 4
5 7 9
13 16 2
3 7 6
3 4 6
22 2 2
1 4 10
17 21 6
8 12 5
14 17 2
16 19 2
2 7 7
4 7 9
9 13 1
16 20 1
18 21 7
6 9 9
1 3 8
15 18 3
22 0 3
11 14 2
12 15 4
17 21 7
23 1 1
13 17 10
21 0 8
3 8 1
5 8 2
15 17 3
8 10 3
21 0 5
8 10 5
13 16 1
8 13 4
16 19 3
3 5 1
4 7 9
23 2 9
6 10 3
21 1 3
22 2 6
18 21 9
6 8 10
7 8 8
2 4 8
8 10 7
1 3 10
5 9 1
16 20 2
1 3 5
6 10 10
6 8 9
13 16 2
12 16 3
13 14 3
17 19 8
19 23 4
12 15 3
8 12 6
17 19 6
1 4 1
12 15 1
8 11 3
19 19 4
0 3 9
3 8 1
14 19 5
6 8 4
21 0 2
19 22 1
12 16 8
8 11 4
21 22 8
2 6 9
10 15 2
23 0 5
17 20 2
14 18 3
3 6 6
9 14 2
5 9 5
12 15 5
21 23 3
16 21 1
15 18 5
5 8 7
11 14 7
5 7 2
20 0 3
5 8 8
21 1 3
15 18 3
15 17 8
8 11 6
13 15 3
13 18 7
4 8 4
15 20 2
22 1 10
4 8 10
0 3 2
23 2 2
11 13 8
7 11 8
2 3 8
11 13 8
1 5 6
18 21 6
20 23 2
15 19 5
2 4 10
22 23 3
15 18 1
21 1 9
9 13 3
23 2 2
21 0 5
0 1 8
21 22 3
16 19 8
13 17 9
12 14 4
17 20 9
2 4 1
2 6 6
10 13 10
4 7 4
12 15 5
19 23 9
14 16 7
0 2 3
17 19 6
18 20 1
16 18 10
21 23 4
8 13 5
22 0 4
10 11 2
8 12 8
19 22 1
6 10 8
21 0 4
13 17 7
14 19 4
11 13 9
5 9 9
16 19 2
18 20 7
20 23 3
23 1 5
17 18 7
12 14 1
21 23 1
13 16 7
23 2 10
4 8 2
14 16 5
6 9 6
20 1 1
17 21 5
14 16 6
23 2 1
10 14 7
12 16 1
20 21 6
6 10 2
21 2 2
6 9 10
5 8 8
5 7 4
8 11 7
20 23 10
0 3 7
6 9 2
11 16 1
7 10 3
3 6 4
22 2 8
14 17 8
14 17 7
6 9 4
1 2 2
7 13 4
17 20 3
2 5 9
6 9 9
14 15 8
16 17 5
23 1 7
8 12 3
22 1 10
10 14 5
17 19 4
14 17 9
17 21 10
8 12 6
11 13 5
16 19 8
10 13 5
19 22 8
12 14 7
21 23 2
6 9 3
1 4 3
23 0 7
5 8 3
11 14 3
14 16 4
16 18 8
3 5 7
11 14 8
23 3 8
11 16 1
4 7 4
8 11 7
18 21 5
5 7 10
6 9 5
16 20 1
16 19 10
18 22 9
15 18 10
8 12 8
0 2 6
0 3 9
5 7 7
2 5 9
4 7 8
8 11 4
13 14 9
4 8 6
0 5 2
11 12 1
5 10 10
11 13 6
3 5 9
2 5 5
22 1 10
12 17 6
21 23 2
6 9 7
17 18 8
4 7 3
15 16 8
21 22 10
2 5 9
4 8 8
10 13 2
20 23 6
10 12 5
16 20 3
23 1 9
0 2 5
6 9 5
12 14 6
6 9 4
20 23 5
23 3 3
8 12 6
21 0 1
3 8 3
0 2 9
1 4 1
23 2 6
4 7 10
15 17 6
10 12 2
23 3 9
21 0 6
18 22 6
9 13 2
6 9 3
23 1 1
19 22 10
4 5 10
2 3 1
18 21 4
3 5 7
18 21 6
16 20 10
2 5 5
17 20 5
11 14 9
19 21 3
0 3 1
7 9 6
20 22 5
1 6 6
4 7 9
16 18 7
20 23 3
1 2 6
9 13 2
11 14 9
15 19 6
21 0 9
5 9 6
19 23 8
2 5 8
23 2 5
15 17 3
3 6 9
7 11 7
2 5 9
23 1 7
1 2 3
18 22 7
21 2 9
14 17 10
9 14 10
22 1 2
9 12 4
23 3 2
3 6 4
18 21 2
23 4 3
11 13 4
9 12 8
12 15 10
18 22 2
3 5 2
21 23 9
13 17 8
6 9 1
1 5 9
16 18 10
20 22 9
5 10 2
12 15 4
15 18 3
3 8 3
1 5 6
22 1 2
13 14 2
4 6 6
4 6 2
4 8 5
22 23 4
18 21 3
0 4 5
0 2 7
3 6 4
5 9 3
1 4 7
17 19 8
10 12 7
19 22 4
18 20 3
21 2 1
10 14 1
8 11 10
2 4 7
11 13 7
4 7 1
23 2 1
9 14 5
2 5 8
6 9 8
7 10 10
1 4 3
8 12 7
2 5 1
11 15 1
0 2 1
0 3 3
21 23 1
12 14 6
8 11 9
2 4 7
10 15 10
3 6 9
20 23 2
23 1 10
15 16 1
18 21 8
0 4 5
1 4 8
16 19 1
15 19 10
5 7 6
3 5 2
1 3 3
16 19 7
19 21 7
16 20 6
9 12 6
21 23 5
4 7 3
18 21 10
13 15 8
21 23 10
12 15 10
2 4 6
5 8 8
21 1 6
14 18 5
4 6 7
11 15 4
10 11 1
2 6 1
17 21 10
19 23 3
16 19 2
1 5 2
20 1 6
7 8 9
5 8 2
10 13 9
21 23 3
17 20 6
14 16 6
21 0 4
16 20 4
7 9 1
15 18 9
3 6 1
9 12 2
13 16 6
2 5 5
20 22 1
7 11 10
15 17 9
9 12 9
11 15 3
8 12 1
5 8 2
8 11 4
1 4 5
15 17 5
15 20 8
0 2 1
21 0 7
18 19 3
3 6 2
5 8 3
13 15 2
1 4 8
23 2 4
12 15 2
20 21 5
3 5 1
7 12 6
12 15 5
12 16 1
0 2 6
19 21 3
18 22 2
19 22 4
19 21 4
3 6 10
16 20 10
22 0 8
23 2 5
1 4 5
16 21 3
12 15 8
6 9 5
14 17 6
4 6 9
10 13 2
11 14 6
21 3 4
11 12 6
0 2 7
12 15 5
12 15 10
7 9 2
20 22 2
10 12 2
19 21 1
18 21 8
1 4 4
5 9 10
20 1 7
10 15 8
1 4 10
13 18 1
12 15 2
22 1 8
12 15 2
13 17 8
11 14 7
10 12 7
21 23 1
17 20 5
4 9 7
22 1 6
4 5 3
8 10 1
11 16 5
18 21 1
21 1 6
16 17 7
13 16 2
12 14 2
12 14 2
9 11 8
9 12 4
19 0 4
19 22 3
10 12 3
3 6 3
11 14 8
20 23 5
5 8 6
1 5 8
17 20 1
9 14 6
21 23 9
14 16 9
4 9 4
12 14 7
0 2 8
11 12 4
1 3 5
23 2 7
15 18 5
12 17 3
3 7 2
7 11 8
5 8 1
9 15 4
9 13 7
8 11 3
9 11 6
15 17 7
23 3 1
4 7 2
7 9 1
17 20 7
2 7 1
10 13 8
16 20 8
16 19 3
0 2 3
20 22 4
7 10 2
21 2 2
19 23 5
6 7 4
6 8 2
19 21 8
15 19 1
5 9 10
2 7 2
6 8 8
21 1 3
8 11 3
19 21 2
12 13 10
19 22 9
8 10 10
0 2 10
11 13 6
16 18 6
12 16 1
8 12 7
21 0 3
19 21 10
9 14 9
1 4 6
6 10 10
1 2 3
12 16 6
20 23 3
11 14 6
23 2 5
1 2 7
8 11 6
12 15 10
22 1 6
5 8 4
16 18 3
11 15 7
19 23 9
14 18 7
20 23 5
22 2 9
16 23 8
17 20 3
21 1 10
9 11 6
6 10 3
11 15 8
17 21 9
17 20 3
20 0 4
13 18 1
4 7 1
17 18 4
6 9 1
7 9 7
7 10 8
13 15 10
22 2 8
17 20 8
10 12 8
23 2 5
22 1 10
1 4 3
9 11 6
13 15 6
2 4 2
14 16 6
22 1 2
0 2 7
6 8 7
15 19 9
12 15 6
4 8 9
0 3 5
1 4 4
20 0 10
23 0 9
22 2 10
4 7 9
12 14 10
7 12 1
9 12 2
4 7 3
21 0 8
8 10 5
23 2 3
10 13 4
14 17 1
18 22 3
6 9 4
16 18 8
11 15 3
13 15 1
17 20 2
16 20 10
19 21 9
12 15 4
23 1 10
17 22 1
10 14 9
19 21 5
12 14 10
11 14 10
18 21 9
17 21 2
13 17 4
9 12 2
4 7 7
17 21 5
21 0 6
4 6 7
9 10 4
18 20 3
1 4 2
8 10 8
8 12 2
23 4 6
8 12 10
16 18 10
16 19 5
5 6 10
22 0 10
7 9 10
19 21 4
8 10 6
13 16 7
15 20 9
8 11 5
7 9 7
9 11 9
12 15 4
13 16 1
16 17 7
18 21 3
16 19 10
11 15 9
17 20 6
13 16 8
7 10 8
16 18 6
13 18 5
2 6 4
14 15 1
14 15 6
13 17 9
20 0 2
4 7 10
9 13 5
11 15 1
4 10 8
22 23 4
23 5 7
4 7 3
13 17 1
7 9 2
14 17 7
10 13 3
6 10 4
12 15 5
21 23 9
2 5 1
3 6 8
2 4 7
0 5 7
20 23 6
18 22 6
16 20 7
13 16 3
11 14 2
1 3 6
23 3 2
14 18 10
22 1 3
1 4 9
11 15 10
3 6 5
4 6 3
15 16 9
4 7 4
10 14 4
4 7 7
23 2 2
3 5 7
6 10 3
9 12 1
17 20 7
9 11 10
8 11 8
17 21 1
21 0 10
20 21 4
0 2 6
11 12 5
10 14 5
17 19 9
18 20 8
22 1 1
22 23 7
13 16 6
13 16 4
5 8 10
20 23 8
18 22 3
23 2 3
14 18 1
23 2 10
23 3 5
23 1 1
23 1 9
0 4 8
8 12 3
9 13 4
4 7 8
4 7 3
14 15 8
13 14 10
7 10 10
22 0 7
20 0 4
16 20 3
20 1 6
3 6 10
8 12 2
7 9 2
12 13 4
10 12 2
4 5 10
15 18 6
15 20 9
5 7 5
1 4 2
17 19 4
0 4 5
19 23 4
7 10 10
9 12 3
0 3 5
23 3 1
20 22 2
19 21 10
22 1 9
1 2 6
4 7 8
5 10 8
18 23 8
19 21 10
14 17 9
8 12 5
3 6 3
22 1 10
18 22 8
4 6 7
11 14 10
7 10 4
20 23 1
0 3 1
7 11 3
11 13 8
9 10 3
10 13 9
19 21 8
6 10 6
7 10 10
3 5 8
3 6 1
15 18 7
22 1 2
12 14 10
12 17 3
7 11 10
2 5 6
2 4 4
8 12 4
7 10 7
15 16 4
23 3 8
23 1 7
3 5 2
21 0 2
22 22 7
17 20 4
5 7 1
19 22 5
11 14 2
9 11 6
19 23 5
15 18 6
16 20 6
7 9 2
14 18 7
11 15 4
15 18 7
4 8 7
0 5 5
17 21 6
16 18 10
15 17 8
23 3 10
13 14 1
12 18 5
2 5 8
22 3 5
1 3 4
3 7 6
21 22 9
11 15 6
14 18 9
5 8 2
2 5 7
0 2 6
4 8 3
13 15 2
16 18 5
12 14 5
11 13 9
19 23 5
16 20 4
8 11 2
17 19 9
4 6 8
22 0 9
16 18 5
13 16 6
15 16 2
2 4 10
12 14 2
22 0 2
20 22 10
21 1 4
12 13 7
16 17 1
18 21 1
11 12 4
9 11 3
14 17 8
9 12 2
7 10 5
22 3 10
10 11 9
18 21 6
22 1 8
13 16 2
19 22 10
10 13 6
14 17 7
6 8 10
2 7 7
17 21 3
4 8 9
2 5 4
22 23 3
7 12 1
17 21 2
23 2 1
23 2 7
8 11 1
16 18 4
22 1 7
21 1 8
0 2 6
21 0 1
18 21 2
23 2 7
11 15 9
23 2 4
12 15 4
22 1 4
8 10 3
16 21 4
9 13 7
23 2 8
22 0 2
2 4 5
17 21 1
11 14 2
9 12 2
16 21 10
22 1 7
13 14 9
15 17 4
6 8 2
15 17 9
15 19 1
21 23 2
23 2 5
6 9 4
14 18 10
23 1 3
23 3 1
23 1 8
17 21 3
23 2 2
3 6 8
14 17 3
7 12 4
8 10 7
14 16 3
22 1 7
8 10 3
13 17 5
19 23 2
6 9 9
11 14 7
5 7 3
11 14 9
12 14 1
0 5 10
5 7 7
5 9 6
1 6 10
3 6 9
1 3 4
20 23 2
16 18 4
8 11 2
17 20 1
11 15 5
8 11 6
21 0 1
1 3 2
10 13 5
16 18 4
6 9 7
1 4 7
13 18 2
18 22 6
0 2 5
8 12 6
23 0 4
10 12 9
18 20 1
1 5 9
21 22 3
11 14 7
1 2 7
6 10 6
2 6 10
22 1 6
14 16 8
16 18 8
6 9 4
17 20 6
18 20 10
9 13 8
0 2 6
12 14 6
11 14 10
7 10 7
12 16 8
15 17 10
15 17 2
12 15 7
6 8 3
12 15 9
23 22 1
12 15 4
15 17 7
2 5 8
11 14 10
3 7 3
23 2 3
10 12 8
13 15 6
14 17 4
12 15 6
14 17 3
10 12 1
18 19 4
19 22 1
4 8 3
4 7 6
14 15 1
13 16 10
23 2 6
12 16 4
21 23 10
6 9 3
6 8 1
13 16 7
2 4 3
21 1 3
4 6 5
15 17 3
9 12 4
2 7 10
20 23 1
17 20 4
7 8 4
15 18 6
20 20 9
13 17 5
20 23 4
14 16 7
11 13 10
12 15 5
7 10 9
18 23 6
9 11 7
13 18 2
15 19 10
22 2 8
15 16 5
0 3 1
21 1 6
22 0 4
6 9 9
0 4 2
9 14 7
17 21 1
7 12 9
5 9 2
7 11 5
4 8 1
1 4 3
10 13 10
0 3 4
15 19 9
15 18 10
12 16 4
21 0 7
20 23 4
15 19 6
8 11 6
18 23 10
3 6 9
11 15 5
6 11 4
6 9 1
5 7 5
0 2 4
2 4 7
6 9 1
22 2 10
13 17 3
2 5 10
22 1 10
18 22 1
22 1 8
10 12 10
7 9 10
5 8 2
11 13 7
4 7 1
21 1 10
0 3 7
11 14 8
15 19 8
18 23 5
15 19 8
22 0 1
0 2 10
18 19 7
23 3 1
3 4 6
8 11 8
11 15 9
6 8 2
16 18 5
15 18 7
1 3 8
10 14 7
15 17 2
8 11 9
0 2 3
20 21 7
2 4 6
9 11 6
17 20 7
19 23 10
2 4 9
14 18 2
22 2 5
14 17 9
5 6 4
20 23 6
23 1 7
15 19 7
22 1 10
0 3 2
19 22 6
8 9 2
23 3 5
20 22 2
10 12 3
0 2 8
17 19 1
7 9 3
17 22 2
14 17 6
17 20 10
5 9 5
16 19 10
11 13 4
20 23 7
18 20 5
9 11 4
23 1 4
7 10 7
22 1 1
4 8 5
11 14 6
16 19 9
16 19 6
12 15 2
1 3 10
7 11 9
21 1 2
0 2 3
16 19 9
13 16 5
9 12 3
0 3 5
23 3 10
11 14 1
3 6 10
2 6 7
16 19 5
17 19 7
22 2 3
20 22 7
6 7 9
23 4 5
6 9 4
21 23 10
19 22 6
1 4 3
17 20 10
0 2 2
2 6 5
9 13 1
4 6 7
23 1 8
0 4 8
3 7 5
1 4 8
8 12 10
23 1 5
5 6 4
14 17 8
2 6 5
19 23 9
12 13 7
7 10 4
23 2 6
14 17 5
6 7 10
20 0 9
