2050 14
4 9 10 6 8 2 5 10 9 6 7 9 3 8 
3 7 5
2 5 11
23 2 6
20 0 12
16 20 5
9 11 4
11 15 8
18 21 8
11 14 4
5 7 8
15 17 14
12 12 4
22 1 7
0 3 12
21 0 6
11 16 11
12 14 5
16 20 12
12 15 14
19 21 1
16 18 5
16 18 14
0 3 7
12 16 13
19 0 4
10 13 3
15 19 9
3 6 3
16 18 3
13 15 12
21 22 8
8 10 11
8 12 6
13 16 5
8 11 11
4 6 6
0 3 14
14 17 3
11 14 3
23 3 13
22 2 2
7 8 11
1 5 8
16 19 13
4 5 11
22 2 5
20 1 3
12 16 12
5 9 5
6 9 13
19 21 6
13 15 13
18 22 11
4 8 9
16 20 14
14 18 6
21 1 3
17 19 10
23 1 3
11 13 8
20 22 7
18 21 5
16 19 7
15 18 13
2 4 2
1 4 3
9 12 9
13 17 1
5 9 9
2 4 4
18 20 7
11 14 2
3 6 6
21 0 9
14 17 6
15 20 7
15 19 10
4 6 1
5 8 11
13 15 1
9 12 8
17 20 11
9 12 11
17 20 5
7 10 4
17 19 9
10 15 3
4 7 7
7 10 1
18 21 9
12 14 5
12 16 13
3 6 11
9 13 4
7 7 10
18 20 2
21 0 7
5 9 5
3 7 1
13 17 4
16 20 10
23 2 13
12 13 13
20 1 11
8 12 14
9 12 9
7 9 12
13 14 9
0 3 5
14 16 7
16 20 8
10 12 10
1 4 8
15 19 7
19 23 14
12 15 1
9 11 8
4 6 14
19 21 8
3 7 7
13 16 9
8 13 13
9 13 2
0 2 13
14 17 4
18 22 8
23 2 7
0 1 9
1 4 13
8 13 2
4 8 10
1 3 13
0 4 2
19 23 5
18 20 13
18 21 4
21 23 9
17 20 13
5 7 4
4 7 6
16 19 5
14 17 11
16 19 3
18 21 9
5 8 13
13 16 11
15 18 6
10 12 3
16 21 13
11 15 2
6 10 4
16 18 4
5 8 14
13 15 4
17 21 13
19 22 6
4 9 12
13 17 2
8 12 13
1 2 8
14 15 11
7 11 6
22 1 6
14 17 6
8 9 1
19 21 1
6 11 3
12 15 1
1 5 5
12 15 14
3 5 2
3 6 6
6 10 12
21 1 14
8 13 6
23 3 12
1 4 13
8 11 7
7 10 3
1 2 12
1 5 5
2 5 7
22 2 14
8 12 10
7 10 14
12 15 3
0 5 5
4 5 10
16 20 2
12 15 6
23 2 14
16 18 2
3 7 8
5 9 2
23 1 11
5 7 10
5 8 6
22 2 6
7 10 3
7 10 4
19 21 11
17 19 8
23 1 2
21 1 9
12 17 6
0 3 1
4 7 11
5 7 9
9 14 8
18 21 13
0 2 6
12 15 3
11 14 11
11 14 6
22 0 13
17 20 1
21 23 4
6 10 10
2 6 9
9 12 3
23 2 7
14 17 5
13 14 10
8 11 2
3 7 13
5 8 4
13 15 5
8 11 2
9 12 6
14 17 7
22 2 14
16 20 10
21 23 3
9 12 4
8 10 14
0 3 9
23 1 5
13 16 2
20 23 14
20 22 3
22 2 11
10 12 9
8 11 1
0 3 5
11 14 4
9 11 1
23 1 13
17 20 4
19 22 8
4 8 13
18 22 10
0 4 12
14 17 12
17 18 2
18 19 12
9 10 5
19 23 5
1 4 9
15 16 12
17 21 10
2 4 4
7 11 9
10 13 14
19 23 12
11 13 10
22 1 4
14 17 6
23 1 13
14 16 6
17 19 4
19 0 9
1 6 14
10 13 11
11 13 1
17 18 4
16 18 3
12 16 14
8 12 7
0 2 12
7 10 8
15 17 9
1 4 6
11 14 10
0 2 5
20 0 6
13 16 6
18 21 14
13 16 14
23 2 13
4 5 8
11 14 13
7 9 5
9 11 9
3 7 1
5 7 10
23 1 4
19 21 14
10 14 13
5 8 5
19 22 14
19 22 3
19 23 7
9 13 4
5 7 7
0 3 1
18 20 2
3 7 6
11 14 3
22 1 3
3 6 1
7 11 2
0 3 8
11 12 7
18 21 4
9 11 10
21 1 7
8 11 3
6 9 5
16 18 3
10 12 2
22 3 10
8 11 7
19 23 4
13 16 8
4 7 2
11 14 11
13 15 13
2 6 11
17 20 5
6 9 11
22 23 1
10 14 4
16 20 12
6 8 4
5 8 6
18 21 10
17 18 5
9 12 1
21 3 9
15 18 3
7 11 14
0 3 1
17 20 13
7 10 14
14 17 10
14 16 10
20 0 11
12 17 8
2 5 5
10 11 9
4 7 13
10 14 2
22 1 7
10 11 11
9 12 12
5 10 4
6 9 4
8 12 14
4 7 9
9 12 14
3 5 7
9 12 8
3 6 5
0 2 2
2 4 11
9 11 5
9 12 1
14 16 4
21 23 12
1 4 13
19 21 14
1 5 11
18 22 5
8 12 2
9 13 1
21 0 9
14 15 9
21 0 5
10 15 8
2 4 3
22 0 12
6 8 10
11 15 7
8 12 9
13 17 14
16 19 2
7 9 2
22 1 9
17 20 3
4 8 2
20 22 14
9 12 14
17 19 14
8 12 9
7 8 5
19 22 7
16 18 2
17 21 8
11 14 10
6 9 3
15 16 14
9 14 1
22 1 13
12 15 11
22 0 9
19 23 2
18 20 2
0 5 12
6 9 3
22 3 9
21 0 8
19 0 7
10 11 1
19 22 3
1 4 11
1 4 12
22 2 13
2 7 5
12 15 9
3 5 13
0 3 4
4 8 3
1 4 12
7 11 5
2 5 13
18 19 8
16 19 5
8 10 5
14 18 3
14 16 14
16 20 5
10 14 1
4 7 1
19 22 5
10 11 5
7 10 9
3 6 6
14 16 8
16 19 1
12 15 11
18 22 4
0 3 5
15 19 5
14 16 3
8 11 9
0 4 9
1 3 5
0 2 1
7 10 9
11 16 12
9 11 10
13 18 2
9 11 8
18 21 3
6 11 1
21 0 1
6 8 14
7 11 11
23 3 12
7 10 1
21 23 13
22 1 5
15 17 6
5 7 10
21 2 2
11 14 6
13 16 6
20 23 11
4 8 12
22 1 7
5 7 5
18 21 2
7 9 8
4 7 8
3 6 1
7 11 7
16 20 11
12 14 12
12 14 2
23 2 5
2 5 11
0 3 10
5 8 11
14 16 7
3 5 8
21 2 12
17 19 1
3 6 14
14 16 13
0 4 2
1 4 10
19 23 4
18 21 4
10 14 6
21 23 14
9 12 11
7 9 7
20 23 14
10 14 5
17 20 5
3 6 14
14 18 7
7 9 2
12 15 8
4 8 11
17 20 9
12 14 7
13 17 10
10 15 1
20 23 13
7 11 2
10 13 4
23 2 4
3 7 13
18 21 1
10 14 1
14 17 12
4 7 2
16 19 11
3 6 11
13 17 5
0 3 3
18 20 13
20 0 14
21 0 11
21 0 1
17 19 5
17 20 3
9 12 6
21 0 6
19 21 14
1 4 14
7 9 10
8 11 9
12 14 12
17 19 2
18 21 2
18 20 6
14 18 4
6 9 8
13 16 8
4 6 13
8 11 4
11 14 2
19 21 6
8 10 9
12 14 12
10 14 13
11 15 10
5 9 7
1 3 11
0 4 8
21 1 1
4 8 4
0 3 1
12 14 7
22 1 1
15 20 4
23 2 4
17 19 1
5 7 6
0 3 12
19 22 6
19 23 14
16 18 7
18 20 5
15 17 10
22 2 4
0 4 2
4 7 13
14 17 4
10 14 13
13 14 7
9 11 6
5 10 2
22 2 3
7 12 10
2 4 4
12 15 11
13 15 7
18 20 1
6 9 11
21 0 7
17 21 5
14 18 1
23 3 3
8 11 1
17 20 1
11 15 10
7 11 11
19 22 12
6 7 1
6 9 10
9 12 14
10 14 14
5 8 8
9 14 8
11 15 3
11 14 11
5 8 2
10 12 2
4 7 11
21 1 6
23 0 11
0 3 12
13 17 5
16 20 1
17 20 11
1 4 2
19 22 1
3 7 5
8 12 9
6 9 10
1 5 7
5 6 12
3 5 8
19 23 8
23 1 7
8 11 7
10 14 9
21 2 10
11 13 14
3 7 6
7 10 12
21 2 2
11 15 8
10 14 12
14 18 1
11 14 12
22 3 4
23 1 14
4 8 9
21 0 2
5 7 8
23 3 10
3 5 5
15 17 12
21 1 5
14 16 5
12 15 14
18 21 11
9 14 10
4 6 2
1 5 13
17 20 4
19 21 2
21 23 14
3 6 13
14 16 7
16 19 4
16 18 2
21 1 14
9 12 12
4 6 1
1 3 11
5 9 11
23 0 10
16 19 12
4 7 10
12 15 1
9 13 4
5 8 9
14 15 11
5 9 3
0 2 1
18 21 1
16 18 10
10 12 8
0 3 9
12 16 1
22 0 6
11 16 12
3 6 6
0 3 10
0 3 2
6 8 13
2 6 5
22 1 11
3 8 2
22 0 13
17 20 10
15 20 8
0 3 9
13 17 12
6 8 8
15 17 11
20 0 4
23 2 2
21 0 11
4 8 2
12 15 6
1 4 1
10 13 10
2 3 14
19 22 1
21 2 3
6 8 11
7 9 5
5 6 2
18 21 8
0 2 11
2 5 13
1 5 2
17 20 2
19 22 9
18 21 11
9 13 11
8 10 12
6 7 7
12 14 3
14 18 13
6 10 2
8 12 13
20 22 12
21 23 14
11 13 2
22 3 3
22 2 8
14 15 6
15 18 1
17 19 9
21 1 2
9 10 12
7 10 14
20 0 8
12 16 12
18 22 1
22 1 10
13 16 2
6 9 14
15 17 3
6 6 2
10 13 9
17 21 3
22 1 4
19 23 1
15 19 13
0 2 8
20 22 2
7 10 14
5 9 3
1 2 8
21 0 9
6 10 9
12 16 11
15 17 8
1 5 10
11 15 12
13 15 9
4 7 6
20 22 10
3 5 2
5 8 12
9 13 13
13 16 10
13 16 12
23 4 5
9 10 6
9 14 8
13 16 14
8 12 7
11 15 4
10 13 10
14 18 7
23 1 1
13 14 4
4 7 2
11 13 14
14 19 13
23 3 12
12 15 1
9 11 10
8 11 12
10 15 12
15 19 5
14 16 10
21 1 3
1 6 12
3 7 4
13 15 14
11 15 12
14 18 3
3 6 7
2 5 5
0 3 11
0 3 7
10 13 9
15 15 11
22 1 6
17 20 5
10 11 9
6 8 13
5 8 12
7 11 10
15 17 2
4 8 4
14 16 9
16 18 3
16 18 1
5 6 5
0 4 2
10 14 8
13 17 12
2 5 4
17 21 8
6 8 10
3 4 7
13 17 13
22 2 1
12 15 2
18 21 6
3 6 4
8 12 11
12 14 7
11 13 13
0 1 3
4 6 12
17 21 1
7 9 6
15 19 5
21 23 13
16 17 12
12 15 4
2 4 5
7 11 11
17 19 8
6 9 1
0 2 6
16 19 8
1 4 3
11 13 13
3 6 11
9 12 6
0 1 1
21 23 8
11 16 5
17 19 1
9 11 13
19 21 11
3 7 4
14 17 10
17 20 14
23 2 7
13 15 8
0 2 13
16 20 11
8 13 11
20 0 4
18 21 6
13 16 6
16 17 10
14 16 8
11 13 7
22 1 6
13 15 6
20 23 1
4 8 3
12 15 1
8 10 3
11 14 2
22 1 11
20 23 4
3 3 13
23 3 1
12 15 3
11 14 3
0 3 14
4 6 5
12 17 6
4 6 8
5 6 5
1 3 1
2 7 11
23 2 8
0 3 7
4 7 12
23 2 12
9 14 10
2 5 4
10 14 14
1 4 1
19 23 1
4 7 14
7 9 8
4 5 3
4 7 2
12 15 7
11 14 1
9 13 13
16 21 10
18 23 1
8 10 11
7 12 8
2 5 2
23 2 3
10 13 7
18 20 5
11 14 6
23 1 2
12 14 12
2 4 13
11 14 9
11 14 12
21 2 10
6 9 7
6 9 14
1 5 8
23 3 12
15 18 3
7 9 14
23 1 14
22 0 5
2 5 3
12 15 9
7 12 3
9 13 11
20 0 8
0 3 11
13 16 3
0 3 14
21 0 1
5 6 3
12 17 9
0 3 11
16 20 9
3 5 6
14 16 1
3 7 6
22 1 10
2 6 12
4 5 2
17 21 12
21 23 13
8 11 12
6 8 11
14 16 7
1 5 11
18 21 5
23 3 7
7 11 7
14 18 9
18 21 7
9 13 7
6 9 6
22 3 9
10 14 1
0 4 12
17 21 3
11 14 6
17 21 3
10 13 1
16 20 1
7 11 11
17 20 4
9 12 2
23 3 14
13 17 12
5 9 9
21 23 12
15 19 11
19 0 6
20 0 1
4 7 12
4 8 7
16 22 14
21 1 12
3 4 5
23 1 5
0 4 3
9 14 11
16 20 1
22 0 9
2 6 6
0 4 3
7 10 3
21 0 14
8 12 14
6 8 1
19 22 3
18 21 7
2 6 5
10 13 8
18 21 14
3 5 4
0 5 7
17 20 13
0 2 7
3 5 6
8 13 9
8 12 1
21 0 12
3 6 2
4 8 13
4 6 7
8 11 5
2 6 4
2 5 7
15 18 13
13 17 5
4 6 2
18 22 2
15 17 6
17 21 3
9 12 7
4 7 5
11 14 1
22 2 3
15 18 1
21 22 13
19 22 14
19 23 12
7 10 9
14 14 12
0 4 1
6 9 12
18 23 7
23 3 14
3 7 7
23 2 10
2 6 11
15 19 12
8 10 10
1 3 14
19 0 1
22 2 13
22 2 14
4 7 6
6 8 11
13 16 13
20 22 2
12 15 5
19 20 2
22 1 13
16 17 7
18 20 12
1 3 11
11 17 5
3 5 1
13 16 7
9 13 2
7 10 4
11 14 1
21 1 13
17 19 13
11 12 11
23 1 2
21 0 6
23 3 11
23 3 6
19 22 13
11 13 12
20 22 13
14 16 9
12 16 11
14 15 10
3 5 12
15 17 3
5 8 6
7 12 1
6 11 8
11 15 13
14 17 8
16 19 3
23 1 8
16 19 12
19 23 7
22 0 12
1 5 3
10 13 6
10 13 12
16 18 5
1 5 9
1 5 8
17 20 6
6 9 4
14 19 1
1 4 4
4 8 12
7 9 14
5 8 4
20 0 7
16 22 2
21 23 6
3 5 8
8 10 8
1 4 4
7 11 6
11 14 13
8 11 3
16 18 8
8 10 3
6 9 1
21 1 1
14 18 2
6 9 12
7 10 5
19 22 10
12 14 2
19 0 6
3 5 11
8 11 8
19 23 9
17 20 10
19 22 14
19 23 5
12 14 4
19 21 10
11 14 13
15 19 14
0 3 5
17 21 5
9 12 6
11 13 12
19 22 1
22 0 14
11 16 4
7 11 14
0 2 2
10 14 9
23 3 11
0 2 12
16 18 8
5 9 11
23 1 11
19 21 10
15 18 1
0 4 11
0 3 14
13 19 11
23 2 7
21 0 10
22 1 8
5 8 3
11 15 2
4 9 12
19 20 12
3 6 4
16 18 2
22 0 2
6 10 6
12 15 4
17 21 5
5 8 8
16 18 14
9 12 4
9 11 6
4 7 1
12 15 5
11 12 6
18 20 7
9 12 2
6 9 7
11 13 6
0 4 9
10 12 8
23 1 12
19 23 3
3 6 12
7 10 4
11 13 13
13 18 14
17 20 8
2 5 6
17 19 12
0 3 4
12 16 10
3 7 2
5 8 2
20 23 1
14 17 11
4 7 4
7 9 7
17 22 2
9 11 8
11 14 9
9 12 4
22 0 6
17 18 8
15 18 10
2 5 2
3 6 11
1 4 4
9 11 12
9 12 14
13 16 12
23 3 5
20 0 9
9 14 4
9 11 14
15 19 8
20 22 7
2 5 5
4 6 6
5 6 6
8 8 14
9 12 4
15 19 6
13 14 8
12 14 7
2 6 10
0 4 8
1 3 14
16 19 4
7 9 10
16 20 14
22 2 6
10 14 7
0 4 8
11 14 10
16 19 6
6 9 5
9 14 6
23 2 1
20 23 14
21 23 2
6 8 11
14 19 5
9 13 11
17 19 11
7 9 2
4 7 2
3 6 8
14 16 8
21 23 3
7 9 8
4 7 9
9 13 3
20 1 10
9 11 10
8 10 14
18 18 5
15 18 4
16 17 9
13 18 6
10 14 9
23 4 1
13 16 14
12 16 1
16 21 11
21 23 14
10 12 10
19 23 11
6 8 13
14 17 3
15 18 6
7 11 12
15 17 13
15 17 4
12 16 14
5 7 10
15 17 1
17 19 3
18 20 9
15 19 2
19 22 7
2 4 8
0 4 10
13 15 6
16 19 2
9 11 13
4 9 10
2 4 6
1 4 6
22 2 12
20 0 7
14 18 9
10 14 11
15 17 14
14 19 3
20 22 5
17 22 3
10 13 8
15 19 6
15 20 11
21 23 2
11 13 12
2 5 6
14 17 1
22 2 10
16 19 12
18 22 11
2 5 12
5 7 12
9 12 4
23 1 6
21 21 3
6 11 1
14 15 1
5 8 2
20 23 11
4 6 12
9 12 9
18 21 12
7 11 2
2 5 6
15 18 14
20 23 1
11 14 13
7 12 3
4 7 10
3 5 12
5 8 8
7 9 7
9 11 12
17 18 4
13 16 10
4 7 1
17 20 6
19 21 1
20 1 2
2 6 4
23 3 9
17 19 5
6 9 3
20 22 10
11 15 4
10 14 2
14 17 14
22 0 7
9 12 6
16 19 13
21 1 2
7 11 11
0 5 3
7 10 3
11 12 13
11 14 1
23 0 2
1 3 1
13 15 1
9 12 11
10 14 14
3 7 3
13 15 3
12 16 13
9 13 8
6 8 14
17 21 4
19 23 6
5 9 2
7 10 9
5 7 2
21 1 9
13 16 5
22 2 9
20 22 12
1 4 13
1 4 11
15 17 10
4 8 6
14 16 6
8 11 12
17 19 8
1 5 11
2 3 3
13 15 4
23 3 5
8 12 14
18 20 3
23 2 13
8 10 2
18 19 9
4 6 5
0 3 5
3 6 7
1 4 13
8 11 1
3 5 13
10 14 14
17 21 4
13 18 10
7 12 9
7 10 14
0 2 1
5 7 10
16 21 8
18 20 2
22 23 1
16 20 13
14 18 2
12 15 8
6 9 3
6 10 11
3 6 7
7 9 7
21 0 4
9 10 9
16 20 14
14 17 10
3 6 6
8 12 14
5 9 13
23 3 8
3 5 9
23 2 10
7 11 12
19 23 3
11 14 8
18 21 10
3 6 6
3 5 5
23 0 5
0 3 5
17 22 11
0 3 11
6 10 5
22 0 1
9 13 2
5 7 9
10 13 7
3 5 6
22 1 5
8 10 7
22 2 4
2 5 4
20 23 3
12 15 9
23 1 7
5 7 9
10 12 8
7 11 2
0 3 2
21 0 9
19 23 5
11 15 11
19 23 5
21 0 13
8 14 3
2 6 7
6 9 4
23 1 12
19 23 9
10 13 7
1 5 1
1 4 12
7 10 10
0 5 4
0 3 12
10 13 8
14 16 9
4 7 5
19 0 7
8 10 6
18 20 7
3 5 1
15 18 14
20 0 4
4 5 5
5 7 13
18 20 7
11 15 6
20 22 3
22 0 2
11 15 4
18 21 12
23 1 10
21 23 12
15 18 8
1 4 6
5 8 12
13 16 10
6 9 2
12 15 14
14 18 6
0 5 13
19 21 14
17 20 7
11 14 14
23 2 2
7 7 13
9 12 12
11 14 12
17 20 2
22 1 8
20 23 11
0 3 3
20 23 1
19 23 6
16 19 13
16 18 3
5 8 5
14 19 13
8 11 3
18 21 2
3 7 10
15 20 14
3 6 1
1 5 5
0 2 6
9 12 13
8 11 14
13 14 6
5 8 13
18 21 3
8 10 7
19 23 10
16 19 4
14 17 7
20 22 2
19 23 14
20 0 9
4 7 5
9 11 14
7 11 2
16 18 7
10 12 7
2 4 4
20 0 6
19 22 3
15 17 11
23 3 12
19 22 6
9 12 7
19 23 8
15 18 14
6 10 12
7 11 1
6 10 8
8 12 11
10 13 10
20 22 5
17 20 13
6 8 10
17 21 9
1 3 8
19 20 11
10 13 4
2 6 9
20 21 3
5 8 5
13 15 12
19 21 3
21 0 13
15 17 14
7 9 3
13 15 14
16 19 8
5 8 3
21 1 6
20 21 12
18 21 11
5 9 6
7 9 7
11 13 3
14 16 13
0 3 4
18 21 10
20 22 8
23 3 6
2 5 8
13 16 8
12 15 9
23 2 5
17 20 4
1 2 12
7 10 4
15 17 7
15 18 13
3 8 14
23 2 11
20 23 7
10 12 12
2 6 9
15 19 8
11 15 2
1 4 7
21 0 9
18 20 11
17 20 10
15 18 7
16 18 4
6 9 4
5 9 9
19 23 10
18 21 6
17 21 5
22 2 12
18 22 10
14 18 8
9 14 2
16 20 3
17 21 5
20 22 7
3 7 1
3 6 5
17 20 8
13 17 6
13 16 12
23 3 2
2 7 10
5 8 11
7 10 10
19 0 6
1 4 4
1 3 2
19 21 6
4 8 2
16 18 13
10 14 12
2 5 14
2 5 8
1 4 11
23 2 10
16 20 8
13 16 2
15 18 1
21 1 13
16 21 2
13 17 3
21 0 6
9 12 13
0 2 7
10 13 11
15 18 4
6 11 13
2 5 12
20 23 8
20 23 3
10 12 3
16 20 13
10 13 7
21 0 5
22 1 8
7 11 13
17 19 2
2 4 3
16 19 7
16 20 6
6 9 5
22 2 7
3 6 4
6 9 12
5 9 5
5 9 2
2 6 8
7 10 2
3 6 7
12 17 2
13 16 13
15 18 7
8 11 2
21 2 7
13 17 5
23 3 10
9 13 8
6 8 5
19 22 10
19 23 14
12 13 5
13 15 11
4 7 7
3 6 7
10 14 14
16 19 6
9 10 4
23 2 8
16 21 7
10 13 2
3 7 7
6 9 8
13 14 11
19 22 11
13 14 6
7 10 4
1 4 14
19 23 5
6 10 5
16 18 13
6 9 8
1 4 14
2 7 11
4 7 3
4 6 10
17 18 1
0 4 8
16 18 14
12 16 8
22 2 4
2 5 9
10 13 5
19 23 1
23 3 9
14 17 14
22 23 5
20 22 7
10 13 4
5 9 4
10 14 9
6 12 3
0 3 9
5 9 5
20 21 1
5 8 3
11 13 6
21 0 4
6 9 11
18 22 14
10 14 10
12 15 10
10 14 5
20 2 10
13 15 3
11 15 2
20 22 10
0 1 13
2 6 6
19 20 1
13 15 12
13 16 9
8 11 14
17 20 2
6 11 12
11 14 6
17 21 4
16 19 5
11 15 5
4 7 2
14 15 4
1 4 2
0 4 7
17 19 7
12 15 2
3 6 12
13 16 5
17 21 8
3 5 8
12 14 14
19 23 4
0 3 10
23 2 11
14 16 4
20 23 7
10 12 3
0 3 6
8 10 6
0 3 4
17 19 5
4 7 4
19 0 6
21 1 12
3 6 13
22 1 11
0 5 10
1 3 1
1 5 7
16 18 1
18 22 13
19 22 14
3 7 11
18 21 13
5 9 3
9 11 1
13 18 14
11 14 5
19 23 12
20 23 8
7 10 9
18 21 1
9 13 10
10 12 14
9 13 6
20 23 10
13 16 2
17 21 13
7 11 6
20 22 13
4 5 12
3 6 1
7 11 7
13 14 6
10 11 13
15 19 2
22 1 5
23 3 13
4 8 7
17 20 1
0 2 5
20 22 8
15 17 12
12 15 7
23 2 2
0 2 8
17 18 5
13 15 12
1 4 11
7 9 12
19 20 8
0 4 2
19 23 11
6 8 4
21 0 3
20 23 2
16 20 8
23 1 1
13 16 14
3 8 10
10 13 2
17 20 14
21 0 14
12 15 6
14 17 6
8 12 1
20 21 3
15 19 14
15 18 2
23 2 14
18 20 5
16 20 4
15 18 2
13 16 12
18 22 4
1 4 7
0 3 5
0 3 12
22 2 10
11 15 13
7 9 5
14 17 9
16 21 9
15 18 1
7 11 13
4 8 9
13 16 2
22 1 12
14 17 12
1 4 7
8 11 12
2 4 13
0 2 11
5 7 4
17 21 3
4 7 6
16 19 6
6 11 5
17 20 7
14 18 5
22 0 11
19 22 5
5 6 4
23 23 14
3 6 14
4 7 10
4 9 2
1 5 3
7 10 12
18 21 12
20 21 6
16 19 2
0 3 1
13 14 10
10 12 10
14 18 1
0 4 13
12 16 5
22 0 8
17 20 5
8 9 11
19 23 6
8 11 9
20 0 13
5 7 6
6 8 11
23 1 6
6 8 6
23 2 14
2 5 10
9 10 10
16 17 6
1 3 5
22 0 13
17 19 4
8 12 1
6 10 5
7 12 13
22 2 6
21 1 14
4 6 14
6 9 4
23 2 12
14 19 6
3 6 3
3 7 6
0 2 10
4 8 12
20 23 5
19 0 12
0 1 14
9 13 2
15 18 3
11 15 4
12 17 4
3 5 3
8 10 5
6 8 10
23 2 14
20 23 2
11 15 10
1 4 4
15 18 13
21 0 10
0 3 7
17 20 5
11 15 7
21 23 11
13 16 4
11 12 3
3 8 12
0 2 11
7 10 4
12 14 10
3 8 3
17 20 7
13 17 11
3 8 12
17 18 1
7 10 7
4 6 14
14 18 8
2 6 14
12 15 2
6 9 1
11 14 4
14 16 11
10 12 12
17 20 13
6 8 2
23 1 7
9 13 12
3 6 2
12 13 13
7 9 9
13 18 10
0 4 6
19 22 14
5 8 2
7 11 8
22 0 11
23 2 6
15 18 2
5 7 8
14 16 12
5 10 8
21 23 11
20 22 3
1 4 12
8 11 4
19 22 3
20 23 13
13 16 7
18 20 14
12 16 3
4 6 2
23 2 7
4 7 7
13 17 14
17 21 4
6 7 4
23 2 9
7 9 7
19 22 4
13 17 5
14 17 4
10 13 1
17 21 10
6 8 9
23 3 9
19 20 8
22 1 10
11 13 13
2 6 7
14 17 6
12 15 14
21 0 11
11 13 3
10 13 5
4 8 9
17 19 13
20 0 1
6 9 1
0 2 6
5 8 3
19 22 1
15 18 5
0 5 5
16 18 3
17 21 6
3 6 4
16 19 12
20 21 2
3 5 3
10 9 14
22 2 10
16 20 13
9 13 8
19 23 8
14 19 13
12 16 8
3 5 6
0 5 12
4 8 8
5 9 9
10 14 12
22 1 11
6 7 1
11 15 4
7 11 9
16 20 12
23 3 4
21 23 14
2 5 5
19 21 1
18 21 6
17 22 7
16 19 1
19 22 9
22 1 5
9 10 14
20 0 6
1 3 7
5 11 9
18 22 7
7 11 10
6 11 13
14 16 12
10 14 13
20 23 6
18 22 11
4 5 11
23 2 1
21 1 11
22 1 13
17 19 14
7 8 2
1 4 5
17 20 4
7 11 2
16 20 3
4 7 10
8 11 7
19 22 12
16 19 8
18 21 2
21 0 7
20 0 6
18 20 7
7 10 3
10 12 11
22 1 13
23 4 12
1 4 6
