1150 10
10 5 7 4 10 1 7 5 4 9 
11 14 7
10 13 7
6 10 7
22 2 1
19 23 1
16 20 5
10 12 8
20 22 6
17 21 5
3 5 8
20 21 4
12 15 8
2 5 9
13 14 8
9 14 4
6 8 2
13 15 7
9 12 10
20 0 3
14 19 7
5 10 7
8 10 2
13 17 2
4 7 8
15 20 4
20 22 1
6 10 3
14 18 1
4 8 9
6 8 6
10 12 4
18 21 7
8 11 7
10 12 1
14 16 2
10 13 1
23 4 7
12 15 7
17 21 5
17 21 7
5 8 4
23 2 2
12 15 4
4 6 9
9 12 7
1 4 8
9 13 5
7 10 10
23 2 9
14 19 9
23 2 4
23 2 3
15 17 7
16 19 3
12 15 8
16 19 6
6 10 1
15 17 6
5 6 8
14 18 5
13 15 7
17 20 9
11 14 9
21 2 3
18 21 1
0 3 9
21 0 8
4 7 1
11 14 3
7 9 5
19 22 7
20 0 1
1 4 8
17 22 8
18 20 5
14 17 5
15 17 6
5 8 3
3 4 7
1 4 8
7 9 2
3 5 6
17 20 1
18 22 7
5 8 6
11 14 7
18 22 6
11 15 1
9 11 6
17 19 6
5 9 3
10 12 7
18 20 10
15 19 9
8 13 10
10 13 6
0 3 4
18 22 9
3 5 5
12 13 3
3 5 1
0 3 10
10 13 6
9 11 2
2 5 1
2 7 1
18 20 8
16 19 6
17 20 4
4 8 4
7 10 1
7 11 6
6 9 5
7 10 3
22 1 6
21 0 8
8 10 7
16 19 7
14 16 9
1 4 2
18 21 2
19 22 10
4 6 4
4 7 7
15 18 10
4 7 2
16 20 5
11 15 7
10 13 9
15 19 3
16 20 2
22 2 2
16 18 3
18 21 2
22 0 5
8 12 7
5 7 10
23 3 10
18 21 4
13 16 10
16 20 8
4 6 8
22 23 5
5 8 3
18 22 7
2 5 2
9 11 1
13 16 1
14 17 7
3 5 4
8 9 7
13 15 8
1 4 1
4 6 7
17 20 4
10 15 10
18 22 4
10 14 4
4 7 10
7 9 4
9 12 3
9 10 7
23 1 6
12 15 5
13 16 5
4 6 8
0 3 9
3 6 4
12 13 5
13 18 8
12 15 10
19 23 7
4 7 9
13 17 9
6 9 7
7 10 3
18 20 3
15 17 5
20 22 5
13 17 1
8 11 9
9 12 6
5 9 8
10 12 2
13 15 8
11 15 5
8 11 6
17 18 2
17 20 9
16 21 6
10 13 5
14 16 1
13 17 8
21 0 2
4 7 8
14 18 5
0 5 4
23 2 8
21 0 2
5 8 9
19 0 6
18 23 5
12 16 9
4 8 4
2 4 7
9 11 10
17 18 9
17 21 8
15 16 6
13 17 6
14 15 6
8 11 3
20 23 3
6 9 5
17 21 7
13 17 3
12 16 5
18 21 10
8 10 3
3 7 7
16 21 8
22 1 1
3 7 1
10 12 8
6 9 5
16 19 1
18 23 7
16 20 8
3 5 7
4 6 4
1 6 8
23 0 7
11 14 9
22 2 10
22 2 1
22 1 8
18 20 8
16 17 5
20 0 5
0 4 4
16 20 6
4 6 4
6 11 4
3 6 6
19 23 2
22 2 4
20 22 10
9 11 10
22 0 10
14 16 10
1 5 8
18 22 10
17 20 3
7 11 1
3 5 7
4 7 4
8 11 10
17 19 4
13 17 8
13 16 7
9 12 10
2 4 4
5 10 1
8 9 10
20 23 1
21 2 9
22 3 2
14 18 6
1 3 4
3 6 9
21 0 9
15 18 4
18 20 2
21 0 8
17 19 1
4 8 8
1 4 9
7 12 3
7 9 9
6 9 10
8 10 3
4 6 3
3 5 7
20 23 7
14 19 7
22 2 5
10 13 8
5 7 3
9 14 1
12 15 7
17 22 7
0 3 10
23 2 8
4 6 1
2 6 3
11 13 1
12 15 5
5 8 5
1 5 6
2 6 2
2 4 8
4 6 7
11 15 6
17 20 2
5 9 4
20 22 8
21 23 10
18 20 4
6 8 3
21 22 2
19 22 9
8 11 5
11 14 5
6 9 3
8 9 7
11 15 3
16 18 3
22 1 6
15 17 6
0 4 3
12 15 8
22 1 1
7 11 7
18 21 2
18 21 8
23 1 9
0 4 5
11 15 8
19 22 7
14 18 2
2 4 1
12 14 7
8 12 1
17 19 10
14 17 5
10 12 4
23 3 3
18 21 3
21 1 7
15 19 7
6 8 4
19 23 6
13 16 5
12 15 7
12 16 6
4 7 3
3 5 7
15 17 1
3 7 10
18 22 7
22 3 1
14 17 3
17 21 5
19 21 5
10 13 8
21 0 10
23 2 9
8 10 2
12 15 7
23 3 3
8 12 8
2 6 2
19 21 5
3 6 9
6 8 6
20 0 7
1 4 3
21 1 1
5 9 5
1 4 2
12 15 7
16 19 8
13 16 6
22 0 5
4 7 9
22 23 8
2 5 1
12 16 10
18 22 3
9 12 10
2 5 9
0 5 2
21 1 5
1 3 1
2 6 10
10 13 1
21 0 2
20 22 9
12 15 4
20 1 5
13 15 4
23 1 9
9 13 4
16 20 10
13 18 1
10 12 2
15 19 1
2 6 8
0 3 10
16 20 6
15 19 2
23 2 2
19 23 8
0 3 1
18 21 8
3 7 6
7 10 2
3 7 7
3 6 1
0 3 2
11 14 10
20 22 9
14 17 7
15 17 8
13 17 2
12 17 7
4 8 6
7 10 4
2 4 4
22 0 8
10 12 6
18 21 7
15 18 9
4 7 8
2 6 1
7 11 6
12 16 5
3 5 6
15 16 4
0 2 6
19 22 6
21 2 5
9 12 1
10 13 4
23 2 10
6 7 3
22 1 7
19 22 4
18 21 9
3 7 5
18 20 2
21 2 2
11 15 10
0 2 10
8 11 9
10 13 9
8 12 3
23 2 8
0 3 5
17 20 9
22 1 1
12 16 5
2 5 4
20 22 5
3 4 7
3 7 3
23 2 2
17 19 5
16 19 1
3 5 7
2 4 6
19 22 4
18 21 4
3 5 8
10 12 5
12 14 6
5 6 8
23 1 4
8 10 4
22 2 4
23 0 7
6 9 1
16 20 5
7 9 8
8 11 7
4 8 1
16 20 4
7 11 10
15 17 7
14 17 5
4 8 9
4 8 1
14 17 10
3 6 9
15 18 2
0 3 6
10 14 6
18 22 10
3 6 7
0 4 2
0 4 10
21 0 5
14 18 1
14 16 1
8 11 6
11 15 7
8 13 7
13 17 10
22 2 8
18 23 9
12 13 7
19 23 9
13 15 10
15 17 1
14 16 7
23 1 7
2 5 1
4 7 6
0 4 2
2 6 8
6 9 1
11 13 5
11 13 9
5 8 5
17 19 6
17 22 7
21 23 8
15 19 6
4 8 10
12 14 6
20 23 6
11 13 3
2 4 1
1 3 9
5 7 10
11 13 4
2 4 6
22 1 3
19 0 2
11 14 1
19 21 10
4 8 3
14 18 6
18 21 1
8 10 10
20 22 5
11 14 4
5 9 9
23 1 4
3 6 5
12 16 2
19 23 8
21 1 3
12 15 6
23 3 6
4 9 2
13 15 4
8 10 4
16 19 4
4 9 9
23 1 5
8 12 3
12 14 10
18 23 9
23 1 6
4 5 3
18 22 7
2 6 10
14 17 2
21 0 3
13 15 10
6 9 5
21 0 1
10 13 8
20 23 6
13 16 9
19 22 2
8 10 2
7 10 6
18 20 10
13 14 9
18 22 10
15 18 10
14 18 8
23 1 4
2 6 7
0 4 7
14 16 10
5 8 9
1 4 2
9 11 10
18 21 5
12 14 10
21 22 10
7 11 6
5 9 8
8 11 7
8 11 5
21 0 3
11 14 1
0 5 2
3 4 10
22 2 6
5 8 9
14 16 8
16 19 7
17 21 4
20 23 9
12 16 1
9 10 2
4 9 7
11 14 2
9 11 9
11 15 6
14 16 8
6 10 8
23 3 8
1 4 6
7 11 5
20 1 10
10 12 6
8 10 4
1 3 4
2 6 8
6 9 10
12 15 4
22 1 4
22 1 6
12 16 3
17 21 2
8 11 9
13 15 4
4 7 9
21 0 4
10 14 3
3 7 8
10 12 8
9 13 6
19 22 9
7 12 4
0 3 8
10 11 9
14 17 4
20 23 9
15 18 8
6 9 8
18 21 6
22 2 10
12 15 3
1 3 8
8 11 5
6 8 1
12 15 3
14 18 9
2 5 3
14 17 2
21 1 7
13 17 8
12 15 7
1 3 3
17 20 5
13 17 2
23 2 5
11 13 5
21 0 8
12 15 6
13 17 4
23 1 10
15 19 3
14 16 7
22 2 6
0 4 6
15 19 4
23 1 2
12 16 6
14 16 8
10 12 5
4 7 5
10 15 2
9 12 3
8 12 3
10 12 2
20 23 10
0 3 2
5 8 9
1 4 8
19 0 7
19 23 2
10 13 6
19 22 10
0 3 2
17 20 7
1 5 8
17 20 9
9 12 7
3 6 9
14 17 9
11 14 9
1 3 7
21 0 5
10 12 6
16 19 7
21 23 7
5 10 6
22 2 10
5 8 9
15 19 10
23 3 7
22 2 1
18 21 8
7 11 9
2 5 6
23 1 10
18 23 6
6 8 6
13 18 6
10 15 3
20 22 2
23 1 9
5 9 8
7 10 5
9 13 5
1 5 6
15 18 9
14 16 7
19 22 8
1 5 9
2 6 5
19 22 9
18 21 7
21 0 1
10 13 5
18 19 9
0 4 8
6 9 7
21 0 5
22 0 8
0 3 3
21 0 2
2 5 9
7 11 7
13 15 1
12 15 4
23 3 2
12 15 10
5 9 2
18 21 9
22 2 8
7 9 2
14 17 8
8 12 8
15 18 1
23 2 10
6 8 7
23 3 1
9 12 1
16 20 9
8 10 10
2 6 6
5 6 2
2 6 8
23 3 4
22 1 4
12 17 10
14 18 1
17 21 6
11 13 9
9 13 4
1 4 4
12 18 6
1 3 4
5 8 4
14 15 6
11 14 6
19 22 2
11 14 1
13 14 1
8 10 3
10 13 3
22 1 7
8 9 1
22 2 7
6 10 3
4 6 3
4 6 5
14 19 1
2 6 10
19 21 5
22 0 8
20 22 2
10 13 4
15 19 8
20 2 8
20 22 5
12 16 1
17 20 4
1 5 3
7 10 8
4 6 5
20 23 5
16 19 9
8 12 9
1 4 6
7 9 7
9 12 2
5 7 3
21 22 9
17 21 10
21 22 10
10 14 4
10 14 3
8 10 7
13 16 6
11 14 2
3 6 8
21 23 8
8 11 6
4 6 9
2 6 7
5 9 9
11 14 4
6 12 2
1 3 10
2 6 5
9 12 2
6 9 4
3 5 5
0 3 3
23 1 9
14 18 1
9 14 8
10 12 3
8 11 9
17 20 9
11 15 7
16 19 8
13 18 8
22 3 10
16 22 6
9 13 10
9 13 7
10 14 2
15 18 7
5 7 10
23 2 3
19 23 4
22 2 8
10 13 1
10 12 3
10 13 3
11 15 6
10 12 9
7 10 9
8 10 10
17 21 10
10 13 6
21 23 7
9 10 6
11 13 1
6 9 9
7 10 1
0 3 4
13 15 5
9 12 2
16 21 4
6 7 2
23 2 6
20 22 4
3 4 1
22 3 10
14 17 3
17 21 4
7 10 1
12 13 5
3 6 9
21 0 7
6 7 10
7 11 2
20 23 10
15 20 8
11 16 4
2 5 6
2 5 4
15 19 1
17 21 3
13 16 5
19 22 9
8 12 7
2 6 8
12 16 10
19 21 7
8 10 4
15 17 8
12 16 10
1 5 4
19 20 7
6 9 3
12 16 8
16 18 4
1 3 10
21 23 5
5 8 4
13 17 3
15 19 8
14 16 9
14 17 7
22 1 3
20 23 5
21 0 7
19 23 2
0 3 7
1 4 6
23 3 10
12 14 4
5 10 8
12 14 2
15 19 5
10 13 6
3 6 8
20 23 7
21 23 10
11 15 7
6 9 6
4 8 1
6 8 7
23 3 9
8 10 7
8 10 2
16 18 5
14 18 7
12 15 5
7 10 10
6 9 5
23 1 3
3 8 3
2 6 5
2 6 1
22 1 9
23 2 2
2 5 3
9 12 1
3 7 10
10 12 9
6 9 8
1 4 7
1 4 10
11 15 9
17 21 10
11 13 10
15 17 2
17 19 6
0 3 10
0 3 7
9 12 8
8 10 6
14 18 2
19 22 7
12 16 5
5 10 10
16 17 5
19 23 7
22 22 9
13 17 10
6 9 4
6 11 2
15 18 4
13 14 10
13 16 1
14 17 9
23 2 5
7 11 8
22 1 7
12 15 7
21 0 2
1 5 2
2 5 1
11 15 8
7 10 1
19 22 5
20 23 8
2 5 7
2 5 1
4 6 8
22 2 6
6 8 9
13 17 5
20 2 7
18 20 7
1 5 5
19 22 8
4 6 7
13 15 3
6 9 4
18 23 6
8 12 6
2 4 3
15 18 2
23 1 1
10 12 1
11 14 3
10 12 2
22 1 4
18 20 1
8 11 2
12 15 5
10 13 1
1 3 10
19 23 6
4 6 10
11 16 8
0 4 7
19 22 1
7 10 2
16 19 2
20 23 8
21 23 4
11 14 3
4 6 7
2 4 10
4 8 3
16 19 4
6 9 5
3 7 2
0 4 4
10 12 3
6 10 8
14 17 10
1 5 7
14 16 8
7 9 8
13 13 1
6 11 3
18 22 2
10 15 4
13 17 8
21 0 10
13 16 1
3 8 7
18 21 8
23 1 9
6 10 3
21 1 6
20 22 2
10 13 5
18 20 1
5 8 1
4 6 9
12 15 9
17 19 6
13 17 1
7 9 4
6 10 5
12 15 1
2 5 3
1 4 10
22 1 7
11 14 6
3 5 9
6 11 10
4 7 9
9 13 10
21 23 8
15 18 10
15 17 5
19 23 3
7 11 3
19 22 2
0 2 3
19 0 5
21 1 5
21 2 4
20 23 8
18 20 3
11 12 6
4 7 3
23 4 10
19 23 7
17 20 7
12 16 4
2 6 4
2 4 1
16 20 7
13 16 6
20 22 2
18 21 1
19 21 5
9 12 5
0 4 5
12 16 6
9 13 9
9 14 4
19 22 3
9 11 4
19 22 5
17 21 4
2 5 4
16 17 6
0 2 8
3 6 4
20 23 9
14 17 4
12 16 6
5 8 6
5 6 3
2 6 10
16 19 1
11 14 4
7 11 8
4 6 4
0 5 7
1 3 5
22 0 2
3 5 6
13 16 3
0 4 4
17 19 4
8 11 2
23 1 2
0 2 5
9 11 1
3 6 2
22 2 5
14 17 10
8 10 1
12 14 7
7 10 10
18 22 3
7 12 7
19 20 10
1 3 7
8 10 2
19 23 2
22 1 4
8 11 7
10 13 10
1 5 1
1 4 7
17 20 2
22 1 4
14 17 9
15 18 6
21 0 1
0 4 8
7 9 4
3 7 8
18 21 2
20 0 9
5 9 10
17 21 4
10 13 6
21 0 7
6 9 5
15 19 2
22 1 10
2 5 9
15 18 5
20 23 3
5 8 6
13 16 9
13 14 5
