350 17
10 3 6 8 2 6 6 10 2 6 2 6 3 2 8 6 2 
12 15 17
4 7 13
18 21 5
7 11 13
12 16 6
2 4 1
13 16 7
10 13 8
13 16 12
12 14 10
4 7 15
7 11 14
9 11 2
6 8 2
2 5 7
4 8 16
11 16 4
15 17 5
1 4 8
15 18 7
17 19 8
19 23 6
23 1 8
22 1 9
9 11 11
21 2 13
10 12 10
21 1 2
5 8 3
10 14 10
11 13 11
5 9 7
14 17 4
7 10 14
13 16 16
20 23 2
23 2 4
12 14 16
13 17 5
2 5 17
19 22 2
0 5 1
19 21 6
8 9 10
7 10 6
17 21 3
22 0 10
9 11 4
10 13 9
7 10 1
17 19 4
2 3 5
7 8 13
11 15 10
14 17 7
5 7 12
1 4 14
21 23 3
2 4 6
5 10 17
7 11 9
8 12 8
17 18 10
22 1 16
18 22 17
15 18 16
13 15 1
17 21 12
15 18 7
7 10 2
17 21 10
14 16 13
17 21 14
23 3 2
17 20 12
5 7 2
4 7 17
9 12 6
1 3 17
19 21 14
14 17 4
3 6 15
22 0 12
11 15 1
13 14 6
1 4 7
16 21 17
3 5 6
12 15 17
6 9 10
14 16 16
12 16 3
11 13 1
1 4 15
5 8 14
21 23 6
7 11 12
19 23 3
9 13 8
9 12 6
13 17 2
23 1 12
18 22 3
22 0 16
4 8 12
20 0 1
22 0 11
13 14 7
18 21 3
23 3 9
19 22 8
23 2 2
0 2 15
18 19 1
6 10 5
0 3 13
18 22 6
12 16 15
20 0 5
14 16 17
21 0 3
15 17 3
0 4 15
16 18 13
14 16 16
3 5 5
2 4 11
22 1 2
22 2 11
2 5 3
8 11 11
17 21 13
17 20 17
23 2 14
7 12 17
20 0 5
21 23 8
0 3 5
23 2 15
3 4 14
3 5 3
9 12 17
12 15 15
20 1 14
11 13 9
16 19 16
20 21 1
10 13 6
23 2 15
0 4 3
6 8 7
15 20 1
6 8 6
16 18 10
22 1 3
8 12 2
23 2 6
21 23 16
16 19 7
3 6 2
22 23 11
16 20 15
3 7 5
3 5 12
20 22 10
15 17 7
18 21 11
18 21 6
19 20 16
1 4 6
14 15 8
6 10 3
4 8 6
9 13 12
14 18 8
19 21 10
8 11 17
5 10 17
4 6 11
17 18 5
2 6 6
20 23 7
17 21 2
5 9 17
13 15 5
13 17 13
17 18 9
19 21 8
4 7 10
2 4 15
14 17 15
22 1 14
1 5 8
22 0 9
6 10 15
8 11 1
1 5 12
13 16 5
7 9 15
15 18 13
16 20 10
6 10 12
20 22 5
12 13 3
21 0 13
12 14 13
16 20 11
1 3 11
14 18 2
2 6 7
6 8 13
18 21 6
3 5 15
7 9 7
20 23 11
9 12 14
15 19 10
4 8 5
19 22 11
19 22 17
3 6 14
9 11 4
9 11 12
2 5 17
14 18 15
2 4 11
7 10 10
12 18 6
19 21 9
4 7 17
16 20 1
4 5 6
21 1 4
17 21 4
12 14 12
12 16 1
22 1 6
8 10 1
4 7 2
23 3 14
23 2 13
9 11 10
16 19 5
5 8 11
6 9 10
11 15 13
2 3 1
2 5 11
9 13 6
8 11 14
12 15 14
7 9 1
13 17 10
13 17 6
21 22 5
20 0 10
1 4 13
4 6 1
8 11 14
22 1 15
3 4 2
7 9 17
4 6 16
6 10 13
3 5 7
21 0 11
17 20 14
21 0 14
5 7 4
19 22 2
11 14 10
21 0 15
10 13 5
18 19 2
22 1 5
1 2 1
17 20 8
14 16 6
1 3 13
22 2 2
1 3 6
19 21 9
15 18 2
8 11 4
8 9 7
14 16 9
13 15 2
16 18 9
6 9 7
8 12 2
1 6 7
4 9 4
17 20 3
21 1 5
5 9 7
23 2 4
5 6 9
6 10 15
7 9 7
23 2 12
1 4 3
15 18 1
8 13 6
22 1 14
19 22 15
16 19 12
0 3 5
23 0 3
8 9 11
13 16 1
15 19 16
1 3 15
2 6 13
8 11 12
4 7 1
1 5 3
22 1 16
12 17 10
8 11 7
8 12 10
15 17 11
9 13 5
11 16 16
2 4 10
0 4 4
8 10 4
16 19 14
8 10 8
20 23 4
4 7 3
21 0 7
6 10 12
10 15 9
12 14 12
3 7 10
23 1 14
14 18 2
4 7 12
13 17 17
12 15 7
19 20 14
1 4 15
22 3 7
10 13 2
19 23 4
10 12 10
10 13 17
10 14 10
13 14 5
15 18 7
