1200 19
3 8 5 9 6 6 8 3 4 2 1 7 8 7 9 6 10 2 9 
2 5 6
9 12 4
7 9 3
8 11 18
16 19 11
18 22 11
3 7 18
11 15 4
17 20 15
13 15 4
20 0 7
7 8 12
15 19 8
3 7 2
8 12 12
3 4 4
5 9 11
16 18 8
2 5 14
17 20 18
14 16 9
8 10 8
2 6 18
12 16 16
23 3 6
21 23 13
22 2 2
19 22 13
13 16 16
0 4 13
13 13 3
14 18 17
18 21 7
4 6 1
9 10 16
14 17 10
12 15 19
19 0 4
10 15 19
21 23 10
6 9 3
0 4 15
2 6 10
15 19 10
4 7 7
7 9 6
20 21 11
7 9 6
12 14 1
23 1 11
3 6 10
4 8 4
5 8 9
10 12 12
2 6 7
23 2 12
18 20 9
13 17 6
0 1 15
15 18 10
8 12 9
10 13 9
3 7 1
20 0 16
15 19 9
3 5 12
0 3 19
12 16 12
15 18 1
12 15 1
1 5 12
11 15 6
9 13 4
23 3 7
9 13 16
11 17 11
5 8 3
12 16 2
20 23 11
19 0 13
3 7 15
20 23 4
5 8 18
14 17 11
19 22 12
22 2 9
17 19 14
21 0 18
6 10 4
4 8 18
20 22 9
20 23 11
13 15 3
5 7 2
15 16 13
5 7 19
22 1 12
17 20 14
12 16 14
21 23 1
5 9 17
3 6 18
4 8 4
17 19 14
18 20 11
3 6 1
11 15 14
21 23 17
13 16 15
4 6 5
8 12 10
0 5 5
19 22 19
15 18 2
4 9 8
16 18 1
10 14 17
22 1 13
0 2 10
4 8 13
14 16 3
8 12 19
7 7 10
14 18 14
14 15 11
16 18 16
21 0 5
21 1 11
12 16 8
10 13 4
18 20 13
16 20 18
16 20 12
21 1 1
0 2 1
22 2 5
22 1 1
13 14 3
13 15 5
1 2 8
14 18 17
22 0 16
16 19 4
20 22 14
10 12 15
7 8 7
20 1 15
18 21 5
14 17 1
12 15 13
23 1 16
8 10 2
9 13 18
1 2 7
7 10 16
18 21 9
22 2 12
8 12 7
21 23 2
17 19 15
21 1 11
14 16 18
14 17 16
5 8 1
22 1 15
7 10 12
17 20 5
4 7 11
0 3 4
4 8 16
22 2 9
14 16 4
10 13 4
22 2 6
19 22 3
7 12 14
18 21 6
19 23 4
13 17 13
13 17 17
20 22 15
1 3 12
23 2 7
22 1 15
0 3 17
6 10 6
20 22 5
1 5 2
7 9 1
18 21 16
13 14 15
20 22 1
12 15 6
7 10 6
16 20 10
8 11 1
9 13 6
3 4 5
13 14 8
23 2 7
15 19 14
9 12 16
12 14 6
8 12 9
14 16 4
12 17 15
0 4 4
20 23 1
11 12 12
15 18 2
9 12 18
4 7 2
22 0 3
8 10 13
10 13 8
3 5 4
22 3 17
23 1 10
11 14 5
5 7 9
3 5 17
23 2 18
23 3 1
13 17 1
23 2 4
23 4 2
13 17 12
16 18 12
11 15 15
15 17 14
5 9 13
18 22 13
18 21 9
12 15 10
19 20 6
22 0 3
15 17 3
13 18 13
19 21 6
0 4 14
10 15 9
2 4 8
23 2 15
20 0 7
10 13 10
13 17 10
0 3 19
6 10 15
6 9 13
11 14 15
14 17 18
11 16 15
23 3 13
4 7 2
19 21 14
17 21 13
15 18 10
9 14 12
12 14 15
8 9 1
23 2 8
4 7 12
17 22 16
8 12 15
22 23 17
18 21 16
8 10 1
22 0 6
19 20 8
1 5 12
14 17 5
4 8 17
12 14 10
21 1 14
15 17 15
12 15 14
10 13 13
22 1 19
18 22 11
8 11 9
7 10 8
3 5 13
13 15 7
19 21 6
9 12 15
2 6 4
5 8 16
2 6 9
5 9 18
11 14 8
6 8 3
12 16 19
11 13 2
17 20 15
19 22 13
0 3 12
5 9 18
22 1 19
23 2 18
16 20 3
14 17 10
9 14 18
20 23 9
17 21 8
20 22 4
14 18 18
8 10 15
4 9 19
12 14 9
2 6 4
0 1 9
8 11 3
16 19 2
4 7 12
11 12 5
22 1 16
11 12 1
15 18 18
6 8 10
9 14 11
12 17 16
12 15 1
11 15 5
8 12 2
18 22 19
19 22 2
1 3 7
5 9 17
20 0 9
12 14 14
2 4 16
6 9 10
0 4 10
11 13 14
6 7 7
11 14 15
13 15 16
11 15 5
5 9 1
17 20 10
1 3 17
23 3 4
18 22 3
14 18 3
18 19 19
8 12 1
0 1 9
21 23 4
21 0 13
20 0 16
20 23 18
23 3 3
3 7 5
8 9 8
4 7 16
22 2 4
2 4 15
14 16 8
15 18 2
0 5 14
11 13 6
12 14 5
4 7 2
19 22 9
15 20 16
2 4 19
23 2 11
3 7 10
15 18 1
7 10 1
10 14 7
14 16 5
6 8 12
0 3 19
8 12 17
5 7 6
15 16 6
11 13 3
11 15 19
5 11 5
22 1 4
12 14 16
16 20 2
5 6 9
15 16 5
8 12 9
23 2 16
18 21 4
22 2 12
3 4 13
22 0 1
13 18 9
22 2 4
15 18 11
10 14 11
6 9 3
15 16 6
23 1 6
8 11 2
18 19 4
1 5 18
0 2 13
2 5 1
0 4 7
10 13 14
0 4 7
18 19 8
11 15 14
19 0 18
2 5 3
5 9 1
7 10 5
13 17 11
7 12 10
22 2 5
16 18 2
17 21 18
5 8 9
2 4 15
19 23 16
9 12 2
4 7 12
20 23 11
16 19 10
19 22 11
5 8 3
9 11 19
3 4 7
22 3 11
18 20 12
5 7 8
22 3 1
2 4 7
8 11 6
3 7 5
0 2 7
6 9 4
17 20 2
1 6 9
22 1 13
8 10 16
1 6 7
6 9 7
3 7 9
16 18 10
21 0 2
11 14 18
18 21 14
1 3 17
20 21 13
9 11 8
1 4 6
10 13 5
9 12 3
22 4 7
9 12 12
5 7 13
22 1 19
15 17 4
21 23 8
23 0 17
23 4 5
14 15 19
5 8 17
9 12 15
14 18 1
11 14 19
14 16 16
5 11 18
13 17 2
23 2 10
12 14 1
4 7 2
6 9 14
19 19 14
19 22 11
2 4 18
21 0 3
21 1 10
10 11 19
9 12 6
8 11 9
23 2 14
1 4 14
18 20 17
14 19 9
6 8 9
6 10 10
14 17 14
11 14 11
2 5 5
13 15 15
21 23 5
11 14 1
0 3 13
19 21 1
10 14 17
12 14 6
21 22 10
22 0 11
2 5 1
15 17 5
11 14 10
18 23 17
15 17 12
21 1 2
5 8 5
23 4 7
6 9 15
10 15 5
22 2 10
9 13 17
22 2 11
4 8 16
19 23 14
12 15 2
23 0 9
7 10 4
23 1 19
12 15 6
9 10 15
22 2 15
10 13 19
18 21 11
5 7 2
3 6 15
1 4 7
23 1 18
5 9 16
15 19 9
7 11 10
12 15 11
2 4 18
9 13 15
7 11 12
20 22 3
17 21 7
3 6 10
22 2 16
1 4 3
12 15 17
0 4 9
4 8 3
23 2 19
7 11 16
6 7 18
11 13 2
18 20 16
16 18 11
17 21 14
23 1 16
4 8 16
10 13 7
19 21 18
8 8 11
13 16 6
8 11 11
12 15 18
17 19 5
10 14 4
14 16 18
2 6 19
2 4 1
10 14 13
20 23 18
11 14 7
23 1 14
13 16 3
9 9 7
4 7 9
5 7 14
13 15 16
12 15 12
5 7 16
1 3 12
19 22 3
5 8 14
2 5 18
12 14 14
3 6 9
15 18 3
16 18 15
14 16 14
15 19 9
4 6 2
12 15 6
0 4 19
12 16 4
10 12 15
19 23 7
5 8 17
21 1 14
11 14 12
8 13 16
11 17 6
9 12 7
21 0 15
17 20 2
22 0 6
9 12 12
20 1 11
5 8 5
11 15 6
5 8 9
13 17 5
8 12 12
19 23 10
3 6 12
1 4 11
20 0 16
0 3 8
23 2 8
22 1 1
15 17 17
23 2 10
21 23 16
19 23 11
15 17 11
10 15 12
11 15 10
8 10 4
7 8 5
18 21 10
18 22 14
0 4 4
13 16 9
22 1 9
8 10 8
2 6 1
11 15 4
13 17 14
20 22 17
20 0 19
20 22 4
12 16 10
17 21 9
2 5 14
9 12 8
0 4 15
19 22 15
20 22 7
23 2 19
6 10 2
12 17 11
16 19 3
6 9 18
13 16 2
0 4 1
12 16 19
8 11 19
0 3 1
7 9 7
9 12 18
6 9 8
23 3 7
11 12 6
21 0 17
12 14 19
2 6 12
2 5 11
1 5 12
13 14 17
16 18 5
8 10 13
22 1 2
15 18 3
10 13 3
21 0 3
14 17 17
22 2 14
9 12 2
16 19 15
9 12 12
18 21 2
13 15 19
10 12 13
18 21 8
6 11 13
5 8 17
18 21 14
9 12 5
0 3 9
20 23 19
7 11 19
12 16 16
20 23 10
23 2 8
13 17 16
16 19 17
0 2 5
3 5 11
9 13 17
7 10 2
0 2 16
21 1 2
7 9 12
1 5 15
4 7 1
7 10 9
17 18 9
8 13 4
13 16 14
11 14 14
14 19 14
22 1 12
12 17 1
14 18 1
16 22 4
21 23 11
19 0 12
16 20 13
16 19 1
20 22 4
4 5 6
17 21 11
14 18 12
12 17 19
5 7 1
2 6 1
20 0 19
21 23 10
18 22 11
1 5 3
20 23 14
20 22 19
9 12 6
1 5 5
22 1 11
5 7 12
1 4 15
12 15 18
17 20 3
12 14 6
5 8 12
23 3 12
19 19 13
16 19 2
8 10 5
0 5 11
15 20 9
3 7 2
1 3 10
19 21 11
6 10 13
17 22 6
0 4 7
19 22 5
3 5 1
12 15 14
0 4 6
13 17 17
10 12 10
22 1 1
23 1 13
21 0 14
23 3 6
5 8 7
18 22 9
6 10 9
6 7 7
12 15 16
16 16 2
0 2 19
17 20 8
4 9 5
8 12 11
14 18 5
11 13 19
2 5 5
5 8 9
16 19 13
6 11 2
12 15 2
19 22 11
11 15 18
6 8 5
8 9 13
23 1 4
5 8 17
15 19 10
15 19 7
16 19 4
1 3 15
12 12 13
21 23 6
21 0 10
14 17 5
2 5 2
12 15 14
14 15 9
13 18 13
23 1 14
19 21 14
9 11 3
3 6 6
8 12 10
23 3 19
23 2 13
2 5 3
1 3 16
11 13 15
9 14 10
9 11 16
0 5 13
13 16 14
5 7 5
17 21 5
16 19 8
18 19 5
5 8 5
9 11 17
11 15 17
12 15 17
6 8 19
2 7 13
2 5 19
13 16 1
4 5 16
22 0 14
6 8 9
23 2 1
4 6 5
18 21 16
7 11 8
18 21 2
1 3 2
0 2 17
1 7 7
21 23 11
8 11 15
0 3 13
13 16 18
19 21 7
0 2 11
5 9 13
12 16 1
10 14 11
20 1 6
13 15 18
2 5 6
14 18 17
13 15 2
17 21 8
20 23 8
6 10 1
8 11 6
9 12 6
21 1 13
12 14 2
16 21 2
1 4 19
15 17 18
2 5 10
23 2 12
5 7 4
4 7 19
15 18 1
7 9 8
17 19 4
19 23 8
11 15 12
9 11 3
21 1 11
15 18 13
21 2 18
1 1 10
2 6 6
15 18 1
15 18 5
10 13 14
13 17 18
22 1 7
13 15 3
6 10 9
14 17 1
12 14 8
17 21 2
11 14 5
5 8 15
8 12 4
15 19 19
15 18 15
12 16 14
13 16 14
1 5 2
5 7 8
8 10 6
0 3 9
21 1 11
1 3 3
13 16 17
14 17 9
21 23 2
14 16 7
13 16 19
4 6 14
1 4 13
21 23 10
5 8 2
3 6 2
2 5 17
3 7 18
0 1 4
21 0 15
12 14 19
16 19 5
1 4 5
7 8 19
1 5 11
7 9 4
22 1 12
12 15 11
5 10 15
12 15 7
18 20 12
22 1 10
4 7 13
9 14 6
18 22 14
10 12 17
18 21 5
10 12 18
11 14 14
12 17 10
15 18 13
7 9 9
22 0 19
4 7 6
19 22 18
7 8 10
9 12 9
12 15 4
21 23 13
8 12 16
11 13 8
19 20 1
18 21 11
20 0 9
19 22 17
16 21 13
20 0 19
3 6 12
4 7 19
9 11 16
6 10 12
20 0 5
7 9 4
14 17 15
12 13 2
22 3 12
13 16 11
9 12 2
23 3 2
22 1 13
23 1 18
1 4 15
11 15 10
6 9 11
23 2 17
2 6 12
11 11 14
15 17 3
15 19 18
23 1 2
16 19 18
15 16 9
14 16 2
9 13 16
12 16 3
5 7 2
18 21 17
23 3 6
12 14 8
10 12 9
4 7 7
0 4 4
8 11 15
17 20 17
0 2 4
11 15 15
16 18 4
2 5 11
17 20 10
13 14 10
3 6 19
15 18 13
19 22 17
12 14 18
10 12 11
20 23 10
5 8 12
0 3 18
11 13 10
7 12 9
13 18 3
14 17 10
7 10 8
13 16 3
11 13 8
22 1 18
23 2 17
3 7 13
8 9 18
19 23 13
20 22 17
0 4 12
21 0 4
17 18 16
22 23 16
19 23 16
14 16 9
6 10 14
13 15 3
0 4 9
13 14 19
21 1 18
7 10 1
9 12 1
17 21 15
14 16 7
19 23 14
9 11 13
18 22 1
7 10 4
6 10 10
5 9 13
8 10 19
12 15 8
19 22 7
0 2 15
9 14 11
6 9 10
16 19 6
16 18 1
5 9 13
19 21 1
3 7 3
16 20 19
11 13 16
3 7 14
15 18 1
17 20 1
1 2 4
17 19 14
9 11 9
3 6 10
6 7 6
8 11 10
7 10 5
7 11 8
7 10 7
9 13 12
17 20 5
12 15 8
22 1 17
16 19 3
19 21 1
20 22 4
11 14 3
14 17 18
12 15 12
21 2 18
22 1 15
18 20 15
8 12 19
9 15 17
6 8 6
4 6 7
13 16 8
10 14 4
19 23 2
21 0 9
22 3 18
18 20 16
23 2 9
18 21 11
19 23 1
12 16 8
15 17 18
12 13 9
0 4 18
6 9 15
18 21 4
3 5 16
10 13 18
11 14 6
19 22 2
0 2 14
18 22 18
6 8 3
19 23 14
13 15 11
18 21 18
20 0 18
17 20 19
20 22 6
1 2 8
12 16 5
17 20 4
22 2 11
22 2 7
18 21 6
12 14 6
11 13 19
12 16 13
16 19 11
19 21 18
23 2 6
16 21 5
6 10 3
5 10 12
10 12 1
15 17 1
4 7 8
23 2 6
1 5 19
10 13 1
19 22 13
0 1 4
15 16 15
18 20 9
19 21 3
23 2 11
0 3 5
5 9 10
13 16 18
20 22 2
2 5 19
6 9 15
18 20 12
11 14 16
19 22 3
1 3 10
15 19 5
6 10 19
17 19 14
16 20 8
16 20 18
11 14 2
16 19 1
4 7 10
20 23 2
12 13 12
4 7 4
7 10 2
13 17 8
11 15 6
0 4 11
9 11 17
14 17 5
16 18 15
13 16 13
15 17 9
5 7 18
4 7 6
3 5 3
23 1 12
1 4 13
18 23 19
11 14 15
19 21 4
4 7 3
3 7 19
8 10 1
21 0 2
12 16 19
14 15 8
14 16 7
6 9 3
12 17 1
23 4 17
15 17 7
20 22 6
12 16 3
13 16 1
15 18 10
7 11 15
2 6 2
22 0 3
15 19 15
20 22 4
4 6 18
0 3 16
11 14 12
9 11 14
11 13 1
6 8 11
13 17 3
2 6 18
8 10 2
0 3 10
17 20 3
16 19 10
22 1 15
14 17 18
22 2 5
23 2 8
8 11 2
20 22 17
1 5 19
