1350 8
2 3 4 5 3 9 6 9 
21 1 6
17 19 2
17 20 5
21 23 1
9 13 5
15 17 8
4 6 4
21 0 7
17 20 8
10 13 5
12 15 1
17 21 7
20 22 1
22 1 3
19 21 8
10 15 3
12 15 6
5 7 1
3 5 1
22 1 5
7 10 5
21 23 4
1 4 4
15 19 7
4 7 6
1 5 1
15 18 5
22 1 4
13 16 3
15 20 3
6 10 3
4 9 3
17 20 8
15 19 1
4 7 1
9 11 4
1 3 2
3 6 8
20 0 1
16 18 4
23 0 5
6 8 5
1 5 4
4 9 3
19 1 1
19 22 4
11 13 3
13 17 6
8 10 8
13 16 7
11 14 4
6 10 2
11 13 1
11 14 4
19 22 7
20 23 1
12 15 6
1 4 5
4 6 2
9 12 7
9 13 4
22 2 2
8 12 1
18 21 3
0 2 3
1 4 8
13 16 1
16 20 6
18 21 2
20 22 6
10 12 8
12 16 3
21 0 5
23 2 6
17 21 5
0 1 4
3 7 1
1 4 7
13 17 2
13 16 6
8 11 7
6 8 6
22 1 2
16 20 2
1 6 5
9 12 4
8 10 6
7 11 7
2 5 8
12 14 6
7 9 7
15 19 2
15 18 5
5 8 3
4 7 1
12 13 6
11 15 4
4 7 6
12 15 6
11 12 5
9 12 4
16 20 4
16 19 6
18 21 7
19 23 3
3 7 3
18 20 4
4 7 2
23 2 2
4 7 1
1 5 8
12 15 7
8 11 1
22 0 3
11 13 1
1 4 3
4 7 7
2 4 1
17 20 3
23 3 4
22 2 8
22 0 4
13 17 4
15 18 6
13 18 8
7 9 1
9 12 5
19 22 3
19 0 6
19 22 4
5 9 7
1 5 1
17 22 5
17 19 5
1 5 7
9 10 8
19 22 5
0 1 2
4 7 6
7 10 5
5 8 2
19 22 4
7 11 4
23 3 8
7 10 8
20 22 2
14 17 3
3 7 8
17 19 4
20 22 4
16 19 1
5 8 5
14 15 6
12 16 4
13 16 5
0 3 4
15 18 6
1 4 6
1 4 8
20 21 2
16 20 4
10 12 1
0 5 8
11 14 1
11 13 2
16 20 4
12 14 2
1 4 1
12 15 2
21 1 7
8 10 5
7 12 5
13 16 1
14 15 5
3 4 3
22 1 8
12 15 4
5 7 3
22 0 5
11 13 7
12 15 5
13 17 7
9 12 3
20 1 1
2 4 5
7 8 3
1 3 1
17 21 1
14 19 4
22 0 3
14 16 3
11 12 5
14 17 2
7 11 6
21 22 1
4 7 3
14 17 8
7 10 6
15 18 4
19 21 7
13 16 3
1 2 7
0 3 6
17 19 3
10 10 8
2 6 7
21 1 7
14 18 3
13 17 7
22 2 6
19 21 7
22 0 5
6 10 1
14 17 5
10 14 7
18 20 2
19 23 8
1 3 1
22 1 5
22 23 1
20 22 8
15 17 4
14 16 4
4 7 8
15 20 2
23 2 2
11 14 4
23 0 3
23 2 8
16 18 1
10 11 2
12 14 2
12 14 2
14 17 6
20 23 3
1 3 5
14 16 1
19 22 5
14 16 1
3 7 8
17 21 1
23 2 5
4 6 7
17 20 5
9 10 3
18 21 6
17 19 4
13 17 6
10 12 7
23 3 4
16 19 5
19 23 2
0 3 6
17 22 1
0 3 7
9 13 8
14 16 3
4 6 8
8 12 4
19 23 5
18 22 1
3 5 6
13 15 3
7 10 6
17 22 1
10 13 1
1 3 5
23 2 5
23 1 4
8 9 2
10 14 2
6 9 3
2 4 2
15 18 7
23 2 5
17 19 8
16 19 8
8 13 1
4 8 6
20 22 7
14 18 4
1 3 4
5 8 2
0 4 6
21 0 5
4 8 3
21 0 6
13 16 4
11 15 1
11 12 7
18 22 3
7 11 6
8 9 5
0 4 7
1 5 2
9 11 2
5 7 8
20 22 2
1 3 6
7 7 7
7 11 3
15 17 8
15 18 6
2 5 7
7 9 7
14 17 6
22 0 2
11 14 3
0 2 7
5 7 3
2 6 3
18 22 6
21 23 1
5 8 3
7 9 5
4 7 6
5 8 1
17 20 3
8 10 1
1 2 4
19 22 2
3 7 6
3 7 4
15 18 2
10 13 5
13 15 1
18 21 7
21 0 5
3 6 4
4 6 7
5 7 1
18 22 8
12 16 6
9 11 1
8 12 8
9 13 4
2 6 5
15 17 6
19 23 2
22 1 3
18 22 7
19 23 5
10 12 4
10 14 8
3 5 4
15 19 2
23 1 2
8 11 2
13 16 5
3 6 2
21 1 2
21 0 5
7 10 6
19 23 1
1 4 8
0 3 6
20 22 8
10 14 6
0 4 4
2 5 2
6 9 2
4 7 3
13 16 5
22 0 8
6 9 1
2 4 2
7 11 7
11 14 2
3 7 4
16 18 5
22 2 5
14 17 8
13 16 1
10 13 5
10 12 7
11 14 4
20 23 4
13 16 5
10 14 4
0 3 5
15 18 1
3 5 3
20 21 7
11 14 5
15 17 4
22 1 5
7 10 8
22 0 7
16 20 8
8 12 2
14 17 7
20 23 8
1 4 2
17 21 2
13 16 4
16 18 3
23 5 5
1 4 3
7 12 8
2 5 2
2 6 1
17 20 2
17 20 1
18 20 8
13 15 6
3 5 2
10 13 2
16 19 6
11 13 5
13 15 4
21 1 7
15 18 3
11 14 5
2 7 4
0 3 1
0 6 3
17 18 4
22 1 7
0 3 8
8 9 2
4 7 7
2 6 4
4 5 2
23 2 4
19 21 1
17 20 1
23 3 6
2 5 7
8 13 6
17 20 6
0 2 3
9 13 7
9 12 5
11 12 5
4 7 8
1 4 3
16 20 3
13 16 3
17 21 1
14 18 4
23 1 7
11 14 2
6 7 8
6 9 6
5 7 3
18 20 2
4 9 2
22 3 5
17 19 5
12 17 3
19 22 5
4 6 7
18 20 1
10 13 2
8 10 1
12 15 4
3 7 3
22 2 7
14 17 8
8 10 8
18 21 3
1 4 4
5 9 6
18 22 7
16 19 2
8 10 6
3 7 7
20 23 4
1 4 7
20 0 2
16 19 8
4 5 3
6 9 3
19 22 2
21 0 5
19 22 1
1 5 7
18 22 3
9 12 3
8 13 8
3 6 1
4 6 8
13 17 4
16 19 8
9 13 1
0 3 8
22 1 8
1 4 6
22 3 3
22 1 8
19 22 2
10 12 6
3 6 5
23 1 3
18 23 1
3 4 6
10 13 2
3 3 3
12 14 5
4 7 6
14 19 7
0 3 2
4 8 8
3 6 1
11 15 1
18 21 3
22 2 6
17 19 2
23 3 6
11 14 3
17 21 6
19 23 6
20 23 5
5 6 1
15 19 8
9 12 5
21 0 4
10 13 6
5 7 2
22 0 7
4 5 5
12 14 6
21 1 8
18 22 6
20 23 8
4 7 5
18 21 7
13 17 3
21 0 1
13 14 5
15 17 3
8 11 3
10 12 3
22 1 6
14 17 4
23 2 6
3 6 8
15 18 5
8 11 3
3 6 1
9 11 3
12 17 8
12 14 4
23 2 2
1 4 3
6 9 2
4 8 5
1 4 8
10 14 6
7 10 8
7 9 1
14 17 8
4 7 4
17 19 2
9 12 1
12 16 2
22 0 4
3 8 4
10 11 5
9 13 1
6 8 6
8 12 5
9 13 5
16 19 4
0 3 6
22 0 3
6 10 7
10 14 2
17 21 1
13 15 2
5 8 5
6 8 6
12 15 7
19 22 8
4 8 5
12 17 2
10 13 7
21 23 7
11 14 7
23 1 7
21 2 1
10 12 6
9 12 1
23 2 6
16 19 3
11 14 2
21 1 8
13 16 6
3 6 1
4 6 4
4 8 5
15 19 1
12 15 7
18 21 8
3 6 1
9 13 4
14 16 6
0 5 4
21 1 5
1 3 8
11 14 8
3 6 3
20 23 7
10 12 2
0 4 1
21 23 4
12 16 8
16 20 2
17 21 6
9 11 8
19 21 6
17 20 2
7 12 1
11 12 4
21 23 3
22 2 4
22 2 3
15 18 6
0 3 2
20 22 7
10 13 8
5 8 2
11 15 1
11 15 2
13 14 6
18 22 3
11 13 7
5 6 3
7 11 6
8 11 8
5 8 7
22 0 2
16 20 6
9 13 4
18 21 3
5 9 6
19 21 1
20 1 1
5 7 1
14 18 6
6 8 7
6 8 3
11 13 1
9 12 8
14 16 1
9 14 4
16 20 3
6 9 8
6 7 2
16 19 8
12 13 5
19 22 1
11 16 3
3 6 3
2 5 3
20 22 6
1 4 3
1 4 3
18 21 4
4 6 1
10 12 4
15 19 1
6 10 6
19 21 4
2 4 7
4 8 4
17 19 3
3 7 5
12 14 2
21 0 8
6 9 1
20 0 3
9 12 6
15 19 4
17 21 6
3 6 5
12 17 2
10 14 5
11 13 2
19 22 6
14 18 8
18 22 7
15 16 5
8 12 7
7 12 3
16 18 4
4 7 3
9 11 6
20 23 2
7 10 8
20 1 5
18 21 2
12 15 4
5 9 4
4 8 1
9 13 3
8 11 7
20 0 5
17 22 6
21 0 6
2 6 8
18 22 5
9 13 2
23 3 1
16 19 5
1 3 3
11 14 5
17 19 8
12 15 3
6 9 1
5 7 8
4 7 5
1 6 3
22 1 7
3 6 5
5 7 4
6 9 8
14 18 3
17 20 6
21 23 2
0 2 7
0 2 3
5 8 3
20 2 1
2 4 8
11 13 7
22 0 2
15 18 7
10 14 6
5 8 2
15 17 4
4 5 4
0 2 8
11 13 1
11 14 8
3 5 6
21 1 4
22 2 6
1 4 8
15 18 7
0 3 7
19 0 4
2 8 8
9 13 8
8 11 4
13 15 5
11 12 8
0 3 1
23 3 3
8 11 7
0 2 2
7 9 5
5 8 1
8 12 3
8 10 7
0 4 4
18 20 6
21 0 7
23 2 6
14 17 6
12 15 2
16 19 7
21 3 2
9 12 4
1 3 7
14 18 3
12 15 3
14 17 2
14 17 4
10 13 1
13 15 5
6 9 5
15 16 1
5 7 2
20 0 6
10 12 4
17 19 4
20 22 1
12 15 1
14 16 5
10 13 6
11 14 5
23 3 7
6 8 6
7 11 7
7 10 5
9 12 6
6 9 2
10 13 6
2 5 1
20 23 2
14 16 5
17 20 8
7 12 7
17 20 3
1 3 7
20 21 3
9 13 2
14 17 1
23 4 3
17 20 2
22 23 7
17 19 4
11 14 4
9 10 8
5 8 8
21 23 1
5 9 8
18 22 6
17 22 5
18 21 1
8 9 7
0 3 4
12 15 2
7 10 6
6 9 4
18 21 4
10 11 5
22 1 8
18 21 6
6 8 2
15 18 5
17 20 8
23 2 5
19 21 1
13 16 2
10 13 7
3 7 1
21 0 3
8 11 7
0 3 8
8 11 5
11 14 1
13 16 4
3 5 6
22 2 1
0 5 3
3 6 7
21 1 4
4 7 6
19 21 3
11 14 8
15 18 7
5 9 6
15 18 8
0 3 3
4 7 1
11 14 7
11 15 1
5 9 5
14 18 6
11 13 2
6 9 6
10 14 7
11 14 5
15 20 8
8 10 6
11 11 7
9 13 7
0 2 6
4 7 6
6 9 2
8 12 5
23 2 3
9 13 2
2 6 5
12 14 1
6 7 1
13 15 3
7 11 8
19 21 5
11 13 5
13 16 6
20 1 1
19 21 5
5 9 8
11 15 3
6 8 1
5 8 1
1 3 8
5 10 6
14 17 2
20 0 3
14 17 2
20 0 4
14 19 7
8 9 6
13 16 1
2 5 5
22 1 3
20 0 1
2 4 8
21 23 6
17 20 1
20 22 8
21 1 2
15 18 3
6 9 8
13 15 7
9 13 7
8 9 7
12 15 7
19 0 5
17 18 5
3 6 4
1 4 6
21 0 7
15 17 8
18 21 8
15 18 7
10 15 4
11 14 2
4 7 4
14 17 2
15 17 1
14 15 6
1 4 7
11 16 5
9 11 6
20 22 6
16 17 7
21 0 7
1 4 7
5 6 4
13 16 3
14 18 3
20 0 5
14 16 4
3 6 1
23 2 6
5 8 1
22 2 3
17 20 6
7 10 3
20 23 2
21 1 5
18 23 3
19 22 7
21 0 2
19 23 6
11 13 8
8 12 6
0 2 2
10 13 3
2 5 3
16 20 1
22 1 1
16 19 5
1 4 2
0 5 5
4 7 3
5 8 6
7 9 6
21 1 7
0 4 7
1 4 4
3 7 3
21 1 4
0 2 2
1 4 5
22 2 1
22 1 7
3 5 2
21 1 4
8 11 6
3 6 1
19 1 3
11 14 4
4 6 4
5 9 2
1 2 3
6 10 3
3 5 1
14 18 5
8 12 6
0 5 1
4 7 6
1 5 4
7 11 4
6 11 1
14 17 5
20 21 1
9 11 7
1 5 5
2 4 4
5 9 1
5 7 5
12 14 3
3 5 8
7 11 4
0 3 8
3 7 4
3 6 4
14 15 4
13 16 6
14 18 2
13 15 2
21 1 6
6 7 1
20 23 2
18 19 7
6 9 8
8 14 4
10 13 2
6 10 6
14 17 3
1 3 8
2 5 6
10 15 5
19 23 4
15 20 3
5 8 5
4 8 4
15 18 2
20 23 5
11 13 2
7 10 6
16 18 1
3 7 8
10 13 2
1 4 7
9 12 1
10 12 5
2 4 6
14 19 3
7 11 6
0 3 6
22 3 3
6 9 3
5 8 2
8 11 1
20 0 3
10 14 5
11 14 3
21 1 5
1 3 7
21 23 5
12 16 4
22 1 6
0 3 4
14 17 3
11 15 7
16 20 2
5 8 7
13 16 2
18 21 8
4 7 3
6 10 8
9 12 6
13 16 4
3 5 8
21 23 3
8 11 2
14 16 4
16 18 3
11 13 2
5 9 1
15 18 6
14 17 5
11 14 6
10 13 5
1 5 4
22 1 8
19 22 8
18 22 5
14 17 7
19 23 3
14 16 8
14 19 7
5 7 7
21 22 3
15 19 1
2 5 5
17 20 4
15 18 6
14 16 5
5 8 3
16 19 7
6 9 4
16 19 1
11 14 5
14 16 2
15 19 7
14 16 8
17 21 5
4 8 4
6 8 8
11 13 8
1 4 3
16 18 2
6 8 5
0 2 8
22 2 1
1 4 4
23 2 1
22 1 2
18 19 1
10 12 2
20 22 8
23 2 5
15 19 5
3 7 6
0 2 5
23 2 6
20 23 5
9 12 1
16 19 6
9 12 3
11 14 6
19 22 6
14 16 7
22 2 8
21 0 2
13 15 2
6 9 8
16 19 2
23 3 1
23 2 1
3 8 4
22 0 6
14 19 6
11 14 2
22 0 7
4 6 8
2 5 4
6 10 1
6 11 1
6 10 6
7 9 1
16 20 2
19 23 1
14 17 3
21 0 7
12 14 2
5 7 2
20 0 7
0 4 1
23 3 2
18 21 7
17 20 6
1 3 7
18 20 4
11 14 5
0 5 8
5 8 2
3 5 5
12 13 6
19 22 7
9 12 2
13 15 3
13 16 1
12 14 3
23 3 2
0 2 2
19 0 1
17 21 3
12 15 3
21 1 2
3 6 5
15 19 8
6 9 1
23 3 8
17 21 6
8 11 5
15 17 7
22 1 8
17 19 8
22 2 5
8 11 8
16 19 1
17 20 7
1 3 2
17 18 6
11 12 2
7 10 5
7 9 4
5 8 7
16 20 1
5 8 2
11 14 7
1 4 6
21 1 2
13 16 4
21 23 1
8 10 7
5 9 3
13 17 2
20 23 3
12 15 3
12 14 5
16 21 2
17 18 1
15 19 3
17 20 6
20 22 6
6 9 6
6 9 8
18 22 8
17 19 4
3 4 2
2 3 1
21 0 3
16 19 7
12 16 5
22 1 8
2 4 1
9 14 1
17 20 1
6 10 1
5 8 4
18 19 7
18 22 4
17 20 4
2 4 5
16 20 5
6 9 6
18 22 6
0 3 1
0 3 2
14 17 2
2 6 5
3 4 4
5 6 3
7 10 3
21 23 5
0 2 8
5 8 7
22 3 8
23 3 6
9 12 4
18 20 5
16 20 3
15 18 7
2 7 5
20 23 6
17 20 2
7 11 7
10 15 1
23 2 7
2 5 8
1 5 1
8 11 1
16 20 8
8 11 1
3 5 4
6 8 7
12 15 4
17 20 8
19 23 5
13 14 8
5 7 3
16 21 2
17 18 1
2 6 1
3 5 6
16 19 7
0 4 2
6 8 5
7 10 3
7 9 5
23 0 4
23 1 6
14 19 5
19 20 3
10 13 3
22 0 4
20 0 2
11 13 1
0 4 4
6 9 7
12 16 2
8 11 4
9 12 4
15 19 2
19 22 2
21 23 7
1 6 6
10 13 6
9 13 4
18 21 6
16 19 5
17 21 4
11 16 4
22 0 8
5 8 2
0 3 2
7 8 8
3 7 8
9 12 2
14 17 2
14 17 7
12 16 5
5 10 2
3 6 4
14 17 4
6 10 3
13 15 3
1 4 1
18 21 1
7 9 3
6 8 2
17 20 2
14 17 7
11 14 8
6 10 7
12 14 2
18 21 6
6 9 7
15 19 1
17 20 8
3 6 4
6 10 4
17 20 4
17 22 8
9 12 4
14 19 4
18 22 5
17 20 3
18 19 3
18 20 1
2 5 6
1 3 2
19 20 6
3 5 6
4 7 1
10 14 3
11 15 2
7 11 4
19 22 8
10 13 8
13 15 3
16 18 5
0 5 6
10 12 4
4 6 7
8 10 3
4 7 1
21 0 6
23 1 7
23 1 5
2 4 3
5 7 3
13 18 5
3 5 6
5 7 1
2 5 5
2 4 8
17 20 5
11 15 7
17 21 4
