1000 14
5 4 7 10 6 3 6 9 5 3 6 8 7 6 
6 7 8
10 11 10
23 2 9
22 1 4
17 22 6
17 19 6
12 15 13
21 0 14
20 22 1
10 13 5
0 4 7
2 4 5
3 5 13
7 11 8
11 15 4
21 0 2
21 1 8
22 1 4
6 9 11
16 17 12
12 15 4
19 21 10
7 8 2
16 18 2
1 4 14
8 11 12
2 4 5
23 3 1
14 17 12
3 6 7
23 3 2
9 12 6
3 6 3
15 16 14
7 8 14
8 10 4
21 1 6
13 16 13
16 19 13
15 17 12
22 2 10
2 5 3
7 10 3
12 15 7
7 12 12
21 2 11
3 7 13
0 3 7
12 15 4
23 3 13
1 3 3
7 10 9
22 1 7
21 0 9
20 22 10
21 1 12
6 9 11
20 23 4
15 17 9
0 3 1
0 4 1
7 11 11
15 19 10
6 9 14
13 15 10
7 8 10
0 2 4
17 21 6
20 23 8
2 5 7
19 22 14
10 13 11
5 8 2
14 16 9
23 2 12
21 23 12
8 12 2
13 18 1
7 11 11
2 4 11
10 13 7
11 13 1
22 0 5
15 18 4
15 18 10
15 18 13
17 19 3
3 6 1
12 16 10
22 2 8
2 5 11
17 19 1
17 21 11
9 12 8
11 14 12
19 21 3
9 12 14
5 7 1
12 16 7
7 11 5
3 4 12
20 0 7
12 14 2
8 10 3
9 12 8
16 19 11
11 13 6
6 11 1
21 0 14
2 5 10
0 2 9
6 9 11
7 9 12
15 18 7
12 13 12
18 21 11
12 16 9
9 12 6
13 17 9
22 0 3
23 1 13
11 15 6
3 6 2
11 14 12
11 13 7
19 21 1
22 1 4
3 6 3
11 14 10
15 18 5
13 18 2
8 10 11
1 3 14
8 10 14
21 0 9
3 5 12
0 2 4
11 14 1
0 2 12
23 2 3
5 10 2
15 17 7
9 12 2
19 22 10
21 0 14
0 2 6
7 10 4
22 2 11
10 13 3
13 17 7
21 22 7
3 6 10
4 7 1
3 5 9
9 13 4
2 4 12
7 9 6
11 13 12
14 16 13
7 10 9
17 19 14
21 0 2
18 21 3
23 3 4
22 1 6
0 2 2
23 2 3
4 7 2
5 8 2
9 11 3
1 4 3
1 4 14
19 22 13
0 3 14
16 20 13
16 19 4
20 23 12
4 6 12
18 20 2
4 7 2
20 22 2
11 14 12
17 21 8
13 17 2
6 10 7
1 5 11
19 21 12
9 11 7
12 14 9
8 11 1
1 3 3
17 19 10
9 13 10
19 0 8
19 22 7
8 10 5
11 15 10
13 13 9
23 2 11
21 23 6
21 1 10
16 19 3
23 3 2
10 13 13
15 18 12
12 15 6
11 14 11
23 2 7
9 11 14
3 6 6
7 9 1
3 6 4
2 6 4
10 13 3
15 18 8
5 8 8
19 22 13
16 19 13
6 9 13
0 3 14
15 20 12
16 19 4
5 8 10
9 13 12
2 4 4
5 9 7
11 15 7
22 0 8
11 13 11
7 9 6
0 2 3
20 0 5
10 13 13
1 4 7
6 9 14
6 11 13
14 15 10
9 12 5
22 1 3
23 2 1
15 17 10
17 20 4
16 20 4
6 10 6
14 16 7
20 23 9
17 19 11
8 9 7
7 9 8
16 19 9
1 4 1
12 16 13
13 15 3
6 11 9
17 19 7
12 15 4
22 3 11
15 18 4
10 14 1
8 12 12
16 22 10
8 13 10
13 15 5
20 23 6
20 0 14
0 3 6
18 20 3
4 7 4
2 4 4
4 6 9
13 15 6
19 20 5
7 11 11
6 9 9
19 22 9
4 6 7
13 16 6
2 6 2
1 2 9
10 12 4
21 0 7
9 9 10
1 5 10
16 18 3
10 14 7
20 0 13
4 8 3
20 23 8
14 16 3
19 22 6
10 12 7
13 17 5
10 16 7
9 13 5
1 2 5
20 21 12
19 22 14
7 9 2
23 2 5
17 19 6
8 12 10
23 1 8
23 1 3
12 14 13
23 2 1
11 14 3
3 5 4
19 23 1
22 1 6
13 16 7
9 11 8
1 3 12
12 15 11
2 5 3
0 5 11
13 17 14
15 19 8
5 10 6
10 12 3
11 15 4
18 20 8
12 13 5
6 8 6
4 7 9
0 2 11
19 21 9
11 15 8
16 19 9
4 8 3
8 12 1
3 6 7
0 5 9
2 4 8
7 11 7
21 1 5
7 11 4
17 19 2
13 18 11
17 20 6
17 19 2
23 2 7
9 10 7
7 10 5
8 11 4
10 14 1
17 19 14
9 12 2
6 11 6
23 1 10
2 7 7
17 20 14
15 19 7
12 15 9
0 1 14
15 18 3
17 21 11
3 6 13
3 5 13
4 7 9
2 5 10
12 15 2
2 6 8
4 8 11
23 3 6
5 7 10
11 14 13
8 12 6
8 11 14
7 10 9
1 5 14
5 7 9
22 3 3
1 4 8
15 18 10
17 21 2
19 22 12
2 5 7
13 15 3
6 9 4
17 19 3
17 21 11
4 6 5
10 12 6
3 8 3
0 3 5
21 23 4
13 14 13
19 22 6
13 16 11
9 11 10
20 22 14
12 13 11
21 1 6
16 19 12
17 21 4
5 8 10
6 9 3
13 16 14
10 14 5
11 15 11
20 23 13
11 12 4
1 3 3
14 16 9
8 10 14
21 23 10
18 21 12
20 23 9
5 7 9
23 3 7
7 10 8
0 2 14
7 10 9
6 8 13
11 16 8
16 19 13
6 7 12
0 3 10
16 19 14
0 0 3
6 10 3
10 11 6
5 9 14
1 3 3
17 21 5
4 7 1
2 5 10
21 1 3
10 13 5
5 9 9
21 0 5
0 3 12
14 16 11
4 7 11
16 19 10
0 5 6
22 2 8
19 22 9
8 10 1
16 18 2
9 11 3
16 18 12
16 19 7
20 23 9
19 23 5
13 15 9
19 21 1
7 8 12
5 8 8
11 15 12
18 21 14
22 2 2
20 23 3
5 9 5
22 1 9
12 15 2
8 10 2
16 20 14
14 17 7
9 11 14
11 14 3
5 7 6
7 10 10
1 6 13
17 20 3
20 0 13
0 2 10
3 5 3
23 4 3
4 6 13
12 17 6
23 2 14
23 2 2
23 0 2
9 12 4
14 16 4
12 16 8
22 2 3
11 15 3
0 3 12
14 18 4
15 18 3
9 12 2
18 21 12
0 4 4
10 13 10
10 14 9
15 16 8
13 16 9
22 1 10
9 12 13
3 7 7
4 8 4
7 9 12
1 6 13
12 16 3
1 4 11
17 18 8
20 23 11
6 8 10
5 10 6
19 21 2
2 5 9
19 21 12
22 3 7
21 0 8
23 2 9
11 14 10
13 17 6
19 23 13
1 4 11
6 8 10
18 21 5
0 1 1
17 23 14
7 12 11
9 11 14
3 5 5
0 3 14
9 13 13
19 23 11
23 1 7
8 11 7
0 4 9
9 12 11
5 7 8
9 10 8
1 5 10
18 21 10
13 16 3
17 20 14
22 0 14
8 11 4
15 19 12
17 22 5
4 9 10
6 9 7
6 10 1
6 9 12
4 7 13
15 17 12
11 15 7
16 18 1
16 19 4
5 9 9
17 21 12
17 19 12
11 13 9
3 5 1
4 7 6
21 23 14
11 15 8
1 5 2
14 16 4
0 1 11
19 22 7
19 20 8
10 12 12
4 7 1
14 19 9
12 17 7
18 19 5
21 1 9
18 21 2
23 4 6
17 18 6
12 14 12
1 6 8
14 16 13
10 12 14
16 18 14
17 21 3
22 1 13
7 9 14
8 11 14
12 15 13
20 0 9
21 1 8
19 23 3
18 21 12
19 21 9
19 20 3
9 10 14
10 12 12
0 3 13
9 12 13
22 1 10
7 10 13
15 18 6
16 19 12
11 14 14
15 17 13
6 8 5
1 4 6
2 5 4
13 15 1
4 7 3
2 5 5
21 1 10
18 23 8
23 2 6
2 6 6
5 8 2
13 17 11
21 1 5
23 1 2
6 9 7
15 18 13
2 3 13
6 10 3
0 4 13
13 17 4
9 12 12
18 19 7
0 5 4
0 3 4
17 20 10
0 3 6
2 3 8
1 5 14
10 12 13
23 2 7
6 8 2
5 10 10
22 0 2
15 18 2
23 2 12
20 23 3
6 10 3
14 17 13
10 12 7
7 10 7
22 2 1
17 20 4
15 21 8
22 3 13
8 13 6
22 1 4
3 6 9
9 12 8
23 2 4
17 21 3
8 10 10
18 22 8
20 1 14
12 15 4
15 20 12
16 18 2
6 9 5
8 12 14
19 21 12
3 5 4
11 14 3
14 16 13
13 16 1
11 14 8
14 16 13
20 23 4
4 8 9
21 1 12
2 7 14
5 9 11
5 9 4
14 18 4
4 7 14
22 0 10
1 3 8
13 16 13
6 9 8
22 1 8
21 0 12
17 21 11
8 10 12
11 14 10
12 15 13
0 3 12
23 1 6
5 7 8
16 17 7
2 5 9
17 19 11
15 19 9
16 20 4
0 3 4
6 9 12
7 9 14
22 1 8
19 23 14
22 2 5
19 22 12
9 12 11
6 11 14
17 20 8
9 12 4
22 3 4
6 9 14
5 8 7
21 0 4
6 10 14
17 21 13
8 11 12
23 2 10
15 18 12
4 7 4
8 12 13
2 6 13
3 7 14
18 21 3
9 12 2
23 3 14
8 11 3
18 20 2
20 22 3
10 11 7
13 16 9
12 13 1
14 16 11
21 0 11
2 6 1
20 22 6
16 20 11
16 20 8
3 6 10
12 15 8
11 14 12
23 2 4
9 13 6
22 2 7
11 14 12
2 6 6
1 4 14
11 13 3
3 4 8
22 1 6
15 17 10
0 3 14
4 5 8
2 5 14
8 9 2
1 5 5
15 18 4
20 21 8
19 23 4
17 19 3
8 12 3
15 17 5
20 23 7
11 12 2
14 17 3
2 5 9
22 2 11
11 13 4
3 4 14
10 12 2
9 12 9
16 19 10
1 4 3
9 10 7
1 2 3
11 14 4
12 16 2
11 13 11
3 6 3
7 10 5
17 21 12
8 12 4
3 6 3
8 12 13
1 4 5
13 16 13
10 12 9
6 9 6
9 11 8
13 16 12
7 10 14
21 1 7
18 20 12
16 18 2
0 3 1
22 0 5
16 20 2
4 6 12
17 20 3
23 1 13
14 18 1
20 22 5
23 1 8
9 13 6
4 8 4
22 1 3
10 13 2
17 20 4
8 10 6
11 14 12
7 8 12
18 21 11
10 13 11
17 20 8
13 17 3
7 10 9
18 20 9
7 10 11
17 19 12
21 2 5
19 0 8
23 2 5
22 0 14
13 16 9
23 0 14
8 12 9
3 6 11
9 11 13
21 23 10
6 8 8
22 0 5
7 8 11
18 21 10
17 20 8
14 19 6
18 21 13
1 5 7
18 20 2
6 10 4
23 3 14
17 21 1
15 18 2
5 9 11
19 23 11
8 10 12
4 6 12
4 7 11
2 5 7
4 8 3
9 12 4
20 23 3
15 18 6
18 19 13
18 22 1
16 20 14
0 4 12
13 16 10
23 2 8
23 3 9
0 2 5
20 22 5
15 18 6
2 6 13
15 18 12
9 14 2
12 14 9
10 14 13
4 6 7
12 16 9
21 0 10
14 17 10
9 12 5
14 15 13
1 3 2
22 0 7
15 18 13
8 10 6
7 10 9
14 17 4
10 14 3
11 15 4
23 0 8
23 2 6
6 9 12
20 23 5
17 18 9
4 7 1
17 19 11
6 8 7
9 13 5
4 7 6
21 0 7
0 3 14
2 6 10
6 8 1
2 4 14
12 16 9
6 10 10
12 14 9
3 7 10
9 12 4
8 12 10
20 23 10
4 8 14
20 0 2
13 17 7
14 17 9
10 13 12
1 4 4
3 6 5
10 13 2
19 22 9
9 12 10
3 5 3
18 21 5
8 11 1
6 9 9
12 14 7
11 12 13
14 17 1
12 16 13
9 12 12
14 17 6
14 16 13
17 21 12
23 3 14
10 13 7
20 23 8
10 12 10
13 15 3
17 20 8
5 6 2
21 23 7
10 13 6
0 3 6
17 21 13
13 17 5
17 20 2
4 8 10
20 23 5
14 18 2
8 10 10
12 14 8
11 12 2
20 22 10
21 1 6
6 9 2
12 15 6
7 9 5
23 4 10
22 2 7
10 12 9
18 21 12
5 7 3
23 1 6
22 0 5
19 22 4
7 11 6
14 17 12
23 3 9
17 21 12
0 4 10
11 15 9
23 3 12
19 21 13
1 5 4
13 15 4
22 23 2
1 2 1
10 14 8
5 8 13
16 19 8
21 1 10
9 10 2
23 3 7
23 4 12
7 8 1
6 10 4
21 0 5
6 10 1
12 14 13
18 22 13
15 18 9
2 5 9
13 15 9
22 1 8
21 0 3
0 4 2
14 16 8
13 17 1
2 4 1
2 5 1
4 6 6
18 21 10
5 8 1
13 16 7
9 12 3
0 2 13
23 2 13
7 11 9
4 7 7
14 17 13
12 14 12
16 19 10
23 2 4
7 10 2
8 14 6
12 16 10
0 4 13
8 11 7
0 3 9
10 13 11
17 20 10
19 22 13
9 12 10
5 8 10
