1000 19
10 3 1 4 4 4 1 9 4 5 10 1 5 10 2 10 8 8 4 
6 9 3
6 10 2
18 22 7
18 21 2
6 9 3
5 8 5
2 4 15
16 20 18
15 19 4
14 14 9
0 3 11
15 19 15
9 10 1
2 6 9
18 19 19
1 5 10
21 0 13
16 18 11
23 1 11
11 13 13
9 12 12
17 19 5
10 12 12
19 23 5
9 11 10
23 3 4
7 10 3
8 11 1
3 3 11
23 1 13
4 7 4
15 18 2
17 20 13
11 14 11
7 11 10
14 17 10
17 19 2
16 18 9
9 10 14
14 17 1
12 15 8
14 17 6
4 6 19
18 22 15
1 3 18
9 12 15
19 22 13
4 7 1
20 22 10
18 20 2
9 13 14
4 7 6
7 9 12
4 6 12
3 6 12
16 19 6
22 23 16
3 7 15
11 13 2
15 18 8
19 23 3
15 19 13
6 9 7
20 22 13
22 1 4
4 7 13
6 10 8
5 9 8
18 22 18
9 12 1
10 14 3
17 19 9
0 3 19
7 8 12
13 15 16
7 11 15
13 15 8
12 17 8
20 23 10
19 21 19
4 6 12
8 8 16
5 10 12
23 1 8
17 20 13
14 18 1
12 14 3
2 5 8
17 19 13
13 15 12
19 20 11
22 1 6
5 8 19
20 21 2
23 4 10
8 10 18
17 20 2
5 8 16
8 11 12
13 15 11
6 7 10
5 9 7
2 5 2
1 3 13
21 0 13
12 15 7
9 11 18
11 14 7
14 17 10
16 19 2
13 16 6
3 6 3
13 16 10
9 12 16
5 8 11
6 7 4
19 21 2
23 2 10
11 13 15
19 21 5
13 17 11
20 22 19
4 7 19
9 12 10
8 11 17
21 23 2
7 9 12
7 11 14
21 23 19
0 4 15
21 0 2
22 3 8
20 22 14
17 19 13
23 3 10
9 12 17
1 3 14
4 7 6
3 5 8
14 20 15
12 15 9
20 23 15
16 20 13
0 5 11
21 23 8
17 21 17
18 22 9
23 2 13
20 22 17
14 16 17
22 1 7
13 16 5
19 20 9
4 8 13
3 8 15
12 14 1
5 8 17
2 7 11
16 20 15
0 4 16
7 9 6
23 3 18
16 19 6
4 5 14
14 17 6
14 16 8
19 23 13
23 3 12
9 10 17
16 19 2
4 8 4
8 12 19
5 10 13
7 9 4
18 21 11
23 1 5
3 8 2
21 1 3
21 1 17
16 20 6
10 14 18
21 1 14
8 13 16
9 14 5
7 8 8
0 1 4
18 21 12
19 21 15
12 15 3
16 21 4
3 7 17
3 6 12
21 23 11
20 0 11
9 11 9
19 22 5
20 23 1
16 20 6
17 20 2
13 18 7
23 2 4
14 16 14
3 6 6
22 3 15
3 6 19
23 3 9
19 22 10
21 1 15
13 16 13
19 22 11
9 12 14
20 1 13
13 16 17
0 1 19
0 4 18
7 11 7
4 7 3
13 16 6
3 6 6
7 10 14
10 12 2
18 21 11
15 18 10
20 22 9
2 5 16
5 8 6
12 13 13
21 22 7
22 2 5
8 10 17
0 4 19
4 6 8
11 15 7
1 4 2
19 23 1
7 10 7
14 17 10
9 11 10
16 20 4
23 2 6
6 10 13
7 9 17
9 13 19
22 1 9
10 12 17
11 16 9
5 6 14
6 10 4
21 0 14
17 18 4
2 7 4
16 20 18
2 3 12
2 5 14
13 14 6
23 3 1
2 4 5
7 10 18
21 2 7
18 22 15
0 3 9
12 14 2
11 14 15
14 17 2
16 18 5
22 1 13
12 16 9
10 14 5
21 23 18
12 16 10
6 8 15
21 0 15
14 16 13
10 13 16
3 8 1
8 10 17
7 11 3
23 1 15
6 10 15
1 5 7
21 2 16
1 5 11
15 17 16
10 14 15
13 15 5
16 19 1
19 21 19
5 8 13
17 21 15
23 2 10
6 8 3
21 0 9
14 17 18
11 13 7
10 13 15
7 11 10
12 15 12
14 16 17
11 15 6
10 11 5
22 3 10
4 8 12
12 15 2
2 4 14
11 14 5
22 0 11
18 20 6
16 19 4
20 1 11
4 7 10
2 6 19
18 20 2
12 15 5
10 12 5
17 21 10
15 17 1
12 17 12
7 9 14
6 10 18
18 23 15
17 20 19
18 20 5
19 21 12
11 14 4
6 9 7
22 0 12
0 1 13
2 6 2
10 14 7
5 8 8
16 19 3
17 20 14
4 6 12
23 2 13
19 23 16
20 22 18
22 1 16
15 17 4
20 1 13
4 8 2
4 6 16
6 8 12
11 14 16
23 1 19
1 5 15
1 3 14
17 20 16
16 19 5
5 6 4
3 7 14
2 4 6
23 2 1
23 3 15
6 8 7
18 21 2
2 5 2
5 9 17
3 6 6
23 1 12
6 7 5
14 19 12
4 5 16
16 17 3
15 19 4
17 20 5
2 3 14
13 16 6
8 12 6
9 15 9
4 7 4
19 21 5
20 23 10
20 23 18
20 0 7
17 20 18
6 9 6
3 8 2
21 23 1
15 20 4
22 2 14
22 1 18
1 3 8
9 12 17
22 2 13
2 5 5
2 6 7
20 0 17
4 8 19
20 1 14
3 6 18
6 9 16
8 11 3
8 10 11
6 10 2
11 13 11
0 2 5
5 7 14
17 20 7
19 22 6
14 16 10
2 5 5
16 18 6
21 1 4
22 1 11
4 7 1
8 10 6
1 4 12
9 13 17
8 12 6
17 19 5
6 9 14
20 0 4
7 10 18
1 5 10
10 14 5
15 19 3
15 17 14
0 1 3
8 12 11
11 13 15
1 2 17
8 11 13
12 16 18
17 20 12
3 6 8
16 20 12
11 15 2
16 21 1
7 9 6
5 8 8
10 12 17
17 20 6
2 5 10
8 12 11
1 5 9
13 17 17
15 18 9
19 21 6
6 8 2
12 15 10
20 22 5
19 23 16
12 14 1
20 0 2
18 22 7
13 16 14
9 11 11
3 7 1
6 9 7
21 1 16
11 13 11
16 18 17
23 0 16
17 18 19
19 23 13
14 18 8
8 11 1
22 1 17
1 3 3
21 0 9
12 15 6
15 18 11
14 18 11
23 2 17
3 5 4
7 9 18
16 18 14
14 17 16
1 3 10
12 14 3
7 12 17
16 17 18
11 15 18
5 9 13
0 3 18
4 6 5
15 17 12
16 19 16
14 18 8
0 4 9
10 12 3
11 13 16
19 0 9
16 17 3
11 13 10
12 15 17
10 14 3
15 18 15
6 9 8
11 15 3
12 15 5
1 4 10
16 19 10
23 1 1
4 7 7
0 3 1
22 1 15
19 23 4
18 21 4
5 9 14
8 11 15
14 19 3
10 14 6
5 7 17
2 6 18
6 10 16
21 0 3
21 0 6
8 11 8
10 12 6
3 7 3
13 16 16
3 6 11
2 4 11
9 11 11
6 8 19
0 3 3
9 12 3
5 11 18
11 14 13
8 11 11
0 2 12
3 6 8
8 11 12
10 13 11
21 0 18
17 20 18
5 7 4
13 18 1
5 8 15
19 21 12
2 5 15
12 15 7
13 16 19
3 7 13
17 19 3
1 5 12
15 18 7
22 2 7
10 15 13
3 6 2
4 8 13
5 7 2
20 23 2
3 4 18
19 23 6
13 16 19
2 6 1
14 18 1
19 22 14
23 2 18
23 1 2
22 0 16
8 12 4
1 3 2
13 17 2
16 19 11
3 7 2
6 9 13
14 17 14
13 16 14
18 21 5
10 13 10
6 8 12
22 2 4
15 18 8
10 16 16
1 6 14
22 0 5
16 18 7
2 4 5
2 5 14
6 9 17
6 9 17
12 15 4
9 12 19
8 12 17
18 21 14
5 7 4
14 18 17
18 21 6
23 1 6
22 0 10
15 16 15
4 7 18
6 9 14
4 6 19
19 21 9
14 17 1
18 22 5
0 4 11
3 6 2
8 10 13
11 13 10
8 13 16
20 22 5
21 1 8
12 17 9
16 18 4
18 21 7
16 19 13
22 2 18
12 16 18
20 23 6
21 22 14
2 5 17
2 5 3
4 8 2
19 22 11
5 8 9
16 20 6
14 17 10
6 9 4
10 14 12
22 1 2
23 2 17
14 18 14
2 5 9
19 0 10
9 11 13
7 11 16
12 15 5
6 10 7
2 5 10
21 1 6
20 23 12
7 8 5
1 3 18
18 22 13
11 14 15
17 19 4
16 18 19
5 9 17
13 17 18
19 0 3
14 19 6
10 13 10
3 7 8
4 5 19
1 2 7
17 20 16
20 1 6
18 22 11
4 8 10
20 0 15
10 14 14
10 13 16
1 6 5
18 22 2
3 5 10
22 2 11
12 14 10
10 13 6
16 20 3
3 6 7
18 21 4
20 23 13
19 21 1
0 3 9
19 23 9
20 0 7
16 20 12
13 17 8
12 15 14
22 2 4
15 16 12
19 0 17
19 21 1
17 19 3
22 2 2
18 19 13
14 16 7
9 12 6
23 2 8
16 19 9
3 5 10
13 17 6
4 8 1
19 22 8
18 21 9
22 1 12
18 20 6
6 9 8
15 18 13
7 9 10
6 9 10
14 18 5
7 12 13
22 2 15
9 12 9
3 5 10
23 2 10
12 16 18
9 13 1
12 15 7
18 20 6
16 19 12
6 10 14
18 21 10
9 11 4
21 23 16
2 4 12
22 1 14
22 2 11
1 2 12
17 20 19
5 8 16
7 9 2
16 19 5
13 17 3
21 1 16
5 7 3
23 1 17
2 5 14
21 23 16
5 9 19
7 10 9
9 12 4
18 21 8
14 16 4
1 4 16
19 21 2
22 2 12
9 10 6
0 4 15
21 0 16
12 14 7
4 7 9
14 16 5
17 19 7
19 0 4
14 15 3
12 15 18
20 0 8
20 0 18
3 6 5
0 3 16
12 15 7
7 10 11
13 17 7
16 18 17
21 23 16
10 13 9
10 12 8
16 20 14
9 13 19
5 9 6
6 10 7
20 0 9
4 6 6
1 4 7
4 7 19
17 20 7
9 11 7
13 15 11
14 17 15
20 22 12
3 5 14
10 13 2
12 16 16
11 14 18
13 15 5
8 12 6
21 0 5
7 9 2
4 8 16
6 9 18
2 3 8
7 10 3
7 10 3
18 20 9
8 12 14
22 1 5
15 19 13
0 3 7
12 16 16
14 19 19
5 6 7
19 22 16
20 23 3
11 12 8
14 17 14
18 19 1
16 20 4
9 11 3
4 8 7
23 3 16
12 14 12
20 23 3
18 21 17
22 1 14
5 9 11
21 22 12
21 23 6
10 13 16
18 21 4
11 14 18
6 9 12
15 19 18
15 18 17
5 8 5
0 2 3
13 16 13
12 15 1
11 14 5
15 18 6
0 4 2
2 6 18
17 21 15
18 19 1
6 9 8
7 9 12
22 1 7
22 1 15
12 15 5
1 4 1
9 13 4
18 22 8
10 13 4
10 12 1
2 5 17
17 18 16
10 14 2
13 17 4
4 7 18
17 21 8
4 7 7
11 13 10
14 18 5
1 3 16
1 3 2
4 7 7
10 13 1
15 19 3
5 9 17
15 17 17
3 5 14
18 22 1
2 5 3
7 9 19
14 18 8
21 0 12
2 5 12
12 16 8
23 2 12
17 20 2
14 17 6
7 9 12
5 9 8
23 1 18
20 0 16
3 7 18
12 13 8
7 11 4
17 19 6
23 2 15
23 3 3
12 15 4
7 11 1
0 4 15
9 13 9
14 17 8
13 17 8
2 6 18
18 20 11
14 18 16
8 10 12
8 10 18
16 18 14
16 20 5
14 17 13
1 3 3
23 1 3
15 18 19
14 17 18
7 12 3
4 7 18
22 2 19
1 4 2
2 5 3
19 22 14
15 19 4
10 12 5
9 12 19
4 7 9
15 17 4
11 14 16
22 1 7
10 13 5
0 1 2
9 13 1
12 15 5
13 17 12
6 7 12
11 14 3
20 23 2
12 13 10
8 11 18
14 16 1
19 23 16
18 20 19
20 23 10
14 14 4
19 22 6
0 2 6
20 22 12
22 3 13
17 21 15
12 13 2
10 13 12
19 23 11
9 13 15
8 10 18
15 18 13
9 14 10
11 13 2
12 15 12
8 10 8
11 15 18
13 17 2
15 18 2
21 23 11
13 16 18
11 14 16
10 12 17
21 22 8
22 0 15
23 2 1
8 11 15
9 11 17
5 8 7
19 21 19
17 21 7
16 19 6
6 8 12
14 17 4
2 3 6
3 6 19
22 22 2
18 20 10
3 8 11
4 6 8
8 10 2
1 3 10
14 17 12
5 7 7
8 13 5
9 12 13
7 10 7
7 12 16
12 14 10
6 8 9
21 0 15
11 14 10
0 2 2
23 3 1
23 2 12
4 8 18
4 5 10
19 23 1
4 6 18
2 5 13
10 12 11
21 23 15
8 10 13
19 21 11
9 12 16
12 16 5
3 7 10
13 16 15
0 4 11
6 8 13
10 14 1
9 11 15
20 23 14
15 19 8
18 19 7
6 12 12
0 3 9
0 3 8
8 12 10
1 3 6
9 12 2
2 5 7
6 7 9
15 17 18
18 21 18
12 16 5
9 12 4
1 4 3
15 18 3
18 21 13
15 18 9
10 13 7
5 8 7
13 16 10
15 18 17
1 4 12
17 19 10
19 22 2
