550 9
10 2 1 8 10 3 8 6 10 
19 22 9
5 9 7
0 1 9
9 11 5
12 14 3
7 9 6
7 12 7
5 7 1
0 3 5
15 16 5
7 10 4
18 20 6
23 1 3
9 14 5
14 17 2
13 16 6
3 7 1
10 14 5
12 15 5
20 23 9
22 3 5
19 22 9
22 1 9
22 3 9
11 17 7
12 15 9
7 10 9
6 9 2
21 0 1
0 3 2
19 21 7
14 17 3
21 1 9
11 14 7
2 6 4
15 17 8
4 7 5
0 4 9
0 4 2
6 9 2
8 9 6
3 4 2
8 10 6
18 20 3
3 6 1
6 8 5
0 2 9
9 13 2
6 10 7
21 0 1
14 15 8
12 16 6
21 23 7
1 4 2
14 17 5
11 15 7
10 13 4
4 6 9
21 0 9
11 13 3
8 12 3
0 1 7
20 22 6
22 0 2
17 22 7
2 5 7
9 10 8
2 6 4
9 11 5
19 22 9
11 12 5
11 14 4
11 15 5
18 19 9
14 17 3
13 17 3
13 16 8
16 19 2
22 1 8
16 18 2
5 8 2
23 2 5
7 10 2
17 21 7
22 1 8
19 21 7
20 23 6
8 10 8
1 4 9
8 11 3
17 20 8
7 9 6
20 0 2
13 15 5
12 15 4
7 9 3
5 9 7
2 4 1
12 14 7
0 3 4
18 21 3
7 11 3
11 15 8
3 5 8
9 14 4
14 18 1
20 1 4
4 7 3
5 7 4
12 15 7
5 9 7
6 8 8
19 21 8
16 19 3
15 19 4
8 10 4
9 14 1
3 5 5
23 3 5
22 22 9
6 8 1
3 5 4
16 18 6
21 1 7
18 22 6
23 3 2
22 0 8
8 12 4
7 8 8
16 21 1
9 12 3
15 18 1
14 17 9
17 21 9
21 1 1
19 21 9
0 4 6
9 11 5
18 22 4
7 10 3
5 9 1
7 9 7
8 10 1
11 14 6
14 16 7
17 20 1
23 2 7
5 9 4
19 23 5
0 5 4
16 20 4
18 22 6
15 17 1
19 22 7
6 9 3
14 17 8
0 5 1
6 8 3
2 4 6
18 22 5
22 1 1
14 17 1
0 0 3
0 3 3
18 23 3
9 13 4
11 13 6
3 7 2
12 15 4
2 5 8
2 4 4
22 0 3
18 21 7
20 23 8
10 13 6
19 21 6
0 3 7
1 3 9
22 0 4
9 13 7
13 18 8
8 12 3
1 2 9
1 2 1
22 2 4
19 21 6
23 3 4
22 1 2
10 11 5
21 1 5
3 7 1
0 4 3
20 21 2
17 21 4
6 9 3
17 21 6
1 5 2
10 13 9
6 8 9
15 17 7
15 19 5
2 5 7
21 22 7
4 8 9
21 0 1
15 17 9
3 7 5
3 6 1
2 5 5
23 2 5
9 12 5
20 23 7
14 16 1
21 0 4
1 5 5
9 11 1
7 10 5
8 12 9
8 11 4
13 16 2
0 4 6
11 14 9
10 15 1
3 6 7
11 14 8
4 6 9
15 17 5
17 20 9
13 18 7
21 0 9
0 3 2
21 0 3
6 7 4
4 7 5
1 3 9
1 4 3
10 13 9
18 19 7
12 15 4
22 3 2
23 4 6
6 8 3
13 16 7
17 21 5
0 3 3
12 15 1
10 13 5
21 0 7
12 15 8
21 23 7
15 18 1
2 3 6
21 1 6
8 10 6
2 3 6
7 10 8
23 2 9
7 11 8
4 6 9
10 11 8
9 13 9
9 13 1
2 5 4
8 10 9
1 5 3
14 17 6
14 15 5
1 5 5
15 18 5
13 16 8
22 2 4
13 16 8
12 16 7
1 4 2
1 4 7
4 7 7
23 2 4
5 8 3
21 0 2
3 5 1
0 4 7
11 14 4
10 13 8
0 2 3
21 0 9
14 16 7
16 19 4
2 4 1
14 17 9
9 12 8
23 2 9
2 5 6
8 12 7
9 10 9
22 0 1
7 11 1
11 14 1
17 21 5
1 4 8
19 22 2
19 22 7
18 21 8
22 2 1
14 17 2
23 2 3
17 20 3
22 0 5
5 8 8
17 21 3
7 10 2
5 8 4
11 14 3
4 7 6
7 10 4
5 9 4
10 13 5
1 4 1
21 0 4
23 3 6
11 14 5
11 16 8
11 14 5
2 5 9
2 5 1
2 7 3
12 16 5
6 7 9
8 11 8
6 10 6
10 14 2
18 20 4
18 21 3
9 9 2
16 19 1
19 23 6
10 13 7
6 10 2
5 9 7
23 2 6
23 2 1
16 17 2
2 4 7
5 8 1
6 10 1
6 9 1
8 8 6
9 12 6
15 17 3
8 11 1
8 11 9
7 9 7
1 7 4
23 1 3
21 0 1
3 5 4
11 16 3
12 16 2
19 0 5
15 17 4
16 20 8
0 2 8
12 16 4
21 0 9
4 7 9
14 18 3
11 14 6
23 1 9
9 13 6
10 14 7
8 10 7
10 12 1
13 17 5
16 20 7
19 23 6
7 10 6
4 7 4
10 13 3
4 8 7
9 11 4
6 8 7
14 18 3
15 19 5
12 14 9
4 7 6
15 17 3
6 8 5
8 11 2
7 10 2
12 17 5
7 10 5
20 23 9
11 14 1
8 11 1
20 23 8
14 18 1
19 23 2
12 15 7
10 11 4
8 11 8
8 10 7
19 20 6
9 11 4
6 9 3
8 9 4
6 9 9
3 7 5
10 13 4
13 17 6
13 15 8
3 7 7
21 2 1
3 5 3
15 19 8
5 8 9
11 14 5
11 14 5
7 11 5
7 11 3
13 16 7
0 3 4
0 2 1
5 10 4
10 12 6
3 7 9
0 3 5
23 2 4
23 2 9
8 11 4
16 19 5
3 6 9
10 14 4
7 10 4
12 15 6
16 17 8
3 5 9
2 6 4
14 17 1
0 3 1
17 21 2
16 18 3
8 14 5
23 1 3
15 19 9
7 10 4
13 16 5
9 12 8
16 19 8
17 20 7
11 15 6
4 5 6
14 17 6
9 12 5
14 17 8
20 23 9
20 0 5
10 12 7
22 2 5
16 19 5
6 9 1
19 23 1
19 22 8
22 1 5
9 11 7
2 5 1
2 6 1
2 5 7
21 1 8
4 5 8
20 22 7
10 12 9
8 11 9
8 12 9
10 13 8
13 15 2
14 18 1
23 1 2
18 21 6
13 16 7
15 18 2
9 11 5
4 9 1
8 13 2
11 15 7
4 6 2
1 5 2
10 15 4
16 19 4
6 9 6
8 11 6
8 11 3
8 11 3
22 1 8
22 0 5
13 17 5
19 23 4
19 23 9
16 20 2
7 11 7
4 6 1
5 8 5
0 1 2
1 3 2
23 1 7
12 16 6
5 7 9
19 22 3
0 4 4
2 5 5
11 15 4
9 13 9
22 0 7
18 22 4
10 15 3
6 7 2
2 5 3
9 12 1
14 19 9
21 0 8
7 10 7
18 22 1
11 14 8
17 19 4
14 18 1
5 9 5
12 14 6
11 15 9
2 6 4
14 17 3
12 14 5
17 20 6
10 14 9
9 12 1
11 12 5
14 17 4
14 18 7
6 11 5
2 5 9
16 18 4
6 9 2
13 15 2
21 23 5
14 16 1
21 0 6
1 4 1
5 6 8
4 6 6
0 2 6
7 8 7
10 12 6
8 11 8
