250 11
8 9 6 7 10 1 1 7 5 10 9 
8 9 11
11 15 11
3 5 5
12 15 3
6 9 7
23 3 3
20 23 4
23 1 5
15 19 4
19 22 11
19 21 11
16 21 2
2 4 1
9 11 3
3 5 6
0 2 3
21 1 1
16 19 3
9 12 6
2 5 3
23 1 1
10 12 2
7 9 2
1 3 4
18 22 8
0 3 1
13 14 11
13 16 2
17 18 8
8 10 4
15 18 7
22 1 3
22 2 2
14 17 8
0 3 1
8 10 1
13 16 9
1 5 6
23 2 11
8 10 3
4 8 6
21 0 2
6 10 9
15 17 10
6 11 7
5 8 9
16 18 5
8 10 3
12 16 1
16 17 9
11 14 11
17 21 11
3 6 6
19 21 6
21 0 9
13 15 4
15 18 8
8 10 5
6 9 9
12 16 6
2 7 3
18 21 8
22 23 7
11 14 2
21 0 1
21 1 6
3 5 6
10 13 7
18 21 10
1 4 10
20 21 10
7 11 7
18 22 8
23 2 3
9 11 1
10 13 6
8 11 3
17 21 1
17 20 6
7 10 11
16 20 1
5 9 4
1 4 10
7 11 9
20 23 3
11 15 4
6 9 1
9 12 2
19 22 9
2 3 5
11 14 5
23 1 9
16 18 6
10 16 2
1 5 6
17 22 11
8 11 6
13 16 8
20 22 8
17 21 5
3 5 3
0 4 6
17 20 5
19 22 4
21 1 5
2 5 10
0 4 7
11 13 3
18 21 10
4 9 6
5 8 8
7 11 6
10 14 5
23 3 7
23 3 9
15 19 10
13 15 1
14 17 7
5 9 1
22 1 2
17 19 1
16 18 1
5 7 7
6 9 11
15 18 4
13 14 7
22 23 8
3 7 4
16 20 1
23 4 5
17 21 8
21 0 8
19 22 2
11 14 6
0 3 1
21 0 7
23 0 11
23 1 5
21 1 1
1 5 4
18 20 1
12 16 2
21 0 8
23 1 1
9 13 2
7 11 6
5 8 10
13 18 10
2 5 11
4 8 5
14 18 1
23 4 3
5 9 10
1 3 6
16 21 8
18 21 1
5 8 9
10 13 1
12 16 1
18 23 9
21 1 5
23 1 7
15 18 11
1 5 4
4 7 3
2 5 11
19 23 3
1 4 1
23 0 10
16 19 8
18 22 10
5 8 8
0 6 11
0 5 2
6 9 8
23 1 1
5 8 1
19 22 6
17 20 11
13 17 3
7 8 6
21 1 10
0 3 6
4 7 7
14 17 8
0 3 7
2 5 7
4 8 5
17 21 5
6 9 2
8 12 7
12 15 3
3 5 10
2 4 3
2 5 3
18 19 2
5 8 6
2 7 9
13 16 2
3 6 9
20 23 9
14 17 7
6 10 1
7 10 3
4 7 5
19 21 1
1 5 5
10 13 2
15 17 8
2 5 6
17 20 6
16 20 4
23 2 8
20 22 2
12 12 1
3 6 11
6 10 7
6 11 5
1 3 1
17 21 7
12 15 10
3 5 5
4 6 7
17 21 3
5 7 7
19 22 5
15 15 2
10 13 6
2 6 9
20 22 9
7 8 3
22 1 2
9 11 6
6 8 9
2 4 1
15 17 8
5 9 1
15 18 6
21 21 2
22 1 11
10 14 6
8 12 10
19 21 11
21 1 6
21 22 5
5 9 7
21 22 10
14 17 7
9 13 10
3 5 1
