900 18
6 3 3 6 6 1 1 5 9 9 6 4 2 9 9 9 9 3 
23 2 10
12 17 15
8 12 17
10 12 13
18 21 5
12 16 10
15 17 12
7 10 14
15 19 15
19 23 2
0 3 6
3 7 7
8 11 7
8 12 13
3 8 10
9 13 11
14 17 8
14 18 3
17 20 1
0 3 18
13 16 6
22 1 18
22 1 8
23 3 8
6 10 10
9 12 10
15 18 8
21 3 2
20 23 13
18 21 16
10 11 1
10 13 10
4 9 13
0 3 12
20 0 18
17 20 1
12 17 8
4 7 8
4 7 2
15 18 2
10 16 11
22 1 16
5 10 15
7 9 4
18 20 3
7 11 3
0 3 15
3 5 17
20 23 15
4 8 17
23 2 6
18 20 9
11 13 5
2 5 7
15 17 5
15 19 15
22 2 14
9 12 2
20 21 3
7 9 7
23 3 3
9 11 6
21 1 10
1 4 4
11 15 4
2 5 5
20 0 7
5 8 3
21 0 3
22 0 11
9 12 3
2 5 14
8 11 14
7 11 16
2 4 2
23 3 16
15 17 15
3 6 5
13 15 16
14 18 9
7 11 9
18 21 8
11 13 3
15 18 13
21 23 16
5 9 16
0 2 9
12 16 14
13 14 8
20 23 15
12 17 5
7 10 10
22 1 11
1 2 14
12 15 17
8 12 13
8 11 8
2 4 8
0 5 17
15 19 4
3 6 10
10 13 16
4 7 2
8 9 16
23 4 5
21 2 8
15 17 13
1 4 12
2 7 8
20 23 3
10 12 2
17 20 2
10 14 15
7 10 9
5 8 11
23 2 7
18 21 6
18 21 10
12 15 6
6 9 18
14 17 17
0 4 7
8 12 18
15 19 17
8 13 17
0 2 18
5 10 9
22 1 10
19 21 16
2 5 4
4 6 15
13 16 7
13 16 14
5 8 15
15 18 2
15 17 15
20 0 4
18 22 5
21 1 12
6 11 10
7 10 2
8 11 17
22 1 6
2 3 2
3 5 18
9 14 6
23 0 8
20 0 6
13 16 13
20 0 5
7 11 5
13 14 8
22 2 18
17 20 11
0 5 3
21 0 13
13 17 12
15 19 13
8 11 17
14 16 9
11 13 3
11 13 18
4 6 8
22 2 13
20 23 13
22 1 16
1 4 16
17 21 12
6 10 6
2 6 3
12 16 6
1 5 5
10 12 14
10 13 11
18 20 1
6 8 6
20 0 18
13 15 6
2 6 1
16 19 15
9 12 15
2 6 16
19 23 14
23 2 10
23 2 10
11 15 11
15 18 12
11 13 8
13 16 1
9 12 15
9 13 18
22 2 18
8 11 18
14 19 1
18 22 12
19 21 9
23 1 8
7 11 5
19 0 18
5 9 16
9 12 12
5 9 8
20 22 16
17 21 1
3 7 5
0 4 8
0 3 8
16 18 17
23 3 6
8 11 18
20 23 1
23 2 6
18 21 17
5 8 4
5 9 16
1 5 3
11 15 9
20 23 8
11 13 13
2 6 16
19 23 1
21 23 18
15 18 2
11 13 8
3 6 14
5 7 8
9 11 7
23 1 4
15 19 9
18 22 6
9 13 1
18 22 2
13 15 5
0 4 6
14 15 4
23 3 8
18 20 17
16 18 11
3 6 6
16 18 14
18 21 16
19 23 11
11 13 2
16 19 8
11 15 8
3 6 5
8 10 3
21 0 16
19 23 17
14 17 1
3 6 4
6 8 2
11 13 7
15 16 10
10 11 2
14 18 8
14 16 17
15 17 6
19 0 9
13 15 16
23 1 14
9 10 1
5 8 11
21 1 17
14 17 3
1 5 3
22 2 17
19 22 13
16 19 12
0 3 17
0 2 12
11 13 9
4 8 11
20 0 7
1 4 12
13 17 12
1 5 17
2 5 15
12 15 12
17 21 1
5 8 8
20 22 1
4 7 6
4 8 6
2 4 7
20 23 12
5 10 3
20 22 15
13 16 17
6 10 7
9 10 15
15 17 2
13 15 8
8 11 13
5 8 3
6 11 2
8 10 8
10 15 7
0 2 15
1 4 10
4 5 18
22 2 12
12 14 9
18 21 12
13 18 1
4 8 17
10 15 14
13 17 1
6 9 6
11 13 1
7 8 17
22 1 17
6 9 9
14 16 1
3 5 7
18 21 10
17 20 3
15 16 10
16 20 10
21 1 10
10 13 16
18 21 6
11 12 2
9 13 5
9 11 6
21 0 6
3 4 5
22 2 14
6 11 10
5 8 2
6 10 11
13 18 18
12 16 4
5 7 1
19 22 3
12 16 4
10 15 2
6 10 1
3 6 17
11 14 17
10 13 17
6 10 10
8 12 3
5 9 11
22 2 18
14 16 13
6 9 5
1 5 8
17 19 13
4 6 17
20 22 9
10 14 1
12 15 7
5 8 9
23 4 17
14 16 16
1 5 5
8 11 1
18 20 15
22 1 11
19 23 15
8 11 13
13 17 18
2 5 18
20 23 10
10 13 11
4 6 16
15 19 5
23 2 18
4 5 5
17 21 18
19 21 15
20 1 1
0 4 3
2 4 12
5 7 4
4 7 16
19 0 15
13 15 9
22 2 4
19 21 2
5 8 11
23 2 10
14 17 12
4 9 5
15 19 4
3 6 13
16 19 15
1 4 12
20 22 9
21 0 11
12 14 9
8 9 17
20 23 17
2 6 18
3 6 15
5 8 6
1 4 16
5 8 1
0 1 16
4 8 5
8 12 14
19 22 2
8 11 6
18 20 3
21 0 16
3 5 2
2 4 1
16 19 10
8 9 11
1 4 11
4 7 5
8 12 18
18 21 17
13 15 9
17 21 5
17 20 3
16 19 8
22 1 10
2 5 12
22 0 4
22 3 18
19 22 9
4 7 16
1 4 15
0 5 3
9 12 15
8 11 15
23 3 17
19 21 9
21 1 18
2 5 10
10 12 2
6 9 12
2 5 3
12 15 4
5 9 16
9 12 6
8 12 6
20 23 7
7 9 9
18 19 1
11 13 12
7 9 5
13 18 1
12 15 15
7 9 8
2 6 6
2 2 3
19 20 7
12 16 3
19 22 10
22 2 2
3 7 2
10 13 4
2 2 14
3 7 14
8 11 15
18 20 10
8 12 17
7 11 9
1 4 5
20 22 3
19 21 18
16 20 6
6 8 1
0 3 12
23 3 9
9 12 11
6 9 4
0 4 10
12 16 5
18 21 9
4 9 13
16 19 5
15 18 14
1 4 18
23 3 12
0 4 9
23 1 15
16 19 15
10 12 3
23 2 5
16 19 9
12 15 14
4 6 3
13 14 10
14 16 8
12 14 9
3 7 4
15 18 7
0 4 4
0 2 5
23 3 2
22 0 12
21 1 16
6 9 3
8 11 6
15 16 7
11 15 9
13 13 14
15 18 18
18 19 7
23 1 5
14 19 4
15 19 6
12 15 6
16 19 5
22 23 3
15 18 15
11 14 14
16 18 12
6 9 4
21 23 15
14 18 16
5 8 14
9 11 10
16 20 2
23 1 16
1 5 4
2 4 13
10 13 8
17 20 16
11 14 11
16 19 9
23 2 4
9 12 8
9 14 5
20 22 17
19 0 17
15 19 10
7 10 13
0 1 1
16 19 7
21 22 16
19 22 13
1 4 2
8 10 17
22 2 3
11 14 8
4 7 3
11 14 16
1 5 1
18 21 9
16 19 10
6 9 5
16 20 9
5 7 13
1 4 1
11 15 2
2 3 11
7 9 3
1 4 13
14 17 8
16 17 10
12 15 6
1 4 9
6 9 9
14 16 12
2 5 1
12 15 4
3 8 2
15 18 15
15 18 5
4 7 18
17 20 15
10 11 9
9 11 7
19 22 6
23 2 8
23 1 6
9 11 16
9 12 3
8 10 16
0 1 13
7 9 11
20 23 9
3 5 17
22 1 10
18 20 18
19 21 1
11 13 12
17 22 9
5 7 8
20 23 16
19 22 16
10 13 10
22 1 18
23 1 12
19 21 4
15 17 1
8 12 15
21 0 9
15 18 3
2 5 9
13 16 7
15 20 10
22 1 11
8 11 15
1 4 16
6 10 11
1 3 5
11 15 4
12 15 9
1 3 9
5 10 5
9 11 8
11 13 9
8 11 4
23 1 9
1 2 10
18 21 14
11 15 12
9 12 15
5 9 6
9 12 8
1 4 17
23 2 14
22 0 3
1 4 6
15 17 3
1 4 18
1 5 11
4 7 3
11 14 5
3 6 11
7 11 5
0 3 8
10 15 7
6 8 6
12 13 14
20 0 1
6 8 7
6 10 8
21 0 10
0 3 8
9 12 18
4 6 5
11 13 14
17 21 8
11 15 15
18 22 14
8 9 6
5 9 7
19 23 18
17 20 7
16 19 12
8 9 1
7 10 4
13 16 17
11 16 5
12 15 17
6 8 6
22 1 4
6 10 2
3 5 15
12 16 18
6 7 6
14 17 7
4 7 11
23 1 13
21 1 2
5 7 2
6 10 13
11 15 9
1 4 1
17 20 9
19 22 10
17 21 4
1 3 8
17 20 8
2 5 15
6 10 14
2 6 17
10 13 10
6 10 16
6 9 2
20 2 11
16 19 9
13 17 17
0 4 11
5 10 5
8 11 18
17 20 7
19 21 4
16 18 13
20 0 18
2 5 5
12 15 3
12 13 8
6 9 9
6 8 5
20 1 12
11 13 3
3 5 11
10 13 13
5 9 7
1 3 14
9 11 6
23 2 6
11 16 6
10 13 2
10 13 5
6 9 1
5 7 17
3 6 8
5 8 11
11 15 5
21 1 15
17 19 10
13 16 8
5 8 14
9 12 7
16 18 12
11 18 1
2 6 5
21 0 4
1 4 6
8 12 16
5 6 15
5 8 15
22 0 18
9 14 18
14 17 8
19 22 15
12 15 5
8 10 10
10 12 9
8 12 17
1 5 2
22 0 16
4 6 6
8 12 6
11 12 4
15 17 10
13 17 17
5 10 8
16 20 2
16 19 6
1 5 13
2 4 5
10 14 13
16 18 15
16 18 6
19 23 15
12 14 1
12 14 2
19 0 10
17 21 5
9 12 2
13 16 17
18 21 10
11 15 6
15 16 4
0 3 14
12 14 14
15 18 11
3 5 9
12 13 6
11 15 12
14 18 13
16 18 14
2 5 14
3 5 9
22 2 12
0 3 15
4 6 4
11 16 1
6 7 1
10 14 8
23 1 14
6 10 11
2 5 11
9 13 13
7 11 3
0 3 15
4 6 12
15 18 1
19 22 4
5 8 6
10 13 18
2 3 18
8 12 12
8 11 16
0 4 16
16 19 1
14 18 5
18 21 6
18 23 9
0 4 14
8 12 4
13 17 7
17 21 13
1 3 5
23 1 4
2 6 11
18 23 15
9 13 7
21 23 17
1 3 15
3 6 12
19 23 2
23 1 13
12 15 14
7 9 5
7 9 18
8 12 11
19 20 7
23 2 3
23 1 10
17 20 1
9 12 4
18 20 7
21 1 5
3 6 18
21 22 5
7 11 18
17 21 5
16 19 12
11 15 5
17 18 15
22 2 17
14 16 4
15 16 2
14 17 14
2 6 7
20 0 2
1 2 2
0 5 8
14 18 12
14 18 2
2 6 4
2 6 6
14 17 15
10 13 7
10 13 11
19 22 10
10 15 5
15 19 7
16 19 15
20 23 18
5 6 8
18 22 3
5 8 8
21 0 3
12 14 10
5 9 7
6 8 1
7 10 6
2 6 13
3 7 2
13 16 2
14 16 17
2 7 18
3 6 18
3 6 6
17 22 7
11 14 3
9 10 6
2 4 18
0 1 16
8 13 5
2 4 10
23 1 5
13 16 13
8 12 12
4 7 6
22 1 5
12 16 3
0 5 12
3 6 17
15 18 4
9 12 12
13 16 3
17 19 16
21 0 14
12 13 12
1 5 6
17 21 10
12 15 4
13 16 18
12 16 4
9 12 15
17 21 4
23 2 13
4 8 4
0 3 18
8 10 14
5 8 18
16 19 9
9 13 15
9 10 15
3 6 17
1 3 15
13 16 14
3 5 9
4 7 16
1 4 6
0 4 4
15 16 8
