1700 11
7 10 6 8 10 9 8 2 5 5 8 
10 13 3
16 18 1
18 22 2
14 18 4
4 8 5
18 20 1
18 20 9
10 12 2
2 5 1
7 10 3
0 4 11
12 13 3
22 2 11
18 21 10
3 5 6
7 10 11
10 13 11
2 4 1
17 20 2
9 14 3
17 21 7
9 11 8
11 14 6
16 18 10
14 16 6
17 21 4
23 0 2
23 1 1
20 23 3
20 23 3
17 18 8
14 19 9
21 23 6
9 13 7
7 10 11
7 9 7
18 21 10
13 17 1
13 16 1
18 22 8
11 15 6
23 2 4
19 20 1
23 1 7
22 1 10
4 7 1
13 17 2
20 23 7
0 3 11
19 22 1
3 6 2
10 12 10
1 4 9
14 18 10
21 22 5
23 2 6
1 5 7
7 11 3
21 1 11
13 17 8
17 19 2
13 17 5
2 7 4
0 4 7
5 7 11
0 4 4
8 10 4
4 7 8
4 8 3
21 22 6
21 0 11
3 5 6
7 9 1
23 2 11
10 14 1
15 18 1
1 4 7
20 23 5
5 10 11
11 13 1
19 23 7
0 4 9
20 22 10
23 2 3
16 20 7
21 0 8
3 6 8
15 18 8
14 18 5
19 20 3
17 20 3
13 16 4
17 20 10
9 13 8
2 4 10
19 22 10
15 19 10
6 10 4
17 18 1
5 7 8
15 18 6
18 19 8
11 14 9
3 6 4
23 1 11
2 4 8
13 15 5
4 7 11
0 4 10
22 2 2
23 2 6
2 5 1
14 17 6
14 16 4
19 23 11
13 15 1
3 7 10
17 19 9
22 1 8
23 2 7
10 13 9
22 1 1
2 5 11
14 17 1
10 14 6
4 8 1
11 14 8
23 3 5
7 10 2
3 6 3
4 7 10
10 11 6
12 17 1
7 12 10
17 18 11
18 20 4
16 18 1
15 16 1
5 8 1
17 20 6
15 19 7
7 11 8
19 23 8
21 0 11
13 18 9
14 19 7
9 12 3
9 13 6
20 0 5
8 11 7
10 14 9
17 20 6
22 1 6
3 4 7
11 14 9
12 14 11
23 2 11
19 21 9
16 19 3
2 5 11
11 13 2
16 20 5
22 2 3
6 8 11
2 5 6
20 0 9
4 7 11
13 17 4
15 16 2
1 5 10
22 2 9
3 6 4
0 2 1
2 5 6
1 5 10
9 12 2
14 16 1
3 5 6
13 16 7
9 12 1
19 22 5
0 2 2
12 15 2
14 17 1
10 13 9
7 11 5
11 15 8
4 8 6
3 6 2
13 15 3
9 12 9
11 15 4
23 4 10
8 11 10
21 23 2
13 15 1
13 16 10
11 12 5
1 4 5
21 1 11
8 11 3
16 18 11
9 11 5
2 5 9
7 10 1
12 15 7
8 12 6
21 0 11
14 16 8
17 19 11
14 18 8
20 1 11
13 17 2
13 16 6
7 10 7
2 4 6
21 21 8
9 11 8
0 1 9
9 12 11
15 17 2
3 6 7
16 18 7
14 17 6
7 11 1
18 21 7
6 9 1
11 14 8
2 4 8
19 22 4
22 1 10
10 14 6
4 8 7
6 9 3
0 3 10
2 6 8
2 5 5
1 3 1
10 13 2
18 22 5
6 10 9
7 10 2
19 22 7
13 16 8
3 7 10
7 9 1
14 17 8
19 21 11
22 1 9
12 16 1
6 9 3
21 0 8
11 13 7
14 16 9
15 17 1
13 15 7
22 3 6
7 11 6
5 9 11
11 14 4
3 7 3
5 7 1
3 6 2
5 8 5
21 0 2
20 23 7
1 4 6
18 21 4
13 16 10
12 15 6
1 2 1
0 5 7
1 4 7
5 9 10
6 10 7
21 1 10
16 18 8
22 1 1
8 11 1
9 11 10
7 10 8
11 13 2
3 6 4
22 1 4
5 9 4
15 17 10
9 12 7
12 14 1
3 7 3
21 23 9
10 14 2
1 3 6
19 21 4
18 20 5
13 17 8
16 20 10
12 14 8
7 9 6
22 1 3
4 7 10
20 0 9
2 5 9
23 2 3
2 6 11
4 7 3
0 3 6
4 7 6
13 17 3
8 11 2
11 14 3
20 0 5
13 17 1
21 0 2
2 4 7
12 15 2
6 7 10
21 1 8
6 10 4
12 15 7
21 0 4
17 18 7
11 13 9
15 17 10
5 8 10
0 2 7
19 21 8
12 17 1
11 12 3
9 12 11
17 19 5
7 11 8
12 14 11
0 4 8
22 2 11
19 23 8
1 3 4
7 10 9
4 6 9
20 23 1
20 23 1
1 4 7
17 21 3
17 22 1
8 10 7
11 15 6
7 11 8
20 23 10
1 5 1
5 8 1
5 6 10
11 14 10
13 16 8
11 13 3
22 1 9
11 13 8
16 21 9
15 18 6
4 7 4
14 17 2
12 16 6
2 3 10
2 5 2
14 15 8
10 14 2
9 13 8
13 17 11
23 1 5
11 14 5
11 13 2
6 8 2
0 3 9
4 6 1
12 16 4
7 9 8
15 20 10
18 21 11
1 6 5
21 23 3
6 8 2
12 15 4
22 1 10
2 5 3
21 22 4
4 7 9
15 17 10
13 16 4
15 17 6
8 11 9
2 5 2
7 10 1
7 10 7
14 17 7
14 16 11
0 3 11
20 22 2
0 2 5
15 17 1
23 2 3
10 14 11
15 19 3
4 8 10
22 1 8
20 22 6
17 21 5
13 15 6
22 1 11
0 4 6
19 21 7
2 3 6
3 6 3
11 16 7
0 4 11
13 17 3
7 10 3
19 21 5
21 23 6
19 22 10
7 10 10
16 20 7
14 17 8
16 20 11
14 17 2
9 13 9
12 16 6
2 4 4
10 13 11
18 21 3
18 22 1
3 5 10
11 13 3
14 20 7
15 19 8
17 21 1
19 23 10
5 9 4
8 11 2
7 11 9
3 5 4
5 9 10
12 12 6
13 15 7
5 8 1
21 23 6
15 19 6
19 22 10
9 11 2
5 8 9
7 9 5
19 20 7
20 0 11
9 13 4
15 18 5
5 8 1
21 1 10
0 3 1
17 21 1
16 18 3
20 0 9
21 0 4
6 9 5
16 20 2
16 19 9
16 19 2
11 15 1
1 5 11
10 15 11
6 9 3
14 18 1
18 21 5
15 18 3
17 19 9
7 11 11
12 15 9
4 8 11
21 0 3
21 1 6
3 6 1
13 16 10
8 10 11
20 23 5
18 19 1
14 17 6
12 15 10
12 15 10
19 22 3
23 23 7
2 7 9
11 14 9
4 7 11
18 20 4
14 17 3
8 10 6
9 13 9
21 0 11
16 19 8
1 4 5
15 18 8
15 18 9
12 14 6
0 3 4
22 3 9
2 3 6
5 7 6
13 16 8
8 11 7
15 18 11
3 7 9
16 19 8
5 8 1
15 17 5
20 23 7
16 20 7
18 22 2
6 9 5
11 15 5
23 0 4
11 14 5
9 13 3
14 15 5
10 13 4
23 2 3
18 21 1
13 15 9
14 17 5
20 23 3
10 12 7
13 16 3
17 19 11
21 1 11
23 3 3
12 14 8
13 17 4
19 22 2
13 16 3
16 19 7
4 8 8
0 4 4
23 3 1
13 17 6
12 17 6
17 20 7
8 13 8
9 10 11
7 10 2
18 19 9
1 4 1
14 18 9
2 7 6
19 21 11
19 23 9
13 16 7
17 20 2
18 20 6
3 7 6
10 12 4
0 3 2
21 2 7
1 3 11
8 11 9
20 22 6
8 11 6
0 4 1
22 1 11
2 6 11
1 3 11
11 14 9
6 9 10
7 9 7
15 18 6
9 12 3
6 9 11
23 1 6
9 11 2
16 20 1
23 2 1
6 9 1
7 9 9
2 5 5
3 4 11
15 16 7
10 13 8
0 3 9
9 13 10
17 19 10
22 0 1
3 6 2
9 11 8
23 2 7
0 1 6
19 22 4
6 8 10
5 8 6
17 19 11
1 4 1
19 23 3
5 7 6
4 7 6
1 3 9
9 12 8
3 5 4
0 4 6
2 6 3
7 10 7
20 21 1
1 6 10
9 14 9
8 11 4
4 6 10
15 19 6
14 17 7
7 10 3
3 6 7
21 0 5
2 5 7
4 8 3
2 6 11
21 0 11
17 18 10
9 12 3
8 11 3
21 2 5
20 23 5
16 18 3
6 8 7
9 12 6
22 1 11
18 23 5
19 20 3
20 0 8
18 21 1
0 3 2
18 22 6
17 18 6
19 21 8
14 17 6
21 0 8
2 5 5
3 7 9
14 18 10
12 15 1
23 2 9
7 9 5
10 13 3
7 9 2
5 9 4
4 6 8
6 10 9
23 3 2
7 10 11
14 17 11
8 8 2
11 15 6
0 4 9
23 1 10
0 2 4
9 13 6
8 12 6
2 4 5
17 20 11
14 17 10
8 12 10
5 9 11
5 7 5
16 21 10
11 14 3
16 19 2
3 6 9
7 10 3
18 20 6
12 14 6
23 0 11
16 19 4
20 0 11
16 20 2
18 21 2
12 17 8
19 20 1
11 13 4
9 11 8
2 4 11
6 7 7
13 17 6
8 11 10
18 20 9
17 19 11
15 16 4
23 0 5
8 12 4
19 21 10
22 2 6
17 21 11
5 8 5
5 6 5
1 2 8
15 19 6
12 15 5
1 5 8
14 16 5
7 11 4
8 11 4
10 14 5
19 22 3
21 0 4
16 19 4
14 18 10
15 19 3
20 23 1
22 2 7
16 18 7
14 16 6
9 14 11
19 22 8
9 12 7
18 22 9
14 18 11
4 6 8
10 12 11
11 15 1
10 13 3
7 9 4
6 9 3
4 8 9
2 5 3
23 3 11
6 9 2
18 23 5
5 6 8
22 23 2
22 0 11
4 6 9
0 3 3
3 6 5
0 2 5
14 18 9
9 15 4
20 22 4
17 22 11
10 13 1
15 17 7
14 18 1
14 17 7
22 1 3
3 6 10
8 11 8
1 4 7
5 8 9
23 2 11
23 1 7
6 6 3
6 8 4
1 5 7
20 23 4
2 5 3
8 12 8
6 10 10
7 11 3
17 19 8
3 6 9
16 18 7
13 14 10
5 8 4
20 0 7
19 21 8
20 0 7
13 16 5
18 21 2
16 19 7
1 3 5
18 21 1
13 17 8
16 18 11
8 9 6
0 4 9
11 14 3
6 9 10
3 6 1
21 22 9
21 23 9
4 8 8
4 6 2
7 9 9
22 0 7
11 14 11
6 10 6
2 5 2
19 23 9
20 0 3
5 8 9
16 19 6
8 11 4
20 0 5
13 16 7
5 7 7
15 17 10
15 19 11
21 0 11
19 23 9
9 11 1
1 4 3
19 19 4
18 22 6
20 21 5
3 7 8
1 4 9
10 11 2
8 12 5
2 5 5
10 12 3
21 23 2
8 11 7
14 19 8
13 18 8
4 7 10
23 3 9
20 23 4
19 22 5
23 2 4
22 1 2
17 21 3
18 20 5
15 18 2
11 15 3
18 20 1
6 9 6
1 2 2
6 7 2
11 15 5
3 5 1
5 7 1
14 17 10
23 2 8
14 16 4
6 9 8
21 23 7
22 2 11
6 10 2
10 11 6
19 22 3
20 23 5
11 14 9
20 23 2
19 23 5
19 22 8
4 7 5
14 17 7
17 19 2
7 8 1
11 13 5
12 16 6
15 18 10
7 9 2
20 22 9
19 20 8
11 14 8
18 21 11
15 20 7
5 7 2
15 16 4
21 1 7
23 2 8
3 8 7
8 13 4
16 19 9
21 22 5
5 8 7
10 12 7
14 18 10
9 12 1
19 21 7
19 22 11
5 8 4
3 8 5
12 17 4
23 1 4
6 8 2
17 22 1
15 18 9
21 23 6
0 1 3
10 11 1
19 22 4
8 10 11
3 7 11
5 6 10
8 12 2
6 10 4
8 11 6
6 10 7
3 7 11
22 2 10
17 21 10
8 11 3
19 21 8
4 6 8
14 16 5
11 15 3
17 22 10
3 6 2
21 23 7
19 21 8
18 20 7
13 16 8
14 16 11
16 20 10
13 16 1
20 23 2
1 4 3
6 10 6
4 9 9
10 13 11
8 9 1
21 1 6
17 20 8
7 10 2
21 22 7
9 12 10
4 8 6
23 2 11
9 11 3
8 12 6
18 21 7
15 18 2
22 0 3
20 23 9
14 18 9
23 3 8
12 14 5
21 0 3
0 4 11
1 4 6
23 4 3
7 9 2
18 21 9
4 6 2
7 10 6
11 13 5
19 22 1
22 1 8
6 9 9
22 0 8
3 5 7
12 15 4
9 13 11
12 15 3
17 20 6
0 2 6
17 20 11
7 11 4
3 5 1
4 7 5
19 22 9
16 20 7
4 8 4
0 3 11
16 21 1
4 7 11
3 7 5
23 2 10
23 4 10
1 4 6
2 5 7
7 10 1
6 10 6
17 21 10
14 17 8
17 20 4
19 22 3
10 11 4
16 18 3
15 19 1
12 14 5
2 7 7
5 8 7
20 22 5
23 0 3
6 10 2
2 6 6
4 8 1
20 23 7
3 6 5
15 18 9
21 0 2
2 4 10
23 3 7
5 8 4
9 13 8
22 2 6
8 10 4
10 12 10
14 16 6
22 2 8
16 20 8
20 22 2
3 7 1
2 4 8
7 10 6
3 6 5
12 16 2
21 0 4
17 22 10
6 9 10
18 21 5
20 22 4
21 23 8
17 20 3
4 10 7
4 5 10
11 12 5
4 7 11
10 13 6
16 18 9
0 3 2
18 21 8
2 6 4
16 17 2
13 16 11
14 16 5
20 22 11
7 10 9
12 16 9
17 19 10
20 0 5
0 1 8
5 9 1
9 11 7
13 14 10
2 4 1
10 12 1
20 23 11
11 15 11
8 11 10
16 18 9
14 16 1
0 4 8
16 18 9
13 17 8
11 15 11
19 21 4
14 17 4
19 23 1
22 0 4
11 15 3
20 23 6
10 14 3
9 13 4
13 16 7
13 16 3
4 8 1
15 18 11
7 8 10
21 1 11
21 1 7
0 4 8
23 2 3
22 0 3
3 6 1
23 2 6
8 13 7
16 18 6
21 0 3
5 9 9
23 2 2
16 19 4
13 18 5
15 19 1
16 19 11
11 14 8
21 23 2
8 10 5
7 10 7
11 16 5
12 14 1
2 5 6
2 4 2
2 6 3
1 5 8
6 9 6
4 7 8
17 20 3
22 2 6
13 16 4
5 8 6
1 4 6
4 7 7
0 3 7
5 6 11
22 2 4
18 21 8
17 20 2
2 6 5
17 21 3
22 2 10
1 3 6
1 4 8
1 5 7
17 20 10
20 0 6
3 6 8
3 7 3
15 19 5
8 12 6
15 18 2
2 4 7
3 7 4
12 14 10
20 23 4
1 3 8
13 14 11
17 21 6
7 10 8
14 18 4
15 19 7
12 15 9
21 0 1
15 19 2
2 6 6
9 10 5
9 12 6
0 2 9
6 11 1
4 7 2
22 3 1
0 3 10
6 8 3
19 21 1
22 1 5
12 15 9
19 23 11
12 14 1
18 21 11
4 8 5
8 11 6
5 7 11
5 9 6
21 23 9
3 6 2
5 9 7
9 14 3
9 11 11
7 9 3
9 13 10
3 6 7
15 21 10
19 22 6
18 22 5
9 12 10
22 2 3
12 15 7
3 4 8
15 18 1
4 7 1
15 18 6
1 3 8
19 22 4
8 12 6
9 11 3
12 14 6
20 23 7
6 8 10
23 4 7
0 3 9
12 15 4
8 11 4
14 15 10
13 16 3
15 20 8
20 23 5
0 4 9
23 2 11
13 15 5
1 4 2
14 17 4
14 18 7
23 1 10
13 17 1
9 13 1
3 6 10
13 16 1
11 13 8
14 15 8
23 3 8
9 12 8
15 17 8
0 1 7
2 5 3
15 18 11
15 16 8
10 13 1
15 19 4
4 7 10
18 21 2
7 10 1
22 3 7
16 20 7
1 4 4
21 0 3
19 21 6
18 21 2
4 9 3
16 20 1
6 10 2
21 1 11
20 21 8
22 1 6
13 16 5
23 4 9
1 4 6
17 20 11
8 11 8
23 1 1
18 22 6
6 10 11
23 2 10
22 0 5
6 10 7
12 15 8
12 15 7
0 4 3
14 18 3
1 4 8
12 16 7
6 10 5
13 16 6
18 20 8
10 14 5
22 1 9
13 16 6
4 9 8
9 12 2
23 3 6
1 4 7
6 9 7
20 23 2
8 9 1
6 8 2
18 21 10
21 22 1
9 11 11
7 10 1
1 3 8
3 7 2
19 21 6
4 7 3
17 18 7
7 13 7
4 9 2
17 20 3
13 15 3
3 5 3
17 22 8
20 23 10
13 16 6
15 18 10
17 19 4
7 10 7
21 0 10
9 13 11
6 8 5
13 15 7
9 11 4
19 22 10
6 8 9
16 19 8
8 10 1
10 12 1
20 22 3
8 12 4
23 3 3
0 5 3
4 6 5
0 4 11
4 6 7
0 4 9
2 5 7
8 11 8
16 20 1
9 11 9
7 11 8
22 0 4
3 5 4
9 12 4
9 11 3
4 6 9
9 13 3
20 0 2
21 23 2
16 20 5
19 20 11
20 23 1
6 10 1
5 7 7
16 21 6
21 1 9
13 16 6
23 1 3
12 15 2
5 10 10
10 13 1
3 3 6
23 2 1
2 3 6
15 20 5
23 3 7
19 20 10
14 17 5
13 17 2
3 6 9
7 10 11
18 21 4
18 22 2
20 0 8
9 12 2
13 16 9
21 22 2
15 17 5
14 19 4
13 16 6
7 11 2
9 12 1
6 11 6
8 10 6
18 19 6
9 11 9
20 23 1
19 20 1
23 1 6
20 0 2
6 8 1
1 3 2
7 11 7
14 17 11
12 16 11
21 2 1
23 2 8
0 2 5
6 9 6
23 4 2
4 6 7
16 21 3
4 7 7
21 23 6
8 13 1
22 1 10
20 21 5
3 7 4
13 16 2
19 22 6
9 14 9
8 10 2
14 17 10
9 14 4
20 0 1
19 23 10
16 20 8
2 4 7
11 13 9
18 22 10
10 13 3
10 12 10
18 20 9
2 5 9
3 5 9
13 16 6
13 16 7
1 5 3
9 14 8
20 21 5
0 2 2
3 6 4
21 23 8
15 18 10
2 5 11
4 8 10
2 6 11
12 15 2
17 19 2
4 7 4
8 12 2
18 21 5
1 6 9
23 1 6
18 21 7
6 9 3
21 1 3
17 20 10
11 15 8
4 8 2
23 2 6
6 9 7
13 15 9
12 15 8
4 7 5
10 13 3
5 9 4
10 15 5
14 16 9
23 3 8
7 11 8
5 9 4
10 12 11
14 18 7
3 6 11
17 19 8
7 11 2
19 23 2
23 3 6
1 3 5
14 17 2
16 19 6
22 2 7
7 9 7
18 22 7
6 8 10
5 7 11
6 10 4
0 1 3
18 21 3
2 5 10
9 13 2
16 21 5
4 5 10
5 9 6
15 17 10
21 23 3
11 14 10
23 3 9
22 1 9
12 14 1
13 17 3
0 3 10
13 17 4
12 15 1
9 11 9
0 1 9
17 21 10
13 16 9
22 3 6
16 21 9
21 1 9
21 1 10
8 12 9
11 13 6
9 12 4
7 8 9
8 13 7
10 13 9
15 17 6
13 16 3
12 14 2
17 21 10
22 1 6
9 11 9
21 1 9
3 4 5
19 22 11
1 3 10
8 11 6
2 3 3
14 18 7
22 0 10
9 12 10
2 5 7
22 3 5
11 14 2
18 21 11
3 6 6
15 18 7
1 4 4
15 17 1
6 9 8
13 17 5
4 8 5
13 15 6
5 7 3
2 5 1
18 21 9
4 8 6
17 20 11
2 4 3
16 19 10
13 15 9
5 8 11
1 3 10
12 14 11
20 0 9
1 4 11
8 12 11
19 0 6
14 17 5
6 8 2
12 16 5
9 13 10
13 16 4
16 18 7
18 21 3
22 1 10
4 5 5
19 0 11
3 9 7
1 4 5
4 7 2
7 11 6
23 2 9
18 21 8
2 5 5
20 23 4
19 22 7
23 2 2
2 4 1
23 1 7
13 16 7
15 17 6
13 15 9
9 12 3
6 8 11
10 12 1
11 13 5
17 20 1
0 3 5
19 22 4
9 12 7
21 23 2
18 22 9
23 3 2
2 4 8
13 13 7
14 19 4
12 14 5
6 8 11
13 18 11
15 17 2
3 6 5
22 2 7
7 9 9
6 10 6
0 1 3
17 21 2
4 6 9
14 18 4
3 6 3
22 1 2
12 15 1
13 15 3
4 7 6
14 18 10
22 1 4
14 18 8
2 6 2
22 1 6
11 14 4
15 19 2
8 13 10
2 4 5
20 23 5
2 6 2
22 2 11
5 9 7
11 15 5
5 8 6
11 15 8
14 18 8
19 21 4
10 13 8
13 16 4
12 17 4
9 11 5
8 10 5
19 21 5
12 15 3
11 14 6
1 4 6
2 4 3
10 10 9
9 13 10
14 16 4
10 12 10
19 21 10
9 12 2
3 5 5
5 8 2
18 21 3
22 1 6
5 6 1
21 23 3
8 11 9
21 23 9
11 13 9
2 7 5
10 15 4
0 2 1
5 9 4
13 16 5
5 6 10
8 12 5
6 10 4
11 12 9
17 20 10
9 12 3
16 20 10
8 10 8
23 2 11
0 3 8
8 10 9
0 3 1
19 0 2
7 10 7
18 21 8
21 0 6
13 15 2
11 14 3
23 2 10
3 7 4
15 19 6
11 16 1
15 19 7
1 5 9
4 8 5
11 13 5
16 18 2
8 11 7
8 11 2
22 0 9
22 0 1
15 19 2
21 0 4
10 13 5
2 4 7
8 11 1
19 22 11
18 22 1
18 19 11
12 16 3
14 19 1
12 15 6
7 11 11
14 17 5
22 2 7
15 17 11
22 0 9
6 7 10
10 13 7
20 0 7
1 4 4
16 19 9
13 17 5
7 11 3
10 15 6
5 10 2
8 9 8
14 18 3
15 17 7
0 3 10
2 5 10
18 21 9
16 19 3
4 4 4
9 13 8
1 3 1
21 0 4
23 2 7
2 4 4
14 16 1
2 5 9
21 1 2
18 20 3
1 4 6
1 3 8
1 6 10
6 9 10
16 20 10
10 12 3
11 14 6
16 21 2
22 2 1
6 8 10
16 19 4
23 4 9
6 9 7
22 1 5
21 1 6
6 9 9
11 16 7
13 15 9
11 13 6
0 3 8
9 12 7
7 10 5
19 23 2
16 17 5
20 22 2
11 14 1
12 16 1
12 15 7
1 4 9
10 14 3
22 1 4
4 7 10
16 18 11
18 21 2
2 6 7
