600 15
1 3 6 6 8 5 4 6 10 2 2 5 6 3 3 
22 23 6
15 20 1
11 15 3
10 11 10
18 22 1
23 1 12
11 16 10
22 1 11
16 18 15
5 6 11
15 18 9
19 22 3
22 23 7
13 15 9
6 8 8
12 15 7
7 10 15
5 8 12
23 2 15
10 14 10
17 19 2
13 17 8
20 0 2
6 8 11
4 6 5
22 0 2
6 8 4
0 3 4
4 7 2
2 4 14
6 11 9
18 21 2
22 2 4
15 18 13
23 2 8
9 10 7
2 7 11
0 4 5
17 21 7
1 4 3
21 0 8
20 22 15
17 20 2
5 8 15
21 1 2
3 6 10
9 13 9
11 14 4
4 6 5
7 10 3
20 0 14
8 11 6
22 2 1
22 1 8
3 5 6
3 6 15
21 0 6
23 2 6
23 2 2
11 13 14
0 3 3
22 23 7
7 9 5
13 17 14
1 4 15
9 11 11
18 22 10
3 5 11
18 20 8
23 3 11
12 13 6
4 8 1
5 8 10
15 19 11
3 5 13
23 2 6
16 18 15
9 12 14
2 5 13
10 14 13
18 20 7
0 4 8
6 8 13
9 11 6
4 7 15
9 13 15
9 12 4
20 21 1
0 4 2
4 7 6
11 15 11
3 6 5
13 17 15
14 18 14
12 14 13
5 8 7
21 0 8
11 14 11
17 19 1
5 10 8
5 9 11
15 19 11
18 22 2
11 14 7
2 5 6
4 7 12
2 4 10
13 13 4
21 0 15
8 12 4
15 20 7
15 19 5
9 11 2
3 7 12
16 19 9
1 4 3
2 5 5
1 4 7
11 13 1
10 12 3
14 16 8
6 9 1
11 15 7
22 2 3
22 3 15
2 4 5
19 22 4
13 16 8
23 0 4
11 15 3
8 11 7
0 3 7
7 9 2
20 23 8
21 2 2
7 9 4
0 4 2
0 4 5
17 19 7
17 20 7
15 17 14
3 5 9
10 12 7
13 16 13
6 9 4
1 4 6
9 12 3
13 15 3
2 6 12
6 10 11
3 5 15
1 4 1
8 12 13
23 3 9
23 3 1
2 6 9
20 22 12
9 11 7
7 9 15
14 17 6
13 15 12
15 17 6
11 15 10
7 10 15
20 22 12
7 10 9
22 2 7
22 1 5
10 15 14
19 21 1
7 12 15
18 20 12
8 11 4
7 10 6
23 1 10
19 23 9
18 23 2
11 12 1
19 0 6
3 6 14
12 15 1
7 10 15
16 17 14
19 22 12
20 22 1
23 2 12
21 23 12
2 5 15
14 18 3
17 20 8
0 3 14
15 16 15
8 12 13
0 3 7
21 1 2
0 5 1
23 3 11
12 16 9
8 10 1
20 23 14
8 11 8
9 10 9
20 0 12
5 8 2
3 6 13
15 19 9
22 3 6
1 7 4
21 22 13
18 19 11
10 14 11
13 16 3
14 17 1
11 16 3
19 0 13
5 8 3
18 22 4
20 22 7
5 6 2
6 11 11
1 3 11
22 0 10
13 16 14
7 10 8
6 8 5
17 20 15
5 8 4
9 12 2
3 6 10
10 13 9
20 0 7
15 17 12
4 9 7
5 10 15
7 11 9
6 10 3
0 3 1
8 12 2
20 23 14
12 14 9
20 0 10
8 12 8
6 9 7
17 21 6
8 11 11
1 5 7
17 20 9
2 4 11
12 15 4
11 15 9
2 6 11
15 18 10
6 9 7
2 5 3
10 13 4
17 19 12
23 1 6
17 19 13
4 9 11
3 6 10
13 18 5
6 9 13
9 12 11
0 2 14
22 1 3
7 11 9
17 22 1
13 16 5
5 8 13
8 10 9
10 12 10
3 6 10
21 0 7
9 12 15
6 9 9
1 4 8
20 23 6
9 13 7
4 6 12
10 13 1
9 12 7
10 12 11
11 14 9
11 14 15
8 10 2
5 7 1
1 3 1
2 6 1
15 19 4
21 22 4
2 4 6
13 16 10
17 19 13
15 18 10
0 4 8
0 4 5
22 0 11
12 15 5
17 19 9
2 6 2
15 18 15
0 2 12
16 19 7
21 22 8
22 1 7
7 11 2
16 20 8
5 7 15
4 7 11
21 23 6
12 16 12
14 17 6
4 7 2
7 12 8
23 1 3
23 2 7
20 22 11
22 0 5
0 3 2
15 19 14
18 21 3
18 23 1
19 22 1
22 1 10
12 14 14
2 4 12
9 12 8
2 4 9
22 1 2
0 3 4
21 1 4
14 19 1
11 15 14
19 22 9
19 23 3
21 1 4
1 5 1
19 22 12
22 2 3
20 0 2
16 19 10
5 8 7
19 22 15
3 4 14
12 16 6
23 2 1
9 13 2
23 0 8
19 0 12
9 12 2
21 23 3
5 9 10
13 17 10
22 3 3
14 19 2
4 9 1
21 1 13
12 15 9
0 5 8
10 12 5
2 4 10
1 6 1
16 20 1
18 22 3
4 7 13
11 15 1
7 9 8
9 12 15
15 17 11
16 19 4
17 21 4
5 7 15
15 17 15
15 17 11
2 5 3
11 15 15
14 18 8
15 17 7
0 3 14
0 4 6
14 17 4
19 22 3
23 1 14
8 10 9
8 9 11
5 7 15
17 20 7
22 2 12
21 23 3
6 9 12
20 20 7
13 17 5
13 17 15
19 21 14
7 11 9
3 5 4
18 21 7
7 9 7
10 14 11
8 11 3
19 22 3
19 23 7
21 0 5
4 6 9
21 0 10
6 10 5
6 7 6
22 0 11
5 7 11
6 9 9
14 15 1
18 19 15
1 5 1
5 6 15
5 9 2
22 1 6
4 7 4
18 20 2
16 18 2
2 3 13
4 8 10
3 6 1
13 16 2
15 17 4
11 15 3
3 6 10
19 22 5
4 10 4
2 3 14
18 21 11
13 16 8
15 17 15
10 13 11
23 1 7
14 17 2
20 22 7
17 19 15
16 18 11
9 11 12
20 22 15
20 22 3
9 10 13
7 10 10
14 15 12
0 4 7
21 1 14
15 17 4
21 0 13
22 1 14
3 5 12
2 5 12
11 14 11
13 16 14
16 19 11
5 8 2
5 8 15
16 18 2
20 0 14
15 18 8
3 6 14
0 3 2
7 9 4
19 21 11
7 11 9
6 10 11
15 17 14
8 12 13
14 17 3
11 14 5
3 8 7
14 17 12
0 3 4
0 3 5
11 15 14
13 16 14
8 10 2
5 6 6
9 13 6
12 16 11
22 1 5
17 20 12
19 22 15
3 6 14
2 5 6
21 1 14
7 9 9
4 6 9
12 17 5
3 6 8
10 14 11
7 11 6
19 21 13
11 14 2
12 15 8
1 5 10
22 22 4
6 9 11
14 17 1
8 10 14
14 15 8
2 5 8
16 19 1
7 11 4
0 3 12
21 1 13
12 16 12
13 17 14
8 11 6
7 11 14
8 11 3
12 17 9
2 6 3
18 22 11
16 19 13
14 15 14
17 18 9
18 22 2
10 13 7
12 16 10
23 3 10
21 1 11
18 21 13
16 20 1
18 21 9
18 22 15
0 3 7
23 2 10
23 1 15
9 11 9
15 19 11
9 13 13
5 8 14
20 22 15
0 4 4
18 22 13
2 5 10
2 3 2
6 10 4
19 21 13
0 3 2
2 5 11
1 4 5
22 2 9
4 8 10
14 19 6
10 14 15
11 15 12
12 14 11
22 3 7
4 6 8
6 11 1
11 15 7
14 18 12
22 2 4
15 21 15
13 16 1
9 12 14
18 21 15
4 7 5
21 0 15
17 21 11
17 20 9
11 13 2
15 18 2
3 5 2
14 16 1
7 8 12
23 0 6
14 16 15
10 13 12
21 23 6
10 13 12
2 5 5
7 9 9
23 1 9
17 20 14
8 11 6
22 0 15
7 9 5
2 6 4
8 11 4
2 7 9
1 3 8
17 21 6
12 16 12
7 10 11
12 16 3
6 9 10
20 23 6
11 13 11
12 14 7
9 11 14
0 4 9
0 1 8
7 10 1
13 17 12
1 2 9
0 3 15
17 19 13
19 22 8
