1500 17
1 4 3 6 9 10 6 3 3 5 9 10 9 1 7 3 8 
22 1 3
2 5 10
15 18 16
17 19 6
11 14 6
23 3 4
23 3 6
3 5 12
17 21 3
23 3 16
19 20 8
15 19 6
8 10 11
21 23 4
12 15 10
7 11 4
13 16 5
1 5 5
1 5 5
17 19 7
16 19 16
5 10 16
3 6 3
12 16 12
0 4 1
9 11 12
9 11 8
2 5 11
3 6 2
8 11 3
3 7 15
16 19 2
5 9 1
17 21 11
15 19 8
12 15 5
11 14 11
17 20 8
5 7 13
10 14 14
22 1 4
17 20 11
22 2 4
6 9 15
11 13 4
18 19 17
4 7 7
22 23 6
9 13 13
5 8 9
10 12 2
0 2 10
5 8 10
0 2 9
10 14 9
21 1 2
3 8 17
14 18 13
1 3 1
3 4 6
22 0 7
17 21 6
21 0 12
19 21 6
1 4 16
12 16 14
12 14 13
7 10 13
7 10 12
6 9 14
4 7 15
18 21 11
5 7 8
13 17 2
21 0 12
15 17 8
3 5 8
5 6 16
7 9 13
22 23 11
4 8 2
22 1 12
10 13 17
4 6 12
6 8 16
23 2 12
11 12 11
3 6 17
8 11 2
18 22 2
3 5 17
0 4 7
2 5 8
2 5 3
2 5 10
0 2 10
10 12 5
19 22 7
1 4 5
3 6 9
21 2 12
1 5 10
17 20 13
12 14 16
21 1 2
2 4 17
20 23 4
16 18 7
13 18 13
18 21 5
10 12 16
16 21 8
12 15 12
13 15 9
7 12 6
2 5 15
0 3 9
2 5 5
2 6 9
8 9 11
1 4 11
10 14 10
22 1 12
13 16 7
3 6 10
1 6 7
14 18 6
20 22 17
2 5 5
17 19 2
8 10 2
4 8 9
19 21 14
20 0 12
20 22 7
16 20 17
11 13 6
5 9 17
0 4 16
23 3 9
5 7 3
0 3 11
19 21 3
1 3 12
10 13 5
9 13 6
20 0 4
16 19 11
12 14 4
16 20 7
15 18 7
0 3 15
3 5 8
17 19 17
0 3 2
21 23 4
17 21 9
2 4 2
4 8 7
2 3 7
5 8 16
13 17 8
22 0 3
16 18 16
12 14 10
2 5 13
4 8 14
19 22 8
13 17 5
14 17 3
12 16 15
5 9 11
3 6 5
18 22 15
14 17 4
22 1 13
21 23 13
3 6 7
4 8 5
10 14 16
23 4 8
23 3 5
17 19 7
2 6 3
9 12 12
22 0 11
18 21 8
18 21 8
20 23 13
11 14 1
21 0 1
0 -1 15
3 6 5
12 14 11
11 15 5
19 0 13
1 5 17
3 6 14
14 19 16
6 10 1
21 23 6
9 10 13
2 5 4
17 19 17
21 0 17
1 3 9
18 22 7
13 14 16
18 21 12
9 11 9
15 17 7
23 2 11
8 8 15
15 18 2
1 4 12
21 1 10
23 2 9
0 3 5
16 21 7
18 23 16
8 11 6
1 4 8
21 0 13
13 15 14
1 5 14
2 6 10
13 16 10
12 16 15
14 16 16
15 18 13
15 17 17
18 21 17
4 6 4
10 12 1
21 2 10
23 1 4
4 5 7
7 10 11
23 2 15
14 18 16
18 21 14
3 4 5
4 8 17
21 23 10
5 8 6
22 2 5
23 3 9
16 20 17
11 13 13
17 20 13
12 15 6
4 7 10
5 6 10
6 10 15
22 1 16
20 0 3
15 19 15
3 5 2
8 11 5
13 17 1
17 22 1
12 15 15
19 23 16
13 18 12
15 19 10
8 10 12
4 9 17
7 11 17
1 4 13
11 12 5
23 2 7
12 15 16
23 1 13
2 5 10
15 16 2
8 12 7
8 13 9
15 18 3
1 4 3
0 1 1
7 10 7
2 5 16
16 20 8
1 4 5
22 1 3
10 12 3
19 23 15
7 10 7
4 8 11
12 14 8
13 17 13
22 1 3
16 19 10
22 0 1
8 11 10
9 11 8
21 23 8
17 21 17
5 9 15
4 7 14
21 2 16
5 8 4
15 18 2
18 19 12
23 2 3
11 13 14
16 19 9
1 4 16
14 16 2
12 17 5
7 10 17
2 5 4
13 14 12
23 3 3
11 13 7
14 17 15
21 23 17
3 7 10
19 21 3
22 0 9
18 21 8
20 0 17
5 7 2
11 13 13
21 23 11
12 14 6
10 13 2
11 14 9
21 0 3
13 19 14
22 1 11
10 12 1
23 1 10
7 9 1
5 9 14
10 14 3
17 18 9
6 9 5
18 21 15
12 14 7
0 2 7
17 21 14
23 3 5
9 12 9
15 18 5
4 6 9
7 10 13
16 18 14
0 3 9
15 18 8
20 22 10
1 4 14
18 22 4
4 6 16
0 4 8
19 1 4
15 18 17
13 15 15
12 15 7
11 14 12
20 0 10
17 20 7
15 18 3
9 10 4
23 1 4
18 20 15
22 1 15
21 0 13
0 3 13
16 20 6
21 0 5
4 7 12
8 9 13
16 19 12
18 19 2
21 2 3
1 5 15
22 1 17
18 20 10
14 16 17
0 4 9
21 0 17
23 1 6
21 23 14
0 3 10
9 13 17
16 19 17
10 12 11
14 17 11
23 2 12
19 23 1
22 0 15
22 0 4
5 10 14
22 0 3
20 0 3
4 6 10
2 6 13
5 8 15
12 13 11
14 17 3
12 15 14
11 14 6
12 16 9
2 4 2
16 18 2
2 5 3
8 11 6
20 21 12
11 15 9
21 23 4
19 21 9
1 6 2
4 6 6
19 22 11
11 14 8
10 13 16
19 22 4
9 13 14
16 20 7
0 4 5
20 0 7
13 18 15
18 21 8
17 19 15
3 6 2
15 18 12
10 13 13
22 0 13
17 20 9
9 13 5
5 8 17
16 19 16
0 4 6
10 13 9
6 10 10
0 4 16
15 17 10
12 16 13
10 12 14
15 18 7
19 21 4
15 18 17
12 15 13
12 15 10
10 15 11
9 12 14
2 5 3
11 12 11
3 5 9
10 15 5
6 8 9
20 23 4
3 6 10
8 12 13
18 20 17
8 10 15
22 3 6
18 22 3
23 0 12
15 18 11
15 15 8
18 21 1
1 3 6
9 13 13
9 12 15
15 18 1
14 18 12
4 8 1
20 22 5
12 15 3
22 2 5
13 15 2
9 13 17
16 20 9
18 22 17
10 13 10
6 8 17
14 16 16
14 17 10
5 9 9
2 4 1
6 9 1
5 8 13
16 19 8
22 1 14
17 21 11
3 6 5
17 19 4
8 11 14
1 4 1
22 2 7
1 4 8
6 10 3
18 21 1
9 11 14
1 2 12
4 7 11
5 10 3
17 21 12
4 6 17
8 11 16
16 19 12
2 3 13
18 20 17
4 7 12
13 16 2
21 0 2
12 15 9
21 23 15
14 17 11
2 6 14
12 16 14
13 15 17
1 3 2
21 0 3
8 12 17
22 1 3
3 6 5
13 16 12
4 6 3
2 5 12
10 14 17
4 7 17
10 14 1
11 14 3
13 16 5
20 22 17
19 21 13
13 15 12
19 23 14
12 14 9
6 11 7
2 4 13
10 14 7
6 8 17
2 4 10
9 9 8
9 12 16
23 3 16
4 7 8
16 17 3
7 10 8
13 17 14
7 11 9
13 15 3
19 0 16
11 15 9
15 17 9
23 3 10
23 1 7
2 5 8
18 22 3
17 19 6
14 17 4
19 22 7
14 15 13
22 0 14
3 8 13
3 5 7
13 15 12
1 6 12
18 21 16
17 22 3
16 18 8
22 2 10
12 16 16
16 19 1
12 14 5
19 22 1
23 3 13
5 7 16
23 0 12
12 14 17
16 17 4
9 12 8
12 16 14
14 16 3
18 23 6
17 22 14
7 11 17
14 15 3
12 14 14
17 22 3
21 23 16
16 19 14
19 22 13
17 19 2
22 2 13
4 6 6
3 6 4
1 3 15
4 7 10
21 2 14
19 23 17
19 21 3
3 6 7
16 19 9
13 16 15
7 10 15
21 0 8
7 10 10
10 14 9
19 23 10
7 9 6
11 15 6
9 11 12
7 11 4
16 21 4
15 18 7
3 6 17
16 20 17
14 16 13
4 9 12
17 20 2
21 23 11
9 12 17
4 6 12
12 15 17
22 3 17
3 6 1
1 5 10
16 18 5
23 2 12
16 19 16
12 15 2
7 12 1
11 15 12
7 8 10
7 9 13
3 4 2
15 17 17
14 16 1
20 23 2
16 19 8
12 16 17
22 23 11
16 19 4
20 22 5
16 19 16
14 18 2
20 23 4
21 23 7
0 2 13
23 4 8
5 7 2
6 9 4
2 6 13
8 10 7
11 15 11
15 20 13
0 2 5
23 1 4
7 10 14
3 6 17
22 1 6
10 12 9
15 18 10
4 9 2
15 17 9
16 19 1
13 18 12
15 18 11
22 1 8
12 17 5
14 17 16
15 20 15
9 11 8
18 21 2
18 21 10
0 4 9
14 18 17
22 2 11
0 3 8
12 16 4
19 19 6
1 2 1
8 10 1
11 13 4
1 3 5
22 1 15
12 14 6
15 17 4
12 15 14
21 1 6
8 11 4
8 11 2
16 20 13
3 6 17
21 0 9
2 5 1
8 12 15
12 15 12
2 5 9
22 3 11
2 5 17
11 15 2
3 4 16
0 3 9
13 16 13
5 9 17
10 14 14
5 8 17
3 5 11
5 8 15
0 3 16
3 5 2
3 5 12
3 6 10
1 2 13
0 1 8
20 0 8
17 19 8
21 22 8
15 19 10
3 4 9
10 12 7
17 22 3
13 16 8
14 16 3
21 2 17
7 10 7
2 5 3
16 18 3
8 13 8
2 5 10
23 3 17
19 20 16
7 10 17
14 18 9
20 0 9
11 15 6
4 9 6
16 19 14
10 13 13
18 21 16
18 20 10
6 11 9
19 21 12
14 16 3
17 21 9
22 0 9
13 16 4
0 1 1
0 4 1
3 5 8
22 1 2
4 8 13
13 16 9
23 4 6
11 14 11
0 3 1
14 17 13
23 23 13
10 13 14
14 18 12
16 19 14
2 3 12
12 16 7
21 1 3
21 2 17
18 22 7
12 15 9
6 11 1
7 11 8
8 10 16
18 21 10
2 5 14
9 12 15
10 13 5
9 14 11
11 15 7
5 10 3
0 4 2
12 15 7
20 22 7
15 18 5
7 11 5
20 21 6
22 2 1
13 17 5
15 18 17
4 7 7
13 14 10
0 3 11
10 13 4
21 0 6
6 8 5
11 13 16
1 4 11
7 10 2
3 7 16
2 4 7
0 2 5
23 1 10
14 18 15
18 23 2
14 18 14
9 13 17
10 14 11
1 5 5
6 6 4
7 12 15
21 1 5
20 22 15
1 2 10
16 19 12
17 20 1
23 2 8
1 4 16
14 16 10
18 21 4
8 11 1
9 11 3
8 12 12
8 12 4
2 6 6
8 12 2
15 17 15
5 8 17
8 11 14
2 5 6
15 19 7
15 17 17
3 6 4
5 9 3
22 0 11
14 17 16
16 21 3
21 1 4
14 17 1
4 7 11
18 22 12
3 7 12
23 2 15
3 5 1
8 9 11
12 15 14
23 2 10
18 20 6
15 17 3
8 13 17
8 12 2
16 19 5
8 12 9
14 18 14
12 16 14
4 7 4
21 0 17
7 11 2
13 15 8
17 20 9
15 20 2
19 23 7
19 21 2
10 14 10
18 21 2
17 21 14
12 15 14
4 7 11
2 3 17
2 5 2
19 22 17
15 16 17
8 10 4
8 12 11
9 11 15
3 7 14
21 0 7
12 15 16
23 2 14
0 4 10
23 2 8
9 14 7
21 23 1
23 5 15
6 10 15
4 6 5
23 0 3
10 14 10
19 21 11
20 23 17
13 16 8
22 2 4
18 21 14
19 18 12
9 12 15
19 22 14
12 14 9
2 5 6
1 4 9
22 1 3
2 4 12
18 21 6
6 11 10
5 8 1
2 6 8
4 6 16
1 2 5
5 10 1
11 16 11
0 3 9
16 19 7
15 17 16
16 20 2
17 20 16
9 11 17
22 0 17
2 4 5
21 23 12
4 8 14
11 14 7
10 13 2
13 17 1
15 19 5
21 22 10
6 9 16
19 22 16
0 3 15
5 8 4
14 20 7
19 22 1
11 14 14
10 14 8
13 15 8
2 5 4
1 4 16
15 18 9
8 14 4
21 22 12
9 13 8
2 4 2
17 19 10
5 7 8
7 10 8
13 15 15
23 3 15
8 9 1
12 14 15
14 16 15
14 17 1
23 2 7
15 18 12
8 11 3
13 16 13
12 14 3
14 18 11
6 8 17
17 20 10
13 17 16
8 11 4
19 21 17
0 3 1
0 2 9
12 15 7
17 20 7
11 16 12
19 20 16
14 16 11
17 19 15
4 6 13
16 21 8
9 11 15
22 1 13
12 17 1
19 0 11
4 6 2
21 23 1
3 6 1
23 4 2
3 6 12
3 6 9
8 10 10
1 4 8
1 4 17
0 2 2
2 5 10
20 23 11
1 3 6
19 22 1
0 3 15
13 15 12
6 9 17
7 9 2
23 2 14
12 15 8
16 20 4
23 1 11
13 14 3
4 8 11
9 12 9
19 21 3
9 11 1
1 5 4
3 6 16
7 10 12
22 0 17
9 13 14
1 4 3
8 10 15
1 6 12
20 22 4
11 16 15
13 16 15
11 13 10
10 13 4
8 10 13
7 11 2
20 22 4
11 15 9
0 2 6
6 8 10
17 21 17
9 12 15
17 20 8
3 5 11
9 12 9
7 8 11
23 3 9
20 22 3
12 18 2
23 1 12
4 7 7
4 9 7
20 0 3
15 19 11
9 10 7
14 17 4
5 9 8
10 14 6
15 18 9
12 16 1
11 14 16
16 21 17
22 1 2
13 16 14
0 4 16
20 23 15
10 14 17
18 22 13
23 1 17
16 19 7
13 16 16
4 6 6
23 3 5
9 9 16
3 5 6
14 18 14
4 8 14
19 22 16
13 14 7
19 20 14
14 18 4
13 17 7
19 22 4
13 15 4
17 20 11
12 15 9
4 7 14
23 23 9
9 11 1
6 8 7
2 5 2
0 1 11
8 12 16
11 13 15
7 9 5
18 22 3
23 0 4
6 8 6
1 4 14
20 21 16
12 16 17
4 8 5
6 9 2
7 10 7
18 20 4
2 5 11
8 12 7
1 6 9
7 10 11
2 6 15
5 8 14
11 14 2
17 21 8
7 9 4
18 19 7
18 22 4
18 21 16
17 19 9
10 13 7
23 2 13
9 14 4
20 23 2
14 15 7
8 11 10
12 15 12
3 6 12
5 7 5
9 11 7
11 15 14
22 1 2
19 21 2
16 20 15
3 6 12
22 2 17
18 21 16
5 8 7
11 13 15
17 20 3
19 23 8
18 21 17
0 3 16
4 7 10
9 12 2
13 15 7
12 14 13
18 21 15
7 11 9
22 2 11
23 4 9
19 23 12
23 3 10
10 14 9
19 22 13
23 5 6
2 7 2
17 20 14
3 4 12
14 16 11
11 15 8
8 12 7
1 3 6
7 8 6
11 15 3
6 10 7
6 10 15
16 19 5
14 16 2
13 14 5
4 8 6
5 8 4
10 12 14
5 9 17
17 21 15
3 6 5
19 22 2
18 21 17
14 17 13
19 22 8
4 7 1
12 15 7
18 22 5
10 13 12
9 13 2
13 16 10
8 12 11
21 0 6
7 9 1
14 18 14
5 8 13
15 15 4
1 6 2
3 8 6
22 1 2
4 8 5
14 16 17
14 18 3
16 18 5
16 19 16
7 12 9
21 0 15
0 5 9
23 4 17
22 1 6
16 18 11
22 23 5
5 8 9
21 23 1
7 10 10
2 4 13
11 15 14
23 3 6
16 19 12
2 5 14
2 4 6
14 16 12
9 12 4
1 5 8
13 16 11
14 17 4
9 13 1
17 20 9
5 8 2
15 18 17
17 20 12
13 16 5
17 19 9
21 0 12
14 17 1
12 16 15
21 23 13
12 16 14
1 3 1
14 18 8
4 7 17
13 15 11
9 11 9
17 19 17
15 16 2
7 11 6
23 2 11
18 20 15
15 17 7
15 17 14
11 16 14
4 7 17
7 11 1
12 16 9
9 13 12
14 16 6
14 16 8
10 11 13
13 16 9
4 9 2
7 9 9
15 18 15
16 18 3
9 10 13
14 17 10
18 22 13
4 5 6
22 2 14
23 2 12
3 6 1
8 13 6
16 19 13
7 10 15
9 13 4
9 12 1
17 21 8
9 11 1
7 9 8
13 15 16
16 20 11
11 14 1
23 2 6
15 17 13
6 9 4
14 17 9
6 10 1
10 13 9
1 3 7
20 23 13
19 22 11
9 12 13
21 23 4
22 1 5
20 23 13
5 10 4
4 7 6
15 18 3
16 18 14
13 15 8
13 18 1
19 0 4
22 1 16
14 17 15
7 9 4
15 18 3
17 20 7
16 20 16
15 17 14
18 22 15
6 6 10
23 3 12
3 5 14
12 13 2
21 0 15
23 4 2
21 0 9
3 4 3
16 18 8
2 4 1
7 11 7
5 8 2
8 11 12
7 10 6
11 13 12
15 17 3
22 0 2
4 6 10
13 16 10
15 17 11
14 16 12
11 13 17
3 7 3
16 19 16
16 20 7
1 5 17
3 6 1
8 11 16
10 12 15
21 1 10
8 13 5
12 15 13
11 14 16
12 14 6
5 7 12
18 21 10
17 20 4
14 17 10
5 8 4
10 13 2
10 13 14
3 4 16
19 22 15
6 8 14
19 21 8
11 14 12
16 21 3
3 6 1
23 3 2
9 12 15
23 1 4
4 7 17
18 22 17
1 4 7
11 14 6
17 21 5
22 1 17
21 0 6
20 1 10
11 14 7
7 10 16
9 11 15
9 13 15
3 7 9
3 6 15
18 21 16
5 7 5
3 4 17
8 12 12
20 23 7
10 13 14
2 6 1
22 1 5
0 3 2
9 12 7
16 19 14
14 17 12
19 23 12
14 17 16
19 22 17
9 11 5
23 2 9
6 8 2
7 10 6
7 9 4
23 0 8
2 5 6
10 13 10
11 14 17
17 21 11
21 1 3
0 3 6
22 2 5
8 11 17
8 12 12
18 21 11
4 7 10
7 10 10
21 23 8
5 8 8
15 17 2
14 16 11
2 6 5
5 7 15
14 18 5
7 10 7
7 12 2
15 18 9
0 3 10
6 11 4
3 7 9
23 3 3
13 16 12
19 21 3
3 9 1
14 17 5
11 16 16
17 21 3
20 23 2
3 6 14
15 19 4
4 6 7
22 2 12
4 6 13
18 21 14
10 14 15
20 22 13
2 5 16
2 3 3
6 10 10
4 7 5
4 9 1
8 12 15
18 20 4
17 21 9
17 20 6
11 14 5
2 6 16
8 11 1
16 21 3
14 18 13
18 20 6
20 22 16
14 16 2
1 4 13
1 4 11
2 4 11
9 12 13
0 2 13
6 8 14
6 7 10
8 9 2
10 12 8
15 16 2
4 6 17
8 11 1
11 12 11
23 2 2
4 5 4
21 0 12
1 3 16
5 8 12
2 5 12
12 14 10
8 11 16
6 8 13
15 20 15
0 4 12
22 1 9
1 4 12
2 7 9
10 14 17
5 8 4
23 1 9
9 11 13
0 6 17
8 12 6
15 18 12
8 12 3
10 16 13
14 16 9
21 1 8
17 20 14
9 11 9
2 7 11
18 20 9
9 12 15
22 3 3
13 17 14
9 10 6
21 23 8
22 1 5
16 19 13
10 14 1
1 4 6
9 12 9
8 11 6
10 14 1
15 17 2
12 15 6
5 9 12
18 20 5
16 19 15
7 10 10
6 10 4
15 18 4
4 6 2
3 7 15
20 23 2
17 19 8
7 9 6
0 3 15
2 4 13
1 3 1
10 13 10
1 5 4
22 4 14
22 1 15
2 5 6
7 11 6
1 5 10
22 1 1
2 6 9
0 5 1
15 18 10
12 14 11
