100 8
7 2 10 9 3 2 1 6 
12 14 8
4 5 8
20 0 4
22 1 4
22 1 7
13 16 5
3 7 7
14 16 3
15 19 7
12 17 6
18 22 3
12 15 4
19 19 7
11 15 4
5 8 2
17 21 1
23 4 4
7 11 3
13 16 8
22 3 6
12 16 7
11 14 4
2 5 2
6 7 4
14 17 5
19 23 5
17 19 1
13 15 4
9 13 8
6 10 8
5 8 3
7 10 5
19 0 7
23 2 4
12 12 6
18 22 7
22 3 3
22 1 3
21 0 4
17 20 3
19 22 6
12 16 5
10 13 5
18 22 4
15 18 4
14 16 4
3 6 5
18 22 1
22 1 6
3 6 7
4 8 1
13 16 5
17 19 5
17 21 1
2 5 2
16 19 6
15 17 8
21 3 4
9 11 7
5 9 8
15 18 7
11 12 5
13 14 5
20 22 6
22 1 6
14 17 4
13 14 3
6 9 1
23 3 7
16 19 4
9 13 3
5 7 1
14 18 1
14 18 5
19 22 6
14 19 7
6 10 4
11 14 8
8 11 3
15 20 7
21 0 2
15 17 1
1 3 5
18 19 8
13 15 4
10 12 3
20 22 8
9 12 1
16 20 6
11 12 5
15 18 5
20 0 6
14 17 4
13 16 7
19 23 6
23 2 5
5 7 8
9 11 3
11 13 4
19 0 7
