1400 7
7 5 5 8 3 2 4 
23 2 7
8 12 7
0 4 1
20 20 1
16 20 6
13 17 4
22 1 4
11 14 5
13 17 3
9 11 3
17 21 2
6 10 3
11 15 6
10 14 4
2 5 7
9 12 4
21 2 2
16 20 5
20 23 5
2 4 7
1 4 7
3 6 4
9 12 5
5 8 5
18 21 6
2 5 2
10 13 2
8 13 3
4 8 1
10 12 7
6 9 5
18 20 3
21 0 1
22 0 7
15 18 2
20 22 5
10 13 5
14 18 6
15 18 1
2 5 6
11 15 1
17 19 3
9 13 2
12 16 4
23 2 4
23 1 5
18 22 5
2 7 5
19 23 7
20 0 3
18 21 3
10 12 6
1 6 4
0 3 5
20 22 4
14 17 3
9 11 4
10 14 6
11 15 5
12 15 7
11 16 6
18 21 2
5 6 1
17 21 7
11 14 4
0 3 1
11 14 7
19 23 1
7 9 2
10 14 7
7 10 4
6 8 6
22 1 3
9 11 7
3 7 1
6 10 6
9 12 3
0 4 6
5 9 4
11 13 1
18 21 3
17 19 3
20 23 7
4 7 3
17 21 7
17 19 3
17 20 2
19 22 6
18 20 6
8 10 2
20 0 3
20 0 4
1 5 7
22 1 5
23 1 7
14 18 7
6 9 5
7 9 2
11 16 2
18 19 1
14 17 6
11 13 7
14 15 3
23 1 6
4 7 4
15 18 2
7 10 4
9 11 5
10 12 2
19 22 2
23 1 5
23 2 3
7 11 2
4 8 5
3 4 1
14 16 2
19 21 5
16 19 4
16 18 2
3 6 4
6 8 6
16 18 7
8 10 1
16 19 4
16 19 2
1 3 2
18 20 4
17 18 4
3 7 4
19 21 7
14 18 7
13 16 4
14 17 7
20 0 4
6 10 5
6 9 3
3 6 6
9 13 1
19 22 6
21 0 4
21 0 4
14 16 1
1 3 6
23 1 5
9 11 4
2 4 5
21 23 5
4 7 5
16 21 3
20 0 4
13 17 3
4 7 6
20 21 4
8 10 7
21 0 2
13 16 7
23 2 7
22 0 6
14 17 6
15 19 5
3 6 1
5 6 6
5 8 2
6 8 6
14 18 5
1 5 2
14 18 2
5 9 6
11 13 1
3 6 2
19 23 2
3 6 5
6 10 3
4 8 2
0 4 4
19 22 1
11 13 2
5 7 6
16 18 2
16 20 2
16 18 5
21 1 4
23 2 7
21 1 4
1 4 5
7 7 6
20 23 6
8 11 6
2 4 7
20 23 2
3 8 6
12 15 2
21 0 5
7 10 3
20 22 1
18 20 4
6 9 1
15 18 5
5 8 1
5 7 2
16 18 4
23 1 1
8 11 2
16 19 7
20 22 1
10 13 6
2 5 2
15 18 4
2 5 5
17 20 3
2 5 2
17 20 7
16 22 5
14 17 6
5 7 5
13 17 3
6 11 1
20 23 6
4 8 1
9 11 3
2 6 4
8 10 2
21 1 2
17 20 3
21 0 5
18 19 4
15 20 4
4 7 4
4 7 3
23 2 3
19 22 5
0 4 7
15 17 5
3 8 2
14 18 7
14 17 4
0 4 5
7 9 2
20 23 4
1 3 4
17 20 3
0 5 5
22 2 4
19 22 5
4 7 7
19 23 7
11 14 6
14 18 4
8 10 3
8 10 2
0 3 2
23 3 7
23 4 1
10 12 3
10 13 3
14 17 5
3 5 5
9 11 7
23 1 1
2 5 2
17 19 3
20 1 1
3 6 2
13 16 3
22 2 5
15 18 4
15 18 7
9 14 4
19 22 2
1 6 7
14 17 6
15 18 2
12 15 5
22 23 3
19 22 2
7 10 5
6 9 4
10 13 2
10 14 2
9 10 3
16 21 5
2 6 4
18 22 6
1 5 4
1 3 5
21 0 1
23 1 5
4 5 5
22 2 2
3 5 6
16 19 7
4 7 5
21 1 1
19 23 4
13 17 5
9 12 4
10 13 6
13 17 6
8 12 7
7 10 7
2 7 5
11 15 7
9 10 6
17 19 6
4 7 2
0 4 1
3 6 1
12 14 7
1 4 1
4 7 2
8 13 4
22 0 1
6 9 4
12 14 7
9 12 5
3 7 5
22 0 5
4 6 5
14 17 7
16 17 1
0 3 5
5 7 5
18 0 5
4 7 7
14 17 5
14 19 6
13 17 2
2 7 1
3 6 4
7 10 3
20 0 2
0 3 2
15 18 7
16 20 3
16 19 3
16 20 2
0 4 5
9 13 6
13 16 5
0 2 2
10 13 1
7 9 5
11 13 1
0 2 2
1 4 7
10 13 7
5 7 3
0 3 7
16 19 1
7 10 5
15 18 3
21 1 1
23 3 3
9 11 5
9 11 4
6 9 7
23 2 3
4 8 3
8 12 5
23 1 3
7 11 2
12 16 5
19 23 4
20 22 5
15 18 3
18 20 3
16 16 1
21 1 2
21 23 7
8 11 5
8 10 2
0 4 6
1 5 4
10 14 2
20 22 5
5 7 6
17 18 2
12 17 4
17 20 3
12 15 4
11 14 1
12 14 3
16 21 2
10 14 1
10 13 6
15 18 7
20 23 2
0 4 5
17 21 6
19 23 1
2 5 1
13 15 1
1 3 1
15 18 4
3 6 1
13 16 6
11 14 5
8 11 2
11 15 6
11 13 5
20 23 2
22 2 5
20 1 4
7 10 3
6 9 4
0 2 6
7 11 1
1 5 7
12 15 3
14 18 6
23 0 1
13 15 4
13 16 4
23 3 2
2 5 5
18 21 6
17 20 2
19 22 7
7 11 1
22 0 6
9 12 7
17 20 7
15 18 1
22 0 6
23 3 1
10 13 5
6 7 5
3 6 5
19 22 3
11 16 2
18 21 6
7 9 1
0 1 3
6 10 4
12 14 5
20 21 1
21 1 2
23 1 7
16 21 7
0 0 4
10 13 2
11 14 7
10 14 4
19 22 4
1 5 2
7 10 4
7 10 1
23 1 6
18 22 7
0 3 6
14 17 6
0 3 4
7 10 1
21 23 2
11 14 1
19 23 6
16 19 3
16 20 7
3 6 2
14 19 7
22 2 7
6 9 5
18 21 7
1 4 3
4 7 3
3 5 3
19 0 2
1 4 7
3 7 4
2 6 6
16 19 5
18 20 2
15 21 5
15 19 3
11 14 5
17 21 5
16 19 4
7 12 2
6 10 4
19 20 5
1 6 6
0 3 3
8 12 2
23 2 4
13 16 7
4 7 2
9 12 7
21 1 4
9 13 7
9 11 2
0 2 1
20 23 5
22 0 4
13 17 1
11 15 4
12 15 5
23 3 5
2 4 2
0 3 7
10 14 2
11 13 1
13 16 3
6 8 2
11 13 3
19 0 5
12 15 2
5 7 5
14 18 6
3 6 3
13 15 2
13 16 7
5 8 4
4 7 3
9 11 2
20 1 7
2 8 1
23 1 1
20 23 7
4 7 1
2 4 7
14 15 5
23 3 4
23 2 3
23 0 4
22 23 5
16 19 5
20 23 6
8 12 5
5 8 7
21 1 3
6 7 7
22 1 7
21 2 1
3 6 3
7 10 3
0 0 1
3 7 2
7 11 5
17 20 1
12 14 1
14 17 2
2 6 3
1 4 6
1 5 5
0 0 6
9 12 7
14 18 2
5 9 7
5 8 6
20 23 3
7 10 3
1 5 1
16 18 4
23 1 1
23 2 2
17 20 1
1 4 5
16 17 3
16 20 2
4 8 5
18 22 4
14 15 3
3 9 4
20 23 6
9 12 1
16 19 7
15 17 5
11 15 6
13 15 7
10 14 5
10 14 5
2 4 5
0 3 6
10 13 7
22 3 4
13 14 4
8 12 2
15 18 3
9 12 7
19 22 1
9 12 1
1 5 2
6 8 5
17 21 3
10 14 7
4 6 2
7 10 2
20 0 6
21 23 1
23 2 2
4 7 6
22 2 5
11 14 6
19 23 5
15 17 6
20 23 4
21 1 6
9 12 4
7 8 5
12 13 7
3 6 2
23 4 6
4 7 4
22 0 4
3 7 4
18 21 1
5 7 4
2 4 6
20 0 2
0 2 2
8 11 7
4 7 2
11 15 6
16 20 6
11 14 2
3 6 4
2 5 6
1 2 7
1 5 1
16 19 4
19 20 3
6 8 7
3 6 6
5 9 5
3 6 4
17 19 2
10 12 5
2 5 5
13 16 4
18 20 6
15 17 7
3 7 1
2 6 1
2 3 1
10 13 4
13 17 1
15 19 4
13 17 1
0 3 3
6 9 4
11 13 4
12 17 6
0 2 2
11 14 4
19 20 2
5 8 5
23 2 2
5 7 4
6 8 5
1 4 2
0 3 6
17 21 2
5 7 7
20 21 1
10 14 4
23 1 2
5 8 4
21 0 1
23 3 2
6 9 1
3 6 4
17 19 6
14 16 4
16 18 5
7 10 4
3 5 1
13 15 7
14 17 4
20 0 1
12 14 4
16 19 7
2 5 7
21 23 4
13 16 4
5 8 4
5 9 1
13 16 1
2 4 7
6 10 4
14 16 2
11 15 1
7 11 4
23 1 3
16 21 5
7 9 2
8 10 7
0 3 7
3 6 6
4 8 7
4 8 5
19 22 4
14 16 1
20 22 4
23 2 5
21 1 4
5 7 6
20 23 2
11 14 2
10 12 7
10 12 5
23 2 2
9 12 1
20 0 4
8 11 1
8 11 5
18 22 5
5 8 3
21 0 4
11 15 7
5 7 3
9 13 2
18 22 5
14 16 1
23 3 3
2 4 1
1 4 1
16 18 1
23 2 6
1 4 4
12 15 1
17 20 2
20 22 2
12 15 6
15 19 7
13 15 4
9 13 3
21 0 7
10 14 5
15 20 7
15 17 1
10 15 6
19 22 3
9 12 7
12 16 5
15 20 2
12 13 6
7 9 7
14 17 3
2 5 5
19 23 2
4 8 1
13 15 7
20 0 1
17 21 1
3 5 1
15 20 1
8 11 7
23 1 6
18 22 7
7 10 7
15 17 1
11 16 1
15 19 7
18 22 2
4 8 6
10 13 2
13 16 7
5 7 6
0 3 3
4 7 5
22 2 4
15 17 2
6 10 1
16 20 1
0 4 7
2 4 1
1 4 2
19 0 5
1 5 7
13 17 5
22 22 6
19 23 6
18 22 4
2 5 4
5 8 4
2 5 2
0 2 1
19 22 7
18 20 1
11 13 1
12 14 6
5 6 5
19 22 5
11 14 4
23 2 2
11 13 7
8 11 2
2 3 7
13 18 7
0 3 2
18 22 3
0 2 1
1 4 3
22 2 3
23 0 2
23 2 3
3 6 4
17 18 4
18 22 3
13 15 6
20 22 2
3 6 1
23 3 5
7 10 7
5 9 7
10 14 3
11 15 5
8 12 6
3 6 1
11 12 4
19 23 2
15 18 2
7 8 5
6 9 5
15 19 2
4 8 3
8 11 3
5 8 7
22 1 6
13 17 7
4 7 7
3 7 1
21 1 4
15 18 1
21 1 5
4 6 2
22 0 4
12 16 2
8 10 3
20 23 3
11 15 6
0 4 5
1 4 7
0 3 5
2 4 2
16 21 2
1 5 4
10 12 5
19 22 3
3 4 5
1 4 4
15 19 3
18 21 6
14 17 6
11 14 4
16 20 1
7 10 6
16 19 3
14 18 3
1 4 3
20 23 6
10 12 3
8 12 7
6 10 6
5 9 5
16 19 1
12 16 2
17 21 5
17 20 6
16 19 1
16 20 3
12 15 4
15 18 1
7 11 2
9 12 2
9 13 7
9 13 1
17 20 3
15 18 6
23 1 7
19 20 7
5 8 5
6 10 3
9 14 7
10 11 1
18 21 1
6 10 1
15 17 6
8 11 5
12 14 3
1 5 7
2 5 2
12 14 7
11 14 3
18 21 5
7 8 1
19 23 5
19 23 4
9 12 1
14 15 6
7 10 7
8 11 5
11 14 1
22 2 3
5 7 3
2 8 3
8 12 3
3 6 1
3 7 2
13 18 4
21 23 4
15 18 1
7 11 4
10 13 4
5 8 7
18 23 2
2 6 3
0 1 3
22 0 6
9 11 1
15 18 5
19 22 1
13 16 4
18 19 4
5 8 4
13 15 3
23 1 3
6 10 5
4 6 5
11 13 3
17 18 6
6 8 1
13 15 7
15 18 6
6 9 6
11 15 4
21 23 1
20 22 6
4 7 7
6 9 3
22 1 6
13 15 7
1 3 4
10 12 6
9 10 1
4 9 5
17 18 2
12 14 3
14 17 2
7 9 4
5 9 3
9 10 2
23 3 2
20 23 2
8 11 4
10 13 4
13 15 2
20 23 5
16 20 5
7 10 2
0 4 6
5 7 1
19 21 6
22 1 2
4 6 7
5 7 2
5 10 7
1 5 7
2 4 3
22 1 7
21 0 1
17 19 6
23 1 4
21 23 4
1 4 3
9 12 3
16 17 3
20 20 7
6 8 2
15 20 7
14 18 6
5 7 3
1 3 3
18 18 5
8 10 2
13 15 5
12 16 5
0 5 6
12 16 5
15 17 1
16 18 1
7 11 2
1 3 4
0 3 7
0 3 6
16 19 3
17 20 6
8 10 5
1 5 6
21 0 5
12 16 5
14 17 3
9 13 4
16 19 7
5 7 6
14 16 4
13 14 4
10 13 6
14 18 3
23 2 3
12 13 6
22 23 1
11 13 2
20 21 2
7 10 4
7 9 6
9 14 7
6 8 1
1 4 2
6 10 7
1 2 3
18 22 5
0 4 4
10 14 4
2 5 6
10 12 2
1 4 4
3 6 5
10 12 5
3 5 4
15 18 2
10 13 1
2 4 6
2 6 3
19 23 4
4 8 1
15 17 5
23 2 2
14 15 5
0 4 3
10 12 7
17 20 4
23 2 4
17 18 3
7 9 2
15 18 6
2 5 1
17 20 1
20 23 5
12 16 3
10 13 7
23 1 2
22 2 2
16 19 3
6 7 5
8 12 5
23 1 4
4 6 2
11 12 1
2 5 7
20 22 5
10 12 2
21 0 6
0 1 2
23 3 3
5 8 7
12 14 5
17 20 5
18 20 6
6 9 5
10 13 4
22 1 2
18 20 1
12 15 5
0 4 6
2 9 4
17 20 4
21 0 7
18 23 7
14 17 3
7 8 6
11 13 2
11 15 2
12 14 4
15 17 1
3 6 6
11 16 3
6 10 1
18 22 2
7 10 1
2 6 4
22 1 3
22 1 1
13 16 6
2 6 4
8 13 1
8 12 2
0 3 7
16 20 4
13 17 3
6 8 7
7 9 2
8 10 2
19 21 4
0 2 1
6 10 7
0 3 3
21 0 1
11 14 4
10 12 4
23 1 7
5 6 5
17 20 7
0 3 2
15 18 3
5 9 6
0 5 7
5 7 4
14 19 1
2 5 5
13 16 5
11 12 5
0 2 4
15 18 5
6 10 5
13 18 2
7 12 7
10 14 4
16 19 7
20 23 5
19 22 1
16 23 2
22 0 3
7 10 4
16 20 1
12 15 7
8 10 6
21 0 5
14 17 7
19 22 5
22 0 2
8 11 3
18 22 7
6 9 6
6 8 4
20 22 7
19 22 6
0 3 1
11 14 5
8 12 5
19 23 3
23 2 1
23 0 7
2 6 7
21 0 6
12 16 7
15 18 3
22 2 5
12 15 7
8 9 7
1 4 1
12 14 3
19 21 5
18 21 1
1 5 6
16 19 6
16 20 2
19 22 4
23 1 2
8 11 6
20 23 2
3 7 2
9 11 2
3 6 7
8 11 4
14 17 3
2 4 2
1 6 3
23 4 7
7 12 5
1 5 3
7 12 5
9 11 2
20 23 1
9 13 2
13 16 3
10 13 6
23 2 6
17 20 6
15 19 7
15 17 1
4 5 1
22 1 7
21 23 7
8 10 3
15 18 4
16 21 2
9 13 6
6 9 4
12 16 3
15 16 5
2 5 5
15 18 1
0 3 3
11 14 5
0 3 4
2 4 6
17 21 7
5 9 6
21 2 4
5 7 1
2 5 5
16 21 7
23 1 6
9 12 7
21 1 6
16 21 4
4 8 5
0 2 2
6 8 5
10 13 4
5 7 4
10 13 5
7 10 2
21 0 5
2 4 5
4 9 2
14 15 5
8 12 1
7 12 4
19 0 2
12 14 7
22 0 6
17 20 1
2 6 3
2 6 3
4 8 7
23 1 4
20 23 5
14 18 5
20 22 4
18 21 7
20 22 5
1 5 5
12 15 4
21 0 1
7 8 3
1 3 3
12 15 3
17 21 7
11 14 4
19 21 6
14 19 2
14 19 5
19 23 1
16 18 2
16 19 7
6 8 1
7 11 4
17 17 2
13 18 5
7 11 7
16 19 6
15 20 7
22 1 6
16 18 2
17 21 1
3 8 1
3 7 6
5 9 2
9 12 2
8 9 1
12 17 5
6 9 3
14 17 1
7 10 4
12 16 2
1 5 4
12 16 6
0 5 7
12 15 2
17 23 2
1 3 5
14 18 7
20 22 5
22 1 3
3 7 2
17 20 3
4 8 7
16 20 3
6 9 3
17 19 3
18 21 1
19 21 7
7 9 5
14 16 6
23 4 3
11 14 4
14 18 1
4 5 1
20 22 2
12 14 5
4 8 4
13 15 6
14 17 3
18 21 7
12 13 2
17 20 7
16 19 2
10 14 3
19 23 5
7 10 4
8 9 6
22 1 5
2 6 3
15 18 2
8 13 4
12 17 6
15 18 5
1 4 1
10 14 2
18 20 7
3 5 5
18 20 5
5 10 3
20 22 2
15 19 3
2 4 7
11 15 1
9 11 5
23 2 6
6 9 3
4 7 4
3 6 4
7 10 3
4 9 2
7 9 3
18 22 2
12 15 6
3 4 6
14 17 4
8 11 7
16 20 6
3 6 1
2 6 5
23 5 3
5 7 6
8 13 7
4 7 6
23 1 4
18 22 6
10 12 5
14 15 3
1 4 2
9 12 5
23 3 7
5 8 6
5 8 5
19 22 5
2 6 5
15 19 7
3 5 6
19 1 6
10 13 3
15 17 6
6 8 6
21 1 2
20 22 5
16 20 1
5 10 7
6 9 7
3 5 2
9 11 2
13 16 2
2 7 2
16 20 6
22 2 3
12 14 5
23 2 7
12 16 4
1 3 1
16 18 7
1 5 4
10 14 7
16 19 6
3 5 1
10 13 6
1 4 6
1 5 1
16 20 2
8 11 5
22 1 3
2 3 2
16 19 3
11 14 5
11 13 2
17 20 1
5 7 4
23 1 6
2 4 5
15 19 1
15 18 2
20 23 5
13 16 2
1 2 7
21 0 5
14 17 5
16 19 1
0 3 2
1 2 6
