150 10
10 10 1 2 2 3 7 6 5 4 
20 22 5
0 2 4
17 21 9
9 11 7
17 20 3
19 23 6
23 5 7
1 4 6
22 0 9
22 2 7
18 20 1
18 22 4
5 8 1
11 13 9
21 0 7
10 13 6
5 7 4
12 14 10
7 10 1
11 14 6
21 23 6
4 8 10
16 19 9
15 19 3
8 11 1
7 11 3
16 20 3
16 19 5
7 9 7
14 17 5
16 21 1
9 12 9
17 19 8
23 2 2
10 14 6
3 7 8
19 23 7
7 10 4
0 4 5
20 23 1
14 18 7
2 5 5
3 8 4
19 23 3
23 2 8
7 12 6
16 19 7
16 18 9
9 13 1
10 14 6
13 16 5
12 15 9
0 3 4
23 0 8
9 10 1
23 0 7
5 8 1
17 19 1
1 3 4
0 3 7
18 21 3
23 1 7
3 6 6
20 23 6
15 19 8
0 4 8
2 5 9
8 10 1
20 23 8
14 18 4
14 18 2
7 9 3
5 6 4
15 19 10
18 21 4
11 15 5
0 3 2
20 0 7
11 14 8
13 16 7
3 5 5
8 12 8
3 7 8
18 23 3
12 15 9
4 9 4
10 15 7
5 9 9
7 10 7
5 6 6
15 18 9
14 18 10
12 14 7
4 5 4
0 0 6
0 2 5
13 18 2
22 0 1
16 19 4
17 22 8
15 17 3
15 19 1
13 17 7
19 23 4
17 23 10
6 8 4
8 10 2
10 13 6
10 13 7
10 13 8
17 21 9
6 10 5
7 11 5
14 15 4
11 13 3
11 15 2
4 7 7
7 11 6
22 2 1
17 20 1
10 14 4
5 8 9
5 8 8
8 11 5
17 20 10
13 14 7
4 8 8
19 0 10
16 19 2
6 9 5
15 18 3
18 20 3
23 1 4
9 12 4
0 3 10
2 4 3
2 5 8
20 0 2
11 15 1
17 21 3
3 6 2
20 23 3
20 0 9
1 3 10
9 12 7
1 4 8
16 20 5
12 14 7
13 15 3
2 5 1
