900 11
3 10 3 2 8 2 8 10 2 2 3 
3 6 4
4 7 11
16 19 5
5 7 3
1 2 9
15 17 8
0 3 7
15 19 10
3 5 7
5 7 7
8 10 3
21 0 3
10 12 6
10 12 4
13 16 1
15 18 9
15 19 5
12 15 10
2 6 9
17 20 4
9 12 2
3 5 7
22 2 10
2 5 7
20 22 3
8 10 8
1 5 5
3 7 6
2 5 9
20 0 5
7 8 2
1 4 5
9 11 8
1 5 11
2 5 3
12 15 8
8 10 6
8 9 8
6 8 10
11 14 1
7 10 4
17 20 8
20 23 6
4 6 2
21 0 1
2 6 11
4 5 4
9 12 8
10 11 4
6 10 6
22 1 2
2 4 7
15 19 2
12 15 7
13 15 2
8 10 7
20 22 10
14 18 8
3 7 3
7 8 5
0 2 3
19 23 9
17 20 7
8 11 6
2 4 6
18 21 6
3 8 5
5 7 8
21 22 10
15 19 3
3 7 10
0 3 1
16 20 1
17 21 4
20 0 9
10 12 6
8 12 9
8 11 7
20 23 9
18 21 6
18 21 3
3 6 4
17 19 2
14 19 5
1 3 10
5 9 4
12 14 7
20 23 2
5 8 5
5 7 11
21 0 7
21 23 10
9 12 9
4 6 3
13 17 5
19 22 9
3 5 5
6 10 7
18 19 4
9 12 8
3 7 6
7 11 5
20 23 11
11 15 5
20 22 7
1 4 8
10 14 4
0 3 3
8 10 8
15 18 7
19 21 2
17 19 10
20 0 2
23 2 3
23 4 3
11 15 3
2 5 10
11 15 1
7 8 11
11 15 11
8 12 6
16 20 8
19 23 10
6 6 4
2 5 9
0 2 9
7 11 9
9 10 7
16 19 3
21 0 6
1 3 4
21 1 10
22 1 3
1 4 1
3 4 5
0 3 9
19 23 5
8 10 11
20 20 11
2 5 2
3 5 10
4 8 10
5 8 1
8 11 4
12 15 4
12 14 8
23 0 3
7 10 5
22 0 6
9 12 6
21 0 11
17 22 4
14 17 3
21 2 3
8 11 5
1 3 9
23 2 11
7 10 11
14 16 11
22 0 2
6 8 11
15 17 11
7 9 8
16 19 9
20 22 1
17 20 6
15 19 8
20 23 7
23 2 8
12 15 7
8 13 5
23 3 11
17 21 11
9 11 1
20 23 5
2 5 8
7 11 4
21 2 4
16 16 5
10 13 11
11 14 10
13 16 8
5 9 6
20 22 5
11 12 6
10 13 1
17 19 8
17 18 8
3 6 11
1 3 11
14 18 11
10 14 4
4 8 10
17 21 9
9 11 4
16 19 6
19 22 2
20 23 4
16 19 6
22 2 11
5 8 5
14 17 5
17 20 10
15 17 10
18 22 7
16 18 9
14 18 11
15 18 3
8 12 8
6 8 10
20 0 10
16 19 10
14 17 6
14 17 5
12 14 6
14 17 11
11 14 4
0 2 6
2 7 11
7 11 5
3 6 8
5 9 7
6 8 8
10 13 10
17 20 2
21 2 1
22 0 10
19 21 3
10 14 7
13 16 5
11 16 6
16 21 9
0 4 10
7 11 10
6 9 9
20 0 6
5 7 1
8 11 2
15 18 10
0 3 4
4 8 2
16 18 2
19 22 5
4 7 10
5 8 2
10 12 3
11 14 9
15 19 4
9 11 2
20 22 8
20 21 10
13 16 5
2 5 11
6 8 6
6 8 9
4 6 5
0 4 11
22 1 8
19 23 8
19 23 11
13 16 1
22 1 11
11 15 8
14 16 1
2 4 3
6 9 3
0 1 3
22 1 6
22 0 3
5 7 5
20 23 6
23 1 2
16 21 10
9 12 2
7 10 5
0 3 1
15 17 1
13 17 7
2 5 3
22 2 1
19 23 2
11 15 4
19 23 7
5 8 5
3 7 5
14 16 10
10 11 10
0 5 2
21 0 2
2 5 4
9 11 11
8 11 6
17 19 1
4 8 9
4 8 10
11 13 10
21 1 11
11 14 3
0 5 11
11 15 10
10 13 3
18 20 2
15 16 4
20 23 6
23 2 4
14 18 6
9 13 8
0 3 1
1 3 11
20 0 6
20 23 6
20 23 7
14 16 4
15 18 10
17 19 11
9 11 2
4 7 3
11 14 9
0 3 2
21 23 4
2 7 8
12 14 1
8 11 9
2 7 1
6 10 6
13 13 6
17 19 11
23 2 3
20 23 4
20 0 10
20 23 1
19 23 7
17 19 4
3 6 9
19 21 7
0 2 4
7 9 3
3 7 1
0 5 8
0 4 7
10 12 8
17 20 11
16 17 1
19 22 1
8 10 10
10 14 3
17 19 6
16 19 2
7 11 9
0 3 11
19 23 3
7 10 8
17 21 10
6 10 6
8 10 1
1 5 7
6 10 1
10 13 1
23 4 3
1 4 7
9 11 2
20 23 8
21 1 3
23 3 2
13 17 3
21 23 9
4 8 9
0 3 8
21 2 4
8 11 3
17 19 1
0 2 6
17 19 8
12 14 5
21 0 4
8 11 11
20 0 6
16 20 1
16 18 5
10 12 9
11 15 1
8 9 10
8 11 8
9 13 3
16 18 7
12 16 5
2 3 5
4 6 9
16 19 9
0 5 5
10 14 11
10 12 3
11 15 1
0 1 8
20 0 11
12 15 7
3 5 4
16 18 10
8 11 8
15 18 9
4 6 2
19 0 1
13 18 6
17 20 10
22 1 9
5 8 1
19 22 7
8 11 4
2 5 1
23 1 4
5 8 9
9 11 4
6 9 9
20 23 2
6 7 7
21 23 7
22 2 8
17 20 10
5 8 3
6 10 2
16 18 7
6 9 6
2 7 11
4 8 10
15 19 8
6 9 9
4 7 8
12 14 2
12 16 1
0 3 7
13 16 11
14 15 7
4 6 10
20 0 2
10 14 9
7 11 1
8 11 9
3 5 1
3 7 1
10 12 5
13 15 8
11 14 5
14 16 1
7 10 4
18 23 3
5 9 6
22 1 4
13 15 9
11 13 11
9 13 4
21 0 10
15 19 5
18 18 11
12 15 6
17 19 9
13 16 3
17 19 2
5 8 9
4 9 3
13 16 6
1 5 3
23 3 2
5 8 10
23 2 9
20 23 7
20 22 2
11 10 11
21 0 11
3 6 11
16 18 10
21 0 4
13 16 9
2 5 9
11 14 1
18 21 1
20 23 1
1 2 1
17 20 4
22 1 1
11 14 10
19 22 11
23 3 8
18 20 2
18 22 9
12 16 6
14 16 5
8 11 10
0 4 11
6 8 9
22 2 9
12 14 5
12 16 6
20 23 5
6 9 10
11 17 11
14 16 11
1 3 9
23 1 1
21 0 1
21 1 4
16 19 9
15 18 3
23 2 4
17 21 4
23 3 6
11 16 6
7 9 6
4 6 10
9 12 2
18 21 9
5 9 6
23 2 7
20 23 4
14 18 5
8 11 5
10 12 4
12 15 5
11 14 7
5 9 4
12 14 2
21 1 3
3 7 3
7 11 9
13 14 11
0 2 7
14 16 5
3 6 8
2 6 3
5 10 3
22 2 11
18 20 5
12 14 3
12 15 6
11 15 11
0 2 8
5 7 3
7 9 3
23 4 4
22 0 10
0 4 9
18 22 9
10 13 8
6 7 8
12 14 7
16 19 11
11 13 10
4 7 10
11 14 3
17 20 8
0 3 11
12 16 2
22 3 1
12 15 1
22 1 5
19 22 11
20 22 6
4 6 3
23 1 6
10 13 9
14 17 9
15 19 11
22 1 8
9 12 5
19 23 9
12 14 1
18 21 3
18 21 8
10 13 4
11 13 3
18 21 3
20 0 7
17 19 5
18 21 6
4 7 2
23 3 5
11 15 1
4 6 11
9 10 11
3 5 2
8 11 1
19 22 2
11 14 6
15 19 2
13 15 4
19 22 7
23 1 9
18 20 1
14 15 3
11 14 7
12 15 6
22 1 3
1 5 1
12 16 11
18 21 6
19 23 7
14 17 9
2 4 5
17 20 9
0 4 3
6 9 1
18 22 3
18 21 2
5 7 6
18 20 4
2 6 9
13 16 8
13 17 8
5 9 3
21 0 5
5 7 9
2 7 3
14 18 10
19 21 3
8 12 7
20 0 2
17 22 1
4 7 8
15 18 11
12 15 9
20 1 10
16 20 1
9 12 9
3 6 4
14 17 7
7 9 1
4 10 6
18 19 7
12 16 10
20 22 8
19 22 9
10 13 2
7 9 3
14 18 1
7 11 1
1 5 6
3 6 7
3 6 8
7 9 8
5 8 5
8 12 2
11 14 11
6 10 10
7 9 10
18 22 1
11 12 6
22 2 11
19 20 11
17 19 9
16 19 10
4 7 5
2 4 1
6 9 6
10 13 7
13 15 4
18 20 3
9 10 6
4 7 2
20 21 1
3 6 11
18 20 2
5 7 10
7 13 8
11 16 1
11 14 2
14 17 9
1 4 9
5 10 3
17 20 11
14 18 9
12 14 9
11 12 11
2 2 1
23 1 5
18 22 6
17 18 3
6 7 1
4 8 9
4 8 10
9 14 10
9 13 1
4 7 3
7 9 5
9 12 10
7 9 4
8 11 11
21 0 5
6 9 8
22 2 10
16 18 9
21 1 8
10 13 3
22 0 8
3 7 6
2 4 5
23 2 9
20 0 3
15 21 4
0 4 8
12 14 7
14 17 10
1 4 4
21 0 4
2 4 4
3 5 10
9 14 8
21 22 10
16 19 1
12 16 11
9 10 10
21 2 11
8 10 9
3 5 8
9 12 11
13 17 1
2 5 6
17 19 3
20 23 8
9 12 1
9 13 2
14 14 9
17 21 9
1 5 6
11 13 9
17 21 3
21 0 11
16 18 7
10 13 3
3 6 10
17 21 11
5 8 7
12 14 10
19 22 2
18 23 6
20 21 7
7 10 10
15 19 5
4 6 10
2 4 4
18 20 1
9 11 2
19 22 10
5 7 10
11 14 2
19 20 5
7 8 8
9 10 2
19 21 1
9 12 7
15 21 5
19 21 7
2 3 4
9 11 7
19 23 10
9 11 4
6 9 5
3 6 2
5 8 9
6 10 10
20 1 7
22 0 4
15 18 9
21 23 4
23 0 2
21 0 8
17 20 8
1 5 4
13 16 10
21 1 2
3 5 10
12 15 6
2 3 8
13 15 4
3 7 4
13 17 4
1 5 5
0 4 5
6 11 11
1 4 5
0 3 5
22 0 6
11 14 2
10 14 2
12 13 8
10 13 6
11 13 8
11 14 8
0 4 6
12 15 10
17 21 1
18 20 10
8 11 10
8 12 2
6 9 1
6 10 1
23 0 5
1 4 11
22 1 11
6 10 10
8 9 11
23 2 11
3 6 5
23 1 9
10 13 7
14 18 2
22 3 9
19 23 5
11 14 7
4 5 8
0 4 3
17 18 7
2 5 2
22 23 4
15 20 2
3 5 9
2 5 3
0 5 6
13 16 10
13 14 5
23 2 7
5 6 2
21 0 4
19 21 5
0 3 9
1 3 6
16 19 11
15 18 10
3 7 10
22 3 11
6 9 9
9 10 10
12 16 9
8 10 9
21 0 11
2 5 4
12 16 11
10 12 1
2 5 1
11 14 11
0 5 8
21 0 9
12 15 3
18 20 11
1 6 8
13 16 10
10 12 6
15 19 2
14 17 5
20 22 3
11 16 6
14 16 11
18 22 1
18 20 9
16 19 9
21 1 11
13 17 2
22 1 9
17 19 7
13 16 6
15 16 10
6 10 6
3 6 7
12 15 11
3 6 10
18 21 1
3 6 4
19 22 4
23 2 1
13 17 3
21 22 5
9 12 9
0 2 1
18 19 2
10 11 2
4 6 8
7 11 3
18 22 9
1 2 2
3 7 5
15 18 8
23 2 9
11 14 4
15 16 7
8 10 11
6 9 6
9 14 9
19 21 5
12 15 11
4 7 4
10 15 6
23 2 5
6 9 2
18 21 1
1 6 7
8 11 7
5 7 2
14 18 8
13 16 4
21 1 11
0 3 2
3 4 10
