300 17
3 1 4 8 9 7 9 7 4 9 5 6 3 2 3 3 6 
11 12 11
7 9 15
12 16 17
1 4 13
21 23 17
12 14 2
8 13 16
2 3 13
23 2 17
11 13 8
15 16 7
11 13 6
19 0 11
19 22 9
10 12 2
10 13 10
10 14 4
3 5 4
4 8 10
22 3 11
22 2 3
1 5 3
20 23 7
14 18 4
9 13 5
21 0 13
20 23 4
21 23 17
6 12 10
10 13 11
11 15 11
15 18 17
17 20 8
5 8 1
7 10 12
22 2 7
7 8 17
23 3 15
23 1 11
23 0 2
4 8 10
11 15 5
22 3 16
17 20 13
5 9 2
12 14 11
12 16 10
20 23 2
10 13 7
4 6 17
8 11 6
11 16 9
8 10 5
2 6 1
6 8 3
21 22 1
7 9 1
6 8 14
5 7 15
12 14 11
8 13 9
22 3 11
21 23 17
18 20 4
16 18 1
19 22 2
19 22 12
6 7 5
5 7 1
15 19 13
8 10 11
3 6 14
3 6 16
13 13 15
6 10 1
11 15 17
7 9 1
6 10 15
12 14 7
6 8 14
7 10 16
12 16 13
9 10 5
2 5 13
4 6 13
6 7 12
13 16 8
1 4 12
23 3 2
14 17 15
2 5 3
19 21 3
12 16 13
22 0 12
19 22 1
9 11 13
8 12 15
11 12 6
19 22 2
16 16 15
15 17 10
1 3 9
16 18 17
16 20 15
3 7 11
17 18 7
10 13 9
11 14 6
20 21 7
11 12 17
12 15 9
11 14 8
3 6 12
12 14 8
18 22 5
6 9 13
7 10 11
11 12 11
4 7 14
14 17 15
20 22 16
11 13 2
22 1 1
15 19 9
13 16 9
6 9 16
12 13 13
1 5 12
5 8 5
23 2 17
11 15 11
1 4 8
18 21 3
8 12 12
19 22 15
23 23 2
4 7 8
21 2 6
0 5 11
16 19 9
16 19 17
13 17 7
19 22 1
19 23 16
3 8 5
11 14 2
20 23 3
23 2 7
11 16 3
17 20 13
8 10 13
5 7 4
3 7 5
3 5 16
13 14 13
12 16 15
20 23 7
0 4 4
10 13 1
12 14 11
12 15 8
12 14 1
7 10 16
11 15 8
0 3 12
20 21 16
21 0 14
9 11 17
8 10 9
7 10 9
11 15 15
13 16 3
6 9 10
22 2 17
15 18 14
18 21 13
15 17 15
13 16 12
17 18 6
21 0 10
23 3 3
10 12 6
17 20 7
4 6 11
15 19 7
9 11 2
17 20 16
2 6 10
13 16 4
23 3 11
21 0 17
11 15 16
12 15 7
12 16 8
0 4 2
20 22 9
14 16 12
22 1 13
1 3 13
5 9 14
2 6 4
18 19 15
23 2 16
16 18 2
7 11 6
11 14 7
2 6 15
5 9 2
4 8 2
11 15 12
4 5 10
15 17 14
11 15 8
1 3 2
11 16 1
14 16 10
12 14 6
3 7 2
0 2 7
2 4 16
10 11 9
8 13 11
18 19 1
13 17 7
3 7 9
12 15 10
23 1 4
2 7 12
8 11 2
5 7 7
17 21 12
7 12 9
10 14 9
5 7 6
1 3 14
12 16 8
15 18 16
10 12 6
4 8 12
9 12 13
4 8 10
23 1 11
5 10 9
1 4 12
5 8 7
5 7 15
18 21 11
1 4 12
22 1 15
2 4 11
21 23 7
1 3 16
8 11 1
4 7 16
18 21 5
5 8 1
21 0 1
18 22 9
20 21 16
15 18 17
23 2 5
22 0 11
7 10 15
4 7 7
16 19 7
3 5 3
17 18 11
2 4 11
18 22 16
18 21 1
11 15 11
5 9 10
20 23 7
20 22 10
9 12 16
15 21 4
16 20 9
19 22 9
15 17 12
6 9 6
12 14 7
22 1 7
8 13 10
2 6 4
12 14 11
5 9 2
0 3 1
12 16 11
2 5 3
10 12 15
6 8 15
8 11 2
0 2 4
11 14 15
17 20 4
14 18 6
17 21 12
15 19 2
1 5 7
21 0 17
