1500 16
8 7 7 1 8 1 6 3 2 10 3 9 3 1 7 1 
5 6 13
2 5 16
10 13 3
15 19 13
11 14 4
4 4 2
18 21 16
5 8 14
17 20 4
23 2 16
5 8 9
5 7 1
20 22 2
22 2 14
12 15 13
4 8 3
20 0 7
7 10 13
0 3 8
8 10 14
11 13 7
2 4 8
0 4 15
14 17 13
4 7 13
5 10 13
20 21 11
1 5 16
18 21 5
7 10 7
19 22 16
21 1 6
21 2 4
4 7 8
10 12 1
13 15 15
5 9 12
16 17 3
2 2 15
7 10 8
9 12 15
19 23 7
18 20 9
10 12 13
9 11 9
15 18 14
4 6 1
1 6 13
22 0 12
12 16 2
22 0 16
19 20 4
10 12 4
5 8 12
9 12 12
1 5 1
1 4 12
3 6 15
14 15 9
4 6 8
13 16 14
17 21 2
19 21 13
7 10 13
13 16 15
1 4 16
9 13 14
0 4 6
3 7 6
17 20 14
22 2 16
3 7 7
4 7 1
7 10 12
10 14 2
15 18 14
15 19 9
8 11 16
13 18 15
4 6 9
19 23 8
20 22 11
3 7 4
13 16 1
14 19 3
12 13 11
13 15 8
14 17 2
3 6 7
5 9 2
7 11 2
1 5 3
12 16 9
2 4 6
19 22 4
20 23 5
9 11 11
10 13 5
18 22 3
20 23 16
10 12 15
14 18 7
3 3 3
5 8 6
10 12 5
12 14 12
8 10 1
10 14 8
5 8 7
12 15 5
11 13 8
2 6 7
5 8 11
10 13 2
16 20 16
15 18 4
2 5 5
2 5 13
17 22 3
4 9 8
4 7 16
10 12 2
8 11 7
11 14 10
22 3 9
0 4 3
5 8 11
22 2 6
20 23 16
1 4 4
10 11 10
21 22 8
8 12 7
13 16 4
3 6 7
1 3 11
5 7 9
7 8 15
3 7 3
18 22 10
8 12 1
21 0 16
0 3 8
14 17 15
18 22 7
6 9 6
16 19 1
19 22 7
4 7 16
21 0 10
21 1 4
16 19 12
16 19 4
7 10 16
20 0 11
21 22 11
22 1 1
9 11 14
2 3 14
4 8 1
16 20 7
15 17 8
18 19 10
4 7 6
12 15 16
0 3 13
0 2 3
20 22 14
23 1 9
8 11 5
21 1 12
2 6 4
0 2 1
12 15 8
1 5 7
15 18 14
20 23 15
0 2 6
20 0 9
13 16 14
13 16 16
14 17 13
15 17 7
6 7 7
13 15 1
9 11 14
5 7 7
11 13 16
11 14 11
18 21 3
20 23 1
13 16 15
17 21 7
21 22 5
10 12 7
14 18 5
20 0 2
12 15 9
8 10 11
6 11 1
8 10 4
21 23 10
17 18 5
5 10 10
4 6 9
22 2 7
4 6 15
0 4 5
11 14 2
6 8 10
12 16 1
0 3 2
17 19 4
15 18 9
21 0 5
5 7 5
0 3 15
17 20 3
13 16 9
19 23 8
15 18 12
18 18 15
13 14 14
4 9 14
20 23 16
2 6 4
4 6 4
10 13 5
21 23 13
12 16 11
4 5 13
6 8 10
19 22 2
10 15 11
11 15 8
17 21 8
15 19 4
2 6 6
20 23 10
20 22 5
15 19 10
10 13 5
6 8 2
0 2 3
2 6 13
6 9 16
13 16 4
14 15 2
8 11 2
22 22 9
2 5 6
2 5 16
17 20 12
23 1 6
14 17 10
13 16 12
23 1 9
21 23 2
4 7 12
10 13 4
5 8 2
23 2 14
21 0 8
18 22 4
9 11 1
16 18 2
13 15 2
13 14 6
15 20 2
19 22 16
22 1 1
8 9 3
17 19 6
4 7 11
15 19 4
22 1 5
10 13 10
7 10 3
23 1 8
21 0 16
11 16 2
14 19 16
3 5 11
10 14 6
7 10 4
17 20 1
10 12 13
3 5 4
20 22 11
1 5 1
19 22 5
1 2 14
0 2 8
17 21 15
5 8 8
17 18 11
0 3 10
16 20 3
7 10 7
18 21 7
18 20 14
4 9 8
6 11 4
21 23 5
6 10 10
6 8 1
20 23 16
23 1 16
5 9 13
20 0 4
20 22 6
6 10 10
6 8 4
10 13 12
4 7 7
11 13 14
12 13 14
11 15 8
10 14 4
12 13 1
18 0 12
22 2 4
9 13 2
14 17 8
14 15 13
3 6 5
10 13 3
23 2 16
14 17 15
17 19 11
0 3 7
10 12 11
22 1 9
2 3 5
9 12 11
8 11 10
20 22 12
4 6 5
11 12 13
4 7 1
12 14 11
6 11 9
6 8 12
7 11 4
6 7 7
12 14 13
6 9 3
16 19 1
16 18 1
21 23 14
12 14 15
4 8 12
23 4 6
9 11 2
14 18 6
14 16 7
7 10 11
0 4 6
8 9 16
20 0 3
22 2 9
11 13 3
2 5 14
19 23 3
21 2 9
6 9 16
7 11 1
8 12 1
15 18 14
17 20 1
3 6 13
15 19 5
15 17 5
20 22 10
0 2 4
21 1 12
21 0 14
23 2 7
18 21 16
1 4 12
3 6 7
20 22 13
13 16 13
7 12 11
12 14 8
6 10 3
21 1 2
20 23 1
14 16 16
10 13 8
21 0 15
4 8 12
9 12 15
23 1 16
9 14 1
11 14 4
18 20 3
17 22 6
5 8 16
4 7 3
11 12 3
22 2 7
23 3 1
19 22 1
2 5 9
10 12 2
17 19 9
4 8 7
3 7 3
2 6 4
7 10 8
23 0 3
4 8 8
22 1 12
12 16 8
18 21 12
3 6 15
2 5 8
15 19 15
21 0 11
4 7 11
8 11 11
19 21 8
13 18 9
8 9 15
7 9 5
18 20 5
0 5 2
8 11 7
5 8 12
3 6 4
5 8 15
20 23 4
1 4 2
13 16 3
8 12 11
13 15 11
14 16 6
19 22 4
6 11 1
0 4 4
0 4 12
1 3 7
22 23 5
17 19 7
13 14 12
4 8 16
1 3 3
3 8 15
13 16 14
0 3 9
17 20 10
13 16 14
7 9 4
5 9 7
3 6 14
16 19 15
22 1 7
3 7 15
14 18 14
11 13 11
20 21 16
16 19 5
15 16 9
9 14 6
0 1 8
1 4 10
17 22 8
17 18 13
17 20 11
0 3 6
5 6 6
23 4 9
21 0 10
8 11 8
0 2 9
12 14 14
7 10 15
8 10 12
5 8 2
10 12 14
14 17 15
8 10 3
16 20 8
6 7 1
20 1 11
10 13 6
5 7 10
22 1 8
6 8 4
16 19 14
21 0 9
1 4 7
22 2 7
5 7 5
1 5 16
19 22 7
11 14 10
16 19 3
12 15 3
2 6 10
1 3 2
17 20 4
2 6 5
23 1 11
14 17 13
4 7 6
10 13 15
11 13 4
9 13 2
20 23 3
13 15 14
20 23 5
5 8 9
2 6 14
4 7 15
11 14 10
11 14 11
6 8 4
15 18 5
7 9 12
0 3 13
13 14 8
22 0 12
9 11 9
22 2 4
2 6 12
16 18 10
12 16 2
21 1 9
20 23 1
18 22 14
5 7 5
20 21 16
11 14 12
17 19 16
18 22 11
17 20 4
2 6 11
6 11 2
12 15 15
13 17 16
18 21 8
4 8 12
8 11 5
2 4 9
6 10 11
13 15 12
20 0 9
8 11 3
7 11 6
18 22 8
7 9 12
12 15 5
2 4 14
9 11 9
7 11 1
18 20 8
2 4 5
14 15 16
15 19 7
6 8 5
1 5 7
7 10 8
19 21 11
4 6 12
20 23 12
15 18 10
1 4 12
22 1 4
21 1 7
10 13 7
22 2 11
0 2 10
10 14 6
11 15 11
4 6 4
19 23 1
12 14 15
10 14 7
22 0 11
13 16 13
18 0 10
16 18 16
13 16 11
9 12 3
0 3 12
20 0 6
14 15 6
13 16 4
13 14 16
23 1 9
0 2 9
12 14 14
13 16 5
7 10 10
18 20 16
22 1 9
12 17 15
16 20 12
2 6 8
5 8 14
22 2 5
4 6 9
23 3 3
3 7 9
3 6 8
15 16 7
5 8 1
3 6 7
13 16 11
10 12 6
2 5 14
7 9 10
0 4 16
8 10 13
1 5 6
7 10 2
20 0 16
0 2 11
2 4 11
22 0 13
12 13 8
20 23 8
20 1 7
13 16 10
10 15 11
23 4 11
12 14 5
0 3 7
3 6 3
15 16 9
17 20 5
21 1 3
6 9 15
21 1 5
15 19 7
12 16 12
2 5 3
21 0 5
22 1 3
8 10 14
0 3 6
0 3 1
15 18 7
10 14 8
2 6 16
8 10 13
8 12 6
2 5 2
13 17 1
6 8 6
4 6 15
10 12 5
14 18 14
11 13 4
17 19 4
1 4 2
23 2 12
21 1 8
20 23 3
3 7 13
2 4 2
4 4 9
3 6 3
2 6 4
11 14 15
11 14 8
16 21 1
21 0 13
9 12 14
16 19 13
11 14 3
16 19 8
6 9 7
11 14 10
4 5 5
23 2 4
12 16 10
0 3 6
6 9 9
16 18 12
13 18 10
12 13 5
1 4 1
5 6 10
6 9 8
23 2 16
10 14 7
19 21 9
0 3 10
20 21 4
19 22 2
18 20 2
12 14 9
16 18 2
7 9 8
8 11 2
16 20 15
10 12 12
19 0 10
17 21 11
17 20 13
15 18 10
6 8 8
16 19 5
14 16 4
22 2 10
22 0 3
19 22 11
19 23 16
19 21 11
21 0 13
0 3 15
21 1 13
3 6 14
12 16 8
8 11 10
5 7 13
14 16 14
0 2 13
1 5 12
14 16 5
17 21 4
11 13 7
23 3 16
6 9 14
16 21 7
22 1 11
6 9 2
15 19 10
4 7 1
20 0 7
22 22 12
12 15 6
12 17 5
6 8 3
11 13 11
18 20 16
10 13 1
6 10 9
6 9 11
16 19 5
4 8 4
2 5 9
8 9 5
18 20 9
4 8 9
4 7 15
12 14 8
12 16 1
17 19 11
4 8 10
13 15 5
13 14 5
5 8 14
23 3 9
6 8 2
2 3 15
22 1 8
13 16 13
22 2 5
5 7 9
21 23 7
2 4 13
1 5 4
4 7 14
4 7 13
3 6 1
1 3 12
8 10 12
5 8 7
3 5 6
2 5 10
6 10 14
19 21 3
7 12 1
8 13 13
23 3 10
13 17 16
9 12 4
5 7 8
7 10 13
5 9 14
15 17 9
2 6 2
15 18 14
11 15 13
7 11 3
22 2 12
3 6 8
18 23 15
22 0 2
12 16 15
9 13 8
4 8 16
14 16 6
12 15 8
2 4 16
10 13 1
10 13 12
9 11 7
7 8 15
1 3 13
9 12 4
0 3 8
10 12 14
1 3 4
4 7 13
9 13 6
7 10 1
0 1 13
17 18 2
18 21 14
10 13 4
13 16 4
4 6 14
20 22 15
14 16 6
3 6 3
16 19 7
4 7 10
20 23 5
3 6 6
17 18 6
11 14 15
8 10 6
12 16 15
15 17 8
6 9 12
18 21 1
17 20 1
9 13 3
0 3 10
8 11 3
21 1 2
23 2 7
6 7 2
4 6 13
1 5 6
2 4 3
15 19 16
22 2 11
14 18 5
11 12 1
5 8 5
20 22 6
8 11 10
12 15 12
0 4 3
11 13 2
17 21 3
16 19 9
10 14 13
1 3 12
1 6 16
7 10 15
7 11 6
10 13 8
12 14 6
23 3 8
17 21 13
14 19 5
19 23 14
12 14 12
22 1 7
5 8 8
21 1 16
11 15 10
16 20 14
21 0 2
21 23 6
13 15 9
21 0 15
15 19 11
11 15 15
20 23 6
16 21 7
5 10 9
15 18 6
5 7 9
7 10 1
7 11 13
2 5 15
4 7 11
23 1 11
4 7 7
13 17 13
2 6 2
7 12 10
6 8 13
13 15 14
13 16 13
19 21 6
5 8 13
1 3 4
21 0 2
7 11 5
3 5 1
22 2 7
0 5 14
0 2 6
6 9 8
15 18 5
21 0 12
4 7 7
15 17 16
3 5 9
18 20 11
13 16 2
8 11 13
9 11 16
20 22 6
18 21 8
2 5 13
6 9 2
7 10 5
23 2 13
22 1 7
23 2 13
13 16 1
17 19 13
22 23 11
19 23 16
4 5 11
23 1 16
21 0 15
3 6 12
21 1 12
15 17 11
21 0 4
18 21 15
18 22 9
10 13 8
4 6 1
14 15 4
9 14 4
13 15 4
22 0 7
9 12 13
16 20 16
11 13 13
7 10 1
17 20 9
11 12 16
17 21 16
15 19 13
10 14 4
8 10 12
15 19 4
11 13 13
7 11 8
20 21 12
8 11 9
12 13 4
11 14 9
9 13 4
19 21 6
13 15 10
21 2 12
10 14 9
13 16 5
5 8 4
18 21 6
1 3 13
22 1 12
22 2 9
7 10 5
8 12 4
7 10 1
4 7 14
2 5 6
21 23 6
2 5 12
11 14 4
14 19 2
1 2 14
11 13 14
5 9 8
22 0 2
23 2 13
18 21 5
8 11 16
16 21 3
19 22 11
3 7 8
1 6 13
12 12 14
3 5 10
17 19 6
5 9 11
23 1 4
9 10 6
1 5 5
18 21 16
4 8 2
3 7 13
6 9 7
6 10 5
2 5 5
16 17 10
5 8 11
11 14 15
3 6 1
15 18 1
13 15 10
12 17 11
1 3 14
1 4 3
7 10 14
8 13 9
16 20 13
13 15 10
16 18 12
12 16 12
17 19 16
8 12 6
11 14 9
12 15 4
6 10 1
13 17 4
14 15 3
5 10 10
13 16 16
22 1 8
22 1 11
12 17 10
4 7 3
0 1 1
1 4 11
18 20 13
20 23 16
20 23 1
14 18 7
18 22 11
9 13 11
3 6 10
9 12 4
8 10 1
21 22 9
0 2 3
20 22 8
22 2 16
4 5 5
11 14 1
15 17 6
4 8 13
6 8 11
9 11 12
23 2 5
22 2 14
1 5 8
5 7 13
18 23 13
13 15 7
12 15 9
14 17 1
1 3 14
18 22 6
5 8 6
5 9 13
16 19 14
10 13 4
5 8 10
0 4 2
21 0 5
14 16 10
10 14 8
10 13 12
0 3 15
10 12 9
19 21 13
16 18 3
21 23 8
13 16 9
13 16 8
19 22 1
8 11 16
19 22 6
23 1 12
22 2 5
0 3 7
21 0 10
2 3 13
13 15 4
10 12 8
23 1 13
15 18 11
3 6 11
20 23 9
12 16 9
20 23 3
11 12 4
10 13 11
6 8 5
0 3 12
15 17 9
15 18 7
13 18 1
5 9 2
9 12 4
12 15 12
2 4 8
1 4 15
1 5 16
13 16 5
10 12 15
17 19 8
15 17 7
20 0 14
19 22 10
19 21 7
2 5 13
22 3 10
14 16 11
19 21 3
6 7 4
2 5 12
19 20 2
20 23 11
22 23 16
19 22 3
3 5 5
10 14 4
4 8 14
18 22 12
4 7 16
13 15 2
2 6 12
8 14 13
22 3 14
21 1 5
22 1 7
16 18 7
22 1 11
20 0 6
23 2 13
5 7 15
9 11 8
15 18 2
19 21 14
23 3 11
2 7 16
8 10 13
7 9 11
17 20 6
8 12 9
18 21 8
1 5 9
11 15 14
7 10 8
14 16 2
15 19 1
4 8 4
20 0 1
14 17 4
18 20 6
13 16 8
22 0 4
22 0 4
2 5 9
10 13 16
2 6 6
10 13 15
20 22 11
2 5 5
3 6 12
21 23 12
20 23 4
17 21 9
13 16 12
0 4 7
12 16 6
2 4 3
11 14 13
18 21 6
18 21 7
9 11 11
9 13 16
16 21 6
17 19 13
23 1 14
1 4 7
7 9 11
16 19 16
8 9 5
10 14 15
8 12 3
17 20 10
14 16 10
17 20 16
17 20 13
14 17 7
7 10 8
7 10 8
16 18 1
14 17 8
18 21 15
1 3 2
17 21 16
5 9 8
0 4 9
7 10 12
17 21 8
7 11 1
0 2 13
6 8 7
8 12 9
18 21 8
10 14 2
0 2 3
0 4 1
10 13 7
7 9 1
2 4 12
13 15 4
21 23 1
22 2 14
14 17 9
20 23 12
5 6 14
10 14 1
6 10 1
10 12 16
14 16 16
0 3 15
6 7 13
14 18 10
2 6 15
18 22 3
4 7 6
8 13 1
1 5 10
19 19 13
7 10 7
4 7 11
1 3 4
2 5 16
3 5 2
14 17 2
2 3 2
19 23 8
20 22 6
7 11 14
14 18 5
5 9 12
23 2 5
5 8 12
17 21 7
3 7 10
17 20 4
18 22 13
7 10 4
6 10 5
4 7 7
21 1 12
0 1 5
12 14 7
15 19 8
6 9 8
23 1 1
17 19 8
12 15 10
9 10 15
19 23 16
23 1 5
2 5 8
20 0 1
4 7 3
2 3 6
9 12 3
2 5 5
6 11 15
18 0 2
4 6 6
10 11 15
19 0 7
21 1 15
9 12 12
20 0 9
7 10 11
14 18 15
21 1 1
13 16 6
2 6 6
9 13 10
6 8 5
2 3 6
14 20 2
17 19 8
12 15 5
15 17 16
18 21 8
11 15 13
16 17 14
20 23 2
12 15 14
7 10 13
12 15 11
19 0 10
0 4 15
7 10 8
8 11 12
22 2 11
20 0 13
22 2 3
10 13 5
13 16 7
1 5 12
11 15 16
19 23 13
14 16 12
0 2 5
7 10 9
5 8 9
2 5 1
1 4 2
4 8 4
19 21 16
18 22 3
11 15 16
2 5 3
22 1 15
13 15 15
7 9 6
1 6 1
11 14 2
21 0 13
14 16 9
14 17 16
12 15 14
23 3 16
23 4 11
4 8 4
5 9 3
20 23 16
8 10 14
15 17 8
23 2 6
23 2 14
11 15 4
19 23 8
3 7 2
10 14 16
16 18 1
10 15 6
4 9 3
17 18 11
21 0 2
3 7 13
12 15 9
21 1 3
14 17 8
15 18 16
15 18 12
18 21 11
19 21 7
17 20 10
18 20 16
17 20 15
21 0 12
22 4 15
12 16 13
2 5 11
10 12 3
7 10 5
11 12 8
9 12 9
10 13 14
12 17 11
18 22 10
5 7 16
20 22 15
3 5 3
10 13 4
15 19 11
5 10 5
6 8 9
6 9 8
16 19 7
16 18 1
8 12 7
17 21 1
18 21 1
5 8 3
11 15 14
23 1 4
14 19 11
20 22 4
22 1 7
1 5 14
2 7 12
0 4 13
5 7 13
22 2 16
4 7 12
21 0 10
4 6 4
3 6 4
5 9 5
17 20 12
10 15 4
15 17 1
17 21 6
19 23 11
0 2 12
12 15 15
18 22 5
6 7 5
5 9 13
6 8 10
11 14 6
17 21 13
9 12 16
8 12 1
17 19 15
14 18 4
8 10 7
15 19 10
0 2 1
14 16 8
21 23 11
1 4 5
1 5 10
22 2 11
17 20 16
13 16 13
0 3 1
14 18 6
13 16 7
2 4 7
18 19 6
4 8 11
0 2 9
7 9 8
19 23 12
11 15 7
13 18 12
13 16 6
12 16 8
14 18 11
11 14 9
11 14 2
9 13 13
21 0 2
20 1 12
4 8 14
8 8 13
14 18 12
1 3 16
18 22 15
16 18 13
6 7 12
10 13 15
2 6 12
5 8 14
21 0 9
21 0 15
11 14 14
15 19 11
15 19 16
3 4 5
18 19 12
1 4 14
10 12 11
5 8 11
15 18 11
18 21 7
0 4 16
7 10 6
1 3 6
10 12 3
23 0 6
5 9 12
14 15 12
21 0 13
10 14 3
16 17 5
7 10 2
12 15 2
11 14 12
7 11 4
4 8 6
4 7 5
5 9 9
19 22 15
7 11 1
13 15 15
18 21 11
16 19 6
1 4 3
2 4 8
18 21 2
2 5 14
8 10 9
13 18 13
9 13 8
10 13 9
8 11 7
3 5 10
