950 5
5 8 10 3 4 
21 0 3
0 3 3
9 12 3
17 20 5
3 6 1
7 9 2
13 17 1
13 17 2
0 3 3
12 15 2
4 6 3
18 21 1
19 0 1
21 0 4
18 22 3
3 6 5
6 8 3
11 14 4
2 5 3
7 7 4
13 16 4
10 13 5
5 9 5
9 12 4
15 17 4
8 11 2
2 4 3
15 18 4
15 17 1
23 1 1
12 15 1
21 23 5
12 16 2
0 4 4
15 18 2
12 16 5
5 7 5
21 0 5
3 6 3
17 19 2
11 14 4
15 20 2
19 22 2
8 10 3
20 23 4
17 21 1
13 17 3
12 16 5
23 3 3
5 8 5
2 4 5
4 7 3
11 12 1
17 20 2
18 21 4
6 9 5
16 18 2
16 18 1
0 5 2
17 19 5
2 6 1
1 5 2
23 2 3
22 1 4
3 6 4
17 18 4
7 11 5
19 23 4
18 21 1
19 21 5
12 14 1
13 16 2
17 21 2
10 12 3
23 1 4
3 6 1
11 13 3
21 0 5
17 19 5
14 17 5
3 4 2
0 5 3
18 19 5
22 1 4
14 17 3
14 16 4
6 9 1
16 17 3
18 21 4
18 20 3
19 21 3
0 3 2
18 22 2
23 3 5
17 20 1
9 12 1
11 15 2
4 6 3
16 20 2
15 18 2
23 3 3
11 14 3
4 8 4
0 3 3
20 22 5
17 18 1
8 10 1
13 15 5
17 20 1
14 18 4
21 23 2
14 17 1
3 6 3
13 15 5
5 9 1
20 22 2
23 1 5
15 18 4
16 19 1
0 2 2
13 16 1
12 15 5
0 4 4
1 6 3
20 22 4
19 22 5
2 4 3
9 11 4
18 21 4
10 12 3
6 8 3
1 3 2
5 9 2
14 17 1
16 20 3
16 19 5
0 3 1
6 9 4
23 3 4
23 1 2
8 10 2
13 16 4
4 8 1
9 11 5
15 17 1
0 3 4
6 7 1
9 13 1
4 8 1
19 23 4
22 2 2
14 16 3
7 9 2
13 17 3
15 17 1
13 15 4
4 7 2
17 18 5
16 19 5
20 23 5
4 6 2
14 16 1
2 2 4
10 13 3
13 17 2
12 13 3
13 18 3
9 11 5
3 7 3
0 4 1
20 1 5
14 16 1
19 23 4
7 11 1
17 22 1
3 6 1
11 14 1
13 15 3
7 9 5
10 13 4
17 21 3
4 7 4
16 20 2
19 21 4
14 16 1
11 15 1
12 14 4
8 11 3
0 5 5
10 12 4
12 16 4
8 11 4
0 4 5
6 9 3
15 18 3
21 0 4
1 6 4
11 15 1
10 11 2
4 7 4
19 23 1
11 13 4
5 8 4
9 12 5
3 4 4
4 8 2
20 23 5
23 3 3
20 23 1
6 10 5
7 12 2
16 20 5
11 16 5
6 8 4
10 14 3
23 0 5
17 21 4
14 16 1
11 15 2
15 19 5
7 11 2
19 20 2
14 17 5
9 13 3
9 12 1
11 15 3
8 12 3
11 15 5
0 3 2
3 6 4
15 17 1
7 11 3
20 0 2
14 16 2
15 19 1
22 1 5
1 3 1
0 3 4
15 16 1
13 16 2
4 6 2
20 22 2
18 21 3
8 12 5
12 15 1
18 22 3
17 17 1
6 9 2
13 16 5
6 10 5
13 14 2
12 15 1
3 6 4
22 0 5
11 14 3
7 10 4
19 23 4
1 3 5
4 7 2
4 8 3
17 20 4
12 16 2
19 22 4
0 2 3
4 8 2
18 23 1
23 1 1
4 9 5
13 15 1
13 16 2
1 4 5
17 19 4
17 21 4
6 8 5
23 3 1
9 12 3
9 13 1
9 12 1
19 22 2
14 16 4
6 9 2
9 10 4
20 23 5
15 18 4
16 21 5
6 8 2
23 2 5
18 21 3
23 1 2
14 18 4
13 17 5
12 17 3
19 21 1
10 12 3
20 23 4
23 2 2
8 12 3
22 1 1
17 18 1
5 7 5
10 14 3
23 2 5
8 10 1
3 5 3
2 6 3
6 11 5
17 19 5
14 18 1
21 1 2
23 3 5
22 0 3
11 13 2
0 4 3
1 3 5
13 15 3
19 0 1
11 14 2
9 11 5
2 5 1
3 5 1
3 6 4
1 4 1
6 8 4
16 19 2
13 16 4
9 13 5
23 2 5
1 5 1
15 18 5
19 22 2
19 21 4
18 21 1
22 0 2
12 16 5
11 14 5
0 1 3
15 19 1
2 4 1
15 18 2
21 0 4
22 23 5
9 10 1
23 2 1
12 14 2
22 2 5
10 13 2
19 22 4
5 8 1
11 12 5
7 9 5
23 3 1
9 9 4
1 5 4
18 19 5
22 23 3
1 3 5
11 12 2
14 18 2
21 2 2
3 6 1
9 11 3
4 6 2
12 17 1
23 3 2
11 14 5
20 1 3
21 22 2
4 8 3
10 12 3
3 7 1
17 19 2
6 9 2
20 22 3
7 10 1
14 16 1
2 5 5
15 19 2
19 22 2
8 11 5
20 0 4
3 7 1
7 12 5
8 12 2
16 17 4
16 21 4
16 19 2
19 22 2
20 23 3
12 13 4
12 15 3
2 3 1
5 8 1
2 6 3
20 23 4
12 14 2
2 4 3
15 17 1
13 17 5
14 18 3
9 13 1
14 18 2
3 7 1
2 5 1
1 4 4
21 0 2
18 20 4
15 20 3
14 17 2
11 14 3
8 13 4
3 6 3
11 15 5
0 5 1
14 16 5
2 3 3
2 5 3
0 4 5
7 10 1
19 23 4
3 7 3
22 1 4
9 11 2
6 9 5
17 19 3
9 12 5
4 8 5
7 13 3
16 19 1
14 16 5
19 22 2
0 4 2
3 6 5
0 3 4
17 20 4
5 10 4
10 13 1
14 18 5
0 4 5
6 9 1
9 13 2
19 20 1
8 11 3
9 11 2
22 0 1
10 12 3
18 21 1
15 17 3
13 16 3
2 3 1
9 11 2
9 12 5
17 20 1
6 10 2
16 18 3
19 22 4
8 11 4
23 3 1
6 8 5
13 16 4
0 4 5
12 16 5
22 1 1
21 2 3
2 6 1
9 11 2
0 3 4
23 4 4
2 5 2
3 7 5
1 4 5
19 1 5
22 3 2
13 16 3
11 13 3
5 8 1
8 10 5
13 17 2
20 22 5
9 14 4
10 13 1
18 21 3
15 18 2
12 16 4
12 14 5
22 1 5
14 16 1
3 5 2
8 11 3
23 3 3
21 0 2
14 17 3
21 0 3
21 23 2
14 17 2
1 5 3
22 0 5
2 4 1
2 5 1
18 22 3
15 17 1
4 8 4
13 17 3
7 8 3
7 9 2
23 1 4
5 8 2
9 13 5
13 17 4
16 19 2
7 8 1
9 11 3
15 19 3
15 19 1
13 15 2
14 16 3
3 6 3
14 18 5
7 12 3
6 8 1
19 22 1
0 2 5
11 15 4
20 23 4
8 12 5
2 6 3
16 18 5
22 2 5
12 14 2
13 15 5
2 6 2
11 14 3
17 19 4
8 11 1
17 22 2
0 5 1
14 17 4
19 20 2
16 20 4
20 23 3
16 19 4
0 3 3
13 17 4
13 17 4
21 23 3
22 2 3
23 2 4
23 1 4
12 15 1
14 17 1
6 10 1
16 20 1
16 18 4
3 5 3
22 1 3
10 10 2
23 1 2
12 14 4
7 12 2
1 4 1
10 14 2
19 21 2
13 17 5
2 4 1
17 20 4
3 7 3
3 5 4
7 9 4
21 23 3
3 6 1
8 9 2
4 5 2
16 19 5
8 11 4
1 3 4
20 23 4
16 20 3
21 23 4
11 14 1
6 9 5
0 3 1
19 22 1
20 0 2
22 2 1
6 10 1
13 16 4
10 13 4
7 9 1
2 6 2
19 23 1
5 8 3
22 2 3
2 5 4
19 23 1
8 12 2
14 17 5
12 13 4
11 14 4
1 2 4
5 8 2
4 7 1
6 8 2
13 16 4
11 14 1
9 11 4
12 15 1
10 13 5
14 16 3
23 0 5
10 12 3
13 15 4
13 14 5
16 20 2
21 1 2
11 14 2
16 18 2
16 18 3
22 1 5
2 4 2
3 7 2
12 15 4
14 17 1
7 9 3
11 13 5
10 12 5
5 9 5
12 15 1
5 7 2
3 5 1
18 21 2
15 18 1
1 4 4
6 10 1
8 12 4
15 18 4
19 23 1
7 8 3
22 1 1
20 0 2
22 23 4
8 11 1
20 23 5
3 6 1
18 22 5
8 14 5
10 13 1
17 20 1
19 20 3
21 0 3
16 20 2
4 7 3
11 14 1
9 10 5
23 3 3
6 11 1
23 3 2
11 15 1
18 21 4
13 16 4
6 10 2
7 11 5
10 14 4
4 7 3
8 11 5
4 6 1
0 4 3
19 21 3
20 22 1
13 16 5
21 0 4
4 8 5
19 22 3
12 13 2
2 4 1
0 4 3
13 17 3
6 9 2
9 12 1
13 17 2
3 7 5
4 8 4
23 2 4
17 20 3
11 14 5
2 6 1
18 20 1
20 22 2
0 5 3
3 5 1
23 1 4
8 11 4
15 19 3
5 7 3
20 23 2
22 1 3
15 19 5
21 0 1
21 0 3
19 23 4
18 22 1
15 17 2
18 21 1
2 4 4
2 6 5
2 6 1
18 20 2
21 23 1
3 5 3
4 7 4
23 1 5
5 9 1
16 19 3
4 8 1
3 7 3
14 17 3
21 1 4
21 1 3
19 23 5
2 6 3
19 21 2
4 9 2
6 8 1
19 23 4
15 18 5
6 9 4
6 10 2
3 6 1
3 5 3
4 9 4
19 21 3
15 17 5
22 2 4
13 17 4
9 15 1
11 13 2
21 0 4
17 20 1
14 17 5
8 11 4
18 20 5
11 13 4
14 17 1
16 18 1
6 8 2
17 17 1
3 7 3
3 6 1
10 13 4
17 20 5
11 13 5
11 15 3
3 7 5
18 22 1
16 19 2
15 19 1
22 2 2
2 4 4
17 21 5
22 2 2
23 3 5
23 3 5
22 0 4
11 14 5
20 22 1
20 22 5
11 16 5
13 16 5
4 4 2
13 14 4
10 11 1
20 1 5
18 21 3
14 17 1
2 5 1
19 23 1
2 3 4
13 16 5
19 23 1
11 13 4
2 4 4
19 22 2
3 6 5
13 16 5
4 7 4
17 20 2
3 7 1
2 6 1
6 11 1
12 16 2
22 2 4
1 6 5
8 12 5
7 10 5
4 8 1
8 11 1
0 2 1
23 1 3
14 17 3
7 10 1
21 1 1
13 17 4
4 8 1
1 4 3
18 21 3
19 22 5
6 7 2
12 15 1
7 12 3
10 14 3
20 23 4
4 7 5
0 3 5
20 0 3
14 16 2
18 21 3
22 0 1
13 15 5
20 23 2
4 7 4
18 23 4
6 8 2
1 2 2
4 6 4
22 2 4
22 23 1
15 17 3
7 9 3
2 4 1
2 4 1
12 15 3
11 16 5
11 15 2
7 9 2
13 15 4
17 20 2
0 3 3
20 22 3
5 8 1
18 22 1
0 1 4
12 14 5
17 18 1
2 4 2
14 18 3
17 18 3
2 4 3
22 2 4
3 6 3
14 18 2
4 6 1
9 13 1
21 0 1
15 17 5
15 18 1
1 4 1
18 23 5
4 8 2
13 16 5
16 19 4
20 0 4
3 5 3
3 6 1
19 0 3
16 19 5
18 20 2
0 3 3
9 13 3
7 10 1
19 23 3
8 9 4
8 11 5
7 10 2
19 22 2
2 7 3
21 1 4
1 5 2
0 2 1
14 18 1
23 3 1
5 9 5
13 16 5
4 8 2
19 22 5
7 8 5
1 4 5
17 20 1
3 6 4
6 8 4
21 23 4
14 17 5
21 1 3
4 8 5
12 14 3
15 19 4
20 23 3
6 8 4
17 19 2
18 20 1
20 22 5
4 7 2
12 15 3
10 13 4
13 14 4
18 20 1
11 14 1
1 6 4
12 16 1
22 1 5
3 6 5
6 9 3
16 20 4
12 14 2
6 8 2
16 20 3
7 9 2
10 13 3
6 10 1
21 1 2
6 6 4
23 3 3
0 3 5
10 12 4
7 11 2
2 3 1
12 14 2
21 0 2
17 19 5
5 9 2
2 3 5
12 15 3
21 1 1
5 7 3
22 1 5
23 3 1
15 18 3
0 4 4
11 13 1
4 6 2
4 7 3
22 0 1
8 12 2
4 7 4
23 1 4
0 2 3
21 23 4
9 12 1
12 13 1
10 15 2
2 5 5
21 0 1
21 23 3
