2450 16
9 6 8 4 7 1 2 2 4 3 3 8 7 6 4 5 
7 10 10
0 4 14
19 20 5
14 16 16
9 13 8
15 19 1
6 9 16
2 4 14
10 13 10
21 0 6
6 10 5
1 5 10
5 8 10
5 9 7
10 14 11
23 2 10
5 9 1
6 9 13
0 3 10
0 2 7
16 19 5
23 3 3
2 5 15
14 17 8
2 5 6
22 2 3
4 7 16
9 12 16
8 12 12
23 2 6
13 15 9
16 20 7
3 6 7
13 16 10
22 2 5
3 7 10
22 2 10
4 8 10
4 6 10
13 16 5
17 21 8
22 0 4
7 11 3
5 6 2
12 15 8
13 15 3
8 11 11
17 18 2
0 3 5
22 1 1
17 22 13
2 7 8
6 8 16
5 7 5
21 1 4
11 13 4
17 22 10
16 19 2
13 16 2
0 5 10
9 12 2
15 18 7
14 18 15
8 10 3
1 3 15
13 15 9
4 6 1
21 0 10
16 18 13
8 12 9
14 17 1
15 18 2
9 12 11
2 6 15
13 15 8
7 11 16
14 18 16
6 9 7
14 16 10
16 20 8
0 2 2
18 22 10
0 2 14
16 18 1
9 14 11
19 23 1
8 12 16
5 7 10
21 1 1
15 16 10
15 17 13
7 7 8
7 10 13
4 5 15
3 5 12
4 6 8
18 22 12
4 6 7
9 11 6
11 13 14
11 13 9
22 0 4
3 6 8
16 18 16
18 23 8
1 4 10
13 18 1
13 18 7
10 12 14
9 12 13
3 7 7
13 16 14
6 10 4
6 11 12
13 16 4
21 0 3
8 11 10
7 9 16
21 0 10
17 21 3
14 16 10
21 22 4
17 20 9
11 15 7
2 5 15
21 2 5
21 0 4
3 6 6
7 11 10
17 18 16
0 3 15
13 17 13
15 18 5
22 3 6
5 7 3
22 0 3
8 10 6
1 5 1
17 20 5
22 1 5
23 2 16
5 9 3
11 14 5
16 20 13
21 2 10
6 10 13
21 23 8
1 2 6
22 23 5
7 9 9
9 13 10
22 1 15
18 20 5
10 13 7
23 2 2
1 2 13
20 22 7
20 23 12
19 20 15
21 0 9
9 12 1
21 1 5
22 2 9
5 8 6
8 12 16
3 6 7
7 9 2
0 3 6
16 17 12
1 3 9
5 8 11
8 11 7
1 5 7
11 14 10
21 0 4
3 5 13
11 15 12
14 18 8
17 20 10
18 17 15
16 19 15
4 7 3
7 11 7
14 18 3
17 21 2
0 1 1
9 12 1
14 16 7
3 5 12
15 18 4
18 20 6
20 23 3
19 20 13
14 17 9
6 10 15
11 13 12
2 6 9
6 9 8
4 7 2
9 12 8
3 5 8
13 17 15
13 16 3
20 23 16
9 12 9
10 14 7
8 11 10
22 2 10
10 13 15
6 9 6
0 4 8
9 13 8
12 14 10
12 15 8
20 23 2
2 4 14
6 8 10
19 23 2
1 3 5
4 5 14
19 21 6
19 22 6
15 20 4
15 18 1
7 10 5
10 14 8
20 22 11
5 9 12
9 12 8
1 3 1
19 23 10
19 23 16
2 3 5
10 14 9
22 2 16
23 1 14
7 10 10
4 6 16
22 0 5
21 22 11
3 5 10
2 6 9
21 0 4
10 13 3
7 9 1
13 16 8
4 6 15
22 0 5
10 13 15
21 2 15
3 5 8
5 6 1
0 3 12
13 14 16
15 18 15
12 13 1
0 3 11
18 22 9
17 20 16
11 14 7
21 1 9
8 12 9
5 8 8
1 2 10
9 12 13
20 0 3
21 2 4
20 23 1
22 23 10
14 16 15
0 4 13
13 15 4
9 12 12
8 10 16
8 11 9
16 22 2
20 22 1
4 7 4
15 18 14
18 22 6
21 1 5
23 1 1
19 20 14
13 17 2
1 5 11
7 11 9
21 2 15
11 16 12
12 15 6
23 2 2
16 20 9
6 11 3
19 21 14
22 0 12
10 13 3
6 9 13
16 18 7
17 21 11
8 9 11
11 15 9
1 4 12
7 9 1
8 9 12
15 18 11
9 12 6
7 10 14
11 13 5
23 1 13
5 8 2
15 18 7
11 13 9
17 19 7
2 5 5
16 18 10
7 9 6
1 3 5
8 12 11
22 0 9
19 21 13
13 15 10
21 0 2
3 8 1
7 12 16
5 8 4
17 21 4
11 14 16
18 21 16
15 18 1
12 14 9
4 9 7
3 5 14
5 7 3
2 5 11
5 10 6
21 1 12
2 5 13
15 18 15
19 0 12
0 5 7
7 10 3
2 4 16
15 19 7
9 13 9
13 16 4
23 3 2
18 21 6
19 20 10
6 9 4
2 6 6
16 19 10
23 4 10
15 17 16
5 8 14
6 9 16
20 23 5
21 0 3
4 9 5
15 20 1
2 5 15
0 4 16
10 13 13
8 11 6
19 22 10
4 6 7
2 5 2
9 13 15
11 14 7
20 22 16
8 13 8
19 23 5
18 23 7
9 12 12
11 15 4
2 5 5
13 17 10
3 9 3
19 21 13
23 3 7
6 10 4
22 1 9
12 14 5
17 21 9
13 17 16
2 4 16
0 4 2
1 4 16
6 10 11
12 15 4
15 19 3
19 22 12
0 4 6
7 12 7
9 13 16
3 5 5
7 10 13
6 9 6
10 12 13
3 7 15
3 4 13
21 0 16
13 15 6
12 16 5
0 2 3
11 16 15
1 4 7
8 10 1
9 11 9
1 6 15
19 21 9
23 2 8
12 15 1
1 5 1
14 17 2
17 19 14
18 20 10
17 20 15
5 9 11
17 19 9
7 10 2
14 16 16
5 8 10
5 8 7
1 4 1
8 10 13
19 20 11
2 6 13
21 0 4
11 15 1
3 5 3
23 0 12
8 10 13
19 22 2
19 23 7
2 4 14
22 1 14
19 23 4
18 22 16
17 20 10
8 12 10
22 2 16
22 2 4
19 22 14
23 3 12
14 18 14
0 1 8
19 23 6
5 8 3
16 20 7
23 1 16
15 18 1
14 16 3
22 2 13
8 13 14
1 4 5
8 11 8
4 8 6
14 16 3
5 8 10
20 23 11
12 16 6
17 20 13
14 18 4
12 15 14
0 1 13
17 20 15
16 21 1
18 20 1
16 18 6
18 20 11
4 7 16
4 7 9
18 18 6
13 15 7
3 9 2
21 0 4
8 11 15
2 6 5
14 18 1
4 7 7
14 16 5
15 18 3
18 22 16
19 23 5
6 9 14
10 12 1
21 23 9
10 11 10
9 13 10
21 0 11
23 2 10
11 12 6
6 9 6
15 18 15
23 2 16
4 8 7
5 9 1
16 18 12
2 6 3
5 8 5
6 9 8
8 11 2
17 20 6
14 17 10
2 7 9
0 3 15
21 1 5
17 22 5
1 6 4
17 21 5
12 15 4
15 19 8
21 0 4
16 19 12
20 23 13
22 0 15
6 8 14
19 22 9
3 7 2
22 0 14
0 2 3
9 12 14
7 9 7
16 19 13
16 21 5
9 10 15
7 11 14
0 4 9
22 1 7
2 4 7
23 3 7
13 15 12
0 3 8
3 7 3
7 10 9
6 9 4
6 9 2
7 10 6
20 22 1
23 2 3
21 0 12
22 1 3
2 6 16
23 2 8
16 20 8
13 16 8
22 2 11
20 23 16
6 10 13
22 0 11
3 6 5
7 11 10
12 15 9
19 22 6
3 4 7
12 14 5
6 10 3
22 1 15
10 13 9
16 19 3
22 2 5
4 6 11
12 14 13
20 22 1
16 18 1
8 12 16
15 18 12
4 8 10
21 23 8
17 20 7
16 20 15
22 1 11
0 5 2
2 7 2
12 15 2
20 22 10
21 0 12
6 8 1
17 19 14
10 13 15
17 20 8
23 3 1
17 20 9
2 7 5
5 8 4
11 15 6
3 6 2
22 0 4
19 20 2
10 13 15
14 18 16
15 18 15
23 3 6
11 14 8
11 14 11
11 15 4
23 0 1
22 1 9
6 10 1
19 21 1
12 16 3
11 14 16
8 11 2
18 19 11
18 20 12
8 12 9
21 23 14
9 11 8
8 11 16
15 18 2
20 1 4
6 10 8
14 18 9
15 18 8
7 11 9
14 16 10
6 11 6
12 14 15
15 17 7
5 9 2
10 14 15
12 15 4
6 8 15
13 17 12
10 12 15
13 17 13
15 19 4
18 20 12
19 20 1
6 7 14
2 5 5
2 5 12
10 14 13
0 3 11
9 12 5
8 13 9
12 15 4
5 9 10
0 3 14
13 17 1
4 8 12
22 2 13
11 14 1
14 18 5
12 14 8
8 11 11
4 6 6
11 12 14
2 6 2
12 15 4
10 13 1
0 4 3
2 6 13
20 23 7
16 18 8
15 18 2
8 11 6
7 10 3
15 18 2
5 8 1
9 12 2
14 16 14
6 9 7
0 3 2
21 1 8
15 18 4
23 0 13
8 11 15
20 23 1
14 16 5
16 19 2
21 23 9
3 7 9
1 1 2
16 18 3
18 21 1
7 11 6
13 15 11
18 22 4
15 18 4
7 10 15
14 16 11
9 12 4
5 7 2
22 1 7
14 17 9
17 18 11
7 9 3
19 22 1
12 15 5
13 17 16
17 19 7
7 10 2
15 18 10
10 13 3
21 1 16
10 12 8
11 12 16
17 22 9
10 16 1
10 12 11
15 19 2
15 17 9
18 22 8
15 20 14
14 16 7
13 15 13
11 13 5
2 4 4
23 2 10
15 17 2
18 21 10
6 9 16
19 22 9
14 17 1
7 10 6
16 20 12
9 13 1
21 23 16
12 15 3
12 14 15
3 6 2
22 1 16
10 13 13
11 13 3
1 5 5
19 23 11
16 20 12
2 5 5
10 16 9
2 5 15
10 13 1
1 5 8
9 11 12
0 3 3
20 0 1
1 5 6
19 23 9
4 6 5
23 2 1
3 6 1
15 19 1
21 23 15
7 10 10
11 14 3
5 8 1
19 23 13
7 10 10
12 15 6
7 11 8
11 15 4
3 7 4
19 23 15
18 20 14
23 0 3
23 1 4
20 23 2
6 8 14
13 16 15
0 3 12
3 7 1
4 7 12
20 0 16
10 11 16
3 6 2
20 23 10
1 5 6
18 22 3
19 22 13
12 14 3
19 22 3
6 10 2
7 10 8
18 21 14
13 15 5
12 15 4
6 9 8
10 15 7
23 3 8
15 19 14
1 5 8
10 13 2
11 15 6
5 8 9
23 3 11
4 7 13
2 5 9
2 5 13
2 5 14
12 15 5
8 10 10
9 11 12
3 5 11
3 5 13
6 9 14
20 22 9
6 10 7
3 7 6
11 14 3
14 16 6
8 11 4
14 16 1
1 3 16
19 23 15
14 16 15
22 1 3
15 19 1
1 4 1
9 13 10
10 13 10
0 4 3
3 5 3
9 11 15
4 7 4
11 14 12
9 13 1
23 2 12
18 23 9
22 3 7
1 4 5
16 20 13
13 15 13
23 2 9
18 21 14
5 7 11
17 19 11
13 14 16
0 3 13
16 21 16
4 7 10
7 9 1
18 22 10
9 12 12
8 12 4
16 18 4
20 22 1
2 4 14
22 2 6
17 18 4
11 14 7
13 14 16
4 7 15
2 6 9
22 0 8
9 12 1
17 18 4
9 12 5
5 9 16
3 5 15
23 4 10
0 3 13
16 18 9
5 9 7
4 6 15
14 16 10
20 23 7
6 9 8
4 7 13
15 17 10
18 19 8
19 22 4
17 23 11
18 20 5
3 6 1
2 5 15
8 11 11
16 21 2
10 15 14
1 5 8
10 14 7
2 3 10
6 10 7
13 16 11
10 12 9
15 16 13
1 7 8
14 17 15
0 1 11
22 0 15
17 19 1
20 1 13
12 16 3
16 19 12
15 18 3
23 2 13
5 7 2
17 20 9
8 11 6
19 22 2
3 4 2
11 15 5
2 5 5
16 20 14
0 3 2
16 19 16
17 19 8
1 4 11
4 5 2
1 5 9
6 10 14
3 7 1
5 8 14
12 14 12
6 10 4
17 20 11
19 23 1
22 2 9
14 17 13
8 12 16
2 4 13
10 12 15
7 11 14
4 8 6
18 20 12
12 15 1
18 22 6
11 14 1
1 5 16
20 22 11
2 6 16
5 7 2
15 19 15
9 10 8
6 10 15
21 23 7
22 0 14
15 17 8
12 14 11
15 18 2
16 18 3
8 12 10
14 18 11
14 16 14
3 5 6
19 23 8
8 13 13
20 22 13
17 20 3
17 22 2
6 11 6
2 5 5
19 21 9
10 12 10
9 12 4
0 3 11
7 9 4
0 3 8
12 15 7
21 0 9
11 14 12
10 13 7
17 20 2
0 4 4
5 7 16
1 4 12
12 15 4
20 0 1
4 7 6
7 10 5
18 21 10
0 4 5
11 14 5
14 17 4
13 17 15
15 17 2
6 8 5
18 21 3
3 6 3
19 22 8
14 16 3
0 4 13
1 4 6
11 15 11
10 13 6
1 3 4
18 21 13
13 16 5
23 2 8
5 8 1
5 8 1
11 13 2
22 0 14
8 13 2
23 2 1
10 13 3
18 20 9
17 20 4
0 4 10
18 23 1
3 6 9
13 16 9
7 9 8
4 9 16
18 21 6
0 2 12
4 6 1
23 2 7
13 17 14
21 1 5
23 2 2
19 19 1
9 12 12
3 7 5
12 14 8
6 10 15
14 17 9
21 0 11
11 15 10
10 13 11
8 11 12
0 5 3
19 23 1
10 13 10
7 10 3
17 19 5
19 20 8
19 22 1
19 22 13
14 19 2
14 19 3
5 8 7
4 7 13
6 9 16
8 10 16
12 15 6
14 19 12
22 2 6
7 10 13
11 13 11
8 12 11
12 14 1
9 11 10
23 1 15
12 15 4
9 12 15
18 21 8
12 14 1
2 7 10
15 17 3
19 20 15
14 17 8
8 10 7
19 22 6
22 23 5
7 11 3
16 18 5
5 8 13
15 18 7
0 2 1
16 20 9
20 22 2
6 9 2
16 20 10
22 1 10
3 7 16
21 0 1
12 14 14
21 23 10
16 18 12
5 7 2
10 11 5
16 19 15
20 0 10
1 5 6
20 23 6
12 15 7
3 7 16
7 11 1
13 15 12
10 15 6
6 7 14
6 10 9
10 15 12
13 18 2
22 0 3
1 4 10
15 19 6
14 16 4
14 15 5
2 5 5
17 19 7
15 19 4
14 18 15
2 5 2
7 11 5
13 16 12
7 10 2
3 7 15
7 9 8
17 21 7
11 15 8
17 20 9
17 19 4
5 9 13
3 7 12
13 16 12
19 21 2
19 23 16
22 0 16
3 6 12
23 2 8
1 4 9
5 10 8
22 3 8
3 6 16
3 6 15
15 18 10
9 12 1
10 13 13
17 20 7
11 15 15
14 17 12
3 7 8
21 0 12
2 5 4
3 6 14
12 16 13
5 8 7
20 23 14
3 6 7
14 18 12
21 0 12
23 1 9
16 17 9
19 22 12
23 3 12
1 4 1
12 13 15
3 7 8
1 4 3
9 11 15
10 13 8
16 17 4
11 16 11
16 18 5
9 11 1
14 16 8
19 23 13
22 2 1
17 20 9
14 17 14
20 23 3
1 5 10
19 22 1
2 5 11
11 14 5
16 19 5
7 8 7
21 1 6
5 9 11
19 21 2
12 15 7
1 4 13
13 14 11
10 13 14
19 23 15
12 16 8
19 23 13
22 1 14
9 12 2
22 2 9
4 6 12
14 17 15
5 7 14
7 8 7
2 4 10
19 22 5
18 21 16
2 6 16
20 22 8
7 11 6
20 22 9
20 22 15
17 21 11
21 0 11
13 17 8
10 13 1
13 16 1
23 2 14
21 0 14
22 1 3
10 12 5
22 2 1
1 4 11
7 10 15
3 8 9
17 19 14
2 6 12
11 13 1
11 14 11
13 17 13
20 0 12
15 18 1
23 2 1
9 12 15
11 15 11
17 17 1
10 13 13
4 7 8
12 14 7
20 23 4
22 1 4
14 17 3
2 4 7
14 18 12
21 23 15
18 21 5
4 8 4
22 1 3
13 17 12
1 4 1
9 12 2
9 13 8
16 19 9
0 4 12
6 9 11
1 5 9
7 8 2
15 19 13
6 9 3
12 15 2
16 20 4
2 5 14
23 2 14
15 20 6
6 9 12
15 17 12
4 7 13
14 16 10
6 7 11
1 4 13
15 17 10
16 19 7
23 1 1
11 14 13
5 6 10
2 5 8
5 7 13
23 1 15
18 20 7
18 20 3
1 6 13
17 18 7
22 0 11
14 17 10
13 16 7
11 13 10
8 11 13
11 14 13
14 17 1
5 6 14
2 5 3
8 11 4
16 21 9
21 1 7
22 1 10
14 18 15
10 12 3
22 2 3
16 19 1
9 11 5
23 2 3
20 23 5
1 5 16
10 14 6
5 7 5
12 16 7
17 21 6
7 11 2
22 1 1
18 20 2
8 10 13
21 0 1
23 3 10
6 8 9
19 23 9
22 2 8
7 8 9
21 23 3
6 9 2
6 10 4
16 21 16
17 23 8
10 13 1
2 4 16
3 6 5
10 12 12
12 13 16
2 6 12
6 8 13
12 16 4
12 14 9
9 12 5
18 21 12
20 0 1
13 15 11
17 21 16
0 4 2
12 15 13
22 1 15
7 10 14
3 5 2
7 10 10
11 14 8
19 21 15
7 11 5
12 14 13
10 12 6
11 12 2
18 21 12
0 3 9
3 6 5
22 1 5
11 16 10
8 11 2
14 17 10
18 21 10
9 11 4
13 16 14
20 1 3
15 19 4
17 18 3
22 1 6
11 14 1
8 12 4
19 20 11
22 0 3
1 3 6
5 8 8
23 1 5
23 3 9
9 13 9
9 13 2
3 5 7
9 10 15
17 19 9
22 23 13
16 19 3
3 4 2
15 17 9
11 13 6
14 17 7
15 18 15
1 3 6
2 4 6
11 14 6
20 23 6
16 19 15
2 6 9
0 3 2
2 5 4
1 3 2
11 15 3
12 15 9
13 15 3
3 5 16
5 7 9
18 20 10
6 10 3
17 19 11
10 13 3
2 5 5
3 6 14
12 16 8
7 10 14
18 21 6
23 2 13
21 23 14
6 8 5
5 7 9
23 2 14
19 23 5
16 17 5
16 18 9
1 5 5
11 14 16
17 19 2
17 19 13
16 20 13
1 4 14
3 6 14
3 6 3
5 9 10
0 4 6
2 5 4
1 4 2
12 13 4
22 0 5
18 22 9
7 10 9
4 7 11
18 21 16
8 10 6
10 14 7
1 5 5
10 14 10
23 3 6
15 19 11
20 23 6
2 5 13
19 20 4
7 11 16
16 19 12
0 4 6
17 20 3
22 1 8
16 21 14
9 13 15
11 14 12
2 4 13
17 20 6
0 1 12
2 7 10
11 15 6
4 6 12
0 2 2
17 22 6
4 7 15
3 7 5
1 6 4
15 18 12
19 0 4
8 12 16
20 23 12
3 7 2
20 22 13
19 22 2
10 13 2
19 22 8
19 21 7
20 23 12
3 7 5
12 15 11
21 23 7
10 13 2
13 16 8
13 16 5
23 1 12
11 13 14
19 21 3
7 9 15
8 12 12
20 22 9
3 6 6
5 8 4
4 6 10
10 12 7
15 18 3
5 6 11
11 13 5
17 21 2
5 6 3
2 6 11
16 19 8
11 14 10
9 11 4
3 7 9
17 17 2
16 19 16
2 4 5
20 21 14
10 13 14
22 2 13
19 21 5
3 4 16
14 17 11
11 14 10
16 21 8
2 4 1
13 15 15
23 2 16
22 1 14
19 22 4
11 13 8
12 16 11
1 4 12
17 20 16
23 2 6
5 9 5
22 1 5
15 17 8
13 16 11
1 3 13
6 9 2
19 23 11
13 17 7
6 9 6
6 9 14
0 4 16
13 17 4
10 12 14
2 5 10
8 11 4
19 21 8
21 23 3
4 7 13
21 1 7
7 10 5
8 12 13
2 6 13
15 18 14
22 1 7
9 12 11
0 3 12
7 10 12
13 17 14
8 10 12
3 7 6
13 18 4
4 6 2
17 19 9
10 14 8
4 8 16
4 7 4
22 0 2
3 4 10
19 22 14
23 3 6
13 16 5
13 17 15
10 12 13
5 8 16
20 23 4
5 7 12
12 15 10
1 5 10
22 2 14
13 16 6
14 17 6
13 16 1
15 18 10
5 8 6
7 11 11
11 16 1
9 11 9
13 18 4
1 3 13
21 2 3
12 14 15
1 4 1
23 2 15
15 19 15
15 20 16
20 23 7
10 13 8
21 23 8
6 9 2
22 1 4
1 3 1
11 13 3
3 5 7
17 20 10
6 9 3
2 5 12
6 10 7
20 1 16
6 9 12
6 10 1
13 15 10
14 18 7
21 1 12
17 21 9
21 1 15
11 14 11
7 11 12
1 4 1
13 14 5
5 7 4
2 4 7
15 19 1
16 18 15
23 1 7
8 10 7
12 14 14
14 17 2
10 12 1
14 17 15
5 8 9
15 19 1
14 17 2
4 6 14
9 12 13
5 7 6
17 21 5
16 19 9
22 2 3
3 7 14
10 15 11
1 4 9
12 15 14
23 3 5
4 5 14
12 14 4
0 4 11
23 2 8
22 0 16
2 4 5
2 7 9
10 13 7
1 4 3
18 22 8
3 5 13
16 19 16
23 2 6
0 4 13
1 4 8
9 13 2
8 13 2
10 13 15
14 17 9
17 20 8
15 18 12
17 20 15
16 19 3
21 23 9
10 13 10
18 21 9
14 16 15
3 6 2
5 8 15
10 14 8
22 2 5
15 18 15
3 6 8
0 4 1
9 11 15
12 16 13
8 9 13
1 5 4
5 8 6
10 11 5
3 6 9
15 18 14
14 18 6
15 17 6
7 9 6
23 3 3
18 22 3
15 18 10
22 0 15
4 9 5
2 5 14
11 15 15
0 4 12
2 6 14
10 14 2
4 5 4
22 1 1
12 16 5
9 11 13
18 22 2
22 2 8
20 23 10
0 4 14
20 23 3
9 14 4
1 4 12
19 23 11
18 22 14
8 10 1
20 23 13
2 5 11
18 22 7
20 22 11
12 14 5
22 1 13
22 1 8
6 13 13
5 9 16
10 13 10
15 17 8
19 22 4
8 11 12
11 15 16
13 14 15
6 10 4
12 13 1
18 23 3
23 3 10
1 4 4
9 12 6
15 19 4
6 9 5
12 15 14
15 16 4
21 1 1
0 3 16
9 13 8
14 16 7
13 17 16
21 1 13
19 21 8
20 21 12
9 11 8
22 1 6
11 13 12
19 21 6
17 21 14
4 9 7
14 17 14
16 20 12
23 3 13
3 5 12
17 21 13
1 3 15
9 12 12
11 16 11
23 3 12
6 8 2
10 12 4
1 5 13
17 21 13
10 13 8
23 0 9
5 8 11
13 16 1
21 0 14
17 18 1
14 17 9
22 1 16
17 19 4
6 7 4
3 5 10
0 2 2
5 8 11
9 11 6
4 7 12
20 0 9
4 8 13
13 16 9
4 7 9
4 7 2
11 14 1
21 0 8
4 6 6
15 18 7
13 17 9
20 23 14
6 9 6
3 6 10
6 8 15
15 19 12
15 19 5
12 15 5
22 0 11
18 21 15
4 7 16
7 11 14
3 7 12
1 5 6
6 10 5
20 23 14
17 18 16
17 20 8
4 8 3
17 20 9
13 16 3
4 9 6
15 18 16
20 22 12
21 23 6
7 10 3
9 12 15
13 16 13
23 2 1
8 8 3
12 13 8
5 8 16
1 4 6
8 11 15
21 23 3
16 18 5
2 5 4
20 23 4
21 1 5
22 0 12
16 20 8
6 11 4
10 13 1
13 16 15
18 20 6
20 0 8
6 8 1
2 7 13
23 2 5
13 18 12
15 16 13
16 19 3
4 7 15
8 11 15
1 4 3
20 23 6
18 22 6
19 22 13
1 1 4
2 6 8
5 8 12
8 9 5
22 23 1
3 6 11
21 23 10
22 1 7
17 20 14
16 19 14
5 7 15
7 10 7
5 8 9
14 18 10
20 0 2
13 18 16
3 6 12
7 7 4
0 2 4
12 14 5
8 11 5
22 2 10
12 16 5
5 9 14
8 10 11
17 19 7
7 10 13
22 1 16
1 4 7
12 14 10
14 18 16
23 1 1
12 16 7
13 17 12
8 11 9
20 22 14
2 6 3
8 9 8
4 7 1
6 10 12
6 10 5
16 19 2
12 15 2
20 22 12
4 5 15
15 21 16
8 9 1
4 7 2
16 18 8
14 18 9
5 6 6
21 1 7
1 4 5
5 8 3
14 17 9
0 3 7
17 20 2
2 6 16
22 0 14
12 13 2
0 4 11
3 8 12
16 18 9
19 20 6
22 1 11
14 17 6
23 3 5
4 5 7
9 12 6
1 4 4
12 16 6
16 19 3
18 20 3
6 9 15
13 15 6
20 23 6
3 4 13
5 8 14
20 1 14
5 8 14
12 15 1
6 9 8
19 23 14
0 3 7
23 2 14
20 0 11
3 7 4
22 1 6
6 8 10
9 12 2
0 2 9
12 17 1
7 12 2
15 19 5
10 12 2
21 1 10
22 1 8
13 15 7
7 11 10
12 14 8
7 10 10
22 0 2
12 15 9
2 4 7
2 5 1
2 6 9
5 8 10
20 1 9
19 21 9
18 21 6
16 19 7
22 23 1
6 8 10
13 16 16
22 3 2
8 11 7
20 0 6
23 1 12
5 9 6
2 6 16
16 20 7
13 14 7
3 6 8
4 7 3
11 14 5
13 16 4
2 5 6
5 8 15
4 7 4
4 8 6
20 0 5
3 7 3
23 1 6
1 4 15
21 1 10
9 13 6
14 16 8
0 2 12
21 23 8
3 7 4
18 21 5
17 20 12
23 2 3
9 12 11
17 21 4
18 23 4
2 6 9
4 6 11
10 13 7
4 8 7
6 10 15
2 4 7
13 16 10
8 10 11
5 7 14
4 8 6
13 17 14
23 1 10
3 6 16
3 5 6
6 10 11
20 23 2
3 7 11
19 22 11
5 9 2
0 4 15
17 20 7
10 12 4
10 12 1
1 6 1
5 8 13
5 6 8
11 16 16
3 7 4
17 21 10
16 21 11
13 16 13
17 19 5
1 4 2
2 5 11
22 3 6
18 20 11
6 8 2
6 8 10
11 15 12
7 11 4
18 21 8
12 16 16
11 15 3
23 3 15
13 16 16
13 15 15
4 6 12
15 17 13
17 19 5
6 8 10
9 12 9
15 16 15
13 18 12
23 4 7
1 3 15
2 4 11
6 9 13
14 17 16
23 23 8
18 22 13
6 10 14
5 9 7
12 13 12
17 19 11
1 3 12
23 1 9
6 8 4
8 11 7
2 4 6
6 8 7
22 2 15
21 23 9
10 12 13
4 5 11
18 19 11
20 0 9
4 7 14
0 5 8
22 2 13
13 15 7
16 19 16
9 12 2
6 10 9
21 0 1
2 5 13
12 15 2
20 0 8
16 17 11
16 18 6
4 5 16
22 23 3
17 20 12
12 17 13
6 9 9
9 14 2
4 10 16
6 8 7
13 16 12
4 7 12
23 2 9
7 10 11
12 16 13
15 20 12
21 1 2
6 10 2
19 23 15
16 20 2
20 23 7
4 7 1
9 10 2
19 23 12
15 18 14
6 8 5
6 9 5
21 0 11
22 1 12
19 21 7
0 2 11
23 1 8
17 21 14
17 20 16
16 20 8
2 5 5
12 16 13
13 15 10
19 21 8
9 11 16
3 4 9
20 0 5
11 15 7
22 2 12
21 0 8
3 6 3
23 3 13
10 11 13
1 6 15
8 12 10
18 19 3
16 20 6
15 17 16
19 22 16
17 20 8
14 17 8
9 12 1
10 12 5
22 0 4
19 21 10
8 12 12
3 6 2
18 19 9
2 6 1
9 12 16
5 8 16
5 9 12
12 15 10
19 21 2
1 4 5
21 1 3
7 10 5
6 9 8
13 16 10
12 17 9
23 3 11
5 9 8
22 2 12
4 7 13
1 5 1
7 10 11
14 19 14
1 5 3
22 1 2
3 4 15
11 12 8
13 17 8
1 4 13
20 0 2
7 11 5
5 7 6
19 23 13
15 18 11
14 17 6
11 14 2
5 8 7
0 3 13
10 12 15
0 4 16
7 8 13
13 18 12
20 22 2
23 1 11
22 0 7
13 16 13
10 12 15
7 10 4
2 5 8
13 14 6
4 7 2
13 17 5
1 4 9
23 0 3
23 1 6
10 12 2
4 8 6
5 6 8
7 11 16
8 12 16
12 16 2
19 22 10
13 17 10
7 10 16
14 16 9
23 2 15
11 12 10
8 10 4
19 22 16
9 12 5
14 17 3
3 6 16
6 9 10
5 8 7
13 17 14
0 3 9
3 7 1
16 18 14
17 19 1
11 14 16
0 3 2
0 3 3
20 22 9
14 17 4
22 2 16
10 14 10
13 16 1
3 5 7
7 10 13
15 19 13
2 5 10
8 11 12
17 19 11
21 0 16
9 12 12
14 18 15
18 21 10
5 8 5
20 23 8
2 4 1
0 2 1
3 5 2
4 7 3
4 6 1
22 23 11
4 6 5
12 15 12
5 8 14
0 3 3
14 17 4
18 20 14
5 9 10
19 0 5
6 10 12
19 21 2
23 3 9
9 13 15
10 13 3
2 5 12
18 21 14
3 8 16
2 5 4
21 1 14
12 16 12
3 6 3
19 22 12
8 12 8
23 3 2
8 11 8
12 14 7
23 2 14
0 3 13
17 18 6
19 21 11
17 19 8
12 15 12
1 4 2
20 23 10
12 13 5
10 14 1
17 20 2
16 20 11
15 17 7
13 15 13
1 4 10
21 0 3
9 11 14
2 5 7
19 23 7
17 20 2
22 23 10
19 23 16
4 7 15
8 12 16
7 10 5
15 20 16
11 15 6
20 22 8
10 13 16
22 2 4
12 14 2
10 14 9
21 1 7
7 10 10
1 5 2
16 19 12
18 21 11
11 15 5
14 17 9
12 14 10
10 12 12
8 11 2
1 3 8
14 17 9
12 15 9
14 15 3
23 2 2
11 15 10
6 10 6
2 5 10
20 21 14
15 16 4
0 3 16
16 18 1
3 6 11
3 7 14
9 11 11
21 0 4
21 23 14
19 23 16
16 17 6
5 8 8
8 10 11
7 8 3
2 4 13
11 14 2
5 9 8
14 16 10
22 1 4
11 13 13
10 12 9
13 17 4
13 15 16
14 18 2
8 12 6
22 1 7
20 23 12
13 15 6
21 1 5
9 11 15
4 7 1
14 18 11
18 22 1
16 20 2
12 14 10
14 16 7
12 14 3
19 21 13
23 2 13
3 7 14
15 17 6
10 12 1
0 5 13
18 22 12
9 12 12
19 23 1
10 12 2
23 1 7
18 22 8
15 17 4
16 19 16
13 17 2
19 22 1
10 12 12
23 4 2
12 15 3
20 23 2
23 2 10
18 22 2
23 3 2
5 10 6
3 7 1
23 3 13
15 17 8
13 17 11
1 4 10
17 20 5
8 11 4
22 2 8
6 8 16
13 16 13
7 11 3
15 18 7
13 16 8
20 22 6
11 15 8
21 23 14
22 2 13
3 8 5
15 18 4
11 14 14
15 18 12
13 17 3
7 10 11
6 9 9
1 5 13
13 16 3
16 18 9
22 1 6
15 18 11
3 5 15
16 21 5
11 14 13
5 8 11
0 3 6
6 10 10
12 17 6
10 12 16
6 10 2
23 2 4
18 20 10
4 9 14
23 5 3
23 3 15
6 8 7
20 0 1
7 11 7
3 6 8
4 7 1
14 17 3
5 8 6
17 20 7
19 22 15
1 4 7
4 7 3
16 20 9
19 23 15
2 4 2
17 20 14
17 20 8
7 9 4
16 21 13
10 13 11
16 20 9
5 8 14
4 5 2
14 17 6
14 16 4
16 20 12
14 16 10
13 15 2
5 7 11
22 0 7
19 22 8
10 12 12
20 23 13
8 12 3
22 1 4
19 0 10
2 7 13
19 22 11
18 21 12
12 14 1
1 6 13
12 15 15
6 9 15
15 20 16
5 9 10
3 6 10
13 17 16
9 13 2
5 8 13
13 17 6
7 10 15
6 7 1
22 0 9
18 23 9
10 17 8
3 7 7
17 20 5
16 19 2
3 5 8
19 23 2
5 8 11
10 13 1
1 6 14
10 13 13
19 23 5
9 13 1
14 18 6
16 18 10
5 9 3
18 21 2
15 18 2
13 16 7
3 7 9
1 4 7
14 19 16
15 19 4
9 11 8
20 23 6
14 16 11
14 19 12
19 21 11
12 14 2
