1300 14
9 5 1 5 1 2 1 7 6 10 5 7 8 9 
11 15 10
3 7 7
3 9 14
11 14 9
4 7 11
4 6 12
9 11 7
11 13 9
16 19 7
4 6 3
12 14 11
14 16 1
15 17 5
19 23 13
19 22 10
13 17 13
18 22 8
8 11 14
8 13 1
18 21 1
14 17 1
12 16 14
6 8 14
18 22 7
13 14 3
18 21 10
17 20 13
3 6 2
19 22 9
19 23 3
15 19 3
2 6 5
18 20 13
19 1 8
3 4 12
13 17 10
0 4 2
20 22 14
17 20 7
10 15 10
14 18 5
23 1 11
1 3 13
14 18 9
2 4 7
12 15 6
2 3 4
5 8 9
9 13 9
7 10 8
15 17 6
23 1 14
15 19 13
0 3 4
6 8 3
0 3 5
11 15 11
21 0 5
13 18 4
2 4 2
4 10 4
19 23 7
17 19 12
1 2 8
21 1 6
13 17 12
10 16 9
21 0 9
1 5 12
14 16 7
18 20 10
10 13 5
20 0 14
15 16 6
16 20 11
17 20 4
1 5 8
22 23 11
7 10 9
7 9 5
9 12 5
6 8 14
11 14 2
1 5 11
7 11 9
20 22 14
5 7 4
12 15 10
23 2 14
13 16 5
12 14 9
11 13 4
8 13 1
14 18 12
0 3 7
16 18 11
5 8 10
18 21 11
3 6 6
23 2 1
9 11 10
14 15 14
3 6 14
10 14 10
0 4 11
17 21 12
14 16 9
2 6 12
14 17 10
16 18 12
12 16 7
4 9 13
18 21 9
0 4 7
23 1 7
5 8 14
9 11 9
16 19 11
9 13 13
9 13 1
5 6 10
21 0 8
20 0 12
19 22 10
9 10 9
21 1 14
2 4 10
2 4 1
3 6 1
17 19 12
3 6 7
11 14 8
7 10 11
3 5 3
18 20 11
17 21 6
6 7 12
18 21 12
10 13 4
0 3 5
9 12 6
10 14 4
16 20 12
6 10 2
23 2 8
15 19 11
20 0 12
20 0 7
5 7 6
6 10 14
3 6 9
10 13 2
10 14 11
15 18 7
9 13 10
23 3 2
11 15 11
22 1 10
1 4 8
3 5 13
8 10 10
5 7 5
13 15 1
15 16 2
12 15 4
13 15 10
6 9 1
2 4 14
14 18 3
7 12 13
23 4 9
19 23 6
9 12 6
1 5 6
18 22 10
20 22 14
12 14 10
4 7 5
5 8 4
7 9 6
22 23 9
17 19 14
10 13 9
11 13 2
20 23 11
21 2 9
19 0 6
22 3 3
13 16 11
8 11 4
23 3 14
22 0 11
5 8 2
8 11 12
15 18 4
18 22 7
22 3 13
0 3 13
20 23 2
4 7 7
15 19 5
18 21 11
4 7 14
16 18 12
3 7 1
13 18 8
22 2 1
19 22 7
16 19 9
6 8 9
1 1 4
15 18 2
1 2 13
15 18 9
14 16 11
20 0 8
21 1 3
4 6 13
20 22 5
10 14 1
22 1 7
5 7 4
17 20 3
18 21 4
21 22 4
7 10 8
8 12 7
9 12 5
16 19 7
12 15 8
5 8 14
22 0 13
19 22 14
22 1 7
1 3 7
12 16 6
7 9 8
5 7 6
23 3 4
12 15 3
21 0 8
23 2 4
20 23 7
14 18 9
0 4 1
12 13 1
8 12 12
13 18 7
6 8 4
16 18 1
14 17 3
4 6 13
6 7 3
17 20 14
16 20 9
23 1 14
13 16 6
18 22 12
9 12 2
2 6 8
16 21 10
14 16 11
19 22 5
1 5 12
19 23 10
0 3 4
14 17 12
18 20 6
5 10 1
11 16 11
17 20 13
16 20 4
18 21 6
18 20 3
23 2 7
2 6 2
3 6 5
4 5 14
15 18 6
20 1 7
18 21 9
21 0 13
2 7 5
13 17 11
2 4 4
3 6 8
8 10 14
7 9 4
10 12 5
21 22 9
18 21 5
4 6 3
16 21 11
15 17 4
10 14 1
13 16 14
1 3 1
16 17 8
4 8 5
0 2 1
9 13 9
6 9 5
17 20 3
9 11 13
20 23 1
5 9 13
10 13 2
14 15 1
8 11 6
12 17 4
22 2 7
8 11 7
8 9 2
16 20 13
11 14 13
12 15 8
6 9 6
4 8 1
2 5 1
7 10 5
21 23 13
9 14 14
23 2 4
14 18 14
15 18 10
7 10 1
0 5 1
16 20 10
3 5 7
7 10 5
1 5 8
3 7 14
23 1 9
8 10 3
18 22 9
15 18 1
20 23 3
6 9 12
22 2 14
6 9 13
18 23 11
18 21 12
7 9 2
17 20 5
21 1 2
13 17 1
12 15 11
22 1 7
12 16 3
19 22 9
0 4 9
15 20 2
16 20 5
11 14 2
6 9 3
21 0 10
4 7 7
19 21 7
1 5 4
23 2 11
8 11 6
18 22 12
10 13 6
9 10 1
12 15 9
21 0 2
0 3 6
18 21 8
6 8 9
0 3 2
2 5 1
17 18 1
21 23 1
21 23 11
1 3 12
21 23 14
0 3 8
15 18 1
14 17 9
19 20 2
4 8 14
8 11 6
1 4 8
18 21 11
23 1 8
2 5 5
12 14 10
16 19 2
17 20 2
5 7 1
3 6 14
17 19 11
2 5 7
23 1 4
20 0 9
7 12 7
15 18 4
22 2 8
4 7 10
13 17 5
0 4 2
3 6 3
14 16 14
10 12 12
13 16 10
11 13 9
18 21 8
20 23 13
14 15 6
19 23 1
1 4 10
16 19 1
20 0 8
23 2 6
19 21 3
13 14 9
22 1 4
4 7 14
4 9 9
1 5 14
0 2 5
12 15 11
11 13 7
18 21 12
3 6 6
13 17 3
19 21 2
18 21 3
16 19 12
7 10 7
19 21 12
15 18 9
10 14 13
20 22 7
7 10 13
6 8 7
4 7 4
5 9 4
18 20 1
1 3 4
14 17 11
12 15 13
7 9 6
10 13 13
6 9 14
20 22 8
2 6 1
20 0 5
21 0 8
0 2 2
13 15 3
23 2 9
17 21 10
21 0 13
16 19 13
19 22 11
20 22 9
10 12 14
14 17 10
22 23 1
13 16 6
3 5 10
2 5 11
1 4 14
2 4 13
6 8 1
9 11 9
14 17 3
4 6 4
16 19 5
7 11 8
18 21 6
11 13 10
14 16 4
15 19 7
13 18 1
17 19 5
18 21 8
19 21 5
17 18 9
13 16 13
8 11 8
8 10 11
16 20 14
20 0 1
3 6 14
18 20 9
23 1 13
22 1 1
1 6 1
10 14 7
22 0 5
16 20 5
22 1 8
12 15 7
10 12 13
11 13 11
18 20 5
8 10 12
13 18 10
21 23 11
17 19 11
2 4 2
12 15 9
3 6 8
9 12 8
10 14 11
2 2 2
18 21 11
19 21 3
10 13 5
21 0 9
23 4 1
2 6 1
10 14 2
18 20 1
23 3 1
22 3 13
8 13 9
2 5 8
16 19 9
19 22 12
7 9 8
20 22 2
3 5 5
15 18 9
22 0 10
16 17 2
4 6 5
13 15 14
9 12 13
3 5 3
18 21 6
6 9 9
4 7 6
11 15 5
17 21 13
23 2 11
1 4 1
17 19 3
0 3 5
20 23 3
16 19 12
23 0 2
0 5 12
7 11 1
10 13 12
16 18 13
7 9 11
23 0 2
17 21 2
4 7 2
6 8 12
16 18 4
12 16 8
10 13 11
17 21 11
2 6 14
2 5 7
5 9 2
23 2 6
2 5 5
12 14 5
19 21 9
9 12 7
23 2 6
0 4 2
23 2 10
11 14 12
18 22 12
20 23 11
16 20 1
17 20 14
11 15 3
0 2 4
3 6 11
1 6 14
9 13 2
23 2 8
1 4 12
17 20 11
15 16 4
2 5 5
20 21 8
3 6 5
8 12 13
15 16 5
20 21 7
2 4 1
20 23 11
16 20 8
1 4 3
22 1 14
22 0 10
17 22 2
1 5 8
17 21 10
18 20 8
16 18 13
23 1 6
4 5 2
4 8 6
7 9 8
6 8 5
20 22 12
12 14 10
17 20 10
5 8 11
18 21 2
10 14 8
17 18 4
5 7 2
11 13 4
7 11 9
11 16 8
19 23 13
7 11 4
20 0 6
5 7 5
15 18 6
5 8 6
13 15 6
22 2 11
12 15 1
4 6 6
1 3 3
17 21 6
5 7 12
1 2 7
8 12 10
13 14 9
4 8 14
2 5 7
18 21 12
19 23 14
13 17 9
22 1 7
14 18 3
15 17 9
23 4 12
23 3 10
18 22 7
2 5 13
20 22 1
13 16 4
3 6 14
0 3 9
11 15 2
10 13 1
16 19 11
10 13 14
6 10 2
7 9 14
16 21 5
15 18 2
20 23 13
17 21 14
0 3 8
9 12 6
4 8 1
17 21 8
16 19 2
17 20 6
14 16 2
19 23 9
12 15 9
18 22 4
9 11 1
8 12 5
6 9 11
5 7 14
20 22 1
19 22 10
19 22 1
1 4 12
23 3 9
17 20 8
20 23 14
17 19 3
14 16 4
2 4 13
19 22 4
6 7 2
5 10 13
23 2 11
21 23 9
9 11 6
21 22 11
4 7 6
3 6 10
17 21 4
3 6 2
16 20 14
17 19 8
3 6 9
18 22 14
11 14 1
10 12 3
1 5 13
7 10 12
12 15 2
21 2 3
21 22 12
23 1 8
11 12 11
0 4 1
14 16 12
23 3 14
2 6 11
18 22 5
17 20 6
15 19 8
14 19 7
10 14 8
18 19 14
1 4 9
18 22 8
17 21 10
16 19 14
21 1 8
1 5 5
2 5 1
12 15 2
21 23 7
3 5 4
9 12 10
15 19 13
5 8 9
0 3 5
15 18 10
5 7 1
12 17 2
2 5 6
14 14 1
22 1 6
12 15 11
18 20 13
18 21 2
4 8 14
2 5 10
8 12 11
9 12 12
3 6 11
13 17 2
1 4 4
18 20 14
19 0 10
1 3 14
1 2 13
19 22 10
19 23 14
11 14 10
8 12 6
16 18 7
18 21 5
6 10 4
5 6 14
15 16 6
12 15 14
10 13 3
1 5 5
8 12 12
4 8 8
10 12 5
15 18 14
5 10 3
7 11 3
21 0 1
7 10 11
19 21 6
8 10 10
17 20 9
7 10 4
22 0 12
6 10 12
14 17 9
22 1 10
22 1 4
23 1 4
15 20 10
9 14 10
7 9 6
16 19 12
17 19 3
15 18 14
8 9 4
14 17 8
19 21 9
13 15 11
11 12 5
6 10 4
7 8 6
6 8 4
14 16 14
4 8 12
4 7 2
10 13 5
6 9 10
17 20 5
5 7 7
5 7 9
23 4 10
10 11 9
0 5 1
11 14 1
0 5 10
22 1 14
7 9 4
5 7 13
13 17 6
19 21 3
16 18 9
14 16 2
9 12 11
6 10 6
9 10 1
2 5 1
5 8 9
2 4 4
20 23 13
3 7 10
22 1 7
5 6 1
3 7 4
9 12 13
10 13 11
9 13 3
10 12 11
11 14 6
3 8 13
8 11 4
7 10 8
11 13 10
2 4 1
0 4 12
3 6 7
8 12 6
3 7 13
22 0 8
8 11 8
22 1 14
16 18 14
4 6 5
1 3 10
3 5 1
19 23 13
19 22 10
19 23 5
11 14 4
12 15 5
23 1 14
2 6 5
8 10 11
16 19 6
21 1 2
12 16 2
12 17 6
15 20 6
5 6 7
17 21 3
12 15 5
15 20 12
3 6 4
6 11 9
4 9 11
3 6 11
9 12 7
16 19 1
9 13 4
10 12 14
2 5 11
3 5 4
12 14 8
3 7 6
10 14 2
11 15 2
22 23 2
3 8 10
4 8 13
14 17 4
2 5 14
10 12 11
9 12 13
8 12 11
5 9 14
21 23 7
5 8 5
8 11 2
14 18 14
19 21 7
11 12 11
11 13 5
3 6 5
22 1 14
23 2 7
2 4 7
7 10 3
23 3 4
20 23 1
19 23 8
8 12 4
20 23 6
4 8 1
1 4 1
9 11 2
18 21 13
8 11 14
15 18 1
14 17 3
11 15 1
14 16 10
3 3 13
2 5 6
7 9 12
21 0 11
3 4 8
10 13 6
7 11 1
9 10 9
23 1 2
21 0 3
15 18 11
18 22 4
4 7 3
19 21 8
10 13 10
19 0 9
11 15 10
11 14 13
12 14 8
4 7 7
2 5 9
14 16 11
20 22 8
18 22 4
7 11 11
14 15 5
5 7 5
10 13 7
17 20 6
14 17 14
16 20 8
8 10 11
0 4 9
5 8 4
10 13 14
9 12 7
12 17 5
13 16 9
20 22 1
7 9 13
10 12 8
19 22 6
21 0 10
9 12 3
14 17 11
10 13 3
18 19 3
2 5 10
10 13 2
5 8 3
0 2 8
23 1 6
11 14 12
14 15 8
22 1 10
16 21 12
14 19 8
6 11 1
20 23 10
1 4 14
2 5 4
19 21 9
8 11 2
13 16 5
0 4 8
23 4 1
21 23 4
14 17 11
0 3 10
18 21 1
19 23 11
16 17 12
21 0 14
9 11 10
21 2 10
14 16 14
21 0 13
8 12 3
16 18 5
15 19 10
21 23 13
19 21 4
5 9 14
5 8 1
13 16 12
15 18 6
11 14 4
18 23 7
13 16 13
2 5 6
3 6 9
5 8 8
18 21 8
19 21 12
19 21 5
20 0 14
17 20 8
22 0 14
16 19 2
18 20 9
16 20 1
19 21 14
21 0 8
15 18 13
11 14 10
9 13 7
17 21 8
23 2 9
22 1 5
11 13 6
8 11 5
14 18 5
11 15 9
2 6 7
16 20 11
14 17 2
18 20 12
0 3 8
20 23 13
12 14 12
4 8 11
1 3 14
16 20 8
14 17 3
3 4 5
11 14 6
8 12 14
4 8 9
1 4 11
14 15 8
14 17 13
7 10 12
20 21 1
0 2 6
13 16 5
12 15 9
16 18 5
13 17 5
2 3 6
6 8 2
1 4 8
12 13 2
16 22 3
3 5 6
17 18 11
18 22 1
6 8 12
21 23 5
3 8 5
4 6 8
8 11 8
4 6 14
20 23 14
7 12 12
16 19 6
5 7 6
9 11 8
13 16 2
11 13 9
4 9 8
22 3 4
19 19 8
15 18 11
19 21 11
19 22 7
12 15 10
10 13 9
21 0 5
9 12 7
13 16 10
7 11 14
5 8 4
14 18 7
16 18 5
21 0 8
8 12 5
13 17 12
7 8 12
6 8 13
17 21 12
19 21 8
21 0 11
11 14 9
2 4 8
16 18 3
4 7 7
23 2 10
4 7 1
11 15 5
22 1 3
13 14 5
17 20 12
15 17 9
2 7 3
6 8 5
21 0 1
13 19 3
15 18 13
21 0 10
0 2 6
18 20 5
14 18 14
5 9 9
13 15 2
7 10 4
22 2 2
8 12 8
16 19 3
7 9 8
0 4 8
9 12 13
5 8 6
23 2 13
16 18 5
14 17 3
12 15 6
1 5 9
5 8 5
18 21 11
11 13 10
3 6 13
0 3 1
10 13 14
22 2 14
20 1 14
16 17 5
1 5 6
15 17 3
1 5 1
6 9 2
10 15 7
6 7 9
16 18 5
22 0 3
13 16 10
8 10 12
14 17 7
17 21 6
19 22 14
19 22 6
2 4 10
7 11 6
23 2 7
13 17 7
4 6 13
4 6 10
8 11 2
17 19 6
5 9 6
11 15 1
20 0 5
9 14 7
7 9 8
14 17 13
19 21 6
0 2 14
7 9 11
18 22 14
23 1 7
17 21 11
7 10 8
10 12 7
19 21 8
22 0 13
2 4 8
20 23 3
9 11 5
15 18 5
9 12 7
10 12 13
8 12 9
2 6 5
3 5 1
12 16 9
1 4 8
22 0 2
14 17 2
15 17 12
20 0 3
20 0 1
20 21 5
10 12 5
15 20 3
0 1 7
16 20 1
5 8 14
2 5 12
5 8 8
12 14 6
12 14 5
18 21 2
2 5 4
9 12 3
5 8 6
4 5 5
10 14 14
5 9 4
1 3 5
2 5 4
16 18 10
12 16 6
19 22 9
10 14 4
20 0 8
19 1 14
11 15 14
19 21 9
9 12 1
16 20 10
1 4 9
8 10 12
11 15 14
8 11 9
11 14 8
17 18 12
0 2 4
7 10 12
21 0 3
15 20 10
23 2 7
13 18 2
9 11 6
0 4 12
6 11 9
7 10 3
13 15 13
2 4 11
23 2 6
21 0 4
10 13 1
7 12 4
8 12 2
21 23 6
20 0 4
1 6 11
1 5 3
16 18 6
3 6 12
17 20 8
16 19 3
21 1 14
19 22 7
22 1 5
8 11 5
23 3 6
13 17 3
8 12 1
11 13 8
3 5 9
15 16 6
8 10 2
15 18 3
8 11 1
22 2 4
13 15 3
19 23 11
6 8 6
14 17 3
10 15 9
11 15 13
9 12 14
0 4 4
0 3 1
4 6 3
20 23 5
3 7 13
0 2 1
2 7 13
9 13 2
15 17 7
14 18 2
7 10 6
5 7 12
23 3 2
18 21 3
19 22 9
20 23 2
12 16 5
16 21 14
17 20 3
19 22 14
16 17 12
2 6 14
15 18 5
23 1 6
21 1 3
21 0 14
21 0 10
11 14 8
