2850 19
8 5 4 8 3 4 2 8 5 3 5 4 4 8 10 10 5 5 5 
6 8 3
13 17 15
12 15 12
2 7 10
17 21 2
2 4 12
16 19 3
17 22 7
5 7 13
1 3 11
21 0 2
13 17 13
17 20 11
21 0 16
21 22 1
8 10 9
4 7 19
20 21 4
20 0 1
17 21 13
1 5 13
4 9 13
17 18 7
21 0 8
16 20 5
23 3 1
11 13 6
4 7 15
6 8 7
21 23 2
17 20 12
23 1 6
22 0 1
16 19 19
1 3 17
5 9 18
15 18 10
18 19 17
8 12 2
5 8 13
15 15 14
4 6 10
10 12 16
2 6 5
8 9 10
10 11 19
19 20 12
5 10 19
6 9 15
8 10 9
3 8 10
13 17 3
20 22 5
20 22 19
23 1 5
18 22 11
1 3 2
2 5 5
8 11 15
17 21 1
9 10 2
13 15 11
23 3 8
7 12 13
23 4 14
22 0 19
22 2 3
11 13 18
9 11 11
15 19 5
8 13 2
12 14 9
13 16 10
1 5 3
5 9 7
19 22 12
19 21 6
17 20 2
8 9 9
21 1 11
11 15 19
14 17 1
22 3 1
19 22 16
7 9 7
14 17 15
14 17 12
21 23 13
17 19 10
13 14 13
8 11 4
14 15 1
0 2 12
17 19 13
8 12 15
0 2 13
8 11 14
5 8 17
9 12 7
1 3 4
7 11 5
19 22 12
12 15 17
2 5 14
18 21 19
1 4 13
6 10 19
22 0 16
16 19 16
16 19 6
14 16 11
11 13 15
9 13 12
3 4 3
6 9 5
8 9 18
13 16 12
20 0 16
15 17 1
20 1 12
14 16 16
7 10 17
12 14 13
2 5 2
17 20 7
3 5 7
6 8 17
22 0 13
10 14 1
9 12 16
8 12 14
4 5 10
1 2 8
0 3 5
11 13 17
19 23 17
8 11 15
23 2 18
6 8 14
22 3 5
21 1 14
5 8 7
18 21 9
13 16 17
6 8 1
15 18 13
10 14 2
3 7 11
13 16 8
2 5 16
5 9 8
14 17 4
15 19 4
11 14 5
0 2 13
6 10 19
3 5 14
6 10 16
8 11 2
0 4 17
21 23 11
11 13 3
23 1 18
22 2 14
22 1 10
20 23 6
10 12 15
11 14 16
10 13 14
9 13 18
14 16 2
17 20 15
10 12 19
4 7 19
23 2 11
23 3 8
3 5 4
18 22 11
9 12 1
22 0 17
9 12 9
21 0 14
15 18 6
19 22 9
2 5 16
2 5 10
12 13 17
6 8 4
12 14 6
9 11 18
12 15 9
3 6 11
16 17 16
13 15 10
12 14 15
8 11 9
16 19 7
13 16 6
13 16 14
1 4 3
0 3 6
0 1 2
23 2 5
22 3 1
17 21 17
21 0 4
1 4 11
3 5 9
8 13 15
15 19 9
11 15 2
10 11 13
16 20 8
9 13 16
13 17 1
7 10 5
15 17 9
3 7 6
19 22 10
17 21 17
7 10 14
9 12 9
10 14 5
2 5 15
4 8 9
14 17 16
22 0 15
13 15 12
15 17 10
7 10 19
7 10 3
7 11 11
8 11 3
1 2 17
10 13 18
5 10 12
19 23 5
10 15 2
10 14 15
14 16 6
4 6 18
21 0 6
18 20 17
19 23 3
7 11 9
13 17 1
23 1 4
4 6 17
19 21 7
2 5 18
8 10 18
19 23 11
5 9 12
4 7 17
6 6 9
5 7 12
17 19 14
10 12 5
9 14 7
17 18 10
15 17 4
21 23 13
22 2 11
4 7 6
13 16 17
15 18 12
23 2 3
6 9 6
22 1 10
20 22 19
14 17 18
11 14 19
6 7 2
23 2 11
20 23 18
19 21 18
15 18 1
16 18 4
0 4 2
14 17 1
0 4 18
21 22 14
18 22 19
5 9 15
3 7 10
0 1 11
9 13 17
3 5 13
14 17 11
14 18 8
22 1 6
5 8 16
3 6 15
23 3 11
12 16 18
9 12 13
21 0 1
13 17 10
22 1 3
20 22 14
14 17 13
15 18 11
20 22 8
11 13 3
11 14 16
23 4 16
16 19 10
10 14 11
11 16 13
21 0 1
3 6 10
13 16 16
17 20 8
11 15 3
2 5 2
23 3 13
20 23 17
4 7 14
2 7 5
22 1 4
16 18 11
4 5 7
15 18 1
8 11 9
4 8 17
21 0 11
21 0 14
22 2 18
2 4 17
9 13 8
14 17 6
13 16 1
13 16 18
23 1 10
11 16 2
6 8 12
4 6 1
10 13 16
3 5 9
23 1 15
21 23 19
11 14 13
22 2 15
8 11 8
23 1 14
8 12 8
17 20 18
16 20 16
12 16 19
3 6 3
22 23 7
3 5 11
13 15 7
5 9 16
7 10 6
17 20 16
15 17 5
16 19 15
14 17 2
23 2 15
13 17 17
5 10 5
9 12 7
20 23 1
15 18 11
6 9 9
14 15 1
11 13 15
2 5 18
15 16 15
2 5 3
0 4 14
2 6 7
13 16 15
18 20 15
21 23 7
7 13 19
8 11 19
19 22 1
23 3 4
6 9 15
2 4 7
20 22 11
3 8 2
22 0 8
13 17 5
4 7 2
17 18 2
7 8 18
3 6 19
2 6 2
9 12 13
10 13 18
6 10 4
19 23 16
3 5 10
7 9 18
17 20 1
16 20 15
5 8 15
1 3 13
10 13 17
0 2 6
22 23 4
4 8 15
8 11 5
20 1 9
11 15 2
16 19 4
4 7 2
19 22 15
2 6 13
19 22 18
23 1 17
20 22 15
20 23 1
19 22 4
13 18 14
8 12 2
14 18 9
16 18 15
13 16 18
16 21 7
10 12 4
5 7 16
6 8 11
10 13 6
22 23 6
17 20 8
2 5 5
10 11 5
7 11 13
13 18 12
1 4 19
17 21 19
22 1 8
3 5 9
8 10 10
21 0 10
9 12 19
16 20 10
10 13 13
21 23 8
1 5 4
7 10 17
15 17 6
22 1 1
4 6 2
3 7 10
8 11 16
23 3 5
0 3 14
20 21 14
5 8 11
20 21 3
9 11 19
17 19 9
11 14 7
11 15 10
20 22 15
1 3 6
13 16 16
9 11 15
3 6 12
20 22 8
16 18 14
20 0 7
2 4 13
16 18 1
9 12 10
7 10 8
3 5 4
21 0 7
19 21 1
8 10 4
21 22 4
9 11 12
23 1 5
12 14 1
19 21 19
18 21 11
16 18 2
10 16 2
4 6 9
5 9 5
9 12 16
8 10 7
6 12 16
14 18 17
23 1 11
8 8 1
6 8 3
12 15 12
18 21 5
1 2 10
2 3 10
12 16 13
13 16 17
10 13 1
20 22 14
8 12 12
0 3 18
15 18 12
10 14 4
17 21 15
2 6 17
1 1 3
20 23 8
23 3 14
1 5 6
16 21 11
19 21 8
20 22 6
8 11 5
11 17 3
14 16 15
12 16 2
2 7 11
0 3 14
21 23 9
0 3 4
20 21 18
23 2 4
1 3 3
4 8 19
2 6 9
11 15 15
3 5 14
18 22 16
17 21 1
4 5 18
8 11 13
10 14 13
2 4 13
22 1 6
4 7 3
21 0 1
10 13 16
10 14 14
11 15 11
19 20 6
19 0 11
1 4 3
23 1 11
13 16 3
0 3 7
13 15 11
1 4 18
19 22 2
19 1 16
19 22 13
12 13 15
4 9 5
3 5 14
16 19 4
15 19 2
5 9 13
10 13 9
5 8 4
12 15 19
21 23 7
8 10 1
23 3 4
22 23 18
20 22 2
16 18 8
19 23 1
17 20 16
20 23 9
16 20 3
19 23 10
1 5 18
20 23 6
1 4 10
21 0 10
2 6 17
0 2 12
11 14 7
12 15 6
15 17 18
13 15 15
15 16 10
20 0 8
19 23 1
2 6 10
17 19 19
5 9 2
22 0 17
14 16 15
4 8 7
22 0 5
18 22 16
8 10 3
20 22 18
15 18 1
23 2 5
11 15 12
4 7 11
1 4 14
5 7 16
7 11 18
23 2 18
17 20 9
5 10 15
7 9 5
21 23 9
10 14 3
22 1 18
9 13 11
6 10 5
6 10 14
4 7 12
6 7 17
14 18 10
22 2 16
12 15 5
19 22 18
15 17 3
11 14 15
15 16 12
14 20 7
3 6 15
17 21 8
11 14 12
22 2 4
22 1 11
2 6 5
10 15 4
13 17 9
13 16 18
20 23 1
19 21 16
9 11 7
4 6 6
17 20 7
4 7 15
2 5 5
1 3 4
23 2 10
19 22 14
6 9 10
9 13 18
12 15 19
12 14 6
7 10 10
19 21 12
14 17 15
19 22 19
3 5 5
21 1 9
7 10 15
8 12 4
22 1 8
9 13 6
7 9 11
0 3 18
4 7 3
18 20 2
19 23 4
5 9 19
0 2 18
10 13 18
19 0 12
7 10 15
7 10 18
1 6 17
18 20 8
15 18 14
9 13 16
9 12 4
20 21 16
22 1 9
7 9 6
1 5 15
2 7 15
8 11 6
3 6 18
18 20 10
13 15 5
12 15 14
1 3 17
19 0 13
20 22 9
0 4 7
4 8 6
14 17 10
18 21 2
14 17 11
3 7 1
19 22 15
13 17 8
5 7 17
18 21 14
15 16 10
22 1 3
18 22 10
4 6 6
15 17 6
22 2 3
20 0 19
14 16 19
8 12 3
23 3 12
22 1 6
22 1 3
13 15 19
5 9 4
16 19 6
10 13 18
13 17 2
20 23 1
15 19 10
20 23 7
10 14 13
12 15 8
18 20 6
2 6 1
9 12 7
23 2 10
0 2 11
11 16 5
11 13 14
17 20 9
6 10 2
13 15 7
12 15 19
17 20 6
0 1 12
8 10 3
14 19 16
15 18 10
6 8 2
9 13 2
9 13 17
2 5 11
0 3 19
8 10 14
11 15 16
18 21 4
6 10 9
11 15 18
7 10 3
12 15 7
14 18 19
1 4 11
0 4 14
21 23 14
11 15 8
12 16 7
1 3 9
4 7 9
7 10 6
7 12 3
1 5 1
13 16 10
20 0 6
11 13 8
12 14 8
20 23 4
13 16 19
7 10 6
20 23 18
0 2 9
16 20 7
14 18 10
3 6 10
6 8 9
16 18 2
15 19 15
7 7 9
23 1 4
2 6 13
4 7 16
20 22 10
12 15 13
15 19 14
22 0 4
6 8 7
23 3 2
23 2 8
20 0 18
16 19 16
15 19 9
17 20 8
18 20 19
9 12 14
5 8 3
13 15 19
21 1 13
21 1 19
14 16 5
18 21 13
14 17 4
1 3 3
11 14 19
19 23 16
13 13 17
23 2 18
19 0 15
3 5 7
14 17 8
15 18 6
8 12 19
12 14 14
21 1 1
7 10 7
19 21 1
5 8 4
1 3 11
12 16 2
8 10 10
6 8 3
15 20 10
20 23 12
6 9 16
13 16 9
19 0 15
8 10 15
15 19 10
3 5 11
15 18 13
22 1 5
18 21 17
2 5 13
22 2 18
6 11 5
16 20 16
18 23 19
9 12 1
12 17 9
8 10 7
7 10 16
7 9 3
7 10 7
17 19 11
3 7 8
3 6 1
7 10 17
1 4 14
20 22 12
18 21 9
3 5 19
6 8 19
3 4 16
19 22 17
9 12 18
0 3 4
11 15 8
15 17 7
2 2 13
19 0 8
6 9 1
0 3 10
16 19 11
17 20 19
20 23 11
9 11 10
12 15 11
21 2 17
2 7 3
3 8 14
4 6 17
0 3 6
7 10 8
13 16 17
3 5 11
23 2 11
6 9 6
6 10 19
11 13 3
21 22 14
6 11 6
12 17 1
21 1 6
3 6 7
16 20 15
1 4 7
2 4 8
6 10 19
6 9 16
21 23 7
11 15 19
23 1 5
13 15 13
2 5 1
14 16 16
22 1 8
11 14 4
13 17 15
12 14 19
12 14 2
5 7 3
5 9 4
14 16 12
5 10 17
15 19 7
8 11 11
20 23 6
13 15 15
3 8 1
17 21 13
16 18 14
12 17 17
10 13 15
5 7 14
19 20 10
20 23 17
13 16 14
2 5 16
8 12 4
15 18 2
13 16 6
2 4 13
9 12 16
6 10 3
19 23 18
19 22 17
16 20 12
7 10 15
12 16 5
2 6 13
4 7 15
7 11 17
17 19 7
9 12 19
16 19 7
18 20 16
10 13 12
15 19 2
2 4 8
22 0 14
7 10 15
20 23 1
17 19 9
2 5 14
2 3 2
2 6 10
4 6 1
2 3 4
0 4 12
13 14 2
17 21 4
4 6 1
14 17 1
14 17 4
21 23 6
6 11 1
11 14 8
9 12 6
21 22 3
8 12 4
5 9 3
19 20 15
4 10 10
2 6 15
20 23 15
3 7 5
1 5 2
0 3 5
21 21 19
10 11 11
19 23 8
13 17 7
5 7 3
4 7 17
1 4 15
14 15 14
10 14 19
3 6 9
7 12 18
18 20 5
17 21 8
19 22 17
13 15 14
8 11 4
9 11 11
12 16 8
17 21 7
17 20 14
11 14 19
17 21 18
0 3 10
18 21 3
4 6 11
7 10 3
14 17 12
3 4 6
19 23 6
4 5 10
22 1 9
1 5 8
15 18 1
12 16 2
3 8 8
13 17 12
21 0 1
23 3 15
18 22 11
4 5 2
22 1 14
2 5 6
14 18 14
9 11 17
14 18 15
11 15 19
23 3 2
14 18 5
8 11 17
6 8 8
23 2 8
15 18 18
1 4 7
12 15 6
8 12 17
9 12 12
23 2 12
17 20 13
16 19 5
12 16 15
17 21 5
14 18 9
12 15 16
0 3 2
5 7 18
19 22 10
21 23 13
21 23 1
18 20 13
19 23 2
8 12 5
0 3 15
9 13 12
8 12 8
8 12 9
13 16 6
10 14 3
23 2 14
6 9 14
21 23 7
11 14 1
15 18 14
9 12 9
18 20 6
6 9 19
2 5 19
18 20 8
5 8 6
12 17 1
21 2 18
19 22 5
8 10 6
13 17 9
6 8 10
16 19 19
15 17 9
1 5 4
10 14 7
8 11 18
10 11 14
1 4 14
8 10 11
16 18 4
18 20 10
19 22 17
23 3 17
2 6 6
6 8 2
16 17 7
22 1 12
1 4 19
20 22 11
9 13 16
17 20 2
4 7 19
22 2 5
20 1 11
14 18 7
6 10 6
9 13 3
7 9 3
7 10 1
23 2 5
21 23 2
10 14 7
10 14 10
1 4 1
22 0 14
13 16 17
13 17 9
12 16 14
9 13 9
23 1 19
12 17 15
3 5 5
5 9 5
14 18 9
19 22 14
1 2 9
19 22 5
17 20 2
18 20 3
3 7 6
13 14 8
2 5 11
23 4 15
21 22 16
5 9 16
13 16 9
0 1 16
14 18 17
15 18 19
9 14 10
8 12 18
0 3 15
0 4 11
19 22 17
9 13 1
17 20 2
20 23 3
2 4 3
23 3 4
12 15 15
15 18 18
16 19 16
11 13 1
6 8 16
17 20 5
17 20 10
18 22 4
2 4 1
10 14 19
13 17 7
23 2 7
10 14 9
10 14 13
20 23 6
20 22 9
6 10 14
21 1 14
17 20 6
9 13 17
10 12 1
8 12 16
1 4 9
7 11 5
3 7 5
13 14 5
19 21 1
0 2 5
0 4 1
20 22 11
4 7 4
12 17 3
17 19 7
17 19 16
15 18 5
12 15 16
6 11 19
5 9 19
16 20 7
15 18 3
6 8 3
14 15 16
17 18 12
11 14 6
11 13 5
0 2 11
16 21 12
22 2 8
5 5 9
6 8 9
20 1 16
0 5 7
1 5 14
15 18 15
6 9 18
23 2 15
6 10 4
15 18 11
2 6 18
11 12 14
16 18 9
22 3 15
0 3 16
16 20 9
6 10 18
23 3 7
9 11 10
16 19 10
13 17 15
21 23 5
23 3 18
13 14 9
9 13 6
4 6 13
3 6 5
9 11 15
13 16 10
22 0 6
5 9 13
0 3 8
22 1 14
2 5 10
9 12 19
1 5 17
14 17 7
0 2 4
6 9 5
16 18 13
0 4 4
23 1 5
6 10 1
21 2 12
11 13 2
13 16 4
18 22 16
22 4 15
8 10 11
19 22 17
9 10 6
23 4 12
15 17 9
0 4 10
14 17 1
13 16 11
6 9 9
16 20 9
5 8 9
5 8 13
14 19 8
0 2 7
2 4 15
20 0 9
14 16 2
16 19 1
5 10 13
13 17 6
8 10 19
15 18 6
15 18 6
6 9 13
11 14 19
13 15 9
19 21 19
3 6 8
21 0 15
1 5 13
20 22 5
1 5 8
18 23 1
7 9 13
1 5 13
18 21 19
22 2 4
21 1 16
7 11 9
19 23 17
3 7 2
23 4 10
2 4 2
0 3 9
2 3 14
2 4 3
1 6 9
7 10 2
2 5 17
23 3 19
18 23 17
0 3 2
19 22 16
22 0 5
23 1 8
3 5 2
7 9 10
22 1 8
5 8 6
14 17 9
14 17 5
15 18 9
6 8 7
18 21 4
5 8 12
18 21 9
15 18 10
17 20 2
7 9 19
14 18 2
15 18 2
20 23 15
5 9 17
16 20 15
12 15 10
9 13 4
16 19 10
16 19 18
20 0 8
8 11 15
10 12 8
20 23 5
8 10 14
12 13 12
3 6 8
8 9 15
8 12 16
3 6 17
7 12 19
23 2 2
1 5 1
3 6 13
5 9 11
16 20 8
13 15 14
7 11 1
12 15 16
10 12 13
4 7 1
16 20 4
18 20 11
13 15 15
15 18 6
3 6 4
10 12 8
8 9 9
3 7 11
9 12 12
23 3 9
0 3 8
17 19 9
19 21 14
13 16 18
6 11 19
6 10 9
4 8 12
13 14 19
22 1 16
12 12 17
10 13 12
18 22 17
21 0 14
3 6 14
15 16 9
11 14 17
15 18 2
8 11 12
20 1 19
18 20 1
13 18 1
13 17 8
15 18 15
6 7 18
7 11 5
4 7 14
4 7 6
15 16 12
21 23 17
9 13 12
6 8 2
6 9 17
8 10 3
3 6 3
0 3 2
5 9 2
19 23 3
17 21 14
14 16 18
17 21 8
22 1 16
9 12 17
17 22 3
17 21 19
7 10 6
18 20 12
7 12 10
20 23 3
23 3 7
23 1 16
22 1 13
16 19 17
1 4 15
20 22 2
7 9 9
17 20 14
10 11 19
3 6 14
9 12 13
6 10 2
15 20 4
9 13 11
17 19 2
3 4 19
17 22 9
7 11 11
14 16 7
18 21 9
10 13 15
9 13 2
10 13 14
4 9 14
9 12 19
8 10 7
18 18 2
23 2 19
17 21 4
14 17 5
14 19 6
16 16 5
20 0 5
23 3 5
0 4 16
10 12 5
12 15 12
15 18 16
8 11 6
14 17 11
12 16 17
5 9 16
9 12 18
12 15 14
10 14 19
19 23 2
8 10 7
22 3 10
17 21 1
4 9 1
12 14 5
4 6 5
5 9 16
14 19 3
5 8 12
2 4 13
14 17 7
17 20 18
17 20 6
7 11 3
3 5 5
22 0 14
11 14 7
16 19 5
19 23 1
10 13 12
9 12 10
18 22 3
19 21 15
1 6 6
15 17 4
23 2 14
18 20 18
0 3 2
22 0 8
12 15 7
3 4 7
2 6 14
23 3 18
6 9 16
13 16 7
7 9 7
15 17 11
16 17 6
20 22 13
11 13 18
16 16 8
2 4 11
14 16 3
23 2 5
3 6 12
6 9 1
2 6 19
9 11 17
19 21 17
11 13 18
3 4 19
0 2 16
22 0 11
2 5 9
4 6 18
15 17 17
2 6 5
20 22 2
3 5 10
10 13 18
5 7 17
2 4 7
17 21 6
7 11 8
12 16 3
20 23 4
11 15 3
3 7 5
4 7 15
4 6 4
8 11 18
18 23 6
9 12 17
11 15 5
1 5 5
14 18 8
18 21 10
2 5 4
15 18 10
10 13 7
20 0 13
16 18 14
21 2 8
3 8 9
23 3 9
4 8 8
22 23 15
8 12 3
21 1 18
14 17 8
2 4 19
12 15 3
17 19 8
6 8 8
14 18 12
5 9 3
13 17 10
21 23 11
11 14 18
14 16 6
14 16 19
5 8 9
6 10 13
4 6 13
8 11 11
1 4 7
12 14 7
0 2 10
11 14 10
23 0 15
7 10 4
1 4 16
22 0 8
2 5 1
14 16 6
3 7 7
16 20 12
21 1 8
2 6 17
7 8 4
8 12 10
19 23 15
19 22 4
11 14 18
23 2 9
1 4 19
3 4 1
16 18 4
12 16 17
1 3 15
12 14 6
1 3 1
13 16 18
12 15 13
21 0 14
8 10 2
7 12 16
16 19 14
21 2 9
9 15 16
12 17 17
16 18 6
11 14 5
23 3 15
21 0 4
22 1 8
3 8 4
1 2 6
17 19 10
19 22 7
22 0 12
12 16 15
8 11 8
2 4 12
21 0 9
2 4 5
22 1 16
12 15 6
17 20 4
10 13 12
9 11 17
7 9 16
8 13 6
8 10 8
9 11 3
14 18 11
12 14 19
23 2 12
18 21 12
10 11 2
1 4 18
3 7 4
13 16 2
8 9 15
12 16 7
3 9 2
23 1 12
20 0 12
19 23 12
22 2 9
13 15 8
13 18 18
2 7 19
11 14 3
5 7 10
10 14 19
23 3 17
17 19 12
1 4 19
13 15 19
17 19 13
1 3 17
12 17 11
14 16 8
7 9 12
12 14 9
0 2 12
17 21 7
1 5 4
4 6 14
14 17 5
5 6 18
4 6 13
2 4 4
1 3 7
11 15 3
19 23 4
6 10 4
8 11 2
5 7 1
18 20 12
13 15 4
14 16 15
13 17 10
9 14 17
11 14 19
23 23 7
8 10 7
22 2 15
8 13 1
19 0 3
19 22 4
3 6 1
9 11 19
7 10 4
14 17 2
11 13 7
4 7 13
11 14 4
21 1 16
13 16 5
1 3 13
14 17 15
17 20 11
5 8 4
18 21 8
10 14 1
3 4 11
9 12 9
13 16 15
5 9 8
21 1 12
6 9 8
22 1 19
21 23 1
23 2 14
17 18 16
1 6 3
13 15 16
6 8 15
6 8 12
13 16 1
0 3 7
13 16 5
22 0 16
20 0 4
3 6 2
14 17 6
1 4 15
20 23 3
14 18 15
9 12 2
9 14 16
22 1 15
1 4 2
4 6 16
13 16 1
21 2 17
8 10 5
10 13 8
14 18 3
9 11 6
0 3 4
23 0 14
17 20 18
1 5 1
23 2 13
2 5 9
11 14 18
18 22 18
4 6 5
20 0 10
14 18 15
16 20 18
8 9 19
17 21 13
2 5 18
9 12 13
5 9 6
18 21 12
16 20 14
16 20 2
20 23 3
2 6 10
23 2 14
6 10 4
8 10 7
2 6 4
7 10 8
16 18 14
4 4 6
14 15 17
16 19 2
16 19 10
9 12 4
13 18 13
23 2 2
5 8 9
11 14 6
22 0 2
11 14 13
20 22 13
1 3 2
2 5 2
21 1 7
11 14 18
3 6 14
1 4 2
4 7 2
22 0 13
6 8 2
9 12 15
8 11 13
21 0 1
21 21 7
7 11 6
3 7 6
22 0 7
9 10 2
14 18 11
23 3 9
13 17 18
14 19 7
20 23 1
2 6 16
4 7 14
7 9 16
22 1 15
23 2 16
21 1 4
22 0 19
21 23 19
22 1 4
3 7 14
8 10 13
5 9 13
6 9 8
10 13 16
1 3 12
17 20 19
4 7 12
4 5 10
21 3 2
2 4 19
22 4 7
7 10 9
5 8 13
21 1 9
21 1 4
4 8 9
10 12 15
0 1 6
20 0 16
11 14 6
21 23 9
18 21 12
13 17 14
14 17 1
11 14 18
5 8 7
19 21 5
15 18 7
14 18 3
1 4 2
9 10 4
12 14 10
4 8 19
6 7 9
19 19 11
19 23 11
12 15 12
22 1 2
16 21 17
11 14 16
2 3 13
15 19 18
1 2 3
5 7 17
0 4 17
19 22 8
9 13 17
6 9 13
0 1 19
14 16 13
11 13 1
16 18 1
12 14 17
0 3 4
0 2 5
23 3 3
9 12 19
18 21 7
1 3 17
9 13 19
18 21 16
2 5 3
10 13 19
1 6 11
14 18 4
16 18 14
14 18 9
6 11 1
13 15 1
5 7 10
13 16 12
17 19 6
21 1 14
22 2 16
22 1 17
5 9 17
22 3 13
14 17 4
2 6 17
2 5 15
21 0 2
21 1 1
6 10 16
0 3 6
20 23 4
16 17 14
13 16 18
10 13 16
5 8 8
2 4 16
2 5 14
12 15 13
3 5 1
21 22 13
9 12 3
5 6 11
11 14 18
15 18 7
4 6 12
16 20 10
18 23 19
9 12 17
0 5 16
17 18 1
12 16 4
22 2 13
4 8 11
15 17 11
23 0 11
8 10 17
16 20 4
18 21 18
5 7 9
4 7 19
15 17 7
0 2 1
11 15 19
20 23 13
16 19 9
11 13 3
6 9 5
14 18 4
8 11 8
13 15 5
13 16 12
3 5 7
9 11 19
19 22 12
3 6 15
6 10 18
8 12 8
23 2 19
9 14 19
11 15 8
4 8 3
23 3 11
7 10 8
14 18 12
2 4 3
18 21 11
5 7 19
15 18 1
12 14 6
6 9 5
4 6 2
19 21 11
11 14 17
14 18 2
18 0 18
13 15 9
5 7 6
11 13 6
12 17 15
2 6 10
16 21 18
13 17 12
2 4 18
17 19 2
21 0 3
17 20 19
2 3 2
23 1 12
16 20 11
4 7 1
6 9 2
3 7 4
10 14 5
9 11 16
10 13 17
6 7 19
7 11 19
4 7 10
14 19 19
5 8 13
2 3 14
23 2 9
23 2 19
16 20 1
4 7 2
3 6 8
6 10 16
14 17 10
8 11 2
11 16 13
5 9 17
4 7 10
1 4 7
17 20 13
8 10 6
15 18 13
6 7 14
2 3 1
20 22 6
4 7 18
16 19 12
0 3 2
17 20 12
21 0 4
19 22 18
14 17 7
16 20 18
5 9 18
9 12 10
2 6 4
15 19 10
13 16 13
10 13 19
7 11 19
15 20 5
3 7 4
10 13 7
23 0 7
20 23 7
16 20 10
5 8 3
22 1 8
19 20 5
15 18 12
11 14 17
13 15 2
18 21 12
21 0 5
12 14 3
1 4 6
10 13 19
8 9 15
19 22 18
21 23 9
5 6 6
13 16 8
3 6 7
17 21 19
1 3 4
3 7 12
16 18 16
23 3 11
4 8 7
4 7 1
11 15 10
23 1 16
21 0 4
22 2 13
6 10 7
10 13 4
23 2 19
4 8 12
19 22 8
20 23 5
7 11 5
23 3 10
3 6 19
13 16 4
19 22 11
10 14 12
5 9 9
15 18 8
5 7 10
23 2 15
19 22 6
10 13 2
10 16 5
17 20 9
0 3 2
15 19 14
19 0 2
21 1 19
8 13 16
16 19 16
8 10 18
17 21 13
15 19 7
0 3 15
11 13 19
13 19 6
9 12 9
0 5 7
23 1 7
10 12 10
17 21 5
17 21 5
5 8 1
20 22 4
6 8 17
17 20 14
5 8 10
3 6 19
20 23 16
7 10 18
2 6 7
4 8 9
19 21 8
22 0 6
20 23 16
6 9 11
21 1 1
18 19 5
18 21 14
7 11 11
1 2 8
5 8 13
22 0 13
19 22 13
17 21 12
17 20 16
1 3 17
14 17 13
6 10 8
1 4 3
16 20 14
20 0 2
11 14 7
3 6 8
13 17 13
5 8 8
12 14 3
17 20 12
20 23 4
8 10 17
12 13 2
7 10 19
1 5 16
9 12 19
8 10 4
21 0 9
16 19 13
11 13 16
13 19 19
15 19 12
21 1 6
23 0 7
16 17 15
17 19 7
23 3 1
21 1 16
6 9 3
11 12 8
20 1 2
20 22 11
20 23 4
11 13 12
4 7 4
1 3 1
7 9 12
15 19 6
15 17 9
22 1 15
5 9 18
0 3 2
15 19 11
19 21 16
3 6 3
13 15 18
21 0 3
21 1 1
21 0 4
21 0 13
10 12 18
18 22 2
1 3 10
8 12 14
11 14 19
7 10 10
1 5 12
14 17 16
6 8 7
15 17 12
17 19 16
14 16 3
23 2 9
9 12 5
5 8 12
6 8 18
13 15 7
7 9 13
17 19 1
11 16 9
0 4 16
19 21 19
2 5 1
7 9 12
17 20 11
0 3 12
5 8 19
14 18 17
12 16 7
4 7 1
2 3 10
19 22 14
14 18 7
9 12 13
17 22 2
20 23 18
22 1 16
11 15 11
12 15 18
22 0 5
3 6 9
2 2 9
18 22 1
1 6 17
20 23 10
20 1 16
2 3 5
18 20 16
15 18 4
12 16 17
6 9 7
1 3 8
16 19 7
3 6 3
5 9 4
5 8 12
4 5 14
9 11 9
21 23 13
14 19 16
12 16 6
5 7 9
4 7 3
0 3 11
16 21 7
22 3 15
12 16 8
9 11 8
2 6 5
15 18 5
15 19 13
18 22 3
12 15 9
9 13 7
2 4 8
17 20 7
13 17 7
4 6 6
23 1 14
15 18 8
10 13 8
12 14 10
14 16 11
21 0 2
16 20 7
18 23 14
18 20 7
21 2 5
1 4 15
23 2 19
3 6 5
22 0 15
12 15 7
6 9 15
0 4 13
6 10 5
23 1 19
4 7 13
14 17 17
20 23 18
20 23 8
3 6 13
2 4 10
16 19 8
4 7 12
2 3 4
10 12 18
11 14 6
23 1 8
12 17 6
17 19 14
15 17 9
0 2 14
11 14 4
4 7 13
10 12 10
7 11 11
17 20 17
12 13 15
21 1 8
10 12 8
9 11 14
6 9 6
4 7 8
12 17 19
23 2 10
22 2 18
9 12 14
17 19 1
21 22 16
17 20 6
23 1 3
17 20 17
5 10 12
13 17 6
7 11 1
15 18 3
7 12 15
18 20 9
15 19 16
17 20 6
3 8 12
20 23 9
0 3 17
18 20 5
12 15 4
3 7 1
3 6 16
8 12 17
8 11 16
12 16 18
7 11 7
12 14 15
2 4 16
11 14 8
9 12 19
5 7 16
1 4 18
7 11 2
13 15 17
23 2 4
23 1 14
10 14 2
5 8 9
10 11 17
18 22 11
9 12 2
22 1 18
4 9 12
15 18 10
22 2 14
20 0 7
2 6 16
2 5 16
14 19 7
23 0 6
0 4 5
2 6 12
8 12 12
2 3 16
20 23 1
12 17 3
10 14 8
19 21 13
16 18 5
13 16 18
11 13 19
2 5 16
14 17 13
11 15 12
16 19 2
11 12 11
11 14 5
0 2 10
0 2 14
16 18 13
4 8 2
21 0 5
6 10 3
21 0 17
17 20 5
13 16 2
15 19 15
1 4 10
2 4 7
5 8 11
0 3 13
16 20 11
21 1 8
10 15 12
4 6 2
22 2 7
19 23 1
1 2 9
9 14 13
10 13 5
21 1 18
22 2 6
5 9 15
21 0 16
13 16 12
5 7 17
21 0 5
20 23 9
16 19 13
0 1 9
22 23 17
7 12 10
12 16 5
22 2 6
4 7 4
21 0 14
12 15 8
0 3 13
1 6 15
8 10 4
17 21 10
5 10 6
22 0 1
10 12 10
3 5 8
20 22 16
1 3 4
11 14 6
0 5 12
23 2 7
0 3 11
8 12 17
5 8 13
17 20 19
4 7 8
15 17 10
11 14 8
18 20 18
3 5 8
22 1 10
16 20 11
8 12 12
6 9 6
15 18 14
5 7 7
10 12 2
8 9 12
14 17 2
14 17 12
21 1 2
3 6 12
19 21 14
10 14 14
13 18 8
11 13 9
16 18 14
19 20 10
0 4 5
13 16 2
16 21 11
23 2 2
10 12 3
3 7 3
14 18 9
3 8 13
7 9 7
8 11 1
14 19 18
4 6 13
21 1 11
13 16 10
22 1 4
21 0 6
8 12 18
16 19 12
12 16 16
15 18 11
6 11 13
20 23 12
19 21 14
9 12 8
17 22 2
22 1 1
15 20 3
18 21 19
17 21 12
10 13 18
21 23 8
1 2 16
13 15 15
1 5 4
21 0 12
15 19 8
7 10 14
15 18 18
22 23 5
7 8 5
0 3 18
16 22 4
4 7 18
19 23 14
1 4 8
20 23 3
15 20 2
14 16 17
5 8 13
0 2 6
12 15 8
23 3 4
22 1 16
14 17 14
2 6 2
18 21 15
20 21 9
0 4 17
23 2 4
12 15 2
18 20 1
10 11 8
7 10 13
8 11 4
10 13 14
1 5 3
16 20 18
3 6 9
10 12 16
16 18 17
3 4 18
21 0 18
5 6 5
3 4 16
22 1 19
6 9 7
21 0 3
4 9 4
15 20 16
19 22 13
5 9 18
16 17 17
5 11 7
21 2 12
23 2 6
8 12 17
4 6 11
12 14 12
3 6 1
16 19 8
20 23 19
8 10 2
18 20 12
9 12 1
0 3 6
16 18 18
12 16 14
10 16 4
6 7 3
1 3 19
16 20 1
1 2 8
3 8 15
17 19 10
19 0 7
23 3 8
8 11 19
2 6 15
2 5 2
0 2 6
7 11 14
7 10 2
8 10 13
20 0 1
7 12 13
9 13 10
7 10 9
14 19 16
18 20 6
12 14 9
17 21 17
1 5 4
13 15 14
1 3 15
15 19 4
7 10 13
11 13 16
21 0 10
10 14 11
22 0 19
7 10 1
9 11 6
17 20 4
14 17 14
21 23 1
21 23 1
7 10 8
23 4 6
17 21 6
4 8 17
6 9 10
22 0 15
18 20 10
14 17 11
5 9 13
3 8 12
19 23 2
7 9 6
22 23 5
12 14 18
9 13 8
21 23 19
2 6 15
10 12 7
5 9 11
7 11 13
5 9 11
21 1 11
2 5 15
8 10 4
3 5 5
0 3 13
4 6 13
9 13 2
16 19 10
21 0 19
3 6 7
5 7 1
5 8 16
13 17 10
7 11 5
22 1 1
16 19 8
0 1 6
9 12 19
20 0 2
10 13 4
22 2 7
11 13 18
22 0 2
20 1 7
6 8 8
2 4 2
6 7 1
17 20 6
5 7 9
0 3 18
16 19 6
7 8 2
16 20 3
14 17 19
5 8 2
1 4 2
15 18 1
8 10 3
13 15 6
7 9 13
6 9 1
19 23 1
5 8 11
7 11 16
7 12 11
10 15 14
19 23 8
6 8 9
21 0 11
0 3 9
7 12 4
3 7 16
21 0 11
12 15 6
19 23 11
6 9 1
3 4 15
18 21 9
0 2 13
20 23 9
4 6 14
3 7 18
9 11 4
11 14 16
10 14 16
22 0 14
1 3 3
14 17 12
15 19 19
20 23 7
5 9 13
13 16 12
6 8 2
23 3 12
1 3 17
12 16 3
9 11 16
16 18 11
5 9 19
9 10 2
21 0 7
4 8 19
2 5 12
3 8 2
5 7 9
3 6 15
3 6 18
7 11 13
19 0 11
6 9 11
20 22 14
9 11 3
23 2 1
14 16 1
2 4 3
21 1 2
3 8 8
3 6 16
12 15 11
17 20 17
22 3 15
3 7 2
0 3 1
20 23 10
20 0 5
2 6 9
0 1 8
14 16 18
15 17 14
9 11 15
10 14 2
10 12 8
7 11 17
13 15 2
5 8 6
2 6 18
18 21 12
7 9 2
7 10 3
3 5 5
7 10 13
9 12 17
22 0 16
16 20 4
20 23 3
10 13 17
9 12 8
15 19 6
9 13 2
15 20 18
9 11 1
21 23 13
1 5 15
6 9 11
0 3 2
15 18 2
9 13 6
7 13 18
16 18 5
20 22 8
10 12 10
17 18 15
2 7 15
2 6 12
4 8 10
5 7 18
19 20 16
8 12 3
13 16 14
0 5 18
5 7 3
18 21 11
0 3 5
0 3 1
19 21 17
22 2 9
23 2 14
17 20 15
14 17 8
17 20 8
14 16 6
9 11 18
7 10 3
19 22 4
23 3 17
3 7 6
0 4 6
13 16 17
9 11 11
10 13 2
12 14 19
7 8 18
20 23 11
20 23 15
5 8 13
23 0 10
16 20 15
15 19 13
23 2 15
2 4 11
9 13 14
13 17 18
5 8 14
22 1 18
19 23 2
23 2 1
18 20 13
9 12 13
19 23 17
9 13 12
0 3 13
13 17 10
13 15 2
1 3 3
20 22 17
19 20 16
0 3 3
16 17 9
18 23 2
0 4 6
14 16 1
17 21 6
2 5 16
22 2 19
15 15 4
12 14 7
0 2 1
4 7 1
20 23 6
20 22 13
23 2 8
7 9 19
23 2 9
5 10 6
9 13 1
1 5 11
14 17 6
8 12 19
0 3 6
19 23 11
15 19 18
3 6 17
8 12 10
13 18 12
9 13 16
0 3 1
19 21 6
14 17 8
4 8 3
20 22 5
11 13 4
3 6 12
6 8 17
9 10 13
0 2 8
6 9 7
23 2 5
8 11 14
21 1 17
4 7 13
13 16 1
1 4 13
2 5 12
18 19 9
14 16 13
2 4 4
16 18 6
9 12 9
19 21 19
2 5 12
1 4 14
20 1 3
17 19 13
17 20 4
4 7 4
8 11 14
1 5 3
7 11 7
10 12 8
17 21 14
17 20 9
5 7 14
15 17 9
14 16 19
17 18 8
1 4 9
20 0 1
23 1 18
16 19 2
18 21 16
1 4 2
20 23 16
0 4 8
20 0 3
22 2 13
5 8 4
8 12 6
10 15 6
18 22 18
22 2 4
20 23 8
13 17 9
23 1 18
4 6 4
22 1 19
22 1 10
8 12 17
23 1 4
10 13 5
13 15 13
2 4 16
15 18 1
8 11 16
4 8 8
12 13 13
7 9 11
14 15 10
13 16 19
19 1 9
16 19 18
