1000 4
5 1 8 5 
17 20 2
23 3 3
5 8 4
10 14 1
12 15 4
17 20 2
1 4 2
1 5 4
19 21 4
5 8 4
7 11 2
18 20 2
4 7 1
12 16 4
15 17 3
17 21 1
21 22 2
10 13 2
7 9 2
23 1 2
23 2 4
20 0 4
19 21 3
3 7 4
6 7 2
7 10 2
11 13 3
16 19 3
4 9 2
18 22 4
11 15 4
1 5 1
21 23 3
0 2 3
6 9 4
5 8 2
5 8 3
0 3 4
8 11 2
3 7 4
12 16 1
22 0 2
4 7 3
5 9 2
6 8 3
9 13 2
4 6 4
6 8 1
11 14 1
14 18 2
4 8 4
11 14 3
16 21 2
8 11 3
19 21 1
20 0 2
1 4 1
20 22 2
11 16 4
21 1 4
11 15 1
11 15 1
2 7 3
4 6 3
23 2 4
16 19 2
11 15 1
10 13 1
19 22 3
2 4 1
17 20 4
13 16 3
5 8 1
14 18 3
6 7 1
20 1 3
20 0 4
14 17 4
17 21 2
8 11 2
14 17 4
4 6 2
6 9 3
13 17 1
6 9 1
23 2 4
11 13 4
19 22 1
9 10 1
6 11 2
3 4 1
10 10 2
16 19 4
6 10 2
20 23 1
20 0 3
8 9 2
6 10 3
17 19 2
0 3 4
10 13 3
5 9 1
18 20 2
7 11 3
12 15 2
22 0 4
15 19 3
19 22 1
17 18 3
8 11 3
19 21 4
17 20 3
2 5 1
8 11 4
12 16 4
1 3 3
1 5 1
5 8 3
13 16 2
2 4 2
20 23 4
18 22 1
7 10 1
0 2 3
11 13 4
20 23 4
18 20 4
15 19 1
22 2 2
21 3 1
1 4 1
8 11 4
18 22 1
21 0 1
8 11 2
14 17 4
16 18 3
15 17 3
1 5 2
21 0 1
14 18 1
7 8 3
1 5 3
15 19 3
3 7 3
6 11 2
20 0 4
15 19 2
4 5 4
9 10 4
5 7 2
21 23 3
0 2 1
15 19 1
14 16 4
10 11 1
20 23 1
9 12 3
1 4 4
8 13 3
1 3 1
12 15 2
0 4 2
1 4 4
21 23 2
11 14 4
14 16 2
20 0 3
2 6 3
8 11 3
13 16 1
8 10 3
4 7 2
7 11 3
1 4 2
2 5 2
22 2 3
18 21 4
13 16 2
8 11 1
12 15 4
6 9 3
22 0 1
20 23 2
22 1 3
12 16 2
16 18 4
20 22 3
11 16 1
0 1 1
10 12 4
15 18 2
4 7 4
20 0 3
1 2 4
10 13 1
10 13 3
22 2 3
19 21 2
19 22 2
18 20 2
10 12 2
22 0 1
17 19 3
16 18 2
5 7 2
8 11 1
7 10 3
14 17 1
4 7 1
11 15 1
11 14 4
2 5 4
20 20 3
22 1 3
16 19 4
1 4 3
7 12 1
15 18 2
9 10 2
23 2 4
5 10 1
13 16 1
2 5 1
16 18 4
22 2 3
9 12 4
18 20 2
9 13 4
22 0 3
13 17 4
7 10 2
18 20 1
8 10 2
7 8 4
6 8 2
22 1 4
9 13 1
22 1 1
20 22 1
17 21 1
5 7 3
8 11 4
23 2 3
9 14 4
15 18 3
4 9 2
22 1 4
7 11 3
8 11 3
21 0 3
18 22 2
18 22 4
11 14 1
4 7 1
17 22 2
11 13 3
8 11 2
5 8 2
4 7 4
14 17 1
5 9 1
15 18 3
20 21 2
6 9 3
18 21 2
16 18 4
19 21 1
11 15 3
18 21 1
18 23 2
15 18 1
14 17 1
13 15 3
23 3 1
4 7 2
5 9 4
20 21 2
1 5 4
14 16 3
4 5 2
16 19 1
12 14 2
18 21 2
6 7 3
14 18 3
14 19 3
12 14 1
21 0 4
11 15 4
22 23 3
16 19 3
19 0 3
10 12 2
0 3 1
6 10 2
8 11 2
21 23 2
13 15 2
1 6 3
0 5 3
22 0 3
7 9 3
11 14 4
3 6 3
7 11 4
15 14 4
11 13 2
20 0 4
0 4 3
22 1 1
10 12 3
9 11 2
17 19 2
21 0 1
14 15 3
14 18 2
12 14 1
21 22 2
18 22 2
16 19 1
15 19 3
14 16 1
15 19 2
17 20 3
10 14 1
18 21 3
4 8 4
22 0 4
12 15 2
15 16 3
10 12 3
5 8 2
1 3 2
20 0 3
23 2 1
13 15 4
8 12 1
22 1 4
16 19 2
9 11 3
17 20 3
21 0 1
18 21 4
21 21 3
18 21 4
20 22 1
20 23 1
9 14 3
2 4 2
22 1 3
10 13 2
19 23 2
11 15 1
11 13 4
23 3 3
7 11 4
17 20 4
21 22 4
0 1 4
11 16 1
11 14 1
11 13 1
8 11 3
7 11 4
20 22 1
20 23 2
18 22 2
16 19 1
20 23 2
9 12 2
13 17 2
10 13 1
16 19 4
7 9 4
18 21 3
6 8 1
6 9 4
11 15 2
22 0 1
12 16 1
11 16 1
4 5 2
16 19 4
23 2 3
14 18 1
16 17 3
18 22 1
21 0 3
8 10 4
8 11 3
2 6 3
1 4 3
13 16 1
13 15 1
23 2 2
17 19 2
10 12 3
7 12 1
19 23 4
7 9 4
12 17 4
8 9 2
4 7 3
23 2 3
15 19 4
15 19 3
3 5 1
16 18 2
13 16 1
10 13 1
0 3 3
2 4 3
1 4 3
20 23 4
6 7 2
19 22 2
16 20 1
22 1 4
3 6 4
16 20 4
0 3 4
10 13 1
23 1 1
13 16 1
21 1 3
3 6 3
6 9 4
17 20 3
15 19 3
19 0 4
15 19 4
5 8 4
20 1 2
20 0 1
19 23 4
1 4 4
2 7 2
12 14 3
11 14 3
11 13 4
2 4 2
15 19 3
6 8 1
11 17 4
1 5 2
12 14 3
5 9 4
14 17 1
8 11 1
10 13 2
16 19 3
8 11 2
10 14 3
2 5 3
5 10 3
5 10 2
20 23 1
10 12 1
16 19 2
13 16 4
21 1 1
11 14 1
7 9 1
23 3 1
18 20 1
3 4 1
10 12 4
22 1 4
20 22 4
22 0 3
19 23 3
21 0 4
10 12 2
21 0 2
14 16 4
11 14 2
4 6 3
18 22 1
2 4 1
19 19 1
17 22 1
9 12 4
17 20 2
16 21 1
6 9 3
15 17 1
3 7 2
23 3 2
15 19 3
6 8 2
16 22 3
2 6 1
12 14 4
6 10 4
20 0 2
23 2 4
20 23 4
20 0 4
3 7 4
19 23 2
9 13 1
14 17 2
17 21 4
12 14 2
9 12 2
6 9 4
3 7 4
18 21 3
17 19 1
4 7 4
10 13 1
9 11 4
10 14 1
9 13 2
4 7 4
8 12 2
21 0 1
16 19 1
18 20 1
5 9 3
4 6 3
10 14 4
16 18 1
7 11 3
15 18 4
20 23 2
3 6 1
8 12 3
15 17 4
8 12 3
0 2 1
17 20 2
5 8 2
2 4 4
6 10 1
15 17 3
10 12 1
6 10 4
14 17 4
9 13 4
0 2 1
18 22 2
17 18 1
21 23 4
11 14 1
22 0 3
4 7 4
19 21 3
4 8 2
2 5 2
14 17 1
3 7 4
2 6 3
13 18 3
23 2 4
22 0 1
14 16 1
19 22 1
14 18 4
1 2 2
14 16 2
6 8 2
14 18 2
21 23 4
18 20 4
15 19 1
22 1 4
9 13 2
11 15 3
15 18 4
10 13 1
9 13 3
21 23 4
20 23 2
22 2 4
0 3 4
2 5 2
8 11 1
9 12 4
17 20 3
7 10 4
3 7 4
18 20 2
2 5 2
19 22 2
8 10 4
23 2 1
13 18 1
1 4 2
12 16 4
12 14 2
17 21 3
16 18 3
1 4 3
14 17 4
1 2 1
2 7 3
16 18 1
17 20 1
20 0 1
22 0 3
23 2 1
2 6 3
2 6 2
11 14 3
5 8 3
5 8 1
3 6 1
22 2 2
23 2 4
21 0 1
15 18 4
18 20 4
3 6 3
13 16 1
12 14 2
12 13 3
5 8 2
12 15 4
14 17 3
19 22 2
0 2 2
5 6 1
18 22 2
23 1 4
18 21 2
23 1 1
21 1 3
14 16 4
19 22 4
2 4 1
18 20 4
0 5 3
15 17 2
16 18 1
1 5 4
1 3 2
7 10 2
13 16 1
23 1 4
13 15 2
6 10 2
7 9 4
20 21 2
15 17 2
18 21 4
6 10 4
23 2 4
16 18 3
10 13 4
3 6 3
16 19 1
15 19 2
13 17 4
8 12 4
23 1 4
8 10 2
16 20 3
6 9 2
18 19 3
12 16 2
8 11 4
19 23 1
21 1 2
1 6 4
23 2 1
10 14 1
15 18 4
4 6 2
16 17 3
0 4 3
12 14 1
23 4 4
15 18 2
12 14 1
21 0 1
2 5 2
10 12 1
6 9 3
1 3 2
1 6 1
5 9 4
6 7 1
6 8 1
14 17 1
14 16 2
13 15 4
23 2 2
18 22 4
23 2 2
5 9 3
16 19 4
1 5 2
16 20 3
7 10 1
2 5 1
9 10 3
21 0 3
20 23 1
12 13 4
4 7 1
1 5 1
17 22 1
3 7 4
13 16 4
3 7 3
22 23 4
11 15 4
7 11 2
3 5 2
11 13 3
4 8 3
0 2 1
5 8 4
23 4 3
8 10 2
18 21 3
18 20 1
21 1 2
9 13 4
23 1 1
17 19 3
17 20 1
10 13 3
2 5 1
4 6 3
0 3 1
9 13 1
20 0 2
17 21 3
4 8 3
22 1 1
14 17 3
8 12 2
9 12 1
3 7 2
22 0 1
13 16 3
20 22 4
4 7 1
8 10 2
22 1 3
13 17 3
14 17 3
10 12 4
20 0 4
8 11 2
23 0 4
8 13 2
12 16 4
22 2 2
8 11 2
5 8 3
22 1 3
23 1 4
1 4 1
5 8 3
22 1 4
7 10 2
21 0 3
4 7 2
15 18 4
3 5 3
15 19 2
15 18 4
22 0 3
4 7 3
9 14 3
5 9 3
15 18 1
10 13 2
8 12 2
7 10 2
5 7 4
10 13 3
20 23 3
8 12 3
7 10 2
17 19 3
14 18 2
20 23 1
4 5 2
5 6 4
8 13 4
7 11 2
21 0 2
17 20 1
21 0 2
11 14 1
22 1 1
22 0 3
13 17 3
13 14 3
22 1 4
11 14 4
8 10 1
16 20 2
6 9 1
9 13 1
21 0 4
2 3 3
17 19 1
9 11 1
22 1 1
17 21 2
5 8 1
3 6 1
11 14 3
8 12 3
20 0 1
15 18 1
13 16 2
12 15 1
8 10 3
5 9 2
0 3 4
9 12 1
13 15 2
16 20 4
22 2 3
22 23 2
15 18 1
10 13 1
16 18 3
2 7 2
13 16 1
13 18 3
0 3 1
23 3 2
20 21 3
16 20 1
12 15 1
19 21 4
10 13 3
2 8 1
22 0 1
4 8 2
21 0 1
18 20 4
8 10 1
16 18 3
4 8 1
6 9 3
15 17 4
5 8 1
22 0 2
0 3 2
8 14 3
22 2 3
22 1 2
0 3 1
1 4 2
18 20 2
14 17 2
0 1 4
0 5 3
16 18 1
3 5 3
7 11 4
1 4 1
4 9 3
1 3 1
21 1 2
12 15 3
12 15 3
14 17 1
21 2 3
16 19 1
14 17 2
7 11 1
13 16 1
9 11 2
3 5 1
3 6 4
2 5 1
13 17 2
13 16 4
20 22 1
17 21 2
20 23 1
6 9 3
0 3 3
23 2 4
12 15 3
10 15 4
16 19 2
15 17 1
10 14 2
12 16 2
19 22 4
4 8 1
4 8 3
21 0 2
12 17 2
14 18 4
16 18 1
20 23 2
20 21 1
4 8 2
23 4 4
20 1 3
7 9 1
4 6 3
14 18 3
0 3 4
17 19 4
13 15 3
22 23 1
0 2 3
0 3 3
0 3 1
1 5 4
0 4 4
0 2 3
11 16 3
3 5 3
14 16 2
2 5 3
11 14 3
7 10 1
9 11 2
23 1 1
13 16 4
19 22 4
22 1 2
23 1 1
0 2 3
21 2 4
1 2 4
19 21 4
13 17 2
15 17 2
2 5 4
18 21 4
22 1 3
9 11 1
2 5 1
8 12 4
7 9 4
5 10 4
17 20 2
13 17 1
8 11 2
12 15 1
13 17 1
14 18 4
14 17 2
21 0 1
1 4 1
0 2 2
6 8 1
22 1 4
20 0 3
1 5 1
2 4 2
13 17 1
16 17 2
0 2 3
1 3 2
2 5 4
21 0 3
15 17 1
10 13 1
1 6 2
9 11 2
12 15 4
12 15 3
22 2 4
6 7 3
1 4 3
14 16 3
10 15 1
10 14 3
23 3 1
20 21 1
15 18 3
9 12 2
15 16 3
14 18 4
20 23 4
16 17 2
15 18 3
6 10 4
17 20 1
21 1 1
2 5 1
3 6 2
23 3 4
22 0 4
13 16 1
15 17 3
13 15 3
9 12 4
13 16 3
16 18 2
6 10 1
19 22 4
9 13 1
1 3 4
