650 15
10 10 7 7 7 8 9 5 8 6 6 10 8 3 5 
12 15 2
4 7 2
1 5 10
21 0 8
3 7 7
7 11 6
4 9 5
9 12 10
6 7 15
23 2 2
13 16 12
0 2 7
7 11 15
17 20 1
5 7 14
18 22 5
19 23 11
5 7 13
1 4 14
19 20 7
20 21 12
5 8 2
1 4 1
3 6 1
20 0 9
23 3 4
21 0 2
18 22 8
12 16 1
5 8 2
22 2 12
19 21 13
18 21 12
5 8 6
11 15 10
21 22 3
9 11 5
2 4 8
11 14 2
10 13 9
18 20 2
23 3 11
6 10 4
9 12 11
10 13 13
4 7 14
18 21 1
21 1 5
8 12 5
15 17 13
8 12 13
21 0 4
12 16 8
12 15 7
11 13 9
13 18 9
22 3 3
20 0 7
6 11 7
2 4 7
15 17 11
8 12 12
18 20 5
19 22 13
12 15 11
8 10 11
10 14 12
15 17 7
0 2 1
20 23 15
9 11 6
10 13 4
10 13 3
8 9 5
6 11 8
9 13 14
10 13 2
2 4 10
14 17 13
19 22 15
0 3 15
15 18 15
1 3 9
18 21 5
8 10 3
19 22 11
2 6 8
22 2 12
18 22 6
14 17 3
23 3 15
18 21 1
16 19 9
0 4 8
13 17 11
6 9 11
12 14 9
7 10 6
3 7 3
14 17 3
15 17 15
15 16 6
11 12 8
20 0 14
8 10 1
5 9 11
21 0 4
4 7 13
17 21 12
12 16 11
6 8 14
23 2 5
11 14 9
10 13 2
4 7 10
10 12 8
21 23 9
19 0 15
19 23 10
5 9 7
6 8 8
15 20 12
0 2 1
5 7 5
19 20 2
2 6 10
19 23 3
17 20 4
5 8 7
9 12 14
18 20 5
8 12 8
16 18 2
11 13 14
16 21 1
4 5 15
12 14 2
19 21 11
3 6 13
1 6 9
15 18 6
10 15 14
20 0 13
4 6 15
7 8 5
14 17 11
10 13 7
20 0 15
4 9 15
4 7 1
3 6 11
0 2 6
9 11 9
0 3 10
6 8 6
17 20 10
14 18 1
21 23 9
4 8 6
20 23 8
22 0 15
3 5 12
4 5 8
16 18 2
2 6 11
14 17 9
11 16 4
9 11 12
5 8 13
5 8 11
23 1 13
17 20 2
1 4 9
8 11 11
4 7 2
7 12 1
0 5 15
17 19 1
20 23 3
13 16 15
2 4 9
18 20 1
3 5 15
13 17 8
5 9 9
20 1 11
15 18 7
5 8 5
11 14 8
13 16 8
12 14 11
5 9 5
10 14 8
13 15 8
5 8 5
16 20 7
2 4 2
13 17 15
13 16 4
21 1 9
13 17 13
4 5 8
4 6 11
23 1 11
16 19 8
8 10 13
0 2 10
14 17 1
8 10 15
22 0 10
12 15 13
8 11 15
15 19 4
23 2 4
23 2 3
23 1 6
7 10 8
10 12 12
18 20 10
14 18 6
20 23 1
16 20 3
12 18 1
6 8 13
16 19 2
10 15 11
23 3 15
11 14 3
20 22 10
10 13 10
14 18 8
23 3 9
23 3 15
17 19 5
3 5 14
19 22 6
9 12 11
15 18 8
15 19 1
22 2 1
12 16 14
8 11 1
8 12 10
16 17 3
22 1 2
20 23 10
14 15 15
15 19 11
8 10 10
9 12 2
14 18 10
7 10 11
19 21 8
1 4 13
15 17 12
3 5 4
16 19 5
13 16 1
12 15 8
17 21 11
10 12 2
1 4 12
20 23 11
18 21 6
13 15 11
6 11 11
16 20 15
14 16 2
7 11 2
8 12 9
8 11 11
6 11 6
0 5 4
1 3 14
22 1 2
14 16 10
3 5 15
5 8 15
11 14 2
15 18 11
22 1 3
21 0 6
22 1 10
3 6 15
8 10 6
17 21 3
2 2 3
0 3 7
7 12 9
17 19 6
16 19 15
5 8 7
22 23 8
0 3 9
8 10 2
0 3 8
2 4 1
4 7 15
10 13 13
16 20 14
19 20 5
23 2 12
10 12 9
7 9 5
3 5 9
7 10 14
20 23 15
8 13 1
11 15 3
7 9 4
3 6 7
4 5 12
23 2 15
2 5 1
1 2 5
8 12 5
20 0 2
18 20 15
12 15 2
0 3 10
15 17 3
20 23 2
23 1 14
10 14 3
1 5 10
0 5 9
10 11 7
13 17 4
9 12 10
0 3 1
6 8 12
23 3 5
21 1 2
23 0 3
16 18 9
0 4 15
1 3 1
21 23 1
15 20 7
4 7 13
9 13 6
3 6 3
20 23 10
23 2 1
12 18 5
13 16 10
10 12 11
5 7 13
21 23 8
8 11 2
22 23 13
23 2 15
13 16 8
23 2 6
13 15 2
22 2 10
20 22 11
9 12 15
18 23 10
3 8 6
22 0 11
0 3 4
8 11 8
16 19 10
12 16 2
4 6 7
2 6 2
2 4 12
13 17 13
13 16 2
17 21 13
16 19 9
22 1 12
23 4 12
18 20 10
21 1 13
14 17 7
22 23 13
20 23 5
14 18 5
20 22 2
10 14 2
0 2 9
20 23 9
18 21 11
0 3 13
19 22 11
21 23 6
18 23 12
6 10 11
20 22 13
5 8 1
23 3 5
9 12 2
3 6 6
13 16 8
11 15 14
21 0 10
1 5 4
6 11 1
7 11 9
12 15 12
19 22 4
22 3 1
20 22 2
13 17 1
10 13 7
3 7 11
10 15 8
15 18 10
15 16 4
1 5 12
13 14 1
6 10 7
4 7 13
23 1 2
0 4 6
16 19 9
21 23 15
18 22 1
23 1 8
10 14 2
20 23 15
13 16 14
22 1 5
1 5 6
16 19 12
9 13 6
10 12 15
9 13 7
4 6 9
4 5 10
2 6 6
20 22 1
13 14 5
21 0 7
19 23 11
5 8 6
7 10 12
14 17 12
1 4 14
13 18 15
10 14 12
15 18 11
22 23 4
10 12 12
22 2 12
22 0 15
9 11 6
13 15 6
6 9 9
5 7 7
19 0 7
17 20 11
13 17 5
18 21 7
13 14 15
1 4 15
18 22 2
22 1 1
15 19 13
15 18 2
5 6 15
11 15 8
16 19 10
8 12 15
3 6 13
3 7 15
2 4 11
9 11 3
23 0 2
17 19 1
8 11 5
11 12 7
13 16 3
10 14 5
13 18 5
14 18 3
21 1 12
21 23 11
4 7 11
21 0 9
0 4 7
11 14 10
0 4 13
12 16 2
23 3 14
23 2 8
3 5 3
12 15 5
13 16 7
14 18 5
3 7 15
6 9 11
6 10 2
12 13 13
8 11 1
23 1 4
10 15 6
7 9 5
5 6 7
12 15 15
1 5 14
14 17 5
6 10 5
22 2 15
0 3 13
3 6 13
11 13 1
21 1 2
12 16 9
4 5 11
10 12 10
4 7 8
19 22 6
21 0 1
0 3 7
6 10 9
2 4 10
16 18 3
8 11 15
2 5 14
8 11 2
20 23 11
21 22 5
16 19 5
12 15 14
12 15 4
12 16 9
8 11 15
0 3 14
3 7 6
22 0 9
1 4 9
5 8 15
13 15 15
2 4 6
21 0 2
4 6 15
21 21 11
5 9 2
21 0 3
20 23 3
14 18 3
6 8 11
18 21 14
19 22 8
12 15 13
5 9 15
9 14 1
11 16 13
12 15 14
4 5 13
16 21 11
10 17 1
4 6 11
0 2 15
19 23 1
2 4 11
4 6 6
9 14 12
3 5 3
14 16 6
12 15 15
3 6 4
14 18 8
21 23 15
22 1 13
5 10 11
6 9 6
12 15 11
3 8 3
14 17 3
23 2 13
18 21 11
6 10 5
13 16 7
16 18 5
12 14 12
23 2 13
0 4 11
17 20 10
8 10 5
23 2 7
6 11 15
11 12 4
20 23 12
11 14 10
13 15 1
18 21 3
0 4 7
21 22 7
18 20 11
21 0 3
6 10 2
8 13 10
16 19 14
15 19 11
23 1 6
7 9 3
23 5 11
4 8 10
17 19 5
0 2 5
4 9 6
6 10 15
16 18 8
5 8 8
2 6 13
22 23 15
8 13 7
2 6 3
11 14 8
5 8 11
5 8 11
11 14 10
6 11 6
19 22 4
20 22 11
22 0 12
4 6 14
21 1 14
0 3 4
13 15 11
22 3 14
2 7 2
21 3 8
9 12 13
17 20 14
8 12 15
6 6 7
0 5 15
10 13 2
5 8 10
3 5 7
13 16 13
8 11 6
13 15 2
22 2 14
19 23 5
17 22 15
1 5 13
8 12 12
5 9 15
11 14 2
9 13 3
5 9 10
19 22 15
15 19 1
5 9 14
