550 7
2 6 9 1 8 6 2 
5 9 5
9 12 1
19 23 6
10 13 4
8 11 6
3 6 6
23 2 3
18 23 3
21 23 2
6 8 3
15 19 4
20 1 7
3 5 4
13 17 5
13 14 4
3 5 7
20 0 3
15 17 4
18 20 4
18 20 4
10 12 6
17 20 6
18 21 7
6 9 6
4 7 5
16 18 1
11 14 4
0 3 4
5 7 4
11 15 7
17 19 1
13 16 7
9 12 7
9 12 4
4 6 7
14 18 5
13 16 1
0 3 4
23 3 4
5 9 1
7 11 3
15 18 1
8 10 2
10 13 5
22 0 4
21 23 4
23 1 6
23 1 1
0 2 6
8 10 2
1 6 5
17 19 7
4 8 4
16 19 2
0 2 2
13 16 3
10 12 1
17 21 6
12 15 1
22 1 5
20 23 7
23 2 2
9 13 3
16 18 4
13 15 1
8 10 6
22 23 1
12 14 2
20 23 2
21 2 2
14 17 4
3 6 1
6 9 7
7 9 3
3 6 2
6 8 5
3 7 3
20 23 1
17 20 7
7 11 6
22 1 7
14 17 3
1 4 3
7 9 7
18 21 6
22 2 7
1 5 5
16 20 6
20 0 1
23 2 5
0 3 4
11 14 5
11 15 5
7 12 7
15 19 1
4 7 7
21 0 6
21 2 5
5 9 5
4 6 5
0 2 1
4 7 2
21 23 3
13 18 7
9 13 3
3 6 6
12 15 6
15 18 3
23 4 7
8 11 4
2 5 7
1 4 3
3 5 4
19 23 2
13 17 7
15 18 7
0 2 7
3 4 7
16 19 4
11 14 4
18 21 5
17 22 7
12 13 4
0 3 1
15 19 7
17 20 7
19 22 5
3 7 1
0 2 2
1 3 1
12 15 3
19 21 7
9 13 1
10 13 2
21 2 4
20 0 6
10 13 6
2 6 5
13 15 4
1 4 4
16 19 6
16 21 1
17 21 2
21 23 4
4 7 3
19 23 2
1 5 6
14 17 6
15 18 4
6 8 1
18 20 6
6 9 1
21 23 1
19 23 4
2 7 6
2 4 5
15 18 6
3 5 1
13 15 4
5 10 1
8 10 7
9 12 3
12 16 1
11 13 4
20 23 4
15 17 1
16 19 3
15 17 4
12 16 2
8 10 5
13 15 3
22 1 5
18 20 2
6 9 7
3 4 4
22 0 2
6 9 7
1 2 6
11 14 2
16 18 1
17 21 5
1 6 3
11 14 4
8 11 1
19 23 4
12 15 7
18 22 1
22 2 5
20 22 4
8 11 2
9 13 3
16 17 7
13 16 7
12 14 4
12 15 6
14 19 5
0 3 5
16 19 3
8 13 3
16 18 1
10 13 6
11 13 1
23 1 5
9 14 2
23 2 5
16 18 2
9 12 2
5 6 6
10 13 4
8 11 3
0 2 7
8 9 1
12 15 4
11 16 1
16 19 6
13 14 7
5 8 4
5 8 1
23 1 2
6 11 3
20 23 2
14 16 4
20 22 4
5 8 1
8 12 1
12 14 6
15 17 2
0 5 1
7 10 7
10 13 2
5 6 2
3 6 7
12 13 1
23 2 1
10 15 3
4 7 5
21 1 6
13 17 2
13 17 2
6 10 1
7 10 3
15 20 4
13 14 1
4 8 3
8 11 4
19 21 5
3 8 6
13 15 1
11 13 1
8 11 7
4 6 1
4 6 5
5 8 1
21 21 4
20 22 1
0 1 4
8 11 1
16 20 7
23 3 2
4 8 5
8 11 3
23 3 3
23 1 7
6 10 6
22 0 4
15 20 7
4 7 3
3 5 1
7 10 1
18 22 7
10 12 1
0 5 6
14 17 1
12 15 2
5 9 6
18 21 2
14 17 5
10 14 4
15 17 5
3 6 5
12 14 5
23 1 4
22 3 2
16 17 2
16 19 1
11 14 4
10 13 3
5 8 1
14 16 6
4 7 6
6 8 5
9 13 4
16 19 6
12 14 4
21 0 1
20 2 2
4 5 7
0 2 1
7 9 5
8 11 7
20 23 1
12 15 4
7 11 5
8 12 7
7 9 4
1 3 4
4 7 4
19 21 2
21 23 6
4 7 1
16 19 7
22 0 2
23 3 7
13 16 5
11 15 1
2 4 5
5 9 4
16 18 2
4 6 5
22 1 2
1 4 7
7 9 4
19 22 2
21 1 5
4 6 3
16 18 2
15 18 2
22 1 4
23 1 1
13 17 3
19 23 5
3 6 2
21 0 1
4 6 6
22 23 2
14 17 6
18 21 4
10 12 6
14 18 7
19 22 1
3 7 1
2 6 6
11 15 6
8 11 2
9 11 6
8 10 4
18 22 3
7 10 2
17 22 3
17 22 2
5 9 6
8 12 5
13 17 5
6 10 7
3 7 7
22 2 1
20 22 2
17 18 1
23 2 4
3 6 3
16 18 1
9 13 4
8 11 4
11 14 4
9 12 5
4 9 5
2 4 2
8 11 4
5 8 4
12 16 2
18 21 5
5 8 1
15 18 7
1 3 3
15 19 1
11 15 5
1 4 3
2 6 2
19 23 5
12 13 4
5 9 3
15 19 5
23 2 7
8 14 6
4 7 6
12 15 1
7 11 1
16 19 4
16 22 7
16 18 5
23 1 7
13 15 7
15 18 5
3 6 5
15 15 2
22 2 7
1 5 5
10 11 7
9 11 4
5 8 2
15 17 3
10 13 5
18 22 3
21 0 4
6 9 7
12 14 2
1 4 5
20 23 5
2 3 1
18 21 5
21 0 3
15 19 5
14 15 2
12 15 4
20 22 5
23 3 3
2 5 3
22 0 3
17 20 7
14 15 6
21 1 4
14 17 3
8 10 4
21 23 6
13 17 6
18 22 6
23 1 6
19 22 4
1 5 5
17 21 2
5 7 3
4 7 5
6 10 1
13 14 1
4 8 2
4 6 7
14 18 5
2 6 6
4 7 2
6 8 6
9 11 2
2 4 5
3 6 1
20 22 4
16 17 2
22 2 3
18 21 3
8 13 2
23 3 5
4 8 2
13 15 1
2 5 2
22 2 3
16 21 3
1 4 4
6 10 4
21 1 4
23 2 1
17 19 6
17 18 3
2 4 2
10 13 3
17 19 6
16 18 7
8 11 3
8 11 5
7 11 1
19 23 2
2 3 3
4 6 1
11 12 7
9 11 4
22 2 7
5 9 6
1 3 6
17 20 6
3 6 2
19 22 4
21 23 4
6 9 2
13 16 4
2 5 2
17 21 3
2 6 6
20 22 4
2 5 3
12 17 5
22 2 5
3 5 4
20 23 3
1 3 3
23 3 2
10 12 4
4 8 6
1 4 7
11 14 4
0 3 1
13 15 6
19 23 5
19 22 1
15 18 6
21 23 5
15 19 2
6 9 1
22 0 7
22 1 3
5 8 3
4 9 1
1 3 4
21 0 1
9 11 5
18 21 5
1 3 4
16 18 2
23 4 3
19 22 4
17 21 6
5 8 7
20 0 3
3 6 7
9 11 3
2 4 2
21 1 5
17 20 1
5 10 2
15 20 3
11 16 6
21 1 3
15 19 7
0 3 2
21 0 7
19 22 7
17 19 1
15 17 4
22 23 6
23 2 5
0 3 4
11 13 5
17 17 3
12 14 6
21 0 2
3 7 4
23 4 2
16 19 6
0 4 2
12 15 5
1 4 7
20 22 1
12 14 6
8 13 3
