950 17
4 3 4 9 2 5 2 6 7 1 10 5 5 10 9 7 4 
22 1 11
11 14 9
11 14 8
22 1 17
6 10 14
8 12 8
1 6 15
15 19 8
11 14 4
0 4 8
0 4 1
20 21 16
22 1 5
2 7 9
4 7 1
20 1 3
0 3 5
18 21 11
14 17 1
17 21 2
19 21 13
12 14 14
4 7 6
16 19 14
0 1 3
4 7 17
13 16 1
9 12 4
3 4 15
9 10 3
0 4 2
23 1 4
18 20 8
23 2 8
20 23 6
1 5 7
23 2 8
12 17 6
6 10 11
11 13 12
22 0 4
6 9 5
6 10 7
4 5 8
22 23 13
13 15 7
3 7 12
8 11 12
13 15 5
19 20 3
12 16 16
18 21 16
3 6 13
4 7 15
13 14 5
18 23 14
13 16 6
20 23 12
21 0 9
2 4 8
5 6 14
22 2 11
19 19 7
19 23 17
13 17 17
23 0 9
22 1 16
20 23 13
3 7 17
3 6 14
12 15 8
8 10 16
21 0 6
9 12 2
2 6 13
7 9 4
18 23 14
1 3 10
19 22 6
6 9 14
14 18 3
3 6 5
7 9 5
0 3 3
8 11 15
2 4 3
2 4 12
2 5 16
16 18 6
4 9 12
1 4 16
12 14 1
18 21 9
0 3 12
5 7 11
17 20 4
8 11 1
13 15 2
16 20 5
13 16 6
9 10 8
6 8 15
16 21 6
23 2 11
12 15 9
22 2 6
14 17 8
6 8 11
23 1 12
10 12 7
23 2 16
6 9 9
21 1 4
0 4 1
15 19 6
1 5 12
8 13 3
5 9 8
18 21 8
17 23 13
13 16 17
22 0 5
15 19 16
23 1 11
19 21 17
6 9 13
8 12 9
11 15 4
23 1 16
12 15 8
4 8 3
8 13 15
7 10 13
14 18 8
19 22 12
11 15 4
14 18 8
11 16 7
1 3 1
14 18 9
15 17 11
4 9 10
8 11 7
14 16 9
2 4 16
0 3 14
10 13 9
23 2 10
1 3 8
23 1 14
3 6 16
12 15 3
7 10 3
18 20 15
21 0 1
8 12 10
8 11 8
0 2 7
23 2 12
3 6 16
16 20 10
6 8 10
6 9 14
1 2 9
13 15 6
20 23 14
6 8 6
16 21 13
19 22 4
2 4 12
3 6 12
0 4 11
2 3 17
4 8 1
16 18 1
19 23 5
19 23 4
8 10 11
3 7 6
4 6 7
7 9 7
22 1 3
1 6 3
17 20 12
9 12 15
17 19 9
9 11 8
17 20 4
6 8 17
9 10 3
8 11 5
12 15 13
15 18 15
23 3 11
2 5 9
15 17 8
22 1 12
21 0 14
19 23 8
11 13 4
20 23 14
4 8 14
13 17 12
0 4 11
17 20 14
13 14 2
5 8 4
13 17 8
17 21 13
13 16 13
6 10 12
20 0 4
7 10 4
23 2 1
9 12 16
12 15 10
2 5 5
8 11 9
17 20 1
17 21 9
15 18 1
0 3 1
7 8 14
19 22 14
13 15 5
12 15 11
16 19 1
21 0 3
2 5 3
3 5 8
15 15 1
9 12 8
16 17 10
12 15 13
23 2 1
22 0 7
16 19 1
18 21 5
4 6 4
18 21 11
14 16 1
19 21 7
11 14 16
17 21 13
12 16 16
22 1 9
6 10 5
3 7 10
18 21 14
19 0 1
6 10 10
16 19 14
1 3 3
23 2 6
3 6 13
9 14 11
14 16 10
6 9 1
19 22 13
6 9 13
12 15 1
14 17 12
15 18 2
0 3 7
10 14 17
16 18 7
0 3 15
10 12 7
12 16 6
9 11 16
20 23 2
5 7 5
22 1 9
1 1 16
7 11 4
7 9 1
12 14 5
0 5 9
18 21 5
13 17 12
2 5 6
13 15 2
6 9 1
10 12 4
11 13 3
3 6 15
9 12 16
11 14 12
17 20 7
6 7 17
0 4 12
23 3 9
16 19 12
21 0 4
4 5 9
12 16 13
17 19 1
13 16 12
19 21 3
12 16 9
7 10 14
16 18 13
16 19 11
23 4 7
11 13 5
13 17 6
0 1 2
3 4 16
7 11 12
16 20 17
9 11 3
18 19 16
13 15 6
20 23 3
8 11 11
6 10 1
10 13 17
18 22 3
2 4 15
2 4 16
9 12 8
15 17 12
0 3 10
15 18 12
12 15 15
18 22 8
18 20 4
2 6 17
9 12 4
14 17 4
16 19 9
6 9 10
8 9 9
16 19 15
2 5 10
10 11 5
13 18 8
13 17 9
15 20 11
18 22 12
6 10 13
22 23 2
16 19 8
3 7 1
12 15 1
0 3 10
2 5 13
9 14 15
18 21 1
10 14 10
19 23 11
8 12 1
23 3 14
16 18 3
18 20 13
11 15 1
6 10 13
12 17 9
11 13 11
23 0 13
9 12 12
4 7 9
10 12 7
15 18 14
12 14 9
6 9 13
12 16 10
0 4 9
14 16 10
22 2 7
14 16 2
19 20 10
11 12 17
3 5 6
13 16 14
10 12 3
22 1 6
9 13 9
8 12 14
6 8 2
16 20 6
8 10 11
18 20 12
8 11 1
22 2 8
0 3 9
10 13 5
7 10 5
4 5 7
1 5 17
11 15 2
22 0 8
4 9 1
3 5 11
5 7 14
9 11 7
2 6 9
11 14 15
2 7 2
9 13 9
10 13 4
12 14 13
6 9 12
22 0 2
15 16 12
3 5 4
19 21 7
2 4 14
0 4 14
1 4 7
9 11 3
13 15 12
23 3 4
12 15 10
0 2 8
3 6 14
12 16 1
23 2 9
3 7 2
14 19 11
8 9 10
20 23 4
5 8 11
11 14 10
15 17 17
12 14 6
23 2 14
12 15 12
22 1 5
0 3 8
0 3 4
23 0 1
20 22 8
1 4 14
10 13 9
18 21 7
23 3 4
12 17 4
13 17 12
2 4 15
10 13 3
18 21 4
5 8 6
15 20 8
4 7 6
15 18 14
17 21 6
15 17 10
2 7 6
17 20 8
20 22 1
0 3 4
13 14 5
9 11 10
5 8 12
22 0 3
1 4 9
14 18 1
7 11 16
13 15 1
3 6 14
1 4 7
12 16 3
14 16 10
23 1 15
22 1 6
3 6 14
14 19 17
14 18 11
6 9 13
19 22 3
10 13 12
19 22 3
14 15 4
23 3 6
23 3 13
6 8 1
18 21 2
16 19 3
2 5 7
19 20 1
3 7 3
12 16 14
16 19 4
15 17 8
5 9 9
9 15 13
0 3 8
18 19 16
20 23 6
20 22 8
8 12 13
1 3 14
19 23 3
21 2 5
6 8 14
16 21 3
16 19 14
9 14 12
0 3 3
9 10 11
9 12 17
6 9 10
21 23 15
2 5 3
8 13 12
4 9 17
12 15 10
14 15 17
9 10 11
10 13 12
1 2 15
2 5 16
16 19 9
20 22 3
6 9 2
13 16 15
3 5 3
1 3 5
23 3 4
5 9 5
17 19 5
2 5 15
4 7 16
16 18 2
6 9 17
7 9 17
2 6 9
7 7 5
7 11 12
22 1 13
18 22 12
19 22 8
12 15 7
2 6 14
3 7 3
7 10 11
5 9 12
4 7 2
11 13 4
7 11 2
18 22 14
10 15 9
4 7 9
5 8 16
8 9 6
10 13 12
10 13 16
22 0 17
7 9 15
7 10 10
19 23 8
6 9 13
3 7 10
13 14 9
18 21 8
2 4 12
20 23 3
19 23 7
19 20 9
3 7 13
16 19 10
10 13 15
19 21 3
9 11 4
14 16 4
20 1 14
1 4 2
15 18 5
2 5 15
5 9 17
12 15 13
14 16 2
14 17 10
15 19 6
21 0 6
5 7 6
11 14 11
10 14 13
2 5 12
7 8 2
14 17 7
18 21 12
12 16 4
3 5 9
8 11 4
7 10 14
2 7 10
11 14 7
10 13 10
4 7 4
10 12 5
22 23 16
0 0 2
10 14 4
2 5 12
3 7 1
15 18 1
6 8 15
14 17 4
1 3 17
7 9 17
16 19 13
10 13 5
14 17 3
0 2 17
23 3 13
16 20 13
5 6 7
15 18 4
12 14 8
12 14 12
10 14 6
20 23 11
12 16 2
2 6 12
20 1 16
20 22 11
7 10 8
19 22 4
4 9 17
13 16 8
4 6 16
2 5 3
5 8 3
8 12 3
9 12 17
19 23 4
5 8 6
3 6 10
7 9 7
23 3 4
18 22 2
20 21 15
20 22 7
5 8 3
19 21 17
15 18 2
20 23 3
14 18 9
1 5 13
5 7 8
21 0 9
16 19 9
6 9 17
8 11 14
4 7 11
19 23 17
21 0 4
6 8 3
14 16 11
3 5 14
4 8 6
6 9 17
18 21 5
21 23 17
5 9 14
14 18 17
4 9 12
12 15 7
7 9 9
8 9 13
19 21 6
15 18 12
7 7 7
4 9 1
8 11 3
16 21 11
11 15 14
18 21 14
7 11 3
7 12 14
12 15 2
1 3 13
5 9 12
8 10 8
19 21 17
10 14 4
0 4 8
5 8 10
16 20 12
2 5 13
17 19 14
6 9 12
2 5 13
12 17 5
16 19 13
21 23 11
17 20 3
0 2 10
6 8 17
8 10 8
14 17 8
6 9 14
4 8 15
12 15 10
12 16 3
3 7 7
14 17 4
18 21 2
3 5 4
6 9 5
11 14 13
10 14 1
5 7 4
14 16 3
18 22 13
19 20 4
17 20 2
6 11 15
23 3 9
1 3 7
17 18 16
0 2 15
4 7 3
3 6 15
23 4 4
12 14 5
3 7 7
6 9 8
20 23 11
20 23 10
21 23 7
22 2 5
5 9 14
7 9 9
14 16 9
11 15 16
17 20 2
19 23 12
21 23 7
17 20 8
19 22 6
6 10 2
0 2 3
4 8 5
23 1 10
10 13 3
13 14 7
15 18 12
5 10 5
0 2 16
5 8 2
12 15 8
7 10 17
0 3 16
8 10 16
14 17 3
4 6 16
9 14 12
11 13 11
22 2 9
13 15 16
17 19 16
5 9 12
7 10 4
15 18 8
22 1 10
3 6 15
13 16 4
23 1 6
11 14 7
18 20 9
16 18 9
7 9 4
14 16 9
13 17 8
6 7 17
3 6 15
21 1 3
5 9 11
15 18 12
1 5 10
1 4 6
12 14 3
1 4 11
14 15 1
9 10 10
16 19 8
5 7 11
4 5 2
10 12 14
12 16 9
12 16 5
0 0 1
12 15 16
14 18 3
7 10 4
3 7 10
6 9 8
14 14 5
19 22 9
1 3 9
7 8 16
0 2 4
5 8 8
4 5 9
22 1 3
9 11 3
2 4 10
16 19 13
11 13 9
22 2 16
3 6 16
6 8 8
22 22 15
10 15 9
20 20 1
6 8 3
10 16 6
17 18 13
6 8 13
5 9 3
2 5 9
23 2 7
17 19 10
9 11 3
15 17 4
14 19 1
10 13 10
19 20 5
4 8 9
19 22 2
8 10 10
23 1 10
23 3 14
5 10 14
6 10 11
18 21 4
15 17 7
23 1 4
7 10 10
13 17 13
0 3 17
20 23 1
3 7 14
19 23 8
1 4 9
2 5 1
9 11 16
20 1 5
4 8 4
14 17 6
15 18 16
16 18 15
19 22 17
20 0 12
3 6 12
23 1 11
19 22 6
21 1 10
8 9 1
7 10 13
4 7 3
17 19 13
18 20 12
5 7 12
3 6 6
17 18 13
16 18 2
15 17 11
9 12 4
6 10 16
0 2 8
2 3 3
5 8 9
18 21 4
5 8 9
19 23 3
20 23 3
9 12 10
5 9 7
20 23 15
6 9 1
1 5 13
19 22 5
11 15 1
19 23 9
8 11 12
5 4 10
18 21 13
17 19 7
17 20 17
8 14 7
18 21 6
18 22 7
15 19 11
17 21 9
16 19 3
3 4 14
18 21 5
7 11 5
10 12 16
6 7 10
20 23 8
9 13 17
23 2 1
21 1 8
21 1 7
14 16 17
21 23 6
18 21 14
21 1 13
22 2 5
14 16 11
13 17 11
20 0 9
14 17 6
15 18 12
21 0 16
20 22 8
0 2 11
3 6 7
7 11 2
7 9 2
23 3 5
3 6 14
13 16 3
5 6 2
21 1 5
10 11 5
1 5 6
0 3 15
18 21 16
11 13 14
8 9 7
16 18 11
16 19 5
15 18 1
2 4 16
0 3 10
8 11 8
9 12 7
11 16 11
20 22 12
2 5 14
16 19 13
14 17 12
1 4 1
20 22 11
19 22 1
22 1 15
19 21 8
0 2 7
23 4 4
3 5 9
16 17 17
19 22 5
5 9 10
15 19 2
