800 14
10 3 9 7 4 8 4 7 3 4 3 7 1 5 
5 7 7
14 15 10
1 4 13
3 5 4
23 2 6
11 17 6
3 7 6
0 3 12
17 21 2
15 17 3
20 23 9
17 21 11
14 15 13
20 0 7
10 14 4
10 12 2
16 19 11
20 22 4
17 18 3
3 6 11
14 20 11
0 3 13
12 15 12
4 7 12
6 10 4
19 21 13
17 21 11
21 0 2
12 15 9
19 22 4
22 23 8
7 10 12
19 21 3
16 17 2
19 21 3
17 19 4
16 20 3
22 0 8
17 21 1
5 9 10
5 9 3
9 13 3
0 3 6
16 19 9
20 22 9
20 23 14
2 4 6
18 22 10
1 4 6
20 23 2
4 5 10
3 6 12
10 13 4
4 8 13
0 3 4
19 22 11
6 10 1
17 19 6
10 12 10
22 0 9
9 12 1
19 0 8
16 19 11
2 5 9
11 14 1
9 10 14
1 4 2
11 14 7
2 5 14
5 8 8
16 18 8
13 15 14
10 14 12
18 21 13
14 18 6
20 0 2
9 12 10
6 9 10
9 11 5
1 4 1
8 11 4
9 12 14
12 15 11
23 2 6
12 14 7
8 10 8
23 3 2
11 15 6
11 15 4
13 15 13
4 6 12
17 20 13
15 19 7
12 15 13
5 6 5
15 19 2
9 12 9
18 20 8
18 21 9
18 20 5
8 12 5
4 6 8
17 19 7
14 18 11
5 9 13
18 21 10
17 22 10
23 3 11
1 4 12
12 16 14
7 9 2
13 17 5
19 21 2
9 11 12
1 4 5
0 5 3
7 9 4
5 8 14
11 15 2
20 0 11
3 5 11
17 20 14
17 20 2
12 16 13
20 23 10
15 18 12
9 12 8
3 7 13
23 4 5
15 18 12
8 10 2
23 1 12
3 5 11
0 3 9
9 10 4
22 1 9
23 1 1
9 14 1
1 3 9
14 17 5
21 0 3
18 22 12
10 13 10
9 12 13
17 23 2
15 17 8
11 13 5
11 13 8
6 10 12
8 12 7
17 19 14
4 8 11
19 22 4
16 19 13
7 10 13
2 4 2
6 9 4
2 4 13
10 11 8
20 23 1
18 22 6
15 17 5
2 5 2
17 19 7
23 1 4
0 2 11
12 15 4
16 18 6
0 4 12
7 10 1
4 7 14
22 0 10
8 11 7
13 16 5
4 8 2
22 2 2
12 17 14
22 2 6
23 1 2
22 0 6
20 22 2
10 11 2
3 6 4
4 5 2
16 20 12
2 5 12
13 15 9
20 23 12
2 4 13
10 14 7
18 22 1
11 15 7
17 21 5
1 4 3
11 15 10
15 17 9
15 19 14
17 20 6
0 5 13
11 13 5
18 22 8
20 22 12
5 10 1
15 20 9
18 21 5
9 11 5
14 19 11
14 16 3
13 16 1
15 19 10
21 2 10
3 6 2
12 15 7
0 4 5
13 17 11
19 22 12
4 8 5
23 3 14
17 22 8
22 2 4
6 8 13
11 13 7
1 3 6
8 10 3
8 12 6
8 12 3
9 12 2
7 10 9
10 12 14
3 5 14
12 16 11
8 10 12
19 20 11
1 5 6
7 10 14
4 6 4
22 23 14
22 0 14
1 3 10
1 2 4
4 8 1
21 1 8
3 6 9
23 1 11
0 4 14
0 3 3
4 7 1
22 1 11
13 15 6
19 22 3
1 5 3
12 16 12
14 17 5
16 18 1
10 13 10
15 19 1
1 4 8
17 21 8
4 6 11
13 17 2
20 1 13
3 5 6
13 16 13
10 14 1
19 22 1
1 4 10
11 14 3
9 13 12
0 2 11
5 9 6
22 0 1
13 16 13
22 1 6
22 2 14
5 10 6
15 17 13
5 8 12
8 11 10
10 12 11
6 8 10
2 5 8
21 0 7
1 4 8
14 17 1
19 22 4
18 20 7
19 21 12
23 1 4
12 15 13
14 16 13
20 22 6
11 15 12
22 2 1
9 11 12
4 8 13
9 12 10
10 14 7
22 0 12
4 9 1
12 13 7
15 18 2
16 19 10
14 18 6
20 22 13
21 1 3
14 17 7
3 8 12
1 4 5
9 13 1
20 22 10
20 0 1
7 10 13
14 15 5
9 12 2
10 13 12
18 21 10
14 18 7
4 7 9
3 5 14
18 21 4
21 1 8
1 5 13
2 4 10
1 4 6
14 19 9
17 21 3
3 7 13
3 5 3
5 8 3
21 1 13
20 0 13
1 5 1
3 7 7
14 18 12
1 1 12
19 22 8
5 7 8
6 7 13
15 17 13
15 18 10
11 15 7
5 9 1
19 23 8
0 2 14
12 15 14
2 6 5
7 9 2
2 4 2
2 5 8
0 3 8
3 5 9
2 3 10
16 17 9
12 15 9
3 6 8
10 13 8
13 15 12
14 15 2
23 3 3
17 20 13
20 22 14
2 5 2
22 0 14
7 9 2
9 12 10
0 3 1
23 1 11
13 16 11
14 17 4
20 22 8
2 6 13
21 23 14
19 23 11
11 14 8
17 18 11
22 1 4
16 18 6
3 6 6
8 11 5
22 2 13
9 12 5
0 2 7
19 23 12
7 10 9
14 17 13
22 1 1
19 23 1
20 23 13
9 14 12
3 5 14
14 15 12
0 4 13
20 0 5
18 22 1
11 15 2
4 8 14
4 8 3
21 0 2
7 9 1
7 10 4
20 23 14
21 0 1
15 17 14
14 17 11
9 12 5
13 17 11
12 14 6
23 3 11
9 13 13
13 16 5
23 2 9
4 6 6
6 9 14
8 12 9
17 20 5
21 2 9
22 23 8
21 0 6
6 10 6
19 23 12
4 8 5
11 12 14
14 16 6
19 20 14
14 16 11
19 20 1
20 23 10
21 23 14
17 18 14
2 4 6
18 19 9
13 15 6
16 19 14
17 20 13
1 5 4
3 5 5
6 9 12
11 13 6
0 2 6
11 13 11
17 19 6
9 11 12
8 13 11
4 6 14
22 3 8
1 3 4
10 13 9
19 22 4
2 4 7
0 3 12
20 23 1
0 3 1
12 14 14
15 17 7
13 16 6
11 14 6
10 14 5
23 1 3
19 23 8
3 6 2
19 23 3
15 19 4
11 14 14
23 1 11
17 20 3
5 8 11
2 5 10
6 7 3
5 9 3
11 14 7
6 11 10
20 0 9
7 9 11
10 13 11
2 6 14
16 20 4
2 5 14
8 10 10
18 20 1
15 18 12
6 11 14
16 19 13
22 1 14
20 23 6
21 23 2
14 17 7
22 2 5
3 4 3
8 10 9
12 14 13
3 6 4
14 17 14
19 23 5
10 13 9
6 9 13
14 18 1
9 13 13
16 20 4
13 15 9
14 16 11
20 0 3
5 7 10
16 19 2
19 23 1
23 2 5
10 13 12
19 0 9
6 9 9
14 18 2
8 11 4
4 6 10
5 7 6
9 11 11
18 21 3
3 6 11
15 16 9
20 22 13
0 4 7
11 13 12
0 1 13
15 18 10
16 20 5
17 21 12
9 14 13
16 18 3
15 21 7
7 9 4
19 21 9
3 6 11
0 4 8
1 4 7
5 10 1
9 12 1
6 10 4
3 8 9
11 14 12
1 3 4
3 8 5
10 14 11
6 9 1
14 17 5
21 0 8
14 16 3
11 15 11
19 21 14
1 4 11
0 3 12
14 17 4
22 0 13
6 11 11
4 7 14
10 14 5
13 16 11
4 8 8
17 20 3
8 10 13
23 1 3
23 2 3
17 19 3
4 9 2
8 12 5
6 9 6
17 19 12
21 23 10
5 6 9
16 19 1
2 4 4
3 7 12
9 12 10
8 12 7
0 2 10
23 2 6
9 12 13
5 8 9
19 23 4
0 3 1
3 6 1
1 3 3
5 10 1
0 2 8
2 4 9
22 1 1
16 21 10
15 17 5
9 13 13
6 8 2
2 3 9
14 18 3
11 14 10
21 1 9
20 23 14
16 17 12
5 7 6
6 10 5
8 9 10
6 8 8
16 19 13
6 10 13
16 19 6
10 15 13
5 7 7
19 0 10
18 20 7
12 17 10
10 13 13
13 15 8
16 20 13
5 8 2
16 17 1
19 21 1
10 14 3
23 2 6
7 9 9
4 9 1
23 2 6
18 21 3
19 22 4
9 13 5
10 13 14
1 5 8
19 19 5
14 18 10
23 3 9
23 2 14
19 21 2
4 6 3
2 5 10
12 14 5
12 14 11
14 18 10
19 22 9
13 15 8
9 12 13
16 19 7
2 4 7
16 18 1
18 21 4
14 17 3
17 20 13
12 15 12
0 3 5
12 17 8
22 3 4
7 11 14
18 22 14
13 17 11
6 9 3
6 9 1
18 19 2
21 1 3
5 9 5
21 0 2
13 15 14
17 21 3
6 8 8
13 16 14
8 13 5
15 17 6
5 7 9
18 21 6
16 19 11
1 3 3
2 7 14
14 16 11
6 9 11
13 16 11
21 1 2
8 10 9
15 19 10
15 18 9
9 12 9
22 1 14
10 14 7
6 9 10
22 1 2
21 0 12
1 6 5
1 5 3
2 6 4
22 2 11
15 19 13
11 14 2
15 18 7
0 2 4
12 16 8
10 12 13
16 19 8
22 0 4
7 8 10
2 6 9
18 20 6
17 21 14
5 7 10
12 14 2
5 9 9
13 17 10
5 8 7
18 21 2
21 0 14
19 23 3
7 10 1
21 0 11
0 2 6
22 1 2
2 4 10
19 23 8
0 2 11
8 9 12
17 20 9
10 15 11
12 14 2
2 7 3
6 9 4
6 9 4
1 3 1
15 19 1
1 5 3
15 18 2
2 4 3
12 15 8
23 1 7
15 19 8
13 15 10
5 8 6
0 3 6
11 12 4
7 10 9
19 1 8
0 3 4
13 15 8
11 14 3
18 22 3
22 3 7
14 16 6
1 4 5
16 19 6
2 4 12
20 23 12
7 9 10
21 23 4
21 1 8
21 23 5
17 20 6
9 11 13
4 7 8
11 15 9
12 16 4
5 9 1
5 8 4
20 23 4
10 13 4
3 7 12
20 23 4
19 22 3
0 3 11
21 0 11
5 8 9
21 0 5
21 0 6
14 16 6
18 22 9
19 22 1
23 1 10
15 19 3
12 14 4
17 21 9
9 10 1
8 10 4
1 4 9
6 8 4
17 21 12
8 11 6
16 18 10
8 12 5
3 6 4
16 19 7
18 19 1
1 5 3
17 19 1
15 17 1
7 11 6
10 14 14
11 14 6
16 18 6
20 0 2
18 19 11
12 15 5
22 0 7
21 0 12
9 11 3
4 7 3
8 10 13
17 20 13
23 3 1
18 19 4
23 2 7
12 15 14
8 10 2
4 8 3
0 3 13
