700 8
2 6 9 10 5 2 1 6 
23 2 5
7 12 8
14 16 5
19 21 7
2 5 4
21 23 7
17 21 7
2 7 1
4 8 1
15 17 3
15 20 8
1 5 1
2 5 4
8 12 8
17 19 8
7 10 8
19 21 5
0 4 7
8 12 7
23 1 6
22 2 4
12 13 3
14 18 2
23 2 3
21 23 1
15 17 5
16 20 2
10 12 7
18 22 5
21 22 6
4 8 2
8 10 7
0 5 8
1 3 7
9 12 6
10 13 7
3 6 5
16 17 1
12 15 2
20 22 5
23 1 6
4 7 2
14 18 1
21 0 5
14 17 1
15 18 4
0 2 4
10 13 4
8 11 5
10 13 5
23 1 3
18 21 2
12 16 1
8 12 3
9 12 4
20 23 1
9 13 7
16 19 3
8 10 1
13 16 3
9 13 7
8 8 4
9 11 7
6 9 5
12 14 8
10 12 5
21 1 2
13 17 5
13 16 2
22 0 3
4 8 1
10 14 1
23 2 1
3 7 5
14 17 3
3 7 7
18 23 1
1 4 4
18 20 1
17 19 6
2 7 5
23 1 6
8 10 2
20 22 2
18 20 5
12 16 7
1 3 1
0 3 6
14 17 4
14 18 5
17 20 2
3 5 8
19 22 8
9 13 6
2 5 1
11 14 5
8 11 1
4 7 2
11 14 8
4 7 1
0 3 5
7 10 4
19 1 7
14 16 3
10 12 5
2 4 3
15 19 1
8 11 7
19 21 3
6 7 6
9 12 5
15 17 3
12 15 4
9 12 5
4 8 2
1 6 4
10 15 8
11 14 1
17 20 1
3 6 5
10 14 1
19 22 6
10 13 8
9 10 4
7 11 1
2 4 3
1 2 6
3 5 2
13 16 8
11 14 8
17 21 8
0 4 4
19 22 1
12 15 7
16 19 6
7 10 6
3 6 8
20 23 7
14 17 3
13 15 8
4 8 1
16 22 6
20 0 4
14 18 8
19 20 2
22 1 7
11 13 4
21 0 6
3 5 6
1 5 7
10 14 2
5 7 7
2 7 8
6 8 7
20 0 1
19 21 2
21 1 1
19 22 3
8 11 5
7 8 7
6 9 4
1 4 1
0 2 3
11 16 3
17 21 1
5 10 2
10 12 4
2 6 4
15 17 8
10 11 7
17 20 4
17 21 6
14 16 4
23 4 4
3 5 1
18 20 2
16 18 5
6 10 1
8 11 7
20 0 1
17 19 1
11 16 8
15 21 8
20 23 5
14 17 5
19 23 4
7 10 1
19 23 8
20 23 7
10 14 2
0 3 5
17 20 7
21 0 3
15 18 7
13 15 8
5 7 1
7 10 8
11 14 3
11 12 7
20 1 8
21 23 4
17 21 2
0 1 2
14 17 3
14 18 4
17 19 5
5 9 6
2 4 5
16 19 8
9 12 7
5 10 3
17 19 7
15 17 1
4 7 1
4 7 5
4 6 4
18 21 2
13 17 3
14 17 4
18 20 8
10 13 3
12 14 4
2 5 6
2 5 7
1 6 4
21 0 1
21 2 6
18 19 7
0 4 7
19 22 5
8 10 2
3 8 8
14 17 2
22 0 4
14 19 3
2 7 5
14 19 7
9 11 2
16 19 3
1 4 2
21 1 5
21 1 4
10 14 7
14 17 4
6 10 8
3 6 8
7 8 5
12 15 2
10 13 3
3 6 4
21 1 6
6 8 2
15 20 3
9 12 1
19 19 2
10 13 8
9 12 7
21 1 8
23 3 7
4 6 7
19 23 5
10 12 7
14 18 8
1 4 1
2 5 2
12 16 5
1 4 8
15 18 2
20 23 7
21 23 1
18 20 4
23 2 3
23 1 8
0 3 7
23 3 8
2 5 5
1 5 7
2 7 8
21 0 7
0 4 8
21 0 1
11 15 1
6 9 1
13 16 4
10 12 8
20 23 6
5 8 1
18 21 6
13 15 6
8 10 4
8 11 5
20 22 2
18 21 2
18 20 5
12 15 4
0 3 6
14 16 4
5 8 7
7 10 8
17 21 5
16 19 1
3 4 5
10 13 8
13 17 6
20 23 1
15 17 1
6 9 2
23 2 7
5 10 3
23 3 7
16 20 7
5 8 6
8 10 5
18 22 7
9 13 8
15 18 2
16 21 4
15 18 6
21 23 3
3 4 1
1 5 4
13 17 7
15 17 8
11 14 5
19 21 4
4 8 2
15 17 6
19 21 6
4 7 5
6 8 5
16 18 6
20 22 4
10 14 1
23 2 4
2 4 3
21 23 2
5 8 4
20 23 8
0 4 2
20 23 8
12 14 6
5 9 1
18 19 6
17 22 7
16 20 2
20 21 5
14 15 2
0 3 7
22 0 3
6 12 1
22 2 2
12 15 1
20 22 2
18 21 5
14 17 6
12 16 3
22 2 6
15 17 6
10 13 8
23 1 2
6 11 2
19 21 7
19 22 8
7 9 6
4 8 3
2 6 8
2 6 4
14 17 3
6 10 7
3 5 2
17 20 2
13 16 6
11 14 3
10 13 4
20 0 2
22 3 6
19 22 4
11 13 3
23 2 3
9 12 8
23 0 1
17 20 5
21 23 5
1 3 4
16 18 3
1 4 6
11 14 6
8 10 4
16 17 5
7 11 7
4 6 1
2 5 8
21 1 7
4 6 5
4 7 2
13 15 2
0 3 2
22 3 5
10 13 7
2 6 7
18 20 5
3 7 1
9 13 7
13 16 7
11 12 7
17 20 1
4 6 4
13 17 3
1 4 5
22 0 5
21 22 2
19 21 7
11 14 7
17 21 4
16 18 3
5 7 2
4 7 5
2 3 5
6 9 4
14 16 3
11 13 6
10 13 2
5 9 6
21 2 4
0 2 8
20 0 3
9 12 4
23 3 6
7 11 7
21 0 4
6 9 4
14 18 8
17 23 4
5 9 6
12 15 6
11 15 5
8 11 2
4 7 1
2 6 5
15 19 2
21 1 6
4 8 7
2 7 4
19 0 6
22 0 4
11 15 7
15 18 3
10 13 7
3 5 7
23 0 8
6 10 1
1 4 5
1 3 3
19 21 4
20 23 7
10 12 6
14 17 4
13 16 8
20 23 7
0 4 1
12 16 7
7 10 2
19 21 6
13 15 4
22 2 8
23 3 2
10 11 5
1 4 6
13 16 5
11 14 7
6 9 3
23 2 3
17 19 5
7 11 5
4 7 6
17 20 5
15 18 1
7 10 3
15 18 6
1 3 1
16 19 2
22 2 1
16 18 1
2 4 7
8 11 5
22 0 8
13 17 1
17 20 8
2 5 4
5 7 1
7 10 2
10 12 8
22 1 8
2 4 6
2 5 7
0 3 4
1 4 6
18 20 3
3 4 1
16 20 5
0 1 8
6 7 5
7 8 2
22 0 1
5 9 7
19 22 3
10 13 7
22 1 6
12 15 5
0 3 3
18 20 8
12 16 2
6 7 2
1 3 3
1 3 3
10 12 1
16 20 6
11 13 5
13 16 8
2 4 5
8 11 2
1 3 8
9 10 4
2 6 4
6 9 4
0 4 8
11 14 6
17 20 6
0 3 3
20 0 5
16 20 3
3 5 1
6 9 3
19 22 4
3 7 1
19 21 8
20 0 6
23 1 1
9 12 1
16 19 5
23 1 1
2 5 4
5 8 8
15 19 4
23 2 4
14 16 1
4 7 3
2 3 1
8 12 3
2 5 4
7 10 5
19 22 3
23 2 7
18 21 7
17 20 3
5 9 2
22 0 2
4 6 2
3 6 8
6 7 1
22 1 1
11 15 3
23 0 2
15 20 2
15 17 5
10 13 6
20 0 7
3 4 4
9 13 6
17 21 6
6 9 8
8 11 1
8 11 3
1 5 5
14 18 1
23 1 2
19 23 1
21 2 8
16 21 1
2 6 7
22 1 6
4 7 8
12 17 6
22 1 1
20 22 4
9 10 5
0 5 3
5 8 3
3 7 6
23 3 1
0 4 6
9 11 6
15 16 7
4 6 5
10 12 5
8 11 6
12 15 6
4 5 8
13 17 7
2 6 7
10 11 6
17 20 6
23 2 3
21 1 6
13 17 1
10 14 6
22 2 6
2 5 4
0 3 4
23 4 5
16 19 4
0 4 2
7 11 2
20 23 6
20 23 7
16 19 8
8 13 8
12 16 4
19 23 6
8 10 4
21 1 2
22 1 6
4 7 5
0 1 3
1 4 4
18 23 6
1 5 7
21 0 7
19 22 7
8 13 4
13 16 8
7 10 4
2 5 7
5 8 1
15 19 3
3 6 7
21 1 6
6 10 3
6 8 2
22 23 2
3 6 5
17 21 3
12 15 4
11 14 1
21 0 3
18 21 4
21 1 4
15 18 2
19 23 6
10 13 5
13 17 1
17 19 1
6 9 7
14 16 2
19 23 5
7 10 3
1 5 1
14 18 5
2 5 8
15 17 1
6 9 4
20 22 2
1 3 2
17 19 7
9 13 6
13 14 6
4 9 1
3 5 5
15 19 5
7 8 5
5 9 5
18 21 4
1 4 3
12 15 3
8 10 4
0 3 7
13 16 4
4 6 1
12 16 5
17 21 5
18 23 7
10 11 5
13 14 4
18 21 4
0 4 3
18 20 5
1 4 6
9 11 1
12 15 2
10 13 2
16 19 3
0 6 3
1 5 6
2 6 1
5 8 8
7 11 3
3 8 8
8 11 3
7 10 4
14 18 3
