1200 15
5 8 8 6 5 6 6 7 7 3 6 8 2 2 10 
7 10 3
15 19 15
17 19 3
5 6 11
0 3 15
17 20 2
19 21 3
1 5 13
1 4 5
20 23 7
10 14 5
19 23 14
11 14 2
12 16 1
17 21 7
15 18 7
6 9 7
15 18 3
22 23 15
2 4 12
19 22 4
13 18 9
13 16 11
5 9 7
16 19 8
6 10 8
19 22 2
1 6 13
6 10 12
3 6 7
8 11 7
9 13 10
8 10 6
0 3 1
11 14 6
8 10 1
6 11 6
20 22 2
11 14 15
20 23 12
7 12 14
10 14 3
9 11 13
1 2 15
23 2 12
16 19 6
9 10 4
7 12 8
4 6 3
4 6 9
12 15 7
9 11 15
4 8 10
9 13 5
11 14 11
8 11 9
3 6 15
0 3 13
20 23 13
16 18 8
12 16 11
1 5 8
13 15 2
10 13 5
16 20 9
22 2 10
16 20 5
18 21 10
13 17 13
14 16 2
13 17 12
20 22 15
4 7 9
17 20 9
21 23 15
6 7 6
13 16 9
5 7 8
10 12 3
11 14 4
14 17 6
3 6 12
15 17 7
19 1 14
11 15 14
15 19 1
18 20 11
10 15 14
6 8 10
5 7 4
12 16 13
22 0 4
2 4 11
21 0 3
15 17 3
11 15 4
10 12 9
15 18 4
4 7 5
19 22 7
3 7 4
17 22 13
20 23 9
20 23 8
3 7 8
0 4 5
2 7 10
3 5 6
4 8 15
4 8 9
16 17 6
11 13 12
12 16 3
10 14 7
19 23 4
13 17 8
18 21 10
8 11 3
15 15 11
11 14 13
22 0 12
7 10 14
3 7 10
16 18 9
9 11 9
20 23 4
11 14 3
5 7 1
22 2 8
1 4 10
13 15 1
6 9 8
19 23 5
11 13 2
13 16 8
17 19 1
0 2 14
20 23 12
5 9 12
6 9 7
2 5 15
3 8 1
21 22 12
3 7 10
5 8 15
18 23 15
11 13 7
2 7 14
12 15 7
22 1 3
6 9 9
22 0 9
2 4 7
9 13 6
13 15 2
23 1 11
21 0 2
0 3 14
14 17 3
7 10 5
9 13 1
8 13 5
12 13 8
12 15 10
23 3 13
2 5 5
8 12 4
13 17 12
2 5 13
3 6 10
19 23 15
14 17 10
17 20 8
4 7 12
7 11 15
16 21 14
8 11 12
6 11 7
21 0 13
0 3 3
20 22 7
4 6 9
5 7 11
23 1 13
8 11 13
8 11 1
7 9 2
12 16 10
9 11 4
21 22 2
15 15 2
7 10 2
1 4 13
20 22 13
3 5 2
22 0 14
11 14 2
8 11 8
10 12 2
7 10 12
0 3 13
7 10 7
21 2 1
10 13 14
9 11 11
5 7 10
19 22 15
12 16 6
17 22 13
10 14 15
22 1 11
9 11 13
7 10 7
4 5 8
13 17 8
21 1 5
22 0 11
2 6 4
19 21 3
7 10 13
10 14 4
8 12 2
3 6 8
9 14 1
20 22 15
11 14 2
0 4 13
9 13 2
17 19 2
17 20 15
2 5 13
0 3 7
11 14 2
12 17 10
18 22 8
4 7 15
5 6 13
12 15 10
15 18 13
1 4 15
8 11 10
20 23 10
13 16 15
3 6 10
19 21 10
0 3 12
19 22 2
13 16 6
7 8 1
7 9 5
3 5 8
1 4 8
3 6 14
2 4 15
18 22 8
4 8 8
11 15 3
3 5 8
8 10 14
12 16 14
15 17 4
19 22 12
8 11 5
10 12 13
23 4 2
22 1 12
11 13 15
12 14 7
22 0 11
16 19 14
16 19 15
11 15 1
12 15 8
4 8 14
11 14 10
11 15 15
16 20 9
21 23 6
13 16 10
12 16 3
8 11 15
0 5 10
20 23 2
10 14 8
10 14 9
12 15 12
18 23 2
13 16 10
18 21 7
21 0 11
6 10 4
17 21 7
12 13 4
16 18 10
8 11 13
12 15 3
6 10 13
14 16 1
21 1 4
6 10 1
14 16 15
11 14 10
10 12 4
1 4 11
21 0 13
6 8 12
20 22 13
3 7 10
3 8 10
0 2 2
3 5 15
10 12 5
12 15 12
21 23 14
11 12 4
20 23 13
18 21 4
12 13 5
19 23 3
10 12 2
1 4 1
8 10 7
17 20 1
16 19 14
8 12 14
3 5 7
3 6 9
14 18 7
16 19 3
13 17 15
20 1 6
10 15 13
22 1 4
17 20 12
17 21 10
23 1 12
22 2 3
7 10 12
2 5 15
8 10 10
1 2 2
19 22 8
12 15 7
2 6 13
5 7 15
5 8 8
22 2 9
17 19 5
20 21 8
15 17 15
17 21 11
22 0 4
10 12 3
23 1 15
22 3 8
1 4 7
22 1 13
21 23 8
10 13 14
15 17 1
10 14 2
21 0 13
12 14 14
8 12 5
6 9 7
0 3 6
19 22 11
3 6 10
2 6 11
23 3 4
21 1 4
12 14 10
7 9 8
4 10 6
21 1 15
21 0 10
2 7 1
19 0 14
20 22 15
21 22 1
4 6 11
23 0 5
3 4 9
0 3 5
22 3 15
19 22 10
9 14 3
14 16 10
8 11 4
7 12 3
16 18 12
4 5 10
9 13 4
0 2 7
13 16 10
20 22 12
10 15 5
12 16 5
14 17 14
12 16 11
15 17 12
0 3 14
11 14 11
1 4 11
21 0 2
15 18 10
7 10 14
8 11 6
19 23 14
16 17 14
0 3 7
10 14 7
2 5 4
20 23 5
4 6 6
11 13 8
16 20 12
8 11 7
17 21 11
11 14 11
3 7 9
18 22 6
8 13 9
20 22 5
10 13 7
4 7 5
5 9 4
11 14 3
9 12 6
20 23 12
6 8 9
14 18 3
3 6 12
23 2 9
19 22 9
5 8 8
15 17 13
10 13 5
2 3 2
7 12 4
13 16 4
8 13 4
9 12 12
13 17 1
7 10 4
14 16 11
21 1 11
3 7 4
15 17 1
14 16 2
16 19 10
21 1 9
5 8 8
23 2 13
4 6 13
6 11 15
22 23 10
9 12 2
7 12 9
6 10 1
17 19 8
1 3 8
13 14 5
22 23 13
5 7 3
11 16 9
16 20 3
13 15 3
10 11 8
14 16 5
11 16 15
2 6 6
23 4 5
11 15 4
20 0 14
23 1 14
15 17 13
15 18 9
8 10 5
12 15 2
21 0 1
21 22 8
13 14 14
11 15 7
17 20 7
22 2 12
6 9 1
7 10 7
13 17 12
12 15 12
6 8 1
6 9 13
15 17 10
22 0 13
17 20 13
7 9 5
22 1 9
7 11 14
9 12 7
17 19 2
12 15 2
17 22 12
14 18 13
10 13 2
18 22 10
6 10 7
8 11 15
20 23 3
18 21 2
8 13 14
7 9 15
23 2 11
7 10 1
8 11 4
11 15 5
7 8 4
2 3 11
4 8 15
14 17 10
2 4 15
2 4 11
1 1 11
12 15 2
22 1 11
7 10 15
1 4 6
13 17 4
16 19 13
1 4 8
7 11 10
5 9 7
17 20 10
15 18 8
6 10 2
14 18 7
19 22 13
5 7 15
5 8 13
18 20 7
3 5 2
16 19 7
2 6 7
14 17 7
4 8 8
3 5 3
22 2 8
2 5 13
17 18 10
18 20 5
6 9 11
15 18 8
22 1 3
23 4 11
13 17 7
0 2 1
17 17 8
20 0 6
10 16 9
0 2 8
18 21 14
22 1 2
19 23 5
11 14 10
9 13 12
19 22 12
20 0 7
18 20 4
15 17 14
22 2 11
20 22 10
5 7 5
15 19 13
4 6 1
1 5 15
7 10 5
8 10 12
12 15 12
5 6 14
20 22 4
7 10 7
11 13 1
21 1 13
18 23 15
12 16 6
18 20 6
22 0 1
14 19 3
15 17 1
13 18 9
12 15 14
18 22 4
6 10 10
22 0 13
1 5 6
0 4 5
11 13 5
17 20 15
19 22 15
8 11 9
6 10 9
23 3 9
0 3 15
14 17 13
22 3 2
0 4 6
17 20 5
10 13 9
6 9 8
3 6 10
17 18 7
11 14 3
2 6 8
14 17 2
5 6 7
11 14 4
18 22 10
10 13 7
4 6 3
0 2 3
16 20 1
9 11 14
19 23 13
1 3 15
22 23 8
18 21 3
10 13 9
16 19 13
13 16 8
11 15 6
14 16 15
0 2 13
15 19 8
7 10 15
15 18 10
19 21 15
2 4 12
15 19 13
23 1 4
18 22 8
22 0 2
8 10 1
0 3 15
15 17 2
8 10 2
14 16 4
1 4 10
6 8 14
13 15 12
18 21 6
8 11 1
20 21 10
8 9 7
16 18 6
7 11 1
6 10 13
20 23 9
13 16 5
18 21 10
10 11 12
16 18 11
17 21 11
19 22 11
17 20 13
3 6 3
21 1 9
9 12 10
16 19 15
5 10 11
8 10 12
4 6 5
13 16 9
14 17 11
6 7 15
8 11 10
4 8 5
23 0 9
20 1 8
7 11 6
16 18 12
2 4 15
10 12 9
17 19 9
1 4 12
14 18 4
23 3 8
8 10 11
23 2 13
10 13 14
3 6 8
12 16 7
15 18 5
0 3 11
5 9 8
6 7 13
4 6 10
19 22 6
11 15 2
8 10 8
23 3 5
19 22 12
9 12 6
9 12 15
21 22 5
7 12 2
8 12 4
6 9 4
19 23 12
17 20 11
10 13 6
3 6 9
21 1 7
13 15 8
20 23 11
17 22 2
13 17 4
10 11 5
11 13 4
23 3 11
19 23 4
10 12 10
20 22 13
13 18 12
9 11 1
10 14 4
0 3 11
2 4 9
11 14 7
14 16 5
8 12 10
6 8 8
16 20 3
8 11 11
1 4 8
9 12 14
14 18 2
7 10 15
15 18 9
10 11 2
21 2 15
13 16 1
11 14 3
13 16 7
21 1 14
0 4 6
1 4 4
0 3 3
19 22 8
14 16 13
20 22 9
6 9 6
0 2 6
13 17 6
3 5 1
8 11 3
17 19 10
17 20 14
1 4 7
6 10 10
17 20 15
3 4 1
22 2 1
9 10 1
12 16 1
17 20 12
0 4 6
2 6 10
9 11 1
5 10 13
3 7 14
17 20 9
5 9 9
9 11 12
11 13 7
9 13 7
23 1 4
15 18 7
7 9 11
22 0 13
12 16 3
16 17 10
14 18 1
4 7 1
13 15 9
2 7 10
8 10 13
17 20 4
22 2 13
12 15 4
18 22 9
21 23 12
12 15 5
11 14 6
18 20 2
8 11 11
20 1 7
12 14 3
11 14 9
21 23 9
17 21 11
16 19 7
3 6 3
14 16 1
19 19 6
13 14 11
6 9 15
15 19 9
21 23 8
16 20 15
14 18 14
14 18 10
14 17 5
18 20 7
18 20 3
2 6 2
10 11 14
4 8 8
16 19 8
5 8 1
20 0 4
20 22 2
8 11 5
9 12 7
19 20 5
11 13 13
12 16 2
7 12 14
2 4 10
19 22 2
14 17 13
19 23 9
8 11 6
4 8 14
12 14 15
22 1 6
17 20 7
13 15 6
10 13 8
0 3 13
12 15 14
8 11 9
5 8 12
18 21 9
21 0 1
5 8 4
13 16 13
21 0 6
22 0 11
12 15 6
7 10 7
7 10 13
10 15 7
8 9 5
16 20 3
1 3 3
11 13 9
16 17 9
0 4 7
4 7 11
17 20 6
1 4 4
9 12 12
18 21 12
10 13 15
13 16 12
5 9 15
6 10 15
11 12 4
4 7 13
14 17 10
10 14 4
1 4 15
14 17 3
21 22 3
9 12 5
20 22 15
22 0 4
2 7 8
4 6 1
16 19 6
16 19 8
15 17 2
7 10 8
21 1 8
13 18 7
12 15 13
12 15 5
4 8 10
10 13 15
2 6 14
17 19 5
15 19 5
10 13 2
10 13 6
6 9 2
10 14 15
21 0 13
19 0 13
7 10 9
1 5 12
18 20 6
11 15 6
19 23 14
19 21 13
0 3 14
16 20 1
18 22 10
1 3 15
21 1 6
3 7 8
4 6 4
14 16 2
6 8 15
3 8 15
23 2 15
3 7 2
13 14 1
3 8 3
13 16 4
1 3 13
7 11 14
4 7 10
14 15 3
7 10 8
19 22 15
0 3 13
6 9 2
2 4 6
15 17 6
12 15 2
6 8 8
19 20 15
11 13 4
22 1 9
22 1 11
0 4 13
13 14 3
3 8 4
12 16 6
3 5 12
14 18 5
9 13 8
0 1 2
7 11 13
1 3 6
0 3 7
18 20 12
10 13 15
17 22 14
20 23 6
10 12 3
23 4 2
0 4 3
23 4 11
4 7 2
12 16 14
23 3 6
21 0 12
3 6 13
9 13 13
10 12 10
19 0 6
9 12 2
12 16 6
7 10 13
9 13 5
9 12 10
17 20 5
20 1 7
7 11 12
19 23 13
11 15 5
12 15 3
6 9 15
21 0 4
15 18 14
22 1 12
20 0 4
11 13 14
15 17 8
5 8 14
5 8 12
3 7 15
21 0 7
9 11 14
16 20 7
8 11 7
4 5 6
20 0 11
20 22 3
23 3 6
12 15 12
11 14 4
5 8 8
22 2 14
21 0 14
9 13 6
16 20 15
16 18 5
17 21 4
4 6 6
12 16 13
13 15 11
12 15 3
4 8 1
1 5 6
13 17 1
12 14 4
13 16 4
1 6 9
5 9 10
14 15 7
7 9 8
7 9 5
15 17 7
12 15 12
13 17 5
14 16 3
5 8 6
1 6 11
23 0 12
23 4 7
17 20 14
0 1 10
8 12 1
11 13 14
17 20 11
15 17 12
21 23 7
18 22 6
0 3 15
23 3 10
16 20 1
21 0 15
19 22 4
11 13 9
0 3 6
23 1 15
9 12 2
12 15 14
22 1 5
5 10 6
16 20 11
13 14 14
21 1 13
14 17 9
8 11 4
3 6 2
19 23 1
10 12 12
17 18 15
16 19 9
3 6 10
14 15 11
20 23 1
7 10 7
1 5 5
23 3 14
12 15 3
6 10 14
10 14 11
5 8 11
12 14 2
11 14 10
17 18 1
17 20 15
15 20 9
4 7 4
12 15 15
9 11 12
8 10 9
23 2 14
0 5 12
19 23 11
9 12 7
22 2 5
8 11 2
4 7 9
18 21 7
11 14 11
23 2 11
13 17 10
11 15 8
2 7 5
4 7 14
14 16 14
12 14 3
17 21 15
4 6 15
19 22 13
7 11 14
20 21 15
0 2 3
12 15 9
23 1 8
4 7 9
22 1 9
15 18 12
17 21 6
4 7 9
12 14 13
22 3 11
14 16 4
17 21 6
9 12 6
4 7 9
17 19 6
19 21 7
14 16 3
13 16 8
12 14 13
20 0 9
10 13 9
2 6 10
6 9 13
8 11 6
17 20 6
13 16 9
12 16 10
6 9 10
7 10 2
7 9 6
5 10 13
15 16 10
16 19 5
12 15 12
10 14 2
16 19 11
9 12 7
23 3 4
21 23 11
13 15 5
16 18 5
0 3 9
18 21 4
18 22 10
5 7 10
10 13 14
13 17 9
6 11 8
19 22 11
19 22 9
2 5 9
22 1 12
19 22 4
5 9 13
8 9 7
18 21 2
4 7 10
19 23 8
8 11 13
19 22 6
9 10 8
16 19 10
18 20 9
18 20 15
22 1 11
6 9 11
11 14 1
0 4 1
11 13 12
13 17 10
19 23 15
14 18 10
8 12 10
17 20 5
4 7 1
12 14 7
12 13 9
13 16 15
0 5 3
2 5 1
22 2 1
3 8 1
2 7 10
9 11 2
1 3 9
7 10 4
6 9 2
14 18 10
6 9 12
14 18 4
16 19 11
11 13 15
17 19 8
21 0 11
7 9 13
20 23 15
13 15 6
19 23 10
4 6 7
22 1 3
16 17 14
23 1 12
6 9 11
11 14 4
6 10 13
16 19 10
9 12 5
18 20 5
14 16 4
