300 12
8 7 5 1 3 6 10 10 3 3 4 7 
12 13 5
21 23 1
18 22 7
23 1 12
4 8 7
7 12 1
1 3 11
12 14 7
22 2 12
5 10 4
15 18 5
5 8 10
20 23 1
14 16 11
22 0 4
20 0 2
21 1 6
10 14 9
1 5 5
16 20 1
17 22 5
21 0 11
17 20 9
13 16 8
15 16 9
15 17 5
11 14 1
2 4 3
8 9 3
15 19 7
13 15 5
15 19 1
18 20 3
1 2 9
9 11 1
0 3 4
6 7 1
4 7 3
16 18 10
19 23 2
5 8 9
22 1 1
11 16 10
23 3 2
17 19 10
21 23 2
5 8 7
3 6 6
13 16 10
22 1 2
9 12 5
10 15 7
0 0 8
2 3 5
18 22 8
21 23 1
22 2 7
6 8 10
7 11 4
0 3 2
14 17 4
6 10 11
20 20 1
22 3 12
21 1 12
9 11 1
20 23 1
19 23 5
18 21 1
12 14 9
12 16 9
7 11 8
12 15 5
20 0 12
12 14 3
8 11 11
20 23 6
23 1 9
1 3 4
17 21 6
15 19 4
2 6 10
19 22 1
14 19 4
11 16 3
14 15 7
11 14 1
18 21 1
1 4 8
6 9 9
1 5 7
23 3 9
6 8 6
7 9 10
20 23 5
16 19 5
22 1 8
18 20 11
20 23 6
3 6 5
10 13 8
11 16 12
8 11 2
16 18 2
7 10 8
8 12 4
15 18 2
21 0 3
9 12 9
7 10 3
4 8 7
12 11 10
9 11 8
18 23 7
11 16 4
15 20 9
0 4 3
21 0 9
6 10 7
1 4 5
15 19 10
19 22 5
18 20 1
5 8 3
21 2 9
8 12 1
1 4 8
5 9 9
9 13 3
12 14 7
16 19 10
13 17 7
19 23 2
20 23 11
11 14 5
11 14 6
4 8 5
8 12 11
15 17 9
2 4 11
15 18 11
7 10 2
14 17 1
0 2 3
20 21 1
17 20 8
14 17 11
20 23 4
15 18 3
19 23 5
17 22 7
15 17 6
9 11 4
7 8 1
10 13 2
10 13 8
16 19 2
10 12 3
20 21 5
18 23 11
8 12 5
5 8 7
1 4 9
7 11 3
2 6 1
0 3 10
14 18 11
21 23 12
15 17 12
19 23 8
20 23 5
1 5 2
6 9 1
0 2 1
5 8 7
13 15 11
11 15 2
8 10 4
2 6 7
19 20 6
20 23 10
8 10 9
13 15 12
7 9 7
19 22 11
4 7 1
5 7 5
8 12 1
1 6 12
10 13 8
11 14 6
4 7 1
6 10 7
6 10 4
21 0 1
9 12 3
23 4 12
18 21 7
5 8 7
5 8 5
3 7 11
10 13 11
16 17 12
2 6 10
7 9 9
1 5 5
15 16 5
20 22 2
13 16 4
19 22 12
2 5 3
22 0 11
22 1 4
17 21 12
16 19 6
19 20 6
13 17 7
3 8 5
15 16 4
4 8 3
9 12 10
6 9 12
21 23 3
3 7 1
9 13 11
11 15 3
8 10 4
8 11 7
19 22 10
9 12 12
5 8 5
8 9 12
6 8 5
16 19 6
5 9 2
16 18 5
15 19 10
8 11 1
23 1 4
2 4 10
17 22 7
3 5 3
21 0 10
22 2 9
6 10 4
7 7 5
8 11 7
14 18 11
12 15 11
19 22 5
20 23 12
8 12 10
10 14 12
12 14 1
7 9 4
6 11 12
23 2 4
17 19 12
7 12 5
19 22 6
19 0 7
11 14 11
4 6 5
15 17 10
20 23 6
14 20 10
5 10 7
8 11 3
12 15 2
3 7 10
6 8 6
20 23 1
12 14 8
9 10 10
16 20 11
22 2 10
10 13 8
11 14 3
11 14 6
22 3 1
0 2 10
3 7 1
23 3 4
14 17 1
22 1 7
7 10 4
4 7 7
2 6 6
0 1 5
18 22 1
7 10 11
19 22 9
11 13 1
2 5 4
18 22 3
15 18 4
5 6 5
9 11 11
17 22 4
18 20 1
