900 12
6 6 2 9 1 10 2 8 8 10 1 6 
0 3 4
23 2 9
21 0 8
20 0 7
13 16 1
16 18 3
3 6 5
16 20 10
4 6 12
23 1 3
3 6 8
0 3 5
8 10 9
19 22 8
13 15 8
7 11 6
5 7 4
7 8 10
2 4 8
17 20 12
9 11 11
17 21 12
5 9 4
6 9 7
20 23 12
4 5 4
23 2 8
19 22 6
15 19 4
21 22 8
22 0 7
20 0 9
11 13 1
5 10 9
11 15 8
14 15 4
23 3 9
6 9 5
19 22 5
11 14 8
13 17 7
11 13 9
19 22 4
16 20 5
21 0 3
9 13 4
4 9 1
4 9 6
8 11 10
5 8 6
5 8 2
4 8 10
3 5 7
6 11 11
14 14 1
23 2 5
18 22 7
1 2 11
13 16 7
23 1 7
23 1 2
22 1 1
11 14 6
5 9 9
3 6 12
13 18 12
9 12 1
18 21 8
21 0 8
22 0 8
12 17 10
13 16 2
1 4 3
14 17 2
21 0 5
13 15 1
19 20 3
3 5 1
0 3 12
12 16 11
17 19 12
2 5 7
16 20 4
15 17 7
23 1 12
18 21 6
2 5 11
22 1 1
13 17 11
4 7 9
9 14 1
20 1 2
23 2 7
7 10 4
3 4 8
21 1 7
6 9 12
22 23 11
8 10 4
13 17 4
14 16 6
7 9 2
17 21 3
2 5 5
7 9 8
4 6 10
15 16 11
22 0 12
18 22 9
1 3 11
10 12 8
8 12 7
8 10 6
12 15 2
5 9 10
12 15 8
18 22 9
5 8 10
19 21 3
1 6 11
11 15 2
9 14 3
1 4 4
17 20 6
18 22 6
13 16 4
22 0 10
15 18 2
4 5 7
11 16 1
15 19 1
23 2 9
12 16 7
3 7 4
18 23 2
21 0 2
17 22 4
23 0 5
14 17 9
7 10 12
6 9 1
17 21 6
22 2 10
14 18 4
16 18 10
16 20 3
4 9 6
2 5 4
18 22 3
9 12 10
1 6 2
3 7 6
15 18 2
15 17 12
8 11 3
22 22 2
17 19 11
3 6 10
11 15 9
4 7 1
23 2 5
10 13 1
18 21 5
17 20 7
21 23 4
5 9 11
9 13 4
5 9 7
15 17 11
21 23 2
0 2 4
5 9 10
13 16 5
16 18 12
12 15 12
19 21 3
16 18 12
23 1 10
17 21 12
12 15 1
8 11 4
15 19 2
2 6 11
13 15 2
16 19 8
16 19 3
22 0 4
15 17 2
12 15 9
18 21 4
19 22 10
22 2 12
4 6 4
19 22 1
21 23 8
10 14 8
4 7 2
4 7 4
3 5 8
17 18 2
15 17 1
17 21 7
9 13 7
12 16 12
17 21 2
18 21 10
5 10 11
15 17 7
10 12 7
19 0 4
11 14 2
21 0 9
11 14 8
5 7 7
22 1 2
8 12 2
4 8 7
17 21 8
7 11 4
16 19 3
16 19 5
22 0 10
13 16 11
9 12 3
15 18 12
10 11 6
0 3 4
15 18 12
13 15 8
12 13 12
7 9 9
3 6 10
11 15 9
9 12 5
13 16 2
19 23 8
15 16 9
10 12 2
8 11 5
23 3 5
5 9 7
0 3 10
7 9 8
7 9 9
15 18 8
16 20 7
20 1 1
5 8 12
18 22 10
18 21 6
23 2 5
20 0 6
12 14 3
9 12 7
13 17 1
18 21 4
20 1 1
18 21 11
4 7 9
10 13 3
13 15 4
6 10 1
22 4 5
15 19 7
14 18 12
18 21 2
16 18 12
15 19 9
6 9 9
17 20 3
14 17 7
5 9 9
17 20 5
19 21 11
5 8 12
18 23 2
3 6 6
21 0 3
17 21 12
7 9 6
0 3 5
5 8 7
4 7 4
12 15 12
5 9 3
14 16 10
16 19 2
7 11 2
15 17 10
9 11 7
4 8 12
7 9 6
18 21 8
12 16 8
7 10 9
21 0 3
1 3 2
19 21 10
3 7 4
8 11 10
7 10 8
20 22 10
15 18 3
9 13 6
0 3 3
8 12 11
3 6 9
2 5 5
7 9 3
4 8 2
18 21 8
4 9 1
10 13 6
4 8 9
9 12 10
14 18 5
18 22 12
9 11 4
11 14 12
1 3 10
7 10 12
0 3 6
7 10 9
15 17 2
15 18 4
19 21 4
21 0 4
21 23 2
7 10 7
9 11 10
20 22 11
3 6 11
5 9 5
14 18 12
11 13 8
5 7 4
13 17 7
10 12 10
7 10 1
2 5 9
16 19 3
11 14 8
10 13 4
17 20 11
22 0 1
17 20 2
19 22 3
16 20 8
4 7 5
6 10 7
18 21 8
7 10 7
14 17 1
3 5 6
5 7 10
10 14 8
11 13 12
21 1 2
9 11 10
10 14 5
9 12 3
6 9 3
2 6 12
13 15 7
2 4 6
19 22 3
16 20 4
22 2 7
0 2 8
2 5 1
7 9 12
11 13 10
22 2 2
18 22 3
10 13 9
17 20 10
0 3 4
14 18 4
5 7 11
3 6 10
23 2 8
16 19 7
1 3 3
0 4 6
15 17 6
18 22 9
16 20 12
0 6 8
14 17 4
2 5 5
11 15 7
2 4 4
16 21 6
21 1 4
8 11 10
19 21 10
21 23 3
9 12 10
17 20 6
23 1 7
1 4 4
7 9 2
19 23 5
3 7 11
20 22 2
23 3 2
7 11 4
7 9 4
7 8 7
23 2 2
15 19 8
17 20 4
8 12 3
23 2 9
1 6 12
17 21 10
0 1 2
4 7 5
15 17 3
19 23 7
19 22 9
5 7 7
13 15 2
1 3 3
10 13 11
16 19 5
8 10 3
13 15 9
21 0 8
9 13 7
2 5 4
1 4 6
8 11 1
10 13 2
15 18 9
1 3 2
23 1 4
1 2 9
5 9 9
8 10 8
0 4 6
0 3 4
4 7 5
3 5 8
0 3 7
7 10 9
15 16 8
5 8 7
10 12 1
12 15 11
6 9 4
23 2 7
13 17 7
14 17 3
0 4 6
13 15 10
23 2 3
23 2 5
6 10 1
23 2 6
7 10 8
22 3 2
7 12 6
8 11 10
20 22 11
12 15 1
5 8 11
9 13 8
3 6 10
19 23 12
17 19 10
3 5 7
17 19 8
7 8 5
5 8 12
15 17 10
12 15 10
7 10 6
16 19 6
19 22 2
10 14 6
9 11 6
21 22 5
3 5 8
9 10 5
3 6 7
11 16 8
0 3 6
15 17 2
19 22 2
5 8 9
3 6 4
12 16 6
13 16 10
17 21 7
15 17 7
18 22 2
14 18 3
10 14 7
2 4 11
17 21 2
6 9 11
10 16 1
10 13 6
9 11 11
2 3 1
19 22 7
14 16 7
10 14 2
4 8 3
18 22 9
7 7 12
9 11 2
6 10 10
12 14 4
8 11 12
15 18 12
14 17 9
23 3 4
11 14 3
22 2 1
14 17 7
1 5 10
18 21 12
20 23 2
22 3 3
12 14 6
1 3 4
1 4 11
19 22 6
12 15 5
8 13 5
8 13 8
15 17 4
17 20 9
7 11 4
23 2 6
6 9 7
20 23 10
10 14 10
18 21 11
18 21 9
11 15 3
19 21 7
0 2 1
12 15 12
12 16 12
21 23 2
2 3 3
11 14 8
20 0 2
19 22 10
12 15 7
9 12 5
20 23 3
9 13 1
10 13 7
9 12 12
17 20 11
5 7 8
12 14 1
16 19 11
21 2 2
23 1 7
12 17 6
8 12 4
19 21 3
13 17 10
2 4 4
11 13 9
20 23 2
23 0 3
0 1 10
7 10 9
22 0 12
18 19 4
14 18 11
13 17 7
4 8 4
4 7 11
23 3 3
4 7 5
6 10 12
13 16 6
21 0 4
5 8 11
23 1 6
9 11 3
16 19 6
11 15 4
17 19 11
20 22 11
9 14 3
20 23 6
13 15 11
21 23 5
3 7 11
15 18 4
4 7 4
19 22 8
13 18 11
7 10 3
18 22 2
11 12 6
0 4 3
18 21 10
13 15 10
11 15 3
12 16 5
14 17 6
4 6 10
1 3 4
4 6 9
20 1 10
18 23 10
19 21 5
3 5 8
19 23 6
7 12 8
15 19 4
2 4 2
9 10 6
1 4 1
4 7 8
0 3 12
14 17 7
2 4 7
3 7 11
12 15 8
16 22 6
6 9 6
16 21 7
22 0 5
4 8 9
22 2 8
13 17 5
16 19 3
6 9 7
1 4 7
8 12 3
5 8 2
12 15 3
13 17 11
22 2 5
7 10 4
8 10 9
12 14 2
9 11 6
11 13 7
22 2 12
20 23 5
4 7 5
14 17 3
5 8 6
16 20 6
4 7 2
23 2 8
10 13 3
0 3 2
5 7 2
9 12 12
9 13 2
3 6 6
1 2 5
10 14 12
18 19 8
17 20 7
1 3 2
12 17 2
12 16 4
7 12 7
4 7 7
20 23 10
15 18 2
23 2 2
4 8 9
16 19 2
4 6 5
21 23 5
4 6 2
12 15 5
10 15 11
0 2 2
7 10 12
18 21 1
15 18 8
1 5 3
11 13 4
9 10 1
15 19 9
8 11 11
19 23 2
12 15 4
16 19 5
18 19 11
2 5 7
14 19 5
16 21 7
14 17 9
0 4 10
9 13 4
23 2 2
20 0 2
5 9 10
22 0 7
2 5 6
6 8 9
13 15 12
23 0 11
3 6 6
23 5 1
3 7 6
7 10 12
23 1 9
23 2 9
23 4 12
20 23 6
2 6 7
0 4 8
23 0 8
10 13 4
17 20 9
9 11 9
7 10 6
1 5 5
22 1 8
10 11 9
12 15 4
22 1 7
22 2 7
16 19 12
15 17 6
20 23 2
18 20 3
8 10 1
2 5 6
8 10 5
10 13 9
22 0 7
22 3 2
19 21 6
16 19 12
1 4 2
21 23 3
16 19 3
21 0 9
20 23 3
4 5 5
3 5 9
13 16 12
4 7 2
19 21 10
21 0 9
23 1 12
13 16 1
11 15 4
15 19 10
15 18 8
2 4 9
18 21 4
21 0 10
20 22 10
12 18 11
20 0 1
6 9 4
17 19 5
23 2 5
20 1 2
22 0 1
7 10 2
14 17 12
9 13 7
5 9 11
18 21 5
13 15 11
17 19 4
22 1 11
7 9 5
3 6 8
6 11 5
15 18 11
2 4 10
16 19 9
1 3 6
1 4 11
9 11 2
3 6 8
12 14 3
5 8 11
12 13 5
7 12 9
17 19 9
9 10 6
16 19 12
15 19 1
21 0 3
6 8 12
8 12 11
10 11 9
8 12 7
16 19 7
22 1 2
10 13 11
1 4 10
19 23 6
1 5 12
6 8 12
22 0 4
21 22 9
3 6 7
15 19 11
4 7 11
23 0 2
16 20 1
17 20 12
21 0 4
0 5 2
9 13 2
2 5 4
12 15 5
20 23 10
3 6 9
8 11 3
2 5 1
3 8 10
6 9 4
19 0 4
9 11 10
16 17 7
13 15 3
10 13 12
10 13 5
4 8 1
11 14 3
13 17 5
23 2 4
8 12 6
22 23 5
0 3 4
13 14 6
11 14 1
14 15 2
8 11 7
20 0 9
15 19 9
3 5 11
21 2 3
6 9 12
23 1 10
23 2 9
17 20 3
15 17 2
13 16 5
7 10 4
1 4 5
19 21 11
12 14 8
16 20 8
6 8 8
11 14 9
16 20 1
0 3 6
16 20 11
20 23 1
7 9 8
0 4 10
2 5 1
15 17 11
2 4 12
22 2 2
9 13 5
16 20 3
2 5 4
14 17 11
5 10 9
13 15 1
16 18 3
19 22 11
2 7 7
4 6 1
8 9 10
0 4 8
18 20 6
12 15 3
2 5 3
10 14 3
10 12 1
10 14 3
20 0 8
11 15 11
5 9 2
7 11 2
1 3 5
2 5 9
18 22 2
22 1 2
7 11 1
20 1 3
23 1 7
8 12 7
