1600 13
6 1 3 1 7 4 7 9 7 1 8 9 9 
15 17 11
20 22 13
7 9 5
8 10 6
16 22 2
10 12 7
11 16 7
6 8 2
17 20 12
22 1 10
22 1 6
3 6 1
4 6 9
4 6 1
12 14 2
17 21 6
19 0 3
13 16 12
22 0 8
5 10 6
17 22 10
10 12 4
21 1 4
23 1 11
0 4 10
15 17 11
8 10 5
6 10 6
14 18 6
17 20 4
11 14 1
3 6 3
20 2 10
1 3 9
16 19 8
5 9 10
21 1 12
17 20 11
4 6 11
6 9 6
13 15 4
23 2 9
18 19 10
8 9 13
0 2 9
8 10 11
7 10 10
8 10 13
21 0 8
1 5 5
18 22 12
6 10 10
14 17 8
1 5 10
3 6 7
0 4 8
17 19 5
5 11 8
14 17 3
8 9 11
18 20 12
0 2 7
21 2 11
17 20 12
15 18 8
13 15 8
18 20 12
14 17 7
15 18 8
20 22 1
23 2 1
14 17 2
4 4 5
3 5 6
10 13 4
21 2 7
18 21 8
7 9 8
10 12 9
0 3 10
20 0 1
20 22 11
17 19 6
11 16 2
10 13 4
16 21 5
8 12 3
5 8 7
1 4 4
16 18 8
0 4 12
12 15 11
17 20 8
10 11 4
11 15 10
18 21 4
21 23 13
9 11 9
12 15 10
23 1 5
7 10 13
14 17 2
20 0 7
15 19 12
23 2 13
17 20 5
19 22 10
16 18 5
15 19 9
20 0 8
14 17 4
5 7 9
9 14 3
23 3 6
22 1 7
13 17 1
19 22 10
20 23 9
14 17 13
4 7 12
16 18 10
4 5 13
13 16 8
9 12 2
11 14 12
8 12 6
22 0 11
0 2 2
2 5 10
14 18 7
4 7 11
5 9 3
16 19 2
13 17 9
7 10 8
9 13 10
17 18 2
16 20 6
14 16 6
21 23 3
7 10 6
8 12 7
2 7 8
7 9 13
7 10 11
10 14 12
4 6 6
10 13 8
15 18 10
17 18 2
7 9 1
4 7 5
4 7 8
16 20 2
13 17 5
13 17 3
17 20 6
18 22 2
14 18 10
9 12 13
10 13 3
16 19 2
16 18 4
4 7 5
2 4 6
11 13 7
15 18 13
2 4 2
1 4 10
21 0 10
6 8 1
5 8 4
0 3 10
2 6 6
20 22 4
15 18 9
15 17 6
10 13 9
22 1 9
11 13 2
1 6 7
13 15 9
16 20 11
10 14 2
19 21 9
0 4 13
14 17 11
13 16 7
8 9 6
4 6 2
8 11 11
4 9 9
20 23 2
14 15 6
10 11 9
6 10 1
6 10 10
21 22 10
6 11 11
11 13 11
8 11 7
13 15 2
23 2 10
18 20 8
10 13 6
19 21 4
20 23 3
17 21 1
15 19 13
11 15 9
8 11 10
22 1 11
9 11 1
12 17 7
6 9 12
0 4 10
13 17 1
10 14 9
8 11 6
22 1 4
18 22 13
23 2 12
9 13 7
19 21 11
13 18 9
9 13 7
23 1 7
15 16 10
19 21 13
14 17 12
13 16 1
19 23 12
22 1 9
4 7 8
19 22 6
10 14 8
23 3 1
8 12 5
5 9 3
3 6 13
18 19 2
9 13 8
18 20 11
4 7 6
4 7 6
12 15 10
16 20 4
20 23 10
5 10 7
5 8 10
3 6 1
22 0 9
7 11 4
6 10 12
2 5 3
2 5 6
10 13 12
0 4 6
23 3 3
3 5 12
16 19 8
23 2 3
10 13 6
14 19 12
3 5 13
15 18 12
20 22 3
12 15 3
7 11 13
19 22 4
8 12 4
16 20 13
21 0 9
4 8 10
17 20 6
20 23 1
22 1 4
3 7 13
10 12 6
17 20 9
10 14 3
2 5 6
4 8 1
7 10 11
12 16 9
10 13 6
16 20 3
16 21 9
13 17 6
11 14 13
6 7 10
15 19 1
22 1 4
23 2 3
16 20 11
12 16 12
12 15 6
9 13 13
16 18 2
2 5 1
4 8 2
10 15 4
18 22 6
16 17 9
20 0 7
22 0 5
8 12 4
2 6 3
6 11 13
13 17 12
17 21 3
8 9 8
16 20 5
4 7 1
11 14 1
17 21 9
1 3 4
3 7 9
10 11 8
22 0 6
15 20 5
19 22 2
18 21 9
11 16 9
21 1 5
23 4 13
6 9 10
1 3 5
23 3 5
20 2 9
12 14 1
0 2 4
10 13 6
0 3 13
23 2 13
22 3 11
22 2 2
15 17 10
18 21 10
6 8 9
18 19 2
14 18 2
11 14 5
15 16 10
14 17 13
1 5 2
9 12 12
10 14 3
22 1 7
5 10 10
13 16 2
10 14 4
7 9 12
15 19 11
8 11 10
2 4 6
0 2 1
12 14 12
9 11 7
3 7 9
20 0 4
19 0 7
19 22 5
21 23 3
4 7 11
9 11 2
17 19 7
6 10 1
20 23 5
9 12 2
12 14 13
1 4 2
8 12 13
20 23 8
23 4 3
6 8 1
6 10 7
3 6 1
18 22 5
8 9 7
22 2 11
1 4 9
3 8 10
1 6 3
16 21 5
5 8 8
23 2 5
6 8 6
18 22 8
0 2 5
6 9 4
2 4 13
14 15 5
2 5 3
0 2 6
22 2 6
23 1 12
20 1 4
7 11 11
8 11 11
15 18 12
15 18 3
3 6 3
5 7 9
23 2 13
5 7 9
11 15 13
4 8 8
9 12 11
13 17 13
10 14 9
1 2 2
16 20 10
21 0 3
10 14 11
21 23 10
10 12 11
3 7 2
21 0 9
22 1 9
14 16 4
16 20 8
1 5 7
4 7 6
13 15 10
10 14 11
13 17 7
9 10 1
6 8 10
6 8 11
23 3 11
6 10 5
11 14 12
7 9 9
4 7 13
18 20 8
5 7 1
10 11 6
6 11 4
9 13 8
7 10 1
18 20 3
23 2 5
9 14 12
12 16 10
20 1 4
6 10 6
21 22 4
2 5 6
3 6 7
0 2 2
17 21 5
22 4 6
21 1 8
19 23 1
22 1 1
16 20 8
22 2 2
11 12 11
15 18 10
19 23 11
11 14 9
10 12 7
1 5 6
18 20 3
5 8 5
5 9 8
14 17 12
20 23 13
19 21 13
0 2 12
23 1 3
8 9 12
10 14 7
19 23 10
15 19 12
6 8 7
7 9 7
8 12 13
18 21 9
22 1 10
5 10 5
2 5 2
16 17 8
17 21 12
18 21 8
4 7 4
19 21 11
10 14 5
11 16 1
19 23 6
15 16 8
2 6 7
3 6 2
5 9 5
18 21 10
9 10 13
23 2 8
12 15 11
21 1 6
7 9 9
6 9 11
21 22 1
22 0 8
21 1 11
9 12 13
5 7 12
17 21 5
2 6 2
3 5 9
21 0 9
5 8 12
7 9 6
9 11 6
20 23 3
16 18 8
9 11 1
3 7 3
11 13 3
1 3 11
1 3 4
4 7 6
18 21 11
23 4 7
13 14 9
22 3 6
14 17 2
22 3 8
23 1 5
21 0 9
9 11 11
1 6 12
23 3 10
12 13 3
12 16 13
1 5 5
19 21 2
7 9 13
16 19 4
19 21 13
8 11 11
14 16 8
5 7 6
9 11 11
21 23 10
11 13 6
15 17 12
16 19 1
21 0 6
4 7 5
16 20 10
16 19 12
14 17 9
11 16 4
8 12 12
5 9 8
21 0 1
19 22 4
14 16 1
21 0 4
4 8 8
23 2 4
4 7 2
21 23 6
2 8 11
17 21 2
23 1 12
11 15 1
19 23 2
12 15 12
4 6 10
16 18 4
11 14 6
15 19 9
0 1 5
7 9 13
1 5 11
15 18 10
2 4 8
4 11 2
15 20 11
13 16 11
9 10 12
2 4 13
18 20 13
21 1 11
18 21 9
21 0 6
7 11 4
16 19 12
18 22 7
17 20 9
12 15 10
9 11 13
16 19 3
8 11 10
3 6 13
12 14 11
14 17 11
1 4 7
17 19 6
0 3 9
10 12 1
6 8 8
22 0 2
1 5 5
5 8 9
2 6 7
10 11 8
2 7 2
21 2 9
8 11 10
2 5 9
21 0 8
11 14 11
8 11 8
19 0 4
2 4 11
2 5 7
7 10 3
7 10 10
6 10 11
11 14 11
7 11 9
5 8 8
18 20 8
20 23 12
13 16 13
22 3 5
4 8 10
23 2 7
3 6 5
0 4 4
9 11 9
14 17 8
21 0 4
6 8 4
12 15 9
19 23 11
10 13 9
15 16 6
21 2 9
16 20 1
12 15 2
18 22 11
1 4 12
20 0 9
0 3 1
3 6 13
21 0 3
21 1 11
1 3 11
3 7 5
3 6 1
16 19 4
19 22 5
7 9 13
8 10 6
15 18 4
18 21 2
11 13 13
0 3 6
7 10 9
6 10 5
1 3 7
12 15 7
2 5 1
6 9 12
0 4 6
8 11 10
7 10 12
9 14 3
1 5 1
8 11 13
23 1 9
15 18 2
8 13 6
14 16 12
22 23 12
11 13 8
6 9 9
20 23 3
21 1 12
1 5 2
1 5 3
21 22 2
7 9 10
0 3 13
20 22 6
21 1 12
1 5 9
11 16 5
12 16 1
7 11 1
20 22 13
22 2 1
17 20 1
0 2 6
21 1 1
22 4 6
12 15 7
14 17 13
6 9 3
16 18 5
12 15 7
5 8 1
5 8 6
8 9 6
5 7 4
0 3 3
8 10 3
0 3 13
4 9 9
3 5 8
2 4 6
20 23 11
10 12 10
22 1 4
7 10 6
4 6 5
17 20 1
21 0 4
0 1 2
4 9 13
1 3 12
10 12 1
19 22 12
3 5 1
19 21 1
5 7 7
21 1 10
18 21 12
0 3 12
0 4 1
14 17 7
23 2 3
18 20 8
23 1 1
6 8 12
12 16 3
18 21 6
8 11 3
16 18 10
4 7 3
22 2 3
9 13 9
4 7 11
11 14 3
12 14 10
10 12 12
1 4 9
19 21 1
3 4 12
12 15 1
7 11 5
15 18 1
2 6 8
14 16 2
10 13 6
18 19 2
17 19 1
2 4 10
6 8 5
17 20 8
20 23 4
17 18 2
5 7 10
22 3 10
15 19 11
0 4 3
14 16 6
4 7 11
2 6 10
3 6 12
17 18 11
21 0 1
3 7 4
23 2 12
2 4 9
9 12 9
19 23 10
16 19 10
14 17 8
23 3 8
15 17 2
8 11 1
14 17 4
18 21 13
21 0 13
3 5 12
4 9 1
23 2 6
9 12 8
20 23 9
16 20 6
3 8 8
1 3 6
17 21 11
9 11 8
17 20 13
17 19 1
0 1 12
15 19 2
4 5 11
9 12 13
1 5 8
18 21 6
4 9 10
9 13 3
13 17 6
12 16 11
21 0 7
23 2 12
10 13 11
22 0 1
7 9 4
4 8 12
12 15 1
8 13 9
9 11 8
6 10 6
23 2 1
2 5 7
8 12 4
17 19 13
9 12 11
14 15 1
2 5 5
19 21 6
21 23 5
0 3 13
3 5 6
13 15 9
1 4 13
18 19 2
12 14 10
9 13 5
15 17 9
6 8 13
19 22 7
20 23 2
16 19 5
11 14 11
6 9 2
13 16 4
1 2 1
5 9 7
5 9 6
19 23 7
2 6 5
5 7 12
6 9 12
21 2 11
7 12 1
7 9 9
19 23 1
2 4 11
18 22 12
12 14 8
16 19 9
4 8 12
4 9 8
21 0 12
4 6 5
14 17 9
18 19 6
12 16 10
10 11 5
13 16 11
0 3 5
16 18 9
8 11 3
22 1 10
13 16 13
1 5 12
11 14 12
11 15 12
7 10 4
1 4 3
9 13 9
10 11 6
20 23 2
11 13 3
1 4 7
22 1 10
4 6 11
8 9 12
5 7 2
6 8 13
10 14 9
11 15 4
21 0 2
1 5 10
7 10 13
1 5 13
19 22 6
6 8 2
7 10 7
7 8 5
4 7 5
3 5 2
5 8 3
20 23 10
19 21 9
7 8 13
6 8 4
15 18 11
10 14 2
23 2 7
11 14 6
12 17 4
1 3 13
3 6 10
22 0 10
10 14 4
14 17 6
5 9 8
1 3 3
13 13 10
18 22 8
6 10 6
15 19 10
21 21 9
2 5 5
1 4 8
4 8 6
0 2 12
4 9 6
9 12 7
4 3 11
9 10 10
23 3 7
15 18 5
16 19 6
10 14 12
21 23 3
7 10 12
4 5 10
19 23 8
23 2 6
8 12 9
6 9 8
20 21 2
22 2 4
19 21 3
9 10 13
14 18 1
9 11 1
20 0 7
19 22 4
22 0 8
22 1 2
10 13 2
10 11 2
9 12 4
1 4 7
10 13 13
6 9 8
7 11 11
11 15 6
5 8 6
19 22 9
8 10 13
9 12 8
17 19 6
14 18 9
1 5 1
6 9 8
1 5 8
4 7 2
16 19 10
5 8 9
15 17 6
16 19 3
4 7 8
23 2 6
10 13 9
0 3 6
14 18 7
16 18 10
4 8 10
23 1 10
14 16 5
20 23 12
1 4 1
20 0 2
7 8 3
16 19 6
22 23 5
21 0 6
11 14 11
19 22 3
17 19 11
7 10 9
3 6 3
7 11 1
4 5 10
16 18 3
13 15 12
22 1 10
18 20 8
11 16 13
20 21 4
2 5 5
4 6 11
22 2 6
9 12 11
11 13 1
18 20 10
21 0 12
15 19 7
0 3 5
8 11 8
16 19 7
18 23 6
8 12 6
11 16 1
14 17 6
21 1 6
0 2 6
17 19 11
18 21 1
21 23 10
12 16 10
7 10 11
22 2 4
17 21 10
16 19 11
18 20 1
17 19 4
6 7 2
23 2 5
3 6 11
12 15 13
7 10 6
21 0 2
8 9 5
0 3 10
16 18 12
18 21 12
0 6 8
1 4 3
10 13 3
13 16 5
4 9 7
21 0 2
8 11 12
6 9 9
3 5 3
10 11 7
14 16 6
7 10 8
3 5 12
5 7 5
4 7 9
9 13 13
4 8 4
20 22 2
7 12 8
3 7 5
10 14 5
9 12 3
10 13 12
3 7 3
16 19 12
22 23 10
14 16 4
8 11 3
17 22 6
11 13 9
4 7 13
18 22 12
5 8 8
7 11 4
1 5 3
13 16 7
7 10 6
23 3 4
23 2 1
3 6 7
16 19 10
19 22 7
0 2 13
7 9 8
1 3 5
9 12 8
14 17 1
6 9 6
6 9 13
10 15 9
7 12 6
22 3 1
1 3 9
17 20 3
20 22 4
20 23 7
11 12 7
9 13 4
20 22 9
3 6 3
19 0 10
19 23 2
4 8 9
3 6 8
13 15 1
20 23 7
20 22 12
13 17 9
9 10 4
10 15 6
2 6 2
18 21 1
18 22 11
0 6 4
14 17 6
10 13 9
17 21 5
3 4 8
2 7 8
1 5 10
3 6 10
16 18 2
20 0 9
2 5 8
20 23 6
6 7 6
3 8 11
16 20 8
14 16 9
21 0 4
13 16 10
1 3 6
9 11 5
5 8 7
14 17 13
1 4 3
7 10 13
9 11 12
19 20 10
18 22 3
23 3 3
6 7 1
9 13 5
10 14 8
15 18 3
7 9 6
22 2 10
10 11 8
9 14 7
4 6 9
20 22 6
3 7 9
15 17 3
10 12 2
9 11 2
22 1 2
20 23 5
19 22 10
21 0 1
21 0 1
22 0 1
5 7 3
21 0 2
12 16 4
4 7 4
16 20 2
2 6 3
10 14 4
22 1 6
20 23 6
7 10 2
12 14 9
10 13 1
11 14 9
1 1 4
18 21 9
3 6 12
0 2 10
19 22 6
21 0 7
12 16 12
3 6 13
23 1 8
2 5 5
5 10 2
13 16 4
23 2 6
14 15 8
18 21 2
11 13 10
20 0 1
22 1 10
23 4 6
7 9 11
21 2 10
4 7 7
18 22 3
15 18 12
12 16 7
16 18 7
21 1 8
20 23 9
5 8 6
2 6 1
17 19 6
1 4 7
4 6 12
8 12 8
1 4 1
1 5 2
10 13 4
1 4 12
14 18 3
3 6 4
17 20 8
23 3 8
12 15 4
18 21 4
16 20 4
1 4 3
20 23 3
20 2 1
0 0 7
4 7 7
10 12 6
6 8 3
3 6 10
14 19 11
12 16 7
6 9 1
17 20 13
13 14 12
9 11 3
3 6 6
5 9 1
22 1 13
8 10 12
2 6 4
1 4 11
5 7 11
8 10 13
0 3 12
8 11 5
1 4 12
1 3 9
1 5 11
18 21 6
11 14 8
3 4 9
10 13 2
2 1 2
18 21 3
16 18 2
3 8 9
23 2 7
11 14 13
2 6 2
9 11 9
7 9 1
8 12 7
19 22 10
2 6 8
5 7 1
14 17 11
22 2 13
20 0 10
19 22 5
3 6 11
6 10 4
21 23 6
22 2 7
20 22 4
1 2 1
11 14 12
7 9 9
19 22 13
1 3 5
8 10 4
7 8 9
13 15 5
17 21 2
18 23 11
6 8 1
0 5 3
23 2 4
8 12 6
4 7 13
19 23 7
9 11 11
14 17 2
12 15 12
16 18 7
2 6 1
10 12 2
22 1 6
11 15 3
14 17 5
14 19 8
6 8 3
21 2 13
0 3 8
19 22 9
11 15 5
5 7 12
3 6 4
8 11 10
5 8 2
18 22 4
4 7 12
8 10 7
4 8 4
13 17 7
6 8 9
6 8 7
8 12 8
22 3 2
2 5 2
0 4 12
7 10 11
18 22 1
14 17 4
10 13 9
7 9 6
12 16 10
7 11 12
5 6 9
12 16 7
17 19 10
1 4 11
21 0 11
16 21 11
1 4 11
21 1 3
5 6 13
20 0 1
10 12 9
17 20 8
16 18 13
1 5 5
10 12 8
12 16 13
4 7 12
15 19 3
13 18 12
21 0 11
17 19 6
1 6 10
21 1 2
1 4 10
16 20 5
14 18 5
14 17 7
16 19 4
22 1 6
2 6 13
14 17 5
12 14 5
0 1 9
0 4 3
22 1 2
6 8 10
1 5 3
20 22 11
7 9 3
9 12 11
23 2 9
12 15 13
17 20 2
10 12 10
5 9 7
16 18 10
7 10 5
14 16 2
18 20 12
12 15 8
8 12 3
12 15 11
22 3 7
9 11 3
23 2 13
21 0 6
9 12 5
6 8 9
12 15 10
16 19 1
14 18 8
0 4 10
23 1 4
13 16 11
0 5 13
7 9 2
13 15 12
15 16 13
5 5 2
11 14 6
0 4 6
1 4 10
22 1 2
16 19 8
10 12 10
0 2 6
1 4 11
4 8 2
22 1 13
13 15 5
19 23 11
23 2 2
23 3 13
9 12 1
3 7 11
23 3 9
17 19 5
7 9 2
16 17 12
15 19 12
11 12 12
17 19 10
12 16 5
5 9 10
10 12 6
11 13 11
22 1 10
14 19 11
20 22 10
12 15 6
19 23 12
21 23 7
18 21 7
3 6 7
11 14 11
4 8 5
11 14 11
13 16 9
16 19 5
16 18 9
4 7 4
13 15 1
22 1 12
12 16 13
4 7 3
14 16 9
23 0 3
2 4 1
20 23 11
4 8 11
0 2 8
7 10 12
14 15 10
10 15 2
23 2 10
11 13 11
8 10 2
15 17 2
15 19 1
17 20 11
18 22 4
23 3 6
20 23 2
16 19 13
1 5 7
19 23 13
6 9 10
9 12 13
9 12 12
20 22 4
22 0 2
9 11 1
13 19 9
5 9 7
20 0 2
15 19 6
0 4 13
14 18 1
5 8 13
6 9 11
7 9 10
15 20 2
13 17 2
12 14 10
5 7 3
11 13 8
14 17 3
19 23 10
0 3 1
20 21 13
7 11 13
6 7 13
8 12 2
22 2 9
15 19 4
13 17 3
8 12 9
15 19 2
3 7 13
15 18 13
1 4 5
22 2 3
14 19 12
20 21 8
19 22 8
2 5 10
0 3 6
9 11 4
7 9 8
21 22 7
23 2 3
11 14 5
23 3 2
11 12 8
5 9 11
6 8 2
0 5 7
0 4 8
6 9 11
2 4 11
22 1 8
7 9 5
17 20 1
17 21 8
0 4 12
22 23 5
21 1 13
5 8 6
14 18 9
15 18 11
12 14 6
8 13 12
0 4 8
7 11 10
2 3 6
9 15 9
21 22 12
15 22 8
11 15 2
19 23 2
16 20 12
21 23 7
17 22 10
22 0 4
6 7 9
4 8 2
2 5 12
5 6 3
13 15 8
9 10 13
3 6 4
13 15 9
19 22 11
16 20 3
16 19 10
5 9 6
20 23 4
10 12 13
0 3 12
4 6 2
7 9 6
11 16 13
16 20 8
22 1 4
13 16 9
6 10 8
23 3 11
18 21 12
20 0 5
15 18 3
7 10 1
17 19 13
8 13 3
8 11 8
12 13 8
17 21 6
14 18 8
15 18 9
7 11 4
16 19 9
10 13 7
9 12 13
16 19 9
19 22 13
0 4 4
13 16 4
15 19 2
9 12 6
21 1 5
22 2 13
18 19 8
1 4 4
6 9 13
17 18 12
22 23 11
18 20 7
23 2 4
0 3 2
15 17 6
13 18 13
5 10 1
14 17 13
5 8 10
21 0 3
4 8 9
