300 13
7 5 3 6 7 2 3 3 1 8 7 6 5 
4 8 10
18 21 11
16 20 5
20 22 6
11 14 6
15 18 1
16 18 9
11 15 1
3 6 10
21 23 13
10 14 2
10 11 13
15 19 11
10 13 2
4 6 4
16 19 10
16 20 2
22 0 13
0 2 13
7 8 5
11 14 11
8 10 2
11 13 10
10 14 13
1 4 12
11 12 8
22 1 6
8 10 11
6 11 5
20 23 8
19 22 11
7 11 4
20 23 6
8 12 4
7 10 4
12 14 8
2 6 10
19 20 2
9 13 3
23 2 5
11 13 3
1 5 8
4 8 10
9 14 5
8 11 7
5 8 4
15 16 1
0 2 6
15 17 12
4 7 11
9 13 13
3 5 10
0 3 7
8 12 10
12 14 2
20 23 9
8 10 6
17 19 13
12 16 10
4 8 11
8 11 11
0 2 11
12 15 4
0 3 1
23 3 9
10 13 1
21 0 12
17 20 12
18 21 5
4 6 2
21 22 4
18 20 2
14 16 9
21 1 10
6 10 3
18 22 1
22 1 11
18 23 8
15 17 13
1 4 13
3 7 4
3 4 4
17 19 9
21 23 12
0 1 2
9 11 9
6 9 12
20 1 13
14 17 11
12 15 9
17 18 10
12 16 7
5 10 4
9 12 8
3 6 3
20 23 1
19 21 7
16 19 1
20 22 1
21 1 7
10 13 12
18 21 10
21 23 6
2 4 3
3 5 4
13 17 2
15 18 5
11 12 8
13 14 12
8 11 11
16 20 6
11 14 6
15 18 6
4 7 9
17 19 11
22 1 5
5 9 6
22 23 12
10 13 7
2 5 5
9 14 4
7 9 13
5 10 13
5 8 1
4 9 3
9 12 4
0 3 3
22 23 8
23 2 12
14 17 8
9 10 13
7 11 12
0 3 4
19 22 10
7 11 5
19 21 4
17 20 7
22 1 11
14 16 11
12 14 7
17 18 7
3 5 6
22 0 2
16 18 13
10 15 10
4 6 11
0 4 12
18 22 13
5 9 12
12 16 6
20 23 10
12 14 10
23 1 7
11 12 8
21 1 9
2 6 8
6 9 6
13 16 3
1 3 1
6 9 1
5 7 5
3 6 10
7 10 12
13 16 7
12 16 9
18 22 1
14 17 5
19 23 2
19 22 8
19 22 4
21 0 10
23 2 1
7 11 11
8 11 6
14 17 12
23 1 3
10 15 6
0 2 10
20 22 2
13 15 9
22 2 5
15 18 4
7 9 2
15 18 12
11 14 1
2 5 10
10 15 5
16 20 5
17 21 4
22 2 6
17 19 8
14 16 4
12 15 1
7 10 1
20 22 11
11 13 1
19 20 12
11 13 13
12 17 3
11 15 10
5 10 2
14 17 1
15 19 1
19 0 12
15 18 2
16 19 11
10 13 9
19 23 7
13 16 13
23 2 10
19 23 5
1 3 13
12 14 6
20 22 6
20 23 1
1 4 2
11 15 10
4 7 4
20 23 5
9 13 1
11 11 2
19 23 8
9 13 6
13 14 8
0 3 6
18 22 10
21 1 5
13 17 2
5 9 3
15 20 12
9 11 10
1 5 6
0 5 8
11 13 13
16 19 6
12 16 12
21 23 13
14 15 5
15 19 8
11 15 4
7 8 13
1 3 5
13 17 12
12 16 8
15 18 7
19 22 9
6 7 7
3 8 9
21 1 4
20 0 8
20 0 13
9 11 12
18 21 12
17 18 13
8 11 3
1 3 4
17 19 6
1 4 9
9 14 6
19 23 2
21 23 3
17 20 3
13 15 11
0 3 6
9 13 13
9 13 1
8 12 4
17 20 11
8 11 11
8 12 10
20 23 4
14 19 7
8 10 13
13 16 10
18 21 5
0 2 5
19 22 3
9 12 9
4 8 2
2 6 13
0 5 2
8 11 10
17 19 5
7 10 1
17 19 5
17 19 4
21 1 1
19 0 13
14 17 9
18 23 13
16 19 9
2 5 5
14 17 9
17 21 5
14 17 9
3 6 6
6 9 6
0 3 7
8 12 3
22 1 3
