1900 18
8 2 9 5 6 7 5 1 10 8 2 1 10 9 8 6 9 1 
23 2 5
17 20 4
2 5 18
14 19 3
8 12 5
23 2 17
18 22 11
19 22 12
17 21 4
5 9 10
10 12 14
11 13 18
1 3 14
2 4 6
13 15 9
22 0 16
2 6 10
12 14 9
3 7 12
6 9 16
19 20 13
10 11 12
2 4 13
1 5 11
11 16 12
9 12 18
19 22 14
22 3 12
2 4 6
15 18 6
19 23 5
19 23 12
8 12 2
23 3 17
16 20 13
16 20 8
9 13 14
8 11 13
22 0 8
20 0 12
0 3 7
13 16 18
22 1 15
13 16 11
22 1 14
5 8 3
1 5 16
5 6 6
19 21 3
16 19 9
0 3 9
4 7 13
9 13 12
16 20 9
6 10 16
11 14 1
13 17 16
17 20 11
8 10 17
23 0 4
21 21 15
4 7 14
19 21 1
14 17 17
16 19 13
17 20 1
14 17 15
9 14 2
8 11 17
2 5 16
6 12 8
22 1 11
4 7 1
17 21 12
2 3 18
21 1 5
23 4 7
22 0 12
4 7 11
4 8 14
23 2 8
9 12 18
6 10 12
4 6 8
20 0 13
3 7 8
15 19 6
12 14 5
15 18 3
11 14 6
18 21 18
8 11 9
9 12 7
21 0 10
18 23 5
14 18 12
15 18 14
17 20 16
3 4 11
19 22 13
17 19 18
12 13 8
17 20 12
4 5 9
12 15 18
2 5 4
16 19 18
5 9 1
17 19 10
2 6 17
11 13 6
3 6 9
20 23 8
7 10 2
20 0 3
10 13 12
10 13 10
20 23 3
13 17 11
1 4 8
10 15 3
20 22 15
3 6 18
1 4 4
0 3 10
12 13 5
18 21 14
16 19 13
10 13 17
4 6 17
12 14 16
14 17 15
3 5 2
17 21 18
0 3 2
19 22 14
11 15 15
4 6 11
21 1 5
10 13 8
14 17 18
13 13 15
0 4 6
18 21 5
12 16 6
10 15 8
16 21 10
12 15 13
2 2 12
20 0 8
1 2 1
9 12 15
3 6 17
6 9 7
1 5 11
12 15 4
7 8 16
0 2 2
6 10 11
17 21 10
22 1 15
2 5 16
15 19 1
12 13 2
5 9 11
23 1 1
5 8 9
3 6 1
0 2 14
20 0 8
23 1 7
23 3 17
6 10 14
18 22 7
10 12 6
8 11 2
7 9 10
16 18 15
6 10 10
13 16 5
15 19 14
16 19 3
5 6 14
22 2 4
21 22 6
16 19 17
14 17 1
7 9 7
10 13 4
10 12 5
6 9 6
3 7 18
5 8 10
16 19 18
11 14 11
2 5 10
14 18 18
3 7 8
18 21 4
13 16 10
10 12 9
0 3 16
2 4 16
12 16 7
3 7 2
21 23 4
7 11 18
3 6 9
10 13 6
21 23 2
15 17 13
15 19 9
17 19 10
11 15 1
23 3 10
9 12 17
11 17 9
22 1 3
20 22 11
17 20 15
10 13 17
2 4 8
2 4 10
16 20 15
21 2 15
15 17 15
8 11 15
1 4 6
12 16 3
8 12 14
7 11 8
8 10 12
23 1 12
8 9 3
0 3 6
10 13 1
8 10 11
14 16 3
3 6 7
6 8 15
14 16 6
21 23 18
19 22 1
17 19 12
18 20 1
8 12 8
9 12 4
2 5 5
7 8 13
23 1 8
7 9 15
15 17 11
19 21 9
7 10 6
19 20 14
17 19 2
0 3 8
1 4 15
23 2 13
12 16 2
8 11 17
21 0 2
2 3 15
13 16 8
3 4 15
8 12 13
12 16 1
14 20 14
10 13 8
17 21 12
7 10 12
16 20 2
0 4 9
10 13 2
18 21 2
6 10 13
15 18 7
5 7 10
12 16 12
10 14 6
9 13 18
8 10 14
17 22 6
13 16 12
12 14 4
10 13 11
18 22 12
8 11 9
21 1 16
4 6 2
15 18 15
5 7 11
13 15 5
5 9 9
5 7 6
22 1 8
7 9 7
3 5 7
23 2 3
1 3 14
0 3 5
12 16 6
7 9 16
8 11 16
13 17 17
0 1 15
9 11 13
16 18 15
5 9 10
16 21 5
2 5 10
23 3 4
2 4 3
4 6 14
15 18 6
12 14 10
6 9 1
6 9 13
7 7 18
23 3 15
9 11 17
7 9 6
4 7 16
0 4 7
7 11 2
10 14 17
13 15 6
7 10 2
14 17 1
6 8 11
15 17 13
21 0 2
0 3 17
1 3 17
20 23 10
5 7 14
15 17 14
12 15 12
18 20 14
14 16 17
8 10 3
4 6 6
17 22 16
4 7 16
0 3 13
18 21 2
1 3 16
5 11 6
11 14 8
8 12 9
13 15 17
15 18 15
10 14 4
6 9 17
9 13 4
13 16 6
6 8 11
21 23 10
0 2 12
10 14 15
5 8 7
23 4 16
0 2 12
5 7 1
8 11 10
19 21 12
17 20 5
20 23 4
6 9 16
12 13 18
0 3 4
22 1 14
7 9 8
5 8 11
16 19 7
0 2 3
19 21 13
16 19 3
6 10 6
7 8 6
23 2 18
13 15 15
19 0 4
1 5 3
19 22 15
19 21 1
2 7 2
0 5 10
11 16 6
2 5 5
19 0 7
14 18 13
19 0 13
15 17 5
21 1 17
3 5 2
22 1 2
19 23 15
17 21 14
11 13 1
2 3 13
6 7 3
8 12 10
15 19 2
9 11 12
21 2 6
9 12 5
22 1 14
21 1 7
3 6 17
18 20 1
10 12 14
9 11 1
23 2 14
4 7 8
7 10 16
16 18 16
8 9 10
10 13 13
9 11 9
0 2 17
14 18 12
18 21 14
4 6 13
11 15 15
21 22 9
7 11 9
17 21 14
4 7 13
14 16 18
10 11 11
1 4 11
4 7 12
21 0 4
23 1 18
8 13 1
6 9 17
4 7 9
19 22 12
0 2 7
7 13 6
18 21 9
12 15 9
22 0 3
21 2 15
13 16 13
19 23 4
21 0 4
11 14 6
15 17 11
22 1 13
18 21 14
6 11 3
9 12 14
21 1 1
21 2 5
6 9 14
11 15 3
15 18 14
22 1 14
22 1 5
6 11 14
14 16 16
2 4 9
12 16 5
9 13 4
13 15 15
16 18 18
21 23 7
8 10 2
14 17 9
0 3 18
18 21 18
7 11 9
22 2 10
11 16 18
7 12 1
7 10 10
8 9 11
9 10 9
5 8 11
4 7 9
15 18 11
6 8 10
23 2 2
0 3 7
3 6 1
7 10 13
4 8 10
3 6 1
15 17 6
1 4 5
6 10 3
2 5 15
4 7 13
15 17 2
5 10 2
15 17 9
3 7 14
2 6 18
14 17 6
22 2 17
17 20 3
23 2 11
8 11 15
15 17 7
12 16 18
18 20 12
18 22 1
3 7 7
15 21 10
12 14 17
0 2 2
7 8 2
9 10 7
17 22 8
18 20 1
21 23 15
1 4 6
21 0 3
12 15 9
5 8 7
15 18 2
11 15 12
1 3 8
7 11 12
14 16 14
1 4 11
13 16 10
8 12 18
2 3 16
8 12 11
0 4 12
3 7 9
21 0 6
5 10 1
5 10 6
13 13 18
6 7 13
5 8 7
16 17 8
6 9 14
14 16 17
10 12 1
2 5 3
11 15 14
5 8 13
21 0 10
4 8 10
18 20 3
14 16 15
15 17 10
22 1 5
1 3 17
17 20 16
22 0 18
3 7 3
3 7 8
9 12 6
4 6 10
23 1 9
7 8 9
4 9 10
12 16 16
6 10 17
0 4 15
23 1 6
6 9 9
10 11 8
18 23 10
2 6 15
11 14 13
4 7 17
14 19 15
7 9 5
21 21 8
14 18 16
7 9 18
23 3 10
3 6 6
17 20 7
15 18 3
4 7 11
18 20 17
18 20 3
5 6 7
6 9 17
15 17 9
19 21 17
21 23 10
21 23 9
12 15 11
2 6 1
11 14 8
5 9 10
11 13 13
1 4 12
4 8 13
2 5 15
9 13 17
10 15 4
0 3 4
0 3 16
16 21 18
6 8 2
21 23 14
8 11 17
10 13 13
16 19 16
21 0 9
20 1 16
8 12 4
3 6 9
17 20 3
8 11 16
5 9 4
0 4 18
15 18 13
16 18 18
4 8 10
19 22 15
11 15 1
20 0 6
7 9 11
6 9 5
1 5 16
13 15 9
5 8 7
11 14 8
7 11 12
6 8 3
14 18 14
14 16 9
6 9 9
9 11 16
21 0 7
10 11 13
0 2 9
18 22 6
3 7 4
17 20 10
6 6 11
20 1 11
7 11 6
2 5 2
7 11 1
1 4 3
20 0 3
13 16 1
22 0 9
22 0 14
16 18 14
6 7 9
1 4 1
18 22 7
23 1 6
8 12 13
21 0 12
22 0 13
22 1 1
9 13 1
12 14 14
5 9 2
23 3 17
5 9 14
19 21 12
5 8 10
15 21 13
10 15 13
6 10 7
12 16 4
5 9 13
13 16 2
22 3 9
6 9 7
4 6 6
15 18 3
3 4 15
19 21 1
21 1 2
1 4 7
13 15 12
8 11 5
0 1 3
22 0 11
23 3 13
3 6 9
3 9 15
7 12 3
7 10 5
12 15 15
6 8 11
11 14 6
0 4 3
7 10 13
11 12 2
8 12 10
11 13 17
23 2 15
21 2 18
20 0 7
23 1 2
21 1 9
4 7 15
15 17 18
9 13 8
10 15 4
18 21 8
3 7 5
16 20 1
5 9 14
4 6 14
2 4 9
3 5 17
4 7 16
14 17 10
23 1 16
14 18 2
18 22 4
9 12 18
6 12 15
15 18 17
7 11 12
3 5 1
9 11 7
15 17 18
19 22 8
10 14 2
23 3 6
17 22 6
15 17 4
2 6 3
1 5 17
16 19 13
10 13 11
14 17 4
19 21 13
17 20 5
4 6 3
18 20 16
14 15 6
19 21 12
23 1 4
6 8 10
3 8 8
20 23 18
19 23 8
23 2 12
14 18 10
23 1 4
17 22 3
18 22 14
15 17 18
15 18 9
9 12 14
14 19 7
21 0 3
22 0 10
13 15 4
16 19 11
18 22 8
4 7 2
18 20 5
22 2 7
7 9 5
2 5 5
13 17 2
16 19 3
15 18 3
1 3 7
23 1 15
19 21 10
8 11 2
1 3 7
10 12 12
15 19 17
17 21 7
22 2 6
21 0 15
9 13 2
23 2 14
9 13 12
15 18 7
3 6 8
5 9 9
14 16 2
14 17 12
12 17 8
6 10 1
11 14 11
14 15 11
6 8 8
16 20 2
16 20 17
3 5 1
17 19 4
16 20 1
22 1 12
1 3 14
15 18 11
9 13 3
12 16 13
14 18 13
2 6 2
8 10 7
22 0 6
14 17 13
13 15 17
16 19 14
22 0 7
17 18 12
17 21 1
20 22 17
16 19 15
7 8 4
7 10 17
15 16 4
10 14 18
8 11 11
5 9 18
8 12 13
14 18 13
16 20 13
17 21 6
11 16 15
23 2 9
1 5 11
16 17 13
17 20 17
13 15 5
1 5 2
15 18 14
3 6 1
8 10 5
23 2 8
13 17 11
17 19 9
0 4 7
8 11 7
9 11 11
2 5 1
14 18 4
2 4 5
21 3 3
9 12 9
6 9 15
1 4 4
14 16 14
13 16 17
17 19 13
3 7 8
11 16 17
3 6 3
22 0 17
20 23 1
4 7 5
13 16 16
14 17 3
10 13 5
11 14 7
20 21 12
14 19 5
10 15 4
5 7 10
19 20 17
6 8 8
19 21 8
20 0 15
5 7 1
0 3 4
18 21 14
21 1 14
11 14 13
4 6 4
17 20 16
5 8 15
20 0 17
20 0 10
20 0 16
18 20 3
3 6 14
2 6 12
16 17 4
22 23 2
8 12 6
14 16 1
2 5 4
3 5 18
7 11 4
13 16 8
3 5 17
0 1 12
19 23 13
3 7 18
17 21 5
4 6 2
9 10 4
18 21 5
12 14 17
5 9 13
23 2 17
11 16 5
8 10 10
0 4 4
18 20 8
14 16 10
3 6 16
20 23 3
0 1 2
21 21 3
3 6 11
15 18 9
1 5 1
11 12 6
23 1 11
6 10 9
14 18 3
4 5 15
14 17 11
22 0 8
5 8 16
12 16 15
18 21 7
5 6 8
13 15 15
15 18 7
16 19 14
12 14 3
13 17 9
5 9 11
9 12 2
18 21 12
5 8 18
2 6 10
21 0 15
18 20 14
2 5 16
13 16 1
6 7 4
13 16 15
12 15 14
6 9 16
10 12 3
13 15 14
7 9 14
5 7 15
1 3 18
6 10 5
19 21 13
0 3 14
9 12 15
1 4 3
20 23 12
4 9 17
11 13 4
8 11 17
5 8 9
18 0 12
22 0 7
5 8 3
16 21 17
22 0 18
23 1 11
13 18 16
3 7 12
14 17 12
1 4 5
10 14 12
17 21 9
14 17 14
6 9 15
6 9 15
15 18 15
5 8 5
19 22 15
23 2 1
20 1 3
12 15 10
5 10 10
2 6 5
3 4 14
17 18 7
11 12 10
1 6 10
23 2 15
3 6 17
23 2 5
5 8 18
8 11 3
22 1 18
3 7 12
2 4 9
3 7 1
23 1 5
1 3 10
19 21 5
19 22 5
13 16 6
0 4 15
22 0 15
22 2 11
21 0 15
21 23 14
5 7 5
10 12 15
3 7 18
0 2 10
2 3 11
6 10 18
2 6 8
7 10 7
1 4 3
10 14 3
9 12 6
8 9 1
0 2 10
6 10 13
4 5 4
23 0 16
13 17 10
8 12 16
8 11 5
23 1 14
23 1 13
12 14 3
23 3 13
10 13 15
14 18 12
17 20 1
15 19 5
3 5 1
13 14 4
18 20 5
19 21 9
7 9 6
20 23 16
10 13 11
6 10 7
21 1 7
17 20 10
5 8 8
14 19 13
14 16 11
2 4 6
0 2 1
10 14 12
4 5 17
2 4 11
8 8 18
5 9 1
20 0 5
3 6 11
19 23 18
11 13 1
17 20 5
21 23 14
6 9 15
5 8 7
16 18 7
11 14 3
3 5 18
4 6 3
18 21 18
5 7 4
23 2 11
5 8 12
20 22 17
11 14 5
1 3 10
7 10 2
6 9 9
2 5 15
5 9 1
19 23 18
21 23 4
3 6 8
7 10 7
21 0 7
23 2 2
23 4 17
2 5 11
14 17 2
7 10 4
21 23 18
15 18 9
8 11 7
12 15 16
2 5 16
15 19 15
4 9 17
6 10 12
0 4 12
14 19 17
14 16 3
4 7 5
8 12 3
8 11 12
0 3 3
8 11 6
20 21 8
7 10 2
16 19 5
21 0 6
10 15 6
7 9 14
4 5 5
15 18 15
7 10 14
10 13 5
9 12 10
15 19 15
22 3 11
22 1 9
16 18 17
11 12 18
19 23 13
16 19 16
5 7 14
16 19 1
10 13 3
15 18 13
6 9 18
19 21 8
11 14 4
16 19 1
21 23 14
21 23 3
15 19 14
21 0 7
4 7 7
12 14 8
16 19 15
9 12 9
3 6 5
9 11 2
6 8 9
10 12 13
4 6 7
8 12 1
18 20 16
9 13 10
8 11 8
17 20 1
0 4 7
8 12 9
17 21 3
7 9 17
14 18 9
6 8 8
15 16 3
11 14 17
17 18 2
10 13 14
19 21 14
4 9 18
7 9 7
21 23 17
0 4 3
5 7 11
7 9 2
23 1 2
9 11 13
11 13 3
17 22 1
12 14 6
22 0 4
0 5 4
21 0 1
23 2 9
4 7 3
22 1 3
5 9 17
22 1 2
2 5 10
7 11 12
0 4 16
6 8 4
2 4 13
13 17 9
15 19 4
11 13 4
17 18 8
22 1 11
2 4 3
22 3 15
17 20 3
16 18 14
11 15 4
2 5 12
14 16 1
15 19 16
2 5 8
16 19 9
10 12 3
7 10 12
22 1 7
15 19 10
3 6 11
17 21 9
8 11 12
13 17 18
5 7 5
2 4 10
17 21 3
9 13 8
16 19 3
11 14 12
9 12 12
6 9 9
23 1 2
21 2 1
17 19 11
20 21 15
10 12 3
17 20 13
14 17 6
3 6 10
13 17 9
8 10 1
19 23 1
20 1 4
7 9 14
16 17 17
6 8 5
23 3 9
4 6 17
5 8 14
17 19 7
18 22 2
19 23 11
3 6 2
22 0 15
1 4 10
18 21 5
19 22 15
1 5 10
0 3 15
12 15 9
10 14 8
4 8 17
22 2 18
7 11 7
23 4 10
17 22 4
20 0 7
10 13 16
23 2 5
10 14 5
7 11 9
14 16 8
9 13 6
14 18 12
18 21 11
17 21 16
16 16 9
10 14 7
12 13 6
23 2 8
2 5 1
10 13 10
1 4 16
9 11 13
2 5 7
5 8 6
18 20 16
12 15 9
0 4 7
14 17 8
12 15 9
10 14 16
22 1 16
3 7 12
9 12 12
6 9 14
17 21 10
19 21 11
13 14 1
11 14 14
17 21 12
10 12 12
7 8 13
17 19 1
11 14 5
17 20 14
15 18 1
12 16 5
8 12 1
22 1 18
10 13 11
17 18 12
2 6 2
21 22 4
5 7 6
7 11 1
10 12 6
11 13 4
21 0 1
15 19 4
3 7 12
9 12 11
6 7 18
9 14 17
6 10 1
9 11 2
2 5 10
18 22 4
17 21 14
5 7 2
4 7 12
16 18 3
9 14 1
2 4 11
18 23 7
15 20 16
12 16 10
17 19 14
2 5 13
10 14 18
19 23 10
3 5 9
18 21 2
7 11 17
4 6 7
4 6 3
19 22 10
8 12 4
14 16 6
10 14 7
12 15 6
20 0 13
18 21 12
8 11 12
23 2 3
23 2 15
5 9 18
0 3 6
2 5 13
11 13 15
18 22 4
2 4 18
14 16 16
23 3 10
13 16 18
18 22 18
7 11 8
7 12 1
22 0 17
0 3 11
23 3 5
13 15 16
0 5 9
8 12 6
8 11 5
22 0 3
21 23 1
21 1 11
16 20 5
5 7 10
19 21 14
0 2 14
19 22 8
15 17 10
20 22 10
20 23 17
3 5 11
10 14 10
23 3 11
22 1 13
5 9 11
19 22 10
20 1 17
12 14 17
14 17 1
3 7 12
4 7 11
10 13 14
8 12 13
10 14 10
9 13 10
1 3 2
9 11 8
13 17 12
5 8 10
16 19 17
18 21 2
19 22 3
14 19 1
3 6 17
0 3 15
19 23 16
2 5 3
5 8 10
19 22 17
15 16 15
12 14 15
22 1 11
2 7 8
12 15 1
14 16 3
19 21 6
17 20 7
5 10 16
20 0 8
5 7 5
12 15 15
21 1 1
13 16 15
10 13 3
5 9 10
0 3 3
7 10 12
7 11 16
20 23 18
20 0 2
13 16 16
19 22 4
4 7 11
7 10 1
1 3 11
1 6 7
22 1 7
15 17 8
22 1 12
0 3 2
20 0 17
6 9 5
12 16 13
5 8 9
23 3 5
6 10 9
20 22 6
17 21 9
0 2 6
15 19 6
5 9 7
23 2 2
15 18 8
8 11 2
13 17 2
7 11 3
0 3 13
19 22 16
11 12 2
5 9 4
11 16 18
21 23 16
0 4 4
4 7 8
22 0 15
21 1 3
14 15 15
5 7 1
15 17 9
8 12 4
15 16 7
20 0 1
23 2 11
4 8 9
23 1 1
6 10 16
2 4 6
18 22 11
20 23 18
20 23 4
11 13 4
9 12 6
12 13 18
13 15 12
12 16 6
17 20 9
6 8 5
16 19 3
6 8 6
23 2 10
2 3 6
17 21 15
20 0 15
18 23 2
19 22 6
21 0 15
1 5 5
4 7 6
20 23 14
15 20 9
20 22 4
19 20 18
20 22 5
22 3 4
0 3 12
22 2 5
17 18 9
9 10 11
11 14 8
20 23 5
15 18 6
23 2 8
21 23 1
11 14 14
4 8 2
6 12 14
0 4 5
17 21 6
7 11 5
23 3 6
8 11 8
5 7 10
14 15 16
5 8 17
19 23 15
14 18 16
11 16 16
1 3 6
16 19 7
6 9 10
19 23 1
4 7 18
1 4 5
10 13 9
2 6 6
21 3 5
18 19 3
22 0 9
1 2 2
12 16 3
3 6 15
16 19 15
18 21 11
5 7 9
11 15 16
11 13 1
6 8 3
12 16 5
9 13 2
4 8 13
10 13 4
5 6 10
9 11 12
0 3 18
19 22 3
1 6 8
11 13 13
13 17 14
0 4 3
12 15 9
21 1 14
18 21 11
6 9 3
20 23 11
1 4 1
16 19 4
5 9 5
16 19 12
9 12 7
21 0 15
2 4 14
11 14 10
19 20 13
16 18 5
7 10 18
23 2 6
8 10 10
8 10 7
10 14 10
5 7 15
18 20 3
11 15 1
12 16 2
4 6 5
1 4 16
19 23 14
8 11 9
21 0 11
4 9 11
15 18 6
7 10 14
8 11 12
8 13 9
0 2 16
19 22 3
11 13 13
23 1 11
7 9 8
12 16 11
22 1 17
12 17 10
8 10 8
9 12 15
2 5 7
8 11 1
8 12 5
15 18 15
22 2 10
6 9 11
16 20 4
11 13 6
23 2 17
16 18 10
16 19 6
21 1 14
2 4 10
16 19 12
7 10 2
6 8 8
22 2 8
12 15 7
4 6 6
11 15 17
2 4 5
5 9 13
13 17 11
21 1 4
10 15 1
1 4 17
2 4 9
8 10 13
3 6 6
0 4 3
5 10 15
13 18 13
23 4 5
17 21 8
19 21 8
5 7 11
12 17 12
19 22 8
3 7 2
4 6 14
22 1 10
21 23 14
20 23 18
19 22 12
21 23 10
4 6 8
12 14 9
17 20 18
10 15 1
20 23 11
2 6 6
23 2 1
21 2 13
19 21 5
8 11 11
13 16 8
10 12 4
14 17 3
12 17 11
4 7 6
2 5 8
15 17 1
14 17 8
20 23 10
3 7 8
14 18 1
8 10 2
16 19 7
4 6 13
3 3 3
7 11 12
20 0 4
0 4 18
14 17 17
20 23 18
13 17 4
5 6 10
17 21 13
20 23 16
2 5 12
11 13 3
23 3 10
13 16 5
8 12 10
3 5 6
1 4 14
8 11 5
5 8 8
18 20 1
12 14 13
18 22 8
2 4 14
8 11 16
14 16 7
15 18 10
11 15 10
19 23 1
5 7 2
15 22 3
11 15 12
1 5 9
3 4 7
20 22 6
15 18 15
5 8 3
9 14 14
23 1 17
18 20 1
22 1 2
15 18 18
16 20 16
4 6 1
19 22 16
22 1 9
14 15 1
10 13 12
3 6 4
13 16 15
18 0 16
18 20 15
6 10 15
2 5 12
20 23 5
18 22 14
15 19 5
8 10 15
22 1 16
5 8 15
0 3 16
20 22 2
4 8 6
16 19 10
9 13 9
9 11 7
7 10 1
5 7 2
20 22 8
18 21 9
10 13 2
0 4 16
16 20 12
0 3 11
2 4 18
4 6 11
13 14 8
20 23 9
14 16 7
0 5 18
18 18 14
9 12 8
15 18 7
22 1 9
21 0 11
2 4 8
5 8 10
22 1 6
18 20 3
2 3 9
22 2 5
16 20 14
4 7 10
12 15 11
10 14 18
6 8 3
23 2 14
16 18 5
6 9 10
9 11 3
22 23 17
21 23 5
10 14 13
10 13 17
4 8 8
4 7 8
0 5 1
20 22 6
22 2 9
12 14 12
15 17 1
1 3 9
17 20 7
20 23 1
7 10 5
13 17 10
19 21 4
22 0 3
10 12 12
1 3 14
22 2 17
6 9 16
17 21 15
5 7 1
5 6 16
12 14 11
12 16 10
1 3 18
12 16 9
12 15 12
23 2 8
20 21 7
7 10 13
21 2 13
14 16 1
11 14 16
10 11 18
12 16 10
1 3 17
7 11 3
12 15 8
13 17 8
11 15 11
6 8 10
23 2 3
15 16 9
20 21 14
11 12 12
14 18 5
1 4 6
1 4 17
21 1 10
9 15 12
5 9 5
18 22 6
12 15 15
16 18 12
6 10 12
2 6 6
9 11 3
0 3 15
1 3 5
12 16 2
7 8 18
2 4 15
10 13 12
19 21 13
6 8 12
23 1 11
8 11 9
6 9 18
10 11 6
9 12 17
9 10 13
11 15 9
22 0 11
0 3 4
15 17 10
19 22 17
10 14 12
21 2 2
9 11 12
18 20 4
19 23 2
12 14 17
11 12 2
13 15 13
22 2 16
8 11 4
7 9 4
17 21 5
5 7 17
17 22 12
21 3 8
12 14 17
9 13 11
14 15 2
21 22 9
5 9 7
21 23 8
0 4 6
23 2 2
12 15 9
16 21 9
0 4 1
12 17 9
2 6 9
6 9 7
21 0 14
12 17 10
3 7 12
21 0 4
1 4 9
22 0 6
19 21 18
8 14 9
5 8 11
7 11 17
9 13 10
5 9 17
1 5 13
6 8 11
18 22 17
16 19 3
13 16 13
14 19 9
21 1 17
3 5 3
5 6 6
21 0 8
16 19 11
17 20 18
2 6 11
3 6 10
9 11 12
2 5 17
20 22 4
4 7 14
11 14 5
23 4 10
12 15 15
16 20 16
17 20 17
20 22 7
23 2 13
