1300 16
2 8 9 5 4 6 10 2 10 6 7 3 1 4 2 3 
13 16 4
4 8 9
13 16 7
11 14 2
7 11 11
5 8 14
18 21 12
19 21 10
7 9 3
3 6 16
2 5 1
3 7 15
11 13 7
23 2 4
21 1 16
6 10 9
9 15 16
12 17 1
17 19 4
14 18 11
11 14 9
10 13 6
16 21 8
20 23 14
6 8 3
16 19 13
2 4 3
3 5 8
16 20 15
6 8 10
18 21 15
12 13 13
20 0 11
15 19 10
3 6 14
7 10 12
0 2 8
4 6 7
21 23 9
20 22 3
9 13 9
9 11 15
19 22 15
3 7 7
20 23 6
10 13 2
16 19 15
4 8 9
13 16 10
22 2 9
13 15 3
5 8 14
17 21 1
3 6 6
15 18 1
17 21 8
4 6 11
21 0 11
10 14 8
6 9 14
4 7 6
22 1 9
3 5 4
17 21 12
4 8 7
22 0 16
11 15 4
18 21 14
18 20 14
15 20 5
5 8 15
12 14 6
10 13 10
2 5 15
21 0 4
0 2 1
4 8 10
2 4 15
9 12 2
11 16 7
5 5 5
8 12 14
19 20 5
3 7 16
21 22 1
10 12 11
14 17 10
18 19 4
4 8 6
16 19 6
2 5 12
9 13 2
8 11 2
21 0 5
14 18 5
15 18 15
4 6 10
6 9 4
7 10 8
0 1 16
14 18 16
2 5 14
3 5 3
6 10 15
14 15 6
18 23 7
5 7 6
17 20 9
14 16 1
9 12 16
3 6 10
7 10 1
0 2 10
18 22 6
9 13 13
2 5 1
2 8 6
7 10 11
4 6 9
17 20 16
22 3 15
0 3 9
5 7 8
2 3 10
3 6 16
15 19 3
4 7 14
5 7 14
8 11 7
0 5 5
18 22 12
0 4 15
12 14 8
10 12 12
8 11 9
10 13 1
8 9 1
22 1 2
7 10 10
9 13 13
4 7 2
15 17 16
3 6 9
18 21 8
19 22 12
5 8 7
23 4 15
0 3 11
0 3 6
12 15 15
22 1 1
16 18 15
23 3 6
0 3 16
16 17 8
20 23 13
1 5 16
16 20 10
15 19 6
12 15 11
18 21 7
3 6 4
13 16 14
8 12 5
20 23 14
6 9 12
0 2 15
9 14 8
2 5 7
18 21 12
23 3 4
12 15 13
20 23 13
5 10 3
0 3 12
15 20 15
15 19 5
4 6 3
9 12 16
22 1 13
23 5 16
23 2 12
23 1 6
10 12 13
9 12 3
8 12 15
9 12 9
15 18 16
17 21 15
9 12 12
1 5 9
10 13 16
0 3 14
18 19 7
5 9 4
2 4 10
17 23 5
1 4 16
8 12 5
1 3 1
9 10 5
10 12 16
4 7 10
23 3 11
15 19 12
11 11 4
5 9 6
19 20 2
13 16 1
21 0 16
7 9 2
14 18 3
1 5 16
16 19 4
4 5 3
1 4 9
14 17 2
16 19 4
5 6 1
16 21 5
15 18 12
13 17 11
21 1 5
22 1 12
16 19 10
10 14 16
13 17 14
20 23 10
4 6 16
3 5 2
18 22 13
3 6 15
2 5 1
3 7 1
14 17 5
17 20 9
10 14 5
5 7 14
7 10 16
21 0 4
20 22 13
11 15 12
1 2 8
23 2 3
3 7 4
23 2 2
15 18 8
23 0 14
2 6 7
3 6 10
21 0 12
6 9 13
21 0 11
0 2 6
20 22 10
9 12 12
12 17 3
11 14 10
13 15 11
7 11 6
13 15 4
16 19 9
12 15 16
9 12 14
15 18 4
1 3 3
5 9 1
2 7 15
9 11 8
23 3 3
12 14 9
16 18 3
23 1 16
1 3 7
0 3 14
20 0 3
11 12 15
10 12 16
23 3 11
20 23 9
2 6 3
7 10 4
15 18 7
4 7 5
22 0 2
9 13 4
14 17 3
0 2 10
13 16 2
12 17 2
13 16 16
11 16 16
7 9 9
1 5 2
5 9 9
8 11 2
2 5 13
12 16 14
22 1 12
16 17 11
0 3 16
1 4 4
9 13 4
20 21 2
17 19 7
8 10 4
13 15 1
3 7 14
0 4 6
10 14 13
18 23 8
19 23 7
5 7 6
12 15 11
7 10 4
11 15 12
8 11 16
10 12 14
9 11 10
6 11 3
11 15 16
20 22 12
4 7 7
0 3 8
1 3 12
19 22 5
10 12 4
23 2 5
4 7 11
12 15 9
6 9 15
8 11 14
19 22 13
4 8 8
12 15 15
13 17 6
9 12 11
22 2 9
4 7 2
1 4 5
20 0 16
8 12 2
4 6 15
17 20 13
6 9 10
16 20 9
11 13 1
19 23 9
19 22 1
14 17 5
13 15 10
11 13 3
1 4 9
5 8 10
18 20 8
23 2 11
14 17 2
4 7 16
16 20 4
13 14 6
18 20 14
22 0 4
21 0 6
12 17 14
10 14 16
6 8 12
10 13 16
4 7 14
22 1 10
23 2 2
21 2 12
12 16 6
22 0 11
6 9 5
6 11 11
7 10 11
0 3 8
2 3 16
14 17 1
1 4 9
22 2 3
13 17 16
14 18 13
1 4 6
13 15 7
19 22 7
3 5 2
0 5 9
18 21 14
14 18 16
14 17 7
22 2 5
21 23 8
22 1 13
8 10 15
17 20 13
22 3 1
5 8 15
3 7 15
15 18 14
23 2 10
2 5 8
9 12 12
1 4 9
17 21 12
16 19 15
16 20 2
12 15 11
22 1 5
4 9 14
7 11 15
20 1 15
13 17 2
5 9 13
22 1 3
2 5 16
1 4 16
23 3 4
10 13 1
6 10 14
7 9 11
8 10 2
21 0 5
0 2 6
14 18 12
1 4 10
0 3 3
8 11 10
16 19 8
22 23 14
1 5 12
5 10 1
11 15 2
1 4 3
17 19 16
0 3 11
10 13 2
21 0 6
3 6 10
6 10 14
22 0 4
3 7 14
23 0 10
22 1 5
9 12 9
13 15 10
8 12 12
17 19 4
23 1 1
0 3 13
0 3 3
0 4 2
21 0 2
23 2 13
7 9 14
10 12 3
18 23 14
5 8 7
3 6 8
11 15 8
18 20 13
21 23 7
14 16 4
5 8 1
21 2 8
5 8 7
9 12 9
20 23 8
18 20 3
6 8 4
20 23 2
17 18 5
14 18 12
17 19 16
5 8 15
4 8 11
2 7 13
5 7 4
0 2 8
3 6 3
13 15 13
7 10 12
9 12 2
14 17 3
15 18 7
18 20 3
8 13 14
20 23 13
0 2 10
23 3 9
16 16 7
12 15 9
1 3 12
12 15 15
3 5 16
11 14 8
16 18 5
15 20 3
18 23 16
19 21 13
0 4 6
9 13 12
18 22 15
15 17 10
12 16 16
1 4 11
5 8 12
22 1 2
1 4 4
1 4 13
14 18 15
16 21 5
4 6 1
13 16 13
23 2 15
9 13 14
23 2 7
7 8 8
23 0 1
21 23 16
12 15 1
17 22 15
8 11 4
7 11 4
4 6 1
18 21 8
14 18 11
21 23 4
22 2 7
8 11 5
20 22 1
7 10 11
10 13 14
8 11 10
23 2 6
3 6 5
21 2 14
16 20 11
3 8 12
3 6 15
14 16 12
18 22 10
10 13 16
5 7 4
6 11 1
10 13 5
23 1 4
5 8 13
16 19 4
22 1 4
12 15 4
15 17 4
19 23 14
0 3 4
10 14 10
5 7 10
18 22 1
9 12 3
2 4 12
16 19 7
15 17 9
15 17 10
23 0 13
22 0 12
7 10 12
21 0 12
4 7 1
16 18 15
2 7 4
10 14 4
10 13 7
8 11 4
13 16 5
2 6 6
6 9 2
3 6 8
18 22 13
6 8 12
12 15 2
2 6 7
20 22 1
3 6 15
18 20 7
23 2 13
22 2 5
14 17 6
16 19 9
23 1 2
6 9 16
10 14 5
6 7 8
15 18 11
11 14 13
10 11 8
15 18 2
21 1 13
6 9 2
13 15 16
23 2 14
20 22 16
1 4 11
17 22 12
20 21 8
13 15 12
22 1 8
2 4 10
10 14 1
9 12 16
12 15 8
21 1 6
8 10 7
20 0 14
17 20 11
3 7 12
16 18 4
8 12 11
19 22 5
8 11 10
20 0 3
13 15 15
5 9 11
21 23 6
18 22 9
23 2 16
4 5 8
16 20 5
23 0 11
6 9 10
11 12 12
20 22 6
7 9 14
13 16 10
23 3 10
1 3 6
22 2 5
0 0 8
3 6 2
11 15 6
16 19 16
11 15 3
14 16 9
5 8 7
19 0 9
9 13 15
10 15 1
0 3 13
5 9 10
18 21 13
19 22 9
10 12 16
12 15 1
19 23 10
4 8 15
2 4 13
7 10 1
9 13 11
5 7 2
19 22 15
11 16 10
19 23 14
20 0 3
20 21 2
9 12 12
2 5 7
19 23 4
10 14 4
11 13 10
5 8 9
0 2 9
11 13 4
14 18 2
13 15 8
19 23 1
6 8 3
5 8 13
3 6 15
2 5 14
0 3 3
9 11 12
12 15 4
6 10 1
13 16 15
4 9 7
19 21 8
13 14 16
4 7 16
10 14 6
2 7 10
16 19 8
12 15 8
19 22 3
20 23 16
15 20 8
7 11 13
18 22 6
20 23 9
1 3 10
7 11 10
21 23 7
19 23 12
23 3 10
1 5 8
22 3 1
1 4 13
9 11 7
7 10 13
1 3 14
5 7 13
2 6 14
20 22 4
8 12 9
12 17 11
7 8 11
2 5 11
14 17 13
10 13 16
14 17 13
12 14 16
4 7 7
17 20 11
9 12 4
6 9 10
19 0 16
19 21 2
23 1 1
17 22 14
19 22 13
5 8 13
19 23 3
11 14 4
7 9 16
4 6 1
1 5 11
13 16 13
2 5 14
20 23 4
4 6 6
0 4 10
14 17 2
16 19 6
8 11 8
18 21 2
13 14 11
6 9 9
0 3 4
21 23 4
0 3 9
18 22 2
21 23 7
6 9 16
6 9 4
0 4 2
1 4 2
18 20 9
6 10 6
0 3 8
5 10 14
20 0 13
2 4 8
10 13 14
11 15 15
0 2 10
22 1 3
20 23 14
3 6 7
3 5 16
20 20 10
4 6 12
1 3 14
9 13 7
7 9 7
15 20 9
1 3 11
22 23 11
1 4 10
0 3 7
16 20 11
17 20 4
9 11 9
17 21 2
1 4 12
22 1 8
8 11 13
7 10 4
5 9 7
0 3 5
5 8 11
5 8 12
20 23 12
18 22 8
20 23 6
6 8 8
3 6 14
21 2 1
7 11 4
8 8 14
2 5 11
1 4 13
22 1 15
6 9 12
23 4 1
5 7 7
16 17 16
6 9 9
21 1 3
4 7 10
12 17 15
20 23 14
15 18 14
2 5 10
7 9 14
4 7 10
6 11 3
7 10 1
8 10 4
13 15 7
8 10 16
18 21 4
11 13 11
10 11 14
22 1 10
5 8 12
14 16 4
17 20 3
1 4 9
4 7 8
4 8 7
12 15 1
18 21 12
15 18 15
9 10 11
14 17 14
12 15 11
3 7 11
10 12 12
7 10 5
5 10 10
9 12 5
20 22 4
14 16 1
20 21 7
16 19 16
18 20 14
3 4 1
11 15 2
19 22 1
2 3 13
16 19 3
18 19 7
11 15 1
18 20 5
15 18 16
23 3 13
1 2 5
2 5 11
17 18 8
0 2 2
0 2 15
10 13 12
3 7 2
16 18 6
1 4 11
16 21 4
8 12 3
1 5 16
18 23 10
21 0 13
17 19 4
19 19 11
19 23 7
19 23 11
12 13 7
23 3 13
6 9 15
4 8 1
16 18 15
21 22 11
13 17 16
11 15 6
12 17 5
2 4 13
20 23 9
7 10 14
10 13 9
9 12 1
15 18 14
11 14 4
22 2 5
3 6 13
5 8 1
7 11 8
3 7 12
9 13 15
4 9 13
4 7 9
16 20 12
15 14 3
16 17 6
10 13 15
13 14 1
14 17 7
14 16 4
21 0 16
10 13 5
5 8 6
7 11 6
10 14 1
6 9 9
18 22 2
2 4 5
7 11 15
7 11 1
22 23 14
4 7 11
1 4 13
9 10 4
12 17 15
7 10 4
16 18 5
1 5 1
3 7 16
0 4 10
15 17 4
14 16 12
10 14 10
10 13 4
12 14 15
11 15 5
2 6 9
12 15 15
9 12 16
10 13 9
5 8 2
19 22 1
4 9 10
4 5 16
20 23 4
9 11 5
2 5 10
9 11 16
21 0 14
2 4 14
4 7 5
1 4 13
7 8 10
14 16 14
21 23 10
9 14 13
10 12 6
0 2 6
14 16 6
1 4 10
2 5 11
5 8 13
11 14 15
12 14 7
21 0 11
5 8 1
3 7 5
11 15 9
3 6 13
10 12 9
21 1 5
22 0 6
3 5 4
2 5 10
21 23 15
20 23 10
22 3 9
21 1 13
21 0 1
19 21 12
4 6 15
14 17 4
8 11 10
17 21 14
3 6 5
2 5 1
12 15 9
4 6 4
3 8 9
23 1 11
15 19 11
0 5 16
9 12 14
8 11 3
21 1 2
17 22 8
14 17 9
16 18 1
14 16 12
5 9 14
6 9 15
21 2 12
18 20 11
14 18 13
11 13 8
22 0 16
6 9 2
18 20 7
10 15 13
0 1 2
11 17 15
5 10 8
21 1 13
23 2 2
2 6 5
4 8 6
17 20 3
4 8 3
14 18 6
12 15 16
3 7 12
22 1 8
17 20 15
21 1 9
6 10 6
5 9 11
1 5 10
19 22 8
19 22 2
18 22 14
16 19 1
13 17 13
11 13 13
2 5 15
1 4 2
9 13 15
2 4 11
4 7 10
0 2 8
15 18 3
10 12 15
12 15 1
5 8 9
20 23 9
6 7 3
9 11 7
21 0 4
14 18 9
14 16 5
13 16 11
1 4 1
15 16 15
14 16 5
1 5 14
13 18 9
16 19 13
2 6 4
11 15 13
0 2 1
2 3 13
15 19 9
1 5 11
12 17 7
10 13 16
20 23 5
20 22 6
14 17 2
5 9 9
3 6 11
3 6 1
21 0 10
5 8 12
10 13 16
13 18 7
16 19 13
13 17 8
2 4 8
6 10 12
7 10 3
17 21 3
20 23 5
1 3 13
12 14 3
19 22 6
11 12 3
13 16 16
20 0 2
4 6 13
0 3 12
9 12 10
21 1 15
23 1 4
17 19 8
15 18 16
18 21 10
3 6 4
13 17 16
23 1 9
5 9 2
18 22 5
2 3 9
23 3 6
20 22 9
11 14 13
2 5 15
10 14 15
3 6 4
23 2 2
8 12 16
4 6 10
15 16 8
13 15 15
2 5 3
14 17 8
23 2 9
14 16 4
17 20 10
9 12 12
17 19 5
19 22 1
11 12 7
20 0 12
17 19 1
13 16 14
9 15 13
17 20 2
15 18 2
11 15 8
3 6 1
1 6 12
18 22 8
23 0 6
7 11 4
19 22 15
18 21 10
19 22 12
14 17 7
18 20 5
7 11 8
1 5 2
4 8 4
19 22 16
5 6 16
3 4 11
3 5 12
3 6 3
14 16 8
16 18 15
1 4 3
21 1 6
17 20 12
20 23 13
17 22 12
10 12 15
3 6 9
14 17 6
0 3 11
6 9 1
16 17 3
4 6 4
5 8 2
8 9 13
16 19 16
8 11 8
16 20 1
1 5 5
22 3 14
16 19 5
9 14 9
5 7 12
20 22 1
2 5 10
18 22 9
5 8 13
8 8 12
10 12 6
18 20 10
22 1 5
12 15 16
18 20 8
14 17 6
21 2 13
20 23 12
12 14 10
1 3 14
15 17 16
9 12 16
2 6 5
18 22 10
0 2 16
11 12 8
0 4 2
23 2 8
4 6 8
11 13 15
8 11 2
7 10 7
18 21 12
1 5 2
20 0 2
2 6 16
18 21 8
18 21 10
10 12 1
9 12 16
3 6 4
5 8 8
23 1 11
19 22 12
15 18 15
18 21 15
5 9 1
13 16 11
10 13 6
12 14 14
20 21 3
13 18 16
20 22 3
12 13 8
9 13 4
18 21 6
16 19 1
21 1 3
20 22 3
0 2 12
3 7 10
13 14 5
18 21 12
6 9 8
1 6 8
3 8 14
15 19 14
23 2 12
15 19 14
5 8 2
6 9 9
17 20 10
7 9 13
10 15 13
13 17 7
2 5 4
19 20 16
17 21 13
22 1 7
0 4 10
7 9 13
7 12 15
12 14 15
3 5 12
10 13 9
11 13 11
10 12 10
17 20 4
12 16 4
17 21 9
20 23 16
9 13 1
15 18 12
14 17 10
12 15 5
13 15 16
1 4 2
23 3 3
4 7 4
17 20 11
7 11 15
17 20 3
9 13 16
15 18 1
21 3 5
16 20 3
5 5 1
1 4 15
4 5 16
23 3 3
1 4 15
0 4 13
9 12 10
6 9 12
15 19 7
15 18 9
1 3 9
4 7 3
10 13 16
23 2 4
5 6 5
19 23 1
17 20 10
9 12 4
14 16 11
21 23 6
22 1 1
15 20 13
13 17 3
10 13 12
12 14 12
10 14 4
4 7 8
8 12 8
7 11 13
6 9 4
1 3 4
10 13 1
15 17 16
10 13 15
10 11 8
5 7 14
2 6 9
