1600 7
2 3 8 7 2 5 5 
10 12 6
10 13 5
12 13 4
23 2 7
17 21 6
6 9 4
23 1 3
13 17 6
8 10 6
21 23 5
9 10 6
2 5 3
5 8 6
20 0 4
15 18 5
13 18 6
22 0 7
5 8 4
21 23 1
21 23 6
14 19 4
7 10 1
13 16 4
9 10 5
3 7 7
19 23 7
11 15 1
11 13 4
21 23 6
16 19 7
18 21 6
21 23 1
12 14 2
19 23 3
16 18 3
0 1 7
23 2 5
12 15 6
3 5 7
9 12 2
10 13 6
1 4 3
22 1 7
11 15 3
10 12 1
22 2 7
14 17 1
14 18 6
6 10 3
22 1 3
14 18 2
12 16 5
14 17 7
5 9 1
17 19 4
9 10 3
13 17 1
22 1 7
22 2 6
21 0 4
14 17 6
10 12 4
17 21 3
10 14 7
12 16 7
18 20 2
4 6 2
8 13 7
6 7 5
9 10 2
5 8 7
5 9 7
11 14 6
18 20 3
16 20 1
4 7 4
19 22 2
1 5 7
8 12 7
21 1 1
15 19 4
9 11 2
13 17 4
18 21 7
5 8 6
2 5 6
16 18 5
11 13 3
20 0 6
15 17 7
8 10 2
5 9 6
13 15 6
11 15 3
16 19 3
20 22 5
11 15 6
5 8 4
1 5 4
14 17 6
16 18 4
18 21 1
1 3 2
8 12 6
17 21 5
18 21 2
15 17 6
21 2 4
8 13 7
2 5 6
22 23 2
18 21 7
22 1 1
4 6 6
2 6 3
21 1 3
13 16 5
8 11 1
20 0 2
3 6 3
9 12 5
20 23 2
17 21 5
4 8 3
18 20 7
4 8 4
23 2 3
3 6 3
5 6 4
11 15 5
2 7 4
6 9 3
3 6 4
2 6 1
4 8 5
6 9 7
17 20 5
8 11 4
5 6 2
1 4 4
14 16 3
15 18 6
21 0 5
8 11 2
8 10 4
22 2 1
13 16 3
22 0 3
19 22 7
3 5 7
16 18 1
19 21 1
7 9 6
19 22 2
2 5 4
19 22 3
15 17 6
13 15 6
12 15 4
14 18 7
3 6 7
21 3 3
4 6 7
11 14 5
0 2 2
0 3 3
6 9 3
23 2 2
8 9 2
10 13 5
10 14 5
0 4 2
22 1 7
16 21 3
1 4 2
11 13 6
5 8 4
5 9 3
3 6 1
20 0 5
13 17 2
14 19 7
22 2 2
0 4 7
6 10 5
8 10 6
23 3 4
8 11 4
20 22 5
1 5 1
4 5 6
5 9 1
5 9 1
8 11 1
8 8 7
20 22 1
0 2 7
15 19 5
2 5 1
19 23 6
1 5 7
15 18 4
4 8 5
16 20 4
4 6 1
0 3 6
2 3 4
16 19 4
7 10 3
7 11 4
8 10 5
12 14 2
7 11 2
13 14 1
17 20 6
11 16 2
23 2 3
8 12 1
2 4 3
5 8 1
4 8 3
0 4 2
23 3 5
7 11 4
1 3 2
8 11 5
21 22 2
11 13 1
11 13 7
20 0 3
16 20 6
18 21 7
7 10 4
5 8 1
14 18 4
19 22 3
14 17 4
9 12 1
9 13 2
7 9 7
12 14 5
6 10 2
11 13 1
6 8 1
13 15 2
20 23 6
15 18 7
10 13 1
20 23 4
1 5 5
13 16 5
19 21 7
18 23 3
2 5 5
18 19 4
11 15 2
17 20 2
6 8 2
6 9 4
9 11 6
21 23 7
14 18 4
16 20 5
18 21 5
0 3 4
21 23 3
15 18 3
21 0 3
12 15 7
4 5 5
9 12 5
16 21 6
9 10 2
12 16 2
10 14 2
12 14 6
20 0 4
5 6 7
6 9 6
14 17 7
12 14 3
18 21 4
20 23 1
3 6 6
18 20 3
5 8 6
6 9 1
5 9 6
21 23 5
5 8 6
16 19 1
19 21 6
19 1 1
0 2 1
15 18 4
23 2 6
14 18 6
9 14 4
14 17 6
13 15 2
19 21 1
7 10 5
6 8 3
16 19 7
15 19 3
1 4 3
1 4 7
20 23 1
1 2 7
10 13 4
17 21 3
7 11 6
22 1 4
20 22 6
8 10 5
16 20 5
23 2 2
4 6 2
1 4 5
14 17 1
20 0 4
22 0 1
5 10 1
7 9 3
23 2 2
11 14 4
7 11 7
21 23 6
4 6 1
1 3 4
11 15 7
14 17 2
4 9 7
1 4 7
3 5 7
20 22 5
18 22 2
21 0 1
12 14 1
14 17 2
1 3 3
5 9 7
3 4 7
4 8 1
12 14 4
10 13 2
5 8 5
11 14 6
4 7 7
14 16 6
12 15 1
20 22 6
8 13 6
21 0 7
21 0 4
22 1 1
7 9 6
4 8 4
18 21 4
17 22 7
19 22 7
18 19 3
15 19 1
15 18 7
2 6 5
18 20 7
10 13 7
0 2 2
1 7 2
11 13 1
2 5 5
1 2 3
18 21 6
4 7 3
8 11 3
0 2 7
3 7 5
17 20 4
16 19 3
8 10 2
5 8 1
2 5 5
17 18 7
17 18 6
11 15 2
8 10 2
17 19 5
18 22 1
8 11 6
10 15 1
9 13 1
18 21 1
3 5 1
22 1 3
1 5 7
10 14 5
17 21 3
15 17 2
2 6 5
18 22 5
9 14 2
4 8 1
17 21 3
8 11 5
2 6 5
2 4 4
11 15 1
1 2 6
17 21 4
1 5 7
7 10 3
17 21 3
11 14 7
22 1 6
16 19 6
9 11 5
22 1 4
21 2 7
12 15 5
23 4 1
3 4 4
2 6 7
10 12 7
14 17 7
1 3 3
15 18 1
4 5 1
10 12 6
7 11 1
13 15 4
21 1 7
4 6 4
0 3 3
8 10 4
16 20 7
15 18 1
6 11 5
2 5 3
9 13 2
22 1 4
9 13 2
5 8 4
2 4 2
13 15 3
5 6 3
21 1 4
19 23 4
8 11 3
11 16 2
16 19 6
8 14 2
19 23 1
7 9 5
5 9 7
23 2 5
14 16 6
14 17 2
13 16 5
23 1 7
1 3 4
21 1 4
11 15 3
20 22 1
3 7 5
7 9 5
21 2 3
11 14 4
12 14 5
11 15 6
16 21 3
1 3 7
6 8 7
22 0 7
20 22 6
17 19 7
3 6 3
2 5 4
13 19 7
15 19 1
4 9 4
3 6 4
3 5 1
6 9 5
6 9 7
3 6 6
19 21 5
14 18 3
1 4 5
1 6 6
11 13 5
23 2 7
7 10 3
2 6 5
15 17 5
2 5 6
22 2 6
20 0 7
23 2 1
18 20 6
3 7 2
14 17 5
23 2 1
12 16 2
19 1 2
17 20 5
21 0 6
13 16 2
5 9 2
17 20 3
22 3 2
1 5 3
17 19 5
1 5 2
6 9 4
13 17 2
23 2 4
21 23 1
20 22 6
1 4 6
14 17 2
12 15 6
7 9 3
1 5 7
3 6 1
14 15 7
13 15 4
14 18 3
6 8 2
11 15 5
11 14 4
10 13 2
23 2 1
2 5 6
20 0 5
8 11 3
12 16 7
9 12 2
15 20 3
1 4 5
22 0 7
13 17 7
13 16 1
20 22 6
8 12 3
10 14 6
10 13 4
17 19 7
0 4 6
8 11 4
5 8 4
8 11 1
20 22 7
3 5 5
9 12 7
9 12 6
2 5 4
19 23 2
23 3 2
7 11 1
18 20 4
9 12 1
7 10 6
15 19 4
7 9 2
0 2 6
3 7 1
23 3 7
1 4 4
21 1 1
12 14 5
5 6 7
0 4 2
20 0 7
23 2 4
10 13 4
18 20 4
5 8 3
7 12 7
9 12 6
16 20 6
10 11 7
20 23 2
10 14 3
19 21 1
7 9 3
5 8 7
8 11 5
4 8 6
4 8 4
18 22 5
10 14 4
6 8 7
1 4 4
20 22 7
16 20 7
9 12 1
20 23 4
10 13 4
10 14 1
11 13 2
5 6 6
10 12 7
17 20 6
3 5 6
4 6 2
13 16 4
7 9 1
6 8 4
7 11 1
8 13 2
6 10 7
0 3 1
17 21 2
18 22 1
21 0 3
17 20 6
12 15 4
21 0 1
20 23 1
11 15 6
4 7 1
10 13 6
2 5 1
2 6 6
17 21 3
3 7 3
4 7 6
0 3 2
15 18 6
2 5 2
11 15 6
2 4 3
23 3 1
13 15 3
12 16 1
21 1 5
18 20 6
18 23 6
1 4 7
17 19 1
2 3 6
5 8 3
7 9 2
8 12 1
16 18 1
15 17 1
1 5 4
15 17 3
10 13 7
22 2 5
20 22 5
11 12 3
14 17 3
21 23 1
12 15 5
17 20 2
2 5 3
4 7 4
15 18 1
17 20 4
8 11 2
1 3 4
13 15 6
17 20 1
1 3 3
4 7 3
19 22 5
17 20 7
17 19 5
16 19 4
0 2 1
16 18 7
15 19 7
23 3 2
1 3 3
4 7 5
0 3 2
1 5 4
3 6 7
13 17 6
11 13 4
4 8 6
17 21 5
19 22 2
17 20 7
5 9 6
14 17 3
6 8 1
6 9 7
22 3 5
13 16 2
22 2 6
23 2 3
21 0 2
0 5 3
12 16 1
22 1 6
4 7 7
19 23 4
16 22 7
2 5 6
1 3 3
22 1 5
6 7 7
21 23 7
0 4 6
18 20 2
6 9 6
11 13 1
19 22 4
20 21 3
7 11 1
2 8 2
1 4 6
11 12 5
20 0 6
19 23 6
11 14 1
2 4 2
18 22 7
3 6 5
10 13 7
2 5 1
3 2 7
14 17 1
10 14 6
8 10 2
8 10 2
8 11 5
1 5 4
20 23 3
21 0 3
0 3 5
13 15 5
20 23 5
20 22 7
7 11 1
10 14 3
14 17 2
22 0 2
21 23 1
23 0 7
21 0 3
6 9 3
5 8 3
18 21 2
8 12 4
2 5 5
8 10 7
14 15 3
23 3 2
17 21 3
11 15 5
14 16 3
21 1 4
14 16 7
11 15 1
13 16 7
15 17 1
10 12 5
9 12 7
19 0 6
1 3 7
9 11 1
21 3 3
21 0 7
17 20 1
8 12 5
3 6 6
3 8 5
13 16 1
17 18 5
18 20 6
12 14 3
22 1 3
13 17 3
10 12 4
11 14 5
13 15 1
16 18 1
5 8 2
17 22 4
0 3 2
0 2 3
20 0 6
10 14 2
7 9 6
6 7 4
8 13 6
18 21 7
4 8 4
5 8 6
14 17 4
14 17 2
20 23 7
19 21 3
17 22 1
11 14 1
1 2 3
5 8 4
16 20 4
3 5 6
22 2 3
15 18 5
13 17 7
7 9 4
18 21 1
3 5 2
21 23 7
19 22 5
19 22 1
17 20 2
19 22 5
22 0 1
9 13 3
15 18 7
11 13 2
21 23 7
4 7 1
2 7 5
5 9 6
14 19 7
6 11 5
19 22 5
7 9 5
15 19 6
13 17 6
1 5 7
1 3 6
7 11 3
15 17 5
1 5 3
5 8 5
22 23 2
1 6 1
20 23 5
22 3 1
22 1 6
0 2 4
17 21 3
20 23 5
12 14 1
2 4 1
12 13 6
12 17 2
9 10 3
17 20 4
21 23 6
4 8 6
21 23 6
13 16 1
16 19 2
6 10 4
1 5 5
6 8 6
11 15 4
4 7 5
0 1 7
14 17 3
13 17 2
3 7 3
23 1 5
6 9 4
20 23 6
3 5 4
15 19 5
9 11 7
13 16 3
13 15 4
4 8 7
18 21 7
21 23 5
9 13 4
14 17 6
8 11 2
13 18 4
10 13 2
4 8 4
11 14 1
12 14 7
18 22 5
9 12 3
22 2 3
2 4 7
23 1 2
17 21 3
11 13 3
3 6 7
22 0 5
6 10 3
12 15 6
4 7 6
8 10 5
5 8 4
11 15 5
17 20 6
23 1 5
10 12 2
7 10 6
9 12 3
21 0 4
9 13 5
23 3 7
5 8 5
19 22 5
9 11 4
2 5 4
13 15 3
16 19 6
9 11 6
13 16 5
22 1 2
2 3 6
10 13 7
7 9 1
14 16 1
7 11 2
7 10 5
0 3 1
10 11 5
3 7 1
10 14 3
12 15 1
7 10 6
11 13 6
7 10 5
18 22 1
15 17 2
19 22 1
9 14 7
20 21 6
9 10 5
7 10 4
16 18 4
12 14 4
14 17 4
3 6 6
6 8 5
13 17 3
8 11 4
12 14 4
15 19 4
22 2 5
17 20 5
6 10 7
15 18 2
7 11 4
21 22 3
12 15 7
8 12 3
5 8 1
18 21 3
6 9 6
22 1 6
3 3 7
21 1 1
23 3 6
1 2 2
12 15 1
11 13 5
18 21 1
0 2 7
23 0 2
2 5 5
0 4 1
7 10 2
5 9 2
21 0 2
0 3 3
3 6 5
21 23 1
16 20 7
9 11 6
14 16 3
12 17 3
23 2 7
13 16 5
1 5 3
23 1 4
6 9 4
23 2 4
10 10 3
11 15 4
21 23 6
17 20 6
21 0 3
11 15 5
14 18 4
7 10 6
19 0 4
14 17 6
20 22 3
18 22 1
12 15 5
8 11 7
13 16 1
10 14 1
4 7 1
20 0 7
14 15 1
13 17 1
13 18 7
23 4 4
12 16 2
10 12 7
19 22 3
19 23 4
0 2 4
21 23 3
6 9 7
18 21 7
21 0 1
12 15 4
16 18 6
20 21 2
5 9 6
2 5 5
15 19 4
12 15 7
23 2 4
23 3 3
11 13 2
20 0 7
0 3 6
10 12 7
14 18 2
13 15 3
15 19 1
9 11 1
20 21 6
22 0 3
20 1 6
1 5 4
22 0 4
20 22 2
18 21 3
4 8 5
19 0 2
13 15 5
21 23 4
1 1 2
23 1 1
16 20 1
23 2 5
9 11 5
0 4 5
13 17 6
9 11 2
18 20 5
8 9 4
17 20 1
12 16 1
3 8 6
1 3 3
17 18 7
7 11 6
20 23 6
1 2 1
19 20 7
3 6 4
4 7 2
12 14 2
2 5 3
17 19 7
10 11 4
12 15 3
8 10 3
0 3 1
19 22 1
4 7 2
23 1 7
3 5 4
23 1 7
8 9 7
22 1 1
17 19 2
11 14 6
16 21 7
0 2 7
3 5 4
23 1 7
23 3 3
22 0 3
23 2 5
11 14 3
13 14 1
15 18 1
6 9 4
17 22 7
11 15 6
3 5 7
19 21 4
15 19 3
19 22 3
23 2 2
9 11 6
14 17 3
23 0 3
21 1 5
9 12 2
15 18 5
12 15 6
23 2 1
16 18 1
17 21 2
1 3 1
6 9 2
8 10 4
14 17 1
10 12 6
6 9 1
12 16 2
4 7 2
15 20 4
2 5 4
5 8 5
2 5 2
13 16 2
21 23 1
9 12 1
9 14 5
2 6 3
22 2 6
23 2 3
21 0 3
16 19 6
22 1 4
22 3 4
2 4 5
21 1 1
22 0 6
1 5 5
10 15 5
14 18 7
12 15 7
2 6 3
16 21 2
8 11 1
2 5 5
2 6 1
15 16 3
22 0 2
16 19 6
4 10 3
19 21 5
13 13 5
7 9 4
6 9 6
8 12 2
5 9 5
21 0 1
0 3 6
16 18 3
22 2 3
3 5 6
11 13 6
12 14 3
7 11 3
12 13 1
19 21 2
10 13 2
10 15 1
22 2 3
23 3 7
8 11 3
10 13 2
23 2 4
10 15 3
18 20 3
13 16 4
22 0 5
20 23 1
3 7 5
19 22 2
12 15 7
0 4 7
12 14 3
15 19 3
2 3 3
11 13 1
3 8 7
0 5 4
11 15 3
21 0 2
13 17 4
1 4 3
15 17 3
6 9 4
15 18 1
5 9 1
19 21 6
7 10 7
22 1 3
8 11 2
3 6 2
15 17 6
9 10 1
23 3 7
4 6 3
23 2 4
4 7 5
21 22 7
4 7 1
7 12 7
6 9 2
10 11 4
13 17 1
19 21 6
2 5 4
9 13 3
5 8 4
13 16 7
8 12 6
0 4 3
9 12 7
1 4 2
17 18 1
16 19 4
15 18 4
0 3 7
2 5 6
1 5 4
17 20 7
21 23 7
18 21 5
10 12 7
19 21 4
16 19 4
22 0 7
13 17 4
7 10 4
18 21 7
11 15 6
21 1 5
16 20 5
12 15 3
17 21 3
18 22 2
9 12 4
4 6 1
5 9 6
16 19 4
16 19 6
6 9 3
13 16 2
16 19 7
5 7 7
11 13 7
1 4 6
0 5 2
19 0 7
22 2 1
16 19 7
8 11 6
4 7 3
19 22 7
20 0 7
18 22 5
2 5 4
18 20 1
0 3 5
23 2 2
17 20 7
0 2 4
12 15 4
2 4 4
17 21 1
17 21 3
8 12 3
7 10 7
6 9 6
1 4 7
14 18 3
0 3 4
23 2 1
22 1 4
21 22 1
17 22 4
19 22 6
19 22 2
16 21 6
2 4 3
0 2 3
19 20 7
21 0 4
9 13 6
4 7 2
10 13 7
16 18 3
14 16 5
18 22 4
16 19 2
3 4 7
4 7 4
16 20 4
14 17 4
2 4 7
23 2 2
1 4 4
7 11 4
20 23 3
18 21 5
16 19 4
15 18 1
9 13 5
20 22 1
12 14 3
14 14 4
9 14 4
21 1 4
13 16 1
15 18 6
3 7 4
17 18 5
18 22 2
16 18 6
16 18 1
16 20 3
23 3 2
1 8 1
11 15 2
8 10 4
2 5 7
13 16 2
16 19 2
17 22 7
8 10 1
5 8 7
6 8 5
14 16 4
22 1 1
0 4 3
6 10 2
15 20 3
13 16 7
23 3 6
16 20 1
21 23 5
5 7 4
11 14 2
20 0 7
7 10 1
12 16 1
2 7 1
22 1 2
1 4 3
5 9 3
22 2 4
20 1 7
16 20 7
13 15 1
19 22 6
5 8 2
4 5 5
5 9 4
4 7 6
20 23 1
14 16 4
7 10 2
2 5 5
14 18 3
14 17 5
9 12 7
8 13 4
21 23 5
17 18 3
9 13 7
0 1 7
16 19 3
7 10 2
23 0 3
15 18 4
11 15 3
8 10 6
13 16 3
9 10 4
22 0 2
15 18 7
20 23 5
23 2 5
11 14 2
3 7 1
9 11 6
20 21 6
12 14 7
15 19 7
19 22 3
5 6 7
11 13 6
0 1 6
0 3 1
0 5 3
6 9 6
14 18 6
23 0 4
18 22 7
2 5 1
8 12 6
12 13 4
10 12 6
5 8 3
17 21 7
4 7 2
0 4 7
10 15 6
10 12 5
15 17 4
7 9 7
18 22 2
22 1 1
21 1 7
9 12 7
8 11 5
4 6 2
10 13 4
4 7 6
13 16 3
10 13 4
12 16 5
12 15 3
16 17 1
16 19 6
0 3 5
1 6 2
18 21 2
12 16 5
13 17 1
17 18 1
14 16 3
3 6 5
16 20 4
8 12 4
16 18 7
0 3 3
23 2 7
7 10 6
12 13 5
21 1 3
10 14 1
15 18 5
6 9 3
3 5 4
23 3 7
17 19 4
5 7 1
9 10 7
2 5 6
11 15 6
20 23 6
15 18 3
7 9 2
17 19 3
8 11 1
17 19 3
14 17 7
8 11 7
4 8 4
19 22 6
5 9 3
16 19 4
15 17 7
20 23 3
4 8 3
12 15 2
16 17 2
15 18 4
15 19 6
10 11 6
15 19 6
13 15 6
5 10 2
9 13 2
20 23 3
1 4 1
23 2 3
8 11 7
23 2 3
18 22 5
0 4 3
19 22 6
12 16 7
5 10 1
12 15 3
15 19 3
5 8 7
9 12 3
22 0 3
7 10 1
21 0 4
0 2 6
12 15 6
15 18 7
21 0 3
19 0 3
6 9 5
7 10 2
21 1 7
9 10 4
17 20 7
9 11 6
6 11 2
14 16 5
0 3 1
0 4 5
23 4 6
8 10 5
9 10 3
7 10 1
20 23 1
14 17 4
17 20 7
10 13 4
12 14 7
15 19 6
8 12 5
6 9 1
2 6 2
19 21 2
4 6 2
0 2 3
7 10 3
22 1 1
13 16 4
19 22 5
6 8 6
7 8 5
4 8 5
3 7 4
6 9 2
12 16 5
13 17 2
11 13 4
17 20 6
9 12 3
21 23 3
13 16 1
10 11 4
14 18 2
12 13 2
22 23 3
5 8 4
23 3 1
12 16 6
12 16 5
5 10 7
10 12 2
15 19 3
6 8 4
5 8 6
3 6 5
14 17 3
12 14 6
14 18 1
6 8 6
12 15 4
22 0 1
15 17 7
16 19 5
17 21 1
10 14 2
1 3 6
7 10 2
21 0 2
7 11 3
5 6 6
11 15 4
7 10 5
19 20 1
8 10 5
14 17 1
0 5 1
11 14 4
10 14 6
12 15 6
15 16 6
21 1 2
9 12 2
21 0 1
4 7 4
14 16 5
13 17 4
3 5 1
22 2 3
7 9 1
17 20 7
6 7 4
13 15 6
5 7 5
6 7 2
18 21 4
17 20 7
4 9 6
9 12 4
22 2 6
21 23 2
8 11 5
18 21 6
10 13 7
4 5 5
23 2 7
