700 12
2 3 5 6 5 3 7 8 2 9 5 7 
6 10 5
20 23 8
21 22 2
20 0 10
18 21 6
2 5 7
13 15 5
10 13 6
7 13 1
21 23 3
6 8 1
4 6 1
13 17 7
10 13 4
11 14 5
2 5 9
15 17 1
5 8 8
11 17 3
17 22 1
9 12 10
4 7 5
3 7 7
18 21 4
11 14 9
23 2 11
3 5 8
11 12 8
16 17 12
16 18 10
17 20 4
21 23 2
7 9 3
21 23 5
18 20 7
6 9 9
18 21 5
3 7 12
18 22 12
6 9 2
3 4 10
6 8 3
17 21 2
18 20 4
21 1 9
7 10 1
15 19 8
6 8 5
15 18 8
15 18 6
6 8 4
3 6 2
22 0 4
19 21 4
8 12 6
6 8 3
2 4 5
23 3 10
7 10 2
22 2 7
19 0 9
11 15 9
11 14 11
11 14 10
6 10 5
17 18 9
8 9 11
13 16 1
11 14 6
22 23 3
3 6 7
2 5 9
2 4 8
0 2 9
2 5 1
3 5 10
7 11 2
20 23 2
11 14 3
20 23 1
6 7 8
1 4 7
16 20 9
13 16 10
17 20 9
12 15 12
4 6 2
7 11 2
11 14 8
18 21 7
9 13 5
15 18 9
15 17 12
3 7 8
18 19 12
9 11 3
20 23 11
23 1 1
1 4 11
15 18 2
17 20 11
15 18 12
12 14 4
14 18 10
19 0 3
17 20 5
17 21 8
9 10 8
20 22 2
15 19 12
6 9 1
18 21 5
16 20 7
15 19 2
23 2 4
1 3 7
11 15 2
11 16 3
17 22 4
17 21 10
15 17 2
18 21 1
17 17 12
6 10 7
7 9 4
5 8 2
4 7 4
23 1 1
21 23 4
23 1 10
19 21 10
7 11 11
23 3 3
1 5 12
10 13 1
11 13 1
5 8 1
16 19 9
11 14 1
0 3 1
17 19 12
9 13 3
21 1 1
14 17 3
9 12 10
10 12 6
20 23 12
16 20 3
23 2 9
6 11 6
23 3 6
18 20 1
16 18 11
14 16 5
10 10 8
11 15 10
15 19 7
16 18 7
2 6 9
5 7 1
3 6 5
10 13 3
2 4 7
14 16 5
10 15 9
8 12 11
8 9 4
21 0 8
14 16 5
15 19 1
21 1 11
2 6 2
2 6 2
22 1 10
2 5 9
5 9 4
22 1 11
19 21 7
13 17 2
5 8 2
20 0 8
10 13 8
17 19 9
4 7 6
2 5 9
17 18 3
7 10 1
18 22 11
7 10 11
2 5 7
1 2 6
1 1 3
9 14 3
19 20 6
1 4 2
21 23 11
11 13 7
21 1 6
13 16 1
4 8 8
12 14 4
21 21 12
5 8 12
21 0 7
3 5 1
7 10 1
11 13 8
14 17 10
9 12 4
13 18 5
8 12 4
22 0 5
17 19 2
11 15 5
20 21 12
23 3 3
8 12 9
14 17 8
10 13 1
14 19 11
8 12 5
1 3 8
2 4 2
19 21 5
0 2 4
8 11 8
5 7 8
8 11 10
10 12 7
6 7 12
22 1 4
5 9 6
1 5 1
4 7 11
1 4 3
21 0 6
4 6 1
19 21 11
19 21 1
17 21 2
9 13 12
2 4 9
9 11 5
4 9 1
5 7 5
16 19 10
10 13 9
5 10 1
12 15 10
12 16 7
17 20 11
19 21 8
16 19 9
21 1 2
5 10 5
6 10 9
8 11 5
12 12 11
1 2 7
15 16 12
0 3 1
2 4 12
0 4 1
11 13 10
13 17 4
9 11 9
17 22 7
11 13 11
22 2 5
12 16 10
3 6 7
2 8 11
12 16 11
0 4 10
15 18 9
8 12 6
18 22 6
22 1 7
5 7 3
16 19 11
10 12 4
16 19 3
1 4 4
20 0 3
15 17 11
19 22 9
22 1 11
1 4 7
5 6 1
11 15 4
23 1 8
12 14 8
0 4 6
18 22 5
17 22 9
3 6 8
11 13 9
5 7 5
4 7 1
1 5 8
20 22 11
19 23 7
17 21 1
0 4 3
12 15 11
16 19 12
22 2 3
10 14 8
5 10 3
14 17 3
9 11 1
4 6 10
6 11 8
21 23 3
20 23 4
9 12 9
8 11 9
6 10 7
5 8 9
4 6 2
22 2 8
4 8 9
19 0 6
18 22 2
9 12 11
1 4 8
5 8 4
6 10 10
7 9 5
14 16 4
5 7 9
9 11 5
12 14 9
21 1 8
15 18 3
7 9 5
17 21 10
2 4 1
21 23 11
16 20 5
19 21 2
2 5 10
21 1 5
10 12 4
12 15 7
18 21 6
8 12 8
19 22 4
14 16 3
14 18 9
23 0 1
9 12 6
21 22 4
11 17 12
7 9 7
3 7 7
12 15 3
18 21 3
14 18 2
11 13 4
3 7 2
21 23 3
18 21 5
22 2 1
1 5 10
14 18 11
0 5 4
11 15 2
17 21 5
2 5 6
16 19 2
4 7 5
2 6 6
4 6 8
23 4 10
3 7 1
12 15 2
9 14 7
6 9 10
7 10 2
5 7 6
11 16 6
0 3 7
19 21 11
12 15 11
9 13 8
12 15 5
8 12 10
18 21 7
20 0 3
18 23 12
13 16 12
15 20 8
14 18 2
9 15 8
9 12 1
5 7 12
21 1 2
2 6 9
21 23 6
5 9 3
18 22 5
11 14 9
23 1 9
19 22 6
14 18 12
12 15 11
16 19 6
0 3 10
23 2 6
18 23 9
3 5 4
22 1 1
10 11 12
17 18 10
19 21 12
17 21 2
4 7 6
19 0 12
11 14 8
3 8 2
3 6 6
10 13 3
19 0 10
17 20 12
15 18 5
16 20 4
22 2 7
0 4 5
8 11 10
8 11 3
18 21 2
21 23 1
7 8 3
14 17 7
23 2 9
16 20 1
13 17 7
14 17 3
20 22 4
2 5 4
22 1 7
23 1 2
6 10 2
11 15 3
7 11 7
15 18 9
16 18 9
2 5 6
12 16 6
2 6 10
11 12 12
1 4 9
11 11 3
2 6 11
4 6 1
14 18 5
16 18 5
6 8 5
0 3 5
21 22 9
20 1 3
19 21 5
17 19 10
5 7 10
16 19 6
8 9 3
10 11 2
21 23 12
15 16 7
17 21 9
20 22 3
4 7 7
7 9 8
17 21 8
2 3 8
20 21 9
3 7 2
16 18 4
0 3 5
14 17 10
21 1 4
21 1 7
20 22 3
1 5 4
2 7 3
15 17 11
10 13 1
16 19 1
7 11 8
14 17 12
4 6 7
19 20 12
12 16 5
2 4 10
21 0 5
14 17 8
19 22 11
2 5 1
19 0 4
0 5 1
0 4 11
16 18 3
23 3 4
6 10 5
15 18 10
15 18 8
18 19 9
12 14 8
4 6 3
20 0 10
23 2 7
22 1 10
17 18 10
8 11 4
2 4 11
22 1 12
11 13 10
12 15 9
23 3 12
11 15 6
9 12 2
1 4 12
19 23 8
0 3 6
0 3 4
11 13 8
6 9 5
11 14 7
8 11 7
7 9 12
11 15 2
1 5 11
12 16 7
8 12 12
6 9 11
5 6 10
6 8 6
10 13 8
20 22 10
16 18 4
6 8 6
19 21 8
23 2 10
22 1 8
15 20 8
13 15 7
11 13 3
17 21 8
17 20 1
3 7 12
9 12 10
3 6 1
17 19 1
13 17 7
23 1 2
5 8 4
15 18 1
19 23 6
18 20 5
8 12 3
10 15 3
22 1 4
12 15 11
0 2 11
2 6 9
9 11 8
4 7 12
13 17 3
1 6 4
0 3 3
4 6 1
5 7 2
8 11 3
11 14 12
18 21 11
22 0 3
14 17 3
3 5 12
11 15 9
22 1 5
19 21 12
5 7 5
21 0 10
22 1 3
4 7 3
8 11 12
21 0 6
9 11 2
2 5 11
7 11 3
22 0 11
17 20 5
16 18 11
5 7 3
6 9 9
2 4 9
22 1 8
19 22 12
20 22 10
13 15 3
4 8 12
17 21 9
3 5 8
12 15 1
19 22 2
7 10 9
22 2 6
20 0 12
20 23 12
12 16 10
13 15 12
22 0 12
0 4 5
8 12 8
23 3 10
11 12 5
13 17 9
12 16 12
1 3 6
16 20 6
21 23 11
14 17 7
15 18 7
4 8 6
19 20 6
18 22 2
6 9 4
11 14 12
10 14 1
10 14 11
6 9 5
12 15 11
5 8 9
5 7 3
23 3 2
8 11 8
0 2 7
14 20 8
11 15 10
10 14 11
21 1 9
12 13 2
10 14 11
23 1 4
19 21 10
1 4 7
10 14 10
8 12 1
23 1 10
20 23 1
3 5 1
3 7 1
2 4 2
12 16 8
2 4 8
14 17 10
11 16 9
23 2 10
7 11 11
18 22 6
7 9 12
6 11 10
11 14 9
0 3 4
17 20 1
2 6 5
18 19 1
6 8 7
0 2 4
0 4 7
9 13 7
18 21 1
5 7 12
17 22 3
1 4 10
19 20 8
4 8 12
21 0 7
16 19 6
19 22 6
1 3 11
4 6 12
2 5 2
19 22 1
13 14 6
23 0 3
17 19 3
0 5 5
15 19 10
23 2 5
9 14 11
17 20 8
5 7 4
5 9 7
21 2 11
4 7 12
10 14 3
20 23 3
10 11 7
