700 16
8 6 9 5 2 8 1 7 10 10 5 9 1 5 3 8 
12 15 10
9 11 5
4 6 6
14 19 11
4 7 11
18 22 7
4 7 13
10 13 14
10 12 12
22 22 11
10 13 11
6 10 5
5 7 9
14 18 6
10 12 3
14 17 15
16 17 9
5 8 2
18 21 4
10 12 5
12 15 14
0 2 2
1 5 14
7 11 11
0 5 5
22 2 2
15 18 14
12 15 15
22 1 14
3 7 13
19 22 13
9 11 16
9 10 11
22 2 5
19 22 8
5 11 9
17 21 9
0 2 10
23 2 7
2 3 10
18 21 11
1 3 9
22 1 16
15 17 10
21 0 4
20 0 9
2 3 12
20 23 1
11 14 10
1 4 12
19 23 8
0 5 16
10 11 14
4 7 14
13 16 3
17 20 5
17 20 16
11 14 9
9 13 3
23 2 5
17 18 15
14 18 10
18 21 1
1 3 8
22 23 12
11 13 5
7 12 5
23 1 3
6 9 15
5 8 13
10 11 14
13 17 14
16 19 7
7 12 5
6 10 1
20 2 8
14 18 14
5 7 10
17 20 11
2 5 6
13 15 1
0 2 2
23 0 2
0 2 4
11 13 5
5 7 7
20 23 7
10 12 10
22 1 13
21 22 7
19 22 15
2 6 1
8 10 9
2 5 12
12 14 13
20 23 15
14 20 4
7 10 1
2 5 11
14 18 6
11 14 14
13 17 6
17 21 10
19 23 10
0 3 10
2 5 10
1 4 4
16 17 12
23 1 16
15 18 7
10 12 7
1 5 4
6 8 2
5 9 12
23 3 5
9 13 16
11 14 9
6 8 11
8 12 4
0 2 11
22 0 5
9 13 1
5 7 8
16 20 8
8 12 15
5 8 7
1 5 16
17 22 9
5 8 13
14 17 3
14 19 12
7 10 2
20 23 16
13 17 4
13 17 6
19 23 4
20 22 8
9 11 5
16 19 11
2 6 2
12 15 11
8 11 13
20 23 2
0 5 2
14 19 16
15 18 2
20 23 9
19 22 10
6 10 7
0 1 14
22 1 11
15 16 13
21 0 14
5 8 11
12 16 5
19 22 9
7 10 16
6 9 8
10 13 16
19 22 10
11 13 7
9 12 1
7 10 15
13 15 2
21 23 11
0 3 8
9 11 11
14 17 10
8 11 6
8 11 10
14 16 8
10 13 6
2 6 8
9 13 3
1 5 12
10 13 5
11 13 9
12 16 4
22 3 9
7 9 16
22 1 8
7 9 4
12 14 7
17 21 16
2 6 10
9 11 1
0 2 10
12 15 5
7 11 12
9 11 8
18 20 4
23 1 10
8 12 1
11 14 15
12 14 8
12 16 2
6 9 13
17 21 4
12 15 7
13 18 12
1 4 14
18 21 15
12 14 9
23 0 12
22 1 7
9 12 3
11 12 9
7 9 8
22 2 13
23 4 8
15 19 5
4 5 11
22 0 9
12 15 4
2 6 16
21 23 7
2 7 11
6 8 10
8 12 8
10 13 2
9 13 7
15 18 14
0 1 10
19 22 8
19 22 1
8 11 2
4 7 1
17 22 16
5 8 8
1 4 1
14 19 14
20 22 12
18 21 3
6 8 5
0 2 15
22 3 2
14 15 16
5 7 2
8 11 3
20 23 1
14 15 10
17 19 7
20 23 6
6 9 2
21 0 4
17 19 6
21 23 11
8 10 4
22 1 3
6 9 11
19 22 16
8 11 14
12 16 10
13 17 14
3 7 1
11 13 1
19 22 9
2 6 13
18 20 6
15 18 14
22 0 15
16 17 16
7 12 7
11 14 14
13 15 14
3 6 7
5 7 7
11 14 9
19 23 1
18 22 3
4 6 5
9 12 5
8 10 7
1 4 16
2 6 2
19 22 16
12 16 3
5 8 9
13 17 14
3 7 1
4 7 12
3 6 15
3 6 13
8 11 1
3 5 2
19 22 13
22 1 9
6 8 15
22 0 2
14 16 1
14 17 15
22 1 2
18 19 12
19 22 5
13 17 10
14 16 7
13 16 9
2 4 12
4 6 13
3 6 1
13 16 8
22 2 9
9 11 14
23 3 5
17 20 16
0 4 7
13 15 2
22 3 1
5 9 1
15 18 11
3 5 8
20 22 8
1 4 7
22 0 3
14 18 9
22 0 12
12 13 15
23 4 10
8 11 8
21 0 15
9 13 5
10 13 3
16 20 2
10 12 6
9 11 13
22 1 7
18 22 10
1 5 10
19 22 1
22 1 5
20 22 11
14 18 7
19 0 4
7 9 8
16 19 5
8 11 8
1 3 6
8 12 7
1 5 14
22 2 3
9 13 1
6 9 6
7 9 13
1 2 10
5 8 12
22 2 12
20 0 9
12 15 4
16 19 1
20 23 2
3 6 13
14 17 7
21 22 2
17 18 1
0 3 16
19 20 12
0 0 11
23 3 3
23 2 9
11 15 12
1 5 6
16 20 9
5 9 5
8 9 2
15 18 11
2 4 13
22 0 7
21 23 11
6 9 15
8 11 8
7 9 1
12 15 12
17 19 15
12 13 10
16 20 11
11 15 9
22 0 4
19 22 3
22 1 16
13 14 11
2 5 10
6 8 5
6 9 14
19 0 7
18 21 6
21 0 6
11 15 13
1 3 3
23 1 16
9 11 9
12 16 16
3 6 2
15 18 13
12 15 14
22 1 7
0 3 12
18 21 7
13 15 15
17 20 10
23 2 9
9 12 2
23 3 13
4 6 16
9 13 2
5 8 9
3 6 12
16 19 11
18 21 7
14 15 14
12 15 7
16 19 2
19 23 9
0 3 12
22 2 8
12 13 13
10 12 3
23 4 1
4 6 9
7 11 1
13 17 11
23 2 5
6 10 16
14 18 9
9 13 6
10 11 14
20 23 2
22 0 3
15 17 5
2 5 8
9 10 4
13 16 1
14 17 8
7 8 3
1 3 8
16 18 10
19 23 11
1 4 16
1 4 4
14 18 7
13 15 7
16 19 12
5 8 14
11 14 9
13 17 1
13 16 11
2 3 14
16 20 7
20 23 16
7 11 3
21 23 10
9 12 4
1 5 4
0 5 15
1 5 12
22 2 5
18 20 1
20 1 14
12 15 3
18 21 9
19 20 1
13 16 12
0 4 1
14 17 2
0 1 2
16 20 5
9 11 15
14 16 2
6 10 6
13 16 3
9 13 5
7 10 15
16 21 9
14 18 10
22 1 12
15 18 1
0 5 14
0 2 2
13 15 6
22 3 15
8 11 15
3 6 14
19 23 6
22 1 9
21 0 3
10 12 5
12 14 12
20 23 10
20 22 12
6 8 11
20 23 9
18 23 13
17 21 1
2 5 3
22 1 8
15 20 13
5 9 8
8 12 9
6 9 2
17 20 12
8 10 13
12 16 12
4 8 10
16 18 6
1 3 10
13 17 13
15 18 3
13 15 6
13 16 4
23 1 7
19 22 11
1 4 16
14 17 6
6 8 5
20 23 16
2 6 10
9 11 3
10 16 9
2 5 15
1 4 5
23 1 6
2 6 2
15 18 6
6 10 9
20 0 6
0 2 6
15 19 5
8 11 9
16 17 7
14 16 2
12 14 12
21 23 10
14 18 10
22 1 12
21 23 13
21 23 6
11 13 5
0 3 10
14 16 9
21 23 16
11 14 14
11 14 8
7 11 3
22 2 14
19 0 10
21 0 3
20 0 6
0 1 10
10 11 9
23 3 15
20 0 16
17 20 1
17 20 16
6 10 16
12 14 6
21 0 15
21 0 13
0 3 6
21 0 15
21 0 14
13 17 1
12 17 3
22 23 2
16 19 11
17 20 15
19 2 8
14 18 4
20 21 1
2 6 16
20 22 1
3 5 4
21 0 14
18 19 8
20 21 9
2 5 14
14 15 15
8 11 5
12 17 12
2 4 9
17 20 9
0 3 14
21 1 9
7 11 9
5 7 8
13 16 7
3 5 5
19 23 2
14 17 12
20 23 8
0 3 13
22 0 4
21 0 5
3 6 3
0 3 13
19 22 1
13 16 6
12 15 11
7 11 15
4 7 8
9 11 6
22 1 11
22 1 13
23 3 6
11 12 15
17 19 10
4 7 8
16 18 16
7 9 14
16 19 3
12 16 10
16 19 2
13 16 15
20 22 11
23 2 11
10 13 13
13 15 2
17 19 9
5 9 5
1 4 16
17 19 11
16 19 14
9 13 15
1 4 3
13 17 15
23 3 1
8 10 5
17 20 11
23 0 8
1 5 9
1 4 14
9 11 3
2 4 7
20 0 4
20 0 7
4 7 14
22 23 1
15 18 11
13 14 3
15 19 4
15 17 10
5 9 16
14 16 10
8 12 11
19 23 16
18 22 7
21 1 2
22 0 2
20 23 13
23 3 5
19 23 3
23 3 8
11 13 12
7 9 5
10 12 2
22 0 9
9 13 16
23 2 14
22 2 3
12 16 15
1 3 5
0 2 8
19 0 9
9 12 11
23 2 6
3 7 14
5 9 8
7 11 16
10 14 12
1 3 8
15 18 5
12 17 11
6 8 14
5 8 1
15 17 4
22 2 9
13 16 2
3 6 2
23 2 7
1 5 11
20 23 9
21 0 11
10 13 4
13 17 10
15 18 6
7 10 4
0 4 12
18 20 7
23 2 11
23 4 9
14 15 15
20 22 14
22 1 5
18 20 11
11 14 15
4 8 6
23 3 1
19 23 14
17 21 8
5 10 13
18 21 2
13 16 7
