550 4
10 4 6 7 
8 10 3
21 23 1
2 6 2
16 18 2
19 23 1
12 14 1
22 2 1
12 16 4
11 13 1
19 20 2
14 18 1
13 15 4
11 14 1
14 16 2
13 16 1
6 9 2
16 20 2
15 18 2
14 17 3
16 20 3
20 23 4
21 2 1
0 4 2
4 7 3
12 16 1
1 4 4
14 18 3
14 18 1
7 11 2
21 22 2
7 10 2
7 8 3
20 21 2
0 3 2
4 6 2
4 8 3
19 23 4
4 6 1
0 5 4
4 8 4
10 13 3
1 2 2
15 17 3
12 15 3
0 3 1
9 10 4
10 13 3
23 2 2
3 4 1
15 18 1
15 19 4
21 1 3
23 2 2
19 21 3
4 7 3
13 16 1
14 18 2
7 11 3
13 15 4
3 6 1
8 11 4
0 4 1
2 6 2
23 2 2
6 10 1
20 0 2
13 16 2
14 17 4
5 8 2
12 15 3
11 14 1
8 13 3
9 12 1
19 23 2
14 17 2
17 20 4
12 14 2
22 1 2
4 6 4
5 9 2
1 6 3
14 17 2
16 19 2
2 5 3
17 21 4
4 6 3
20 0 1
13 17 2
5 8 1
18 20 4
4 6 3
11 14 4
12 16 1
3 7 1
23 3 2
4 5 4
5 9 3
18 21 4
15 18 4
13 16 1
18 23 4
9 10 2
0 4 1
1 4 1
17 22 4
9 14 1
20 0 3
2 3 3
14 17 4
15 18 2
18 22 3
14 18 1
9 12 2
5 8 3
11 14 3
6 8 3
9 11 2
14 16 4
5 10 1
11 14 2
15 17 4
18 20 1
14 16 2
12 14 3
1 3 2
3 5 4
12 15 1
23 2 4
12 15 4
5 9 1
21 1 2
23 3 2
11 14 2
5 8 3
15 18 3
12 16 1
11 14 3
8 11 3
21 22 1
14 18 4
10 15 2
6 10 4
16 20 4
5 7 2
9 11 2
15 17 4
5 9 1
20 23 3
0 4 3
19 22 1
4 9 2
3 7 2
10 14 3
13 15 1
8 10 2
13 16 3
6 9 1
1 4 3
16 20 3
22 0 3
5 7 2
22 2 2
6 9 3
3 5 1
14 15 1
23 3 1
14 18 4
9 12 4
17 20 2
19 22 3
4 7 3
7 11 3
17 21 2
19 22 2
20 0 2
21 1 3
14 17 1
16 18 4
20 2 3
11 14 2
8 9 4
3 7 1
8 11 4
4 8 1
22 1 3
8 11 4
21 0 1
13 16 4
14 16 3
9 12 2
14 19 1
5 8 3
1 5 4
13 15 1
14 17 4
19 21 4
1 4 3
5 9 2
11 14 3
1 4 3
1 4 2
0 4 4
16 20 2
19 23 2
5 9 1
20 0 1
16 18 1
17 19 2
12 14 2
18 20 4
19 20 4
1 4 4
19 22 2
20 0 3
5 9 1
6 8 3
12 15 1
14 17 3
16 19 2
13 17 1
2 4 1
5 7 1
12 16 2
15 19 1
19 23 3
15 18 4
4 5 1
8 13 1
10 14 3
9 12 1
21 0 2
12 15 2
14 17 1
4 8 3
10 13 1
1 5 3
15 16 4
20 23 3
7 12 3
0 5 4
19 21 3
13 16 1
5 9 4
0 4 1
11 15 3
8 11 3
0 4 2
21 0 1
17 20 3
9 10 1
16 18 2
4 7 4
14 19 4
18 20 2
4 8 3
21 0 1
1 3 2
2 6 4
8 11 4
16 19 4
3 5 2
10 12 4
18 20 4
12 13 4
6 9 1
1 4 4
1 5 3
6 10 1
19 22 3
1 5 2
13 15 2
14 18 4
17 20 1
9 13 4
4 8 4
19 21 3
18 20 2
4 8 2
14 16 4
9 12 1
14 17 2
5 8 4
11 14 2
0 2 2
2 5 3
10 13 3
13 16 2
21 1 2
20 1 4
19 22 4
15 17 1
14 18 4
18 21 2
0 3 4
5 8 3
12 13 4
17 17 2
10 14 4
21 0 2
10 13 2
14 16 1
9 11 4
21 0 2
5 8 1
12 15 2
6 9 4
7 9 1
22 2 3
21 0 4
3 7 4
6 10 4
17 21 3
16 20 3
10 14 4
10 13 3
9 13 4
23 3 4
7 10 4
7 9 2
19 22 4
23 1 1
22 0 2
20 23 4
13 15 3
15 16 3
1 4 4
6 7 2
22 1 4
21 22 2
20 21 2
6 10 1
0 4 3
2 7 2
1 4 3
5 6 2
2 6 4
19 21 3
11 14 1
7 11 1
15 19 1
21 0 4
16 19 1
12 16 4
14 18 4
3 6 1
10 13 2
14 17 2
1 5 3
16 20 4
22 1 2
7 11 1
22 2 3
5 8 1
9 12 2
15 17 3
21 1 1
9 11 4
14 16 3
19 21 3
18 23 4
20 22 4
10 13 1
16 18 4
14 18 1
6 9 1
3 5 4
12 16 4
12 15 2
5 5 4
2 4 3
4 6 2
5 8 1
11 14 3
0 3 3
17 20 2
19 22 4
0 3 1
16 18 1
9 11 3
12 17 4
16 21 1
14 18 2
7 9 2
2 5 3
7 8 2
16 19 1
11 14 1
18 18 1
5 6 1
1 4 2
23 1 2
22 2 3
14 17 4
8 13 1
19 22 3
9 12 1
7 10 3
4 7 3
3 6 1
5 8 3
13 16 3
8 11 2
16 19 1
6 8 4
6 8 2
14 17 1
23 2 3
11 13 3
9 11 4
13 17 4
20 22 2
15 18 3
21 1 3
5 8 3
15 18 4
10 14 1
13 15 2
2 5 4
23 2 2
1 1 2
3 7 1
1 6 4
6 8 1
1 2 1
21 0 2
0 2 4
8 12 2
0 5 4
11 16 2
15 18 2
19 21 3
9 13 4
6 10 2
20 22 2
21 1 3
3 7 4
7 13 3
21 0 3
22 1 2
17 18 2
0 4 1
10 13 1
22 2 4
7 9 3
6 9 2
7 9 4
11 15 3
6 10 4
5 8 1
18 20 4
19 23 1
0 2 3
23 2 1
22 3 3
13 17 2
3 4 2
19 23 1
9 12 1
21 0 4
5 7 4
2 3 2
4 8 1
19 22 2
2 4 3
2 5 3
3 5 2
16 20 2
11 16 3
1 3 2
12 15 4
21 23 3
12 15 1
22 23 3
11 12 4
18 23 1
17 20 3
16 18 2
9 14 2
2 4 4
14 15 1
8 11 4
22 1 1
0 1 4
19 22 4
9 13 3
21 23 3
4 7 3
2 4 2
14 18 2
18 21 3
17 19 4
20 23 1
4 7 2
15 17 2
18 20 4
6 8 4
18 22 1
1 4 1
0 3 2
4 8 3
8 13 3
12 15 1
3 5 3
5 7 1
16 18 1
12 16 1
23 2 2
1 6 4
10 13 4
21 0 3
2 5 3
11 12 1
7 9 1
12 16 3
12 15 4
20 22 1
3 5 1
1 3 2
8 13 1
16 18 2
19 22 4
4 6 3
20 21 2
13 14 1
14 19 3
21 23 4
15 17 2
16 18 3
5 7 3
5 10 4
17 18 1
15 17 4
2 3 3
14 17 3
5 8 3
14 18 2
2 4 3
7 11 4
13 15 4
10 13 2
0 3 4
8 12 1
22 0 2
3 5 1
13 18 4
4 7 2
23 1 2
23 2 2
2 4 1
22 1 3
