150 1
5 
22 23 1
7 9 1
1 4 1
16 20 1
7 10 1
21 2 1
8 12 1
9 11 1
2 5 1
15 16 1
12 16 1
1 4 1
9 11 1
13 16 1
18 22 1
7 9 1
14 17 1
22 1 1
16 20 1
23 1 1
3 5 1
5 8 1
22 0 1
20 22 1
15 17 1
13 16 1
13 16 1
16 19 1
12 16 1
17 19 1
8 11 1
23 4 1
2 7 1
18 22 1
4 9 1
16 21 1
11 13 1
17 20 1
10 14 1
22 0 1
22 1 1
2 5 1
5 8 1
12 14 1
7 8 1
0 4 1
13 14 1
5 9 1
12 16 1
7 10 1
5 8 1
6 10 1
7 12 1
21 2 1
18 21 1
20 21 1
17 19 1
1 4 1
2 7 1
0 2 1
2 4 1
19 21 1
23 2 1
4 7 1
2 6 1
15 19 1
11 14 1
3 7 1
1 4 1
22 2 1
11 15 1
16 19 1
7 12 1
20 23 1
5 8 1
6 9 1
6 10 1
13 17 1
5 8 1
11 13 1
10 15 1
17 20 1
8 9 1
22 2 1
0 3 1
8 12 1
6 8 1
15 18 1
19 19 1
10 13 1
21 23 1
14 18 1
7 11 1
5 7 1
6 7 1
1 4 1
16 20 1
22 2 1
21 23 1
2 6 1
3 6 1
17 21 1
13 16 1
2 5 1
5 8 1
0 1 1
3 6 1
10 13 1
21 0 1
11 13 1
10 14 1
15 19 1
19 23 1
5 10 1
19 23 1
15 17 1
11 14 1
14 19 1
0 3 1
6 10 1
2 6 1
4 7 1
20 0 1
8 8 1
7 8 1
23 2 1
0 3 1
8 12 1
13 17 1
17 19 1
4 7 1
20 23 1
8 12 1
23 4 1
11 13 1
11 15 1
3 5 1
3 6 1
10 15 1
17 21 1
23 3 1
23 2 1
13 16 1
23 3 1
7 11 1
17 20 1
2 3 1
8 11 1
15 18 1
0 3 1
