1150 6
4 9 9 5 1 2 
15 17 1
14 16 6
7 12 1
13 16 3
13 15 5
9 12 2
13 16 4
17 20 1
19 0 6
16 21 6
2 6 3
15 20 5
14 18 3
18 20 4
13 15 4
10 12 5
11 15 2
4 8 1
20 0 3
19 22 6
13 15 2
22 1 1
1 4 1
1 3 3
0 2 2
21 22 2
7 10 3
16 17 5
16 19 6
8 8 6
22 2 6
2 6 1
3 5 5
14 16 2
20 22 1
8 10 3
0 2 4
18 19 1
7 11 2
1 5 1
20 23 6
11 14 1
8 11 2
20 22 5
9 12 2
2 4 6
21 0 3
12 15 6
15 17 4
23 2 5
15 18 6
22 1 3
21 0 2
20 0 3
1 2 1
2 5 2
11 16 6
10 13 1
12 15 2
16 19 3
5 7 6
10 14 1
20 23 4
6 10 5
8 13 6
3 5 6
19 22 3
21 0 5
6 11 5
4 8 3
13 16 4
16 19 4
16 20 5
13 17 5
11 14 1
18 21 3
6 9 4
2 5 1
22 1 5
23 4 1
13 16 2
2 2 6
14 18 6
18 20 3
20 22 4
12 15 1
11 14 2
2 6 2
12 16 6
19 22 2
5 8 3
0 3 1
10 14 6
10 13 1
12 15 4
0 3 4
5 8 5
17 21 6
17 19 4
0 2 2
7 10 4
7 10 2
6 9 6
16 20 6
4 7 4
8 12 6
4 6 2
11 13 3
1 2 4
3 6 6
8 12 4
13 16 5
12 15 5
21 1 2
2 4 6
1 6 5
17 20 5
17 20 2
4 8 6
2 4 6
4 8 5
5 7 6
10 13 6
17 20 1
7 11 1
16 19 4
12 13 3
3 5 6
2 6 2
21 0 2
16 19 5
3 7 5
19 22 6
20 23 1
16 18 6
16 18 1
10 14 2
17 20 2
17 19 3
14 15 2
4 7 1
7 9 6
18 22 2
10 13 6
10 12 6
16 20 4
1 4 4
10 15 1
18 21 6
2 5 2
3 5 4
2 5 5
23 3 5
11 14 6
10 12 5
22 0 3
3 7 2
3 5 4
11 14 6
5 8 1
9 11 5
12 17 1
11 15 2
10 15 3
2 3 3
20 0 5
0 3 4
15 17 5
3 7 5
7 11 6
13 16 3
20 0 5
5 10 1
22 0 5
18 21 6
14 17 2
22 23 1
7 10 3
11 14 2
19 22 2
8 10 4
2 5 4
15 19 3
6 8 4
18 22 5
15 17 5
15 17 3
2 6 2
16 20 6
10 13 1
22 0 4
15 19 3
13 16 4
5 9 5
5 7 3
13 16 1
6 9 5
19 22 3
8 11 3
3 4 2
20 0 2
6 9 1
3 5 3
12 15 6
19 21 6
19 21 5
20 0 3
22 2 3
6 8 6
22 0 3
19 22 5
0 3 3
6 9 5
8 9 6
7 10 4
10 13 4
6 8 3
15 18 6
8 11 5
10 13 3
12 15 5
14 18 2
10 13 1
6 8 6
7 10 6
7 10 1
23 2 1
11 15 4
19 22 3
1 5 5
22 1 4
22 1 3
19 23 1
11 14 5
11 13 6
1 2 3
17 18 6
4 7 2
11 13 5
11 15 2
3 6 4
1 5 1
4 5 6
17 20 1
19 23 5
1 4 6
1 3 5
11 12 3
9 13 2
13 17 5
10 13 3
21 23 6
22 0 5
3 7 5
16 21 3
15 18 1
8 11 2
15 20 4
10 13 5
13 15 1
23 2 4
8 12 2
22 1 4
15 18 1
19 23 5
13 16 2
18 20 4
9 13 3
1 4 5
13 16 5
3 6 1
19 22 6
19 22 1
17 20 4
3 5 6
14 16 5
9 11 2
22 0 1
16 17 6
19 21 3
20 23 1
20 1 1
13 15 6
19 21 4
19 23 4
15 18 4
20 23 5
3 8 3
21 0 4
21 2 6
20 22 5
4 7 2
2 6 5
18 21 6
22 1 1
22 3 4
9 12 3
1 4 4
22 2 5
7 9 1
6 11 3
23 0 6
4 5 1
0 2 5
11 14 3
5 10 3
18 21 4
3 6 3
12 14 2
12 15 1
19 23 4
5 8 1
0 3 5
18 22 6
2 4 6
15 17 2
10 13 3
9 13 4
1 4 3
2 4 4
9 12 3
6 6 6
18 23 1
5 7 6
19 20 3
5 8 1
12 14 5
23 2 6
19 23 3
9 13 3
12 14 5
18 22 6
10 11 1
22 0 1
7 11 3
1 5 6
12 16 2
11 14 3
7 10 5
11 14 5
13 15 6
20 0 4
12 14 1
2 5 1
23 3 3
3 4 6
13 16 4
9 12 2
8 11 6
7 9 6
22 1 2
3 6 2
14 16 2
2 5 6
12 14 6
9 12 4
6 8 4
15 18 5
14 17 3
15 19 5
19 23 1
17 19 6
11 17 3
0 2 6
8 10 5
4 7 6
1 3 5
3 7 4
14 17 5
6 12 1
5 8 2
23 0 5
17 19 2
4 8 3
16 18 3
21 2 1
21 23 3
20 22 5
10 13 5
22 23 4
21 0 2
23 3 1
16 20 5
5 8 6
7 10 2
4 7 1
16 19 2
18 21 3
6 10 6
8 12 1
14 16 4
14 17 1
16 20 1
14 17 4
3 6 4
13 15 3
2 5 5
13 16 4
2 6 6
23 1 4
19 22 1
13 17 4
14 17 5
3 6 6
17 20 1
18 22 5
20 22 4
19 23 6
4 8 3
17 20 5
3 6 2
17 20 2
8 11 5
19 20 5
0 1 3
18 22 4
8 12 4
17 20 5
4 7 4
12 14 5
1 3 2
9 13 4
18 21 4
20 1 1
16 18 3
22 0 3
7 10 2
16 21 2
15 20 1
23 2 4
10 12 4
5 9 1
3 7 4
15 19 1
9 13 6
11 13 2
14 18 6
3 6 3
18 20 1
7 8 6
0 3 6
22 2 2
22 1 5
9 12 6
12 17 2
15 17 2
12 14 3
5 9 3
11 13 3
15 18 3
19 0 3
11 15 4
4 6 4
5 7 5
8 11 2
14 18 2
10 14 5
17 20 5
15 19 3
8 12 4
0 2 5
20 23 6
9 14 4
2 4 3
11 14 3
15 18 3
15 20 3
8 9 4
20 22 2
5 6 5
2 4 1
21 1 6
9 11 6
23 0 4
0 3 4
16 18 2
11 15 6
14 19 2
19 22 4
7 11 3
14 16 6
22 1 2
10 12 5
22 3 6
8 11 5
4 7 4
10 13 6
13 16 1
11 14 2
23 3 3
2 4 6
23 4 1
23 23 3
21 23 3
14 18 3
21 1 1
7 8 1
17 20 3
22 1 4
23 2 3
10 12 6
0 2 5
8 10 5
21 1 6
16 20 1
7 8 2
12 15 6
6 9 3
17 18 3
19 23 4
10 15 1
7 9 3
14 17 4
2 5 2
23 4 6
2 5 2
22 1 5
7 12 3
4 8 2
17 19 1
11 14 1
14 17 6
8 13 5
15 19 6
21 0 5
22 1 2
12 14 4
13 16 2
20 23 2
10 13 2
0 3 4
21 1 6
1 5 5
6 8 4
15 18 1
7 10 4
22 3 6
22 3 5
13 17 6
4 8 4
15 19 5
17 18 6
21 0 4
20 0 4
20 21 2
17 19 5
13 16 4
11 14 6
1 2 4
22 0 3
6 11 4
2 6 4
9 12 5
2 5 6
3 8 6
5 7 3
2 7 3
23 3 3
15 18 3
18 21 6
17 20 6
13 15 6
17 19 1
11 16 2
10 12 3
23 2 4
3 7 5
13 18 5
22 0 4
13 15 6
8 12 6
14 16 4
6 8 1
1 5 1
0 4 3
10 12 4
9 11 6
6 9 3
9 12 4
21 23 2
12 15 6
8 12 1
9 11 4
13 14 2
21 23 5
20 0 2
5 9 5
3 6 4
18 22 4
5 8 5
17 21 6
15 17 6
2 7 6
16 19 1
6 10 6
15 19 5
2 6 4
0 3 5
15 18 6
19 21 3
2 8 6
20 22 1
1 3 1
0 5 4
0 4 1
21 23 2
0 4 3
1 5 5
11 13 2
12 15 1
5 8 3
21 1 2
6 9 2
11 15 2
20 23 5
23 0 1
13 16 2
6 10 5
22 23 5
1 4 1
2 5 2
21 23 1
21 0 3
4 7 5
23 3 2
6 9 2
12 15 3
2 6 2
19 21 5
2 3 6
18 22 6
11 15 1
20 0 4
3 6 6
7 10 5
5 9 6
21 0 5
1 4 4
9 13 5
5 7 3
7 10 3
6 9 6
20 23 1
1 5 5
23 3 1
0 4 2
12 16 4
10 12 6
20 22 6
0 2 5
18 22 1
12 15 6
6 8 6
12 14 3
6 9 3
16 20 1
16 18 4
12 16 1
6 9 1
11 15 6
21 2 4
18 21 3
18 22 3
20 1 4
19 21 5
17 20 2
7 9 6
11 13 6
22 0 4
7 10 6
13 16 3
19 22 3
21 0 5
13 17 6
15 19 2
15 19 5
21 0 2
4 6 3
9 10 3
9 12 4
16 19 5
11 14 2
23 2 1
18 20 3
7 11 6
21 1 3
7 11 2
16 19 3
2 5 4
8 10 4
16 18 4
4 7 6
9 11 1
12 15 5
8 12 3
21 0 3
14 17 3
8 12 5
10 12 2
11 12 1
1 5 1
14 17 3
1 5 2
8 10 3
1 4 2
17 19 3
21 22 1
2 5 3
8 14 4
15 18 5
1 3 1
2 4 2
1 4 6
10 12 5
18 22 6
18 22 3
18 21 6
4 9 2
22 2 4
8 12 5
16 20 2
21 0 1
18 20 1
13 16 3
17 21 4
7 10 1
4 7 5
8 11 2
0 3 4
2 3 6
4 7 2
0 4 6
11 13 1
7 9 5
2 3 6
19 0 3
1 3 3
23 2 6
23 2 4
19 23 6
18 20 2
5 7 6
14 17 6
12 15 6
0 3 6
6 8 5
15 18 1
21 23 2
22 0 6
8 9 3
20 0 3
0 4 5
11 12 1
1 3 3
23 2 6
20 23 3
20 1 3
6 8 4
19 20 5
17 21 6
2 4 3
4 6 3
17 20 6
6 10 1
18 21 6
16 19 2
2 6 2
12 16 2
13 18 3
6 9 3
21 2 5
8 12 4
19 23 1
22 3 3
16 19 1
21 1 2
3 8 4
16 19 4
21 0 5
20 23 4
9 13 1
12 17 3
2 6 5
17 19 1
19 23 6
1 5 1
5 8 1
10 16 4
2 5 3
17 20 5
11 15 6
20 22 3
6 8 4
6 8 2
10 13 2
15 18 4
22 0 3
23 2 5
14 16 5
16 19 5
12 14 3
2 5 3
9 12 6
5 10 2
7 10 3
17 19 6
19 21 1
3 6 1
9 11 5
20 23 1
23 1 5
8 11 6
20 23 3
18 22 2
20 1 1
21 23 6
6 9 6
6 11 1
4 6 6
6 9 3
15 18 3
20 22 5
23 2 4
3 6 2
7 9 5
7 11 5
22 1 1
16 18 4
21 0 4
22 0 1
19 23 5
13 18 2
21 23 5
22 1 4
14 17 4
7 12 3
4 8 1
14 16 1
11 13 1
1 5 2
17 19 4
21 2 5
10 13 5
12 17 5
3 6 5
12 14 5
4 7 6
7 10 6
23 2 1
13 16 3
6 9 2
1 3 2
17 21 4
13 17 2
18 21 6
3 6 4
12 15 1
15 16 3
7 9 2
18 22 3
23 0 3
16 18 3
10 13 2
8 11 2
17 20 6
16 19 6
19 23 1
10 13 2
10 13 3
5 8 1
22 23 2
18 22 5
22 2 2
23 1 2
13 17 3
16 19 2
15 18 1
20 23 3
0 3 2
20 23 6
2 5 5
15 19 1
3 7 6
0 1 2
2 5 6
16 21 3
18 19 3
12 14 2
15 21 4
20 0 3
23 2 4
4 6 1
11 14 1
12 15 1
21 23 2
1 4 1
17 18 4
13 16 2
6 9 1
5 7 4
3 6 3
10 13 2
3 6 1
2 6 1
4 8 4
22 1 6
15 20 3
3 6 6
5 10 4
23 0 1
10 13 2
23 2 1
2 4 4
0 2 4
0 4 1
20 0 1
5 9 2
4 7 3
9 13 2
13 17 3
8 11 3
15 17 1
10 12 4
2 4 1
8 10 1
13 17 6
16 18 3
15 16 2
21 0 6
22 0 1
3 6 5
2 4 6
21 0 1
11 14 6
4 6 2
19 22 3
23 1 3
23 2 6
2 7 6
2 6 4
17 19 5
1 3 4
0 2 5
7 9 4
0 4 4
18 20 3
19 21 6
1 4 2
3 7 5
12 15 5
20 21 6
9 11 4
10 12 2
1 4 3
23 2 2
2 6 3
19 21 3
8 11 1
8 12 4
12 15 2
14 16 1
1 4 2
12 15 4
16 20 1
7 11 6
7 8 1
8 12 5
11 14 1
5 7 4
21 1 6
15 17 2
22 2 2
11 15 3
13 17 5
22 0 5
10 12 6
0 2 4
20 22 2
13 17 5
1 5 2
4 7 2
0 3 3
6 7 6
4 9 6
4 6 2
20 0 5
8 12 3
16 18 5
10 12 1
0 5 1
18 22 2
7 10 3
14 18 5
1 3 2
0 2 2
12 14 4
6 9 5
5 9 5
15 17 6
17 21 1
20 0 2
16 20 5
8 13 6
11 14 3
11 14 1
11 15 6
6 10 5
18 22 3
11 15 1
2 6 1
14 18 5
0 2 3
20 1 2
8 13 1
6 9 3
16 19 3
22 1 5
10 14 2
1 4 6
17 22 3
16 19 2
22 0 6
10 13 4
6 7 1
16 19 5
13 16 4
5 8 5
2 5 3
21 22 1
16 21 1
19 22 2
1 4 1
23 1 6
6 7 2
12 16 2
14 17 2
14 17 2
14 16 3
21 22 4
19 23 1
6 8 1
0 2 3
8 12 1
21 0 3
13 17 3
5 7 5
10 14 5
8 13 6
14 18 1
17 23 6
8 11 4
11 14 5
2 3 4
16 18 6
3 6 4
19 23 5
8 11 1
16 19 4
10 14 6
1 6 2
7 11 4
7 11 3
4 6 1
9 12 4
16 19 6
16 19 6
0 5 3
16 18 2
2 4 2
19 20 3
20 23 5
9 10 2
6 9 6
10 14 4
18 21 5
15 18 2
21 23 5
8 10 3
7 10 3
23 0 4
18 22 2
23 1 3
0 2 1
10 12 1
6 9 2
15 18 3
10 12 3
5 8 3
15 17 3
17 21 2
3 5 5
5 9 6
6 11 2
6 10 5
9 12 4
1 6 5
9 13 2
5 8 2
20 23 3
4 6 4
1 4 4
2 5 1
7 11 1
4 6 1
7 8 1
22 1 1
17 20 2
7 9 2
4 8 2
7 10 5
6 8 3
19 23 2
0 3 3
8 11 6
13 17 4
23 0 1
7 11 1
22 0 5
5 7 1
7 9 4
17 21 6
22 0 4
17 20 2
9 13 6
15 19 1
7 8 4
10 14 2
5 9 1
14 18 6
21 23 5
16 18 4
0 3 2
9 13 3
6 9 3
13 15 1
20 22 5
7 11 1
9 12 5
0 4 2
21 0 6
15 18 6
15 18 3
12 15 6
7 10 3
1 3 5
8 12 3
9 11 1
2 6 2
10 15 1
7 11 2
