950 12
9 8 7 6 4 4 1 3 1 1 6 8 
22 1 12
0 5 8
23 0 12
6 12 12
8 11 11
13 17 3
18 22 7
4 8 12
13 16 2
9 12 10
9 12 4
13 16 11
9 12 5
14 16 8
0 3 5
2 6 4
7 11 12
0 2 8
1 3 2
20 23 12
19 22 12
23 4 1
5 7 11
8 11 8
12 15 7
12 15 1
15 17 10
10 12 4
2 5 8
16 20 8
13 16 10
6 10 2
21 23 4
6 8 10
13 15 8
2 5 2
9 10 1
15 18 4
13 17 10
1 2 1
0 2 5
5 7 9
8 11 11
22 0 10
18 23 12
4 7 2
23 2 1
1 6 6
21 0 3
10 12 6
21 23 12
8 12 1
6 10 2
11 14 9
17 22 7
6 8 11
18 20 9
6 9 4
7 7 9
19 21 3
6 10 5
18 19 10
5 8 3
5 7 11
23 2 12
9 13 6
22 3 12
17 20 8
17 19 10
21 0 5
1 5 1
4 9 3
1 4 8
3 6 1
10 14 5
7 8 9
22 1 8
14 17 9
16 20 6
15 18 3
3 7 9
19 22 9
14 19 8
10 12 10
15 19 5
15 17 6
15 17 3
20 23 6
0 2 9
12 14 7
2 4 1
13 15 10
21 23 3
2 6 3
2 4 1
4 8 11
14 17 8
6 7 6
3 5 11
13 16 3
7 12 3
23 0 12
4 8 1
19 22 8
12 17 4
23 1 9
8 11 2
5 8 3
16 18 7
13 17 1
15 17 2
22 1 1
12 14 12
12 16 11
2 4 11
19 21 2
12 16 3
0 4 12
23 3 9
7 10 5
23 1 5
0 2 8
17 20 7
20 1 9
21 23 7
8 10 6
13 14 6
2 4 10
15 18 1
13 15 7
21 23 1
12 13 7
4 9 7
3 5 7
7 10 6
7 9 4
19 21 9
21 23 10
11 14 6
23 2 11
8 10 12
3 6 2
3 6 8
23 0 9
8 10 7
2 3 9
12 15 8
4 7 2
18 22 9
1 6 9
23 1 10
15 18 6
13 15 6
21 23 1
13 15 8
11 14 2
4 7 7
3 5 8
15 19 8
18 21 1
11 13 2
3 8 5
7 11 7
15 17 9
8 10 4
17 20 5
4 8 4
5 8 10
14 18 11
20 0 1
22 3 1
4 7 5
17 20 1
22 0 7
5 7 8
15 18 1
5 8 10
3 7 5
14 19 1
23 4 4
5 7 10
9 12 5
21 0 2
21 23 10
15 16 11
7 10 5
9 12 1
14 17 12
10 13 6
17 20 1
17 19 6
9 12 1
10 14 6
14 17 7
2 3 7
10 13 5
21 23 12
9 11 12
15 19 4
1 3 11
13 16 9
0 2 2
22 2 2
21 0 4
17 21 9
9 11 7
15 20 12
20 22 10
9 14 6
8 13 3
14 17 5
0 4 7
17 21 5
6 11 9
21 0 2
10 13 1
19 21 9
9 12 6
16 17 12
8 12 1
15 18 2
14 16 1
16 19 8
9 12 8
13 16 5
16 19 5
22 1 4
22 2 7
8 10 7
15 18 9
13 17 3
7 11 5
4 8 10
23 0 2
3 5 4
22 1 12
5 9 5
17 20 9
7 11 3
12 16 1
0 2 5
15 18 6
5 8 9
12 16 3
3 6 3
13 17 3
8 11 12
3 6 11
7 8 6
23 3 1
21 0 4
6 9 3
1 5 7
8 10 10
17 21 11
15 18 12
10 13 8
11 14 9
13 14 12
15 17 12
20 21 2
4 7 2
3 5 9
23 3 2
22 1 1
9 11 1
2 4 2
22 0 11
14 16 9
10 13 9
20 23 9
0 4 7
7 10 3
7 11 7
4 6 6
10 12 6
6 11 2
3 5 4
1 4 3
4 10 5
2 7 7
14 19 7
3 5 6
6 9 2
19 21 8
14 17 9
22 0 7
2 4 6
18 20 6
0 3 6
8 11 9
12 16 12
16 18 2
7 9 6
17 21 10
7 10 10
23 2 3
12 14 9
22 0 11
13 17 9
4 8 9
1 4 6
16 19 9
22 0 2
2 6 2
22 0 8
11 15 8
16 19 7
7 8 2
2 5 12
6 8 1
0 3 1
14 17 12
23 3 1
21 0 7
6 8 6
4 8 4
6 9 1
18 20 3
3 5 1
23 3 3
7 9 3
17 22 3
21 1 10
11 14 2
20 21 6
0 2 5
3 5 5
21 2 5
7 9 8
2 4 10
14 17 7
14 18 11
8 10 10
13 17 2
19 0 8
22 0 8
4 6 5
9 12 12
20 23 5
1 4 5
8 11 5
4 6 3
20 0 12
3 8 9
17 20 9
20 23 2
13 15 9
16 18 7
3 6 4
18 21 5
3 7 1
7 9 7
19 21 3
19 22 7
23 2 7
21 0 3
10 12 10
17 19 12
17 21 1
5 8 12
12 13 5
13 18 6
6 11 5
1 2 5
20 0 8
1 4 10
17 19 3
0 3 8
17 20 2
21 2 8
1 4 9
0 5 2
5 7 3
15 19 1
18 22 7
14 16 4
8 11 5
23 4 7
8 11 3
12 15 1
5 7 2
5 9 5
13 16 12
8 10 10
2 4 5
20 23 8
15 19 2
12 16 8
13 15 12
9 11 2
2 5 2
16 18 6
19 23 2
5 8 1
0 2 10
18 21 3
19 22 12
15 18 12
9 11 3
13 15 7
11 14 6
23 2 2
9 13 10
11 12 1
2 6 8
12 14 3
9 11 11
0 2 9
1 4 5
11 15 9
6 9 5
19 23 5
23 1 7
20 23 11
9 13 10
0 3 4
8 12 6
9 14 6
2 7 12
10 13 1
15 19 2
17 18 7
17 20 3
2 6 4
15 20 11
3 6 12
5 8 11
1 5 4
9 10 2
22 1 11
22 2 1
4 9 1
23 1 8
17 19 4
19 22 9
19 21 3
0 5 12
9 13 12
7 9 2
22 1 6
4 7 6
19 0 12
18 20 7
22 1 5
3 7 4
22 1 1
8 11 9
1 6 6
0 2 12
9 12 5
13 16 7
0 5 10
16 19 8
2 6 6
23 2 12
9 13 1
4 6 11
11 15 9
20 22 7
4 7 4
21 0 9
20 23 8
16 18 5
8 12 5
23 2 10
1 4 1
4 8 5
14 17 3
16 19 7
16 20 3
11 14 6
6 9 2
0 2 5
7 11 9
0 1 7
1 4 4
21 23 4
6 9 6
4 8 1
23 2 4
22 1 5
8 10 7
22 0 7
18 21 7
22 1 4
19 21 6
6 9 7
16 18 5
0 1 8
4 8 9
5 8 5
22 2 8
9 12 4
21 1 6
17 21 9
3 6 11
14 17 9
12 15 4
7 9 2
1 5 12
12 15 12
18 20 10
22 1 11
21 2 3
9 12 9
9 12 9
3 5 7
12 15 5
9 12 3
14 16 11
8 11 11
0 1 3
8 12 8
20 22 9
10 15 10
7 12 12
0 4 12
1 5 6
18 20 5
14 17 2
1 3 10
6 8 2
23 1 8
22 23 1
22 3 6
1 6 1
20 22 6
16 18 7
9 12 11
20 22 12
0 3 2
20 23 9
10 13 1
1 6 3
0 1 5
9 14 11
17 19 12
16 18 12
2 6 6
18 20 2
11 14 9
9 11 3
4 9 1
19 22 9
12 16 8
2 3 5
15 20 5
21 0 5
8 10 3
3 7 11
18 22 1
9 13 11
14 17 2
10 14 11
3 4 6
8 11 6
7 13 7
8 11 6
17 20 6
17 20 11
15 19 1
17 20 5
23 2 2
14 15 12
15 18 7
15 17 3
13 15 3
2 4 1
21 0 10
3 5 6
21 23 3
22 0 6
8 9 6
22 2 10
4 6 6
9 15 4
23 3 9
9 13 9
19 22 11
16 19 8
15 16 8
3 7 12
9 11 10
8 11 5
5 9 3
9 11 9
6 8 10
12 13 2
15 19 7
18 22 5
16 20 12
10 13 9
15 18 6
10 13 6
22 1 1
1 4 5
23 5 10
18 21 5
5 11 3
14 18 1
13 15 12
8 9 9
18 21 8
6 8 12
9 13 12
13 17 3
4 6 3
16 19 2
21 0 12
9 12 8
19 23 3
23 1 8
17 20 4
20 22 2
0 3 1
12 16 8
18 22 11
1 5 4
17 21 9
22 0 3
12 15 11
8 10 4
21 23 9
0 4 3
13 17 6
19 23 11
8 11 12
18 20 7
1 4 9
19 22 12
6 11 10
7 9 3
4 7 10
10 13 10
6 9 5
14 17 5
17 20 9
2 3 1
16 19 8
23 0 12
7 10 4
12 15 7
20 23 1
11 14 5
15 18 9
4 8 4
5 9 2
2 4 10
16 20 8
7 9 9
5 9 10
18 21 1
18 20 9
22 2 7
14 16 1
21 1 6
1 2 6
9 11 6
4 8 1
20 0 4
21 23 3
13 15 12
19 22 3
7 10 4
6 10 5
16 18 8
4 5 2
1 5 2
3 6 2
3 7 3
13 16 7
14 16 12
0 3 2
2 4 2
16 20 2
3 5 3
17 21 8
18 21 4
12 15 4
13 16 11
2 5 3
11 12 2
6 9 11
1 5 9
6 8 8
4 6 8
17 19 11
19 21 5
14 17 1
14 17 10
18 20 12
17 19 9
9 11 3
22 1 10
2 4 10
13 15 9
0 2 7
15 18 10
21 1 5
8 12 10
16 19 11
21 0 5
5 9 12
9 11 11
7 9 4
10 13 3
3 6 8
8 10 7
2 4 3
9 13 5
5 8 10
23 1 5
21 1 7
22 0 12
20 21 9
18 22 2
0 3 7
4 7 8
0 3 6
20 22 11
16 19 7
3 7 8
23 2 4
18 22 6
0 3 2
3 6 9
7 10 9
10 13 8
17 19 10
15 18 11
5 7 4
6 10 9
5 6 8
18 23 5
17 20 10
19 22 11
4 8 7
21 1 3
5 9 8
3 6 9
14 17 12
14 17 2
3 5 10
3 5 3
0 3 1
16 17 7
22 0 2
0 2 3
8 12 1
19 22 8
6 9 4
4 7 6
8 13 12
22 23 8
23 2 4
20 23 12
17 20 8
21 22 10
4 8 6
15 18 6
8 11 7
23 3 5
7 9 9
8 12 1
17 21 4
5 9 5
10 14 1
3 5 1
23 1 2
17 19 8
2 4 7
1 5 6
0 4 10
4 5 2
20 22 9
2 6 2
6 11 11
17 21 2
17 21 5
0 2 8
14 17 10
18 21 8
23 2 11
8 11 4
19 22 1
20 1 5
18 20 3
7 9 12
10 13 1
12 14 10
23 3 12
12 14 11
12 17 10
19 22 8
12 14 9
13 17 5
2 5 9
9 14 11
19 22 11
15 18 3
7 11 4
21 1 2
11 14 8
5 6 8
12 15 9
16 18 10
3 4 3
11 14 5
4 6 8
7 10 4
5 8 1
9 11 6
3 5 3
11 14 10
2 6 8
13 18 4
16 19 11
7 7 10
1 3 3
20 22 11
12 17 7
19 21 12
17 20 1
10 12 12
22 1 3
2 4 11
16 18 11
19 23 3
13 17 4
0 2 6
8 11 4
20 23 12
11 14 12
4 5 11
13 15 10
8 11 10
5 8 6
15 20 5
2 4 7
17 19 2
12 16 12
10 14 6
8 11 8
12 13 10
7 10 10
15 17 5
17 20 4
6 8 11
17 22 8
1 5 9
16 16 9
17 19 12
17 20 6
9 11 1
17 20 8
19 21 4
13 16 1
6 7 4
22 3 1
22 0 4
5 7 6
19 23 5
3 7 5
5 8 1
18 22 5
21 23 7
2 6 9
8 11 11
16 20 11
23 0 4
18 20 3
0 4 7
22 1 1
14 17 4
8 11 1
3 7 9
15 19 4
12 15 5
22 1 5
21 0 2
21 2 10
23 2 3
23 3 9
10 13 6
21 0 9
8 10 9
14 18 4
8 10 9
2 4 9
12 15 6
14 17 9
15 18 1
21 1 4
13 18 2
8 12 6
19 21 9
8 10 2
15 17 6
10 14 4
19 22 8
8 11 9
5 9 10
21 0 5
20 23 8
19 22 1
16 20 11
11 15 11
3 5 1
23 2 4
19 22 1
1 4 2
21 0 11
5 5 4
15 19 10
20 23 6
7 11 9
10 13 4
10 12 6
17 21 7
12 16 5
7 9 8
14 17 5
20 22 1
13 16 8
16 20 7
23 3 9
4 7 9
20 0 8
9 13 1
5 9 3
11 13 1
10 12 6
0 3 10
7 10 3
13 17 3
19 22 8
19 23 2
12 16 8
11 12 6
7 10 3
12 14 10
1 2 6
21 0 9
17 19 11
3 6 8
21 0 4
1 2 4
7 10 4
10 13 4
