1600 19
4 7 4 8 6 3 7 3 8 1 6 3 10 1 3 1 7 1 10 
11 13 15
11 13 5
21 1 19
20 22 12
2 4 7
12 15 3
8 12 8
13 16 1
6 10 1
11 15 15
3 7 15
15 15 7
4 8 11
19 21 15
11 14 15
16 19 4
11 13 19
5 8 3
18 23 19
13 16 10
16 19 14
10 13 9
11 13 8
19 0 11
12 14 19
0 3 8
23 2 13
3 4 8
4 10 9
11 15 3
4 8 4
17 20 2
3 6 16
21 0 17
0 4 11
0 2 12
8 12 10
3 4 15
9 13 10
14 17 11
18 20 17
13 16 11
3 4 16
0 4 18
10 15 7
4 7 17
4 6 11
17 20 3
20 23 18
19 22 6
17 23 18
13 15 19
9 13 14
20 22 7
4 7 14
1 4 17
22 1 17
3 7 2
21 0 9
16 20 17
17 22 5
22 2 7
16 17 13
6 8 2
22 1 4
14 17 14
0 0 10
2 5 19
4 6 3
17 21 6
8 12 7
21 23 17
15 18 16
20 22 9
12 15 7
3 5 15
21 0 4
8 12 15
11 13 13
8 11 1
0 4 2
20 22 13
21 0 9
10 12 14
14 17 17
23 3 2
9 13 8
15 17 17
4 7 17
11 14 8
18 21 10
11 14 4
19 0 13
0 3 14
12 16 9
6 9 11
9 13 6
20 21 11
7 10 18
8 11 1
0 3 7
23 3 14
9 13 11
8 11 19
12 16 3
7 10 10
4 6 19
16 20 18
7 11 12
1 4 14
0 3 15
14 16 18
2 6 1
0 3 15
12 15 6
14 17 18
12 15 5
22 1 14
6 9 15
10 14 15
4 6 14
17 20 5
4 6 8
11 15 12
9 13 1
12 16 19
13 17 6
20 0 10
17 19 3
23 1 6
22 2 3
23 1 9
11 14 19
9 14 12
13 15 9
16 20 9
16 20 4
17 19 9
20 23 10
15 19 11
0 4 16
20 0 18
18 21 4
5 8 12
8 12 3
12 15 9
9 11 6
9 12 8
11 15 3
5 8 15
6 10 5
15 18 10
2 4 18
9 12 6
7 9 3
10 14 11
23 5 6
7 10 16
1 4 17
7 10 14
11 14 2
13 17 16
16 18 12
0 3 16
7 11 13
15 18 1
3 6 6
20 0 18
11 14 11
23 2 5
1 4 14
8 9 9
19 22 19
5 8 12
4 8 9
21 0 4
10 13 15
1 5 6
9 13 3
1 5 2
1 2 1
17 19 19
12 16 5
12 16 4
1 4 14
16 18 8
3 7 15
8 11 10
10 12 14
22 23 8
21 0 6
20 23 19
2 6 14
6 9 1
18 20 15
23 3 3
23 2 15
7 9 6
15 18 10
16 19 18
5 6 14
21 23 17
10 14 5
4 8 11
11 15 13
4 6 3
9 12 9
12 15 10
19 20 3
5 8 9
17 19 12
19 21 17
1 5 17
18 22 4
7 12 7
19 0 12
16 21 4
2 5 9
1 4 8
6 10 15
1 4 10
13 17 8
17 22 7
22 1 19
13 17 16
12 15 1
10 11 10
15 17 14
0 2 12
3 6 14
17 20 5
18 20 10
23 23 5
3 6 18
20 23 7
22 0 3
10 12 5
15 19 6
1 3 8
16 20 12
21 22 5
5 8 1
10 12 5
16 19 2
17 20 4
4 8 5
12 15 11
14 18 15
23 2 10
23 2 16
8 10 3
18 22 15
15 19 11
7 9 1
4 5 13
20 22 16
11 12 19
12 13 16
14 18 19
17 20 5
16 20 12
11 14 3
3 4 1
3 7 1
7 11 7
14 17 14
8 11 5
3 7 13
16 19 11
19 22 18
19 21 8
2 5 19
13 16 8
1 3 1
17 20 15
8 13 18
23 1 7
23 1 6
9 12 2
1 5 19
2 5 16
11 14 1
6 9 6
19 22 12
20 0 18
23 2 8
22 2 6
8 11 13
14 17 9
14 17 11
10 12 18
2 5 1
15 17 15
22 2 7
11 14 13
6 9 16
7 11 13
20 23 10
13 15 12
17 19 6
11 15 4
23 0 2
2 4 6
3 6 11
11 13 14
9 12 17
15 18 9
5 7 17
7 10 18
15 18 17
11 15 18
6 10 13
15 16 18
3 6 12
0 3 5
2 5 11
15 18 13
16 18 6
23 3 4
0 2 14
9 11 3
19 22 18
14 16 11
13 16 16
1 2 17
19 20 10
2 5 6
4 8 14
10 13 9
8 10 10
21 23 17
9 13 6
5 7 15
22 0 8
15 17 3
7 10 4
5 8 6
6 9 17
0 2 16
8 11 4
7 9 13
10 14 16
21 1 10
18 21 19
5 6 16
3 3 5
10 13 10
21 0 7
19 22 12
15 18 5
20 22 7
15 18 4
15 19 11
1 3 15
3 7 5
22 2 14
8 13 15
8 12 12
15 17 11
0 4 4
11 15 11
6 8 7
3 6 16
10 14 8
20 22 11
21 0 17
20 0 17
0 4 19
20 23 11
18 22 5
3 6 15
21 22 7
8 13 13
9 12 17
18 20 1
1 3 12
13 16 18
14 17 12
9 12 3
17 19 16
19 22 3
17 20 17
20 23 4
23 2 8
13 16 18
1 3 1
15 19 1
8 12 18
17 19 13
6 9 10
5 8 17
14 16 16
7 9 19
17 21 8
7 10 12
13 16 19
21 23 9
8 12 18
15 18 10
12 13 13
18 20 13
10 14 5
18 22 10
21 0 9
9 12 10
23 3 18
20 23 14
16 19 8
14 18 8
6 10 15
19 21 1
12 15 13
1 5 18
6 8 19
20 22 17
1 6 2
5 8 11
12 15 16
18 20 18
22 1 17
2 4 15
6 9 18
10 14 3
22 2 18
6 10 1
19 21 4
15 18 18
16 19 13
4 5 4
7 9 9
7 9 8
10 14 19
3 6 3
15 18 10
22 23 12
11 14 15
4 6 19
10 13 18
5 7 12
3 6 2
22 1 2
9 13 1
4 6 4
3 5 10
8 10 1
12 16 11
11 14 5
7 10 5
13 17 10
16 18 14
15 18 6
2 4 15
21 1 15
17 20 11
7 9 15
11 13 9
8 11 7
17 18 1
6 9 17
14 16 14
18 21 13
2 4 3
17 20 11
6 11 14
19 23 7
19 21 18
6 9 5
22 0 14
15 18 13
15 17 5
5 6 19
14 16 7
20 23 17
4 8 10
12 17 19
1 5 3
13 14 15
23 3 1
7 10 7
21 23 10
5 9 8
15 18 3
18 22 15
11 15 5
22 0 8
11 15 12
22 0 4
10 14 4
1 2 16
22 1 2
1 6 2
13 17 2
23 3 16
14 16 13
16 20 4
17 20 6
4 7 11
4 8 17
23 3 8
5 9 1
13 15 8
5 8 8
18 20 6
21 0 9
6 9 5
18 21 15
9 11 5
7 11 15
8 11 11
16 18 9
17 20 9
20 22 13
0 2 10
7 10 10
10 15 12
17 19 10
8 11 8
17 20 1
17 20 18
22 1 10
12 16 3
13 16 17
6 8 4
3 7 11
2 6 16
9 11 6
20 23 5
18 21 14
0 2 15
1 5 17
21 23 15
19 22 15
23 1 3
21 0 1
15 18 1
10 14 5
4 7 13
16 18 3
11 13 11
6 11 6
19 22 17
4 7 14
16 19 8
20 23 12
0 2 17
11 12 18
18 21 13
16 19 9
10 13 9
7 12 5
16 20 4
19 22 17
18 21 10
8 11 5
18 19 13
11 15 3
8 9 2
4 7 16
6 9 3
3 7 2
6 7 15
7 9 11
9 12 8
11 14 8
15 18 15
18 0 11
9 14 18
16 19 1
12 16 10
12 15 6
15 18 8
9 12 2
1 6 11
17 19 12
1 3 6
12 15 4
10 13 1
23 1 5
1 3 17
10 13 13
22 0 15
22 1 13
18 21 1
19 23 8
23 1 5
11 13 16
19 21 7
9 13 9
1 4 16
2 4 16
3 4 2
21 23 2
23 3 1
4 7 13
11 15 12
17 20 2
0 3 14
1 4 4
6 9 18
16 19 12
18 19 13
0 3 7
3 7 16
22 0 1
15 16 1
3 7 9
3 5 9
15 17 5
20 23 9
15 18 14
2 5 12
1 4 8
22 2 13
5 7 10
3 6 11
2 6 2
10 14 15
1 4 1
6 9 3
22 2 11
19 23 4
6 8 12
17 19 19
8 10 15
23 2 11
22 1 18
21 0 15
18 21 14
3 7 9
4 8 9
6 10 19
3 7 6
4 6 12
11 14 5
9 12 14
10 13 12
7 11 17
13 16 14
0 4 8
1 2 15
6 11 18
20 23 8
16 18 7
21 0 3
20 23 18
14 18 14
22 2 10
20 0 14
13 17 16
23 1 1
19 23 16
6 8 14
1 3 14
0 2 1
5 7 8
6 10 3
2 6 7
4 7 12
8 12 17
0 2 18
15 17 11
9 10 1
3 6 4
16 18 10
18 19 6
13 15 9
5 10 18
1 3 15
22 23 8
19 23 2
8 11 17
22 2 7
7 9 3
0 3 12
4 6 5
15 18 1
19 22 19
15 18 4
22 0 9
2 6 13
23 0 6
20 22 10
14 15 18
17 19 5
13 16 10
22 1 17
1 5 16
23 2 16
21 0 4
9 12 9
21 1 15
21 23 13
5 8 9
1 5 15
0 3 18
1 5 2
10 13 6
10 14 1
3 6 17
12 16 15
14 17 5
15 18 17
14 16 14
12 15 8
13 17 1
21 2 5
11 14 15
2 4 4
19 22 4
2 5 2
18 20 19
1 4 1
8 11 11
17 22 12
4 6 15
21 23 10
9 12 4
15 19 14
23 2 7
1 5 14
17 19 15
20 0 1
0 3 6
6 9 19
0 3 19
1 4 17
1 3 14
2 5 19
0 3 16
7 11 5
16 18 4
17 21 15
13 16 16
14 19 2
17 20 12
13 16 19
19 21 5
7 10 17
18 20 1
18 20 8
9 12 7
19 23 13
5 8 5
9 13 7
17 20 9
5 10 17
3 6 12
11 13 12
0 3 3
1 6 11
4 9 19
6 9 5
3 6 14
19 21 16
19 23 19
12 14 14
9 11 6
18 21 3
23 2 16
3 5 8
9 12 3
20 21 3
16 19 11
12 16 8
17 19 8
16 21 4
10 13 17
21 0 4
1 3 5
9 12 11
11 13 14
6 7 10
3 6 3
17 18 10
2 4 2
16 19 14
22 0 13
3 6 3
16 19 9
1 5 6
20 2 13
12 15 12
9 12 15
0 3 13
18 21 3
4 6 16
7 10 10
13 15 2
19 22 6
22 2 2
4 6 3
10 11 7
5 10 19
13 14 3
4 8 7
9 12 6
0 5 16
3 6 16
0 2 8
11 13 1
17 20 7
14 18 4
17 20 15
15 18 7
23 3 9
6 10 2
6 8 4
3 6 3
3 5 15
22 22 6
15 18 1
17 20 3
8 11 2
3 7 10
21 0 12
13 17 4
6 9 12
15 18 5
21 1 18
13 17 12
15 18 3
4 8 19
16 18 14
6 10 15
23 1 14
9 10 1
0 2 11
9 13 16
3 5 10
4 7 9
3 7 18
18 21 14
11 14 11
15 18 16
23 2 8
5 9 1
2 6 11
19 23 17
15 19 9
6 10 10
17 20 9
1 3 2
6 9 15
3 5 13
10 13 2
13 16 3
17 19 3
23 2 11
15 18 8
3 5 6
2 5 9
0 4 6
17 21 19
11 15 8
7 10 3
5 10 3
6 9 3
23 1 3
21 0 14
22 1 11
8 11 19
0 4 14
17 20 9
0 4 5
3 4 2
15 18 6
11 16 9
12 15 7
23 2 3
13 16 16
22 0 15
21 0 1
12 13 18
2 4 18
18 19 13
6 9 6
8 11 2
22 0 2
2 6 15
1 5 6
16 21 6
14 18 19
6 10 13
17 21 13
9 13 10
18 23 2
2 5 18
20 23 11
22 1 6
2 6 9
4 8 7
2 6 2
17 21 7
23 3 16
5 9 14
4 8 2
8 10 5
15 18 9
4 5 14
23 3 11
19 21 11
17 19 19
13 17 13
1 3 5
2 5 7
5 6 5
5 9 9
2 6 6
2 3 16
21 23 8
14 17 17
16 19 12
5 9 9
16 18 16
5 7 2
11 15 16
2 6 7
17 22 12
21 1 19
6 9 1
19 22 2
18 19 16
2 6 11
19 21 12
3 7 15
22 1 3
1 5 9
22 0 12
0 3 14
9 11 17
14 18 15
0 1 16
0 4 13
17 19 10
11 13 10
5 10 9
13 15 16
18 20 14
5 8 4
3 5 8
0 4 14
9 13 9
10 14 13
18 20 3
13 16 12
16 18 10
5 7 14
15 18 13
11 16 18
1 2 17
7 10 11
23 2 8
5 9 17
17 19 7
7 9 16
2 5 15
13 15 5
19 20 14
13 16 7
12 16 11
8 8 9
17 21 19
16 18 18
14 17 17
19 22 10
22 0 17
8 13 14
20 0 3
3 6 2
13 16 11
15 20 19
18 20 18
17 20 19
15 19 10
7 10 18
7 10 17
17 23 19
17 20 2
2 5 9
5 8 14
20 22 5
16 18 6
14 16 18
3 7 4
22 23 13
15 16 4
19 23 2
7 9 19
21 22 11
13 16 18
2 5 14
1 3 12
20 22 14
18 19 2
12 18 10
9 12 7
16 19 8
16 19 15
3 6 3
21 23 16
6 9 15
2 3 16
4 5 18
13 16 14
22 1 12
14 17 6
20 21 8
3 7 5
13 16 18
6 8 13
22 3 6
8 11 14
16 20 8
5 8 16
18 21 16
18 19 7
4 8 17
14 17 15
0 2 10
6 8 9
14 16 7
20 23 8
12 15 5
10 13 14
9 11 8
5 9 12
6 10 6
6 10 4
11 14 10
21 23 1
2 5 4
10 12 10
19 22 1
13 15 15
1 4 12
17 20 7
21 23 13
10 14 7
2 6 17
15 19 16
21 0 15
23 2 12
22 3 15
16 20 12
23 3 9
19 23 9
19 20 3
23 2 18
1 2 18
11 13 1
8 13 4
8 12 3
11 14 7
12 13 18
6 10 15
7 8 1
0 3 19
4 7 8
9 11 18
16 19 18
16 19 19
5 7 10
11 13 12
17 20 12
5 8 9
9 12 9
0 3 16
7 11 7
18 20 14
0 4 13
14 17 3
17 20 13
12 13 2
0 3 1
10 14 1
14 17 11
1 4 10
12 16 5
11 13 1
5 8 13
2 6 3
17 22 18
16 18 18
22 1 13
19 22 12
13 16 13
7 10 3
15 20 16
6 8 9
12 16 19
19 22 16
15 17 4
11 14 7
18 21 10
19 21 2
2 5 4
5 8 11
12 16 3
9 13 2
8 11 8
9 12 16
23 2 1
5 7 5
0 3 2
15 18 12
10 14 19
17 20 13
13 16 5
19 21 4
13 16 16
7 10 17
23 1 5
18 22 2
5 7 15
7 9 18
20 0 4
19 22 14
23 0 1
9 13 12
19 0 17
2 6 1
10 14 15
5 8 13
16 19 19
16 17 14
9 12 7
15 17 15
9 11 7
10 14 1
20 23 13
11 14 2
15 17 8
20 21 17
0 3 14
13 18 14
14 17 10
11 15 13
4 6 17
7 10 16
4 8 4
7 10 2
0 4 13
6 11 15
14 17 18
11 15 6
12 16 7
21 23 14
19 22 11
20 23 9
14 17 10
12 17 4
23 1 11
14 17 11
5 9 10
5 8 16
15 18 15
19 22 3
5 9 2
14 16 8
11 13 12
20 0 6
20 0 9
0 2 6
8 10 16
8 11 14
21 1 11
18 20 8
1 4 8
19 22 17
8 10 2
3 7 15
12 15 10
12 14 13
10 14 3
18 19 3
11 13 19
17 18 6
18 22 12
18 20 19
2 6 7
21 1 19
7 10 8
7 10 9
16 20 12
15 19 8
19 22 13
16 18 15
0 1 15
7 10 4
13 18 10
12 15 6
9 11 2
4 6 3
1 6 4
9 12 5
2 5 1
12 15 13
20 23 10
16 16 11
0 4 2
12 15 9
11 14 10
12 15 6
22 1 1
3 6 15
9 12 9
0 3 4
2 6 3
2 4 11
12 15 8
9 12 16
14 16 13
3 6 4
7 9 5
6 9 16
1 5 15
22 0 3
7 10 14
9 12 4
10 14 9
2 5 17
11 13 15
0 2 9
18 21 8
2 6 1
16 20 9
21 1 6
10 15 6
7 10 13
9 12 9
15 21 5
2 7 9
13 15 19
20 22 12
12 16 5
3 6 17
16 20 3
15 17 7
5 9 12
0 4 5
20 0 5
15 18 1
0 2 1
14 18 16
22 2 11
3 7 8
4 6 3
10 13 18
22 1 9
21 23 6
8 14 13
15 18 10
6 9 9
11 15 12
12 16 12
15 18 13
1 5 5
9 12 16
9 11 6
10 14 14
4 7 16
19 22 15
4 8 18
21 0 7
3 6 13
3 7 9
19 21 5
16 18 17
13 15 18
0 3 11
7 11 13
23 2 4
17 20 7
13 17 17
11 15 12
16 20 16
2 3 11
3 6 10
7 11 1
6 8 10
4 6 9
12 14 3
22 4 6
18 20 6
19 22 8
14 16 8
8 10 15
22 2 14
18 21 4
16 19 3
18 21 9
18 21 10
18 20 4
7 10 3
18 21 17
10 12 6
17 19 15
1 5 12
21 0 15
18 21 15
7 9 14
17 20 11
8 12 2
15 18 16
20 22 4
6 8 10
20 22 5
4 6 13
19 22 14
8 12 14
20 23 19
19 21 14
6 8 16
12 16 10
3 6 13
6 10 1
21 22 4
9 11 6
5 8 3
8 10 1
16 19 12
19 23 16
15 18 14
18 19 3
18 21 2
16 20 8
6 9 17
20 21 13
16 19 19
21 0 4
20 23 13
7 12 9
2 7 4
12 15 13
21 23 5
10 12 17
22 0 19
6 10 9
0 2 10
22 1 14
3 7 13
14 17 5
23 1 7
9 12 13
6 9 7
6 10 7
14 16 3
7 11 10
16 19 4
18 23 2
11 13 6
22 0 2
0 3 2
22 0 6
1 5 13
22 0 8
16 19 15
1 5 8
15 18 10
5 7 19
4 8 16
13 16 2
16 18 3
14 18 13
6 8 3
13 16 16
15 17 7
21 0 18
19 21 17
7 11 13
11 12 19
3 7 13
21 0 3
14 18 10
17 18 11
8 11 8
10 13 19
9 12 11
1 3 12
6 8 7
14 15 3
10 12 18
13 16 16
16 18 17
1 3 14
16 21 14
23 3 5
13 15 5
8 11 18
3 5 16
5 8 1
10 13 9
11 16 2
7 11 3
0 3 16
7 7 2
13 16 9
15 18 11
2 5 14
12 14 18
10 14 11
6 10 13
9 13 8
7 12 12
13 15 2
15 19 11
11 13 16
17 19 7
13 16 2
7 12 7
15 19 14
18 21 2
1 4 7
18 21 16
10 13 7
18 21 5
15 19 9
10 13 9
4 6 8
2 6 18
23 2 18
18 21 15
22 0 5
0 5 2
21 0 8
7 10 17
22 2 1
12 16 5
23 2 6
6 8 18
3 5 11
22 2 13
22 1 1
14 17 8
15 18 12
18 21 12
3 6 13
14 16 13
12 16 16
10 14 19
20 23 18
19 22 3
12 16 7
9 13 10
1 5 10
21 22 3
7 9 12
20 0 18
5 8 2
16 19 18
8 12 16
7 11 6
18 22 4
7 9 15
3 6 16
11 13 16
5 11 18
11 14 15
7 9 13
10 15 10
8 11 9
14 17 12
8 9 3
2 6 19
16 20 10
13 16 10
20 23 12
19 23 5
1 3 5
1 4 15
22 1 8
20 23 16
19 23 8
9 13 1
21 22 18
0 4 4
21 0 12
9 13 1
2 5 5
6 10 6
22 1 6
12 15 7
0 5 3
3 7 13
17 20 5
5 10 4
1 5 4
19 21 8
9 12 6
18 21 6
10 12 8
6 8 4
11 15 8
8 11 4
17 19 2
4 6 13
5 8 4
3 3 8
10 11 13
1 5 11
8 10 9
17 18 14
9 13 8
1 2 5
9 11 16
6 9 6
2 5 17
15 18 2
6 10 3
3 5 10
18 20 11
17 21 17
11 14 18
19 21 11
18 21 7
11 13 19
6 8 7
3 5 2
9 12 18
9 10 9
6 9 13
16 18 16
17 20 12
23 3 12
6 12 3
9 14 1
17 20 3
1 3 8
23 3 4
15 18 10
8 12 12
2 5 18
7 12 11
6 11 6
7 11 11
7 9 17
15 18 18
22 0 1
15 18 15
15 19 3
13 16 7
1 3 10
19 20 5
16 17 4
0 2 17
15 18 2
2 3 10
15 19 8
11 15 7
12 16 6
8 12 5
23 1 8
0 2 2
14 18 11
0 3 19
23 3 15
10 13 9
12 15 8
23 0 17
2 4 3
17 18 7
1 5 2
11 13 11
19 23 17
8 11 7
15 18 14
2 6 14
7 11 3
9 11 12
16 18 9
16 20 18
8 11 19
8 11 12
11 13 7
11 15 10
1 4 8
0 2 13
5 10 14
6 11 14
2 4 17
14 17 19
16 18 7
22 2 3
17 21 12
17 21 4
10 13 13
7 10 16
5 8 9
0 4 14
8 10 2
12 12 16
1 4 3
23 2 4
22 1 2
2 5 2
18 20 7
17 21 19
11 15 15
2 7 14
18 22 7
