500 14
2 2 1 3 2 5 3 10 4 8 7 2 3 6 
21 23 1
10 14 5
9 12 6
20 0 7
17 18 8
14 18 14
3 6 14
11 13 3
6 10 10
21 1 3
6 8 13
1 4 12
4 9 1
21 0 12
0 4 10
11 13 13
11 16 13
10 14 2
13 15 4
6 9 7
22 1 1
5 9 3
10 13 10
19 22 12
16 19 3
16 19 6
16 20 1
4 7 12
5 6 11
14 16 10
9 12 4
11 12 1
22 23 7
19 0 7
0 3 14
23 4 7
11 13 2
11 16 4
7 10 2
14 17 5
2 5 1
4 9 1
4 7 5
3 7 2
12 17 6
11 13 13
9 11 11
3 7 1
20 22 8
21 0 13
0 3 4
20 1 5
22 1 6
22 2 8
19 21 14
11 13 1
20 22 2
7 9 10
10 13 8
4 8 3
4 8 4
21 0 1
0 3 13
5 9 14
13 15 4
9 13 7
18 21 14
16 20 5
13 16 9
18 22 12
22 0 1
22 1 4
6 8 11
1 3 4
16 19 9
20 23 7
13 18 12
1 3 11
2 3 13
7 10 4
19 22 11
23 1 13
16 19 10
13 14 7
2 5 9
3 7 3
23 3 2
13 17 10
5 8 11
23 2 10
21 0 11
8 11 9
21 23 7
16 19 7
2 6 1
12 15 13
23 3 11
6 8 4
2 5 13
8 10 1
9 10 6
12 16 1
5 8 11
12 17 14
16 20 1
7 9 4
13 14 12
14 16 2
16 18 12
9 12 3
12 15 6
1 4 6
7 12 14
9 11 1
0 2 14
12 15 9
7 9 5
21 23 6
16 17 4
4 7 4
5 9 1
21 1 11
5 8 10
12 15 13
11 13 2
1 3 14
10 14 6
22 2 1
12 14 4
2 5 13
18 19 2
15 19 14
9 12 11
2 4 13
0 5 6
8 11 5
22 23 7
18 22 8
23 1 12
0 5 9
14 16 14
22 1 11
8 13 9
5 10 8
18 21 3
4 7 5
5 7 7
19 22 4
20 0 3
16 19 12
19 23 5
1 5 7
20 22 10
21 0 1
6 7 5
11 14 9
23 1 5
2 6 8
11 15 1
19 20 12
4 7 4
14 17 6
0 3 2
15 18 14
14 18 12
3 6 14
18 22 7
10 13 8
5 8 13
17 20 4
13 14 12
2 5 11
22 2 12
11 13 8
19 19 7
13 16 12
21 0 10
8 11 7
6 9 4
3 6 10
13 15 14
17 19 7
23 2 3
22 0 7
5 8 4
12 16 6
23 1 5
15 18 6
14 17 3
7 10 2
12 17 10
4 7 1
21 23 13
20 22 1
23 2 7
17 20 3
11 16 4
7 9 2
20 0 4
17 19 12
7 9 12
9 10 5
7 9 12
3 7 14
5 7 8
12 15 2
1 3 10
16 19 2
18 21 2
19 21 3
10 14 4
14 17 12
12 14 4
22 1 9
19 21 4
4 6 5
0 3 6
12 14 1
17 20 4
0 5 13
7 10 11
9 10 2
14 16 10
7 11 13
23 3 11
3 7 4
16 20 14
4 6 2
21 0 9
2 6 10
18 21 2
5 8 10
10 14 3
4 8 7
20 21 11
19 20 8
9 11 7
11 15 7
23 3 13
0 3 11
18 20 1
9 11 12
11 14 13
11 15 3
15 19 1
17 20 8
18 22 5
19 23 14
21 0 14
1 4 3
14 18 3
11 14 13
7 8 11
19 23 6
4 7 5
13 18 12
1 4 3
9 12 13
23 1 13
18 21 5
19 21 6
12 16 3
7 10 2
15 18 5
11 15 14
23 2 10
10 12 2
15 18 6
2 5 9
9 11 13
2 5 2
11 15 2
13 15 11
18 22 5
12 13 3
1 4 10
11 14 14
3 6 7
13 18 12
11 12 2
16 21 5
11 14 11
21 1 3
1 3 8
16 19 12
6 9 11
21 0 4
12 15 12
23 3 1
5 8 7
22 0 7
7 11 9
12 16 2
6 8 4
3 6 2
17 20 6
14 17 2
9 13 8
4 7 10
8 11 6
1 5 9
6 10 13
21 0 14
7 10 13
12 14 9
9 13 1
19 21 4
8 10 14
9 13 11
8 12 2
8 9 13
19 22 2
17 21 11
16 19 6
9 12 12
15 19 7
2 4 9
9 11 5
4 7 1
19 22 8
10 12 13
2 5 9
12 17 3
7 8 2
11 15 7
6 9 12
18 20 4
20 0 8
13 16 10
4 7 7
10 12 7
18 21 12
7 10 1
22 2 7
15 16 6
21 2 13
16 21 7
11 15 8
23 4 1
13 17 4
21 1 7
7 10 14
18 21 12
7 8 7
6 10 4
1 4 8
21 1 1
18 20 5
9 13 6
14 17 14
2 6 9
21 23 9
10 14 5
7 11 1
18 22 14
12 14 10
23 2 1
14 18 3
6 11 7
22 2 7
7 9 11
2 2 10
0 4 11
21 0 5
13 16 1
3 5 4
0 2 14
11 15 2
16 19 14
7 10 12
22 1 1
10 12 5
0 2 13
23 3 13
20 23 9
7 9 7
14 18 2
18 20 4
8 11 7
19 21 13
4 7 11
0 3 14
2 4 2
14 15 13
1 5 4
20 1 6
19 20 11
4 5 6
23 4 2
17 19 10
5 6 6
22 1 4
13 18 6
14 17 9
11 13 10
14 17 10
8 11 2
4 8 3
18 23 9
8 11 4
6 9 4
14 19 11
11 13 8
22 1 2
3 6 1
14 19 4
15 18 7
7 9 12
8 11 7
1 3 14
22 0 9
23 2 10
1 4 14
19 23 10
4 7 9
0 3 10
7 9 5
6 8 6
2 4 11
9 12 8
20 0 8
17 21 4
17 18 14
10 14 5
6 10 13
11 15 7
2 5 3
11 14 14
6 8 9
21 0 11
9 11 9
8 11 11
12 14 8
2 4 2
11 12 10
14 17 12
18 22 12
15 17 2
8 11 8
16 20 14
10 15 2
3 6 7
0 4 11
11 14 13
23 2 2
23 4 13
5 9 10
11 13 4
4 8 14
15 18 4
9 14 14
19 22 6
22 0 1
1 4 14
10 14 12
4 7 10
7 11 1
20 1 11
2 4 7
12 15 2
17 19 5
6 6 11
19 23 13
2 5 10
13 16 5
10 12 3
21 0 6
5 9 10
20 22 7
10 13 13
6 9 13
19 23 13
18 19 4
1 4 11
3 6 14
18 21 7
3 5 13
21 1 9
21 0 8
5 8 2
23 1 13
0 3 5
5 8 12
8 12 8
19 23 5
14 19 13
5 9 5
18 20 12
17 20 12
16 19 10
11 15 9
8 12 9
17 20 2
6 11 1
16 20 10
13 16 11
10 12 11
6 9 14
22 2 7
22 0 1
