1100 16
5 10 3 6 1 2 3 10 3 6 3 1 3 3 1 1 
10 13 11
3 6 11
8 13 5
12 13 1
16 21 4
23 2 10
12 16 11
19 21 4
14 19 14
12 14 13
18 23 7
21 22 5
20 23 4
9 12 7
12 18 13
10 15 12
12 15 15
3 6 12
16 17 13
13 15 16
10 11 4
9 12 14
23 1 1
10 14 14
17 19 1
11 14 16
0 3 9
2 5 2
11 11 7
9 12 16
17 21 7
17 20 2
23 2 2
17 20 9
1 3 6
23 2 4
18 23 1
23 1 2
16 17 1
13 15 9
2 6 12
13 16 13
17 18 10
7 11 1
16 18 15
2 4 8
6 8 6
8 12 6
14 17 6
22 0 7
0 2 15
5 9 13
17 18 11
16 21 1
19 21 1
19 0 8
20 23 3
16 19 8
18 21 13
3 7 10
14 17 9
15 20 3
7 11 15
19 23 7
13 16 5
9 13 6
14 17 11
4 8 14
6 10 14
13 17 4
13 16 9
19 23 14
0 4 9
17 19 10
15 18 1
16 21 13
5 6 12
22 1 10
20 23 16
0 4 13
13 17 10
7 11 4
1 2 6
5 7 16
22 1 1
2 4 3
19 20 16
13 16 5
21 23 12
5 8 6
12 17 4
20 22 16
11 14 10
16 18 12
6 11 4
19 22 2
21 23 13
6 8 15
23 2 16
9 12 1
17 20 7
14 16 14
3 7 9
11 13 1
19 22 13
16 19 16
6 10 14
17 19 1
16 20 12
4 7 3
23 1 15
3 7 5
1 4 8
15 17 1
16 19 4
16 19 3
7 10 4
13 16 13
8 13 16
2 5 10
21 1 11
8 12 11
11 13 15
5 8 9
6 8 9
18 22 15
15 19 13
22 0 11
14 18 14
14 18 4
22 0 2
17 18 9
21 23 13
7 9 15
9 11 5
13 17 5
22 1 6
15 17 13
22 0 9
23 3 9
8 12 14
5 7 10
14 18 11
14 17 13
22 1 16
9 11 5
10 14 2
0 3 1
8 12 5
3 6 2
4 6 13
2 3 3
15 18 8
16 19 4
6 10 14
22 0 3
17 20 13
11 14 5
9 12 4
3 8 9
17 20 5
11 12 16
12 17 12
11 13 11
3 6 3
8 10 13
10 12 1
9 13 11
6 10 13
4 8 10
11 12 9
6 10 7
0 3 14
12 16 6
3 6 3
23 3 4
8 9 7
14 17 1
13 17 13
2 6 6
6 7 3
16 18 1
13 17 7
10 11 6
8 13 16
21 23 5
2 6 7
14 16 7
16 19 11
2 6 15
8 11 15
23 2 11
1 3 5
15 18 3
8 12 9
16 19 11
18 21 6
20 0 13
8 11 8
16 20 11
0 3 7
2 6 4
23 1 2
22 0 13
23 1 14
1 4 6
3 5 10
14 15 15
19 20 13
16 19 1
20 22 4
15 18 2
2 4 16
15 19 4
0 3 11
9 12 12
8 11 9
16 18 16
20 23 2
5 8 5
1 4 13
1 4 9
10 13 4
10 12 13
15 20 2
22 1 7
17 19 3
21 2 12
0 2 11
12 13 11
3 8 12
2 4 15
10 13 11
4 6 9
16 20 15
17 19 16
11 13 14
3 8 14
16 18 10
6 8 16
16 18 10
10 13 9
0 2 4
1 3 5
18 21 16
7 8 14
19 22 6
21 0 12
22 23 13
17 20 6
16 19 7
22 2 11
22 0 7
19 23 9
20 0 6
19 21 15
0 3 2
2 7 11
7 10 4
6 9 7
5 9 5
14 17 14
5 8 1
5 8 11
10 14 1
1 2 2
20 23 6
8 10 10
21 0 3
2 5 1
5 6 7
13 16 1
20 23 6
14 17 2
3 6 5
17 17 11
7 10 7
20 1 7
12 16 7
14 18 11
17 22 3
17 19 1
11 13 4
9 14 13
15 20 12
18 19 16
6 9 14
18 21 9
1 4 16
0 2 2
0 2 3
15 18 3
15 20 14
17 20 13
5 4 9
9 11 8
9 12 14
10 12 4
13 15 7
22 0 5
3 5 9
6 10 4
18 21 8
19 23 9
12 16 13
20 23 10
4 7 16
21 22 11
15 17 8
18 20 8
6 10 1
11 15 12
21 0 8
2 5 13
23 4 5
8 11 16
7 12 3
0 2 1
21 0 6
19 21 5
21 0 16
2 4 6
6 8 2
1 5 6
20 23 9
10 12 6
14 17 14
22 2 16
15 17 3
17 21 12
1 7 12
19 22 4
4 10 14
23 2 4
15 17 16
21 22 11
11 14 5
5 7 4
13 16 15
18 20 6
6 9 1
0 2 8
21 23 7
15 18 3
1 2 14
13 14 8
10 15 15
23 2 15
18 20 2
23 0 3
16 18 15
2 7 6
10 12 12
13 16 8
21 0 11
19 21 11
10 13 4
13 16 16
14 18 6
1 3 10
9 11 7
23 1 15
13 16 3
8 12 10
11 15 5
0 3 16
9 12 14
14 17 3
21 0 6
18 21 15
18 21 4
0 3 7
10 12 1
17 20 8
12 16 15
4 8 6
21 0 14
11 14 3
16 20 16
14 17 2
7 9 15
21 0 7
9 13 14
14 18 4
5 8 10
4 7 16
14 15 8
19 22 12
2 5 8
16 17 1
21 23 14
13 17 3
13 16 2
12 15 3
3 7 4
14 17 4
3 6 12
12 15 8
16 20 5
16 18 13
1 5 11
2 5 12
19 20 12
7 8 4
15 18 10
11 13 10
5 6 2
8 11 1
23 2 7
11 14 4
20 22 4
5 8 7
3 7 2
7 9 9
18 20 5
13 18 1
6 9 16
20 1 5
9 12 2
21 23 13
0 5 1
11 13 6
12 17 10
9 12 13
11 15 16
21 0 12
23 4 14
6 9 1
21 22 15
19 22 15
10 13 8
22 23 14
19 0 13
19 23 2
13 16 6
6 10 10
22 1 3
20 23 1
17 19 2
13 18 12
14 16 10
12 16 13
12 15 7
18 20 9
14 16 6
2 2 12
11 14 8
16 18 6
2 6 7
23 1 6
19 22 8
14 19 12
7 11 10
19 21 3
10 13 12
16 19 14
10 13 2
20 23 8
3 5 16
17 19 13
12 15 7
14 17 9
20 22 15
21 1 12
9 12 2
2 4 9
23 1 4
7 10 11
5 8 14
1 5 10
7 10 5
8 12 2
4 7 3
8 12 14
5 9 12
13 15 8
9 13 3
18 21 3
20 23 11
2 4 15
11 13 7
0 3 10
13 16 5
9 12 4
5 8 14
18 21 10
14 18 4
18 22 16
1 3 8
2 4 4
22 0 12
17 19 10
20 0 12
21 23 10
15 19 16
20 23 14
18 22 4
12 17 13
2 5 2
5 7 8
11 16 5
21 0 10
1 4 11
6 8 2
21 1 8
17 18 13
18 21 3
18 19 6
10 12 16
0 4 16
11 14 4
9 13 12
14 17 11
14 15 2
3 5 2
21 23 11
0 2 15
8 11 1
13 16 11
0 3 5
21 22 5
20 23 3
8 10 5
0 4 9
23 3 9
6 10 8
20 22 11
21 23 16
22 1 2
19 23 9
1 6 12
21 1 10
22 2 15
17 19 3
12 13 3
19 23 13
2 6 2
20 23 2
11 15 8
8 10 13
6 8 15
11 14 3
22 3 7
3 5 3
3 6 8
0 3 7
17 21 15
22 1 2
10 12 10
19 22 3
16 20 16
0 3 6
18 18 9
19 22 10
10 15 15
1 4 14
21 23 12
10 14 8
18 21 13
7 9 16
16 19 14
14 17 5
18 20 7
12 17 2
16 18 4
2 6 10
1 4 7
10 13 5
12 14 15
19 23 4
8 10 16
1 3 3
1 4 11
10 15 14
8 11 7
9 12 8
12 15 10
22 0 11
9 13 13
18 21 9
5 7 2
16 17 9
0 5 10
3 4 2
20 23 10
11 15 14
6 9 9
20 23 12
19 23 12
23 1 1
23 0 7
15 17 16
4 6 5
10 14 14
4 6 10
20 21 1
1 4 9
13 16 16
14 18 13
3 8 1
4 7 11
16 20 11
0 4 14
0 2 16
21 22 11
23 3 14
23 1 13
0 4 11
12 16 11
5 8 15
19 22 3
7 10 12
5 8 1
21 1 13
9 13 6
16 21 1
1 4 5
17 20 5
21 23 4
0 4 15
1 4 10
20 0 13
5 8 4
14 16 4
6 9 15
1 6 3
11 16 5
14 16 11
19 20 9
17 19 5
10 13 12
11 13 7
17 18 4
5 8 9
21 1 7
3 4 15
17 20 5
6 8 1
6 8 8
3 6 16
22 3 6
15 19 11
9 13 3
2 4 5
0 5 4
17 21 4
16 20 15
14 16 4
10 13 1
19 22 16
4 5 10
10 13 13
3 7 2
8 10 3
17 21 5
7 8 3
6 8 6
18 23 10
22 1 13
18 22 15
19 23 6
12 16 9
3 6 2
21 23 11
9 12 12
15 17 2
9 12 5
16 19 13
14 16 7
10 12 3
0 3 1
23 2 9
6 11 14
4 7 16
20 23 11
1 1 15
14 16 12
2 4 7
9 13 7
1 4 5
4 9 7
4 9 5
10 12 16
4 6 5
3 7 8
13 15 1
11 14 14
6 9 11
17 19 7
3 5 6
23 4 16
12 15 12
2 5 13
10 14 6
8 13 3
19 23 4
23 1 3
0 3 8
5 9 5
22 2 15
19 21 16
3 6 10
16 18 8
11 14 6
12 15 16
23 1 7
13 16 7
22 2 16
10 11 6
15 18 10
0 3 12
17 20 8
13 15 6
23 1 8
20 23 4
6 7 1
16 20 1
11 15 1
16 19 13
20 0 1
20 22 16
21 0 6
19 21 11
19 22 14
16 18 5
10 14 2
1 3 4
9 12 2
7 9 7
18 22 2
18 21 14
11 13 7
9 10 11
15 18 12
0 2 1
4 7 1
22 23 13
4 9 8
11 14 9
21 22 8
18 20 9
10 14 1
14 17 3
8 11 5
21 0 16
3 3 5
18 20 12
18 21 12
7 11 7
6 9 6
22 3 14
15 16 3
16 18 9
2 4 10
0 2 1
2 6 11
21 0 11
8 11 4
9 13 3
6 9 1
14 16 5
5 9 16
12 16 7
9 13 2
22 1 15
4 8 9
10 13 6
18 22 2
2 3 12
5 8 15
8 10 13
5 9 11
21 1 2
4 8 9
15 17 6
21 0 2
20 0 15
5 10 8
18 22 12
19 23 5
17 20 1
3 5 5
10 13 5
7 11 1
15 19 10
9 12 2
11 14 8
0 2 15
1 3 5
15 17 7
5 8 16
3 7 11
23 1 10
17 21 15
6 9 1
10 14 6
10 11 12
16 19 9
15 17 12
11 15 1
16 18 14
5 10 15
1 4 4
13 15 10
12 14 3
9 12 16
8 11 10
15 17 7
3 6 9
17 21 14
17 22 11
18 21 9
0 5 5
9 13 5
4 7 6
12 15 7
8 12 12
11 15 5
14 16 7
11 15 8
18 21 13
17 21 4
0 4 12
20 22 9
10 11 5
1 4 4
3 6 5
17 20 9
0 2 10
14 17 10
6 11 1
20 0 5
23 2 15
5 8 14
1 3 15
9 13 16
9 12 2
6 9 3
21 23 13
3 3 2
10 12 5
4 7 4
15 19 2
21 23 4
22 23 2
15 20 7
8 9 2
8 11 16
5 8 8
15 18 2
23 3 11
16 19 4
15 18 8
6 9 11
14 17 11
13 17 12
23 3 6
11 14 2
3 7 15
15 19 14
5 8 3
3 6 16
7 9 10
8 10 9
14 18 6
13 16 2
23 2 14
17 22 13
8 13 13
5 8 11
18 19 13
14 18 15
6 10 15
0 3 12
7 10 15
1 5 14
14 16 10
20 1 15
8 12 9
18 20 14
20 22 10
8 11 2
23 2 6
10 15 7
18 21 13
11 14 13
11 12 11
8 9 15
23 0 1
22 0 14
10 12 10
4 5 8
17 20 8
7 11 6
7 10 3
17 20 4
5 8 14
21 0 15
3 6 7
23 2 16
20 22 2
6 10 5
22 0 16
12 15 6
17 20 14
18 20 15
11 13 3
20 23 13
1 2 12
21 1 15
12 16 15
0 3 4
5 8 16
20 23 7
23 3 4
21 0 14
5 8 1
0 3 12
1 3 11
21 1 4
18 21 12
5 7 6
3 6 15
3 5 3
19 23 10
16 18 6
7 10 1
3 6 10
22 1 16
20 23 3
3 4 6
10 12 14
11 14 16
0 2 6
17 20 11
2 3 14
10 14 4
0 3 14
23 2 9
20 23 9
16 19 9
0 3 13
13 16 1
11 13 7
7 10 12
12 14 4
0 3 11
21 0 10
21 1 9
10 12 3
15 17 16
10 11 1
9 11 9
18 22 10
16 19 7
10 13 3
18 22 8
6 8 4
0 3 16
0 3 13
10 14 9
8 12 5
6 11 9
13 16 11
12 15 1
16 18 11
18 21 16
20 22 7
1 4 11
11 16 9
9 12 8
10 12 10
2 5 13
1 4 4
22 0 7
20 22 14
19 22 1
13 16 3
13 14 14
5 9 9
18 21 13
21 0 6
6 10 11
4 6 12
21 23 4
23 3 3
14 15 14
7 10 15
2 5 15
9 12 15
7 12 5
18 21 16
21 23 11
23 2 16
4 9 2
15 20 13
19 23 15
8 11 10
11 14 6
2 5 16
4 6 10
3 5 6
2 5 9
1 3 5
7 8 11
20 1 6
13 16 1
17 19 7
1 5 16
19 22 16
13 16 11
19 22 3
23 1 7
5 8 16
2 6 12
14 17 13
23 1 9
10 15 5
14 18 9
10 13 4
7 13 8
6 10 1
2 6 16
14 18 4
3 6 3
11 13 11
13 16 9
8 14 12
19 21 9
16 19 7
3 4 7
23 3 12
12 16 3
11 11 4
18 22 13
21 23 5
9 12 2
23 3 14
17 18 12
0 4 13
10 13 13
1 3 3
10 13 13
16 19 4
10 13 9
20 0 4
23 1 10
17 20 9
17 21 14
5 9 2
13 17 16
5 8 8
16 19 7
23 0 11
10 12 2
17 20 10
0 2 8
22 1 15
19 22 12
11 13 7
14 17 3
16 19 15
5 8 1
17 21 8
18 21 15
10 13 16
4 7 10
23 3 7
14 17 7
14 18 10
21 0 1
16 20 2
0 3 12
4 8 12
17 20 4
20 0 7
19 23 13
11 16 12
22 1 12
9 12 5
16 20 4
13 17 3
8 10 2
5 7 1
15 19 11
19 23 4
19 22 1
16 21 11
23 3 6
13 18 14
19 21 3
3 6 1
21 1 8
14 17 16
6 10 8
16 18 7
6 10 13
2 5 12
4 6 4
18 21 15
