1700 19
4 3 8 9 10 8 5 9 3 10 10 1 5 1 5 5 1 8 2 
23 4 11
0 3 19
0 3 11
0 2 1
4 6 18
4 7 16
0 3 19
15 15 14
11 14 3
21 0 16
13 15 6
0 3 13
11 13 18
20 23 5
7 9 7
17 19 15
12 15 18
22 2 6
9 11 19
23 2 1
0 3 17
23 2 12
0 4 15
9 11 16
3 5 2
16 20 6
13 15 16
12 16 12
17 19 10
19 21 9
8 12 18
15 18 18
20 0 15
9 12 17
13 16 19
5 8 11
14 16 15
12 15 18
20 23 13
18 22 14
9 12 11
3 6 4
21 0 14
2 7 13
17 19 13
11 14 6
19 21 19
5 8 15
14 17 15
0 2 6
1 3 19
8 12 8
18 21 5
14 17 3
16 19 3
14 16 8
0 3 16
20 21 10
14 17 17
5 6 3
4 7 17
1 4 15
5 9 6
1 3 10
5 9 15
15 20 16
13 16 11
7 10 16
0 3 5
10 15 11
16 19 8
6 9 9
1 4 5
14 18 5
0 1 8
2 5 19
22 0 8
12 16 5
22 0 9
12 14 2
10 12 14
16 18 1
15 17 11
9 12 19
22 3 1
16 18 15
1 4 15
7 9 12
3 5 15
20 22 3
13 16 7
1 5 13
5 9 9
12 14 11
21 2 11
0 1 14
23 2 14
21 0 8
2 7 2
4 8 11
1 4 6
13 16 10
7 9 1
4 9 12
4 9 12
3 6 17
15 18 12
17 20 7
18 22 15
5 9 13
11 13 5
4 8 11
21 0 10
6 8 5
22 0 3
1 5 17
7 10 18
10 13 2
2 5 11
5 9 18
17 19 11
3 7 18
0 1 18
17 21 5
2 7 11
1 5 13
0 2 16
12 16 3
2 5 9
23 3 15
8 12 19
17 21 8
10 13 18
9 11 12
15 18 1
20 22 3
6 8 11
11 13 16
5 8 9
21 1 19
11 14 4
22 0 16
10 14 15
13 16 11
18 21 13
10 14 12
21 1 6
16 19 11
15 18 4
12 16 14
16 20 3
22 1 8
3 7 2
1 5 16
21 0 14
16 20 19
13 17 2
4 7 13
4 6 7
0 4 19
20 1 11
7 10 18
9 12 2
21 0 19
20 22 8
0 2 5
20 0 2
23 1 19
13 15 5
21 0 7
13 17 3
10 14 19
7 10 11
5 9 16
15 18 4
19 21 11
13 18 7
15 17 9
11 12 1
0 4 17
6 8 14
1 5 7
1 5 5
19 21 16
4 7 18
0 4 8
23 3 19
5 8 16
4 7 8
16 19 17
22 0 6
20 1 15
5 7 5
13 17 17
12 17 18
15 17 4
2 5 6
9 11 14
12 11 12
14 15 6
23 2 11
0 2 2
9 14 10
9 11 5
0 3 5
5 8 6
19 23 17
6 8 14
9 12 3
11 13 10
21 22 14
19 21 12
14 16 2
22 2 4
19 21 14
20 22 17
7 9 1
4 6 15
14 18 1
8 11 2
11 14 2
15 18 6
13 16 11
19 22 1
7 10 15
14 16 7
6 9 18
7 9 9
5 8 13
0 5 4
4 6 17
7 11 10
4 7 19
18 20 3
9 11 1
18 20 2
19 21 12
10 13 17
6 10 16
4 8 15
11 13 2
14 18 13
8 13 7
4 9 2
10 13 16
17 19 12
1 4 8
1 5 2
19 22 4
7 12 10
4 8 15
17 19 15
2 6 7
1 4 16
20 19 6
7 10 9
9 11 9
5 8 15
0 2 9
12 14 18
13 16 19
13 16 14
2 6 1
3 5 7
14 17 12
23 1 11
21 0 15
7 10 6
3 9 11
18 20 2
0 5 8
15 19 7
4 7 6
13 16 17
4 7 5
10 14 15
11 13 7
16 19 6
22 1 8
20 0 14
14 17 2
16 19 9
22 0 10
19 21 19
8 11 7
10 14 16
7 10 14
4 7 3
5 9 14
10 11 11
9 14 2
17 19 5
3 7 5
1 5 11
12 16 14
19 22 11
4 7 11
9 11 14
7 10 7
0 2 9
23 3 15
22 0 17
4 5 3
4 7 4
8 11 6
17 19 19
3 9 13
20 22 18
5 9 13
22 0 15
6 7 8
4 9 3
15 16 15
22 0 2
16 17 3
4 9 18
9 11 13
0 3 3
13 17 11
1 5 4
1 4 15
8 11 3
14 16 6
15 19 1
12 17 8
1 5 1
9 12 9
15 18 1
1 5 12
3 8 13
9 11 4
21 0 12
22 2 17
4 8 5
15 19 17
21 0 15
19 23 17
8 11 19
13 16 5
7 11 9
8 13 12
19 23 2
21 23 19
14 15 14
18 22 16
23 3 1
8 10 5
12 16 2
6 9 2
7 10 2
11 13 1
17 20 9
10 13 10
4 7 14
1 4 1
13 15 4
23 2 18
1 5 5
23 2 7
11 14 16
23 4 11
1 5 8
10 12 19
16 19 14
7 10 8
0 3 12
16 19 12
13 16 15
13 16 5
21 23 8
10 14 17
3 6 5
21 23 14
17 21 16
13 16 3
15 17 17
6 8 12
15 16 15
9 12 8
14 17 16
7 11 8
23 2 14
19 21 8
16 19 17
20 22 9
8 10 5
21 2 2
1 4 19
12 14 17
22 2 3
19 21 16
2 3 7
10 13 17
17 20 7
6 9 12
11 14 9
14 16 9
7 11 15
3 7 12
17 20 13
9 12 19
7 11 5
13 15 7
14 16 14
7 11 15
0 2 17
21 1 17
22 1 3
15 18 19
11 13 1
4 8 18
7 10 19
10 13 16
8 10 4
19 23 14
15 16 15
1 3 14
0 5 4
2 4 2
14 16 16
0 2 5
21 23 2
23 3 19
0 2 5
19 23 6
12 16 1
0 3 10
12 16 13
22 2 19
13 16 19
8 12 17
14 18 5
9 14 9
0 3 18
10 13 2
13 15 16
6 8 14
12 16 2
7 10 19
18 21 19
5 8 3
5 9 1
1 3 6
21 1 4
20 22 10
18 22 13
22 1 12
9 12 2
1 6 4
5 6 8
9 12 17
4 7 7
20 23 2
0 4 5
20 22 17
5 8 19
11 14 15
15 19 14
16 18 10
18 21 17
7 12 2
4 9 14
5 8 14
13 18 9
23 2 16
6 8 8
7 10 8
2 4 16
12 14 9
23 2 1
13 16 9
18 21 19
2 2 19
6 11 15
22 1 5
8 10 10
14 19 18
6 8 9
1 3 17
16 18 5
0 2 17
20 1 13
23 1 11
14 18 1
18 21 15
19 23 6
22 1 6
2 5 2
18 19 15
21 0 16
23 2 15
21 0 12
23 2 8
20 23 11
23 1 5
21 1 2
10 12 9
18 23 16
13 16 13
17 20 6
23 1 11
12 14 15
18 22 3
17 21 6
17 18 14
20 22 10
9 13 4
3 8 16
17 18 8
18 21 3
19 21 6
10 15 4
5 10 4
9 12 18
18 21 12
4 7 4
10 12 15
8 9 15
9 12 3
5 9 1
17 19 6
14 15 9
10 11 6
23 2 17
20 22 19
3 8 13
0 3 11
2 5 6
21 23 12
21 23 15
13 16 4
13 15 15
23 3 3
23 1 15
11 14 5
10 16 17
14 18 15
16 19 15
3 8 19
17 20 17
21 23 12
0 2 7
18 20 18
6 9 9
8 12 6
9 12 3
13 17 10
1 5 1
22 1 6
8 11 1
17 20 8
0 4 9
2 7 13
7 9 8
23 3 7
3 8 12
17 22 1
22 0 19
23 3 9
5 8 12
0 3 15
9 12 17
14 16 1
23 1 10
8 10 18
14 17 7
4 6 11
5 7 15
21 1 6
21 1 10
0 3 3
6 9 8
23 2 4
7 10 18
0 5 13
23 1 6
16 20 15
19 21 17
10 12 4
3 6 5
15 16 13
16 17 7
22 1 12
10 13 3
21 0 11
21 1 4
17 18 14
10 14 7
10 13 14
22 23 5
3 5 12
18 21 9
21 0 7
15 19 3
19 21 10
4 7 5
2 5 1
17 21 14
22 2 10
5 7 6
1 4 1
17 20 19
4 9 3
17 20 6
8 11 18
17 20 2
0 2 2
17 21 9
10 13 14
21 22 3
16 19 1
14 16 17
11 15 9
11 14 10
21 23 11
1 5 14
15 16 10
6 9 13
6 11 8
9 13 3
12 15 11
17 21 1
12 15 9
0 3 4
11 16 3
6 8 11
17 21 7
16 19 4
13 16 7
22 1 8
9 13 17
11 15 4
13 15 13
6 8 15
14 18 4
6 10 19
22 1 19
10 14 4
15 19 16
0 2 4
7 11 10
19 22 10
18 21 9
16 18 7
10 12 10
8 12 14
23 2 1
10 12 19
4 7 18
1 3 3
17 20 1
6 11 11
7 11 15
18 21 18
19 22 19
7 12 19
4 7 8
9 12 2
20 22 18
3 4 11
3 7 7
5 9 1
21 23 9
15 19 8
2 5 4
20 22 19
23 3 19
20 0 17
3 4 9
1 4 14
0 4 1
1 4 19
5 9 19
4 8 13
3 6 1
4 9 9
15 18 2
3 6 9
9 12 13
5 7 3
19 22 3
15 18 8
7 11 14
2 5 10
22 2 18
3 5 15
9 12 16
20 0 18
3 4 13
18 21 3
17 21 5
13 15 3
9 14 17
2 6 19
23 1 13
13 17 7
10 13 9
7 10 3
16 18 16
20 1 8
20 23 18
13 17 4
15 18 3
16 19 7
14 17 15
16 20 6
13 14 16
14 17 4
6 9 9
11 15 5
21 0 1
16 18 9
18 19 5
3 5 5
14 19 11
22 1 4
21 22 10
23 3 2
4 7 8
18 23 12
7 10 2
6 9 15
23 3 8
18 21 15
2 5 10
17 19 6
11 15 4
19 23 15
16 18 2
9 12 4
21 1 2
3 6 13
12 15 4
22 1 5
21 23 1
8 11 15
4 6 3
21 1 7
22 1 18
20 23 14
8 9 19
3 6 3
19 0 13
17 20 13
18 20 3
5 9 11
20 1 9
17 22 3
1 3 5
11 13 16
7 10 7
0 2 9
9 12 15
9 12 10
7 9 7
22 3 4
6 9 6
9 13 14
6 10 15
8 9 6
8 8 2
6 10 6
3 8 5
20 22 17
10 14 14
3 3 1
22 1 8
19 22 10
11 11 17
16 18 11
19 22 9
21 1 3
8 10 10
22 1 7
9 13 11
5 8 8
10 12 15
2 5 12
18 22 7
22 1 10
18 22 8
1 3 13
22 23 6
11 14 14
20 22 18
9 11 8
13 17 3
2 3 3
2 5 5
21 23 13
22 4 18
1 2 9
6 10 15
18 22 10
0 4 18
10 14 17
19 22 18
3 7 19
6 10 12
11 15 8
17 20 4
4 8 17
17 19 14
10 13 18
10 12 17
8 12 13
13 16 18
0 0 10
3 6 8
19 22 6
10 13 18
10 12 19
4 8 18
2 4 7
8 12 2
9 12 17
23 2 1
18 21 4
16 20 7
23 1 17
14 17 19
8 10 15
10 14 19
7 11 9
2 5 14
5 6 3
5 8 17
14 17 19
12 18 9
16 21 10
22 0 3
23 1 8
3 6 11
23 4 13
14 18 2
11 15 10
6 9 15
16 20 6
14 19 6
18 22 11
19 22 1
4 6 13
21 23 18
14 17 6
0 4 9
13 16 17
23 3 4
11 14 19
12 14 15
19 22 3
23 4 13
15 18 3
17 20 18
12 14 18
17 19 12
5 9 11
2 6 14
21 1 10
4 6 16
7 10 10
16 20 2
8 11 8
23 4 2
0 2 6
7 10 7
14 16 16
18 21 16
20 23 6
4 8 1
12 14 3
10 13 8
7 10 12
11 15 19
14 17 17
10 12 2
23 1 12
5 10 14
13 15 11
12 15 6
12 16 11
11 12 3
18 21 17
17 20 15
6 9 17
18 21 17
6 8 5
11 15 19
9 12 9
3 5 8
7 10 9
21 23 16
2 5 11
10 13 2
16 21 11
19 22 14
21 23 6
22 1 5
13 16 3
6 9 13
13 17 6
12 15 11
3 7 2
5 8 9
14 18 2
3 6 8
11 14 9
2 4 11
19 23 8
19 20 12
22 2 16
16 20 2
20 23 11
22 23 3
3 6 7
18 21 5
16 18 8
23 1 18
8 10 16
12 15 5
9 12 14
10 14 8
5 10 14
21 2 4
22 2 2
16 19 16
0 3 6
9 13 19
18 19 3
7 9 16
16 21 12
1 2 10
3 4 10
16 19 7
22 1 15
1 5 4
7 11 18
0 4 17
15 17 19
19 20 3
22 1 6
5 8 12
9 11 18
17 19 13
22 1 6
23 1 19
4 8 17
22 0 5
11 15 2
3 5 12
11 14 12
10 13 4
20 1 10
12 14 4
5 7 15
16 20 17
23 1 18
1 5 1
5 11 4
22 1 8
11 13 18
14 18 4
8 11 11
15 17 16
10 13 19
15 18 8
9 11 3
8 12 17
3 5 14
6 9 7
20 22 4
14 16 9
2 5 17
13 16 13
9 12 1
23 0 1
19 22 14
4 7 19
20 22 2
1 4 11
19 0 4
22 1 9
6 8 13
5 10 17
13 15 3
8 13 9
15 17 5
9 12 2
9 13 13
17 21 16
8 10 3
21 2 9
13 17 14
19 22 10
13 16 16
20 22 6
10 14 19
20 0 17
8 10 13
2 6 4
22 1 5
16 18 10
8 10 15
7 9 9
20 23 6
23 1 9
22 2 16
10 14 11
5 9 17
11 13 14
0 4 9
11 15 14
1 4 18
16 19 18
14 16 7
12 16 3
14 18 13
13 16 18
5 8 6
14 18 16
11 12 1
14 17 7
19 0 8
17 21 1
7 11 9
7 10 12
3 6 1
2 7 4
19 0 13
21 23 14
8 11 13
18 20 4
22 0 12
11 15 5
17 20 16
1 5 16
1 3 15
4 7 18
20 21 9
11 14 18
3 6 1
7 10 7
13 17 4
6 9 3
15 18 13
12 14 16
11 13 2
12 14 10
20 22 18
4 8 10
13 17 4
4 7 12
18 22 9
16 19 18
1 5 12
7 11 19
11 14 18
0 6 18
4 7 19
2 3 12
15 18 18
7 11 1
8 11 15
4 7 5
0 3 8
12 13 16
17 21 10
1 4 3
6 9 6
4 4 19
5 8 3
10 13 7
11 13 19
14 16 11
1 2 8
0 2 1
2 3 7
2 4 18
12 16 5
20 23 14
14 17 17
9 14 17
13 16 11
12 16 19
15 18 2
6 8 15
13 16 19
5 9 4
21 1 2
15 18 12
19 23 1
10 13 19
16 20 11
9 10 18
22 0 5
10 13 11
16 18 14
16 20 6
2 5 10
6 10 4
20 1 2
14 18 19
6 10 16
20 23 2
11 14 19
23 1 16
20 22 3
0 2 15
2 5 16
14 16 18
6 11 1
1 4 5
6 9 1
14 16 4
21 0 1
22 1 3
5 9 15
17 21 16
0 3 8
12 14 3
4 5 7
16 19 16
14 18 6
14 17 19
17 21 1
10 12 5
23 0 14
23 1 16
9 13 3
8 14 9
6 9 16
13 15 6
17 19 9
6 10 3
18 19 5
4 7 12
21 2 12
6 11 4
18 22 9
5 9 1
2 6 7
3 5 6
14 15 18
6 8 19
23 2 1
17 19 5
0 3 10
16 17 18
4 7 7
20 22 4
2 4 16
8 12 6
3 5 13
13 16 13
19 22 7
22 1 15
21 1 9
5 8 4
7 10 9
17 20 15
2 6 1
8 12 18
1 3 5
4 6 9
19 22 10
18 21 15
1 4 2
19 21 5
8 12 17
2 5 19
2 5 13
3 7 13
7 11 2
10 13 11
11 14 3
3 5 16
22 1 16
8 10 12
15 19 15
7 11 10
13 14 4
3 8 3
6 9 7
13 17 19
9 13 19
8 10 18
8 13 13
10 13 17
17 19 17
19 22 13
11 14 7
14 19 15
9 12 5
8 9 12
18 21 3
11 14 7
12 17 16
19 23 7
11 14 13
4 6 18
13 16 14
11 12 1
12 15 10
14 18 16
9 12 11
4 7 1
19 23 14
9 13 7
10 13 6
22 1 5
16 19 15
22 1 8
17 21 4
17 20 18
1 4 6
15 17 16
8 10 11
19 21 12
21 0 7
8 11 6
14 17 5
1 3 17
18 19 6
6 10 9
15 16 4
16 20 6
10 13 1
9 11 10
0 3 4
14 15 2
19 23 16
2 4 6
19 21 3
0 3 1
13 17 13
1 5 11
2 6 10
21 23 5
11 15 19
16 21 9
9 12 9
18 21 14
23 3 5
18 21 5
0 3 2
14 17 10
0 4 4
13 16 12
11 16 15
19 0 13
22 2 3
15 18 1
17 19 1
21 23 6
0 3 18
8 11 19
22 1 13
6 9 3
5 8 7
19 23 3
18 22 6
12 14 13
6 7 15
23 2 2
22 2 14
1 4 18
13 16 16
0 2 17
21 23 6
22 1 9
17 19 1
21 0 5
10 12 13
14 15 5
10 13 4
7 10 11
6 9 4
11 15 8
14 16 7
22 2 9
21 23 19
1 4 9
6 8 2
19 22 11
7 11 10
0 5 17
10 13 11
20 23 9
23 3 4
8 11 6
22 0 2
18 22 19
21 23 17
7 9 11
20 23 17
9 14 19
6 7 14
18 21 9
22 0 9
2 4 9
14 17 9
19 22 1
5 9 13
7 10 2
3 6 9
14 17 12
10 13 14
11 13 5
0 2 14
18 21 17
19 22 11
18 22 10
18 21 16
8 11 8
15 18 16
9 12 5
11 15 2
19 22 9
20 22 2
0 3 16
3 5 1
5 10 2
18 21 3
19 22 12
3 7 8
0 2 14
8 14 13
5 7 8
22 2 4
15 19 12
3 5 3
3 7 6
20 23 19
3 4 5
5 8 4
10 11 9
15 16 13
6 10 5
21 23 10
0 2 13
3 6 16
19 23 13
10 15 7
1 3 9
16 18 5
2 6 1
6 8 11
22 22 12
4 8 8
1 3 18
12 14 14
17 20 8
7 11 19
3 7 5
2 5 17
16 20 15
6 9 8
8 10 8
20 22 4
12 14 15
20 22 12
11 17 3
7 10 9
21 0 2
23 3 17
17 19 8
19 23 10
14 16 13
9 12 12
14 16 6
21 23 12
10 13 17
7 11 8
16 20 2
15 18 17
2 4 5
5 8 14
0 3 11
14 19 7
15 17 10
23 1 5
5 8 2
6 10 9
16 19 6
23 4 2
13 16 7
23 2 14
9 12 18
6 11 2
9 11 2
20 23 6
5 8 11
23 1 14
4 7 1
20 22 15
23 1 4
14 18 13
16 19 7
13 15 15
0 2 17
4 8 5
0 3 10
3 5 16
11 13 13
4 7 12
5 8 2
21 23 17
0 4 10
13 15 9
8 11 7
4 8 1
0 1 16
23 2 9
11 13 16
15 20 9
17 21 13
6 7 6
8 11 2
23 3 17
4 8 8
18 23 5
10 14 16
2 4 15
10 11 3
20 22 3
16 18 4
18 20 4
23 3 14
15 19 17
12 16 4
10 15 10
17 20 9
9 11 6
14 16 5
2 5 18
11 13 11
20 0 11
15 18 15
9 12 18
3 6 3
18 21 18
0 2 15
21 23 7
23 2 7
1 4 5
19 23 17
4 7 9
7 11 12
18 21 3
14 19 7
21 0 18
11 13 9
14 19 13
7 12 13
19 22 4
21 22 1
13 16 4
17 19 11
11 15 8
19 22 9
13 17 11
21 0 18
17 22 7
21 1 8
21 23 13
16 19 10
21 21 17
13 16 15
16 19 2
7 11 6
15 16 14
23 1 10
23 2 11
2 6 4
17 20 7
3 8 9
10 13 13
14 15 17
7 10 14
3 6 17
16 20 1
17 20 2
11 13 12
20 22 3
16 20 9
14 17 9
7 10 11
3 7 7
3 6 8
2 5 19
2 5 6
14 17 5
17 21 16
9 11 8
11 14 8
9 11 2
19 20 7
11 14 18
12 16 9
3 4 19
6 9 19
7 8 2
17 19 7
8 12 2
8 10 7
4 8 8
22 3 11
17 21 8
23 2 14
19 23 13
20 22 16
21 1 9
3 7 19
21 0 8
3 6 1
17 20 4
22 0 18
21 0 8
2 7 9
11 15 1
10 13 4
15 18 6
5 9 8
15 17 14
13 14 12
22 0 5
9 11 12
7 11 5
9 14 1
15 16 7
0 4 11
11 14 19
1 5 3
18 20 9
17 18 15
12 15 19
10 12 10
4 8 17
14 18 7
19 22 12
21 23 7
4 9 11
2 5 10
17 22 15
20 23 13
9 11 16
6 10 18
19 21 13
20 23 18
11 12 7
2 5 3
7 9 7
17 21 19
10 15 12
10 15 14
7 10 6
11 14 3
21 3 9
21 0 16
4 6 5
21 23 12
1 5 8
22 23 15
15 19 10
17 19 7
9 11 17
7 8 14
8 10 17
12 14 10
11 13 1
8 11 12
19 21 8
22 23 10
13 17 5
11 13 3
16 19 13
8 12 1
15 19 2
1 4 5
15 17 18
0 5 19
9 12 17
9 11 19
1 2 13
11 15 1
10 13 4
11 13 2
20 23 11
13 16 18
20 23 10
5 7 2
6 8 12
2 6 13
21 0 13
10 12 13
9 11 4
22 1 9
11 14 16
2 5 12
0 4 10
3 6 12
10 14 2
0 6 18
11 14 4
3 5 12
5 7 9
22 1 12
21 23 7
2 5 9
10 14 2
10 13 2
17 22 5
18 19 1
12 15 8
11 14 14
1 4 4
7 8 6
9 13 7
11 14 17
10 12 1
5 7 11
21 1 5
17 19 1
6 10 15
23 2 13
17 20 19
22 0 14
22 0 3
11 14 4
3 5 11
15 18 1
9 12 10
10 12 8
18 22 19
0 4 10
0 2 18
1 4 8
17 20 8
2 6 19
19 22 14
14 17 19
11 16 8
20 22 16
1 5 15
7 11 6
9 12 10
6 9 1
7 10 19
18 21 8
16 20 14
6 9 9
6 11 6
1 4 13
21 22 19
1 3 19
4 6 10
13 17 17
3 5 15
14 16 13
11 15 9
1 4 3
7 10 13
6 9 8
20 23 3
16 19 11
10 13 16
5 7 8
21 1 1
15 17 16
3 6 18
6 11 17
4 8 9
20 0 14
9 12 14
19 23 8
12 15 8
13 17 9
17 19 4
11 14 3
21 1 19
22 1 19
20 0 5
14 16 7
19 20 19
19 0 5
18 20 3
4 7 6
3 6 6
16 18 1
23 2 7
1 4 8
11 14 1
10 12 14
8 11 18
8 10 10
8 12 13
3 7 4
21 2 6
12 15 17
21 0 7
0 2 6
