1300 15
1 1 9 4 1 10 9 2 1 5 1 9 10 7 10 
16 20 11
12 15 13
15 17 2
17 19 5
13 16 1
9 10 8
18 21 5
23 5 11
12 16 9
3 6 6
7 10 9
17 18 10
1 4 7
1 3 10
16 18 8
21 0 6
5 7 7
0 2 8
6 10 4
14 17 11
15 18 4
13 17 5
6 9 12
10 13 7
21 0 1
5 9 13
11 14 1
7 9 15
18 22 10
6 8 6
23 1 1
21 1 4
17 19 1
2 3 13
5 9 15
0 4 4
7 9 12
17 20 4
21 23 1
11 14 13
6 8 4
16 19 2
0 3 7
4 6 2
20 23 8
21 0 2
16 19 11
18 21 13
0 2 1
22 0 12
2 5 13
19 21 2
15 17 3
11 15 6
6 10 15
0 1 1
16 17 7
11 16 13
1 2 14
4 7 11
9 12 14
22 0 5
12 16 9
22 1 12
4 8 1
12 15 10
0 4 3
21 1 15
18 21 7
20 22 12
19 22 11
19 0 8
4 7 5
10 13 3
7 11 11
2 4 4
14 18 1
19 20 3
4 6 6
23 1 13
7 11 12
6 9 8
20 22 12
5 9 7
14 17 3
3 6 7
0 5 3
6 8 9
9 13 4
2 5 6
2 6 14
23 1 2
7 10 9
17 19 5
4 7 6
22 3 10
11 15 4
1 3 14
3 6 13
18 21 10
13 16 1
14 16 13
15 18 15
2 5 15
9 11 8
13 17 13
5 7 4
6 10 13
2 6 4
9 11 4
16 20 5
3 6 12
18 19 11
13 17 4
15 18 5
15 18 15
10 13 3
5 8 9
21 1 8
23 2 1
12 14 12
19 22 4
2 4 3
14 15 3
3 7 8
9 13 13
14 19 15
14 17 4
8 10 11
12 15 3
22 0 13
6 9 1
15 19 11
21 0 6
5 8 11
1 3 3
12 16 12
4 8 7
13 16 5
23 2 1
0 2 9
2 5 1
23 3 11
2 5 1
6 9 7
1 2 7
9 10 2
18 22 3
19 0 4
12 14 3
4 7 8
10 13 6
16 20 14
5 8 3
16 18 15
18 20 9
21 0 7
13 16 1
8 12 1
3 5 7
23 3 9
14 16 11
5 7 9
4 6 13
9 14 15
10 13 5
13 17 12
18 21 9
7 9 9
13 18 3
8 11 10
20 0 5
11 15 12
15 16 1
12 15 6
5 8 1
3 3 7
1 4 2
10 15 4
14 16 8
9 11 5
8 12 11
20 22 15
5 7 1
14 15 1
13 15 3
20 1 6
0 3 15
22 2 2
9 13 2
20 22 3
13 15 9
16 18 4
21 1 3
11 12 12
9 13 1
6 10 5
0 3 12
19 0 1
22 2 2
13 17 6
14 16 13
11 11 11
14 15 3
17 22 14
0 3 7
19 22 10
19 21 15
4 6 4
4 7 10
1 4 6
1 4 5
6 10 1
17 21 1
0 2 12
17 21 1
4 7 13
15 18 7
8 11 14
16 17 12
14 16 5
17 20 7
11 15 2
12 16 7
13 17 2
20 0 4
23 3 8
19 22 14
20 1 7
10 13 3
8 10 4
20 22 7
17 21 8
22 2 12
10 13 15
7 11 15
4 7 10
5 7 10
6 9 15
13 16 10
15 19 1
6 9 15
5 9 5
22 3 11
23 1 4
2 5 7
8 10 4
4 6 3
12 18 15
13 14 2
3 7 8
6 8 2
10 14 3
12 15 13
11 13 9
11 14 5
2 6 15
23 0 13
21 1 11
14 16 2
17 19 1
23 1 14
21 1 13
14 18 10
3 4 12
20 22 6
2 4 7
18 20 4
3 6 15
22 3 14
6 11 14
5 8 5
15 16 4
5 8 4
9 13 11
22 0 14
14 18 4
18 20 9
19 22 2
19 0 14
14 18 7
14 17 3
1 3 7
7 10 7
21 1 14
11 13 13
8 11 8
0 2 12
19 21 14
19 23 9
21 0 8
12 15 5
18 20 12
9 12 12
21 0 7
8 9 8
14 18 14
12 14 14
20 23 10
21 0 9
22 1 6
2 3 2
0 3 3
21 0 8
19 20 4
22 2 15
17 20 4
19 22 15
1 3 10
21 0 1
3 5 12
0 2 14
22 2 4
0 1 1
8 9 3
1 4 6
16 20 11
20 23 3
16 19 10
22 1 8
4 7 6
17 21 1
7 9 7
16 18 6
23 2 5
12 16 15
8 10 4
5 8 13
4 7 14
10 13 4
8 11 6
11 16 6
16 20 1
8 11 10
13 15 6
8 11 11
4 7 15
20 22 7
9 13 14
0 1 2
4 8 6
18 23 2
6 9 6
14 17 6
10 13 4
3 5 2
3 5 6
22 2 9
7 10 2
20 0 6
9 11 11
21 0 14
1 6 7
1 4 9
23 2 7
12 14 3
9 12 2
5 9 12
10 14 6
13 15 15
19 22 1
4 6 14
1 4 4
7 10 12
12 15 9
9 11 8
5 7 14
1 5 4
12 15 13
16 19 15
20 0 14
3 6 8
22 1 10
1 4 15
6 10 3
19 23 7
19 22 8
0 2 11
19 22 1
15 18 1
4 6 5
3 8 4
8 13 2
21 0 5
4 7 9
13 17 7
4 7 6
7 10 2
23 2 1
8 11 15
5 9 14
11 15 9
18 19 5
6 9 7
1 4 1
1 5 10
8 11 8
15 17 5
11 14 14
23 4 2
6 8 6
11 14 12
12 14 3
6 9 14
19 0 5
7 8 10
10 12 2
5 8 10
15 20 11
2 5 6
10 15 14
15 18 6
23 3 10
23 2 12
11 13 7
6 9 7
4 7 5
22 1 7
7 11 2
11 15 14
15 18 13
15 17 13
0 4 2
19 22 13
11 13 9
1 4 5
10 14 15
8 10 5
19 22 5
21 1 6
14 16 2
10 13 7
17 20 10
23 0 11
6 7 5
6 10 3
7 10 6
18 20 10
21 0 12
23 1 2
21 0 11
18 21 14
21 1 5
17 21 14
9 12 11
4 6 6
10 14 13
7 9 4
6 8 12
8 8 8
12 16 11
8 12 1
16 18 14
11 14 13
19 22 3
18 20 5
13 16 13
2 6 4
11 12 8
18 23 3
0 5 1
1 4 8
10 12 11
19 21 14
12 16 8
13 17 15
10 15 5
4 7 10
15 17 14
11 16 4
12 16 15
7 10 14
0 4 8
0 3 4
6 8 2
11 13 14
20 22 9
8 13 3
18 20 8
11 14 9
13 15 15
8 9 10
18 19 15
12 15 6
19 22 6
0 2 12
18 20 5
22 0 8
21 0 7
2 5 7
18 20 4
4 7 8
5 8 11
17 19 14
15 17 5
13 18 7
7 12 13
1 4 9
11 14 7
21 0 1
1 2 11
19 22 1
2 5 7
1 5 4
20 23 15
16 18 9
10 15 1
10 13 2
3 7 7
11 14 6
19 0 6
6 8 4
22 0 2
7 10 11
5 9 6
16 18 4
9 12 3
8 13 13
0 3 6
15 19 10
15 18 11
14 17 2
7 10 12
8 13 10
16 20 9
0 3 6
9 12 12
9 13 1
9 12 12
8 13 1
10 14 5
14 18 9
5 7 8
0 3 6
13 16 13
0 2 9
4 9 1
0 4 15
13 15 7
2 5 12
7 9 6
20 23 3
15 18 10
20 23 4
16 18 14
18 20 6
10 12 10
3 6 8
13 16 1
14 17 14
14 17 11
17 20 5
21 23 2
23 2 6
2 3 2
6 8 14
21 22 8
1 6 14
0 3 3
10 12 6
14 16 10
18 20 14
19 21 2
20 23 1
11 15 13
16 19 9
5 7 11
8 11 2
7 10 2
23 2 6
7 9 6
7 10 8
1 3 14
19 22 10
1 5 3
15 19 5
9 14 10
16 19 8
21 1 8
3 7 3
21 23 15
17 20 1
23 4 8
18 20 11
13 15 14
19 20 14
5 7 8
1 6 8
22 2 5
14 18 9
20 23 9
21 1 11
8 10 13
21 1 6
3 7 2
13 16 10
11 13 7
1 3 5
13 17 11
11 14 13
16 19 2
18 21 11
10 13 10
18 21 1
13 17 3
7 10 15
18 22 6
11 14 15
17 19 13
6 10 9
4 8 11
2 4 10
18 20 10
9 11 8
20 23 11
11 14 15
14 17 9
20 23 4
8 10 4
12 13 10
19 21 1
2 3 6
3 5 5
11 13 10
12 15 12
23 2 6
17 20 5
12 14 5
6 10 1
9 13 14
10 15 15
8 12 5
11 14 2
2 5 6
20 0 5
23 1 10
20 22 1
4 7 9
1 5 7
15 19 1
14 18 2
17 21 11
1 6 2
20 0 5
8 10 1
17 21 5
9 12 3
13 15 10
4 6 3
22 1 12
16 17 10
5 7 6
12 15 14
22 1 6
19 22 2
5 7 11
1 3 4
10 13 15
18 21 6
13 15 7
15 18 1
14 16 9
18 22 15
9 12 9
17 19 14
13 16 13
7 9 2
9 11 13
10 14 5
0 3 8
2 5 15
1 3 6
15 17 15
20 21 12
0 3 15
15 18 15
19 21 3
2 5 9
7 10 13
12 14 13
7 11 3
20 22 10
0 4 4
16 18 10
8 12 12
11 12 14
11 15 6
11 14 14
17 21 1
12 14 10
20 22 1
21 1 4
22 2 2
20 23 14
1 4 13
22 2 9
14 18 3
21 0 14
21 2 6
15 18 7
9 12 12
11 15 10
3 4 7
1 4 14
15 17 15
12 14 11
11 14 15
10 13 10
16 18 4
6 8 2
14 18 4
14 16 15
8 11 1
13 14 12
2 5 13
14 18 2
23 1 1
3 5 1
23 4 6
15 18 13
5 9 8
11 13 10
16 20 7
3 6 6
2 4 4
18 22 3
23 2 8
23 1 1
21 0 15
16 18 12
23 2 12
12 14 11
7 11 13
3 5 15
19 22 10
14 17 12
20 23 8
0 3 1
11 13 10
10 10 2
16 17 15
16 19 13
21 0 10
14 16 2
19 23 13
2 5 11
17 21 1
1 3 1
21 0 6
20 22 7
3 6 14
0 2 15
10 12 11
2 4 11
12 17 15
18 21 7
5 5 10
16 19 8
18 20 14
15 16 11
12 15 3
13 16 8
6 9 12
20 23 2
14 16 10
3 6 13
6 9 15
17 20 13
7 11 12
1 5 15
1 4 15
14 17 15
1 5 1
14 17 13
12 14 5
6 8 6
13 16 10
8 11 3
19 23 5
0 3 8
12 16 11
11 14 13
4 7 3
1 4 2
18 21 10
5 10 13
9 13 8
20 23 6
2 4 13
13 17 7
8 10 10
8 11 10
14 16 13
4 9 2
8 10 7
9 12 11
17 19 14
4 7 8
13 17 9
19 22 9
21 1 11
2 5 11
17 21 3
6 9 11
7 10 6
14 18 12
7 12 9
13 16 14
16 18 6
1 6 8
12 15 4
2 4 4
3 7 7
20 1 13
19 22 2
3 6 9
20 22 1
6 8 7
3 7 11
0 3 2
21 23 9
3 5 1
17 22 6
12 15 11
4 7 12
20 23 13
12 16 3
14 16 7
0 4 2
10 13 2
20 23 13
11 14 11
15 18 14
21 0 10
5 9 13
20 23 9
20 22 7
15 18 10
2 6 6
4 5 4
17 19 9
14 19 8
21 0 6
15 19 15
1 4 6
19 23 12
9 12 3
10 13 14
11 16 10
10 13 5
22 1 10
11 14 9
20 23 6
19 21 14
13 16 2
3 5 8
1 4 8
13 15 4
12 16 2
2 5 3
16 20 7
9 13 10
4 6 8
18 21 3
7 11 13
4 7 3
4 6 1
4 6 1
9 11 2
1 5 9
16 18 7
16 21 2
2 6 14
4 6 4
6 11 2
13 16 1
8 10 7
11 13 8
16 19 15
18 21 8
12 16 12
15 17 7
2 4 15
2 6 11
15 19 10
15 18 5
19 21 11
19 20 5
2 6 15
10 14 8
4 8 6
17 21 11
8 11 12
16 18 15
8 12 4
10 13 12
21 0 15
6 7 11
16 19 14
14 18 13
9 11 15
16 20 5
7 11 4
2 4 11
20 0 12
1 4 11
9 12 10
12 15 15
0 2 2
12 15 8
0 4 3
22 2 1
9 13 10
22 1 12
10 13 13
18 22 14
15 18 11
8 11 10
15 19 6
23 2 2
11 14 1
9 11 10
21 23 10
17 21 2
22 0 11
9 13 12
0 0 6
15 18 8
16 19 7
8 12 12
16 17 12
21 1 15
9 12 1
19 21 13
2 4 11
2 3 3
6 10 7
0 1 14
20 22 2
0 5 6
2 5 8
1 4 5
23 3 9
12 13 12
2 5 8
18 23 10
2 4 14
3 4 7
2 5 13
12 14 8
5 6 4
18 20 10
23 3 8
7 11 1
13 15 6
23 4 10
19 23 2
14 16 7
7 10 1
15 17 9
1 4 11
0 4 12
2 4 12
12 16 4
16 20 7
3 5 7
17 21 7
3 6 12
3 6 2
23 2 15
13 16 1
9 12 1
12 17 9
2 6 12
11 15 14
22 1 4
22 0 1
21 2 12
20 23 12
17 22 9
6 8 7
19 23 6
19 23 3
5 8 2
7 8 2
9 12 6
8 10 15
2 5 6
23 2 2
20 21 7
1 2 12
20 21 9
2 5 2
4 5 11
17 18 2
3 7 10
13 15 1
10 13 9
2 3 7
9 12 10
20 22 8
3 5 6
1 6 7
5 6 9
8 11 6
5 7 15
4 8 5
1 4 12
14 17 2
16 17 12
13 16 2
11 14 1
5 9 5
19 22 1
1 4 15
10 14 9
5 8 2
17 20 6
10 12 15
6 10 6
20 23 10
9 12 3
21 23 8
15 19 14
18 21 15
18 21 6
20 23 7
21 23 10
5 7 7
1 3 4
3 7 5
23 1 5
17 18 3
8 11 14
19 22 2
19 22 9
4 8 2
15 18 12
3 4 6
21 0 9
19 22 13
23 3 12
21 1 6
5 7 1
5 9 8
22 0 12
14 17 15
9 12 15
12 13 15
23 4 5
6 8 2
19 22 11
10 14 13
8 10 10
22 0 2
16 19 3
5 8 11
1 4 8
3 6 5
12 15 2
2 5 8
11 14 11
17 19 6
4 7 12
22 2 10
15 17 4
21 0 6
16 18 10
19 22 3
9 13 10
2 4 12
4 7 14
0 4 10
15 20 8
16 19 3
2 5 6
15 17 12
11 14 6
23 1 4
23 0 5
6 10 6
18 22 10
12 14 15
20 23 7
11 14 9
7 9 12
23 0 3
11 14 8
14 17 7
9 12 10
21 0 2
18 20 5
14 17 2
10 12 12
10 14 3
9 12 12
23 2 15
8 12 11
5 8 15
9 12 5
10 12 11
15 17 5
9 13 3
13 18 5
14 17 13
3 5 6
22 1 9
9 12 7
14 17 12
3 6 2
17 20 5
11 11 2
10 12 14
9 10 11
4 7 15
1 5 5
22 1 13
13 15 9
1 4 9
13 17 1
9 12 11
17 22 13
13 17 4
17 19 3
0 4 5
6 10 10
17 20 6
11 13 14
14 17 12
14 17 4
17 21 13
18 21 1
14 18 4
18 22 5
0 4 6
0 3 13
10 13 3
4 8 13
16 20 1
4 7 5
9 13 8
13 15 3
23 2 8
9 12 1
18 21 15
12 16 4
10 13 4
8 13 11
13 17 5
1 4 10
1 5 14
12 14 11
0 4 1
19 21 11
8 12 3
13 15 10
3 8 14
20 22 6
12 15 6
4 7 10
11 13 11
19 22 9
20 20 9
8 12 6
1 6 11
20 22 6
2 4 15
11 15 13
19 21 5
18 22 15
9 12 15
10 14 5
16 20 1
3 7 11
3 5 3
20 0 2
19 21 13
14 16 2
22 1 1
19 22 2
22 1 8
22 2 2
5 11 14
5 7 11
9 11 11
23 1 11
4 6 2
20 22 7
15 17 7
22 0 14
2 4 1
11 14 5
6 9 12
17 19 12
2 4 3
9 12 14
7 11 15
22 0 9
21 1 3
13 16 4
14 17 15
7 9 10
14 15 9
15 19 4
7 11 1
17 20 11
22 23 5
9 14 1
0 4 9
7 8 1
12 15 9
20 22 1
4 7 4
11 12 11
9 13 4
23 2 12
17 21 11
18 20 7
10 13 5
10 16 15
1 3 12
18 22 9
1 3 14
16 19 15
20 23 12
17 21 7
16 17 9
18 23 14
20 2 11
1 4 10
5 9 5
14 18 11
13 16 10
22 1 4
13 15 9
12 15 1
12 16 9
14 17 7
3 5 8
1 3 14
13 17 1
7 10 5
4 5 6
12 14 5
6 9 5
3 7 6
7 10 9
4 6 4
23 1 4
19 0 6
19 21 12
20 22 8
21 1 1
17 22 1
19 23 6
22 3 11
4 6 5
2 4 14
5 7 6
2 6 9
16 21 3
0 2 9
10 11 7
16 19 5
17 21 15
22 23 2
6 9 4
1 4 5
5 7 3
1 5 5
4 8 7
2 4 4
20 23 10
11 15 10
17 20 3
15 18 13
12 15 13
17 20 1
15 16 1
21 23 5
14 16 6
5 7 15
6 8 13
20 21 11
12 15 15
10 14 6
15 16 14
13 17 14
20 22 2
0 1 2
21 23 6
11 12 13
11 16 11
9 14 10
13 16 11
12 17 6
21 1 6
15 16 3
5 7 9
9 12 15
