2100 16
4 6 5 6 4 10 6 3 10 4 3 9 5 3 10 3 
19 0 8
12 14 16
19 21 15
21 1 13
19 23 12
2 4 9
10 13 2
8 11 4
14 17 11
6 9 3
16 19 11
20 23 4
8 11 7
0 4 7
16 18 13
23 1 3
17 20 13
13 16 11
2 6 14
2 6 11
7 10 3
15 17 8
14 17 3
4 6 14
5 8 8
21 2 15
0 3 3
1 4 1
17 20 4
14 15 12
17 21 2
18 20 8
20 0 8
21 0 4
1 4 12
19 23 9
13 15 11
4 6 15
6 9 3
1 3 2
7 9 1
5 7 11
11 13 2
14 18 3
19 22 8
19 22 4
2 4 6
8 11 5
18 21 15
3 7 10
22 1 4
13 16 3
12 16 13
0 3 1
10 14 5
6 9 9
20 22 15
9 11 2
2 6 11
7 10 6
7 10 12
19 1 7
18 20 15
12 15 7
9 12 4
14 16 10
8 11 13
18 20 5
4 5 12
17 18 14
8 12 10
3 7 14
21 0 8
17 21 4
10 13 10
9 12 7
14 18 10
8 9 13
18 21 9
15 17 4
17 20 1
23 3 5
8 11 15
5 7 9
21 0 1
2 6 5
15 19 10
3 6 1
12 15 8
22 1 9
20 0 9
5 8 4
11 14 7
9 14 13
5 10 6
15 18 5
3 5 9
22 23 12
6 10 2
21 1 9
9 12 11
12 14 4
21 0 4
16 19 2
2 5 16
2 4 15
3 7 9
8 11 16
15 17 9
5 8 7
19 21 15
22 0 5
14 19 11
9 13 3
1 4 6
1 5 12
13 17 11
1 4 7
19 22 6
8 12 3
6 9 10
12 13 16
15 18 9
12 15 1
18 21 5
18 19 2
9 12 14
5 8 11
8 10 14
0 3 2
7 11 13
2 6 13
19 22 11
8 11 1
13 16 8
23 3 16
7 12 5
6 10 16
13 17 15
2 5 16
22 23 3
21 0 13
13 17 10
14 19 3
13 16 2
10 13 7
4 8 3
11 14 2
6 9 16
7 9 6
13 18 3
13 18 6
15 17 15
7 10 3
6 8 12
15 19 13
17 22 6
6 8 9
7 10 4
11 14 15
0 2 4
22 1 11
18 21 7
9 13 10
7 9 6
14 17 11
15 17 6
8 12 7
13 16 6
18 20 1
10 13 1
14 17 1
23 2 5
3 7 8
19 23 1
6 10 5
17 21 11
4 7 14
6 9 5
0 5 3
15 18 10
22 1 15
23 3 8
0 3 6
22 3 5
14 17 7
23 0 2
11 13 16
16 20 11
21 22 4
17 22 10
19 0 8
11 14 6
1 5 9
22 1 9
14 18 1
10 12 12
4 10 2
6 8 14
19 22 12
19 23 14
8 9 11
7 10 9
21 0 10
6 10 2
14 17 9
21 2 5
3 6 10
18 23 15
21 23 4
20 23 4
6 9 4
15 19 9
1 5 8
2 6 6
7 10 4
11 13 9
10 12 3
18 21 4
22 0 2
14 17 11
4 7 4
16 18 2
19 23 1
5 8 5
20 21 5
5 7 1
19 21 10
21 0 12
7 9 13
3 6 10
17 19 16
22 2 13
12 15 12
2 5 4
13 17 5
19 22 13
8 11 15
7 10 16
22 0 4
1 3 13
7 10 12
20 23 11
4 9 4
10 14 15
19 21 14
6 9 11
11 13 8
6 10 5
8 11 6
0 1 8
0 4 10
11 14 9
5 7 4
10 11 13
12 15 7
7 9 6
22 23 5
8 10 11
2 4 14
19 22 6
9 12 11
1 3 11
12 14 16
22 1 15
11 13 12
11 14 9
9 12 5
4 7 13
22 0 2
15 17 14
17 19 2
13 16 10
10 14 10
4 6 10
8 9 13
11 13 14
5 8 11
5 7 8
12 15 8
11 13 3
18 20 5
20 0 10
17 22 8
17 19 3
23 3 8
5 9 6
6 9 6
7 10 3
6 8 16
15 17 12
5 9 14
8 9 2
15 17 10
23 2 7
23 1 2
14 17 1
9 11 5
15 18 11
11 16 8
18 23 11
11 14 6
14 17 8
13 17 4
1 3 8
12 16 7
3 6 11
19 22 1
1 3 2
12 16 16
15 17 3
7 9 11
2 5 6
17 20 1
19 22 5
18 22 16
9 13 15
10 14 4
22 3 2
20 0 2
6 11 3
2 5 1
9 13 5
10 14 12
5 8 15
8 10 9
17 20 6
11 13 3
19 21 3
13 15 6
6 9 4
17 19 9
4 8 6
11 14 15
1 3 2
15 19 14
1 5 4
4 7 14
9 13 7
19 23 8
13 16 1
18 21 16
22 0 9
8 11 11
18 20 15
22 1 8
10 13 15
2 4 11
2 4 4
8 13 4
10 13 4
18 20 5
8 11 3
6 10 10
6 8 7
0 3 13
18 21 16
6 9 7
17 19 10
23 2 5
7 9 6
19 0 7
6 9 14
13 16 1
7 9 7
2 5 10
6 9 3
11 14 4
19 22 6
16 21 4
3 6 16
6 11 16
16 21 3
11 12 5
15 18 8
11 13 15
6 10 3
12 14 10
0 4 16
11 14 1
4 8 3
12 16 16
6 8 10
10 13 3
4 7 10
15 18 14
8 11 7
10 14 16
23 3 16
22 0 12
20 0 13
13 16 10
19 22 2
5 9 2
7 10 7
11 13 14
21 23 15
17 19 4
6 9 16
16 19 2
5 7 14
11 14 4
11 15 16
2 5 12
8 12 12
3 7 8
12 14 4
16 18 3
18 21 2
1 4 12
9 10 2
8 11 10
18 21 4
14 17 14
19 0 2
1 4 4
18 20 5
15 19 14
11 15 1
0 2 9
8 11 11
11 14 10
15 20 12
12 15 2
17 21 12
6 9 4
14 18 3
13 17 5
20 22 12
9 13 5
15 17 11
8 11 11
22 1 6
18 20 5
11 14 4
20 21 7
21 0 14
22 2 2
14 17 7
0 3 12
6 8 11
4 7 8
11 16 7
6 10 11
11 14 15
20 23 6
14 17 9
1 5 8
6 8 5
8 12 9
16 20 11
0 4 7
22 2 5
10 13 12
8 12 10
18 21 4
12 14 9
6 11 7
8 10 13
19 22 6
22 0 6
13 16 15
5 8 3
8 10 11
8 12 7
2 5 13
23 2 10
12 16 9
12 15 8
14 16 10
15 19 2
2 6 11
18 20 5
3 9 10
23 1 11
19 22 3
16 19 10
14 17 14
1 2 3
8 10 7
19 22 14
13 15 3
14 18 8
0 3 16
23 2 8
13 15 2
11 13 15
23 1 16
10 13 5
10 13 13
18 21 8
14 16 8
19 22 6
21 1 5
0 4 4
0 4 1
13 14 16
21 22 8
13 15 12
20 22 11
22 2 15
5 8 4
16 20 2
17 20 7
2 6 12
0 4 12
16 19 6
12 16 6
3 6 8
11 13 9
3 6 11
1 5 5
7 9 6
17 21 15
2 3 9
23 3 10
17 21 6
11 14 7
20 23 1
5 6 15
13 15 2
4 6 13
3 6 13
9 12 16
6 8 15
21 1 5
18 21 14
20 22 11
1 3 16
19 23 10
13 17 5
5 9 8
12 15 2
18 21 9
11 16 1
20 0 14
2 4 8
12 15 12
10 12 10
14 18 13
10 14 12
0 5 11
11 14 3
18 23 7
9 13 6
10 14 3
4 8 6
11 15 5
20 23 15
1 3 1
21 1 16
11 13 11
13 15 13
15 18 15
21 0 6
3 9 4
23 4 5
23 1 12
3 6 11
2 6 11
19 0 1
13 17 3
4 6 13
15 18 16
3 5 5
0 2 16
6 9 12
20 23 11
22 1 2
22 1 7
10 12 10
20 22 13
14 17 10
10 12 7
9 12 16
3 9 11
14 18 13
8 10 7
3 6 10
17 20 10
18 21 3
0 0 9
5 7 1
3 5 4
20 23 7
5 7 2
4 7 3
9 12 12
1 4 7
21 0 14
8 12 6
16 19 12
17 22 2
19 22 14
16 18 9
11 14 13
19 22 13
4 7 10
23 2 5
18 20 11
2 6 12
10 12 6
3 6 1
8 10 4
22 1 11
14 18 16
0 4 3
20 23 12
7 9 13
18 19 13
23 1 7
22 1 15
7 11 14
1 3 5
9 13 4
10 12 2
14 18 13
3 5 6
3 6 10
20 23 7
19 23 9
19 21 10
7 10 8
22 0 2
16 21 3
19 21 9
7 10 3
19 21 7
7 10 13
13 17 5
18 21 6
16 21 1
4 8 14
11 12 6
9 13 11
22 2 15
20 0 15
4 7 2
2 4 1
4 4 10
19 22 15
11 14 8
16 19 13
1 4 6
3 7 6
7 11 10
9 13 6
7 11 14
13 17 5
9 13 1
6 10 4
2 5 3
19 23 3
7 9 9
1 2 9
12 14 10
18 21 10
2 6 8
22 1 5
15 18 15
23 1 9
15 18 16
15 18 10
5 7 4
13 18 7
9 12 6
20 22 7
1 3 13
19 22 16
11 14 3
19 22 7
9 13 5
20 23 4
4 7 5
19 21 6
1 5 5
9 12 15
18 20 8
18 22 13
11 15 11
19 0 12
1 5 6
3 6 15
5 8 9
4 7 4
2 5 1
8 10 2
8 11 3
5 9 16
0 0 5
15 19 16
19 21 6
4 6 14
14 17 11
12 14 14
6 9 11
19 21 9
3 6 15
23 1 13
22 0 5
15 17 6
3 7 4
0 1 13
15 17 14
7 11 3
22 1 4
12 13 16
1 6 9
11 16 14
4 7 11
13 17 15
7 10 10
10 13 11
12 14 12
4 5 12
2 6 14
5 8 6
6 10 6
4 8 16
8 12 8
7 10 12
11 14 3
3 5 7
15 18 11
22 1 14
11 14 12
19 21 14
7 10 12
21 1 10
10 14 1
2 4 16
10 13 13
18 21 15
8 11 3
2 4 8
3 6 10
2 5 7
16 19 11
7 11 2
23 0 6
11 14 7
15 16 3
9 11 9
22 0 9
20 22 6
3 5 12
4 7 5
8 11 8
10 12 3
13 16 10
23 0 11
12 15 9
4 6 10
0 4 1
2 3 2
6 10 16
12 16 6
2 4 8
17 19 3
8 10 5
11 15 6
18 19 9
19 22 3
19 23 5
10 13 5
20 23 10
13 17 1
20 0 5
6 9 2
4 9 10
5 7 12
22 1 4
15 17 14
4 6 10
16 19 16
8 11 3
3 7 7
10 16 16
12 15 3
10 14 14
16 19 10
22 1 9
8 11 14
14 17 10
13 15 1
3 6 7
9 13 13
18 19 16
10 12 6
23 1 15
10 14 3
20 0 15
19 22 11
18 19 8
7 11 9
5 8 13
23 2 4
13 15 8
6 7 16
12 15 10
4 7 2
18 20 15
6 9 15
11 14 11
15 17 15
4 6 5
10 13 12
23 3 5
11 15 1
14 17 13
3 5 3
10 14 1
10 12 11
21 23 2
12 14 16
16 18 15
1 2 10
20 22 12
5 9 8
14 15 10
20 0 14
16 17 4
13 16 5
12 15 15
8 11 2
18 20 12
21 22 4
23 4 13
13 17 16
21 23 15
5 8 3
12 16 6
5 7 3
2 4 11
2 6 8
4 8 6
16 20 6
4 8 14
2 4 16
15 17 10
2 5 10
4 5 8
3 8 4
16 18 1
0 3 15
8 12 16
8 10 3
5 8 9
12 16 10
16 18 3
5 8 11
15 18 1
14 18 16
22 2 1
1 5 11
20 1 11
2 6 15
1 4 2
5 9 3
6 8 13
19 21 6
7 8 14
18 20 4
6 10 6
4 7 1
4 6 9
1 4 13
19 23 3
18 21 16
11 13 16
2 6 14
14 16 15
5 8 2
13 16 2
13 16 4
16 18 5
7 10 13
7 10 8
16 19 1
23 23 11
18 0 8
1 2 3
14 17 12
6 8 13
0 2 15
20 0 14
17 19 15
10 14 4
9 15 3
21 1 10
13 16 14
3 6 4
23 1 16
0 5 1
16 18 12
1 3 1
18 21 13
11 14 5
7 9 9
21 22 16
20 22 6
20 0 9
4 8 4
16 20 4
21 0 6
9 13 12
15 16 1
12 15 16
14 17 15
9 12 1
14 18 5
10 12 4
13 16 6
19 22 5
1 4 1
8 10 4
12 15 14
0 6 8
7 11 5
19 23 10
9 12 11
1 4 7
11 15 2
11 14 4
5 7 2
3 6 13
6 8 3
6 7 13
20 22 5
17 21 15
4 5 16
13 17 7
23 3 6
23 2 12
19 0 1
18 21 14
1 2 9
10 12 8
8 12 2
5 7 13
17 18 4
13 15 2
20 22 14
11 13 11
7 9 1
6 10 1
9 12 8
13 16 6
23 3 5
0 4 7
1 5 7
4 7 10
18 22 8
9 12 5
7 9 4
4 9 10
5 8 10
17 19 12
21 0 16
0 2 2
3 7 16
23 2 8
23 0 3
17 20 9
7 11 1
6 10 8
14 17 11
16 19 2
14 18 11
10 12 5
7 9 9
3 7 16
14 19 3
11 14 15
16 19 3
2 5 3
23 3 16
20 23 5
16 17 6
23 0 9
21 1 1
3 6 8
8 11 10
10 12 7
20 1 3
3 8 14
16 20 11
4 6 11
10 14 5
1 5 3
7 11 16
0 3 7
2 5 11
16 19 9
11 16 4
12 14 16
16 19 10
8 12 16
17 21 14
3 4 10
19 22 10
12 15 15
8 12 12
19 21 14
8 11 3
19 22 11
17 19 11
19 21 10
1 5 8
16 21 3
5 9 3
5 9 12
20 2 2
12 16 12
8 11 8
19 23 10
9 14 11
21 0 14
19 22 10
19 22 6
10 13 15
11 13 6
0 4 6
22 1 3
0 3 3
11 15 4
13 14 4
4 7 10
23 1 1
23 3 12
16 19 10
22 23 7
9 13 10
8 10 1
14 17 7
9 11 6
15 18 2
7 10 15
17 19 4
4 7 14
7 10 14
11 14 5
22 0 16
2 5 7
11 14 10
18 23 3
15 18 16
1 5 2
16 20 14
22 2 13
11 11 10
15 17 8
23 0 3
23 1 12
6 10 13
9 12 11
9 12 7
17 18 8
9 11 5
16 19 15
17 19 9
14 18 2
2 5 11
3 5 9
9 12 16
18 20 2
12 16 2
18 20 8
19 21 14
20 22 2
2 6 15
14 17 7
4 6 7
15 17 13
22 1 13
6 9 6
6 9 5
13 15 8
2 5 2
7 10 9
19 1 7
16 20 15
13 18 7
2 5 6
2 5 15
23 0 11
6 10 15
23 3 14
19 23 14
8 12 4
7 11 11
7 10 2
16 16 12
10 14 12
5 7 16
13 15 8
11 14 3
19 23 11
12 15 4
10 14 1
3 4 16
20 23 6
9 12 9
19 22 14
2 5 5
4 6 2
19 21 1
22 1 10
0 4 7
19 22 9
6 10 1
13 15 1
17 20 7
1 3 4
12 16 7
6 9 16
17 21 10
5 8 8
18 22 13
21 2 2
23 3 1
8 11 16
8 10 8
22 0 2
14 17 6
4 6 14
6 8 10
6 9 1
14 19 1
18 21 3
6 9 11
1 5 11
4 7 4
21 1 6
2 4 10
5 9 1
19 22 8
4 6 4
3 7 1
8 11 3
22 1 2
11 14 5
23 3 8
0 1 2
1 3 9
23 3 7
9 12 11
14 17 9
11 13 4
16 20 5
14 17 7
6 10 11
16 18 10
23 3 13
21 0 7
19 22 10
10 14 12
20 0 1
7 10 11
5 8 5
19 22 2
11 13 3
15 17 10
20 0 13
9 10 5
8 10 7
7 10 7
20 0 11
13 16 1
14 17 6
3 7 10
19 22 5
7 12 2
2 4 3
2 3 10
8 13 3
20 23 10
18 21 9
5 8 3
7 11 11
22 1 12
12 18 14
12 14 8
14 17 4
0 3 2
0 4 8
20 23 16
2 5 13
16 19 2
20 22 11
14 16 16
4 7 8
5 8 16
19 21 5
15 19 9
19 21 14
13 17 10
13 17 4
1 3 13
23 1 1
11 16 14
12 14 4
16 20 3
9 12 2
8 12 9
20 22 8
15 17 1
23 4 6
16 20 11
14 18 4
0 4 10
11 13 16
18 19 5
10 15 16
18 22 7
2 7 9
10 14 5
6 7 9
4 7 2
20 23 6
20 21 6
22 0 11
16 20 5
4 7 11
12 16 16
8 12 8
8 13 6
10 13 13
21 0 10
11 14 12
23 4 12
18 22 1
21 2 9
21 0 8
17 21 8
8 11 2
20 22 4
15 18 13
7 10 5
10 11 4
4 7 13
6 9 12
12 15 6
18 20 2
21 0 3
15 18 14
17 19 9
10 10 7
17 20 10
20 23 2
19 23 2
8 11 10
14 17 13
22 1 8
16 20 1
17 20 14
16 19 7
8 12 1
0 3 10
4 6 5
4 8 11
20 23 16
6 9 10
5 8 10
4 7 14
16 19 13
8 12 15
17 20 10
9 11 3
10 14 12
0 4 11
15 18 11
22 0 4
6 9 7
21 0 15
14 17 12
2 3 7
16 19 16
2 6 13
19 23 9
6 11 4
16 17 1
15 17 14
12 16 6
22 1 3
23 2 12
12 14 9
23 3 10
8 12 9
15 17 6
8 11 9
17 19 6
13 15 4
13 16 14
21 23 14
2 4 7
2 5 8
10 13 11
9 11 1
14 17 16
20 23 12
17 21 1
3 8 9
15 16 5
11 14 4
4 5 8
17 21 12
13 16 11
8 10 3
10 14 15
8 9 11
23 0 10
18 21 5
21 23 10
22 0 13
14 18 1
5 7 15
11 15 8
7 10 10
10 12 10
16 19 2
23 1 7
13 14 12
14 16 9
21 0 8
14 17 6
3 5 13
14 16 13
19 23 14
8 10 3
10 13 5
1 5 5
10 12 10
5 7 16
1 3 8
16 18 8
5 8 13
8 12 4
18 22 2
2 3 7
2 5 14
2 4 9
17 19 14
20 0 10
14 17 16
2 5 2
14 16 6
6 7 12
4 8 3
13 16 10
4 8 1
0 2 8
9 11 9
3 7 8
18 22 13
9 11 10
10 12 6
19 23 3
23 1 4
14 16 8
11 14 4
5 7 16
14 18 16
22 1 15
21 0 3
21 2 1
1 4 2
18 20 16
1 5 11
8 11 3
21 1 2
19 22 16
1 3 10
21 23 4
16 19 1
4 7 4
3 6 11
22 1 2
7 9 6
21 1 5
3 6 5
13 15 14
3 6 13
2 5 2
6 8 5
9 12 14
12 15 5
10 14 8
22 2 13
10 15 15
15 18 4
21 23 13
22 1 7
16 19 7
21 0 10
12 15 13
0 1 11
16 20 7
9 12 5
2 4 15
0 4 1
17 21 16
0 2 16
0 3 16
19 22 14
1 4 8
22 0 4
8 12 2
1 5 10
12 17 13
14 17 7
15 18 3
4 6 12
23 3 7
15 17 6
23 2 4
2 3 12
20 23 8
5 8 14
13 17 13
17 19 7
1 3 7
9 11 15
10 12 11
19 22 8
16 16 14
16 18 13
1 6 11
15 18 10
5 7 11
7 10 6
20 0 5
20 22 8
18 21 6
6 8 12
4 5 6
19 21 2
11 15 8
2 6 4
2 6 1
2 4 12
3 6 1
4 7 12
21 0 5
15 19 7
15 17 6
12 14 7
4 7 2
20 0 12
11 15 4
5 9 1
9 12 13
5 7 1
6 9 6
8 10 3
20 23 7
23 2 8
18 22 15
1 4 11
7 9 16
16 19 12
19 22 10
1 3 14
18 21 15
18 20 4
19 22 13
0 3 13
3 4 4
8 12 7
4 5 11
7 11 9
1 5 4
12 15 11
21 1 6
10 14 6
12 16 13
20 22 7
3 5 13
6 10 10
20 0 11
22 2 15
12 15 15
7 10 5
2 4 11
3 5 11
10 13 13
2 5 11
22 22 11
11 15 8
8 10 15
14 17 9
14 19 11
18 21 7
19 22 1
7 10 7
16 18 9
22 2 10
20 22 15
3 4 4
1 3 16
5 7 3
17 20 10
3 8 5
9 11 15
13 14 5
14 17 12
5 10 16
14 18 6
15 18 3
5 9 5
0 3 16
12 16 10
14 17 14
15 18 14
13 16 3
2 5 1
7 10 8
0 2 4
13 16 4
13 15 9
14 16 14
5 8 12
16 20 8
23 0 13
16 20 3
19 21 14
7 9 6
15 16 12
7 10 1
20 0 6
7 7 7
12 15 14
14 17 16
17 20 10
18 20 2
5 7 12
16 20 6
1 5 15
19 22 13
1 2 14
1 5 3
19 22 5
2 5 4
1 4 1
23 2 8
15 20 12
7 12 2
16 18 9
11 14 1
20 22 1
18 21 9
4 7 15
23 1 2
6 8 9
22 1 5
2 5 9
13 16 11
5 7 7
3 5 16
5 7 7
9 11 7
4 6 11
6 10 1
4 7 10
1 5 14
23 4 7
20 23 5
5 9 11
9 11 5
11 16 9
19 0 7
0 2 7
20 23 3
17 20 2
13 16 7
13 15 1
8 10 11
7 10 3
23 1 4
13 16 16
4 8 4
20 23 4
8 11 16
22 1 10
8 13 1
9 14 1
3 8 5
23 2 13
17 20 15
20 22 8
18 21 9
11 15 3
4 5 9
17 19 6
4 9 11
2 5 2
0 1 9
22 2 11
17 21 16
21 1 16
10 14 13
3 6 12
1 5 2
1 4 16
1 4 7
13 14 9
1 4 15
20 22 10
11 13 13
9 12 11
6 11 8
18 20 8
13 15 9
6 8 8
10 14 3
8 11 13
21 0 11
8 11 13
13 17 2
18 22 11
12 16 10
5 8 6
2 6 1
18 20 9
3 7 13
13 15 9
7 12 6
18 21 3
16 19 10
19 23 10
3 6 14
8 10 12
18 22 11
17 20 5
16 19 3
7 11 15
17 18 11
21 0 5
8 10 9
17 21 16
19 22 15
10 14 1
19 21 3
4 7 10
11 12 2
20 23 4
2 5 9
5 6 7
12 14 3
11 12 5
13 15 16
3 6 5
23 1 1
8 13 12
13 14 3
16 18 7
12 16 12
7 11 1
20 22 14
10 14 16
4 5 11
20 23 6
0 3 2
14 18 16
21 23 16
18 23 7
8 11 11
15 18 13
18 22 5
0 3 2
0 3 2
10 13 15
0 2 3
13 17 3
13 16 9
18 20 12
10 13 14
21 1 8
1 5 2
7 10 16
9 13 14
13 16 9
9 12 15
9 11 15
23 3 9
18 22 10
14 16 7
0 2 7
19 23 12
11 15 13
12 15 15
2 4 7
16 20 10
3 5 16
22 0 9
4 7 6
18 22 15
7 8 4
8 11 13
4 7 1
19 1 7
8 11 16
12 14 8
19 23 12
15 19 12
23 3 15
23 2 4
20 23 16
1 5 10
1 4 11
7 10 4
13 16 11
15 16 14
11 14 5
11 14 4
5 9 5
2 4 13
21 23 5
15 20 5
9 12 10
3 5 3
7 11 15
20 21 2
0 2 15
16 18 12
2 4 7
13 14 3
14 17 3
2 4 3
13 16 6
1 4 9
18 20 8
11 12 8
1 2 14
9 12 11
0 4 8
22 1 7
7 11 14
7 10 14
5 8 6
13 18 6
21 1 15
16 20 4
8 9 11
3 6 15
18 22 4
10 14 10
22 0 1
1 5 6
21 23 3
0 3 10
15 20 11
5 8 13
19 22 6
1 4 1
19 22 13
20 1 6
1 6 1
14 18 12
4 5 2
0 4 11
0 2 2
3 4 12
4 6 9
22 0 15
19 21 8
15 17 9
15 17 15
9 13 16
0 3 1
10 13 10
0 3 12
3 6 5
16 18 13
18 21 13
18 22 12
8 10 11
20 23 15
22 3 5
18 21 3
2 6 7
16 19 12
5 8 1
21 1 11
2 5 3
7 9 8
16 21 13
19 22 13
21 1 5
21 23 10
20 23 15
3 6 4
4 6 7
14 14 12
7 10 3
6 11 16
16 19 4
23 2 3
9 11 1
20 23 7
9 12 9
14 17 2
2 4 16
1 3 16
21 1 10
9 12 7
19 22 6
23 1 16
4 7 9
19 0 7
14 16 13
18 22 12
3 6 4
12 15 16
1 3 10
21 0 13
9 11 4
21 22 1
15 19 11
11 15 12
2 6 1
21 23 12
6 9 7
21 0 13
7 10 14
1 5 8
18 20 7
14 17 9
18 21 5
8 10 10
8 12 16
18 21 1
11 14 3
21 22 6
3 8 4
14 19 7
14 17 7
19 23 2
1 3 2
6 9 1
22 1 2
23 4 5
7 9 8
11 15 4
22 3 3
23 3 13
16 18 16
21 0 4
14 16 13
18 20 4
9 12 9
14 17 5
4 7 6
15 17 14
23 3 2
4 7 7
1 5 7
9 12 15
12 14 5
19 22 1
6 10 3
17 20 5
5 8 4
23 2 6
0 2 6
16 20 11
21 0 10
15 18 15
15 19 4
2 6 4
3 6 1
16 20 6
18 21 14
8 10 5
0 4 3
0 3 5
5 9 13
20 23 10
16 19 10
22 0 1
8 11 6
13 16 9
2 6 16
5 7 2
6 9 1
22 1 6
13 15 14
20 23 9
15 19 9
0 3 4
15 18 11
7 9 3
2 5 4
11 12 16
4 5 3
11 12 6
7 11 16
17 21 5
13 18 7
21 0 14
10 14 3
1 2 1
5 7 2
18 21 2
16 19 15
14 16 12
7 10 14
4 7 15
23 3 1
22 0 10
4 7 2
22 3 4
23 3 3
23 4 8
9 12 8
6 9 11
4 6 13
1 7 15
6 9 1
6 9 3
0 4 10
5 7 12
9 13 9
23 3 9
7 10 16
15 18 4
19 22 8
21 0 12
16 17 2
5 6 6
3 7 15
23 3 12
12 15 14
18 23 10
4 6 11
5 8 13
12 17 3
16 18 14
3 7 14
14 17 5
22 1 16
0 4 7
16 19 3
5 8 16
9 12 6
13 17 11
15 19 9
0 2 12
7 8 16
23 4 13
17 19 5
14 18 5
13 16 7
3 7 1
18 22 15
2 6 2
10 12 7
4 4 8
20 23 16
15 17 2
6 10 16
17 20 12
19 23 10
8 12 4
3 5 6
11 15 9
6 11 16
5 10 9
1 3 2
0 3 1
21 0 4
3 7 1
22 3 14
0 2 6
18 21 11
1 5 9
10 13 6
8 12 6
21 1 5
10 12 11
11 14 3
10 13 9
6 10 8
10 13 7
16 20 10
6 8 8
11 13 5
15 19 5
7 9 4
21 22 4
6 8 15
21 1 6
10 14 15
8 11 9
5 8 1
2 4 16
20 22 2
2 4 6
7 11 13
21 1 15
1 4 11
7 11 12
16 21 15
20 1 4
22 2 13
3 5 6
23 0 7
9 11 15
22 23 10
19 23 13
1 3 4
11 16 13
23 0 14
15 16 2
21 22 6
1 5 10
21 0 10
6 9 11
23 3 16
21 0 11
7 11 5
7 11 16
19 23 1
11 13 2
16 20 12
20 23 13
14 17 13
22 1 12
11 16 6
20 23 1
10 14 8
14 16 2
5 10 9
19 21 6
12 15 3
17 20 9
16 18 15
23 2 9
5 8 5
10 14 7
2 7 11
0 3 9
8 10 12
11 15 14
4 8 8
15 17 2
20 22 16
15 18 14
5 9 9
18 21 13
2 5 6
18 21 13
18 21 7
4 7 5
11 13 16
13 15 7
1 4 15
8 13 8
12 16 9
16 20 12
18 20 11
9 12 6
18 21 6
23 1 13
15 18 9
2 7 3
4 5 13
23 2 16
0 2 8
3 6 9
22 0 10
0 4 7
14 17 13
19 20 2
6 9 15
2 4 5
16 19 7
21 0 13
12 14 6
13 15 8
19 0 9
1 5 5
3 6 5
12 14 16
18 21 15
8 11 1
12 15 9
4 6 16
18 21 16
2 6 16
22 1 11
1 6 10
16 20 2
8 11 14
13 16 1
8 13 5
4 4 10
15 18 1
12 15 2
3 6 12
