1300 18
5 8 2 4 6 3 1 3 4 2 3 4 1 5 3 8 7 5 
22 23 11
5 9 11
5 7 9
0 4 9
7 9 2
21 0 16
0 3 1
16 19 4
3 5 11
12 16 1
20 23 3
9 12 8
17 19 16
18 21 16
18 21 4
0 3 5
3 6 6
23 1 12
4 8 3
16 18 8
13 15 13
6 10 4
1 5 17
0 2 17
1 3 13
14 15 16
3 7 14
8 11 10
21 23 17
16 19 5
8 12 18
3 7 5
7 11 18
20 0 1
22 2 3
8 12 6
13 15 2
10 12 15
21 1 4
21 1 6
0 6 13
23 2 17
12 14 1
21 0 12
16 19 16
10 12 6
12 16 4
13 16 1
12 15 5
12 14 9
16 19 5
9 13 10
17 18 17
23 1 4
6 8 16
15 20 14
10 15 10
19 22 7
11 13 14
19 21 2
13 18 3
9 11 10
4 6 4
6 10 8
16 18 15
9 14 17
4 7 4
23 3 13
2 5 3
15 16 13
21 0 5
13 16 2
7 10 7
15 17 5
21 23 10
23 3 1
8 13 12
4 7 2
3 5 13
1 5 18
19 0 18
4 7 18
11 14 3
11 13 9
8 11 10
23 1 15
11 13 2
4 7 1
15 18 11
2 6 2
22 2 9
17 21 5
18 21 12
5 10 6
8 12 8
18 21 1
16 21 1
1 4 5
11 14 17
14 17 16
10 14 5
18 21 8
3 8 2
10 12 18
6 9 9
9 11 6
2 7 8
17 20 17
4 8 3
22 2 10
10 13 6
5 7 8
13 14 2
13 18 2
1 3 1
7 10 16
22 3 10
11 14 14
6 10 10
16 19 10
2 6 13
2 6 14
23 4 8
21 23 11
19 22 4
0 4 10
13 16 10
16 21 12
0 2 9
9 12 12
15 17 15
7 12 12
19 23 7
5 8 10
15 19 8
13 17 9
16 18 7
22 3 5
9 11 11
4 8 5
11 13 16
8 12 3
0 4 11
10 15 18
17 20 12
18 22 14
15 19 2
14 18 3
6 9 11
6 9 12
16 17 4
8 12 4
21 1 17
13 16 7
21 23 11
8 11 12
22 0 9
22 2 9
18 21 12
13 17 8
21 0 11
13 15 17
21 3 3
23 2 16
6 9 13
1 3 7
13 17 11
15 19 2
9 10 15
15 19 11
19 23 2
0 2 5
16 20 17
7 10 13
21 23 15
19 22 18
7 11 7
4 8 16
15 19 11
5 9 12
21 0 18
22 1 1
19 21 6
8 10 17
18 20 1
11 15 12
19 23 8
11 15 6
8 10 8
6 9 16
16 20 7
0 3 15
4 8 11
14 16 2
22 0 4
9 13 2
1 5 14
0 1 2
18 21 5
6 8 11
22 0 12
11 16 13
1 5 2
19 22 5
22 1 2
14 18 3
2 3 4
4 9 13
6 7 10
5 9 12
8 11 16
7 11 11
13 16 4
23 3 15
14 16 8
14 17 13
18 21 3
15 19 5
19 0 1
10 11 14
3 8 17
6 11 17
8 11 3
2 5 11
16 19 2
10 11 2
21 1 15
5 9 9
7 10 15
18 22 5
16 18 10
19 22 9
1 2 2
1 4 14
16 19 5
14 17 16
19 22 16
20 0 12
7 9 8
1 4 4
5 8 2
15 16 8
11 15 1
21 0 5
9 12 2
14 17 14
7 8 13
1 4 3
11 13 13
8 11 7
12 17 3
13 18 1
22 0 14
2 5 10
15 19 5
4 9 15
10 13 16
20 0 11
18 21 6
23 2 7
18 21 9
19 21 7
11 15 8
18 22 14
18 21 7
23 3 8
8 11 2
17 21 15
2 5 2
1 5 5
1 3 13
6 10 16
23 2 11
7 11 16
10 12 8
16 20 14
13 16 15
6 8 5
23 2 7
6 11 11
13 16 18
22 23 14
13 16 10
13 17 3
19 0 4
10 13 5
18 21 2
22 1 10
12 16 6
7 10 13
12 17 16
14 16 1
12 15 10
14 18 4
1 4 6
4 6 15
18 21 8
16 19 10
8 11 8
20 23 7
11 12 18
17 19 11
23 0 13
6 7 10
22 1 4
6 9 11
19 22 2
2 4 8
23 0 15
8 11 5
15 16 7
14 18 8
18 20 15
11 14 18
4 9 12
6 10 9
11 15 12
3 6 4
5 8 8
15 17 14
21 1 8
2 5 7
20 1 1
11 14 17
2 5 8
15 19 11
13 19 9
4 5 12
2 6 9
23 2 1
20 1 12
13 16 6
13 15 4
16 19 3
7 12 12
18 21 9
5 8 13
8 11 15
5 8 4
17 21 16
2 3 5
21 23 14
18 22 15
13 16 13
19 23 6
9 11 8
16 19 4
1 3 6
3 7 18
0 3 17
18 22 7
13 16 14
6 9 13
2 6 14
2 5 3
22 1 9
19 22 16
5 7 13
20 1 16
6 10 2
16 17 16
14 17 8
6 9 2
20 0 2
7 11 1
23 3 6
16 22 1
22 2 5
7 11 12
23 2 17
20 1 7
8 12 9
9 10 3
20 23 10
5 6 17
14 18 13
3 7 14
8 10 13
15 18 7
0 3 16
10 14 5
1 3 10
12 15 8
5 9 3
2 4 14
22 1 1
21 0 10
19 22 18
10 14 3
2 5 2
22 0 8
16 20 15
16 20 5
12 16 13
23 0 5
6 9 8
10 12 5
18 21 13
0 2 6
10 13 1
16 20 1
16 20 1
23 2 11
21 0 2
21 23 12
20 21 14
19 21 5
3 9 14
13 14 3
13 17 9
14 17 18
9 13 15
11 14 7
10 11 15
18 20 2
16 18 12
10 12 9
10 13 14
1 4 7
8 10 10
13 15 1
17 19 9
6 9 14
21 0 18
5 9 13
17 19 5
6 8 9
6 9 3
11 13 2
21 23 10
19 21 16
5 8 10
4 7 17
20 23 7
10 13 4
3 7 1
10 13 1
2 6 11
10 14 15
8 11 4
9 12 5
20 23 18
1 5 17
21 0 2
9 12 1
21 23 6
21 0 6
10 15 10
22 0 8
12 13 10
21 0 4
6 11 9
14 16 15
9 11 12
20 23 2
12 14 6
7 9 17
3 5 1
6 8 12
21 1 16
10 13 5
3 8 12
10 13 3
7 9 3
14 16 10
9 14 14
13 17 10
3 7 17
23 2 1
1 4 11
19 21 13
10 13 4
6 10 14
4 6 6
2 6 1
9 12 13
6 9 9
16 20 9
4 8 5
19 22 13
7 10 1
14 16 7
18 21 1
23 1 12
1 5 9
18 21 5
15 17 10
6 8 10
2 5 12
19 23 14
2 6 2
9 11 8
15 17 15
7 10 12
13 16 11
16 18 13
12 15 18
18 23 6
5 9 14
17 21 8
19 21 18
14 16 11
14 17 9
15 17 7
20 22 17
2 7 6
11 15 12
0 3 12
0 2 3
13 15 12
1 5 7
1 7 16
20 23 7
22 1 10
18 21 13
4 8 15
16 18 2
22 0 8
21 23 8
10 15 16
17 22 8
11 14 15
13 16 7
16 19 11
5 7 13
21 1 4
15 17 3
16 19 13
22 0 9
4 6 7
15 18 16
2 4 15
19 22 10
2 4 13
14 17 9
20 23 8
14 18 18
13 16 14
23 1 12
3 6 14
1 3 14
23 2 10
7 9 2
21 22 4
10 13 7
23 2 16
7 9 7
0 3 12
5 8 1
18 21 15
18 21 8
1 4 8
22 1 1
0 3 13
18 20 10
3 5 5
4 7 1
4 6 15
16 21 2
0 3 18
11 14 16
7 10 2
13 18 13
2 6 14
6 9 15
7 10 15
2 3 3
11 16 6
20 23 7
17 22 12
19 22 18
19 22 16
18 22 8
3 6 15
17 22 4
14 18 10
4 5 16
4 6 4
7 12 14
16 18 17
22 2 13
3 4 7
20 0 16
22 23 7
3 5 17
0 2 16
9 14 9
18 22 17
19 21 6
15 16 7
9 13 15
13 17 10
9 11 16
21 0 12
18 20 11
9 12 18
6 9 6
1 4 6
8 12 18
19 21 3
12 14 1
4 6 9
19 22 11
9 12 11
5 9 2
16 20 18
14 17 1
11 14 18
4 7 11
4 7 9
10 12 14
17 20 12
1 4 3
3 5 16
21 1 17
0 3 2
1 5 15
2 4 5
17 18 6
21 23 6
0 1 18
14 16 14
10 14 10
14 17 2
16 20 4
11 14 4
10 14 8
22 0 13
4 9 7
2 6 17
1 4 11
14 16 4
0 4 8
6 9 14
6 8 18
9 11 14
11 13 10
4 7 2
15 17 1
6 8 3
2 3 7
13 17 14
5 8 17
2 7 3
14 20 5
1 4 16
3 6 3
4 7 12
17 19 9
20 22 5
0 3 13
7 10 18
20 23 12
3 6 4
18 22 16
16 19 18
21 0 6
12 15 16
9 10 15
11 15 13
23 2 11
2 6 9
14 16 7
23 2 2
9 11 12
8 11 10
18 21 8
19 22 11
19 0 6
17 21 16
4 6 5
12 15 15
9 11 3
7 10 16
1 3 7
9 13 1
5 8 5
1 6 18
21 1 6
21 0 13
13 15 2
0 4 3
0 3 12
2 5 13
22 23 13
2 5 7
6 8 11
8 11 4
23 4 3
19 23 10
6 9 9
11 14 14
19 22 13
14 17 1
3 6 12
6 9 14
15 18 2
5 7 8
19 21 12
7 11 9
23 2 10
8 10 6
11 14 12
20 0 15
8 11 12
16 20 13
18 22 5
13 16 1
19 23 4
1 4 12
15 19 16
6 9 7
8 11 9
10 15 12
23 3 4
11 15 13
2 5 14
12 15 12
2 5 1
10 14 8
16 18 16
6 7 11
21 0 8
8 11 2
14 18 6
9 11 7
5 9 13
10 13 3
14 18 7
19 1 14
21 1 3
6 9 4
10 14 8
15 18 4
4 6 18
4 5 8
15 16 9
6 9 13
22 2 13
21 1 4
18 23 1
3 6 5
0 4 8
17 21 13
0 2 11
3 6 7
9 11 2
11 15 6
12 15 5
7 10 4
13 15 13
2 5 3
10 14 1
20 1 8
16 18 17
7 12 6
3 6 1
11 15 3
2 5 11
0 4 3
5 7 15
7 9 4
2 6 17
3 8 16
22 2 17
12 14 15
4 7 12
5 9 14
0 4 11
18 23 12
9 11 17
16 18 9
4 5 7
4 7 15
16 20 6
4 6 1
14 16 6
19 20 9
19 21 4
7 10 13
9 12 13
12 15 16
8 12 2
1 4 13
18 21 2
7 11 18
13 16 8
15 17 10
2 4 16
23 3 17
1 4 13
3 5 7
16 18 15
17 19 18
1 5 6
20 23 12
6 10 11
15 18 9
16 20 16
19 23 12
11 15 3
9 13 13
3 10 1
23 2 13
8 10 8
23 1 7
15 18 6
23 3 8
8 12 17
8 12 5
3 6 14
22 2 12
0 2 13
3 6 12
20 23 7
6 10 11
15 18 7
12 15 6
3 7 10
14 16 12
7 10 13
23 1 13
23 2 18
1 4 5
6 11 8
1 4 10
17 19 11
8 12 5
6 9 18
3 5 5
15 18 5
4 7 12
5 7 13
12 16 5
4 6 2
16 18 16
18 21 5
12 18 9
15 19 18
8 10 10
13 16 6
11 15 18
9 11 5
19 22 18
9 14 15
2 5 14
4 7 1
11 15 14
0 3 9
18 21 9
8 12 15
7 10 7
9 12 7
1 3 3
7 11 9
9 11 2
8 10 13
11 14 15
19 23 1
11 13 15
21 1 14
18 20 14
3 6 5
12 14 14
23 4 3
0 4 4
14 18 10
15 18 7
20 23 14
20 22 9
8 11 18
16 20 9
22 0 9
20 23 2
19 22 14
8 12 5
3 5 17
10 13 9
8 11 15
5 8 11
11 14 3
9 12 7
6 8 13
13 13 4
16 18 10
10 13 7
14 18 2
18 23 13
7 9 17
19 21 1
3 6 17
12 14 18
2 6 16
5 10 9
11 15 15
0 2 1
15 19 13
18 22 11
4 8 6
14 17 16
5 10 10
5 7 3
7 10 13
16 20 9
8 8 6
0 2 12
4 6 1
2 3 12
13 16 6
9 11 16
15 17 13
6 10 13
8 10 18
23 2 7
10 12 10
2 4 7
10 13 12
21 2 16
9 11 11
5 8 9
3 7 5
21 22 11
16 19 6
19 22 11
6 9 15
14 18 2
12 14 11
11 13 10
0 3 1
15 18 14
14 17 15
13 18 18
9 10 12
10 12 13
9 12 14
4 7 10
1 6 1
5 8 16
21 2 18
14 18 1
11 13 17
3 6 6
1 5 18
6 11 3
12 16 7
2 5 15
17 19 1
7 11 17
8 11 16
1 4 6
7 11 16
23 2 12
4 6 16
13 17 16
4 6 5
18 21 17
11 14 16
8 12 1
16 22 18
21 0 8
2 6 5
20 1 1
16 20 9
14 18 9
13 14 13
20 23 7
9 12 14
15 18 4
19 23 1
6 10 6
20 22 3
14 19 12
19 22 11
21 0 11
17 18 11
22 3 9
12 16 4
9 12 18
6 9 7
1 5 6
17 20 1
0 2 17
22 4 17
18 22 18
6 8 5
21 23 6
19 22 17
9 13 4
2 4 15
22 1 3
8 11 9
4 8 12
5 6 6
7 11 18
18 20 3
21 0 8
0 1 4
2 3 1
16 19 8
19 22 14
19 21 17
18 20 18
2 4 6
19 22 17
3 6 5
13 16 1
20 1 7
10 14 16
4 8 8
12 15 3
7 12 17
14 18 3
22 1 15
15 19 5
16 18 12
22 2 14
17 20 6
18 20 18
2 6 17
22 1 7
5 7 13
6 9 9
23 3 12
1 1 3
5 9 6
11 13 10
2 3 16
14 18 15
1 5 15
5 7 5
15 17 5
11 13 8
4 7 17
11 14 16
16 20 9
16 21 13
21 23 7
23 1 1
15 16 10
1 1 17
18 22 11
2 5 14
20 2 4
18 21 7
0 4 12
20 22 13
7 9 14
5 9 16
18 22 18
6 7 10
8 11 15
4 6 13
7 11 14
22 2 10
17 19 8
2 5 5
8 12 12
12 15 13
16 19 11
1 4 11
1 4 1
9 14 2
4 7 18
20 22 15
9 12 4
5 9 17
12 14 6
15 16 1
21 23 4
6 8 3
12 15 3
21 0 14
4 8 14
5 7 18
9 12 1
14 17 4
18 21 14
0 3 17
7 12 18
3 6 2
1 5 16
19 0 6
13 15 6
5 8 13
3 5 18
1 4 8
1 4 16
18 22 4
11 14 8
21 0 5
22 23 14
22 3 18
8 11 6
6 9 10
15 17 17
8 10 6
11 14 7
19 21 3
3 6 18
1 5 4
12 15 6
22 23 1
0 2 14
15 18 15
17 21 4
3 5 13
12 13 12
21 22 11
23 2 8
12 15 13
10 12 7
13 18 8
23 1 17
18 21 12
10 14 6
0 3 8
21 1 9
20 0 4
7 9 11
11 12 2
5 7 8
2 5 5
10 16 16
15 19 9
22 1 12
6 9 3
14 17 17
17 20 15
5 7 12
4 7 11
6 9 13
8 12 9
4 8 2
12 15 13
10 13 10
20 0 17
9 12 18
9 11 18
14 18 16
3 6 14
9 11 8
1 3 12
9 12 9
23 2 5
16 19 10
6 10 17
18 22 14
20 23 4
11 15 3
15 17 2
1 2 15
20 22 3
13 16 6
6 9 16
11 14 7
7 11 18
0 3 8
17 21 1
3 5 6
14 17 6
10 12 18
10 13 12
7 11 7
2 6 6
17 19 11
15 18 5
16 18 17
18 21 18
4 6 9
3 6 18
5 8 14
3 6 3
2 5 18
22 0 14
12 15 4
4 7 15
2 5 13
3 5 12
13 17 13
20 1 16
2 4 11
9 14 3
20 23 11
7 10 13
13 15 6
22 0 1
3 7 1
7 8 11
20 22 4
3 5 1
0 4 12
6 9 11
21 23 15
11 14 1
22 1 10
10 13 15
11 13 1
9 13 15
17 20 7
0 3 2
13 17 2
6 8 17
15 16 5
1 4 7
16 20 6
20 1 10
14 17 2
5 8 10
22 1 1
14 15 9
2 4 3
22 1 17
2 4 17
5 8 15
20 21 3
21 0 2
5 9 7
10 13 6
6 8 9
13 15 17
22 3 4
14 17 8
13 15 15
23 2 6
18 21 15
23 0 3
0 1 12
16 19 6
21 2 12
16 20 1
10 12 7
15 18 12
10 13 11
11 13 11
9 13 14
7 9 2
19 21 11
11 13 15
14 17 14
11 15 11
22 23 5
14 17 10
22 0 14
10 14 7
3 8 2
13 14 12
20 22 9
15 18 2
19 23 6
13 15 7
9 10 14
0 2 9
19 23 6
9 12 15
13 16 13
2 4 10
10 14 14
21 0 4
10 11 3
22 1 8
1 4 15
18 22 17
0 4 9
11 12 11
4 6 13
18 22 10
23 3 18
0 4 2
10 14 18
7 10 17
23 1 3
12 16 15
16 19 11
13 15 12
19 22 1
17 18 10
5 9 5
3 7 14
5 8 3
5 7 6
17 20 1
21 1 3
1 4 3
3 7 5
6 10 3
21 0 18
4 7 13
20 0 7
21 0 18
19 20 17
6 9 5
13 18 7
19 21 1
19 22 15
9 12 11
7 10 10
3 7 17
21 22 16
16 19 11
4 6 5
