1850 11
2 6 9 6 3 8 5 3 9 8 3 
8 10 1
9 12 1
2 5 10
6 10 11
4 6 3
10 13 3
5 6 5
19 22 11
19 22 7
12 15 2
19 22 6
8 10 2
9 11 8
0 4 3
0 3 7
5 7 2
12 15 5
3 7 8
3 8 1
22 2 2
4 7 6
4 8 8
2 6 11
13 16 2
12 16 11
4 7 4
0 2 7
5 8 2
1 6 7
0 3 10
22 23 8
7 11 7
23 2 3
10 15 3
15 18 1
17 21 2
19 22 2
14 18 8
11 13 8
1 6 7
18 20 4
10 13 2
1 3 11
5 9 8
17 19 2
10 14 3
2 7 7
11 14 10
15 19 9
12 15 1
5 8 3
13 17 2
3 6 10
3 7 6
19 23 6
1 5 7
7 11 6
5 7 1
21 2 6
18 22 3
7 11 10
10 12 7
17 18 1
8 11 4
20 1 2
19 22 5
0 3 7
23 2 1
23 1 1
2 5 10
7 10 6
14 16 4
2 5 5
0 4 6
19 23 7
10 14 6
5 10 9
0 4 3
14 15 7
14 16 9
8 13 6
22 0 3
9 13 4
3 6 1
4 7 11
0 2 2
23 1 7
6 10 5
9 11 11
8 12 8
16 20 5
7 11 7
19 22 11
4 6 1
19 23 8
10 14 6
6 8 10
23 2 2
20 23 2
10 15 2
9 12 3
20 0 5
21 1 11
15 20 3
11 15 8
7 10 2
18 19 10
19 22 4
22 3 10
4 6 5
10 14 7
18 22 5
19 22 1
17 20 2
11 14 10
18 20 1
10 13 9
18 21 3
6 9 8
18 21 7
4 7 11
2 6 7
8 10 3
5 8 5
23 3 6
18 22 10
23 3 9
12 15 1
1 2 8
2 6 6
9 12 9
10 14 3
9 12 5
7 9 3
7 11 1
20 23 4
18 0 2
20 23 9
12 14 5
17 21 4
14 17 10
17 19 3
8 12 11
13 16 4
20 0 5
21 1 10
1 3 6
12 15 6
9 13 8
16 18 6
17 23 10
22 0 11
2 6 9
20 21 5
7 10 6
0 3 5
12 15 7
11 13 5
1 6 1
2 6 1
9 11 8
5 8 1
16 20 8
2 4 7
14 17 4
4 7 2
23 2 6
6 9 3
1 3 1
18 22 7
17 20 8
22 1 5
15 18 4
0 3 8
23 1 3
11 15 8
3 6 8
6 9 7
1 4 2
1 2 3
21 0 9
12 15 10
21 1 10
19 23 2
0 4 8
2 4 2
7 10 10
6 12 10
9 12 4
16 17 9
19 21 6
2 4 5
0 3 10
17 19 11
20 23 8
6 10 8
10 12 1
14 19 10
4 6 11
7 9 3
10 12 4
5 8 6
20 22 1
16 19 11
2 4 1
6 10 3
8 11 6
22 0 1
3 7 4
0 3 1
7 8 7
9 12 11
16 18 8
1 5 6
21 1 2
16 19 9
10 14 5
7 9 8
2 5 10
20 0 5
16 20 11
11 13 1
14 16 6
18 20 3
0 3 1
23 2 10
11 14 4
23 3 3
3 4 4
5 9 8
16 18 6
3 6 4
22 1 4
8 12 3
6 9 8
2 3 9
13 15 1
16 23 2
12 14 3
10 13 2
23 2 2
12 15 7
9 12 8
20 22 8
14 16 2
0 4 3
22 2 8
21 0 7
15 17 7
6 8 2
9 11 8
8 10 5
7 13 10
20 22 5
19 23 10
2 6 5
23 2 2
4 9 7
17 21 7
10 12 1
13 19 3
13 17 4
14 17 4
14 20 4
22 0 7
0 4 6
2 4 3
13 16 7
8 11 4
23 3 11
23 2 11
22 0 6
19 1 3
6 9 5
16 18 2
17 21 10
20 23 1
9 10 8
3 7 10
9 12 5
8 12 3
23 2 9
23 2 10
15 18 6
19 23 4
18 23 3
3 6 10
12 13 9
10 13 8
22 2 8
0 3 9
14 16 3
19 22 6
5 9 1
11 13 9
11 15 5
8 13 4
17 20 10
6 9 1
2 4 11
23 1 10
7 11 3
12 15 7
7 8 3
9 13 4
1 5 8
4 7 6
10 12 10
4 8 6
19 22 2
22 23 11
18 21 2
4 8 10
20 22 4
18 20 2
10 13 6
19 0 2
13 16 9
4 7 8
2 6 10
12 15 10
23 3 4
3 7 8
11 14 6
8 10 8
5 9 9
17 20 4
15 18 10
14 18 3
17 21 6
2 5 10
7 10 2
13 16 8
11 16 3
7 11 4
22 1 2
12 15 4
23 1 6
2 5 3
22 1 10
5 7 10
1 3 1
8 11 7
3 7 9
23 3 11
7 10 2
16 19 5
17 20 5
18 20 7
0 3 4
6 8 2
18 22 3
0 3 10
23 2 5
1 5 10
21 23 3
12 15 2
18 20 5
12 14 6
15 18 4
0 4 4
8 11 5
5 6 2
15 18 10
7 9 2
5 8 11
20 0 6
2 5 9
5 8 4
21 0 1
18 20 11
9 13 1
11 14 6
10 14 8
11 15 3
13 14 7
17 19 11
16 18 3
15 18 9
13 15 10
21 23 9
20 22 2
2 4 3
4 7 6
6 7 9
10 13 10
0 4 10
5 9 8
10 14 2
5 8 9
21 1 11
9 15 7
22 2 3
21 23 8
2 5 4
12 16 6
3 6 8
22 1 3
4 7 8
10 14 10
17 20 4
13 16 9
5 8 5
10 14 8
20 1 9
11 13 6
17 20 9
10 13 11
11 13 6
23 3 11
4 7 4
14 17 1
14 17 3
23 3 1
8 12 10
14 19 1
13 17 5
19 23 7
8 10 1
5 10 9
3 7 1
2 6 6
23 2 1
6 9 5
0 3 9
11 14 4
3 6 10
21 0 8
3 6 3
12 15 4
9 13 5
0 3 4
22 1 3
2 5 11
13 15 3
20 0 11
13 16 7
9 14 6
16 19 7
10 14 10
19 22 4
5 8 5
23 2 3
1 5 4
6 9 10
23 1 3
10 14 1
2 4 3
12 15 7
5 6 8
16 19 1
21 0 5
18 21 2
22 1 4
17 21 6
0 2 6
1 4 5
19 21 3
2 6 11
20 23 5
2 5 7
1 5 7
11 12 11
1 4 8
18 22 11
20 23 11
22 1 3
21 1 6
3 4 10
10 12 8
3 6 5
1 2 7
2 5 3
16 17 8
23 1 1
6 9 1
2 4 6
6 10 6
4 7 11
23 3 5
22 1 7
18 20 6
3 6 3
1 5 2
4 7 7
7 10 3
12 15 10
16 18 10
20 23 11
23 4 5
22 1 5
17 20 3
10 13 11
11 13 5
14 17 2
0 3 1
7 9 9
0 5 2
10 11 3
4 6 3
12 14 8
6 9 3
4 7 6
13 16 10
12 18 5
11 13 1
5 8 5
15 17 11
22 1 3
1 1 6
1 4 4
20 0 5
0 4 1
20 0 6
17 20 3
21 0 6
17 21 10
17 21 7
3 5 8
1 3 5
4 6 5
5 8 9
19 22 10
4 7 7
23 1 6
15 19 6
5 8 5
23 2 5
21 23 1
9 10 4
10 11 3
13 18 10
19 23 2
8 11 7
14 16 10
15 18 3
12 14 1
13 15 5
21 22 1
23 1 3
9 13 9
19 22 10
15 17 8
19 21 6
17 20 5
21 22 9
21 1 4
3 5 11
23 1 4
13 15 4
6 8 1
21 1 5
7 10 10
15 17 2
11 14 7
16 19 1
18 21 9
9 13 8
2 4 1
1 5 4
16 17 10
1 5 10
10 14 8
0 2 11
6 10 7
19 22 11
0 4 5
21 23 6
3 7 2
12 14 2
3 6 8
19 23 10
1 5 6
13 16 3
11 13 4
17 21 9
0 4 5
18 20 4
20 22 4
14 18 4
17 20 4
7 11 2
20 23 5
12 16 10
2 3 10
22 1 10
3 5 2
23 1 7
8 9 3
2 3 2
7 10 8
11 16 5
12 13 1
0 1 4
18 21 6
9 13 4
21 0 4
12 14 4
16 19 10
18 22 9
18 20 7
13 17 3
21 23 6
9 11 6
18 23 1
7 9 4
18 22 11
20 23 9
15 18 7
1 5 4
12 14 10
18 22 8
20 0 7
17 21 10
14 16 4
1 4 5
19 21 1
4 5 6
20 23 11
23 2 8
13 16 6
14 16 5
11 14 5
23 1 9
12 15 10
1 3 6
18 19 2
13 14 10
6 10 3
9 13 10
3 6 8
23 3 6
21 23 3
22 2 6
16 19 10
13 16 8
13 16 10
12 15 10
19 23 3
10 14 4
3 6 3
17 19 5
19 21 6
22 0 10
23 1 3
23 1 3
1 4 4
17 21 8
20 1 9
3 5 9
9 12 10
21 23 10
16 21 6
18 22 6
13 16 11
19 22 1
11 15 10
9 12 4
19 22 3
16 18 5
6 9 7
21 0 7
19 21 8
20 0 1
22 2 1
18 21 6
18 20 8
5 7 7
6 8 1
8 10 8
7 11 3
12 14 6
4 6 6
7 10 8
9 12 8
17 20 4
17 19 10
3 5 7
5 7 1
6 10 6
7 9 7
12 16 2
18 22 3
3 7 4
21 0 6
14 16 11
3 5 3
22 0 10
19 22 5
18 20 5
22 1 9
7 9 11
6 8 9
20 23 7
10 14 7
18 22 2
17 20 6
15 18 2
14 17 3
19 21 2
11 13 4
16 19 4
19 21 7
22 0 6
8 10 11
18 20 6
3 6 9
19 23 9
2 3 8
8 12 9
18 22 2
12 15 3
8 10 1
12 14 10
13 16 7
11 13 7
20 23 3
11 14 5
11 15 7
4 7 5
12 13 7
12 16 4
4 7 3
19 22 3
22 1 8
15 17 7
16 19 2
3 7 11
22 3 3
14 18 1
23 2 11
20 0 9
11 15 3
2 4 7
3 5 9
3 7 7
23 2 10
8 11 4
13 16 6
23 3 10
19 23 5
19 21 8
22 0 9
4 6 11
23 1 9
23 3 1
10 13 10
1 5 10
2 5 5
0 3 2
16 19 11
2 5 1
16 20 5
2 5 5
2 4 7
11 13 4
14 16 1
21 0 7
0 4 3
23 2 10
20 0 8
18 21 4
20 23 6
0 2 10
16 20 10
5 7 7
0 4 7
22 1 2
3 7 5
2 5 6
1 4 4
0 2 3
19 22 3
11 14 6
2 4 7
6 9 3
7 9 2
14 17 11
7 11 7
12 15 3
3 6 10
12 15 8
10 14 2
14 17 5
7 11 10
6 9 2
2 6 9
7 11 8
10 15 2
5 7 7
14 18 4
18 22 11
9 10 3
3 7 2
20 23 4
17 19 6
16 20 2
5 8 11
7 11 8
20 22 10
15 17 10
18 21 10
14 16 6
9 12 3
22 2 10
17 20 9
6 9 1
22 1 4
13 16 8
19 22 2
9 12 7
16 19 9
19 22 8
6 8 3
1 4 11
15 19 11
11 16 10
3 4 5
5 8 7
20 23 11
18 21 3
9 12 7
15 17 9
12 15 1
22 3 10
7 10 8
18 20 3
5 8 9
14 18 7
4 5 6
3 5 2
7 9 10
14 17 1
3 5 7
7 10 5
15 18 3
17 22 9
22 2 11
17 20 3
11 13 8
3 6 4
14 15 11
19 22 3
0 3 1
0 3 9
12 16 7
8 11 3
0 3 1
22 2 2
20 0 6
20 23 5
8 11 4
22 3 2
21 0 3
11 15 2
9 12 4
1 4 5
8 14 8
22 1 5
0 3 9
11 12 8
2 4 10
12 14 9
4 8 11
22 1 3
5 10 7
20 23 7
1 3 11
12 15 6
2 3 4
18 20 2
19 22 6
0 3 2
2 4 3
14 16 11
23 0 9
9 12 3
1 5 10
11 13 7
7 10 7
21 1 4
1 3 10
7 11 11
1 3 9
8 11 3
16 19 3
10 12 4
19 21 11
6 11 2
17 20 10
20 23 6
18 21 8
20 23 10
16 19 6
22 1 2
10 13 10
9 13 1
18 21 6
15 17 9
15 17 10
20 23 11
16 20 10
22 1 7
9 11 3
16 19 2
12 15 11
14 18 7
7 10 11
15 18 10
21 1 3
10 14 4
23 2 10
20 0 9
21 1 10
22 1 1
6 10 6
8 11 2
7 9 10
5 9 3
18 21 6
22 2 5
6 10 9
11 14 7
23 2 8
15 16 6
1 3 11
1 5 4
7 10 9
18 21 7
13 17 8
20 22 11
15 18 8
15 17 6
9 12 7
13 17 1
8 10 11
8 11 8
5 9 1
19 23 9
1 5 8
15 19 6
4 8 9
16 18 1
20 23 4
11 14 7
23 2 3
10 12 11
0 4 10
15 17 10
17 19 3
1 4 9
17 19 6
5 8 1
3 4 10
13 16 2
7 10 3
1 6 2
19 21 5
18 21 8
19 22 9
1 3 10
22 2 6
0 3 4
20 23 4
2 3 3
16 19 10
12 15 7
1 3 9
22 1 7
17 18 4
6 9 11
22 0 6
3 6 7
22 0 2
11 15 11
19 22 9
19 21 6
11 15 8
18 23 1
8 11 8
11 14 6
16 20 10
21 23 6
21 0 4
11 15 11
11 15 5
5 10 10
18 21 10
15 18 5
14 16 7
7 8 3
11 15 5
8 11 1
6 9 3
23 3 6
17 20 3
14 16 5
17 18 5
22 3 11
9 10 11
17 19 2
10 15 3
6 9 1
13 15 9
12 14 4
22 23 9
4 6 11
19 23 6
23 3 1
7 10 9
10 12 1
11 13 1
6 9 8
5 9 10
8 10 2
4 5 6
13 18 1
2 6 2
19 21 11
15 18 1
12 16 5
6 8 6
10 13 1
15 17 7
11 13 8
14 16 11
10 13 5
16 19 1
11 14 1
4 7 6
4 8 8
20 22 2
7 10 11
11 14 6
12 14 7
2 5 10
8 12 6
15 18 6
11 14 1
2 4 3
8 11 2
8 11 3
0 3 11
7 9 10
20 22 1
7 10 4
11 15 7
22 2 10
7 11 11
0 2 7
21 23 4
8 10 5
5 7 4
8 10 10
4 7 10
4 8 5
19 21 2
14 15 6
12 15 8
17 19 10
8 11 5
9 11 8
20 23 8
6 10 1
15 17 1
19 21 8
5 8 11
2 5 2
6 10 7
20 22 4
22 2 5
7 9 1
0 2 11
9 12 3
12 16 8
11 14 9
21 1 7
8 13 10
1 6 4
14 17 7
7 10 6
20 22 8
5 9 11
18 20 11
3 5 6
4 7 2
18 21 6
13 15 10
20 0 8
22 1 9
4 7 5
13 17 3
15 18 7
13 16 2
5 8 10
5 6 11
20 23 7
9 11 5
18 22 6
14 19 9
4 7 10
15 18 7
2 5 8
9 12 5
8 11 6
1 6 9
1 4 2
17 20 3
20 23 5
11 14 1
20 0 10
4 8 9
16 20 4
17 20 9
1 5 2
10 13 11
20 23 7
12 16 9
8 11 2
5 8 8
19 22 8
8 10 8
12 17 2
13 16 9
16 20 10
6 9 2
21 2 10
7 11 5
7 9 5
17 21 4
0 3 4
19 22 5
10 14 11
5 8 11
5 8 11
14 17 5
13 15 4
16 19 11
18 21 4
13 16 3
0 3 11
14 18 6
11 14 11
1 4 7
16 20 6
3 7 2
14 17 9
9 10 7
17 20 2
11 12 6
20 0 11
17 19 9
1 5 1
8 12 9
19 22 6
1 3 10
21 23 10
22 0 3
22 2 2
17 20 9
18 20 9
0 2 10
18 20 9
5 8 11
5 8 6
3 8 11
14 16 11
10 14 1
6 10 1
19 22 4
11 14 10
5 9 1
1 5 5
0 2 4
6 8 1
6 8 9
5 9 11
17 20 2
1 4 6
9 13 10
5 8 4
14 18 7
2 4 3
17 19 6
14 17 8
6 8 4
23 3 4
17 21 10
5 10 1
9 12 4
7 9 7
7 10 3
8 11 8
7 11 6
21 1 4
22 2 7
5 8 1
15 18 9
9 11 9
9 12 4
0 4 9
18 21 10
7 9 9
13 15 5
0 3 10
23 2 8
0 4 9
11 12 4
3 7 7
2 6 3
7 8 5
8 12 9
23 3 10
21 1 5
10 14 3
11 14 4
5 10 3
15 16 7
23 0 1
22 1 9
13 16 11
21 23 8
1 3 4
22 1 5
7 10 10
3 7 4
0 2 1
20 22 9
12 16 9
5 6 2
1 4 1
18 21 1
23 2 1
13 16 5
1 3 2
18 21 3
11 15 8
1 3 2
3 6 9
23 2 3
13 18 5
16 19 5
15 19 2
4 8 11
23 2 6
7 9 11
22 3 4
11 15 11
14 18 6
16 18 2
6 9 6
2 6 9
17 20 5
21 0 8
8 11 2
23 3 9
16 19 2
13 18 1
2 6 10
0 2 4
10 13 2
18 20 7
8 12 3
2 4 11
5 9 1
2 4 5
22 0 1
12 17 5
14 17 2
3 6 7
10 12 10
17 20 9
10 13 11
20 23 8
1 4 10
18 23 4
15 17 2
7 9 2
16 19 6
10 13 9
22 0 4
10 11 5
23 4 4
3 5 6
8 11 3
8 13 6
8 10 11
21 1 6
3 6 7
18 19 11
9 12 1
1 4 5
2 6 2
8 10 6
12 15 2
2 4 5
10 11 10
4 7 10
21 0 9
0 4 2
20 23 2
4 8 2
15 18 4
16 17 8
0 5 1
2 5 11
18 20 5
12 13 1
13 18 4
2 7 5
6 9 8
12 15 9
23 3 9
22 0 5
8 11 10
10 13 7
15 19 3
16 20 7
20 23 4
9 12 2
0 3 4
21 0 2
3 7 2
10 13 4
10 11 9
4 6 4
2 6 2
3 7 10
9 12 8
13 15 10
11 14 6
17 20 9
11 13 10
14 17 6
6 9 3
18 22 9
16 18 2
4 5 11
10 13 10
15 17 10
1 4 6
2 5 1
16 19 5
3 6 5
6 9 8
6 9 2
9 12 4
13 15 10
11 13 6
3 5 4
17 20 4
12 14 11
2 5 11
10 11 9
15 18 10
6 8 8
12 15 1
4 8 5
14 17 11
6 8 2
6 10 6
17 20 2
20 0 2
14 16 1
13 17 1
0 2 10
17 21 5
3 4 7
15 18 1
5 6 7
20 23 3
5 9 7
20 23 8
20 0 6
23 1 5
19 0 10
15 16 7
6 8 4
20 23 7
5 8 10
8 11 3
20 1 11
4 8 1
17 19 7
13 16 4
12 16 8
15 18 7
10 11 11
20 0 5
11 14 7
1 5 11
17 21 3
15 19 3
1 5 3
14 17 11
12 14 3
2 4 1
23 2 1
4 5 2
6 8 8
4 7 1
14 17 2
22 1 7
12 15 10
18 21 10
4 8 11
19 23 8
17 20 3
1 6 1
6 8 8
20 0 5
23 2 6
3 6 11
17 20 9
0 4 11
18 22 1
17 21 4
23 1 10
1 2 11
23 2 1
12 16 5
14 17 7
22 0 6
23 4 4
7 11 11
4 8 2
3 6 3
20 22 11
15 19 7
11 13 8
9 11 6
2 4 3
10 14 10
3 8 11
19 21 7
23 3 6
2 6 6
8 11 6
8 10 2
6 9 2
18 21 8
10 13 9
8 11 8
13 16 1
15 19 11
17 21 8
22 1 5
17 19 4
8 12 5
15 18 6
16 21 2
8 12 10
12 16 2
18 20 1
5 8 1
21 23 6
9 14 1
12 14 3
16 18 10
4 8 9
3 6 11
20 0 8
6 7 8
21 0 2
8 12 11
4 6 8
18 21 5
8 11 7
0 3 6
14 17 1
13 15 8
0 4 1
1 4 7
11 13 10
18 21 9
5 9 10
20 0 2
19 21 6
17 20 3
17 18 10
4 9 10
10 14 8
6 7 4
14 17 2
7 9 7
11 15 10
4 8 6
19 23 6
19 21 1
0 2 9
10 13 2
12 16 5
3 7 4
16 19 5
20 22 1
9 11 8
22 2 11
19 22 11
15 16 3
18 21 2
5 7 10
1 3 7
17 20 10
19 22 8
15 19 2
20 20 2
23 3 5
16 19 11
14 18 6
23 3 8
16 18 11
19 22 1
20 0 7
22 1 10
1 3 7
21 1 5
20 23 3
6 7 8
8 11 4
3 5 7
4 7 4
10 12 8
7 9 11
8 12 8
0 2 8
4 8 11
5 7 2
5 7 5
22 0 4
22 0 8
11 12 10
9 13 8
2 4 5
9 13 2
23 2 10
0 3 8
12 14 6
5 8 11
20 0 11
9 11 9
14 18 11
10 13 6
23 2 4
18 23 9
16 20 9
15 18 7
9 10 6
13 16 9
20 0 6
2 5 10
5 8 10
21 1 9
17 20 9
20 23 10
9 11 3
11 14 8
14 17 2
20 22 7
18 22 6
17 20 3
5 7 11
4 7 6
2 4 6
8 13 6
18 22 9
15 16 6
1 2 11
1 3 3
19 22 4
6 9 11
3 5 7
3 7 10
15 18 7
1 3 3
20 22 1
20 0 3
23 2 11
13 17 6
8 12 6
17 19 9
17 19 8
11 14 5
22 1 10
4 7 5
18 23 8
7 9 2
13 17 11
15 17 8
0 4 7
12 13 8
8 12 11
12 15 8
14 16 11
8 11 9
1 4 6
19 21 6
23 1 5
13 15 2
19 20 7
22 0 8
5 8 4
7 9 4
6 8 1
17 21 9
2 5 1
19 21 10
18 21 2
5 7 9
23 3 7
22 0 9
14 16 6
14 17 9
5 9 4
3 4 7
22 1 5
7 10 5
0 3 10
0 3 3
12 14 9
2 6 2
18 21 3
10 14 4
11 15 1
23 3 6
6 9 5
17 22 9
3 7 2
23 2 7
11 16 5
1 5 7
1 6 6
4 8 11
14 17 8
11 14 10
2 4 1
22 1 8
20 22 8
11 12 3
17 20 9
5 9 1
17 19 7
13 19 10
18 20 5
13 15 4
7 10 4
4 4 9
5 8 4
5 8 8
20 1 9
11 14 4
17 20 9
3 5 11
3 7 3
2 4 9
15 17 3
3 7 9
17 20 3
19 21 10
4 8 4
13 16 6
19 22 1
1 3 10
21 22 1
11 15 3
16 17 6
23 3 11
19 22 11
12 15 11
3 7 7
11 14 4
23 2 4
13 17 10
9 12 4
16 20 3
4 6 3
17 21 10
2 3 3
21 0 2
9 12 7
19 23 3
7 10 7
12 15 11
17 20 6
7 10 7
11 15 1
13 14 3
5 8 3
22 3 5
0 4 11
16 17 9
10 13 6
12 16 2
13 18 10
17 18 3
19 21 1
4 9 4
3 6 7
6 8 4
1 4 2
5 8 11
16 20 8
15 18 10
16 20 8
5 8 2
9 12 11
15 18 4
12 14 2
15 20 9
15 18 8
17 23 4
19 21 7
8 13 6
18 21 9
22 2 11
6 9 6
10 13 8
19 23 5
23 5 11
19 23 10
23 2 7
20 23 1
21 23 1
2 4 3
3 7 9
10 14 6
0 3 11
5 8 8
21 0 9
10 13 11
16 18 2
6 9 5
0 3 2
19 21 3
10 12 9
7 10 9
6 9 8
10 14 6
16 19 4
8 11 10
4 7 6
4 9 6
10 13 4
16 19 3
9 13 11
5 9 1
8 11 5
0 1 6
22 1 3
16 18 9
1 3 6
7 12 2
23 2 7
11 15 7
22 2 11
15 16 7
20 21 2
3 6 9
17 19 11
5 8 7
14 17 7
0 3 5
10 12 2
22 1 4
16 18 8
0 2 6
22 1 11
5 8 1
16 20 11
12 15 10
2 4 6
22 2 11
0 4 6
0 3 1
15 17 9
7 9 1
7 10 4
16 19 7
1 5 4
17 20 10
3 7 5
3 5 7
3 7 10
4 7 10
21 0 11
20 22 10
19 22 1
15 18 11
13 17 4
21 0 5
23 2 7
0 4 4
10 13 7
20 22 8
19 23 1
17 21 3
3 6 1
5 9 9
11 14 1
22 2 5
13 16 4
19 22 6
16 19 2
0 5 4
13 16 1
21 1 7
13 17 8
18 20 10
0 4 5
18 19 1
13 16 9
12 16 6
5 8 6
6 9 7
0 1 3
5 8 4
4 7 4
13 16 8
17 20 5
6 9 6
20 0 7
4 7 5
18 22 1
6 9 3
22 1 9
17 23 1
18 22 11
20 22 10
8 12 4
0 4 5
11 15 1
22 1 3
5 8 10
6 8 6
13 14 8
5 9 11
2 4 2
6 9 4
11 14 3
4 7 2
12 13 3
6 9 3
2 6 1
16 19 1
14 19 7
21 0 10
8 10 9
16 19 2
6 9 1
0 1 3
18 20 10
