2050 18
5 10 6 9 3 1 3 6 8 6 9 10 5 2 6 8 1 8 
21 23 1
12 14 17
2 4 8
5 8 4
7 10 11
17 22 1
20 23 16
19 0 17
3 5 12
1 5 11
6 9 5
20 23 10
13 16 6
4 7 4
15 19 6
15 19 6
14 17 15
23 1 5
20 23 17
21 0 17
15 18 11
20 23 5
11 12 15
6 9 2
18 21 5
18 20 5
6 9 17
8 13 1
22 1 5
12 16 17
11 13 1
13 17 3
18 19 13
21 0 14
14 16 2
16 19 11
21 23 1
20 23 9
21 23 4
0 1 13
23 0 7
10 13 16
9 12 2
17 21 2
16 20 6
16 21 11
19 22 5
11 16 7
18 21 13
3 3 3
2 6 8
16 19 7
4 7 10
1 4 9
2 5 14
22 1 13
20 0 9
14 16 13
17 20 11
9 11 4
5 9 14
21 23 2
7 9 18
11 11 7
20 23 4
17 19 1
8 11 11
15 18 7
2 3 13
0 3 8
2 4 8
5 7 18
1 3 15
4 7 16
0 4 14
21 1 2
19 22 16
10 12 13
8 10 6
7 10 17
5 9 14
15 18 12
11 12 9
7 12 10
2 5 5
16 18 8
10 15 14
9 12 8
2 5 15
7 8 12
8 11 8
19 21 12
3 8 3
13 18 17
17 19 11
3 5 9
12 16 2
11 15 14
8 12 12
11 15 1
3 5 9
23 2 8
7 11 9
8 12 4
9 12 3
0 3 6
5 10 7
7 10 9
7 10 11
11 13 16
23 3 4
18 21 2
22 2 2
11 13 16
11 14 16
5 7 5
13 18 17
23 3 14
12 15 4
19 21 2
9 12 13
5 6 2
15 18 10
20 23 15
17 21 18
1 6 10
14 17 1
11 13 1
6 8 17
21 0 5
16 20 13
3 6 16
8 12 3
18 21 8
6 10 10
23 2 7
0 3 10
16 19 16
15 18 12
10 12 8
15 17 14
21 23 1
17 18 18
18 22 5
17 20 15
6 8 8
9 11 7
16 20 6
1 4 9
23 2 12
18 20 18
0 2 18
22 1 15
12 13 3
13 17 17
0 2 12
10 14 13
20 0 13
8 10 1
13 18 11
18 22 15
23 1 14
17 21 7
7 10 12
19 20 10
22 22 6
2 4 10
8 11 12
21 1 6
23 0 15
8 11 3
13 15 11
8 10 17
16 18 2
20 23 4
7 10 3
17 21 9
11 14 1
19 22 11
16 19 11
16 19 16
2 4 16
4 7 8
10 13 12
21 23 12
4 6 5
7 11 10
20 23 14
9 12 14
5 7 17
10 13 13
5 8 17
14 16 10
9 12 10
4 9 12
5 7 16
15 18 16
6 8 13
15 19 11
4 8 7
0 3 13
9 11 7
17 22 15
1 5 4
16 20 3
6 10 3
13 14 7
7 9 6
1 4 1
16 19 3
23 1 7
18 21 4
3 5 6
7 10 3
10 13 16
8 9 2
15 18 18
1 5 15
22 1 16
15 17 8
23 2 11
14 16 9
6 8 15
22 1 1
21 0 1
13 17 16
14 18 15
3 5 9
6 10 7
19 23 12
15 18 9
22 3 3
2 6 11
18 21 3
22 1 6
13 17 7
19 21 8
15 19 8
4 6 17
0 2 9
19 22 3
22 0 6
13 16 3
17 20 1
10 13 6
19 21 15
4 7 8
12 15 16
13 16 6
10 12 3
4 6 5
20 0 13
8 10 4
22 2 11
0 4 13
8 9 4
12 14 17
23 1 2
18 20 2
5 8 10
11 15 9
9 12 7
15 17 10
19 22 5
8 11 9
17 22 13
22 1 17
16 17 15
23 2 18
7 10 5
23 1 4
6 8 2
0 4 4
1 3 5
4 7 18
2 5 10
1 4 17
19 22 14
10 15 14
5 7 6
0 4 5
13 16 12
2 6 16
2 7 17
23 1 2
0 3 10
20 23 2
0 5 15
3 5 17
11 14 4
19 22 6
8 12 18
21 22 10
22 0 17
5 8 16
21 1 8
17 21 4
17 20 4
8 12 17
12 15 14
11 14 10
19 23 1
15 18 7
11 15 12
17 19 15
23 2 13
0 2 5
1 4 11
11 15 7
6 9 3
14 17 7
17 20 1
13 15 18
15 19 16
1 4 12
15 18 17
17 20 16
21 23 1
7 10 8
7 10 18
21 0 11
22 1 10
7 8 16
20 22 8
15 19 18
23 3 12
8 10 16
18 23 6
6 9 4
11 15 2
17 20 12
11 13 8
4 5 16
22 2 18
1 4 17
5 8 6
23 2 17
7 10 3
7 9 17
8 11 13
16 19 11
20 23 10
21 0 2
20 23 8
2 5 3
11 14 1
23 2 7
21 0 9
2 4 10
18 22 5
20 22 1
19 22 1
17 19 8
6 11 13
19 0 18
22 0 5
9 12 3
11 14 2
23 3 14
12 16 12
5 7 9
7 10 13
9 12 8
3 5 9
11 14 4
18 21 16
15 19 2
10 11 13
19 20 6
11 15 3
1 4 9
0 3 11
8 12 18
13 18 16
7 12 9
18 21 13
5 7 1
22 1 3
12 16 3
22 0 16
12 16 2
18 21 1
4 8 17
13 17 12
21 23 12
12 15 4
10 15 1
11 15 18
16 18 16
5 7 7
23 3 16
9 13 16
2 6 13
11 12 14
7 10 6
2 5 16
15 18 14
2 2 9
5 7 4
20 23 9
12 15 2
17 21 9
18 22 18
2 4 12
4 7 9
11 15 15
7 9 16
3 4 1
23 3 5
3 7 14
22 0 7
13 15 5
23 2 14
15 17 16
23 1 3
2 5 1
12 15 10
6 8 11
1 4 7
20 22 6
10 13 5
1 4 12
1 5 3
5 7 7
4 8 4
16 19 12
22 0 14
17 21 14
18 22 18
5 9 16
8 13 2
18 21 17
19 22 16
14 17 5
4 9 5
4 8 3
15 18 12
6 9 3
20 22 10
10 14 2
17 20 13
16 19 3
10 15 6
17 18 8
14 16 17
11 14 14
5 8 13
14 19 18
15 16 2
3 7 17
0 4 11
17 21 9
11 15 7
15 17 15
17 19 13
21 23 1
16 19 17
5 7 12
3 6 6
3 7 13
5 8 17
10 13 6
1 3 14
6 9 1
20 23 14
1 3 12
14 16 11
14 17 1
6 6 6
5 5 11
12 14 14
15 18 7
1 2 18
3 6 9
11 14 9
0 5 3
9 13 12
23 0 13
14 15 1
22 1 6
19 22 17
9 13 16
18 22 18
5 6 11
7 10 7
0 5 4
21 23 4
4 6 15
7 9 18
5 7 12
6 8 5
10 14 17
20 22 9
11 13 5
13 15 14
5 7 9
9 10 3
23 1 10
14 14 17
11 15 2
19 22 11
9 11 2
9 12 6
15 19 16
22 1 9
13 17 13
1 4 2
20 22 18
1 3 14
18 22 5
15 18 5
0 4 17
14 19 10
19 21 2
6 9 13
6 10 8
21 2 9
21 0 11
14 17 4
11 14 5
8 11 17
10 13 7
1 4 5
16 18 3
15 17 5
5 9 10
21 0 13
0 2 12
11 13 12
22 1 14
22 0 8
10 14 13
13 15 9
10 15 7
0 3 18
8 11 12
11 14 12
11 14 4
2 5 9
3 6 7
12 15 10
0 4 2
20 23 16
4 7 15
4 8 14
12 15 4
22 3 15
12 14 3
21 0 5
4 6 15
5 9 15
22 3 7
20 23 10
4 6 11
9 12 9
1 3 8
23 1 13
21 1 9
14 16 1
17 19 2
18 0 15
19 22 6
14 18 1
9 13 3
8 12 14
21 23 9
18 21 9
19 23 3
2 5 17
7 10 13
3 7 1
16 19 12
19 20 4
1 3 5
13 14 2
13 16 5
4 8 7
18 20 4
0 3 2
5 7 13
7 9 7
2 5 17
10 13 16
14 16 13
15 18 15
12 14 13
15 18 1
2 5 5
11 13 18
21 1 4
20 23 15
22 3 13
4 7 18
10 12 1
2 5 8
3 7 2
3 6 6
11 13 2
15 17 13
1 5 9
14 17 13
3 8 15
11 13 11
4 9 16
6 12 3
8 10 16
16 21 10
20 22 16
10 13 9
5 8 13
9 12 8
3 5 10
20 1 17
8 9 12
0 4 15
12 15 12
11 15 9
23 1 11
5 9 12
0 3 16
18 22 16
0 4 18
0 3 4
16 19 12
12 15 16
11 14 13
10 13 3
11 13 13
4 6 10
4 7 8
5 8 10
22 2 12
15 18 15
6 9 7
2 6 12
9 12 16
23 1 4
3 5 10
0 2 12
8 12 5
4 5 9
14 17 17
0 5 13
5 6 2
1 6 5
18 23 11
17 20 12
2 5 17
5 6 5
23 1 1
1 4 11
18 21 13
6 8 17
19 22 6
5 10 5
8 11 14
23 2 2
20 23 12
21 0 12
15 17 13
14 15 15
13 16 9
14 17 3
1 4 15
15 19 16
22 0 17
20 23 8
16 20 11
1 2 3
11 14 16
4 8 16
0 2 17
1 3 9
7 12 12
17 19 4
21 0 4
18 21 6
15 17 16
18 21 15
15 18 2
10 13 8
18 21 6
16 20 9
7 9 14
4 6 9
8 10 15
5 8 17
16 18 4
14 18 6
19 23 17
1 4 17
11 13 9
19 21 16
5 8 15
4 8 18
4 9 13
4 6 5
7 11 8
0 3 6
13 16 14
0 6 11
12 14 11
13 16 8
19 21 6
21 1 16
13 17 13
13 16 2
23 3 13
5 9 1
23 0 2
6 9 10
13 17 8
3 5 17
21 2 3
6 6 1
22 1 6
3 7 10
19 23 12
2 5 7
18 20 5
4 8 1
17 20 3
6 8 1
12 15 16
17 19 17
20 0 8
19 23 5
20 0 16
7 9 6
10 12 5
22 0 3
15 19 12
7 10 18
21 0 1
18 20 18
11 13 4
2 4 18
3 5 13
20 1 11
7 10 14
20 23 1
22 1 18
23 0 1
13 16 7
22 2 7
9 12 7
6 10 6
0 2 4
19 22 10
20 23 9
12 15 18
15 19 3
1 4 7
23 2 12
16 19 8
16 20 18
23 1 3
14 15 8
7 10 9
8 11 14
12 15 2
23 3 3
9 12 13
21 22 1
13 17 18
4 5 14
10 13 1
19 21 3
4 6 9
20 21 8
4 7 6
5 8 11
13 17 17
20 0 9
22 4 10
7 11 12
4 8 1
12 14 6
20 23 17
7 10 15
8 10 15
16 17 18
9 12 15
8 10 17
7 9 14
12 14 11
4 7 2
12 12 1
15 17 8
19 22 13
22 1 15
3 6 17
13 16 5
4 7 7
3 4 7
15 19 8
17 20 8
1 4 5
9 11 7
15 17 7
15 18 15
5 7 11
9 11 14
6 9 3
6 10 4
10 11 10
5 10 7
21 1 15
1 5 14
23 2 17
8 9 2
19 22 17
14 16 17
2 4 6
12 17 2
2 4 14
6 8 15
13 18 18
17 20 18
9 10 6
4 8 15
22 23 10
11 11 1
8 10 6
12 15 1
12 14 3
3 6 18
1 5 6
0 5 2
9 12 2
14 17 15
12 15 17
5 9 9
9 12 2
19 22 6
15 20 8
10 13 18
21 0 2
21 0 6
17 20 7
23 2 2
4 7 16
13 16 10
17 19 5
16 19 9
20 23 17
18 21 9
14 15 1
6 9 17
6 10 15
17 21 16
8 13 14
8 11 4
3 5 4
23 3 17
17 20 14
12 15 11
16 19 14
12 16 5
23 2 12
5 8 14
8 10 1
15 17 6
0 4 5
2 5 7
12 16 14
11 15 7
21 23 5
2 4 6
17 20 1
17 20 10
9 10 1
21 0 8
22 3 13
2 5 4
20 0 1
2 5 8
17 21 10
9 12 14
16 17 8
14 17 5
0 3 3
12 14 1
6 8 16
6 9 8
23 2 9
7 9 4
11 13 17
15 19 18
7 9 14
23 3 5
14 17 3
12 14 7
3 6 10
21 0 3
16 20 15
4 7 11
6 9 10
13 16 4
7 8 12
3 6 15
15 18 2
15 19 16
8 11 16
4 8 11
1 4 4
9 13 9
13 17 14
14 19 8
6 9 14
12 15 11
16 18 5
12 14 10
13 16 15
13 16 17
13 16 14
3 7 1
5 9 4
0 3 10
7 9 12
4 7 5
1 3 9
23 3 17
14 18 8
9 13 16
0 2 15
14 17 17
0 4 14
22 2 17
17 19 16
20 23 17
13 15 18
5 9 18
6 7 16
8 11 13
7 10 4
14 19 6
1 4 2
12 16 2
3 8 2
7 11 6
2 5 13
22 2 1
13 16 2
18 21 11
16 21 13
12 14 13
22 1 5
16 20 4
11 13 17
6 10 10
16 19 10
15 18 10
16 18 3
3 6 6
4 8 17
4 7 16
13 17 3
15 19 2
18 21 15
15 19 10
11 15 1
23 1 14
13 13 11
12 16 13
14 18 13
21 1 17
23 3 9
9 13 1
17 20 3
1 2 3
9 12 3
16 20 8
18 22 11
14 16 14
19 22 5
17 19 3
12 17 16
22 23 5
20 23 11
12 13 16
5 8 14
1 4 11
1 5 6
8 12 6
8 11 17
2 5 1
6 8 6
14 18 16
9 13 1
15 18 13
8 12 11
10 13 4
15 18 15
15 19 10
12 14 16
3 7 16
20 0 11
10 13 1
2 7 9
1 6 12
18 21 1
4 9 5
17 22 7
0 3 5
12 15 5
15 20 12
19 19 5
5 9 8
23 2 14
22 2 3
1 4 1
0 3 9
6 9 2
8 10 7
23 3 8
18 19 15
20 23 5
13 17 17
11 14 15
3 6 4
21 0 1
5 9 18
0 4 15
14 14 7
1 2 18
4 6 11
2 4 14
23 3 5
17 18 1
19 22 1
12 15 3
2 4 1
14 17 16
5 6 18
23 1 13
8 11 15
1 3 2
20 23 4
14 17 16
18 22 1
13 15 13
8 11 1
14 17 10
20 22 17
3 7 18
19 22 15
16 19 12
2 4 5
12 15 12
15 19 9
21 23 18
13 15 1
16 19 18
1 4 3
19 22 11
14 18 14
16 18 13
19 23 11
1 3 14
3 7 12
22 2 17
20 0 6
3 6 17
12 16 16
0 3 15
4 5 4
15 17 5
14 17 16
3 7 17
19 22 1
12 16 17
22 1 1
23 3 5
2 5 10
11 15 16
18 22 11
2 5 15
7 10 12
5 9 9
10 14 9
14 16 8
22 1 17
20 21 1
21 23 14
18 21 9
15 16 3
12 17 4
12 13 9
20 0 1
21 1 11
0 2 1
5 8 3
11 15 10
5 8 1
5 7 9
1 5 9
7 10 18
15 18 18
3 5 14
18 22 11
2 5 3
21 1 9
23 2 9
21 0 5
6 9 4
3 6 3
6 9 14
22 23 13
18 21 3
5 7 8
10 13 5
6 9 3
12 15 5
1 3 4
9 12 3
17 21 18
21 1 11
9 10 6
8 12 18
6 10 16
9 12 9
6 12 18
9 12 12
15 18 7
3 7 12
18 21 10
19 22 11
19 0 14
22 1 2
10 13 6
16 20 16
0 3 18
14 17 5
12 14 14
9 11 17
1 5 5
2 6 17
22 0 18
17 20 1
2 6 10
20 22 4
5 8 16
12 13 11
4 7 18
9 11 2
5 7 14
18 21 8
5 10 14
4 8 1
10 13 15
23 2 1
2 5 11
4 7 16
10 12 2
15 19 11
0 2 9
14 17 16
16 19 1
10 13 3
16 18 13
8 10 3
11 15 5
18 20 12
4 5 10
6 11 16
17 19 15
9 13 2
15 18 16
17 21 14
6 11 12
18 20 9
6 10 9
1 4 8
15 19 15
21 23 13
4 6 7
1 4 5
0 3 4
0 4 6
22 2 5
18 21 15
4 6 18
1 3 2
8 11 14
3 5 17
13 15 8
6 9 8
13 15 18
10 13 14
19 21 10
13 16 4
12 13 8
22 2 4
18 22 15
9 13 16
4 8 17
17 22 16
12 14 11
16 19 8
13 17 14
1 3 4
12 15 12
4 7 16
22 23 17
1 4 9
21 23 9
20 23 2
18 22 16
4 6 8
20 1 13
8 12 10
21 23 4
1 3 10
18 23 9
20 0 2
23 3 8
11 12 12
15 19 16
12 14 1
13 17 4
22 2 7
11 15 8
5 10 11
1 5 6
14 16 9
3 5 6
5 9 11
22 1 7
22 1 15
6 10 7
16 18 14
18 20 15
22 2 11
22 2 9
8 9 5
2 6 7
17 19 7
4 8 18
0 5 13
16 19 18
17 20 5
14 18 1
12 16 8
20 22 6
8 13 12
18 21 14
23 3 1
13 15 10
16 20 12
20 22 12
16 19 16
23 2 18
0 1 10
1 5 13
11 15 4
6 9 17
18 21 8
16 20 13
1 3 13
22 2 18
12 16 16
20 0 14
13 17 3
20 21 11
0 4 4
15 19 17
1 5 7
2 6 14
6 8 11
7 10 3
21 0 2
9 14 8
12 15 5
3 6 10
1 3 13
9 11 1
4 9 8
16 19 9
3 6 17
2 5 2
5 7 12
8 12 1
1 5 4
9 12 18
18 20 7
23 0 1
7 8 8
4 8 5
6 6 17
22 0 15
0 3 15
17 20 16
7 9 13
9 11 11
4 6 11
20 22 14
12 14 6
7 10 4
22 2 8
10 11 5
23 2 12
22 1 11
14 17 2
3 5 9
2 6 10
1 4 15
15 17 4
7 9 9
6 10 18
21 1 8
10 12 12
13 18 8
15 17 1
6 8 5
2 6 2
20 22 18
5 7 1
4 8 12
5 9 18
23 1 7
16 20 11
19 23 18
15 19 15
20 0 8
6 9 14
2 8 11
22 0 10
17 21 3
13 17 5
9 11 14
7 10 4
15 17 2
12 16 7
18 20 16
1 4 17
19 23 10
10 13 18
12 15 6
7 8 12
21 0 5
17 19 1
19 22 14
9 11 10
20 23 1
15 17 1
5 9 13
12 15 3
3 7 16
0 2 14
16 19 11
22 2 3
7 10 5
6 9 13
5 8 13
15 17 11
20 23 2
14 17 17
23 3 17
6 9 12
12 14 11
13 15 1
21 0 9
1 4 6
22 2 10
19 21 3
13 16 4
20 22 16
4 7 13
5 9 11
23 2 17
14 16 1
23 1 18
22 23 7
0 2 8
8 12 2
12 16 16
16 20 7
8 10 6
13 18 13
23 2 14
18 21 2
17 18 6
20 0 10
2 6 4
13 18 13
19 22 3
17 20 8
0 3 14
17 22 13
9 12 5
23 1 8
16 19 7
18 21 14
2 5 6
12 15 12
23 1 10
22 1 5
5 7 17
0 4 7
20 22 5
7 12 11
19 22 15
8 10 11
18 21 8
4 7 10
22 2 2
10 14 5
11 14 1
22 0 10
17 20 3
10 13 3
17 21 1
18 22 6
23 3 18
2 4 14
3 7 5
0 3 13
6 9 16
11 13 3
19 20 17
22 1 5
5 8 18
10 13 13
1 5 12
16 20 18
23 2 8
4 9 1
23 2 4
6 8 12
4 8 4
14 15 15
9 13 11
22 2 10
22 3 8
5 8 9
7 9 15
15 19 4
17 20 9
5 9 10
14 16 3
13 16 15
12 15 1
17 21 4
10 13 14
16 21 3
4 5 14
6 10 6
22 2 13
14 18 9
21 23 14
0 3 16
18 21 5
0 0 7
2 4 5
8 11 5
19 21 10
7 10 18
11 15 11
12 16 14
23 3 8
20 23 14
3 5 9
21 22 13
14 17 12
3 6 14
2 6 5
10 11 2
11 15 11
2 4 18
15 19 14
23 1 16
19 22 9
17 22 7
22 0 6
10 15 7
12 15 10
22 2 18
16 19 7
10 14 11
6 10 11
23 3 10
9 12 16
12 14 2
12 14 3
18 23 16
17 20 12
16 18 18
7 10 6
0 3 11
21 0 3
22 0 10
4 8 2
1 5 7
10 13 3
22 0 17
1 5 9
3 7 14
5 8 2
2 4 16
14 17 12
11 14 15
9 13 1
15 20 16
14 18 17
14 18 2
19 22 1
16 17 16
4 8 10
3 8 13
23 2 6
13 18 9
11 14 17
13 13 13
3 6 13
19 23 7
16 18 4
22 2 13
1 5 6
1 3 18
18 21 5
5 7 5
8 10 16
12 15 11
18 20 17
6 10 11
14 17 1
16 21 8
12 17 14
12 15 8
19 22 11
16 18 18
20 23 7
20 23 11
9 13 2
15 19 7
14 18 2
18 20 2
0 3 17
1 3 13
8 12 2
16 18 12
22 3 3
18 21 9
8 10 11
19 22 12
8 11 3
7 11 11
10 12 10
10 12 2
8 12 4
16 18 11
17 20 13
8 9 17
7 10 6
6 9 1
16 19 17
2 4 5
21 23 10
2 7 2
12 15 12
15 16 10
8 11 5
23 0 1
23 2 10
11 16 10
22 3 11
16 19 16
19 22 14
20 22 7
19 19 13
6 9 4
22 23 5
13 17 5
18 22 2
19 23 14
3 5 16
14 17 8
13 15 13
12 17 14
4 6 17
15 17 7
12 16 14
9 11 6
23 2 9
17 20 11
6 9 14
16 19 18
20 23 15
19 23 9
8 11 4
2 4 18
23 4 12
11 15 18
0 2 3
3 5 8
11 14 14
22 0 4
4 7 11
20 0 17
7 11 17
11 13 15
14 17 9
12 15 5
7 12 8
18 22 18
21 0 9
16 17 7
21 0 3
11 15 6
22 1 18
20 0 8
3 6 10
15 18 14
2 4 18
7 10 8
17 20 9
4 9 17
9 12 2
23 2 5
8 12 7
2 4 3
16 20 1
22 0 2
23 1 4
22 0 16
13 16 1
16 18 17
16 17 18
13 16 13
3 8 10
13 16 3
17 19 12
10 12 10
19 22 10
9 12 6
23 2 1
15 17 9
5 8 16
6 11 9
5 7 10
22 2 10
22 0 9
21 23 13
12 14 14
15 19 12
5 8 15
14 16 14
15 18 6
20 22 13
3 6 6
17 22 11
1 3 1
13 16 8
13 17 16
15 18 13
0 4 1
15 16 3
9 13 1
6 10 11
17 19 2
12 17 17
5 8 16
10 14 17
23 1 11
9 11 13
18 19 2
4 7 9
16 20 8
2 4 4
17 21 18
1 5 1
2 4 4
16 19 7
18 22 14
7 11 5
14 17 13
1 4 13
5 9 1
6 8 4
4 8 16
2 6 15
6 8 16
1 5 5
7 9 1
14 16 16
3 6 7
0 3 10
2 7 2
16 20 13
7 10 8
15 18 1
13 17 18
3 7 7
20 22 15
14 17 7
23 4 17
8 11 12
10 13 7
12 15 5
19 21 6
9 13 8
21 23 1
18 20 11
7 10 1
18 20 6
12 15 18
0 4 12
16 19 18
11 14 11
20 21 3
3 7 6
4 6 7
3 6 11
3 5 9
18 21 1
21 0 14
0 4 17
6 8 2
2 5 14
14 17 13
0 3 18
0 2 10
21 1 5
12 15 12
17 19 2
13 16 7
14 17 4
22 2 8
9 11 13
0 2 5
20 0 1
4 8 9
23 1 4
19 21 4
17 18 12
1 4 15
21 22 5
3 6 11
13 15 3
6 7 16
17 20 4
21 0 7
3 7 5
19 20 10
19 23 4
1 3 16
8 9 7
4 9 14
8 11 15
6 8 6
18 20 17
6 9 11
13 16 15
19 22 9
11 14 2
17 20 11
18 22 11
8 11 12
23 2 12
19 20 16
12 16 12
14 18 7
12 14 17
13 17 13
20 22 9
14 18 7
19 23 16
22 0 7
4 8 6
3 4 4
2 4 9
3 6 15
17 22 3
10 14 2
15 18 18
9 13 2
1 2 17
9 13 18
12 15 4
5 8 11
0 2 17
17 21 10
10 12 10
16 19 15
19 23 6
3 5 18
19 21 6
18 21 11
19 0 4
17 19 6
10 13 17
16 21 7
0 5 5
19 22 11
7 10 9
23 2 8
0 3 15
7 11 13
11 15 14
22 23 3
4 7 3
7 11 6
16 19 6
10 15 1
21 0 17
8 10 12
20 23 3
5 9 13
7 10 17
21 0 12
19 22 11
10 13 8
18 21 15
13 16 1
2 5 14
17 19 2
19 22 1
13 16 11
0 3 12
5 7 18
16 19 14
16 20 14
11 14 2
2 3 11
17 19 13
15 17 8
20 23 11
20 23 10
14 17 9
4 8 18
2 5 15
18 20 5
2 5 16
6 9 9
7 9 15
19 21 14
15 18 15
15 19 11
0 4 18
12 15 3
16 19 1
14 17 11
9 13 5
10 12 1
16 20 17
23 0 13
15 19 10
20 22 6
15 17 12
6 9 5
11 13 1
5 8 6
22 23 6
10 15 9
9 13 14
1 4 15
9 12 16
20 0 16
2 5 16
16 18 16
7 9 16
2 4 6
18 20 10
10 14 15
19 21 8
0 2 7
5 7 6
3 6 16
19 22 2
21 0 13
2 5 6
7 10 18
8 9 4
23 3 5
6 7 6
2 4 5
22 0 4
1 3 9
11 15 5
12 15 13
6 9 7
4 5 3
9 12 12
20 0 14
5 8 7
16 18 12
23 2 9
3 5 16
6 8 16
17 20 12
7 10 2
8 11 5
7 10 7
19 21 11
11 12 10
6 9 3
15 16 15
14 17 5
19 21 11
12 15 8
4 6 12
0 4 13
18 22 5
11 17 3
3 4 9
3 7 6
8 11 10
9 11 12
13 16 5
2 5 17
20 1 13
1 3 6
1 3 3
20 0 3
18 19 9
9 12 14
14 16 2
9 12 15
1 4 11
0 4 4
18 22 14
11 15 3
9 11 13
19 23 5
9 11 13
23 1 5
10 13 9
5 8 9
23 2 16
21 1 8
4 8 3
13 13 12
10 13 6
23 2 16
10 14 4
22 2 15
0 3 13
5 9 1
15 20 15
4 6 7
14 17 5
5 9 4
23 2 15
16 20 2
19 21 2
23 2 13
8 10 8
3 5 11
11 15 15
9 11 4
17 19 3
3 7 3
11 15 17
13 15 9
12 14 3
1 3 18
12 17 3
9 11 5
9 11 9
1 5 6
14 17 2
7 12 18
8 12 3
9 12 6
20 23 3
1 4 6
4 7 2
9 13 17
4 6 3
15 17 8
13 17 3
5 7 16
12 17 5
22 1 14
8 11 6
15 19 9
0 3 7
18 22 14
18 21 3
12 15 18
9 11 5
2 6 17
6 9 16
4 6 3
0 2 6
22 3 10
3 5 12
0 4 7
21 2 8
13 14 2
6 9 7
20 0 5
14 19 14
0 5 14
18 21 14
1 2 16
17 19 8
15 16 6
8 10 6
2 4 5
11 15 16
13 16 2
23 3 18
1 6 3
23 2 11
0 4 12
20 23 10
1 5 2
9 12 6
19 23 3
12 15 12
20 0 4
19 23 12
16 19 5
16 19 7
5 8 7
7 9 3
21 1 14
10 12 8
15 18 18
4 8 8
8 12 11
1 5 13
8 11 9
1 4 18
6 8 5
1 5 16
13 17 6
4 8 18
22 2 7
5 5 10
21 1 10
23 3 1
9 11 10
5 7 6
16 18 10
7 10 15
16 19 13
10 13 1
3 6 4
10 12 11
19 22 7
0 3 6
0 4 15
2 4 16
23 2 2
13 17 17
5 6 2
1 3 7
