1150 19
10 8 10 3 8 1 10 8 10 3 10 9 7 2 3 8 4 8 7 
0 3 17
13 17 19
8 10 14
11 13 1
17 21 6
8 12 11
9 12 9
23 2 19
6 10 5
20 1 11
20 0 10
19 23 8
4 7 8
17 18 8
4 6 16
21 23 3
11 15 2
11 15 15
23 3 1
14 15 8
8 11 17
18 21 14
22 0 7
23 2 5
1 5 2
9 12 3
1 6 5
10 15 3
3 4 16
15 19 1
9 13 18
10 13 13
18 23 4
8 12 1
8 12 2
12 16 7
1 4 1
20 22 11
8 10 14
21 0 18
12 15 12
11 14 12
12 14 6
11 14 17
7 10 16
22 1 4
10 12 11
14 17 6
1 4 3
6 8 11
3 7 16
17 21 6
16 20 14
6 8 14
11 14 4
2 5 5
17 20 2
4 7 15
22 1 6
23 1 4
22 2 13
20 23 12
5 8 19
20 0 8
22 2 18
12 14 4
19 20 3
15 20 11
21 23 15
7 12 6
22 2 8
3 3 15
20 22 4
23 1 18
6 8 9
10 14 8
4 7 5
1 4 16
18 22 6
12 14 16
13 14 8
17 19 9
13 17 17
23 4 3
10 13 12
21 0 3
20 23 8
6 10 4
20 23 8
15 17 5
4 7 13
3 5 2
5 10 13
3 5 7
22 0 12
1 4 2
13 15 2
21 0 2
11 14 17
17 20 5
3 6 19
16 18 18
12 15 6
7 10 12
9 12 2
4 6 13
10 12 10
4 7 17
20 23 9
10 14 6
20 22 9
11 15 19
18 22 19
3 8 14
6 9 4
8 11 13
5 9 4
10 12 10
11 12 3
3 6 6
8 11 16
20 22 8
9 13 17
11 14 8
13 15 16
9 11 13
1 2 18
10 12 1
11 14 6
12 14 12
12 15 13
9 11 16
18 19 1
20 23 11
12 16 1
22 3 13
7 9 13
10 15 19
7 12 5
5 9 7
19 23 15
6 10 17
16 20 11
14 16 16
12 14 7
12 14 3
1 3 9
4 5 2
11 14 12
12 14 8
13 16 5
8 11 6
7 11 9
19 22 7
5 9 12
22 3 18
16 19 15
0 2 3
2 6 13
8 13 3
14 18 7
5 8 2
11 14 19
13 16 8
5 9 11
0 3 6
15 18 17
13 17 3
6 9 5
8 13 8
3 6 6
16 20 5
6 9 18
11 14 4
1 3 8
7 11 17
21 1 19
17 20 15
6 10 2
18 21 14
16 17 19
10 14 17
4 7 5
5 9 5
23 2 11
18 22 19
20 22 17
18 20 2
0 3 1
10 15 11
12 14 10
22 23 14
14 16 5
19 21 6
0 4 13
8 10 9
8 11 19
1 3 11
10 13 14
23 3 19
22 2 13
23 0 7
6 9 14
4 7 13
12 16 3
22 0 15
14 17 3
11 13 19
15 19 5
22 3 9
15 17 10
14 17 13
0 3 12
20 23 19
12 14 4
21 1 18
2 4 18
19 19 15
13 17 2
5 7 5
2 5 6
6 9 10
22 23 10
23 1 12
16 17 4
4 10 10
17 22 8
23 1 19
22 1 8
11 15 2
4 7 7
22 0 5
19 23 15
9 13 11
2 6 17
3 5 13
7 9 3
23 2 1
3 6 5
6 9 11
22 1 4
17 21 8
3 6 8
11 13 17
22 0 14
23 2 16
20 23 15
12 15 14
4 8 14
20 0 10
8 10 9
22 1 9
17 19 2
18 20 1
6 8 15
9 13 15
3 6 14
16 18 6
7 10 18
10 12 14
13 16 3
7 9 2
7 10 11
17 19 1
5 8 5
22 4 13
16 20 6
2 7 5
18 20 5
4 6 3
7 10 12
12 15 19
15 19 1
1 3 2
22 2 5
11 13 2
21 0 11
0 4 15
13 16 4
20 21 4
18 21 10
12 13 15
2 6 7
11 13 6
10 12 7
9 13 15
0 1 6
23 2 19
18 20 5
10 14 14
5 10 13
21 22 5
8 11 17
15 19 6
12 15 19
20 0 10
13 16 9
17 20 4
5 8 15
11 13 6
23 4 17
6 9 6
19 22 4
2 4 19
11 15 17
21 0 2
20 0 1
18 20 19
8 11 9
21 2 14
23 3 11
0 2 6
6 8 4
7 10 10
21 1 2
2 4 13
9 12 1
10 12 14
7 10 5
8 10 5
21 0 7
20 22 7
18 20 18
12 15 15
6 8 2
5 7 7
21 23 14
21 2 2
4 7 6
14 16 3
4 8 10
11 14 12
8 11 16
18 21 9
8 11 18
5 8 3
3 4 6
2 5 13
4 8 13
7 13 4
3 7 4
7 10 7
5 6 9
13 16 11
11 14 4
17 22 4
8 12 4
10 13 9
6 9 5
6 10 2
22 1 14
11 16 9
0 2 16
8 11 19
9 14 19
0 2 1
22 1 4
17 20 13
21 1 11
15 18 19
19 22 9
15 18 6
2 5 16
11 14 16
5 6 11
5 9 6
20 0 18
10 13 5
7 11 11
10 14 7
7 9 3
23 2 11
2 5 16
22 1 7
12 17 2
11 14 5
21 0 15
19 22 6
0 3 15
20 22 4
4 7 9
17 20 4
21 22 4
0 2 5
11 15 18
11 15 17
5 7 11
1 4 19
18 23 7
17 22 2
9 12 9
6 8 13
16 18 9
1 4 7
9 11 10
15 19 13
3 7 3
3 7 18
6 8 16
23 0 2
13 14 8
10 15 12
18 22 10
0 5 1
6 9 16
21 1 14
3 6 5
16 20 5
8 10 17
13 16 6
10 13 19
14 16 9
15 17 5
20 23 1
22 1 15
15 18 17
13 16 4
11 13 19
17 19 19
7 11 8
5 8 18
15 17 1
15 18 9
5 8 18
15 19 15
8 10 4
18 21 16
8 12 15
15 18 7
21 0 11
8 12 2
16 19 19
18 21 13
23 1 17
19 23 12
0 6 14
21 22 9
23 3 9
11 13 17
16 19 13
2 4 6
1 4 14
13 17 18
20 21 15
20 0 8
10 12 12
16 19 19
22 0 9
21 23 9
5 7 9
15 18 3
20 0 15
9 10 1
3 5 15
21 0 17
4 5 3
12 15 7
15 17 15
23 1 2
2 5 14
7 11 12
13 17 1
18 21 16
12 15 19
9 11 13
4 7 5
23 2 5
0 3 15
13 15 2
0 4 1
5 10 2
10 12 13
15 19 7
2 5 17
9 11 11
22 1 11
23 2 14
12 14 18
12 15 17
11 15 1
9 11 7
5 8 12
5 7 15
2 5 4
0 4 13
1 5 13
5 9 11
23 1 13
19 23 9
4 7 7
1 4 13
21 0 7
15 18 10
17 19 10
19 1 13
10 12 1
2 7 17
5 7 14
9 13 8
18 19 18
19 21 14
12 15 15
19 22 17
20 22 2
18 22 15
14 17 12
23 1 19
20 0 12
6 10 5
9 14 6
20 22 13
7 9 18
12 16 6
18 22 5
5 7 11
19 22 2
7 11 6
15 17 11
19 22 15
4 8 12
7 10 13
16 20 17
20 23 17
6 9 8
13 15 4
22 1 6
23 3 12
4 8 18
20 22 1
20 23 17
9 12 17
22 0 17
18 21 1
23 2 18
16 20 8
13 16 17
21 1 8
8 12 18
22 2 17
7 9 13
15 17 7
2 4 9
0 3 2
8 12 16
8 12 10
14 18 10
11 13 2
14 17 2
12 15 2
17 20 17
4 8 18
15 18 19
0 4 5
11 14 3
0 5 7
0 3 9
12 16 4
21 1 14
12 14 4
19 22 1
20 22 7
0 3 3
10 14 7
10 13 10
21 0 11
10 11 11
23 2 9
10 14 18
20 23 1
19 19 10
11 12 6
20 23 13
0 2 8
22 0 15
13 17 6
7 10 10
17 20 14
5 8 5
15 18 15
18 21 17
22 1 11
11 15 2
8 12 7
3 8 19
1 3 13
16 20 12
2 6 14
22 2 2
19 22 19
9 14 3
7 10 3
14 17 6
13 16 14
6 10 6
14 16 7
14 17 4
22 1 7
8 11 9
14 17 6
2 6 7
18 19 12
6 8 8
13 17 9
11 15 9
16 18 7
7 8 18
18 21 16
13 15 9
6 11 4
3 6 5
23 2 11
18 21 3
7 8 9
4 8 13
5 8 7
10 13 12
3 6 17
15 16 10
14 17 3
4 9 10
13 15 17
15 18 6
8 10 16
21 23 17
1 5 8
9 13 12
13 18 16
1 3 18
16 18 3
2 5 8
3 4 10
11 13 8
9 13 10
7 9 5
10 15 13
15 18 18
10 12 19
20 22 12
17 20 10
5 10 8
9 11 6
5 7 7
2 4 13
21 0 9
15 18 15
21 0 6
3 6 4
13 17 13
20 23 1
22 2 4
2 4 3
16 18 5
10 13 6
8 11 18
9 12 16
19 22 7
5 8 6
20 23 6
4 6 16
0 2 11
11 15 16
18 21 5
23 1 9
11 14 3
7 11 14
20 23 4
12 14 5
12 15 2
12 14 15
18 21 1
5 7 2
6 9 13
10 13 8
1 3 19
14 16 18
11 16 17
14 16 6
5 6 18
6 9 16
12 15 4
8 12 4
0 4 5
22 1 2
4 7 10
21 0 18
17 22 5
2 3 11
1 3 8
20 23 9
11 13 5
3 7 16
16 21 19
1 3 1
0 5 5
21 23 12
2 6 5
13 16 13
1 4 16
21 1 7
11 14 8
16 18 5
2 5 8
14 17 5
1 4 7
23 1 15
8 10 2
10 14 14
5 9 15
15 18 6
22 0 1
13 15 2
15 19 6
23 2 16
21 0 6
15 17 2
6 8 8
17 18 15
0 3 16
14 16 2
2 6 16
18 20 19
14 16 19
1 3 2
13 18 7
10 13 4
17 20 19
9 11 9
7 11 1
19 0 14
17 21 16
11 13 15
6 9 6
12 16 3
19 23 11
4 6 6
17 20 7
23 2 12
21 0 10
21 23 8
2 5 18
11 14 13
7 10 3
10 12 1
15 16 10
10 13 13
23 1 8
21 1 8
5 9 19
1 4 14
17 20 1
17 19 4
8 11 1
7 12 14
3 6 14
4 7 13
15 17 18
18 19 14
8 10 3
3 6 18
12 15 3
18 21 16
11 13 12
23 1 16
23 2 8
12 15 16
1 3 15
8 10 16
0 4 9
14 17 18
4 7 11
20 23 4
4 6 15
13 17 5
5 8 14
20 23 17
16 19 17
0 3 15
16 19 13
23 0 14
6 9 11
22 1 13
4 8 4
0 3 9
7 10 10
5 7 12
18 21 13
2 6 3
16 19 18
3 8 5
2 6 12
4 8 14
1 4 11
20 22 6
13 14 7
4 6 1
0 4 6
9 11 2
10 13 14
14 17 2
17 20 9
2 4 2
22 1 12
6 9 3
14 18 1
4 8 7
13 16 12
14 19 6
12 16 15
13 16 6
13 15 9
3 6 19
15 18 6
12 15 7
17 20 11
21 0 18
1 5 17
13 17 5
18 22 14
3 6 11
19 19 10
5 7 12
13 15 16
23 1 18
19 0 6
10 13 18
13 16 5
7 10 11
4 6 2
10 14 10
23 2 3
2 5 5
1 3 16
14 17 6
6 9 16
20 22 6
23 1 5
8 12 13
2 5 7
2 4 1
15 18 19
1 3 12
22 1 2
1 6 8
19 23 18
23 1 16
9 14 5
9 14 1
9 12 10
16 19 8
2 6 15
14 17 4
19 0 7
9 12 9
20 23 13
11 14 7
19 22 19
15 17 9
14 16 12
10 11 17
19 22 14
12 15 19
19 21 13
15 17 4
4 7 4
17 18 12
21 22 12
16 19 3
17 20 1
16 20 17
9 12 17
16 20 19
1 4 2
2 6 19
3 9 7
3 6 11
5 8 13
20 23 12
13 16 4
13 15 5
10 13 1
6 8 4
2 6 12
22 2 8
17 19 7
23 1 8
19 22 5
13 17 11
7 9 4
0 4 1
21 1 6
23 1 15
10 11 5
8 11 16
7 10 12
15 18 4
11 14 3
5 8 10
3 5 13
11 14 10
14 18 12
14 17 5
8 11 19
23 3 13
1 4 9
22 1 10
2 6 7
14 18 11
10 13 4
21 0 2
13 16 5
19 21 5
14 16 10
7 10 19
5 7 4
12 16 9
13 16 10
12 16 18
13 17 6
5 8 1
8 12 11
13 17 15
16 20 18
19 23 4
19 21 17
21 0 11
6 9 11
15 17 11
21 23 19
1 5 12
18 21 5
12 15 7
9 12 12
18 21 3
16 19 4
23 3 19
3 6 8
12 17 17
19 21 19
7 11 12
17 20 19
5 9 5
16 20 11
13 16 13
19 20 4
19 21 15
3 7 11
14 17 16
19 21 12
19 22 2
3 7 10
4 7 2
5 9 5
19 2 3
12 14 19
19 23 18
13 15 2
22 3 15
18 23 1
5 8 9
22 1 7
12 15 1
10 14 5
14 17 13
15 19 19
11 14 18
21 0 5
9 12 2
2 5 5
10 13 7
19 22 17
22 3 16
19 22 18
10 13 4
9 12 10
18 19 4
20 22 4
10 12 18
14 17 10
6 8 13
1 3 18
20 0 14
2 4 10
19 2 12
12 13 18
14 18 4
14 17 16
6 8 14
8 11 18
9 12 12
20 22 3
16 19 5
1 5 17
4 7 4
11 13 15
5 7 2
22 2 3
11 13 12
4 8 14
23 3 8
5 9 12
17 21 5
7 10 13
18 22 13
9 13 6
22 2 7
4 9 10
1 5 8
2 6 8
13 16 5
2 6 11
18 20 2
12 15 5
12 14 15
6 12 19
9 10 18
15 16 17
13 14 3
9 14 17
18 21 5
19 1 10
21 1 16
22 3 8
1 4 16
14 15 18
16 19 17
7 10 7
16 20 10
12 15 18
2 5 5
1 5 5
21 1 19
12 13 6
10 12 7
23 2 9
0 2 6
17 21 4
23 1 5
22 1 4
12 13 2
20 0 17
8 12 17
10 12 3
20 23 2
7 9 11
23 1 15
13 16 18
20 23 3
10 14 10
12 15 10
0 3 17
21 0 17
23 1 8
20 0 3
8 11 6
10 13 9
8 9 4
12 15 13
10 13 12
4 9 1
14 16 15
13 17 7
23 1 11
15 18 8
3 6 17
16 18 18
18 19 1
23 2 7
15 17 13
10 12 8
16 20 7
11 13 1
12 15 13
5 9 11
3 2 4
6 9 1
21 1 4
6 9 19
2 6 19
4 6 13
20 0 5
16 20 17
13 17 15
6 10 16
4 7 6
14 15 19
1 4 15
22 1 11
14 17 7
16 20 11
2 5 7
19 22 3
20 22 18
19 21 6
8 11 11
5 9 15
6 8 18
20 0 9
3 6 16
18 23 12
1 4 3
14 19 6
7 9 7
22 1 1
5 8 7
10 14 17
0 3 3
19 23 18
3 5 17
10 14 10
4 7 3
18 22 16
10 12 8
1 3 13
12 14 5
23 1 15
20 22 13
20 23 14
0 4 2
2 5 18
14 18 14
15 18 2
2 5 3
10 13 17
22 0 4
23 2 13
7 10 7
13 17 17
17 19 12
8 11 1
20 1 14
15 19 12
22 2 19
12 13 19
23 3 19
17 19 1
15 19 2
17 19 5
7 10 17
10 15 12
8 11 2
6 9 17
21 22 11
19 20 18
3 5 3
14 18 18
11 13 8
13 17 2
4 8 8
21 23 12
10 12 6
