200 7
2 7 3 10 9 5 6 
8 13 5
4 7 4
9 12 6
9 12 5
18 21 3
19 23 3
8 11 6
22 0 5
18 21 3
5 7 2
18 20 4
13 17 1
9 13 7
4 8 7
0 1 4
9 12 6
20 0 5
10 14 4
19 21 1
23 2 2
3 5 7
9 13 7
2 5 5
7 9 7
12 15 7
23 3 5
4 7 6
17 20 7
12 15 1
6 9 4
3 7 4
8 10 7
13 15 7
9 14 6
2 4 7
13 16 2
14 17 1
18 20 4
10 15 6
8 11 4
20 23 6
16 19 1
11 14 6
8 10 2
1 3 1
17 21 5
2 5 6
0 1 7
4 5 6
5 8 2
4 7 5
3 6 4
3 4 4
22 1 4
9 11 5
17 21 3
11 15 5
1 3 3
10 14 1
12 16 5
15 17 4
16 19 2
1 3 7
16 19 7
14 16 4
17 19 2
1 5 4
16 20 7
15 16 3
20 0 6
13 15 6
7 12 7
11 16 7
22 0 5
17 21 3
14 18 7
9 13 7
18 21 7
17 17 7
11 15 7
10 14 4
13 16 4
0 3 7
13 15 3
8 11 7
12 15 6
14 16 5
17 21 6
21 1 7
10 14 5
23 2 3
17 20 6
17 21 3
11 13 6
15 18 2
3 6 1
4 7 6
0 4 4
0 3 3
10 13 1
4 6 4
14 17 4
0 4 5
2 5 3
5 8 1
2 4 4
14 15 2
5 7 1
11 13 2
16 20 4
13 16 7
3 7 2
11 15 7
23 3 6
4 7 2
17 22 3
3 7 3
13 16 4
11 13 2
23 1 5
21 1 6
19 21 5
19 22 1
7 10 1
16 20 1
7 10 7
19 23 2
22 1 1
0 3 4
19 23 3
12 16 4
18 21 1
18 20 1
21 0 5
13 16 4
19 23 2
20 0 6
22 2 2
8 11 3
12 16 7
11 14 2
4 8 6
6 8 4
14 18 1
4 6 3
16 18 1
16 19 5
22 0 1
18 22 4
23 2 1
6 9 5
0 3 1
3 6 4
22 2 5
4 8 5
19 23 4
19 22 7
15 18 1
9 11 6
7 11 6
8 11 6
12 17 6
23 2 4
8 13 5
6 8 4
0 3 1
5 8 1
13 14 7
0 3 4
20 23 2
22 0 3
21 2 4
22 2 1
14 17 5
0 2 5
17 20 3
7 11 5
8 11 7
17 19 6
11 13 6
23 3 6
18 21 2
16 19 4
18 18 2
16 21 1
20 0 7
1 3 3
0 5 7
16 18 5
6 9 2
23 1 4
1 3 6
7 10 7
21 0 5
16 20 4
13 16 5
0 4 4
19 22 6
20 22 3
19 22 4
