650 11
1 4 4 3 4 6 8 4 5 9 4 
11 15 9
2 5 5
5 8 7
1 4 9
17 20 11
1 4 3
12 15 1
16 20 4
19 22 3
18 20 6
7 11 2
15 19 2
13 15 2
19 23 2
2 5 9
12 15 3
13 16 2
17 20 3
0 4 3
22 1 1
0 2 7
14 18 1
22 0 9
11 14 7
20 23 1
4 7 8
14 15 4
20 22 8
19 20 7
4 7 7
0 5 11
3 7 7
3 7 5
9 11 5
17 20 8
17 21 8
11 14 2
20 22 11
11 16 10
5 7 10
15 18 4
13 16 10
18 23 8
14 17 10
5 9 8
17 20 4
10 13 4
2 7 5
16 20 10
19 21 1
2 6 5
22 1 1
6 8 2
2 4 1
2 5 1
3 7 5
23 2 5
6 10 7
12 16 11
8 12 7
7 10 3
16 18 1
18 20 1
0 1 5
15 18 3
21 0 10
23 2 4
20 22 2
0 4 10
19 23 6
19 23 11
4 6 11
15 17 11
16 19 11
10 13 9
7 11 2
9 11 6
6 9 8
1 4 9
0 3 5
9 11 4
21 22 3
17 20 4
0 3 3
13 16 11
17 20 10
19 21 3
13 16 4
3 6 9
11 13 8
2 5 4
14 18 9
7 10 9
8 11 8
4 8 1
19 21 7
16 18 7
20 22 6
8 12 3
21 1 1
12 15 2
15 18 1
13 18 4
5 8 9
16 17 3
4 7 5
5 7 10
14 18 9
0 1 2
2 5 9
6 12 4
18 21 2
22 1 6
13 15 6
9 11 9
8 11 2
1 5 3
7 9 2
7 12 2
17 21 5
4 8 11
5 7 1
22 2 9
9 12 5
18 21 3
4 7 8
16 18 3
8 12 11
8 9 5
2 4 2
14 17 2
9 12 6
4 6 3
7 10 8
17 19 6
9 13 10
4 8 5
8 12 1
12 15 3
11 13 8
16 19 6
8 11 11
11 13 2
20 1 7
15 19 9
16 19 10
8 11 7
17 19 2
9 12 1
9 10 8
13 15 6
17 18 6
23 3 2
18 20 7
23 2 6
22 1 4
13 16 6
10 13 3
6 11 9
2 5 8
3 5 10
0 2 5
8 11 2
12 14 11
18 21 5
13 17 5
4 8 7
0 4 11
13 16 8
11 14 9
21 1 1
9 13 11
19 23 7
16 19 5
15 20 7
20 23 5
6 9 11
15 18 7
22 2 7
6 10 5
20 0 10
0 2 1
12 15 11
14 18 4
14 17 5
13 15 6
6 9 6
23 2 9
7 10 5
5 8 11
1 6 10
8 9 1
22 2 3
4 6 9
10 13 8
6 11 10
21 1 2
18 21 11
18 22 10
14 16 7
23 2 2
18 19 10
23 2 2
21 0 10
2 7 9
22 0 1
13 16 11
16 18 11
16 18 7
4 9 1
19 22 1
20 23 9
3 6 2
10 13 10
8 11 1
20 22 2
7 9 8
7 10 1
12 18 4
22 0 10
12 14 4
1 3 7
5 6 1
12 15 2
9 13 8
5 7 9
20 1 4
13 15 9
17 21 2
5 9 4
4 8 6
13 16 10
18 21 2
21 23 6
15 18 10
6 8 5
15 19 4
0 5 9
10 13 2
5 7 9
9 12 5
7 10 4
12 16 4
0 4 5
11 13 9
15 19 6
7 10 6
0 2 8
10 13 8
23 1 2
11 16 9
5 7 7
8 12 6
1 3 1
6 10 3
23 3 8
7 12 11
3 7 1
22 2 10
8 10 8
10 14 2
0 4 4
21 23 10
12 16 10
14 17 2
19 22 9
6 10 5
0 5 2
19 23 9
17 21 5
18 22 10
7 10 3
15 18 10
11 13 2
22 1 6
11 14 7
9 14 2
10 11 7
8 11 7
2 6 8
1 4 3
20 23 1
9 11 2
3 6 4
4 6 7
8 12 5
11 12 3
12 17 7
17 21 9
5 8 2
3 6 5
12 16 2
9 11 7
9 11 1
11 15 5
7 10 9
12 16 6
0 3 3
10 13 7
12 14 9
23 2 1
18 22 2
17 20 1
16 19 6
0 2 6
16 18 9
0 4 10
8 12 3
8 13 2
17 20 6
11 13 11
1 5 8
8 11 1
10 12 5
23 4 3
9 12 1
6 10 7
5 9 6
14 18 2
14 16 4
15 18 7
0 4 5
15 19 7
3 5 2
11 13 4
21 0 4
21 3 9
23 2 4
9 12 2
8 11 11
12 16 9
0 2 2
9 11 8
10 13 11
6 8 5
15 17 4
9 12 6
6 11 7
14 16 6
12 15 8
4 6 4
13 17 11
12 16 3
16 20 6
14 17 6
12 17 2
8 11 1
3 5 7
8 11 11
12 14 1
16 20 11
8 12 6
1 5 10
19 0 10
12 16 10
18 20 1
7 11 6
9 11 11
20 1 9
20 0 1
23 2 2
7 9 4
14 17 4
8 10 2
0 2 9
20 1 11
23 2 4
8 11 4
21 1 4
7 9 6
23 1 1
2 6 1
10 14 7
13 16 8
6 10 6
0 4 3
5 9 1
2 4 1
14 17 2
13 16 6
4 7 3
0 2 8
9 11 11
11 15 2
2 6 8
8 10 8
21 22 2
23 3 6
5 9 5
23 4 11
23 1 3
18 0 9
18 21 2
11 13 4
17 21 3
16 18 11
8 9 9
0 4 10
2 5 11
23 2 1
14 18 7
12 15 1
11 13 3
11 13 6
10 13 2
0 3 11
19 20 11
2 4 6
16 17 6
22 1 8
10 14 1
18 21 2
11 14 2
8 12 6
3 6 9
3 6 5
18 19 7
3 7 6
23 3 6
3 6 5
15 17 10
0 4 8
21 1 7
4 5 9
19 0 7
23 2 8
20 23 2
14 16 2
23 0 7
17 19 11
13 17 2
4 7 2
9 10 11
18 21 1
18 21 3
15 18 1
2 5 5
14 17 3
20 0 4
6 10 6
1 3 8
8 11 3
4 6 4
17 20 9
8 11 1
21 0 11
13 16 6
19 0 1
14 16 11
20 23 3
15 18 7
4 6 1
2 6 1
8 11 1
3 8 5
18 22 3
13 17 3
14 18 2
4 7 9
2 3 7
2 7 10
3 5 2
13 16 9
4 6 11
2 4 9
21 0 2
20 23 9
7 10 2
7 9 1
10 13 7
21 1 1
22 0 3
14 16 1
11 13 9
1 5 6
5 8 7
11 13 6
12 14 1
0 3 2
7 9 7
17 20 9
16 18 6
1 4 1
11 14 3
1 5 7
14 19 6
15 19 11
9 13 1
10 12 2
2 6 11
17 21 9
8 11 2
16 19 6
15 18 6
4 8 11
0 3 5
22 0 9
0 2 9
14 17 9
7 9 3
3 8 5
4 7 3
14 16 4
20 22 10
18 21 5
17 19 3
14 18 6
17 20 3
9 14 2
19 22 9
1 2 4
2 4 9
10 12 8
6 9 4
2 6 10
11 13 2
6 8 1
21 1 5
16 17 2
3 7 8
0 2 6
23 2 4
4 8 7
7 9 8
19 21 3
7 8 4
15 19 8
6 8 6
3 8 11
3 7 2
19 21 9
6 8 1
19 22 10
20 22 10
12 16 6
1 6 2
15 18 11
7 9 10
17 19 6
1 5 5
4 7 5
12 14 10
22 0 10
23 3 5
6 9 4
5 8 10
22 0 7
7 8 10
17 19 9
10 13 5
23 1 10
11 15 4
22 0 1
23 3 4
11 15 7
7 9 1
9 10 3
0 3 3
5 8 3
21 23 9
21 0 1
7 10 1
10 14 5
22 1 6
10 14 7
8 11 1
9 11 4
4 9 1
13 16 5
15 19 11
23 2 11
16 19 4
0 4 2
8 10 4
1 3 1
5 8 6
4 7 5
2 5 7
12 17 6
7 10 11
15 17 8
3 8 5
10 15 1
13 16 3
15 18 11
22 1 3
1 5 1
22 2 3
5 7 11
18 21 7
23 0 6
13 16 4
0 4 10
13 17 10
12 15 3
6 12 9
22 2 1
17 20 11
11 13 11
8 11 10
13 15 7
4 6 8
1 3 1
20 0 5
11 14 1
17 20 10
8 11 3
23 3 9
12 15 1
20 22 8
21 0 1
13 15 4
19 22 10
18 21 9
20 23 6
23 1 8
20 21 3
1 3 1
9 12 1
13 15 11
19 0 8
5 7 2
14 16 10
18 23 4
17 20 4
23 3 11
14 17 4
11 15 8
1 2 9
21 0 1
7 9 2
18 20 6
14 17 8
0 4 6
1 4 10
14 19 1
6 7 4
15 16 11
1 0 5
16 18 11
5 7 6
21 0 3
16 19 1
9 13 10
17 19 1
0 2 7
6 11 1
6 8 8
17 21 8
21 1 9
