450 5
5 1 5 4 4 
22 1 5
22 0 2
6 9 4
7 10 5
16 20 2
20 0 4
6 9 1
9 11 4
7 11 5
1 3 5
7 9 2
0 3 5
21 3 1
2 5 4
9 13 2
8 11 1
14 17 1
0 1 1
16 19 4
4 7 2
0 4 5
12 17 4
2 3 2
12 15 1
21 23 3
22 1 5
3 4 2
23 1 1
7 11 4
23 1 1
12 13 4
3 7 1
23 1 5
22 1 5
6 10 1
23 4 4
20 23 3
23 2 5
7 9 1
14 16 1
16 19 1
9 13 5
10 13 2
23 2 2
17 21 3
10 13 1
4 7 4
22 1 4
7 10 5
1 4 1
15 18 1
23 1 2
6 8 4
18 22 2
22 1 4
12 15 3
11 14 3
1 5 3
23 0 4
11 14 1
21 23 2
10 13 4
4 8 2
20 23 1
2 5 4
15 19 3
18 21 2
12 15 2
0 4 1
15 18 1
17 18 2
11 14 5
6 9 2
19 22 2
8 12 3
7 10 3
6 9 2
18 23 2
23 1 2
19 0 4
12 15 1
4 7 4
1 5 5
4 8 3
18 19 2
14 16 3
2 5 5
19 23 4
15 17 4
12 16 5
1 7 2
10 13 3
13 15 2
15 19 1
14 17 1
5 10 5
22 1 1
11 14 2
1 3 1
1 4 2
15 18 2
1 4 3
17 21 1
23 2 4
9 13 5
11 14 4
3 7 3
7 10 1
16 18 1
21 1 1
21 23 2
10 14 1
19 22 2
7 10 3
7 11 3
14 18 2
6 9 5
20 23 4
13 16 2
18 20 4
14 17 3
23 3 5
3 8 3
20 23 3
11 15 2
3 7 1
6 7 4
23 3 5
2 5 4
22 2 5
22 2 1
5 10 5
14 14 4
14 17 2
11 14 1
8 11 5
1 6 3
0 3 2
16 20 2
4 5 2
5 6 3
1 4 1
16 18 2
2 5 2
23 0 3
20 23 2
18 21 5
12 12 3
8 10 4
10 14 5
19 19 5
16 19 2
10 12 3
6 9 3
1 6 1
14 16 1
5 6 3
3 7 1
20 23 3
23 2 1
18 20 1
22 1 2
10 11 3
14 16 2
8 11 3
1 4 1
13 15 4
0 3 5
16 21 4
20 23 4
4 6 2
11 12 3
2 5 4
6 10 4
15 18 4
9 12 1
10 14 1
6 9 5
23 3 1
20 22 2
3 8 2
9 11 1
11 14 2
23 3 2
12 15 1
18 21 5
11 14 3
6 8 2
7 9 4
10 12 3
12 16 2
6 11 1
21 1 4
8 10 4
1 4 1
2 4 2
23 4 2
8 11 2
13 17 3
5 7 5
8 11 5
22 2 3
20 23 2
11 13 5
12 15 3
22 0 5
17 20 4
20 22 2
20 0 3
18 22 5
16 20 3
12 14 5
7 10 4
21 0 1
12 15 4
20 23 5
22 0 2
10 13 1
21 0 3
10 14 1
21 22 3
19 21 1
4 6 1
15 19 2
4 6 3
1 4 2
14 16 1
4 8 4
23 2 2
3 6 4
12 15 2
20 23 3
4 7 2
7 9 4
8 11 1
11 13 3
1 3 5
21 23 5
1 4 3
12 14 5
5 9 5
5 6 3
19 23 2
5 8 2
12 18 5
13 14 5
1 4 3
1 3 3
18 21 5
5 10 1
1 3 3
21 22 4
10 14 1
0 2 2
5 9 4
13 17 2
14 15 3
21 1 1
22 1 1
6 11 2
1 4 3
18 20 2
17 19 4
1 5 3
16 19 3
15 19 5
12 14 5
5 9 2
6 10 5
3 5 2
21 1 4
5 6 5
2 6 4
22 0 3
23 3 2
8 13 5
5 8 5
23 3 5
22 3 2
16 18 3
5 7 4
20 22 1
12 15 1
0 3 5
18 22 1
12 13 5
5 8 4
21 0 4
3 5 5
9 12 2
2 5 4
7 10 2
18 22 2
11 14 2
19 20 5
17 19 3
12 16 5
11 14 5
6 9 3
11 14 4
0 5 4
22 1 1
9 11 4
13 16 1
9 12 4
21 23 2
3 6 3
14 18 1
14 18 3
5 9 1
21 2 5
17 21 2
20 0 3
10 14 4
10 13 4
6 8 1
2 5 2
19 0 2
18 23 2
17 18 4
9 13 3
0 3 4
22 1 1
1 5 5
20 22 5
18 21 1
0 1 1
6 8 1
7 11 2
23 1 4
16 19 3
2 4 2
9 13 4
5 7 2
10 14 4
10 12 2
10 13 3
22 0 3
23 2 4
15 19 3
18 22 5
21 0 5
4 5 1
1 5 3
18 19 5
2 3 5
3 6 5
12 15 4
15 18 2
9 11 5
18 22 1
18 21 1
3 7 2
10 12 2
6 10 5
12 16 4
16 18 5
21 0 5
22 2 2
3 5 5
18 19 4
5 7 1
7 10 2
3 5 2
16 18 1
20 23 2
23 3 5
7 10 1
14 18 3
7 12 3
21 22 5
4 8 2
7 10 3
22 1 2
19 20 3
17 20 1
20 23 5
11 15 3
4 7 5
20 21 5
9 13 4
5 10 1
16 20 4
0 3 5
11 14 2
4 9 3
6 10 3
12 16 2
7 9 5
10 14 4
17 20 4
4 7 2
19 21 2
10 12 3
9 13 1
22 1 4
13 16 5
21 1 2
14 17 5
5 8 2
1 5 1
3 6 4
15 18 5
20 1 2
6 9 5
9 13 1
11 15 5
5 8 5
23 23 4
23 1 5
8 11 3
7 10 1
5 8 2
13 17 2
12 15 1
13 17 1
18 21 5
0 4 1
18 21 1
9 11 2
14 17 5
23 2 3
17 21 5
11 15 5
11 15 4
12 15 5
0 2 3
1 5 3
15 18 4
15 19 5
14 17 2
20 1 3
14 15 1
7 10 4
3 4 1
4 6 1
14 17 3
7 10 4
9 13 2
3 6 2
5 10 5
3 7 4
8 13 5
17 22 5
16 20 1
14 18 4
11 13 1
6 9 1
21 1 1
3 5 3
