600 14
6 10 6 6 1 1 5 3 3 1 2 4 6 4 
12 14 13
10 14 13
15 20 8
8 11 8
20 0 2
21 23 11
23 3 6
12 13 2
7 10 1
8 10 10
14 15 2
16 19 5
5 8 10
8 10 2
21 1 13
14 16 12
0 3 8
9 11 11
20 22 5
2 6 11
4 8 13
12 15 2
6 9 9
20 23 6
12 13 13
22 1 12
1 4 12
16 19 11
23 2 8
21 23 14
22 2 11
12 15 10
4 7 7
7 10 10
9 12 13
1 4 8
4 7 6
13 15 14
7 9 6
8 11 5
8 9 3
3 5 7
13 13 10
23 3 5
8 12 1
1 5 3
7 11 3
19 21 7
9 13 14
22 0 1
1 3 12
23 2 14
10 12 10
23 2 12
9 12 6
15 17 3
3 7 8
5 8 5
23 3 2
22 1 6
14 17 8
5 6 14
10 13 5
10 13 1
7 10 3
1 3 6
21 1 1
10 14 10
17 20 10
20 22 10
13 18 10
3 7 9
17 21 11
10 12 11
20 23 4
20 23 14
1 5 4
5 9 1
10 14 9
20 22 12
8 12 4
6 9 5
19 22 12
0 0 4
11 15 12
1 4 8
7 11 1
10 15 12
14 15 13
6 8 4
20 0 6
11 13 3
9 14 7
14 18 7
9 11 4
22 1 1
16 18 7
2 5 7
23 3 11
9 12 6
22 0 7
16 19 9
13 15 13
6 10 12
19 22 8
22 1 1
3 8 6
13 15 3
5 8 6
6 10 5
17 18 9
22 2 8
10 13 3
1 5 7
0 4 8
1 6 1
12 17 10
4 8 1
6 8 11
12 15 2
19 22 1
11 13 1
19 21 11
12 14 8
17 21 1
9 11 3
6 10 13
8 11 14
22 2 6
0 1 3
6 10 2
3 7 11
15 19 1
9 13 8
19 21 9
2 5 4
21 0 14
14 16 2
20 22 9
17 18 14
17 20 6
21 1 8
20 0 6
22 4 4
10 11 14
4 6 4
16 18 2
4 8 11
12 15 5
4 8 6
14 18 4
11 15 7
22 2 3
1 4 12
15 17 3
12 15 14
0 3 10
0 3 14
17 19 2
8 11 12
23 4 12
15 18 12
6 11 9
11 13 14
9 12 3
9 12 6
1 5 6
14 19 13
23 2 1
5 8 12
0 3 1
1 5 4
13 16 9
21 0 6
19 0 3
1 4 11
13 15 12
10 12 1
16 20 13
6 10 2
13 16 7
23 3 6
17 20 9
18 22 8
8 10 9
6 7 3
16 20 5
21 22 12
1 5 2
9 11 4
9 12 3
16 18 1
12 16 4
4 7 13
15 19 6
10 14 13
18 22 8
22 1 10
19 1 5
4 6 3
2 3 9
7 10 8
4 9 6
9 11 1
8 11 1
8 12 4
1 3 12
10 14 11
9 13 2
18 20 8
19 23 4
5 8 4
21 2 8
19 23 13
11 15 6
13 17 4
5 8 13
8 10 14
17 21 1
12 16 7
20 22 10
9 11 6
14 17 4
15 19 5
4 8 7
5 10 10
15 18 12
16 20 9
13 15 8
21 23 5
4 7 5
17 21 12
20 22 13
20 21 4
6 10 11
13 16 12
5 9 3
0 3 6
23 1 7
20 23 1
16 19 5
6 8 3
4 8 6
0 2 6
20 0 8
2 5 13
13 15 12
18 21 14
9 11 9
11 13 10
19 22 14
3 6 7
6 8 7
20 23 7
15 18 9
14 17 13
15 19 1
3 6 9
14 17 10
10 13 2
0 2 9
10 12 1
23 3 1
22 1 1
13 16 9
4 7 9
3 7 4
0 4 4
12 15 8
3 7 3
13 16 7
17 19 13
1 4 10
2 5 6
20 0 14
0 3 2
4 6 6
10 14 1
1 5 8
1 5 13
22 2 12
22 1 13
11 12 3
7 11 5
14 17 14
16 19 14
12 14 11
10 12 5
16 19 12
16 18 8
7 9 11
14 18 8
17 20 13
19 23 13
7 12 10
1 5 1
19 22 9
16 19 1
8 11 2
2 4 11
21 23 4
12 15 3
2 5 9
1 4 13
1 5 14
6 9 11
11 13 1
3 6 1
9 12 9
23 1 6
4 8 1
7 8 6
21 0 1
14 17 12
7 10 7
8 13 3
9 12 10
12 15 8
14 17 12
23 4 10
7 10 11
20 0 4
8 11 4
8 11 13
17 21 7
22 1 9
20 23 9
18 20 1
21 1 12
15 19 10
0 2 8
9 13 6
19 21 3
8 12 5
12 15 5
12 16 10
19 23 2
8 10 7
12 13 10
18 21 2
12 15 4
6 9 7
5 8 11
17 20 2
9 13 5
6 9 4
21 22 6
7 9 12
23 2 5
15 18 12
10 13 7
16 18 12
10 13 3
8 12 5
19 21 7
23 3 9
13 16 3
16 20 6
6 8 1
6 10 5
15 18 8
11 14 7
13 15 4
12 15 13
22 0 9
1 5 13
2 5 4
20 22 10
5 7 14
4 7 14
0 4 14
0 3 2
20 0 14
11 13 14
3 6 1
8 9 5
21 0 5
2 3 10
12 14 11
13 17 11
20 23 7
9 12 5
11 16 9
18 20 4
0 4 2
3 6 10
16 19 14
8 11 8
19 22 10
19 22 13
14 19 12
13 17 12
19 20 4
10 15 6
8 11 14
3 5 7
18 21 4
8 11 3
8 13 1
7 11 5
7 8 3
7 8 12
3 7 11
11 12 7
8 11 6
10 12 6
21 0 3
18 21 4
17 18 7
21 23 3
5 8 3
16 17 4
11 13 4
12 15 13
14 17 8
14 15 2
22 1 9
19 22 12
20 0 6
20 0 14
8 11 11
9 11 8
8 11 13
7 11 3
0 2 12
11 14 2
20 21 3
15 20 8
2 4 3
19 22 7
10 14 10
16 20 5
3 6 3
5 8 7
1 5 10
8 12 6
11 15 4
7 9 2
4 6 6
8 11 5
7 11 3
14 17 13
13 16 2
3 7 4
5 7 5
14 17 9
1 4 1
22 1 11
3 7 2
10 13 13
7 9 11
23 2 4
3 8 13
16 20 14
15 18 5
6 8 13
15 17 4
0 5 11
3 6 9
5 8 6
19 22 6
22 2 5
17 21 10
14 15 8
15 19 8
19 22 11
20 22 11
18 22 9
5 8 13
23 2 7
6 10 14
6 8 6
13 16 3
23 2 3
22 1 2
6 10 10
16 18 14
18 21 8
8 10 7
3 7 9
11 14 5
13 17 1
12 14 12
16 19 2
21 0 5
5 7 5
17 21 10
1 4 2
9 13 5
12 13 13
2 4 4
15 18 2
4 5 13
3 7 14
7 10 8
20 23 7
18 21 12
21 23 7
9 12 6
2 5 11
18 22 5
5 8 4
5 6 9
19 22 1
8 12 11
19 23 9
9 13 13
22 2 5
21 23 11
10 14 6
16 19 1
14 17 14
6 9 10
11 13 11
12 16 10
5 9 7
12 15 8
16 19 7
2 7 5
1 5 12
5 6 5
12 15 12
19 21 7
3 6 14
7 11 5
18 19 6
19 22 12
23 1 4
6 9 13
1 3 2
23 3 14
21 0 11
3 6 5
14 18 12
7 10 9
3 6 3
10 14 4
15 17 1
1 5 1
0 2 10
13 15 3
20 22 12
12 16 9
12 15 1
18 23 7
1 6 8
4 9 9
12 16 11
22 0 10
2 5 11
15 17 14
7 10 4
18 20 4
8 10 12
20 1 9
5 6 14
13 15 11
5 11 5
5 8 7
17 19 11
5 6 14
15 18 2
23 0 11
14 17 14
13 16 11
10 12 9
13 17 8
3 6 9
18 22 3
21 1 14
10 11 2
0 3 2
6 9 10
19 23 9
12 13 6
4 6 12
7 10 9
22 0 5
22 2 14
0 3 7
23 1 13
3 7 14
0 2 7
18 23 2
21 0 7
4 6 10
14 17 5
13 16 10
9 12 14
22 2 13
17 19 9
20 23 13
3 3 11
8 10 3
0 3 12
11 13 5
13 16 1
1 4 14
11 13 5
21 23 10
