1050 17
2 10 10 5 6 10 1 5 1 3 10 5 4 9 2 4 9 
0 3 17
0 3 12
17 20 6
6 10 5
4 6 15
21 0 10
11 14 9
22 3 1
8 12 15
2 4 10
11 14 1
0 4 9
16 20 17
13 16 13
12 15 6
17 20 1
12 14 14
7 11 6
8 11 15
11 12 17
7 11 2
13 17 15
4 7 1
5 9 5
13 17 3
23 1 2
17 19 6
14 17 16
18 21 8
6 8 10
7 12 7
2 4 4
17 20 3
2 3 4
6 9 7
13 15 7
5 8 7
11 15 15
17 18 7
0 3 7
22 2 4
16 19 6
2 3 6
18 22 15
11 15 9
16 19 4
14 16 3
8 10 9
18 19 12
1 6 17
21 0 10
10 14 3
2 6 1
9 12 14
3 6 6
5 8 11
1 4 11
0 3 3
4 7 4
8 11 12
23 4 4
13 17 12
8 12 5
20 22 4
6 8 2
10 14 6
7 10 2
16 17 1
18 22 3
17 19 16
21 22 3
2 5 14
8 10 13
17 22 16
18 22 8
4 7 6
14 17 17
3 4 3
0 3 7
16 18 10
16 21 7
13 16 8
3 4 3
18 22 3
13 16 9
4 7 5
6 9 13
4 8 14
20 23 7
16 21 14
21 1 9
13 16 12
9 13 4
12 16 16
15 19 7
2 7 7
16 18 17
20 23 11
14 18 7
2 4 3
18 22 13
4 7 5
0 4 1
8 10 12
14 16 5
9 12 4
1 5 13
7 10 8
13 14 3
7 9 13
21 0 7
23 1 11
4 6 5
19 21 17
18 21 4
7 11 16
23 2 12
10 12 16
2 3 7
0 3 14
15 18 9
14 19 3
17 20 8
13 16 13
9 11 13
0 5 5
18 23 2
14 18 9
6 10 8
9 11 13
21 23 15
7 10 14
23 2 7
7 9 16
11 13 11
4 6 5
14 17 7
1 2 3
4 8 6
4 7 16
5 7 10
15 19 6
23 2 2
7 9 3
17 21 14
5 6 14
14 17 13
19 23 8
17 19 11
20 23 10
16 19 4
19 23 6
8 13 2
4 7 5
9 11 2
7 10 12
6 9 16
1 4 5
12 16 17
15 19 3
6 10 2
16 20 9
21 1 1
18 21 6
18 21 1
9 12 6
2 3 16
4 7 2
15 18 2
12 16 12
20 0 8
7 10 14
21 23 2
16 20 2
15 19 12
2 6 8
7 10 13
17 20 9
10 13 13
14 19 6
0 4 15
16 19 15
17 20 15
16 19 1
7 9 5
21 0 11
17 19 6
18 21 3
6 9 8
5 9 10
21 23 8
0 3 6
21 0 14
14 17 16
11 14 2
4 5 13
2 5 9
8 11 6
1 5 14
22 1 7
2 6 5
17 21 15
15 19 12
8 12 10
18 21 14
15 17 8
20 22 1
16 20 13
18 23 5
3 5 10
14 17 17
8 12 11
14 18 4
2 5 8
17 20 4
21 0 7
12 15 8
1 5 1
6 9 1
23 3 15
7 8 1
3 6 6
16 20 3
2 6 15
0 2 11
4 7 10
5 9 10
11 14 6
18 23 3
11 14 9
21 0 15
10 13 7
2 3 8
5 8 10
13 16 16
3 6 7
13 14 17
4 7 2
17 20 9
2 4 12
8 11 17
16 18 15
13 16 5
15 18 11
10 14 16
4 8 15
22 1 13
12 14 4
0 3 7
3 6 16
1 4 15
10 12 9
19 22 8
8 11 9
6 9 10
5 9 14
5 7 4
16 19 14
14 17 13
10 12 7
16 20 9
23 1 15
1 5 15
19 23 8
11 16 7
2 4 14
15 17 13
7 9 6
4 7 12
20 23 16
6 9 9
19 22 12
7 11 14
15 21 15
22 1 4
2 6 11
6 8 8
14 18 16
6 8 10
20 22 3
9 12 6
11 16 4
18 21 13
6 8 15
7 8 7
0 4 17
15 16 11
10 13 15
5 9 8
23 0 5
19 20 1
6 9 10
1 5 16
17 20 15
22 0 6
19 22 2
16 19 4
10 13 7
13 14 1
13 15 16
5 8 13
1 3 6
16 18 6
6 9 12
18 19 5
2 4 8
14 17 4
17 19 2
14 16 4
1 4 14
2 5 13
13 15 11
3 7 5
6 9 5
4 8 2
12 15 14
16 20 12
13 16 7
1 6 13
8 11 13
9 12 16
1 2 9
8 11 15
19 20 4
13 16 7
15 18 2
17 19 10
11 15 2
4 7 16
12 15 15
9 13 12
2 6 17
7 10 13
6 9 10
0 3 14
0 4 8
7 10 6
3 5 6
2 5 8
15 18 13
12 14 17
11 13 6
0 2 7
7 9 6
19 21 9
14 17 10
13 16 14
19 21 13
2 5 14
1 4 11
23 3 6
1 5 11
10 15 17
3 7 12
10 13 1
1 6 16
10 12 14
13 15 9
9 12 9
8 11 2
10 12 1
5 8 6
8 10 6
17 20 5
12 15 15
14 19 6
21 0 17
4 7 1
23 1 17
5 9 6
15 19 14
19 23 2
7 11 1
3 6 10
5 9 5
0 3 9
18 23 13
2 6 5
3 5 13
4 7 2
18 21 13
11 14 15
9 13 15
12 14 17
15 18 17
2 5 13
15 20 5
16 20 14
21 1 5
20 21 8
15 18 10
7 11 17
5 8 9
19 22 17
6 9 12
22 2 14
2 5 7
16 20 2
19 23 12
8 11 6
6 9 15
0 3 9
21 0 14
5 8 12
7 10 1
23 2 1
11 14 13
19 21 10
17 17 13
1 6 3
0 3 2
21 0 16
12 15 7
16 19 9
15 18 2
6 9 16
22 2 6
5 9 7
15 18 7
14 17 8
7 10 8
16 18 2
0 2 5
14 17 2
3 5 1
5 9 2
10 14 16
8 12 17
6 10 15
17 18 8
13 17 1
16 19 11
10 13 6
7 11 2
8 10 4
10 12 13
4 8 3
15 19 4
3 8 6
12 13 10
0 2 10
2 5 17
20 0 13
15 17 1
19 22 1
20 23 2
15 19 12
1 5 9
4 7 7
23 3 11
22 0 9
11 14 10
11 14 7
23 2 3
3 9 12
4 7 1
22 1 7
13 16 12
2 4 8
6 9 9
10 12 16
14 17 4
21 0 6
19 23 9
20 0 5
11 12 10
5 7 7
1 4 1
22 1 4
23 3 5
18 21 3
10 14 9
8 10 2
16 19 2
2 4 4
23 2 7
16 18 12
11 16 1
5 7 4
22 3 5
11 14 3
18 20 13
18 22 17
6 9 16
15 18 14
18 19 1
13 15 10
16 18 3
5 10 14
12 15 11
10 13 5
22 23 14
2 3 5
8 9 14
15 19 15
0 3 10
20 0 5
19 21 16
10 14 5
23 1 9
20 22 4
15 18 5
13 16 13
5 8 1
13 15 5
18 19 13
12 16 17
0 4 5
17 20 5
7 10 16
21 22 1
13 15 16
12 16 16
13 15 4
9 11 16
9 13 2
8 12 9
1 5 8
7 10 11
11 14 2
12 14 4
22 1 2
8 10 4
14 18 2
0 2 3
23 2 10
20 23 15
11 14 1
9 13 9
11 13 1
12 15 15
21 22 15
20 22 7
19 22 5
15 18 16
14 17 1
22 0 10
4 7 9
10 11 17
4 7 9
12 16 5
12 16 13
9 12 12
12 17 8
14 18 14
7 8 14
5 8 9
15 19 9
20 0 7
16 19 10
12 15 8
13 16 1
10 13 14
23 3 9
15 18 9
20 22 15
19 21 5
4 9 6
6 10 12
21 1 16
4 7 2
22 2 12
9 12 13
1 6 14
3 7 3
4 8 2
1 4 8
4 8 2
10 13 9
10 12 1
0 4 10
19 22 14
22 1 1
13 16 15
13 14 4
15 17 14
23 3 2
11 14 17
7 11 17
7 10 13
22 2 4
8 9 4
12 15 9
10 12 16
11 13 6
6 10 13
14 16 15
6 9 12
16 19 3
13 16 2
8 11 13
0 5 9
3 5 17
17 19 15
19 21 6
12 14 5
0 3 12
0 3 4
19 22 2
6 10 4
5 8 11
16 18 17
19 22 17
13 16 17
23 4 2
2 5 8
2 5 17
17 21 9
9 10 12
20 0 7
3 4 1
18 20 10
18 20 14
1 3 11
18 20 17
16 18 14
22 1 6
5 8 16
20 0 8
8 10 12
20 0 7
2 5 3
21 23 16
23 3 8
3 7 15
5 8 14
1 4 7
4 6 15
20 22 7
4 7 16
19 22 17
14 16 8
3 6 1
20 22 14
10 13 8
6 8 4
9 10 12
10 14 17
1 3 12
21 0 4
12 16 16
12 13 2
20 21 3
1 3 6
1 5 13
3 6 5
10 12 16
3 6 13
12 15 16
11 14 14
10 12 13
10 14 13
11 14 5
9 13 7
11 15 2
9 11 16
23 3 12
8 11 3
5 8 12
23 3 14
3 9 6
3 4 17
17 20 7
17 20 2
4 8 10
15 19 6
7 9 7
20 22 14
8 12 12
14 18 11
6 10 1
23 1 16
4 7 16
8 10 14
2 5 16
20 23 4
3 6 5
3 8 3
17 20 7
11 14 13
3 5 16
1 4 11
0 3 15
18 23 5
15 17 5
8 13 9
1 3 7
10 13 7
14 18 12
19 23 4
9 14 2
5 8 2
22 2 6
19 22 9
0 3 12
9 12 17
6 9 4
3 7 13
16 18 6
18 21 14
14 17 15
19 21 10
2 6 7
2 6 5
20 22 9
11 13 9
17 20 6
22 0 11
14 17 7
9 13 4
13 15 3
1 3 2
3 6 15
16 18 1
18 21 16
12 15 4
13 16 13
23 1 8
15 19 12
22 2 13
15 19 17
10 13 1
17 20 17
6 9 13
19 21 12
2 6 17
10 13 8
10 14 15
18 21 13
13 16 8
18 21 13
7 8 9
4 6 9
19 22 14
19 21 12
11 14 17
10 14 2
7 10 17
0 2 4
23 2 12
7 10 13
11 13 13
0 3 4
3 7 16
6 8 6
21 0 12
5 10 12
5 8 8
3 8 10
13 15 5
15 18 8
16 19 1
14 16 4
0 2 12
5 9 4
6 10 1
0 4 15
12 14 6
22 2 4
2 6 7
17 20 2
16 20 14
17 20 4
19 22 13
13 15 8
8 12 3
5 9 17
15 18 11
23 1 2
8 12 17
9 13 14
3 8 2
7 10 8
13 15 1
6 8 13
5 8 5
11 14 9
3 5 8
14 19 10
7 10 12
3 6 11
17 19 9
19 23 11
6 8 9
2 6 17
14 18 5
19 22 4
8 11 1
9 12 2
11 15 17
16 19 15
3 5 8
0 4 1
19 22 1
0 3 2
20 21 15
15 19 8
3 8 10
2 5 8
8 11 4
23 2 4
22 1 7
6 10 6
0 1 15
0 4 11
11 15 7
8 11 10
22 1 16
15 19 2
2 5 16
22 23 14
16 20 7
22 2 7
23 2 9
21 1 4
8 12 17
12 16 14
22 1 17
5 7 7
4 8 14
14 16 2
6 8 11
20 22 3
20 23 1
10 12 1
10 14 6
9 12 16
18 23 4
14 17 12
19 22 13
22 2 4
20 23 14
21 23 9
6 9 7
22 2 11
10 14 12
21 0 9
0 3 11
12 15 6
22 0 16
16 20 6
7 10 9
17 21 8
21 23 15
0 1 3
17 20 3
9 13 6
16 20 15
6 9 1
13 16 4
8 12 15
8 11 11
15 19 2
19 23 11
21 2 2
17 20 17
14 19 7
3 3 4
20 23 9
21 23 5
10 12 2
6 10 16
23 1 4
13 16 2
4 6 14
17 21 9
9 11 3
23 0 15
9 11 7
5 9 14
0 2 9
19 22 9
17 21 9
2 4 3
5 8 16
3 6 6
0 3 17
12 14 15
6 11 9
0 2 17
5 8 14
14 17 2
15 19 16
12 16 3
17 21 11
14 15 7
18 20 7
3 7 17
12 16 9
18 20 9
12 15 17
6 9 16
2 5 16
8 12 13
6 9 14
5 8 13
19 22 4
17 20 16
16 18 4
1 3 10
19 22 3
12 13 1
18 19 6
16 18 10
4 6 12
16 18 12
4 8 17
2 5 7
22 2 5
18 20 9
8 10 2
1 5 5
6 8 15
16 17 13
14 16 6
13 16 11
14 18 13
6 10 1
23 2 14
13 16 15
20 23 4
3 5 8
13 17 3
0 4 5
16 18 9
14 19 10
16 19 1
10 14 7
0 4 9
10 12 2
1 6 9
4 6 5
2 4 3
8 10 10
8 12 16
22 23 15
0 3 10
13 18 6
23 3 16
4 6 12
14 18 11
9 12 1
23 2 1
2 5 5
20 23 3
2 4 4
7 10 14
12 14 14
8 11 7
14 18 9
5 7 6
15 18 14
12 14 15
20 0 12
7 10 9
4 9 5
0 2 15
16 18 10
0 4 6
20 23 15
19 22 16
14 17 4
14 18 11
1 3 15
9 11 2
13 13 3
23 3 1
21 23 1
21 0 2
11 13 11
20 23 2
22 1 6
16 18 1
3 6 9
22 3 10
6 10 2
17 20 2
16 19 14
2 5 17
16 20 9
12 13 10
4 6 16
14 17 7
6 10 7
1 5 3
17 22 9
10 12 5
22 0 6
5 8 8
1 5 10
8 13 11
8 10 16
10 11 10
23 1 5
2 5 2
0 1 17
12 17 16
2 6 7
11 13 3
4 8 10
1 3 12
11 15 15
16 20 9
16 17 5
3 6 11
12 15 1
0 1 15
17 22 6
6 11 7
23 2 2
1 3 7
20 23 8
10 13 16
20 23 4
23 3 11
9 10 12
20 22 4
16 18 11
2 4 3
11 13 2
17 20 9
5 8 7
2 3 8
22 1 17
21 1 5
12 14 10
1 5 2
2 5 9
5 8 15
3 6 15
19 22 8
16 19 17
13 16 13
5 10 8
19 22 4
22 0 14
17 21 14
10 13 11
18 22 3
19 20 10
16 20 2
8 11 6
4 7 3
15 18 11
20 1 11
15 18 12
5 8 15
0 2 12
11 14 3
16 20 3
