1250 6
4 10 8 9 6 8 
0 2 6
22 1 3
21 1 2
11 15 4
19 21 2
22 2 5
7 11 5
12 15 4
1 4 1
10 12 5
13 17 5
3 6 5
10 14 1
21 1 4
7 10 5
3 5 2
0 3 4
23 3 5
15 18 4
13 16 5
8 12 4
18 20 3
0 2 6
9 12 2
23 2 5
9 14 1
2 5 6
9 10 2
23 3 4
4 7 3
19 22 3
22 1 5
5 6 4
8 12 1
4 7 1
16 20 5
1 4 4
18 22 3
13 14 3
0 2 4
9 12 5
2 4 4
1 5 5
11 15 6
7 8 3
5 8 4
8 10 4
21 23 3
5 7 2
10 13 1
19 23 1
14 18 5
17 20 5
6 11 2
18 19 6
0 2 3
3 7 5
14 18 6
1 3 3
3 5 1
8 10 1
3 5 1
1 4 1
14 17 6
22 1 1
21 0 3
7 10 3
13 15 6
21 23 3
1 5 3
17 21 5
4 7 6
4 7 2
5 8 4
5 7 3
13 18 6
20 20 1
11 14 1
3 6 3
14 16 2
20 0 5
22 3 2
8 11 5
4 8 3
8 14 1
3 6 1
8 11 5
14 17 1
12 14 1
1 3 6
15 18 2
10 12 2
11 14 3
20 23 6
4 7 1
0 4 4
8 11 4
0 4 6
19 22 1
23 2 6
8 10 6
9 10 2
10 12 3
3 7 3
10 14 1
11 14 1
0 3 6
3 8 6
23 3 6
20 22 4
8 11 5
16 20 2
19 23 2
5 7 4
23 2 3
11 14 3
9 13 5
15 18 2
7 9 5
21 2 4
4 7 5
3 6 5
22 1 4
15 19 3
18 20 1
16 21 1
1 4 4
18 22 4
18 21 5
9 13 2
19 23 3
9 13 4
16 18 4
3 6 6
20 23 1
16 18 1
11 13 3
4 6 5
0 3 6
12 14 1
1 3 2
13 16 3
12 17 6
23 3 4
14 19 1
5 9 6
4 8 5
5 9 1
15 18 4
14 17 4
19 22 6
11 15 6
8 10 3
22 0 2
23 1 6
3 8 3
13 17 2
18 20 6
6 8 2
2 5 5
19 21 6
9 13 4
6 9 6
18 23 6
7 9 3
23 1 6
22 3 2
4 9 5
16 20 5
8 12 2
11 13 3
13 14 6
2 6 4
13 18 1
10 13 2
12 17 5
1 3 3
4 7 3
3 7 2
8 12 5
20 23 4
9 12 1
11 14 2
23 1 2
18 19 2
11 16 2
17 19 2
4 7 3
3 5 3
19 0 6
12 16 1
7 9 1
10 12 6
16 21 2
5 8 4
20 23 2
1 4 6
11 14 4
1 3 2
21 23 2
10 14 3
14 18 6
18 21 4
12 15 4
17 19 3
8 12 5
14 16 1
22 1 1
8 10 5
20 0 3
11 13 6
18 19 2
8 10 1
23 1 5
17 19 1
16 19 6
19 22 6
1 4 1
11 15 6
9 12 5
11 13 4
15 19 3
9 12 4
17 20 5
21 0 4
8 12 2
12 15 4
16 17 3
3 6 1
4 7 6
15 20 6
8 10 3
13 15 5
13 16 4
8 11 5
2 5 3
20 23 2
18 22 2
11 15 6
2 5 1
11 14 4
17 21 2
12 13 5
12 16 1
9 13 6
14 14 1
0 3 1
6 9 3
16 20 3
1 5 5
13 16 2
10 12 5
4 7 1
15 18 4
7 9 4
19 21 6
18 20 5
16 18 4
14 16 3
9 13 2
21 0 6
13 16 1
13 18 2
1 4 1
2 6 6
16 21 5
23 4 1
4 6 4
20 0 6
16 21 2
20 23 2
14 16 2
8 10 5
13 15 2
13 18 2
16 18 2
1 4 5
2 5 5
20 0 5
0 3 5
10 13 5
13 16 5
6 10 2
23 2 6
4 6 6
3 8 3
13 15 6
23 3 4
20 0 6
21 23 4
12 17 5
20 23 1
17 21 6
15 19 5
0 2 6
15 17 2
17 21 1
9 13 5
2 6 2
20 23 2
8 11 6
5 8 6
0 2 3
18 21 5
2 5 4
18 22 2
13 16 1
5 8 6
2 6 5
1 4 4
0 1 5
23 2 1
13 15 2
17 21 6
21 0 3
1 3 4
19 22 3
21 0 3
13 17 4
20 23 4
0 1 3
14 16 6
22 1 5
12 15 2
10 13 6
17 19 5
5 7 2
17 18 5
3 6 2
12 14 3
14 16 4
5 9 2
16 21 3
1 4 1
23 0 1
15 18 6
12 15 3
1 3 3
2 4 5
12 13 6
20 0 1
21 0 5
22 0 2
1 4 4
17 20 6
22 2 2
1 4 4
4 7 1
15 16 1
20 23 1
0 3 1
9 14 6
8 12 4
13 16 3
18 22 5
9 11 3
3 5 1
4 8 4
8 10 5
14 18 5
5 6 6
14 17 4
16 18 1
8 11 5
21 1 3
5 8 1
22 0 2
18 22 6
21 1 2
16 20 4
18 22 4
17 21 6
9 11 4
11 13 3
3 6 4
8 11 1
7 9 5
0 3 6
1 3 4
16 17 6
9 13 3
0 2 6
21 2 1
19 22 2
10 13 2
9 12 5
5 9 4
15 17 3
9 12 5
11 15 5
5 6 1
0 3 1
23 3 5
14 15 2
18 22 1
11 12 2
4 6 2
5 9 4
9 10 5
4 8 3
2 5 5
22 0 4
10 12 1
12 15 6
22 1 1
4 9 4
9 12 4
17 21 3
16 21 3
13 17 2
23 4 1
3 5 5
12 13 3
22 2 1
10 12 6
21 0 6
14 15 1
6 9 3
3 5 6
19 20 3
23 2 4
0 2 1
10 13 5
4 9 5
2 5 2
4 6 4
2 5 6
1 4 6
18 22 3
10 13 3
21 1 1
21 23 2
6 8 1
16 19 2
21 1 2
2 4 1
13 15 3
12 15 5
15 17 3
23 3 4
19 21 3
19 22 3
10 14 6
1 6 1
16 20 2
2 5 1
22 1 3
1 5 5
17 19 5
22 2 4
3 6 2
9 13 5
1 3 4
2 5 4
0 3 5
16 18 5
7 9 3
21 23 3
11 14 5
1 4 6
4 8 1
17 20 2
6 10 5
22 1 3
2 4 3
6 9 6
5 7 1
21 0 5
23 4 6
18 22 5
1 3 2
8 11 2
4 6 6
13 15 2
9 12 3
22 23 6
18 21 6
5 8 4
20 22 1
3 7 3
20 23 4
22 0 5
11 13 6
7 10 6
17 20 5
1 6 1
12 14 1
8 10 1
16 19 2
9 12 3
22 1 4
18 21 2
19 22 4
6 9 3
15 19 5
3 4 5
23 2 3
15 18 5
10 13 4
7 11 5
15 20 1
15 18 5
19 22 6
16 19 3
5 9 6
5 8 3
15 18 4
16 19 4
15 19 2
20 23 2
23 2 2
12 16 2
0 3 1
12 15 2
13 16 5
11 15 1
22 2 3
11 14 1
18 21 4
5 7 2
21 0 6
8 10 4
16 20 2
6 11 2
19 21 1
1 4 4
0 2 6
3 5 6
18 21 2
0 2 4
11 14 2
7 10 6
8 12 5
23 2 1
13 17 2
20 0 3
1 4 4
9 12 2
10 13 2
2 6 1
15 18 1
1 4 5
13 17 3
13 15 6
3 6 2
23 0 6
11 15 1
1 2 5
0 3 3
18 20 1
16 20 4
2 3 5
9 12 4
23 2 2
7 9 5
17 19 5
6 8 5
23 1 5
15 19 4
11 14 4
15 18 5
18 22 4
16 20 4
22 3 4
21 2 2
10 13 4
17 22 1
3 5 6
12 14 6
22 2 1
4 9 5
13 16 5
3 7 5
3 5 6
17 21 1
17 19 1
23 2 1
11 14 6
21 23 6
16 19 6
11 14 1
14 18 2
0 3 3
10 12 1
17 19 6
14 17 6
20 0 1
10 12 1
5 8 4
12 15 3
16 18 4
21 1 5
11 15 3
7 9 4
6 10 2
13 17 1
7 11 1
17 20 5
22 2 5
15 18 2
3 6 1
13 15 6
15 16 3
19 23 2
0 2 6
9 11 6
19 23 2
21 1 2
3 6 5
20 0 5
6 9 2
21 0 2
2 6 2
0 4 4
17 20 2
11 13 1
12 16 4
0 4 3
10 13 4
18 19 4
15 17 6
13 18 5
2 7 5
20 23 1
11 14 5
3 7 1
10 13 5
18 20 4
15 20 1
16 16 6
6 9 2
13 17 2
19 21 6
10 13 4
20 20 5
7 11 4
9 12 1
6 9 2
0 2 6
2 6 4
21 1 5
23 1 6
14 17 2
3 6 4
1 4 5
0 4 6
4 5 3
2 5 3
16 19 4
21 1 5
14 18 3
2 5 3
15 18 4
16 20 4
5 8 5
14 17 4
5 9 2
23 1 1
7 11 3
2 5 6
19 23 5
6 8 4
13 16 4
9 12 2
9 12 4
16 19 3
9 11 5
6 10 5
12 13 3
21 0 3
2 2 1
3 8 1
5 7 6
15 16 1
12 14 2
16 18 1
0 4 6
21 1 4
5 9 4
23 2 1
9 12 1
11 15 6
18 20 3
23 2 5
8 11 6
10 13 3
9 12 6
20 22 2
11 12 6
23 1 6
12 15 1
2 6 5
4 9 6
13 17 6
7 9 5
9 12 6
13 17 4
0 4 5
11 13 2
22 0 5
23 2 4
19 21 4
16 19 6
19 22 1
8 10 2
9 11 6
18 22 3
8 10 3
8 11 5
12 16 5
4 8 5
13 16 6
8 10 2
4 6 6
2 3 6
8 9 1
20 0 3
2 6 6
22 2 1
1 5 6
16 19 5
8 9 5
1 5 3
21 2 3
3 6 6
7 10 1
3 6 6
11 13 3
5 6 1
5 10 1
21 22 4
5 6 1
14 17 2
14 15 5
17 19 6
8 10 5
22 1 5
5 8 1
4 6 3
13 17 1
4 6 1
11 16 6
16 18 4
14 18 6
12 13 2
8 12 1
11 13 6
2 3 3
20 23 1
9 11 3
20 23 2
0 3 3
1 3 4
19 0 1
16 18 3
6 8 1
3 7 6
17 19 2
15 18 5
16 20 3
21 0 2
20 23 5
5 7 6
21 2 2
22 1 6
9 12 5
13 18 3
4 8 6
15 19 5
12 16 4
12 14 3
6 9 6
14 15 5
10 14 2
19 21 5
15 17 1
16 20 1
2 5 6
6 9 1
23 3 4
6 9 1
9 11 1
14 17 2
16 20 6
16 18 3
22 0 1
6 8 5
2 5 3
3 5 4
23 3 1
7 10 4
0 4 4
11 15 3
14 18 3
18 20 5
21 2 2
14 17 3
17 20 2
21 1 6
14 16 2
9 13 6
1 6 2
19 22 6
11 14 3
18 21 4
10 13 5
15 18 6
7 10 6
19 23 3
18 22 6
14 19 1
11 13 6
2 5 5
16 20 1
4 7 6
4 5 4
15 17 1
3 7 2
15 18 5
8 10 4
17 21 4
13 14 4
19 22 2
15 17 2
8 10 1
4 7 1
8 11 4
3 6 6
12 13 5
21 23 3
6 9 6
21 1 2
0 2 4
0 3 1
22 2 3
6 9 1
8 11 3
22 1 1
5 8 4
22 2 3
23 1 6
13 15 5
1 4 1
22 0 5
18 21 2
9 11 4
7 10 2
8 13 3
22 2 3
11 15 4
10 14 3
6 9 1
21 0 3
8 10 1
13 16 3
16 17 3
12 15 5
19 23 5
23 1 3
10 14 5
8 12 1
7 10 1
17 20 3
19 21 4
5 9 3
11 14 4
3 5 3
14 18 5
20 22 1
7 9 5
20 21 3
0 4 3
5 8 3
23 3 6
23 2 3
4 6 3
19 22 5
6 10 6
1 3 5
23 2 1
9 13 1
1 3 5
8 10 1
2 5 4
10 13 4
12 14 3
2 4 6
0 4 2
0 1 1
11 13 2
8 11 2
19 22 4
9 13 3
21 0 3
23 3 3
8 11 2
16 19 5
8 12 3
20 1 1
11 14 2
10 13 2
15 17 5
11 14 3
17 19 5
18 22 1
17 19 6
10 11 6
9 12 1
2 5 2
5 8 6
10 13 4
21 0 4
13 16 3
13 14 3
12 15 4
21 0 6
0 3 2
12 15 1
20 23 2
14 18 6
5 9 6
5 9 4
22 1 3
20 22 2
21 23 6
23 2 3
5 6 3
3 8 4
7 11 3
15 19 5
18 22 5
21 1 4
13 15 4
10 14 2
2 5 4
20 23 2
22 2 6
0 2 5
9 12 3
9 12 1
9 13 2
6 9 4
3 7 2
11 16 1
22 2 5
22 2 1
20 23 1
14 16 3
3 6 5
15 19 3
22 1 6
13 15 1
13 15 3
16 20 6
19 22 4
21 1 1
23 1 4
13 14 3
10 13 5
11 16 4
6 9 1
7 11 2
0 2 6
10 12 2
22 3 5
5 9 6
5 7 5
10 12 2
11 12 4
11 13 2
15 18 5
2 4 4
15 18 4
2 6 1
22 1 1
15 19 5
8 12 3
23 1 1
5 6 1
6 8 1
15 21 1
4 6 3
10 13 4
4 7 1
5 8 6
1 3 3
10 14 5
18 21 4
1 5 5
14 16 5
21 1 6
21 1 3
15 17 4
23 0 1
9 11 5
7 12 5
5 9 5
11 15 6
13 16 4
2 5 6
7 12 6
5 8 2
3 4 6
12 14 3
4 6 2
0 4 2
17 22 6
3 6 4
2 6 5
21 0 2
15 18 2
0 3 3
10 13 5
19 0 3
23 2 1
13 16 3
11 15 5
18 20 6
1 3 4
22 2 6
21 1 3
19 23 4
20 23 2
6 9 2
3 6 5
8 10 3
19 20 4
17 22 6
22 0 1
21 1 3
4 9 6
13 18 5
17 20 2
8 11 2
22 2 2
13 17 4
2 6 1
4 6 4
1 4 6
21 2 5
0 3 3
6 7 4
4 5 4
23 0 3
19 21 4
3 6 3
11 13 6
19 22 6
2 5 1
12 13 2
20 0 3
13 18 4
12 15 1
15 20 1
12 16 6
9 12 2
18 21 1
16 19 2
8 11 1
16 18 6
22 1 2
6 8 3
7 10 6
5 9 5
12 16 5
1 3 2
18 21 3
15 17 6
23 3 6
15 18 3
4 6 3
7 12 5
14 21 6
4 7 4
20 23 1
21 0 6
16 20 5
7 10 6
19 21 2
1 5 1
20 23 5
16 20 5
21 1 6
14 17 6
0 4 1
13 18 3
0 2 4
16 21 2
15 17 1
3 5 3
7 10 4
17 20 5
13 16 2
2 5 1
12 14 1
17 22 2
0 2 4
1 3 6
4 7 1
4 9 4
5 7 2
8 13 4
18 20 6
11 13 6
12 15 4
22 1 1
6 8 4
22 2 3
12 15 3
1 3 6
20 0 1
12 14 6
2 5 6
23 1 2
1 5 1
2 4 2
10 14 3
19 22 5
9 13 2
8 12 6
5 8 1
4 7 6
14 17 1
21 0 5
4 7 3
9 12 6
22 1 4
9 13 5
6 8 3
14 18 5
6 7 4
14 15 5
3 5 6
10 15 1
15 17 4
17 20 5
10 14 5
9 12 2
5 8 1
14 17 1
14 16 4
4 7 4
10 13 2
1 3 2
15 18 1
13 15 4
20 21 6
6 8 2
18 22 6
1 5 4
12 14 4
17 21 6
4 8 3
0 3 1
16 19 3
15 18 1
22 2 6
7 11 6
6 10 5
13 15 1
0 4 5
9 12 5
3 6 5
19 23 6
18 20 2
7 10 6
12 14 6
23 2 2
11 17 6
14 15 3
22 1 1
8 11 2
19 22 1
8 10 6
5 9 6
4 6 2
16 20 1
4 7 1
2 6 1
1 5 4
11 14 4
18 21 1
9 14 3
14 18 3
0 2 4
13 16 6
10 13 1
16 19 6
19 21 3
20 23 5
10 15 6
12 14 4
12 14 5
18 21 2
11 15 2
11 13 4
15 17 3
14 15 3
19 22 3
11 12 6
4 7 6
0 3 6
21 0 2
0 4 2
11 15 3
8 12 4
5 8 3
11 15 4
20 21 4
9 12 3
1 4 6
3 5 1
22 1 3
20 0 4
12 14 5
13 17 3
13 16 2
2 4 5
15 17 2
18 20 4
7 10 4
0 5 4
3 4 4
0 3 1
18 21 3
7 11 4
9 12 1
14 18 1
6 11 5
5 8 4
12 14 4
20 23 2
8 13 4
0 4 6
14 17 6
8 10 1
6 10 4
17 19 1
20 22 3
1 2 5
23 3 6
2 4 3
20 23 5
17 20 1
14 16 2
21 1 4
10 14 1
18 20 1
15 17 4
17 19 3
