2200 15
10 4 9 7 7 3 5 7 9 8 4 2 6 9 4 
12 14 2
16 18 7
14 18 11
4 6 5
8 11 9
7 10 11
2 5 13
10 14 3
9 12 2
10 10 13
4 7 6
20 23 12
12 16 6
15 19 8
14 18 15
18 22 6
3 6 4
9 11 7
2 5 2
1 4 13
2 5 3
14 16 1
21 22 10
17 19 4
17 21 6
17 20 11
10 14 10
18 22 3
5 8 5
9 12 12
12 15 9
5 7 1
5 8 3
23 1 4
17 19 2
23 1 15
18 20 13
10 13 11
18 21 6
23 3 4
0 3 13
7 11 12
14 18 12
0 2 1
11 14 4
3 5 5
7 9 8
1 2 7
13 17 15
16 19 6
6 8 3
1 3 13
1 3 1
2 5 12
14 17 2
8 11 15
5 10 10
0 2 7
5 7 6
5 8 14
17 20 10
15 18 9
8 11 6
10 13 9
12 16 14
6 9 6
15 18 15
22 2 6
8 13 12
8 9 9
22 1 4
3 4 11
20 0 12
6 10 11
3 5 7
4 7 2
20 23 10
10 14 6
20 23 5
16 20 10
22 2 4
11 14 8
0 2 2
20 1 4
22 1 10
20 0 6
15 19 4
23 1 6
22 0 7
3 6 1
7 9 4
16 19 12
3 6 11
22 3 2
18 21 13
16 17 15
7 12 15
11 14 5
21 0 4
8 11 2
10 13 1
3 7 5
23 4 9
21 0 2
14 17 8
22 0 15
8 12 12
17 20 13
2 5 8
13 18 13
12 14 12
3 5 10
1 5 5
17 21 10
20 23 7
5 9 5
10 13 14
0 2 11
22 0 4
19 21 2
2 6 9
6 8 1
9 13 9
20 22 10
10 13 5
5 8 8
14 17 5
7 10 14
10 12 7
11 12 1
15 18 7
22 0 3
16 21 2
13 17 6
19 23 11
6 9 5
5 7 14
13 16 1
11 14 5
14 17 3
7 9 8
10 13 5
14 19 4
19 22 5
18 21 6
1 6 3
19 22 1
5 9 8
18 22 8
0 4 13
17 20 3
6 9 14
0 2 7
14 18 7
23 2 12
17 21 9
12 15 5
6 9 2
2 5 8
23 2 7
7 9 4
7 9 14
16 19 8
13 16 13
19 0 9
2 6 8
10 12 3
11 13 13
8 11 1
3 10 9
12 15 3
9 11 4
18 22 1
21 0 4
8 12 9
14 18 10
22 0 8
2 6 9
6 9 5
3 6 9
1 4 6
12 13 8
6 10 14
0 3 5
22 2 2
6 9 11
19 0 12
17 20 4
14 17 3
17 21 4
16 20 14
20 23 6
16 19 14
8 9 5
7 10 5
9 13 13
12 16 15
9 10 5
21 22 15
3 6 10
9 10 9
11 13 7
18 20 15
22 2 15
18 21 13
2 6 15
15 18 7
13 15 9
10 12 11
8 11 1
3 5 11
2 4 15
4 6 4
9 12 6
5 7 10
9 13 5
9 13 5
12 16 9
16 17 13
20 0 15
18 22 10
1 8 5
23 0 5
18 21 6
5 9 11
3 7 2
7 10 9
10 12 10
10 12 8
16 19 9
2 7 7
2 6 11
7 12 2
15 18 14
14 18 11
22 23 8
15 19 2
1 6 4
7 9 6
14 16 4
1 4 15
11 13 8
23 1 13
23 1 8
14 17 11
13 15 9
15 17 2
10 13 7
3 6 5
20 23 8
3 7 3
3 7 12
20 23 2
2 6 3
23 2 15
21 23 11
11 13 6
12 16 12
17 20 12
13 18 1
6 9 14
0 4 6
9 13 15
5 8 7
10 12 1
10 14 1
11 12 5
6 11 7
16 18 7
20 23 13
16 19 12
22 0 7
9 12 8
9 14 7
7 8 2
20 23 5
15 17 9
12 16 5
15 18 5
9 14 13
1 4 5
12 16 5
19 21 13
12 15 10
2 3 2
18 20 9
1 5 4
7 10 5
0 2 4
16 17 4
20 22 3
14 18 14
5 9 6
9 12 3
18 20 12
13 16 14
8 10 8
18 21 11
9 12 11
21 0 10
21 1 11
5 8 4
6 10 9
3 6 9
14 17 7
20 23 11
10 14 13
19 23 13
1 3 15
5 9 9
20 23 3
5 9 8
18 21 3
22 1 2
21 0 12
2 4 9
6 9 11
18 21 15
13 17 6
21 21 10
20 22 6
16 22 5
22 0 12
2 6 13
23 0 4
13 15 5
13 14 10
19 21 3
18 19 3
5 10 4
16 18 13
6 10 5
21 1 12
23 0 2
15 19 7
16 21 9
14 17 1
9 11 11
12 14 8
18 22 10
12 16 8
15 17 15
17 20 1
22 0 6
13 15 2
18 20 1
23 3 6
5 8 2
0 3 2
9 12 1
16 19 10
6 9 8
21 0 9
0 2 1
19 22 14
12 16 12
15 18 8
18 21 1
16 20 10
10 12 13
2 6 14
1 5 10
14 17 2
10 14 7
15 17 7
14 18 11
8 10 6
21 2 10
2 4 7
6 9 12
11 14 10
11 13 8
14 16 6
9 12 2
15 19 5
5 8 15
6 8 9
16 19 7
21 22 14
2 3 11
10 13 1
10 14 13
20 23 5
1 4 10
19 21 11
2 4 10
15 17 13
10 12 2
17 18 15
15 18 4
23 3 14
13 15 7
9 13 5
21 1 15
13 18 11
20 21 9
23 3 5
11 14 10
10 13 10
16 21 11
19 22 2
2 3 10
23 0 1
19 22 5
12 14 1
13 16 4
14 16 9
1 4 15
9 11 3
1 5 13
10 13 14
20 0 13
8 11 15
13 17 11
7 8 1
23 1 9
4 6 1
11 14 2
11 16 8
8 12 14
0 2 2
21 23 13
12 15 9
22 2 12
23 2 2
11 14 13
15 19 11
8 12 7
22 0 5
13 15 9
22 0 5
21 1 4
11 13 6
8 10 5
16 18 6
12 16 6
22 23 10
23 2 7
4 7 8
2 4 15
22 3 7
2 6 5
11 14 9
8 10 3
6 11 10
9 12 7
2 4 12
19 21 5
13 17 9
12 16 8
18 21 11
10 13 13
3 6 15
13 15 3
8 12 3
21 23 13
8 12 10
8 13 3
21 1 6
15 18 9
8 10 12
18 21 5
15 17 10
2 5 13
6 9 8
17 20 4
21 0 2
8 13 4
14 18 3
11 14 2
15 18 6
14 16 5
14 16 13
4 9 11
0 3 2
0 3 7
9 11 9
8 12 13
13 16 2
16 18 12
14 18 12
20 23 6
0 3 15
17 22 15
8 12 6
16 19 3
21 0 13
21 23 14
11 13 10
19 22 2
0 3 8
14 17 7
9 11 13
7 10 2
2 4 5
7 11 1
13 16 6
21 0 5
8 12 7
3 6 6
15 19 1
1 3 13
12 16 11
22 2 15
13 17 5
7 10 11
5 7 2
19 22 2
19 22 14
6 9 13
11 14 9
23 3 9
10 13 5
9 12 1
18 21 10
21 0 3
7 10 13
20 23 12
14 18 9
8 12 9
6 10 7
13 16 9
10 14 4
14 16 4
14 17 4
12 14 11
19 21 5
15 18 4
14 17 1
18 20 2
12 16 9
5 8 9
22 0 1
19 22 1
0 3 7
5 8 14
9 13 13
1 5 5
7 11 3
20 22 4
0 3 3
4 6 3
23 2 2
1 5 15
1 5 12
5 8 14
12 14 9
8 13 15
6 9 1
19 21 12
20 0 14
19 22 10
17 21 7
5 8 12
4 6 9
21 1 13
19 21 1
17 20 10
11 13 1
21 0 3
8 10 5
20 0 7
17 22 2
2 7 14
3 5 4
13 16 6
23 3 9
6 8 10
1 3 11
11 13 13
2 6 7
7 10 6
3 5 7
9 11 11
22 1 7
21 0 13
2 3 12
1 5 1
0 2 8
3 5 4
8 10 5
10 12 11
19 23 3
8 9 12
9 10 12
4 7 12
6 10 9
0 4 10
16 18 9
9 12 5
10 13 1
14 17 1
15 17 2
0 3 11
8 11 11
15 17 14
14 18 4
10 14 11
0 5 7
1 5 3
18 21 8
2 6 13
2 6 2
17 20 6
20 23 12
4 6 9
14 17 9
8 11 14
8 11 11
9 13 15
13 14 9
17 21 4
0 2 5
8 10 5
6 9 15
16 17 14
18 21 11
3 7 5
14 16 8
17 19 7
11 12 7
8 9 3
10 13 9
6 9 5
0 3 7
5 7 4
15 19 12
7 9 7
8 10 15
14 16 15
20 23 15
21 0 8
15 18 11
19 23 6
20 22 2
12 14 11
13 19 5
9 11 2
8 12 11
4 6 15
5 8 3
6 9 11
6 6 6
6 10 3
21 23 2
13 17 4
23 2 8
16 18 10
18 22 2
8 11 11
15 18 4
0 3 3
15 17 6
10 14 14
5 9 5
6 10 8
3 6 7
0 2 15
4 8 14
17 20 6
4 5 13
17 21 10
16 19 11
17 21 1
11 15 7
6 10 15
21 23 12
0 2 8
1 4 13
21 23 2
0 3 3
15 18 12
11 13 13
3 7 11
22 1 1
20 23 4
20 22 1
7 10 12
23 1 11
16 21 15
0 3 1
21 23 11
6 8 2
13 17 10
8 11 1
4 7 15
9 11 5
15 19 15
10 12 12
5 9 10
7 9 9
6 9 3
1 5 1
11 11 5
18 21 13
21 2 13
23 3 9
23 2 11
8 11 5
5 9 10
1 5 12
11 13 11
16 20 6
12 15 14
14 16 14
5 8 9
9 13 1
13 17 2
11 15 5
13 16 13
20 21 7
11 12 10
6 9 10
23 2 4
9 13 1
9 13 5
8 12 4
3 6 1
20 21 12
11 15 6
15 18 7
12 16 3
19 22 15
6 9 15
16 19 4
9 12 2
2 5 9
5 7 7
1 5 6
18 22 3
17 20 15
2 4 7
6 10 6
23 2 7
14 18 14
14 17 13
23 3 2
16 19 7
5 9 8
1 3 7
22 23 6
0 3 8
7 10 3
17 19 12
21 0 11
3 6 9
5 10 12
15 18 8
20 23 13
5 8 7
12 13 12
20 23 11
0 2 5
22 0 8
1 5 11
15 19 10
13 16 9
10 12 1
12 15 13
10 13 10
21 0 10
22 3 2
14 17 12
0 4 9
16 19 8
10 12 5
19 22 4
13 16 10
19 22 11
8 10 7
13 15 14
21 0 10
2 6 12
16 21 8
5 9 12
13 15 14
20 23 2
9 13 3
21 0 9
10 12 14
18 20 4
0 4 15
15 18 12
1 6 2
7 11 1
7 10 2
4 4 13
14 16 5
1 3 4
1 5 8
8 11 15
20 23 14
10 11 1
23 3 5
6 9 8
14 16 5
0 2 7
9 13 5
1 3 12
1 4 15
12 14 9
3 5 15
23 3 14
12 15 3
16 19 4
9 10 15
17 20 13
14 17 5
20 0 5
3 6 15
19 21 1
15 18 3
9 10 11
15 17 10
5 9 5
17 21 13
23 0 6
2 5 10
7 10 6
2 5 15
3 8 11
6 10 6
14 18 2
7 10 12
3 7 4
13 17 4
16 20 11
22 2 15
23 2 15
17 19 4
7 10 3
10 13 14
21 2 2
11 14 4
21 0 6
23 2 15
10 13 11
14 16 12
7 11 12
10 14 10
8 10 11
8 10 1
12 15 12
10 14 13
9 11 4
22 1 4
2 5 8
4 8 6
7 9 3
17 20 14
12 15 11
1 5 5
20 0 4
16 18 7
1 2 8
8 10 3
4 6 14
4 7 10
1 2 1
16 21 2
9 10 6
16 18 2
3 7 11
18 21 13
0 4 7
7 9 4
18 19 8
16 19 1
4 7 4
6 8 12
14 17 15
9 12 4
15 19 8
14 14 2
9 13 1
23 2 15
1 5 8
23 0 12
3 6 4
4 9 14
16 18 15
6 10 10
14 16 5
7 10 10
10 12 6
17 21 13
13 15 10
13 17 4
20 22 2
20 23 3
14 18 9
16 19 2
12 14 6
8 12 3
8 12 10
6 10 12
14 16 5
18 20 4
17 20 2
15 19 13
6 8 1
9 12 4
8 10 3
10 12 3
10 14 7
13 18 15
1 5 12
18 19 15
14 16 1
19 22 2
14 18 4
7 11 14
3 4 15
13 17 15
17 18 10
18 20 10
21 0 7
19 23 7
19 22 7
19 23 6
12 18 12
2 4 10
12 13 5
12 14 2
17 20 10
15 19 10
12 15 1
23 1 10
22 2 4
7 11 10
3 6 6
12 14 13
20 23 11
15 16 6
2 6 5
3 5 2
1 3 5
22 2 14
21 0 5
7 11 3
15 17 15
18 21 14
16 19 9
2 6 7
9 11 7
2 5 6
8 12 9
8 11 12
3 5 1
21 23 12
13 17 8
16 18 15
0 4 5
10 13 4
20 23 10
0 2 10
14 17 8
23 2 2
5 9 13
23 1 1
8 11 7
17 19 13
22 1 10
9 11 14
3 6 10
22 2 8
15 18 1
3 5 12
6 9 5
2 5 11
17 20 4
19 22 10
8 12 10
15 18 1
4 8 2
13 16 13
17 20 5
7 10 2
6 9 10
11 15 11
7 10 2
16 18 3
9 11 9
4 7 3
19 0 11
3 4 10
15 18 7
6 10 12
17 21 12
23 2 12
20 23 11
17 21 4
7 10 9
12 15 4
7 9 1
0 4 7
19 23 10
5 8 5
6 9 11
7 10 13
22 0 12
13 17 3
15 19 9
11 16 12
22 0 3
1 4 13
19 23 5
10 11 11
6 9 3
18 21 10
5 9 10
4 7 9
17 19 11
19 22 9
1 6 3
15 18 5
10 13 11
9 13 4
23 1 14
23 2 7
17 19 3
15 17 6
7 12 7
15 18 6
21 0 7
17 21 4
2 4 10
5 8 14
10 13 12
9 12 6
5 10 9
16 20 13
15 20 1
8 11 13
17 20 6
1 6 3
14 17 8
23 1 6
1 3 8
8 10 10
5 8 8
21 0 10
9 13 5
0 4 1
2 6 5
15 18 12
19 0 1
4 7 4
5 8 5
20 23 10
3 7 8
3 4 13
4 7 15
13 16 15
11 12 9
14 17 1
0 4 10
14 17 10
10 12 15
21 23 2
16 19 8
0 3 1
12 14 10
11 14 5
9 11 13
12 16 11
13 15 7
17 21 4
2 7 4
6 7 13
13 17 8
3 7 3
20 23 7
16 20 6
2 5 13
3 4 6
16 18 12
11 14 15
18 20 8
8 10 5
4 7 8
11 15 6
15 18 11
1 4 4
9 13 13
14 16 14
13 16 5
12 16 3
2 5 7
23 2 3
17 21 3
6 8 7
16 19 15
16 21 8
0 3 14
17 20 10
14 16 11
10 15 2
19 0 8
21 0 13
20 23 7
3 6 15
6 8 8
5 8 13
12 14 7
1 4 7
6 9 3
12 15 13
2 4 2
13 17 3
17 19 13
2 3 11
14 17 4
18 20 1
18 21 4
4 8 10
7 10 7
3 6 13
3 5 11
6 10 1
3 7 6
23 1 15
19 0 11
17 21 10
8 13 15
8 9 15
11 14 8
23 0 12
20 23 4
12 16 1
8 12 10
15 19 7
4 7 7
23 2 3
7 10 7
18 21 8
12 16 5
20 22 5
2 5 12
16 19 7
8 9 2
22 1 10
19 21 10
18 0 2
5 9 10
18 22 8
19 22 1
7 10 1
22 2 11
20 22 14
2 6 7
18 21 8
12 14 7
7 10 14
11 13 14
13 15 1
6 9 3
9 13 14
21 23 6
8 11 5
4 7 13
8 9 4
20 22 14
2 5 8
4 8 2
11 15 14
9 11 2
16 17 12
22 2 1
1 4 9
11 13 11
23 1 5
1 3 7
1 4 13
12 16 14
18 20 1
13 16 9
3 6 14
23 0 5
0 5 10
18 22 4
10 13 1
6 8 4
7 10 5
3 6 2
19 21 6
18 21 7
22 1 15
17 21 10
6 9 1
8 10 10
16 19 12
0 4 10
22 1 4
19 21 5
11 14 2
6 7 11
2 6 11
19 22 15
18 20 6
10 12 6
12 14 2
3 6 3
8 12 2
6 9 15
12 15 11
20 22 6
17 21 7
1 5 6
13 15 9
18 21 9
2 5 15
0 4 11
5 8 7
8 9 2
8 10 9
3 6 7
3 8 8
9 11 9
5 9 12
21 0 3
4 9 4
9 12 11
12 14 1
23 1 2
4 8 12
20 22 10
15 17 4
17 22 1
20 23 3
23 2 4
21 23 1
18 22 7
0 3 11
3 6 4
4 5 8
11 15 8
21 0 14
2 4 11
23 2 3
2 4 8
16 19 7
7 11 12
6 6 1
12 16 13
12 16 10
5 8 1
1 4 3
15 17 13
19 22 12
18 21 13
5 9 14
17 21 15
21 1 11
18 20 5
3 6 6
0 4 15
7 10 6
19 23 4
21 0 6
7 11 7
19 22 1
13 15 6
0 5 11
1 2 13
4 6 7
3 7 14
6 9 8
2 7 4
13 16 3
5 10 11
20 1 2
22 1 15
13 17 1
14 15 1
1 5 7
18 21 8
12 16 10
0 3 3
23 2 12
6 10 10
23 2 1
17 19 5
12 14 6
1 5 8
20 1 9
15 18 11
23 2 5
14 15 6
16 19 11
2 5 13
17 21 7
1 4 10
6 10 6
20 23 11
0 4 4
4 8 10
7 10 11
6 11 14
17 20 4
22 0 9
11 15 12
5 6 2
17 19 4
8 11 6
6 10 2
2 4 3
16 21 12
15 19 5
4 7 14
22 4 11
7 11 13
1 4 13
15 18 10
0 3 4
20 23 7
23 3 15
22 1 7
0 4 1
6 9 8
13 17 14
3 5 14
12 14 8
3 5 5
10 13 7
9 14 14
20 21 3
1 3 4
22 2 6
9 12 4
18 19 9
8 10 13
0 1 11
14 17 13
7 11 7
22 1 6
2 5 6
18 20 3
14 17 7
21 0 12
13 15 8
11 15 14
7 9 9
3 7 10
12 16 10
18 20 4
12 16 9
13 17 8
18 23 2
12 16 6
13 16 6
15 19 1
19 23 6
23 2 4
21 0 7
3 5 5
17 19 6
3 6 13
12 15 8
3 7 12
12 16 3
11 15 14
10 14 10
9 12 10
13 16 2
21 1 14
1 4 11
4 6 12
13 16 13
1 3 12
14 16 10
6 10 6
16 20 9
18 21 10
3 4 5
20 23 15
17 20 15
10 13 2
13 15 8
10 13 7
8 11 15
14 16 10
20 0 10
16 18 7
23 1 15
21 1 8
3 6 14
22 0 10
0 2 15
3 6 4
5 10 7
16 19 1
1 4 5
10 14 3
8 12 3
8 11 9
22 0 9
14 17 9
2 4 9
19 23 9
0 3 13
10 11 15
11 13 8
21 23 12
1 3 3
0 3 6
17 19 11
17 21 5
21 1 10
19 21 2
1 3 3
3 5 12
23 3 2
6 9 3
23 3 9
10 13 12
3 5 4
14 18 7
0 4 14
8 9 3
22 2 2
23 1 11
16 19 7
3 5 3
8 10 8
22 23 5
8 10 6
11 13 2
12 16 13
8 13 9
7 11 6
7 10 5
15 16 10
8 12 9
23 1 9
8 11 9
19 22 12
6 11 11
13 18 6
6 10 11
9 12 14
21 0 8
21 23 9
16 20 6
3 7 1
7 10 1
15 17 9
14 17 3
14 16 14
19 21 10
13 17 14
7 9 1
11 14 4
7 11 7
14 17 8
7 10 1
0 3 5
6 9 5
19 19 11
11 13 13
22 1 7
12 15 9
5 8 3
14 16 15
15 18 14
17 22 4
13 18 4
19 22 10
1 5 14
17 19 11
16 20 13
20 20 11
7 11 2
10 13 12
0 3 14
4 8 14
10 13 8
5 9 7
11 12 3
16 20 2
1 3 7
11 14 1
7 8 6
12 15 5
22 2 6
18 22 5
17 19 3
4 8 11
22 0 10
11 13 15
5 8 6
5 10 1
21 0 4
22 0 15
13 16 7
22 2 1
20 0 6
11 15 1
6 8 11
20 23 13
14 16 10
17 21 12
23 2 1
4 7 2
20 23 10
17 21 15
8 10 2
8 11 2
11 16 1
19 22 6
23 0 7
7 10 1
21 1 2
10 13 3
4 7 3
4 6 5
1 4 3
2 6 6
10 14 9
9 12 14
7 10 8
4 8 7
2 5 13
15 19 5
22 23 11
1 4 2
2 5 2
14 19 4
22 0 8
6 9 6
19 0 3
13 16 7
22 1 11
0 2 15
4 7 2
22 1 2
17 20 5
5 10 5
3 8 15
23 1 11
12 15 11
13 15 15
5 9 7
6 10 4
1 4 12
4 8 8
16 19 11
12 14 8
3 4 5
0 2 8
1 4 12
9 12 3
10 12 7
7 10 8
19 1 13
1 1 6
15 20 2
16 20 12
14 17 12
15 19 5
16 18 6
0 3 5
8 9 1
16 19 10
7 10 13
6 11 6
2 7 7
5 8 4
7 10 1
7 10 11
21 0 13
1 4 15
12 15 15
14 15 4
10 14 9
4 6 14
13 16 12
15 18 13
9 14 8
17 20 6
19 22 12
7 10 3
4 6 13
11 13 1
15 17 14
1 2 9
3 7 12
2 5 4
11 11 15
10 13 13
3 6 14
5 8 1
22 0 11
9 11 7
23 3 15
16 18 10
12 15 11
0 3 10
20 23 2
13 17 10
3 4 12
7 9 1
20 23 3
0 4 1
4 8 1
7 11 3
5 8 10
16 20 1
13 16 9
8 12 13
20 22 11
20 0 4
20 1 3
7 11 10
7 12 6
12 14 8
8 13 14
9 12 13
9 10 9
23 1 1
12 15 7
15 17 15
22 3 14
20 23 12
15 17 11
4 6 13
15 17 14
17 20 8
23 1 4
17 20 2
1 4 1
11 13 8
4 7 6
10 13 10
0 2 9
18 23 4
20 23 6
11 13 1
5 9 3
8 11 4
19 21 7
1 4 12
1 3 5
8 11 1
23 2 4
7 10 1
8 8 4
19 23 3
15 18 8
15 19 13
5 6 14
8 12 7
5 8 10
11 13 7
15 21 5
16 17 6
11 15 3
11 13 4
11 14 15
16 18 4
23 1 2
20 0 5
9 11 7
0 3 2
14 18 7
15 17 5
14 18 5
0 4 15
1 6 5
3 7 11
19 21 10
22 2 2
23 1 2
14 17 13
8 13 4
23 2 9
12 16 12
9 12 7
20 23 10
17 20 11
0 2 13
9 13 13
14 17 15
23 1 4
20 1 14
20 23 12
22 1 14
19 21 7
16 19 3
22 1 2
8 9 10
10 13 12
8 11 2
21 0 10
6 8 1
5 9 7
17 20 9
21 0 14
18 22 13
19 21 12
22 1 1
3 6 11
4 7 6
10 11 10
16 19 1
21 1 11
9 12 10
6 6 6
20 1 3
1 3 14
22 2 13
16 19 9
20 23 4
7 10 15
11 13 8
21 1 11
2 4 2
6 8 4
2 4 4
9 11 7
20 23 1
4 8 12
3 5 13
22 2 15
1 4 15
3 7 1
5 8 5
7 10 9
15 18 3
15 17 10
6 9 12
8 11 12
14 16 3
15 18 1
4 7 11
21 22 6
3 6 7
15 18 4
1 4 4
20 21 8
2 5 1
19 21 12
2 6 10
9 12 7
11 15 14
2 5 8
18 22 14
10 13 4
4 5 4
6 10 13
11 14 6
9 11 3
3 6 11
13 18 15
22 1 11
14 16 12
2 4 1
7 11 12
11 14 2
5 9 15
12 17 9
6 9 1
8 12 13
9 9 12
21 23 4
16 19 4
11 15 8
3 6 9
17 20 10
5 8 13
20 23 7
3 6 8
15 18 7
10 12 6
6 9 15
17 20 5
15 17 13
8 10 11
1 3 4
19 21 14
5 8 14
6 10 2
12 15 13
0 0 8
20 23 4
14 16 10
3 7 15
4 7 4
13 17 5
13 16 5
15 18 3
11 15 3
10 13 9
21 1 7
19 22 7
19 22 1
6 8 7
4 6 2
0 2 11
23 1 15
8 11 14
19 23 15
3 6 10
21 2 15
12 15 4
2 5 9
6 10 9
23 4 10
8 10 8
20 22 2
23 2 15
20 0 14
2 5 3
5 9 4
22 2 15
20 23 12
4 7 11
12 16 11
5 7 9
7 11 4
17 21 6
15 19 9
14 16 9
6 10 4
4 8 8
16 20 12
21 22 15
14 17 1
4 6 7
0 3 6
3 6 5
0 4 5
17 20 4
8 10 1
22 1 9
7 10 14
15 20 7
10 13 2
12 14 14
18 20 2
23 3 6
22 1 11
0 3 13
17 19 1
18 21 3
18 20 10
7 11 14
4 7 4
21 23 15
23 2 11
15 18 9
3 8 14
15 18 1
9 11 8
13 16 14
6 9 15
4 7 9
6 8 12
12 17 8
16 19 13
2 5 2
15 21 12
16 20 8
21 23 12
8 12 15
14 16 6
3 5 7
11 14 3
9 12 4
21 1 12
21 22 5
3 5 9
10 13 1
6 8 6
23 2 1
20 0 4
12 15 7
7 11 13
12 15 13
20 0 10
3 6 5
11 15 13
18 21 11
13 16 7
5 9 7
21 2 12
21 22 8
5 8 7
4 7 14
13 17 14
22 1 13
15 20 12
22 1 9
1 2 12
7 12 13
2 4 14
7 10 6
22 2 9
14 16 11
13 15 14
22 0 5
5 9 6
6 8 1
21 23 7
1 3 12
10 15 6
21 0 6
18 21 9
17 22 2
8 10 15
2 4 9
9 12 13
12 16 11
23 5 2
18 19 4
11 14 14
11 14 8
9 10 10
6 9 13
3 6 13
6 9 1
11 14 3
18 20 12
19 23 11
23 3 6
16 21 3
13 15 11
22 0 3
5 7 9
1 4 6
21 21 4
0 3 14
15 16 8
17 21 5
16 18 6
6 10 13
16 20 14
13 16 7
4 7 10
8 10 6
22 1 10
0 1 4
12 16 15
0 4 10
13 17 11
20 0 14
15 21 6
19 22 3
9 9 3
18 22 2
21 2 5
3 6 6
10 14 5
13 15 1
15 17 11
9 12 12
2 5 11
17 21 11
3 7 14
6 10 1
16 18 7
1 5 2
1 5 9
8 11 10
8 12 6
16 18 4
2 5 5
10 13 9
14 17 7
12 14 5
9 12 6
11 15 14
1 2 2
4 7 7
19 23 8
15 18 1
12 15 12
19 22 11
10 12 11
21 23 15
11 14 1
9 11 6
14 15 7
11 13 5
6 9 15
16 18 7
1 5 13
16 20 4
17 21 14
8 11 13
23 2 11
23 2 4
22 0 13
23 2 9
12 16 14
13 17 6
9 14 9
19 21 8
1 4 1
10 12 12
15 18 7
18 22 8
4 8 3
9 13 1
9 11 15
12 15 14
2 6 7
0 2 3
9 12 10
0 1 11
21 23 6
10 14 9
20 23 9
21 1 4
6 10 4
2 6 15
18 20 12
3 5 5
13 16 1
1 4 3
7 9 1
1 5 1
19 20 1
18 21 6
6 10 5
0 1 11
12 16 6
10 11 5
22 1 14
18 21 14
4 7 14
13 16 5
2 5 15
20 0 14
8 11 12
20 23 8
13 16 15
19 21 8
12 14 11
6 8 1
13 14 5
1 4 8
16 20 13
22 1 14
19 22 1
2 5 1
8 11 4
23 2 12
14 18 15
3 6 9
9 11 3
21 1 5
23 1 9
6 10 5
23 1 1
4 7 14
3 7 10
16 20 14
2 5 11
12 13 1
4 7 2
7 9 1
3 4 5
7 10 6
6 9 10
2 5 15
11 14 2
12 15 5
4 10 15
21 0 7
13 17 4
6 10 4
19 22 10
11 15 10
23 2 1
11 13 6
21 1 6
22 1 3
22 1 9
8 10 8
21 23 4
15 17 8
2 3 11
5 6 12
4 7 3
22 1 13
1 4 12
18 21 11
14 16 1
6 10 7
4 7 11
21 2 5
6 7 9
17 20 7
11 15 1
6 8 5
15 19 13
12 16 7
0 2 10
20 23 15
3 7 6
3 6 6
16 19 1
11 15 12
9 13 11
17 19 4
13 16 9
6 9 9
14 18 7
19 22 1
11 14 5
21 23 13
18 22 5
17 19 2
18 22 2
5 9 14
12 16 13
7 9 14
17 20 15
5 6 12
12 16 3
4 6 7
6 10 3
10 12 10
11 15 4
15 17 7
0 4 1
22 0 4
23 3 6
18 21 10
2 4 14
13 17 10
7 10 6
6 9 2
11 13 3
14 16 2
19 23 2
22 2 13
18 21 15
12 16 14
0 2 15
14 18 3
6 9 4
2 5 8
19 23 13
19 22 5
4 6 13
0 3 10
16 19 14
11 14 7
19 23 8
6 10 12
22 3 14
14 18 4
6 10 13
19 23 1
1 5 13
0 4 11
21 1 12
5 10 6
0 3 2
3 5 5
9 12 3
21 0 4
1 2 5
14 15 12
15 18 12
2 6 6
7 12 6
13 16 2
0 2 8
23 0 10
15 20 13
0 4 2
7 11 5
5 9 9
20 22 12
14 18 5
14 18 7
4 6 3
3 5 5
8 12 13
12 16 5
4 7 6
10 13 9
19 23 6
5 8 7
6 10 11
10 13 10
18 21 11
1 3 10
6 9 15
0 3 9
16 19 14
16 20 10
7 11 12
9 11 8
4 6 11
14 15 12
10 14 13
