2550 14
10 8 9 7 2 6 8 7 2 10 8 5 1 5 
1 4 9
8 11 13
5 9 2
6 10 11
7 9 2
5 8 4
12 15 11
4 7 1
13 16 1
14 15 8
3 5 11
9 13 14
17 19 14
20 21 7
6 10 6
20 23 11
3 5 10
3 7 7
15 17 1
11 13 5
0 3 2
22 1 13
13 15 4
4 7 4
11 14 14
6 10 2
21 23 4
17 20 14
9 12 14
11 14 1
21 0 8
4 7 2
18 22 8
14 17 4
18 20 10
5 9 2
22 0 8
6 8 9
1 4 1
17 20 6
1 4 5
8 10 3
5 9 4
13 18 1
6 10 6
5 7 5
17 19 7
21 23 3
0 3 8
13 16 13
0 3 1
18 21 2
22 2 4
12 16 12
19 23 9
18 21 14
19 21 8
11 14 13
12 16 12
9 13 11
2 6 1
1 5 1
14 18 6
18 20 8
22 1 2
21 23 9
23 1 13
1 5 5
2 8 13
16 18 6
7 9 12
4 7 14
19 23 2
16 18 10
1 4 2
10 12 1
7 10 12
8 12 10
21 23 7
19 0 8
13 17 1
22 2 6
8 11 4
20 0 4
3 7 11
20 21 1
20 23 4
7 10 10
5 6 11
14 17 9
12 14 6
5 7 9
2 6 6
15 18 6
8 10 3
5 8 3
10 13 1
17 18 11
14 17 3
18 23 8
10 13 8
17 21 11
22 1 3
19 23 13
16 17 12
18 22 13
23 3 5
7 7 5
16 18 1
10 13 6
14 18 8
23 3 4
10 11 9
5 9 2
9 12 8
20 0 4
19 23 3
3 6 5
14 16 1
20 23 1
7 9 4
15 19 6
7 12 1
5 9 12
8 13 9
10 11 3
4 5 8
22 2 2
3 6 2
2 3 4
22 1 9
18 21 12
17 21 12
16 19 5
7 9 10
9 13 13
20 23 14
22 2 10
21 1 13
23 1 4
10 11 4
17 19 10
18 20 8
3 4 1
19 22 3
0 5 11
13 17 13
4 6 10
23 2 3
3 6 8
19 0 7
2 5 4
20 0 6
20 23 5
22 1 11
2 3 11
6 10 10
3 7 2
2 6 10
3 6 11
15 16 9
5 7 3
6 10 11
9 13 3
14 15 13
20 22 2
20 1 2
13 15 6
4 6 6
17 19 14
7 9 3
8 10 6
20 23 4
3 6 10
0 2 13
19 21 5
10 13 3
20 23 7
17 19 5
4 6 1
2 5 8
2 6 2
19 22 6
22 3 5
16 19 7
17 19 4
13 17 14
5 9 3
3 5 12
1 1 12
13 16 7
10 14 1
21 23 11
23 2 13
12 16 13
6 9 10
10 11 14
4 8 1
19 20 8
20 0 13
5 8 2
18 20 1
2 4 11
14 18 4
9 14 13
8 10 9
1 3 13
4 7 1
21 23 2
16 19 5
0 4 2
10 13 11
0 3 2
7 9 6
12 14 9
7 9 5
5 9 9
12 15 7
3 5 1
9 12 14
11 16 9
10 14 2
14 17 8
0 3 12
2 4 8
3 7 1
1 5 8
2 4 12
13 16 8
23 2 13
11 14 10
2 6 9
22 0 9
18 21 14
22 1 8
8 13 4
21 23 13
20 0 1
5 8 12
14 19 13
9 12 2
1 4 12
17 20 13
21 1 14
14 17 12
19 21 9
14 17 13
11 13 2
5 8 13
20 23 11
7 11 7
5 7 14
20 22 6
10 10 14
18 20 1
22 2 1
21 0 1
22 0 1
3 6 7
20 23 12
1 1 11
20 23 12
16 18 2
13 18 1
20 2 13
13 17 11
6 10 1
6 10 2
23 2 1
0 2 7
3 6 14
10 13 10
12 14 1
21 0 2
11 14 10
1 2 5
6 10 14
1 4 10
20 0 12
3 8 3
15 19 12
12 16 10
16 21 4
7 10 9
10 14 14
8 10 14
8 11 11
19 22 7
0 3 6
5 8 6
22 2 13
17 20 11
21 22 2
1 4 3
20 1 5
16 17 6
19 23 1
19 22 2
18 20 4
1 6 8
21 0 6
4 6 10
4 6 3
0 5 2
1 4 5
5 10 10
21 23 3
17 20 4
14 15 14
0 3 9
0 5 12
20 0 5
6 9 4
11 15 12
2 5 9
10 13 10
3 5 14
21 1 4
19 22 13
16 20 4
19 22 13
22 0 10
20 0 8
21 23 6
20 23 2
1 3 10
6 9 4
23 3 12
14 17 9
8 10 2
4 7 3
17 20 12
11 13 4
8 12 2
0 2 2
2 5 10
15 19 14
1 6 8
12 15 8
2 7 12
21 1 12
13 14 2
4 9 12
16 19 13
0 2 4
9 12 10
16 21 1
7 11 6
21 23 9
13 15 11
2 5 1
9 14 14
15 17 1
8 12 3
15 18 13
21 1 9
23 1 13
20 0 11
16 19 6
5 9 14
22 0 5
18 21 7
0 3 12
5 8 10
21 22 6
12 13 2
16 20 9
19 22 14
0 2 14
0 3 8
1 4 10
10 13 9
11 13 7
5 9 3
12 15 7
11 15 8
20 22 11
8 11 7
16 19 12
3 5 13
17 21 13
13 16 8
20 21 14
10 12 13
10 14 6
0 1 3
2 3 4
19 22 12
6 10 3
1 7 5
14 17 12
6 9 1
20 0 7
4 7 6
0 2 6
3 4 9
23 2 6
7 8 13
17 20 9
13 15 13
9 12 5
20 0 13
1 3 7
15 17 6
4 7 2
14 17 7
1 6 14
3 5 5
0 3 7
14 17 13
0 5 3
15 18 1
14 17 6
22 1 6
20 0 8
2 4 11
14 19 7
4 6 7
10 12 5
7 9 1
3 6 12
4 7 13
17 21 14
23 3 3
16 18 5
16 19 9
19 21 13
3 6 12
0 2 2
7 11 4
16 19 13
3 6 1
3 6 6
7 12 4
11 13 8
5 7 14
6 8 11
12 16 6
22 0 7
22 22 8
6 8 11
2 6 7
8 9 14
23 1 6
18 19 6
15 18 7
19 21 3
17 19 13
4 7 9
20 23 13
17 20 13
1 4 13
3 6 11
0 1 8
1 2 4
19 22 9
6 9 5
8 10 8
15 18 4
8 11 6
21 1 4
23 2 8
15 17 14
22 3 9
14 16 10
14 16 5
0 3 4
3 5 13
18 22 7
10 13 3
11 14 2
3 7 12
11 14 3
7 12 1
9 13 9
3 6 13
5 9 8
20 23 7
21 1 4
22 23 12
3 6 2
22 23 11
9 12 12
20 23 2
8 13 8
6 9 12
23 2 1
8 10 12
22 0 13
6 9 12
13 16 14
1 4 5
16 20 8
20 1 4
5 5 8
6 9 10
7 12 5
9 12 14
8 10 9
11 15 6
5 8 1
12 16 4
4 8 2
17 20 1
18 21 1
0 2 11
13 17 2
23 3 14
7 8 7
5 9 8
15 18 2
17 20 5
1 4 14
7 10 10
19 23 1
11 14 13
3 6 4
21 1 6
23 2 9
9 12 9
3 6 7
20 0 12
23 1 6
1 6 2
8 10 4
15 19 6
21 23 13
11 14 9
1 4 6
19 23 1
7 10 1
6 7 2
22 2 11
18 19 8
4 7 8
0 2 3
16 20 7
1 4 5
21 23 4
9 11 2
10 13 14
2 5 14
21 0 4
16 19 5
14 15 3
22 3 13
4 7 6
2 4 1
7 10 2
23 1 2
19 23 13
10 14 8
16 18 13
4 6 4
8 12 13
11 14 8
15 19 12
0 2 8
2 5 3
20 23 13
17 20 5
14 18 1
19 23 6
12 14 2
13 19 6
4 9 10
0 4 1
1 3 4
21 1 3
8 12 4
13 17 9
2 7 5
17 20 10
7 9 1
11 15 3
22 0 9
12 15 13
22 0 3
6 9 11
8 10 2
23 2 2
10 10 8
22 2 9
7 11 11
20 0 13
22 1 9
23 2 13
22 2 1
12 16 8
5 7 13
0 4 14
12 14 4
23 2 11
0 4 3
3 6 2
22 2 10
0 4 10
22 1 1
4 6 3
19 23 2
22 1 3
18 21 14
23 3 1
19 22 1
2 4 13
12 16 13
20 22 10
4 8 1
16 20 8
4 6 2
22 2 5
22 2 2
7 10 4
1 5 8
8 10 3
1 4 13
8 11 3
22 1 6
4 7 8
3 7 1
11 13 14
6 9 1
23 2 5
16 20 8
17 21 1
19 22 8
22 3 1
15 17 3
5 8 5
21 1 4
0 4 5
7 9 5
20 23 3
20 23 14
9 12 11
2 5 12
12 16 10
20 0 5
9 11 7
8 11 3
22 3 8
10 13 9
19 0 8
10 12 5
11 13 4
16 20 2
0 3 8
13 15 5
22 1 7
17 19 1
19 23 12
14 17 11
14 16 13
14 17 8
22 1 14
14 19 11
2 5 1
7 10 5
2 4 9
9 10 6
5 8 10
12 13 5
3 7 10
22 2 9
13 16 6
7 11 10
19 21 4
4 8 4
19 21 7
6 10 2
9 11 1
7 10 12
20 22 4
14 17 7
4 8 1
18 17 12
1 4 10
15 17 4
4 6 13
5 8 12
22 1 11
13 15 11
2 5 6
7 10 3
10 12 3
6 10 9
20 22 14
2 5 1
1 5 6
20 0 11
6 10 6
15 18 13
15 18 4
21 23 2
19 22 9
2 5 6
3 5 11
17 20 1
0 4 4
13 17 12
6 9 3
9 11 9
20 23 9
7 11 13
7 11 4
20 22 1
4 7 1
12 15 11
19 21 6
13 17 7
6 9 2
16 18 4
10 13 1
21 21 1
3 6 7
15 18 12
11 15 10
14 17 13
17 20 7
8 12 4
2 5 6
22 1 2
4 9 14
18 20 13
14 15 13
8 11 3
19 22 7
8 12 5
10 15 11
11 14 6
4 7 3
10 14 5
4 8 13
21 0 3
10 14 6
9 12 14
4 7 8
9 13 10
14 18 13
22 3 10
14 15 14
6 11 1
20 22 2
15 18 12
6 9 9
22 1 13
3 7 10
12 16 12
15 17 7
22 3 9
23 2 5
15 18 12
23 1 7
2 4 7
7 10 6
4 7 3
19 22 11
2 4 11
19 22 3
22 1 4
6 8 10
4 7 7
23 0 13
11 14 13
2 6 9
8 12 1
19 21 4
1 6 3
7 9 1
5 6 4
22 1 12
13 15 10
23 3 4
11 15 2
5 8 11
14 18 1
14 16 13
2 3 2
13 17 11
19 22 11
20 23 3
8 10 2
10 13 13
2 4 1
14 16 3
5 7 4
2 4 6
16 18 3
13 17 10
14 16 10
1 5 3
10 12 3
1 3 13
0 4 5
22 2 12
19 23 8
16 19 3
14 17 7
1 5 12
19 20 1
22 1 7
22 1 8
13 15 1
17 18 12
17 18 6
8 10 11
6 9 2
7 10 1
23 2 6
11 12 2
15 20 8
2 5 14
17 19 5
19 22 13
2 3 7
8 10 12
16 18 8
11 15 5
14 17 5
16 18 1
11 14 4
1 4 2
15 19 6
10 14 12
16 19 7
15 18 12
23 3 10
5 7 5
18 22 5
8 10 4
21 23 4
18 22 3
17 21 11
8 10 8
12 15 7
8 10 10
23 2 8
5 8 9
4 8 8
15 16 3
22 2 12
2 4 9
10 12 1
5 7 10
1 5 14
4 6 11
1 5 7
22 0 11
18 19 9
14 18 5
5 8 13
12 16 9
6 9 5
22 1 2
1 5 14
17 22 7
19 22 8
9 13 11
15 18 7
3 7 3
8 13 2
22 1 2
2 5 8
15 18 14
7 11 2
5 7 2
16 18 6
7 9 2
6 11 4
5 7 9
7 7 14
18 23 4
5 5 11
2 4 13
7 10 2
15 18 5
16 18 5
11 13 1
16 19 13
23 3 3
2 5 2
16 19 11
3 6 11
1 4 9
6 7 8
15 19 1
11 13 2
3 6 8
6 9 1
15 18 8
17 19 14
12 14 5
12 16 5
16 19 1
3 8 14
7 10 4
4 6 2
0 3 6
10 13 8
11 13 12
19 20 12
13 18 12
19 22 13
8 10 11
3 8 6
7 10 12
8 12 14
16 20 3
18 20 5
17 21 14
16 20 6
22 0 9
5 8 5
22 0 13
6 11 13
7 10 11
18 22 2
23 0 10
6 9 3
2 4 11
4 7 14
0 3 8
12 15 3
7 10 12
23 1 5
10 13 4
15 18 5
21 23 12
21 1 6
1 3 14
19 21 9
2 5 4
12 15 9
19 23 3
21 0 9
11 17 7
18 21 11
8 11 5
7 7 10
20 23 12
18 21 2
17 19 12
11 14 11
1 5 3
6 9 8
22 2 7
2 4 1
6 9 2
18 21 14
16 19 1
9 14 12
20 23 6
11 14 10
13 17 14
15 16 7
5 8 6
10 13 2
23 2 11
16 18 7
5 7 3
18 22 3
1 3 1
21 23 5
1 2 11
11 15 1
20 0 13
12 16 2
18 22 2
7 9 6
7 9 12
19 21 7
11 15 4
11 14 6
1 2 4
0 2 13
7 12 14
13 18 9
14 17 12
2 6 3
20 22 12
16 19 11
23 1 9
9 13 5
23 2 9
20 0 4
15 18 14
8 12 6
21 0 14
2 4 6
17 19 10
11 14 2
14 17 3
6 9 7
16 17 9
5 10 14
6 9 8
13 17 7
3 7 13
19 23 11
6 8 5
9 11 2
6 9 13
2 6 14
23 2 1
19 23 11
21 1 1
4 8 1
20 0 9
14 17 13
19 23 4
16 19 2
23 2 7
8 11 3
0 4 11
14 16 6
18 22 7
14 17 6
19 22 3
5 9 5
18 21 1
14 16 12
12 16 2
20 0 5
14 15 4
1 3 3
23 3 3
0 5 14
9 13 9
22 1 6
7 13 4
1 5 9
14 18 14
8 12 11
18 21 4
11 13 1
17 20 13
7 11 6
11 15 4
10 12 2
4 6 1
21 1 10
6 9 12
16 20 4
9 12 8
23 2 9
6 9 8
16 20 11
6 9 11
11 14 6
18 21 4
0 4 4
12 18 2
4 8 13
3 6 2
12 16 11
12 14 13
13 15 3
0 2 6
8 10 12
22 1 5
23 2 12
7 9 2
18 22 9
10 13 13
11 15 13
0 3 12
12 13 6
0 2 3
4 6 4
17 20 10
11 14 1
15 19 2
22 1 5
4 8 8
5 8 6
14 18 7
4 7 4
17 18 7
12 15 6
9 12 10
3 6 3
6 10 12
0 3 14
8 11 7
5 7 4
10 14 12
1 5 11
16 20 1
18 23 9
17 20 11
11 15 12
1 3 5
7 10 8
22 1 4
2 4 13
1 3 8
13 15 13
2 5 2
11 14 4
13 15 1
1 2 10
18 22 12
19 22 8
2 5 6
0 3 7
20 23 9
14 15 13
12 15 6
23 1 9
11 16 3
15 18 10
0 4 7
23 2 11
1 4 6
22 0 4
4 7 10
12 14 14
9 11 5
6 9 11
2 5 12
12 14 5
7 11 7
15 19 7
8 11 11
18 20 5
14 17 5
8 10 10
19 22 10
3 6 14
13 15 8
4 8 14
12 15 3
6 9 4
10 14 12
2 5 10
1 4 13
18 20 9
18 20 14
0 3 7
13 19 1
20 0 1
21 23 5
18 22 14
15 18 8
9 12 10
16 18 3
2 6 8
6 7 4
21 0 14
22 2 12
10 13 9
3 6 14
20 22 2
10 13 8
12 14 8
5 8 7
5 9 6
20 23 2
3 6 5
21 1 5
4 9 13
19 23 4
5 7 4
5 8 3
4 6 14
5 9 12
14 16 4
10 15 8
5 8 7
20 23 11
10 11 8
12 14 7
16 21 6
2 4 5
15 18 1
23 1 11
6 9 6
21 0 10
4 7 14
7 11 4
5 6 4
2 5 3
19 21 6
10 15 6
1 5 6
18 21 11
10 13 3
4 9 2
7 11 9
18 21 13
15 18 8
6 9 9
5 6 4
21 1 10
20 22 8
9 12 1
20 22 12
10 13 8
5 7 5
14 17 11
7 11 9
2 6 7
9 13 6
7 11 8
17 19 6
15 17 11
23 0 5
5 9 7
16 19 6
12 13 4
4 8 10
14 17 7
16 20 7
19 21 10
13 16 9
17 20 3
1 4 10
19 21 3
8 11 12
11 14 12
2 5 3
4 7 6
5 9 3
20 0 9
10 11 1
12 15 5
17 20 8
21 23 14
18 20 14
9 12 12
0 3 10
18 21 6
8 11 8
5 9 12
21 2 13
18 22 1
5 8 1
4 7 4
4 7 7
10 13 1
18 19 2
11 13 3
20 23 5
21 1 2
9 13 9
6 8 13
5 7 13
9 12 5
21 2 1
16 19 10
6 9 11
3 5 14
8 10 13
2 6 3
11 15 8
8 11 8
18 21 9
16 19 8
9 12 8
15 18 2
12 14 14
10 14 2
11 13 8
22 0 11
13 15 7
16 19 7
10 15 10
2 4 14
8 12 8
6 9 6
7 10 9
23 1 14
9 12 4
9 12 6
1 5 2
18 21 5
16 20 10
21 22 9
22 0 9
7 10 5
7 11 3
18 21 5
9 12 3
5 7 11
5 9 8
0 3 2
10 15 4
15 20 6
18 21 3
2 4 7
8 11 10
19 22 3
1 3 14
16 18 13
15 18 5
2 5 3
21 0 3
21 23 14
13 16 10
11 14 11
20 22 8
9 13 10
7 10 2
7 10 11
7 9 9
3 4 12
4 6 12
10 14 4
22 0 7
23 5 1
0 2 10
15 17 7
11 16 11
12 14 12
19 22 10
0 4 2
0 1 11
20 0 11
4 7 11
10 12 8
12 16 5
22 23 8
19 23 7
13 16 12
20 22 4
13 14 9
10 14 2
16 18 11
11 14 14
2 4 7
2 4 11
11 14 13
0 4 4
4 8 6
0 2 9
19 23 10
0 4 1
13 16 4
16 18 7
11 15 6
16 19 6
0 5 9
20 22 8
19 21 10
5 7 14
8 13 3
8 9 11
10 13 9
19 0 5
0 3 9
16 19 13
6 10 10
0 3 7
16 19 13
0 4 1
4 7 4
9 14 9
14 17 12
23 0 7
9 12 7
8 10 9
20 23 14
6 10 1
3 7 14
20 22 13
9 12 7
7 10 2
19 0 1
7 12 3
18 22 9
1 4 7
4 6 13
0 4 2
5 8 6
0 3 4
18 20 12
5 9 5
5 10 4
18 22 4
15 19 2
21 1 14
13 15 8
12 15 3
21 2 8
18 22 11
22 0 4
14 18 14
14 16 2
18 21 6
20 1 7
15 18 11
10 13 2
2 5 5
16 19 5
5 7 8
7 9 11
15 18 2
19 22 13
3 7 7
17 19 5
6 11 10
11 14 10
14 18 2
23 0 2
12 16 7
12 14 1
15 18 13
16 19 11
23 2 3
20 21 7
13 16 12
7 11 7
22 1 9
2 5 2
0 3 12
16 19 7
8 9 7
1 4 14
16 17 7
13 16 11
20 23 12
4 8 11
1 4 10
1 4 14
15 17 9
22 1 3
9 13 1
22 2 1
6 10 7
8 12 10
22 0 9
14 17 4
13 14 6
8 11 8
23 2 12
8 12 6
2 5 3
16 19 8
0 3 6
12 15 14
18 20 4
18 23 8
6 8 4
13 16 9
2 6 5
22 1 3
9 12 2
12 14 1
9 12 2
9 13 2
10 15 14
2 4 4
1 4 2
0 1 2
18 21 5
2 5 14
17 22 4
23 3 9
15 17 7
15 18 2
0 3 7
1 3 4
3 5 12
19 23 6
9 12 12
12 15 12
17 20 1
4 8 3
14 17 1
3 7 7
10 12 8
16 18 3
11 14 3
3 8 5
9 11 9
23 0 13
7 9 8
15 19 5
18 20 4
17 21 6
5 10 1
1 5 3
17 19 5
14 18 5
21 1 13
13 17 6
4 6 7
11 14 7
8 11 14
7 12 11
8 11 5
11 12 1
11 14 4
21 1 2
20 21 4
5 8 2
3 4 8
22 2 10
11 14 12
6 9 1
0 4 12
7 9 13
13 15 14
20 23 7
22 1 3
11 13 7
10 13 4
0 3 10
0 2 12
5 9 13
22 1 1
13 17 11
16 20 3
0 3 2
1 6 14
12 16 6
2 4 9
11 15 5
8 10 13
12 14 14
13 16 12
19 23 9
22 2 4
8 12 9
17 19 7
13 17 3
15 19 12
7 9 10
23 2 2
5 9 3
0 3 5
13 17 11
13 16 4
18 21 4
4 7 8
7 8 5
1 3 2
3 5 11
11 13 6
7 10 1
15 17 2
20 22 8
22 1 8
1 3 11
11 15 7
17 19 2
6 8 3
10 13 5
22 23 9
18 20 10
13 17 5
9 12 5
23 2 13
4 8 7
9 11 2
9 12 12
4 9 6
3 5 11
16 19 11
13 17 12
13 16 8
4 7 14
13 16 5
21 23 10
16 20 3
7 11 6
3 6 8
13 16 14
22 2 5
16 17 5
2 5 11
23 4 12
4 5 2
14 17 3
19 22 11
19 0 10
8 13 3
2 6 14
18 21 10
22 0 11
23 3 6
17 18 7
8 10 10
12 15 13
20 23 11
18 21 1
15 18 6
10 13 4
0 3 4
14 17 12
2 4 1
8 11 14
12 13 11
1 3 9
19 23 6
13 17 11
17 20 7
22 1 8
3 7 10
1 6 5
15 18 10
21 1 2
14 18 13
15 18 8
0 2 13
22 2 7
17 23 5
9 11 5
22 1 5
2 4 12
17 21 9
15 16 6
11 13 6
12 15 4
21 0 4
15 18 3
14 17 11
21 23 6
3 5 11
8 11 11
23 2 5
14 17 2
13 16 3
19 1 7
13 15 5
22 23 2
15 19 10
21 1 5
12 16 13
22 2 3
21 0 14
5 7 11
10 12 4
15 16 1
14 18 13
19 22 11
15 19 10
15 18 12
17 20 13
7 11 4
10 14 8
23 3 1
11 15 10
7 11 14
9 13 5
20 23 7
0 5 4
17 18 5
15 18 13
15 17 14
4 9 5
3 6 6
19 22 2
15 18 2
3 8 7
7 9 9
11 15 13
3 5 10
3 4 1
20 0 6
8 10 11
16 19 2
3 6 11
4 8 7
7 9 11
17 20 3
2 6 2
1 4 7
8 10 8
10 13 4
7 11 6
6 9 1
20 23 14
19 22 10
9 11 1
16 20 3
6 10 5
19 22 3
8 13 4
20 23 6
18 21 4
19 22 11
16 19 6
0 6 7
7 10 4
4 6 13
7 12 7
10 12 1
16 18 13
4 8 8
16 19 3
8 13 10
22 0 1
5 8 6
13 17 7
13 15 2
1 3 7
3 6 5
19 21 14
22 2 8
22 1 11
21 0 8
10 12 4
5 11 4
23 3 13
18 20 11
3 6 1
11 13 9
7 9 9
1 4 4
0 5 2
2 6 14
1 3 3
15 19 7
5 7 14
3 5 3
17 19 4
4 6 7
10 13 1
23 1 4
22 0 5
1 4 9
18 21 10
3 5 6
1 5 12
19 0 13
21 1 14
11 12 6
2 8 12
22 2 4
23 4 4
15 19 13
5 6 4
15 19 14
23 0 11
0 3 5
7 11 6
15 18 14
13 17 8
1 5 2
20 22 13
9 11 6
21 0 1
22 1 13
16 20 2
16 19 5
1 3 2
19 22 14
9 11 14
11 14 6
10 12 14
6 8 4
15 19 7
10 13 13
20 21 12
4 6 11
0 3 14
14 16 8
22 2 5
23 1 5
6 12 12
19 23 10
10 12 5
5 7 7
9 13 5
19 22 12
12 15 8
4 8 5
21 1 12
12 14 7
5 7 7
9 13 2
16 19 14
21 2 5
3 6 1
14 18 7
23 2 2
7 11 1
16 17 5
1 5 7
8 10 3
2 5 8
11 15 9
16 19 7
3 7 1
20 23 9
7 10 8
0 3 4
11 14 7
3 6 13
2 5 2
2 3 1
20 22 5
8 12 9
18 21 2
7 9 9
20 23 2
4 6 3
13 16 14
17 19 7
9 12 9
19 22 3
14 17 3
18 21 9
9 10 5
14 17 13
8 10 8
4 6 1
15 17 7
2 7 10
7 9 12
0 4 6
21 2 14
21 0 10
8 9 8
4 6 3
3 7 10
13 15 14
14 17 10
7 11 8
23 1 6
1 3 10
1 4 3
18 22 3
0 3 14
0 4 4
2 5 10
12 15 10
2 5 9
21 2 6
13 15 1
12 15 8
17 21 3
1 3 3
6 8 2
10 13 10
0 5 2
15 16 8
23 4 4
15 18 4
4 6 6
8 11 12
11 12 10
3 6 1
1 3 2
19 22 11
17 20 5
10 12 5
4 8 4
13 14 7
17 22 12
10 13 11
23 2 3
22 0 1
16 19 13
8 12 3
4 9 5
1 3 10
18 22 9
5 9 1
22 1 10
13 17 5
8 12 9
17 21 5
11 13 12
14 17 2
11 13 1
4 7 11
3 5 10
0 1 3
9 12 10
1 5 8
20 0 14
11 15 9
10 13 14
16 20 8
2 6 12
0 4 7
20 23 12
7 10 4
1 4 10
3 7 4
7 10 8
7 12 14
12 14 14
20 22 1
3 5 8
4 6 13
8 10 8
14 17 14
0 4 7
18 21 14
12 16 12
6 7 8
20 22 9
9 13 6
21 0 14
14 18 13
8 12 5
13 17 8
6 10 1
19 22 11
0 3 7
13 17 2
18 21 1
19 21 6
4 8 13
5 10 12
4 7 8
23 1 11
23 2 3
7 11 4
23 0 13
19 22 6
12 13 7
6 9 8
9 12 9
16 18 10
3 7 2
1 5 13
9 11 12
19 23 7
3 7 3
8 10 1
15 20 12
1 3 9
4 7 1
8 13 10
5 8 5
9 12 3
1 5 9
16 18 14
14 17 11
11 15 6
18 21 7
4 7 1
9 11 13
14 17 12
19 23 9
13 15 4
18 20 5
16 19 4
21 1 5
4 8 4
11 13 6
15 18 6
2 4 3
6 10 4
11 14 14
3 6 5
19 22 4
3 7 5
11 14 5
15 18 1
5 9 7
21 23 10
12 15 14
1 4 13
1 5 2
19 21 3
16 18 12
3 5 5
16 20 13
4 8 9
20 21 5
4 6 9
7 10 10
9 11 6
10 13 13
15 19 7
1 5 14
9 10 7
0 2 7
9 15 9
9 13 12
9 11 6
6 10 1
11 14 10
10 12 14
13 15 13
4 7 2
15 18 1
5 7 8
18 21 13
20 23 5
20 0 8
10 14 3
18 22 4
19 21 6
9 12 10
15 18 8
2 5 3
4 6 3
18 22 3
0 2 2
23 2 14
23 1 2
20 23 8
12 17 13
3 7 14
14 17 10
18 22 7
18 21 1
8 10 4
4 8 5
6 9 9
11 13 11
14 18 12
2 5 11
0 3 13
22 0 3
15 18 4
3 6 6
10 14 3
3 7 8
12 14 12
19 22 9
23 3 4
21 0 14
21 1 3
23 3 1
10 12 13
10 12 2
20 0 7
9 13 10
23 2 5
4 7 13
17 21 7
23 2 11
14 16 2
4 6 14
3 5 2
9 10 9
2 5 10
11 15 10
19 20 11
22 0 14
16 20 12
8 10 2
11 14 3
12 14 5
4 7 11
20 21 2
3 7 12
11 14 11
8 12 4
21 23 2
1 4 5
18 21 7
8 13 8
11 13 3
3 6 11
18 19 4
11 14 9
10 14 9
8 11 7
13 15 13
0 2 6
19 21 2
1 3 12
4 7 2
10 15 12
0 3 9
15 20 4
8 10 12
12 14 10
1 4 2
9 14 9
16 20 2
16 21 3
22 0 2
9 14 14
9 11 2
17 19 8
19 23 10
10 13 9
2 5 9
22 1 6
11 12 8
16 20 2
2 5 14
17 20 2
0 4 3
12 15 10
14 16 7
22 0 13
13 16 7
8 11 4
18 21 6
7 11 8
5 8 6
19 23 9
16 19 10
5 7 6
1 5 13
20 23 8
22 0 3
2 3 4
5 8 1
11 15 14
19 22 6
17 21 8
20 23 8
13 15 14
19 22 10
1 4 5
22 0 13
6 9 7
6 8 9
10 13 7
23 3 10
11 12 6
19 23 5
3 5 11
14 18 12
23 2 2
17 20 10
2 4 8
7 10 14
7 10 4
22 1 12
15 19 12
23 3 2
5 8 4
5 6 4
21 0 13
2 6 7
23 3 13
17 21 4
20 23 8
2 5 3
10 13 11
21 1 4
18 21 9
15 16 7
10 13 4
4 9 7
6 9 12
2 5 12
4 6 12
20 23 3
18 21 13
17 20 14
16 20 13
18 21 4
14 19 9
18 20 2
21 1 9
9 12 11
23 1 14
6 9 2
6 8 1
3 7 7
3 7 7
23 23 4
13 17 10
6 9 1
14 17 13
16 20 13
8 10 4
21 1 11
21 0 11
21 22 7
23 0 7
6 8 10
21 2 4
10 12 1
9 11 7
19 21 7
0 3 1
3 7 6
17 20 10
1 5 4
20 23 7
8 11 6
11 13 12
21 0 11
21 23 10
13 17 1
5 7 11
13 15 12
20 23 1
18 22 13
6 9 2
4 7 5
19 0 14
5 9 8
22 1 11
4 8 7
0 3 1
11 15 11
11 14 9
3 6 3
9 12 7
0 2 6
4 8 12
0 3 8
22 2 8
7 11 7
22 1 8
1 2 12
6 11 7
4 7 5
17 20 9
12 13 9
0 3 7
7 10 9
0 4 14
20 23 5
13 15 12
14 15 10
11 15 14
1 4 1
12 16 3
0 3 2
7 11 12
13 16 4
5 9 13
16 20 4
17 19 5
15 18 9
9 13 3
8 12 10
15 19 5
2 5 5
11 15 9
17 21 6
5 7 7
6 9 12
2 7 8
10 14 5
6 8 2
4 7 7
4 7 9
8 12 13
9 11 9
6 8 11
9 10 13
16 21 4
8 12 4
15 19 2
11 14 9
11 15 12
9 13 5
2 4 5
8 10 5
22 2 11
8 12 5
12 15 3
2 3 6
15 18 12
1 5 2
16 19 1
0 4 9
0 4 6
23 1 11
14 17 3
5 7 3
13 17 10
14 18 12
15 17 11
2 4 1
23 3 7
8 9 12
20 22 11
15 20 7
12 15 13
8 11 4
6 7 1
18 20 14
2 5 11
13 16 5
12 13 1
2 5 4
4 5 5
6 10 14
2 4 8
9 13 9
9 11 6
15 17 9
8 10 8
4 6 3
14 18 10
13 16 9
14 18 11
0 3 7
3 5 8
13 17 12
14 17 8
20 1 7
3 6 3
7 11 5
15 19 3
11 15 1
8 9 7
1 5 7
12 16 6
17 19 5
16 20 12
5 9 3
16 20 4
0 2 10
17 19 6
6 9 13
7 10 5
20 0 1
5 6 13
7 13 3
19 21 5
9 13 11
0 4 2
6 8 10
1 5 12
13 16 7
0 4 1
11 16 1
13 16 5
6 9 13
7 8 6
10 14 9
9 13 3
16 22 6
5 9 14
14 18 1
10 15 1
19 21 1
22 0 11
19 21 14
4 5 3
9 13 6
9 13 4
23 3 13
16 19 1
12 14 10
18 21 1
15 18 12
13 18 2
21 23 11
17 19 8
12 14 8
14 17 12
20 23 10
19 22 7
0 4 2
3 6 2
21 0 2
18 20 7
10 15 11
23 2 10
6 9 12
15 18 6
12 15 13
14 18 2
10 11 11
11 15 11
15 19 10
23 0 11
14 17 11
12 14 11
3 6 2
18 20 9
15 16 2
12 15 13
7 10 10
0 4 12
0 3 5
6 8 12
9 13 1
16 20 8
4 7 5
21 0 7
17 19 13
3 7 3
21 2 14
23 23 6
9 13 9
16 19 12
13 14 13
10 14 5
11 14 9
18 20 14
16 19 6
8 11 3
6 8 7
19 23 8
15 18 6
11 16 8
2 6 14
4 5 2
19 0 1
7 10 10
22 1 7
16 20 14
6 9 6
16 20 11
16 20 7
23 2 2
22 1 9
7 9 11
21 22 7
13 17 1
4 6 13
9 11 2
0 3 12
1 3 4
21 0 2
17 22 9
2 5 13
13 17 12
0 4 5
19 23 3
1 5 13
15 18 9
0 1 7
20 23 2
2 4 3
7 11 6
0 1 14
18 21 11
21 0 12
15 19 9
17 20 8
21 0 8
3 6 12
17 18 13
7 9 13
11 16 6
10 13 8
3 7 4
20 1 9
8 11 6
6 9 4
2 5 5
6 9 13
12 17 8
9 13 13
21 1 11
16 20 1
18 22 12
3 6 4
9 12 4
10 12 14
21 1 9
1 5 11
8 10 7
11 14 12
3 6 13
22 1 13
17 20 5
6 10 8
22 1 2
12 15 1
11 14 7
20 22 7
13 17 5
15 20 9
23 2 14
20 23 10
11 14 2
10 12 14
14 17 8
3 7 10
9 13 11
9 14 13
15 20 4
12 13 4
9 10 8
8 11 2
21 23 12
15 20 8
12 16 6
21 23 11
14 17 12
19 22 10
15 17 6
1 4 5
15 17 7
21 2 10
1 3 7
2 4 4
18 20 9
14 16 13
12 16 5
21 0 9
19 23 14
21 0 13
4 7 4
21 23 4
14 17 14
4 8 3
8 10 4
15 19 10
18 22 12
18 21 9
7 11 11
20 23 9
11 12 2
14 17 14
4 6 7
2 5 6
11 14 10
13 15 7
5 8 11
2 5 1
2 5 13
20 22 8
23 3 1
21 23 9
16 19 7
9 12 4
15 20 5
0 3 14
19 23 10
5 8 9
22 2 14
17 20 4
18 21 12
2 5 14
11 12 7
21 2 3
7 12 8
14 16 12
16 19 6
3 7 5
12 15 10
13 17 11
6 9 9
17 21 10
7 11 13
19 22 7
16 20 10
23 2 7
17 18 5
6 10 7
10 13 9
6 8 12
12 15 5
3 6 5
5 10 1
14 19 13
0 3 6
5 6 10
4 8 14
20 22 5
5 7 9
16 18 8
6 11 4
12 16 5
6 7 3
18 21 6
