2000 16
5 6 6 6 10 8 10 5 7 2 2 6 3 7 3 4 
13 16 2
0 2 2
4 6 8
22 23 3
12 16 4
4 8 1
1 4 8
23 2 10
4 7 9
22 3 12
17 22 4
21 2 3
15 17 16
17 22 12
16 20 15
22 2 7
11 16 12
3 7 12
22 1 12
10 13 11
15 18 16
14 16 16
5 9 11
8 11 11
22 1 8
3 7 13
12 14 7
7 10 14
4 6 16
22 0 14
18 22 14
13 17 11
12 14 13
22 0 16
22 0 10
15 19 10
17 20 13
16 19 13
5 9 5
16 20 6
10 14 12
17 21 7
20 22 15
4 6 6
0 3 13
9 13 1
19 21 12
4 7 16
22 3 4
23 1 9
12 14 15
1 3 1
13 16 4
20 0 4
9 12 12
11 14 14
21 23 3
0 3 4
20 21 13
10 14 10
8 10 16
12 15 7
5 9 8
10 13 11
19 21 4
22 23 9
13 16 1
8 11 15
22 1 13
22 0 2
12 13 13
6 8 10
17 20 4
9 12 5
12 14 2
16 18 11
14 16 14
22 1 3
10 13 1
13 17 13
1 4 13
6 9 1
23 2 16
14 18 9
18 20 10
11 13 12
0 3 1
17 20 9
11 13 3
6 10 8
18 22 3
21 22 14
23 2 5
5 8 16
5 9 6
2 5 10
18 19 10
8 12 12
11 15 15
23 4 6
1 4 8
8 12 8
12 14 2
12 12 15
10 12 5
3 6 3
20 22 2
12 16 5
14 17 11
4 6 4
19 23 16
18 21 2
2 4 1
5 8 8
13 14 11
5 9 1
2 5 5
19 22 10
17 20 10
7 10 2
7 10 10
6 8 8
19 23 16
23 3 5
16 17 9
23 1 3
0 3 2
23 3 5
19 22 1
2 5 1
3 8 6
15 17 15
8 13 5
12 16 5
0 3 10
16 19 11
19 22 13
1 4 13
20 1 8
18 21 10
23 1 12
16 19 7
13 16 11
5 8 14
5 7 9
17 20 1
14 17 8
4 7 5
10 12 5
14 16 15
5 7 15
15 17 7
16 19 8
20 23 16
9 13 11
18 21 10
17 19 3
21 1 13
12 13 16
21 0 16
2 4 16
13 15 3
1 6 6
16 20 12
10 13 9
5 8 13
5 8 6
2 6 13
12 13 7
15 18 6
0 2 13
8 12 6
13 15 5
20 23 6
17 20 2
23 2 14
23 2 1
8 11 13
22 0 15
14 17 7
3 4 4
7 9 3
4 7 6
19 23 15
18 21 13
11 12 16
3 7 9
12 14 3
1 2 8
21 0 5
12 15 7
4 8 16
23 5 14
18 20 9
3 5 1
23 3 12
10 14 11
2 3 6
4 6 10
5 7 8
5 6 6
18 20 16
9 12 9
21 0 16
9 12 10
22 2 13
12 14 5
12 16 2
3 6 1
20 22 8
21 1 6
22 3 5
13 16 15
22 1 7
7 12 9
1 3 12
19 21 8
19 21 12
3 6 9
1 4 4
7 10 1
6 8 14
10 14 16
19 23 7
21 0 8
2 6 13
4 8 15
15 19 12
14 18 12
11 14 6
15 18 12
2 4 14
3 7 13
5 6 1
1 4 16
1 5 4
15 18 7
2 5 15
14 16 11
13 16 9
13 17 16
7 10 16
2 4 9
9 11 14
4 8 4
18 21 10
10 13 10
7 11 9
6 10 3
12 15 5
2 5 14
12 15 8
17 19 4
17 20 1
19 22 16
5 9 5
17 20 16
0 2 12
5 8 5
17 19 15
19 21 11
11 14 14
22 23 9
8 11 8
1 4 3
18 22 5
3 5 13
9 11 8
19 22 8
0 3 4
3 5 14
5 8 12
22 0 9
23 1 12
22 0 4
20 23 5
12 14 15
5 7 13
15 18 11
9 11 8
16 20 14
5 7 5
15 17 8
10 14 8
13 17 11
11 14 8
13 15 4
7 11 11
9 13 4
21 1 13
23 1 2
8 10 11
19 23 12
11 14 4
16 18 9
1 4 9
8 10 9
15 18 13
6 9 16
21 0 15
7 9 8
17 19 9
14 17 2
13 16 10
21 0 14
11 13 13
7 10 12
19 21 3
19 23 15
1 5 10
10 14 1
16 20 16
13 16 8
7 9 8
7 11 16
17 21 13
15 19 16
6 9 9
5 7 3
14 18 8
1 4 8
7 10 12
16 18 14
5 9 8
1 4 11
12 16 13
22 1 11
10 14 9
7 11 4
5 9 12
20 0 5
22 0 10
20 23 16
8 11 1
13 14 4
17 20 15
12 15 9
9 10 4
1 4 1
1 4 4
3 6 14
10 13 15
17 18 16
3 5 14
13 16 10
19 20 9
16 18 1
7 9 2
4 7 5
19 22 15
7 10 6
1 5 13
2 5 5
19 23 10
14 19 15
16 19 4
14 16 8
22 2 13
15 19 13
15 17 11
3 5 4
0 2 3
16 18 14
6 10 12
17 22 14
19 22 10
12 15 12
12 15 3
11 14 11
13 16 4
16 19 11
3 6 15
9 13 2
22 0 8
22 0 9
13 16 4
21 0 11
3 6 3
22 23 14
6 9 6
18 21 15
3 6 1
1 5 15
9 12 5
9 13 14
10 13 11
12 13 14
0 4 14
18 21 14
23 3 15
14 17 10
5 7 10
16 16 2
20 23 16
1 5 6
23 3 8
23 2 13
14 17 12
21 0 14
16 19 14
6 10 7
1 5 15
2 4 3
0 2 14
8 11 3
3 5 13
10 12 15
21 1 14
3 6 14
15 18 10
5 9 13
17 21 9
5 8 14
11 13 2
3 6 8
21 1 1
18 22 16
1 5 9
5 6 12
17 18 12
1 2 9
19 23 10
18 22 4
18 21 1
4 7 7
19 22 4
4 5 9
3 7 16
8 11 4
23 3 12
12 15 1
7 9 10
1 4 7
16 18 15
2 7 13
4 8 10
13 18 15
21 2 14
19 22 4
13 17 6
3 7 2
17 20 16
12 15 11
19 22 3
20 0 15
3 7 7
7 11 8
11 15 3
9 12 15
9 12 10
16 17 3
7 10 16
20 22 14
2 5 10
13 17 11
16 20 10
11 14 13
22 1 14
8 11 12
3 5 4
18 21 9
17 18 3
15 19 11
21 0 10
22 0 15
9 12 14
11 12 15
3 5 3
4 8 1
6 9 4
2 6 1
10 12 5
7 11 1
11 13 1
15 18 4
12 15 4
9 12 10
16 20 6
16 19 3
0 4 16
18 19 11
12 13 8
18 21 13
5 7 6
12 16 7
7 11 3
3 7 12
18 21 14
8 10 5
21 23 9
6 9 15
17 18 1
18 22 14
3 6 13
12 15 13
2 4 8
0 3 6
17 20 7
14 18 10
22 23 9
10 14 15
22 1 10
15 17 16
16 19 9
18 22 7
22 1 15
12 16 11
13 17 4
22 0 6
20 23 2
23 1 8
4 9 2
2 6 6
23 2 12
13 15 16
20 0 1
21 0 12
12 14 15
6 8 14
0 3 4
13 16 10
16 18 12
2 4 10
1 2 13
5 8 11
17 19 3
17 22 5
18 22 15
13 15 14
17 21 16
4 6 16
19 23 14
21 0 5
19 21 4
14 15 8
4 6 11
12 16 11
4 7 8
19 22 14
15 20 6
10 13 8
8 11 15
15 19 9
14 17 10
13 16 14
3 7 2
17 22 13
5 7 13
1 4 14
8 10 4
12 16 4
0 3 13
5 8 7
15 17 12
19 21 15
17 21 5
6 9 11
6 10 12
6 8 6
7 9 12
14 18 10
11 14 11
21 2 12
11 14 5
12 16 10
3 7 9
11 13 13
7 9 2
3 6 3
12 16 3
16 17 10
23 1 8
1 5 15
8 13 5
16 20 14
9 13 14
5 8 5
11 14 4
12 15 10
17 20 4
23 3 11
20 23 6
21 0 6
0 3 6
19 20 1
17 18 15
8 11 14
8 10 12
16 19 7
12 15 8
7 10 14
3 7 11
1 3 4
6 7 1
17 22 12
16 18 11
9 11 4
0 2 11
6 9 2
4 7 5
2 5 6
4 7 4
16 20 16
23 2 10
6 8 12
12 16 7
5 8 1
22 23 16
18 22 14
16 20 10
4 8 8
15 19 8
16 17 2
15 18 15
0 2 11
21 23 2
11 14 6
19 21 3
2 6 10
21 0 3
3 8 16
20 23 9
1 4 14
20 0 10
21 1 6
4 8 10
17 20 8
12 15 10
17 19 4
23 2 10
7 11 2
19 23 6
9 13 11
0 4 12
20 23 14
15 17 4
6 9 10
4 7 1
3 6 16
11 14 7
10 14 15
23 3 3
15 20 1
20 0 9
9 12 4
14 16 15
18 22 9
12 14 12
0 4 6
21 2 5
12 15 15
7 10 14
11 12 10
21 1 14
13 17 11
23 1 14
23 2 3
14 18 2
18 21 12
14 19 16
2 5 13
14 19 5
15 21 10
16 18 15
2 6 7
3 6 11
8 9 3
20 0 4
9 11 3
11 14 13
9 11 6
12 15 6
5 8 3
0 4 5
2 4 16
16 20 11
18 21 12
21 0 9
16 18 7
8 11 2
11 15 2
22 0 1
2 4 6
18 20 6
5 8 4
19 22 15
5 6 15
3 4 1
14 17 10
8 12 3
10 13 11
4 8 6
1 3 8
6 8 2
18 21 8
2 6 8
5 8 15
20 0 15
11 15 2
5 8 16
18 21 12
10 14 13
15 18 9
18 21 2
13 16 9
12 13 8
19 0 1
20 23 4
12 14 4
10 14 1
16 19 3
14 17 16
12 15 8
10 13 3
14 18 13
16 18 15
8 10 5
12 16 14
9 11 7
2 4 9
13 16 6
21 1 6
17 20 5
3 5 2
8 10 11
17 19 3
9 12 14
16 19 14
15 18 8
4 5 11
10 12 5
18 19 3
18 21 2
5 7 4
7 10 15
23 3 5
9 10 10
17 19 8
2 5 16
5 8 13
16 20 14
2 5 5
5 8 8
22 2 10
3 6 7
18 20 7
19 22 16
6 9 3
5 8 8
5 7 5
20 23 6
1 3 11
14 18 6
8 10 11
12 15 16
8 12 9
17 18 4
22 2 12
4 6 12
23 2 15
17 20 12
4 6 1
18 20 2
19 21 4
4 8 15
8 11 11
1 4 9
9 11 16
10 15 4
7 9 7
7 9 4
6 8 8
23 2 9
12 15 9
8 11 14
5 10 6
6 9 3
15 17 5
21 0 4
6 11 13
15 17 8
15 18 3
11 14 13
23 3 4
11 15 13
18 21 10
6 10 15
8 12 7
3 5 11
8 11 4
21 0 8
13 16 7
3 6 4
2 5 12
2 4 7
22 1 12
4 6 5
15 17 13
6 9 15
10 13 6
9 13 9
7 9 1
15 17 12
12 15 7
4 6 6
21 0 7
2 6 2
12 13 13
6 8 1
11 14 13
23 3 5
12 14 8
22 3 5
3 5 15
0 3 3
13 16 15
0 3 7
16 18 7
18 19 1
10 11 10
4 7 10
16 19 9
11 14 16
17 20 8
9 12 16
17 19 4
3 6 14
3 7 4
4 8 9
19 22 5
18 20 3
3 6 15
14 16 6
15 18 6
15 19 6
13 16 16
14 19 15
12 16 8
20 21 2
8 12 15
14 16 5
0 4 3
22 1 1
15 20 4
18 21 8
21 0 1
5 9 4
7 9 13
14 17 5
21 0 13
21 22 2
7 9 16
17 20 3
1 5 2
8 12 2
18 21 8
21 0 13
16 17 12
19 22 8
11 16 8
20 0 5
20 0 5
2 6 15
8 12 4
9 13 5
3 5 3
12 14 7
9 12 10
7 9 7
14 17 13
13 16 3
11 16 1
8 9 8
6 8 9
20 22 1
5 9 14
14 17 10
5 9 5
12 15 16
3 7 13
4 6 11
9 12 16
9 11 1
7 11 16
17 20 12
1 4 14
0 5 6
20 23 13
23 2 13
19 20 16
14 19 10
20 22 15
3 5 14
7 11 6
14 18 1
9 12 1
14 17 1
8 10 12
21 0 14
9 10 10
7 9 14
14 16 9
8 11 4
15 19 13
18 18 15
6 9 14
4 6 6
21 1 14
10 11 5
1 5 16
23 2 11
14 16 10
17 21 16
22 1 7
19 23 15
10 14 12
17 21 3
14 16 8
21 0 9
9 12 16
18 20 8
12 16 5
3 6 3
14 18 3
19 23 11
2 4 14
23 1 3
16 20 6
19 22 11
9 11 1
13 17 11
8 12 14
1 6 7
17 18 12
2 5 11
19 21 13
2 4 2
12 15 15
3 5 12
2 6 7
7 10 10
16 19 11
20 0 7
12 14 15
6 10 9
6 9 14
9 13 6
13 16 4
12 15 6
22 2 1
6 8 5
22 0 7
3 6 5
7 10 11
21 0 11
5 10 16
1 3 3
23 2 9
0 4 1
5 8 14
5 9 3
16 19 1
16 18 14
15 18 13
3 7 6
21 2 4
21 0 7
14 19 9
15 18 4
5 8 13
21 0 4
7 10 9
22 0 9
15 18 13
21 0 14
8 10 6
4 5 16
14 16 4
18 19 3
11 14 11
18 20 14
21 22 16
0 4 15
1 4 8
22 2 12
11 13 11
15 19 10
0 4 4
5 9 5
19 22 11
11 14 6
4 6 9
16 18 16
7 10 12
0 2 15
4 9 12
18 20 8
23 2 2
4 6 4
0 3 16
0 4 16
15 18 14
16 19 10
23 1 14
3 6 2
1 5 1
23 3 12
10 14 9
21 1 9
16 19 13
18 22 4
16 19 5
8 11 5
4 7 5
2 6 12
2 7 15
12 14 12
10 12 6
6 8 13
10 13 2
5 9 9
18 20 5
23 2 7
20 22 11
18 21 7
11 15 8
3 6 6
17 20 14
6 8 12
23 3 16
17 19 12
5 8 13
19 22 4
0 4 16
14 16 11
5 7 11
4 8 4
14 15 8
16 18 6
8 13 7
8 12 6
2 5 16
14 18 6
20 23 7
19 21 2
2 6 2
22 2 5
0 2 14
9 13 15
15 19 1
2 6 10
16 20 4
11 14 14
17 18 8
5 9 6
2 3 6
7 10 5
8 12 11
19 21 15
5 10 3
11 14 1
6 8 3
7 9 4
18 21 8
12 16 10
22 2 2
8 12 3
4 8 4
15 18 5
21 23 11
7 11 6
4 8 9
22 1 6
3 6 14
14 17 4
16 19 8
6 9 3
6 11 13
16 18 9
19 22 11
16 20 8
1 3 14
7 10 10
1 5 14
1 4 10
8 11 15
9 11 13
3 6 1
5 9 1
23 1 16
16 19 2
8 9 13
13 16 13
12 17 9
2 6 5
15 17 15
10 14 2
6 8 2
17 20 14
13 14 13
1 4 15
6 9 13
9 11 8
5 8 2
8 11 13
15 20 6
21 1 11
2 2 6
18 20 16
12 14 5
14 16 2
17 18 15
3 7 1
16 21 7
22 0 5
7 9 2
7 11 13
23 3 9
4 7 12
11 14 12
1 4 4
4 6 14
3 6 8
4 6 16
13 16 14
14 16 12
7 11 14
15 18 3
18 20 7
8 11 10
13 16 2
3 6 11
8 10 3
5 7 7
21 23 8
12 15 8
18 22 6
15 18 3
10 14 5
21 23 2
18 21 2
18 22 9
11 14 7
18 21 3
0 3 12
3 5 1
22 1 1
7 11 5
3 7 1
8 12 16
13 17 15
23 1 3
21 23 10
0 3 5
6 8 11
12 14 15
5 7 16
13 16 1
8 12 15
2 6 2
23 2 11
15 20 14
16 20 4
12 15 4
19 23 4
19 23 14
21 0 11
19 0 8
17 21 16
8 11 15
4 7 12
0 2 11
2 5 15
6 8 10
22 2 4
6 9 5
1 5 11
16 16 9
20 22 12
8 10 16
3 6 2
10 13 2
11 15 3
1 4 11
21 22 10
3 5 13
22 2 5
10 13 3
6 8 13
6 8 16
0 4 15
4 8 10
4 7 16
16 19 10
22 1 6
2 4 4
7 12 3
7 11 7
17 20 13
4 8 15
17 19 6
2 5 16
6 8 6
8 10 7
7 10 4
7 10 3
23 2 7
5 10 8
4 8 10
6 9 9
5 9 1
23 4 13
16 19 15
12 16 10
20 0 13
23 2 14
13 16 16
19 21 6
20 0 2
14 17 12
7 10 13
23 2 15
3 7 11
9 12 6
3 4 10
11 14 1
4 7 3
16 18 15
19 22 8
3 6 11
18 23 13
6 8 9
13 17 4
23 1 10
20 22 3
2 5 6
6 11 2
12 13 12
23 2 10
4 8 15
13 16 3
23 1 10
4 8 10
18 21 6
3 6 13
15 18 9
5 9 13
17 19 16
5 8 14
16 20 4
17 22 5
9 11 16
14 17 8
23 2 6
9 14 7
16 19 9
15 17 16
17 21 8
15 19 3
5 7 10
7 9 11
20 22 12
10 14 2
12 15 1
6 9 16
6 8 15
5 8 1
16 20 15
9 12 16
17 20 1
14 17 1
5 7 1
14 16 4
20 22 11
0 2 4
1 5 10
22 1 11
20 23 6
19 22 10
5 9 11
6 10 16
8 9 11
4 8 5
2 5 3
19 21 1
5 7 6
19 22 16
10 12 3
5 9 1
4 5 8
14 18 11
13 16 4
17 22 12
22 0 13
17 21 14
2 7 5
2 4 6
6 10 3
15 17 9
15 19 6
11 12 5
18 22 3
0 3 3
18 22 1
5 7 3
10 13 9
14 16 3
16 19 3
13 14 15
4 7 8
12 15 4
10 11 9
7 9 15
11 14 12
21 0 1
5 8 11
0 3 10
16 19 14
20 23 7
10 13 11
7 11 7
23 2 12
4 8 10
16 20 14
14 17 5
8 10 16
15 17 12
18 21 8
0 3 3
1 4 14
10 14 2
18 20 5
9 11 7
14 18 4
17 22 6
19 21 13
15 18 14
5 10 1
21 0 1
20 0 9
20 0 15
7 9 15
3 7 9
16 18 1
22 1 4
5 9 13
19 23 4
1 5 15
17 20 1
17 21 12
7 9 2
13 18 7
5 8 3
21 23 5
10 14 5
2 5 2
1 3 2
17 20 4
12 15 9
13 15 6
14 17 14
22 2 15
20 22 2
21 1 5
20 0 15
18 22 15
12 14 7
14 17 4
12 14 14
11 13 9
23 3 14
9 11 12
8 11 6
0 4 8
23 1 13
4 7 7
18 20 13
6 9 3
20 1 10
8 11 15
23 3 14
11 15 2
23 3 7
9 13 14
13 17 12
17 21 10
2 5 15
10 12 6
6 8 13
15 19 14
23 2 12
6 8 2
2 3 2
8 10 10
19 23 4
0 2 1
6 9 3
17 19 6
20 23 1
12 14 2
12 14 7
23 2 2
13 16 16
7 8 15
8 11 15
10 13 2
12 15 8
4 7 12
10 14 11
20 21 3
8 10 16
21 23 5
15 18 13
22 2 7
14 18 3
23 1 13
7 10 16
13 18 11
2 6 3
23 1 8
8 10 6
16 19 14
5 8 9
22 1 8
1 4 16
17 20 5
8 12 3
20 23 9
18 21 16
12 14 5
5 9 14
1 3 1
3 6 4
12 16 7
13 16 9
3 6 11
12 13 6
17 20 16
22 1 12
21 0 3
11 14 1
2 6 15
4 7 9
1 4 13
0 4 12
21 1 7
16 19 12
1 4 7
18 23 6
16 18 7
15 19 13
18 20 11
10 14 16
15 19 13
15 19 12
0 3 2
11 15 5
11 14 16
6 9 1
3 6 9
14 18 9
20 23 15
2 5 14
11 14 13
1 3 14
10 14 10
3 6 9
3 4 11
21 0 3
18 23 11
6 8 14
8 11 8
14 17 4
20 22 9
17 22 8
0 4 15
0 2 4
17 20 8
10 15 14
3 6 8
20 22 9
3 6 4
11 16 11
9 13 13
15 18 2
3 6 13
8 12 7
0 4 7
14 15 14
4 7 12
11 15 12
13 15 8
8 12 1
2 3 8
13 14 13
12 16 12
19 21 2
11 14 1
4 7 5
3 6 9
9 11 3
21 23 13
17 20 8
7 11 15
23 2 10
2 7 7
12 18 3
10 11 3
10 11 15
9 12 8
22 1 15
7 9 14
5 8 1
2 7 7
8 10 1
15 20 12
13 15 10
18 23 7
4 7 15
6 10 5
0 4 7
5 8 4
18 22 4
3 7 10
21 0 7
19 22 12
15 19 8
3 6 11
13 14 10
19 23 13
11 14 1
11 15 4
13 16 6
12 13 12
0 1 7
15 18 12
2 7 16
14 17 13
4 8 3
9 12 6
18 22 3
21 1 4
21 2 16
14 18 6
11 14 9
13 16 4
12 14 6
16 20 11
6 10 6
22 0 12
20 22 6
10 13 14
8 11 3
4 7 1
5 6 6
0 1 10
19 21 4
2 6 14
20 22 1
11 15 6
7 11 15
20 22 5
21 22 9
9 12 4
4 8 6
23 2 11
16 20 3
17 20 10
6 7 6
23 3 1
1 5 10
7 10 16
5 7 16
2 6 12
5 8 15
15 17 12
1 5 2
2 4 12
13 15 10
22 23 16
22 0 12
4 7 6
16 19 7
1 3 3
16 19 9
18 20 15
4 8 2
14 17 8
16 19 4
6 9 16
4 7 12
3 7 14
7 10 15
18 20 8
23 1 8
18 22 3
20 0 15
15 18 3
4 7 15
22 1 10
4 5 13
3 6 15
19 23 7
13 17 10
3 4 3
15 18 5
17 21 4
13 17 1
5 5 12
7 10 4
10 14 7
3 8 12
5 10 3
16 19 15
14 18 6
3 7 9
12 16 7
4 7 15
14 17 8
9 13 9
23 3 5
18 20 11
6 11 4
2 5 12
18 22 9
10 13 3
0 4 13
12 16 13
1 4 7
13 16 11
17 21 14
5 9 2
18 21 16
3 7 7
16 19 14
12 15 16
10 14 7
11 16 11
16 18 14
0 4 5
12 15 14
22 2 8
10 13 7
7 9 8
9 11 8
12 14 8
9 13 10
9 13 12
21 1 14
22 1 4
18 22 3
0 3 15
10 13 3
14 17 10
19 23 8
6 8 6
2 4 12
2 4 13
19 21 9
0 2 16
19 21 13
18 23 7
7 11 13
0 1 4
4 7 15
20 21 3
22 1 3
5 9 4
15 16 5
13 16 4
1 3 16
2 4 2
19 23 8
4 9 13
2 4 2
7 11 4
15 19 12
6 7 14
3 4 13
23 3 16
1 4 15
13 15 12
5 6 8
17 21 8
2 6 12
23 1 3
4 6 2
20 23 5
23 3 11
22 2 7
11 14 1
10 13 4
9 12 4
15 18 14
11 14 8
12 14 4
5 9 10
4 6 9
6 9 16
6 9 11
16 21 12
13 18 1
10 14 9
1 4 16
19 21 4
0 3 2
14 15 3
6 8 11
14 17 9
0 2 16
9 12 5
19 21 7
19 0 4
19 22 14
11 13 9
15 18 3
19 23 10
15 19 13
12 16 6
14 17 12
13 18 15
22 0 15
21 23 13
6 10 13
1 4 6
21 23 6
14 18 5
19 22 5
22 1 12
19 22 11
18 0 14
15 19 5
4 7 9
23 1 3
15 17 16
18 19 15
3 7 15
11 14 16
2 6 3
21 0 9
20 23 9
3 6 2
10 13 11
2 4 6
1 4 10
15 18 12
2 4 2
18 22 4
18 20 5
19 22 13
7 10 2
23 3 2
8 10 6
14 16 14
22 2 9
21 23 6
23 2 12
6 8 14
20 0 9
15 18 15
4 7 8
10 12 2
7 10 15
20 23 1
3 6 12
16 16 7
7 8 2
21 23 12
10 13 8
23 1 8
21 0 15
8 11 10
17 21 2
2 5 2
4 8 15
15 19 4
4 9 8
23 3 4
15 19 13
0 3 14
7 11 9
2 3 4
21 1 2
23 1 15
3 5 6
23 1 14
1 4 1
11 15 7
12 16 12
15 18 8
20 22 1
10 13 5
12 17 7
19 22 3
16 18 6
2 4 3
16 20 2
23 2 11
10 13 5
8 12 2
21 0 7
15 17 12
5 7 7
2 4 13
7 11 3
6 10 15
4 5 2
2 6 12
6 11 1
10 14 8
10 12 6
20 0 7
18 20 2
12 14 16
16 19 15
21 1 7
20 0 9
22 1 10
5 9 15
15 18 2
14 18 14
6 9 4
6 10 3
23 1 7
10 12 9
20 23 12
6 7 6
10 14 6
18 20 4
22 23 15
16 18 8
18 22 10
23 2 12
23 1 2
1 4 13
13 16 2
1 6 8
11 14 12
4 6 7
23 2 16
5 8 10
19 23 2
3 4 8
6 11 5
0 4 6
23 2 11
13 16 2
2 5 11
8 10 4
7 10 6
19 23 16
1 2 12
10 14 15
21 0 8
11 13 2
21 23 16
10 15 3
6 8 13
13 17 10
23 1 11
15 20 14
1 4 3
12 16 2
9 12 12
21 0 15
4 7 1
12 16 11
6 9 13
21 0 12
2 5 13
6 9 13
6 8 15
20 23 8
2 6 14
1 5 9
17 20 16
13 15 13
0 3 10
18 21 11
19 22 5
16 20 1
5 8 4
22 1 5
15 18 10
3 3 7
18 21 12
17 20 8
5 7 5
16 18 2
6 10 12
8 12 15
14 18 7
2 6 16
17 21 12
1 3 15
21 0 4
11 15 14
5 8 5
20 22 6
7 11 6
12 17 16
15 19 4
5 8 6
16 20 11
4 8 4
18 21 11
20 0 1
8 11 15
23 2 3
0 4 5
9 13 3
3 6 4
21 0 8
20 0 6
17 20 5
20 23 9
13 16 11
7 9 15
18 19 13
14 17 14
7 10 4
8 11 13
22 1 11
3 5 3
4 8 5
1 5 15
23 2 8
21 23 3
9 13 6
7 10 14
7 9 14
2 5 7
0 4 7
0 2 14
4 7 7
13 17 3
17 21 16
12 16 10
9 12 5
1 3 3
12 16 6
20 21 13
7 10 7
21 23 11
22 23 4
23 1 4
12 16 16
19 0 2
2 5 2
15 20 16
20 23 5
0 1 3
2 7 5
18 21 16
21 23 11
14 17 9
10 13 8
8 13 13
8 11 7
11 14 8
14 17 12
2 6 2
5 8 2
20 0 7
15 16 15
0 3 11
1 4 4
6 7 1
20 22 3
10 13 11
3 4 16
2 4 4
1 5 5
23 2 2
22 23 10
8 9 12
18 21 14
14 17 4
2 2 7
3 6 12
21 1 13
17 20 6
3 5 4
4 6 8
21 1 7
1 5 11
22 0 5
6 9 13
10 13 16
5 9 6
13 16 11
0 4 12
11 14 6
8 12 3
11 13 10
16 21 5
4 7 1
18 23 14
20 1 11
9 12 9
