800 19
8 2 10 10 6 9 6 1 8 3 1 1 3 10 4 8 9 6 3 
10 14 9
17 20 19
5 8 14
5 7 9
5 8 9
12 14 16
23 2 10
22 1 8
10 13 16
15 18 18
12 15 14
8 11 17
5 9 7
20 1 14
21 0 15
6 9 16
22 1 18
1 5 4
23 1 9
1 3 13
19 22 17
1 6 5
11 12 18
14 18 16
6 9 13
13 15 5
8 11 7
13 17 17
20 0 4
13 17 17
17 19 1
22 1 7
14 16 19
3 5 18
13 16 17
17 22 13
21 1 7
19 22 5
3 9 15
15 19 14
15 18 16
23 2 19
5 6 16
3 6 17
2 6 10
12 16 17
19 21 7
21 0 17
11 14 7
2 6 13
23 2 6
5 10 6
21 0 10
2 6 14
21 1 4
17 20 7
4 8 13
7 10 16
11 15 13
3 8 5
8 11 14
11 14 19
13 16 8
23 3 16
21 23 4
14 18 18
4 6 7
7 11 9
13 16 9
0 4 7
0 3 17
23 2 3
2 4 2
20 0 14
22 1 1
23 2 19
14 14 6
8 13 7
23 3 14
8 10 13
0 4 1
1 4 15
13 16 4
14 19 12
10 13 2
14 18 2
14 16 2
6 6 2
11 15 2
17 20 14
12 15 4
7 11 5
4 8 1
17 21 2
18 21 18
5 8 8
22 1 13
2 4 15
15 19 8
6 10 5
23 1 5
22 1 10
5 8 12
22 1 11
19 21 11
13 18 3
17 20 5
8 11 18
21 23 2
5 6 14
2 5 11
10 12 7
3 7 14
8 12 6
9 12 1
1 4 6
19 21 14
20 23 12
21 0 8
9 12 5
4 5 12
3 4 2
16 20 5
16 18 10
5 8 12
0 3 7
0 5 8
21 0 18
12 14 17
7 8 1
4 6 13
8 10 11
0 4 18
18 20 6
1 3 12
8 12 18
20 0 15
11 14 6
1 3 17
21 23 13
2 5 14
12 15 19
19 21 11
21 0 9
23 2 5
13 16 5
13 15 7
8 11 16
2 6 16
11 12 13
11 13 18
23 3 8
16 20 5
6 11 12
23 2 8
21 1 1
2 5 11
1 3 19
2 6 9
8 11 19
5 9 15
2 6 19
5 6 9
10 13 5
11 16 11
3 5 17
2 3 2
10 12 8
18 22 8
23 2 1
8 10 8
16 18 13
11 13 15
9 9 16
23 3 1
5 7 8
19 23 12
11 14 14
18 20 14
9 12 12
9 11 7
17 21 4
7 9 14
4 7 1
14 16 5
17 21 7
0 3 13
13 16 15
12 16 15
5 9 18
10 14 14
12 14 13
11 13 3
20 22 3
20 23 8
22 1 2
8 10 17
4 6 13
23 2 5
14 19 7
8 11 17
15 18 17
22 0 8
21 22 16
0 4 16
17 22 2
12 15 13
5 9 2
19 21 1
4 8 10
2 5 1
4 7 13
11 15 9
22 3 19
8 10 4
1 5 18
4 7 18
3 6 8
0 3 10
3 6 13
14 18 17
6 9 4
6 7 8
18 21 2
7 10 14
18 21 17
15 20 4
15 17 8
14 18 15
13 15 5
20 21 8
6 7 16
21 1 15
3 7 12
2 5 2
10 13 2
0 2 13
21 0 14
13 16 7
16 19 19
9 11 18
15 19 10
17 20 15
0 2 5
19 23 16
16 19 1
20 23 18
7 9 9
15 19 12
11 14 7
8 11 17
15 18 12
9 12 17
16 19 9
12 15 19
4 4 12
19 20 6
11 13 16
9 14 3
15 18 19
9 12 17
13 16 4
17 19 4
19 21 1
18 21 17
21 22 10
22 1 15
16 20 14
10 13 10
3 8 7
20 23 19
21 23 18
9 12 19
7 10 10
2 6 7
1 4 13
8 12 4
4 8 3
10 12 6
1 5 3
0 2 6
15 20 5
17 20 5
7 10 1
15 16 3
1 3 4
18 20 19
6 9 8
2 6 16
13 16 4
23 0 6
13 15 16
20 21 3
17 21 4
11 14 13
7 11 12
3 6 18
16 19 2
16 18 16
5 9 19
23 4 12
2 6 5
11 13 4
13 16 13
12 15 6
12 15 4
5 9 8
2 4 13
20 22 10
12 15 4
20 22 14
21 23 16
4 8 14
15 18 9
23 1 15
9 12 8
7 10 12
18 20 10
12 15 2
11 14 11
15 18 5
15 19 13
7 11 16
14 17 13
12 14 12
5 8 11
1 3 7
14 17 15
15 18 17
14 17 11
19 22 8
5 8 17
10 15 2
0 3 15
1 4 1
22 0 6
8 13 17
7 8 18
22 1 16
21 1 1
1 4 8
10 14 5
2 6 1
0 3 13
9 13 5
17 20 4
12 17 18
17 21 11
10 13 2
16 20 12
11 14 12
7 10 10
16 20 11
0 1 3
2 5 14
18 23 6
21 0 8
4 7 7
17 18 16
6 10 12
19 22 6
9 14 7
11 12 5
22 0 1
9 11 1
14 15 18
16 19 14
22 1 7
6 8 9
19 22 3
5 8 12
3 6 8
14 16 16
14 16 17
3 5 6
23 2 5
2 5 3
23 3 19
11 15 18
23 4 19
17 20 13
3 6 7
6 9 15
13 15 13
19 23 15
0 3 18
6 10 8
1 3 17
2 4 17
22 0 10
20 1 15
13 17 6
17 20 14
15 20 11
23 3 2
13 16 18
2 5 3
8 12 18
15 18 11
19 23 9
4 6 6
19 23 7
17 19 19
0 4 10
1 4 7
5 6 4
17 21 6
12 17 12
2 6 3
3 6 18
5 9 17
16 19 17
20 1 8
11 13 6
20 22 8
11 14 7
3 7 16
21 1 12
8 11 7
5 9 3
6 8 7
13 16 7
15 16 6
15 17 6
8 11 19
19 22 15
18 18 12
10 14 12
6 9 14
16 18 4
20 0 18
22 1 12
2 6 9
12 14 4
6 11 18
13 16 13
20 22 8
9 12 7
1 4 8
12 15 11
10 12 11
14 16 9
1 5 15
7 8 7
12 16 1
12 14 5
18 21 1
12 15 5
13 15 7
5 7 16
10 13 6
0 2 4
7 11 16
11 15 5
15 17 15
10 11 15
8 11 14
3 5 14
2 3 11
21 0 13
19 22 9
12 13 14
0 3 11
6 8 5
4 7 8
10 13 13
5 9 19
14 16 19
2 6 15
1 4 10
2 6 10
3 5 9
4 7 13
3 6 19
23 1 1
19 23 10
8 13 7
15 16 11
3 5 1
1 4 9
6 8 6
7 9 17
23 1 13
0 3 18
6 10 8
13 16 10
2 7 1
11 14 10
23 2 16
17 20 14
20 21 12
6 9 16
0 2 5
6 8 18
0 3 10
13 16 12
21 0 16
17 19 12
21 0 5
10 14 7
13 15 17
23 3 9
14 18 8
19 21 5
20 23 11
9 12 5
18 22 4
21 23 9
0 3 8
18 21 3
11 15 18
18 22 1
16 20 2
19 21 17
14 18 14
18 20 13
9 11 10
21 0 6
7 10 11
6 9 10
5 8 17
8 12 14
17 21 2
1 4 3
8 11 8
6 9 17
14 19 9
9 13 17
14 17 15
10 15 1
13 17 17
0 2 1
11 16 10
1 5 11
19 22 2
19 21 9
15 17 12
1 3 4
21 0 3
9 12 12
14 18 11
12 15 8
22 2 6
4 6 15
10 14 1
20 22 3
14 19 17
11 13 14
21 0 11
3 5 11
11 15 6
16 19 17
4 8 17
9 13 4
4 8 4
15 16 18
21 0 3
18 21 5
16 19 17
17 21 10
15 17 13
19 23 11
8 12 2
13 15 18
19 22 3
4 7 17
18 21 13
7 11 1
1 2 4
7 10 16
10 14 18
17 21 16
19 23 12
13 15 15
14 18 4
19 21 5
0 3 15
2 6 9
7 11 2
8 10 4
10 13 9
5 10 17
9 14 17
2 7 7
18 22 14
10 14 14
13 16 16
16 19 19
17 20 6
19 21 2
1 4 6
18 21 15
18 20 17
23 2 13
21 2 17
17 20 14
7 10 4
14 17 4
9 12 15
17 21 19
1 4 13
9 10 2
23 2 4
1 4 1
15 18 2
10 13 17
4 8 2
22 1 9
20 0 19
22 4 6
20 0 19
1 5 16
19 21 12
23 1 13
7 12 16
23 1 9
9 12 15
23 2 3
21 1 17
13 17 15
14 17 18
19 23 6
6 10 18
12 15 8
2 4 14
11 13 3
21 0 19
10 15 6
0 3 10
3 7 15
11 14 2
16 18 16
17 21 5
0 3 5
22 0 9
12 14 4
4 8 16
14 19 11
12 15 6
0 3 12
13 17 3
4 6 5
8 10 8
19 23 12
9 12 12
8 11 7
21 1 17
10 13 5
19 22 18
4 7 16
9 12 2
2 4 6
13 17 16
23 1 17
10 13 5
10 13 1
10 13 17
14 17 5
15 18 16
16 19 1
5 8 3
2 4 18
10 15 4
9 13 6
7 10 17
16 18 7
5 7 8
14 18 10
18 20 18
19 21 10
0 3 10
6 10 12
7 10 10
18 22 6
18 19 3
21 0 2
8 12 5
23 2 2
3 6 17
0 5 3
9 11 14
1 4 8
15 20 18
3 6 19
4 6 13
18 22 13
11 15 15
20 23 12
22 2 2
13 17 18
3 6 7
16 19 8
9 10 11
20 0 2
9 11 16
3 7 18
3 6 18
17 19 8
22 1 10
10 13 16
21 0 11
5 9 15
2 5 17
11 12 13
6 10 17
0 3 17
4 7 4
0 1 6
22 0 1
0 3 16
16 18 12
2 6 8
14 18 11
7 9 13
13 16 8
6 8 8
3 6 4
23 3 15
6 8 19
5 8 11
7 11 1
8 10 15
23 2 13
11 15 13
7 10 3
5 5 19
3 7 16
0 4 14
12 15 15
17 22 6
0 3 8
3 6 8
3 6 13
19 21 11
17 18 19
7 11 14
5 8 10
20 23 10
2 4 14
12 15 1
23 3 2
19 22 5
18 23 3
20 23 1
12 15 5
16 18 13
14 17 16
17 21 12
13 16 14
21 2 4
0 4 5
22 2 1
23 2 12
17 20 19
20 21 2
23 3 19
23 1 17
13 16 1
11 13 13
0 1 15
11 14 7
4 7 8
17 20 4
14 17 1
0 4 5
2 4 19
17 19 10
0 4 12
23 1 11
7 11 7
22 0 8
3 6 14
7 9 8
4 8 2
10 13 7
10 13 9
9 13 18
12 14 15
12 14 11
20 22 15
16 20 11
0 3 18
10 13 5
15 16 2
15 19 7
10 15 12
13 16 6
16 20 11
5 8 10
20 23 1
14 17 18
7 8 8
4 8 5
0 2 11
20 23 14
5 8 19
9 11 9
5 9 14
14 17 9
7 11 13
