1150 14
2 5 9 2 3 10 10 6 7 1 2 1 2 9 
19 21 12
12 14 2
21 1 7
21 0 8
9 12 12
11 14 1
11 14 3
17 19 2
14 16 10
13 17 1
23 2 12
2 7 3
10 15 1
23 1 4
18 20 5
4 8 6
21 1 11
9 13 4
9 13 2
20 21 14
5 8 8
17 20 9
18 22 11
22 1 9
5 7 14
9 12 3
22 2 10
7 9 4
7 11 12
21 23 5
7 9 8
22 1 6
10 11 9
1 4 4
19 21 7
19 22 3
21 22 14
0 2 8
8 11 3
16 19 13
10 12 6
19 21 3
22 23 9
15 16 14
13 15 4
16 20 9
17 19 8
15 19 1
6 8 9
19 21 14
14 14 12
1 5 5
2 4 2
18 20 6
18 22 11
17 20 10
23 3 10
6 10 6
19 21 2
11 13 8
18 23 12
10 13 10
4 7 6
2 4 3
9 11 1
22 1 2
11 15 1
1 4 6
11 14 4
1 4 11
9 12 6
6 8 8
3 5 13
0 4 2
4 8 5
18 20 1
17 21 12
4 8 12
19 22 11
12 16 12
14 17 7
18 19 4
23 3 12
6 9 14
17 20 6
13 16 4
6 9 1
8 9 12
17 20 8
14 16 4
11 15 9
11 14 7
13 16 11
12 15 2
16 18 12
1 4 7
16 19 11
15 19 12
8 12 8
15 19 13
1 4 13
7 12 8
20 0 14
4 9 5
15 19 7
21 0 3
17 20 14
10 14 8
7 11 3
20 0 6
13 16 5
14 18 10
11 16 4
10 14 13
16 20 12
2 5 5
16 18 14
20 21 14
15 18 6
22 5 12
23 1 2
21 1 12
20 0 7
11 13 3
5 10 7
2 4 9
22 23 2
19 22 11
12 16 11
20 22 4
8 12 14
6 7 2
16 18 6
22 1 9
19 23 13
13 16 2
8 10 10
1 5 1
10 12 2
10 13 2
21 22 2
23 2 9
21 1 3
15 19 7
8 10 12
21 0 3
23 1 10
4 7 4
8 13 2
13 16 14
18 20 9
10 13 8
13 16 5
9 12 1
20 0 13
10 12 5
0 3 6
6 9 14
20 23 7
14 17 9
8 10 1
3 7 12
10 12 13
14 17 13
19 0 2
22 0 6
3 7 11
21 0 14
9 12 3
17 18 11
2 5 4
20 22 10
12 14 4
21 0 3
21 2 11
18 21 14
21 22 14
3 4 5
23 1 11
18 21 11
8 11 12
19 22 4
5 8 11
22 1 3
19 21 14
23 2 6
7 10 11
16 19 13
13 17 6
10 14 4
12 13 6
11 14 6
23 4 6
16 19 7
22 0 9
1 4 10
13 15 2
16 19 11
10 14 10
13 16 10
15 20 13
7 9 7
9 11 3
1 5 14
23 2 13
20 23 11
2 3 7
2 4 5
0 3 3
1 4 4
12 15 4
15 19 10
22 2 9
12 16 4
5 8 4
12 13 11
7 10 9
19 22 13
4 7 4
18 22 2
18 21 8
17 20 9
7 10 6
1 4 14
8 10 4
7 11 3
23 3 7
3 5 14
17 22 1
18 21 13
16 18 11
7 10 5
0 1 8
19 23 3
6 9 12
2 4 11
4 5 9
14 18 7
6 7 11
2 5 2
22 0 1
4 7 1
22 3 1
13 18 4
12 15 7
7 11 7
10 12 12
5 7 5
2 7 4
15 18 3
12 13 8
7 10 9
4 6 2
23 1 12
21 0 3
23 2 10
20 0 13
8 11 6
20 1 8
7 9 11
12 15 1
1 6 6
14 18 13
12 13 14
4 8 5
3 5 11
9 11 9
16 19 7
21 0 2
5 10 14
4 8 1
10 13 3
12 13 4
23 3 14
2 5 11
21 23 1
8 12 13
4 9 11
15 17 12
10 13 11
7 10 4
23 3 14
9 12 10
9 12 1
2 3 9
18 20 2
18 20 14
3 6 10
16 18 9
23 1 6
14 17 4
7 10 11
8 12 8
12 14 2
22 1 8
3 6 14
22 0 8
10 12 5
6 8 12
10 13 3
9 11 12
3 5 5
6 9 14
14 19 3
17 21 13
12 16 10
7 11 12
3 6 2
10 13 3
7 9 6
6 8 5
17 19 14
8 11 14
14 18 8
2 6 12
13 16 9
18 21 4
21 0 6
8 13 4
13 16 6
4 7 12
3 6 2
3 7 7
3 4 2
12 15 6
2 4 3
10 14 13
20 0 11
11 12 10
16 20 14
20 22 13
12 14 13
14 18 12
5 7 14
10 13 2
4 6 7
15 19 14
8 11 8
9 12 5
3 7 8
18 22 9
19 23 10
13 17 3
12 14 11
8 10 2
15 19 7
3 4 10
9 13 1
11 14 7
17 20 10
6 8 11
18 21 4
15 19 6
9 11 3
12 16 2
22 0 14
17 21 8
9 11 5
19 23 4
22 1 8
5 9 7
12 15 5
6 9 12
19 22 14
23 1 6
8 12 4
20 23 4
13 16 10
21 1 7
3 6 6
20 22 8
3 7 3
17 20 2
8 10 2
8 10 11
5 8 4
9 11 10
20 0 6
19 22 2
23 2 9
1 5 14
12 15 7
18 21 12
10 14 10
16 20 10
9 12 11
19 21 8
17 20 6
18 21 5
21 2 5
17 19 2
10 12 9
19 21 11
1 5 3
17 22 5
20 22 6
7 10 7
5 9 11
22 1 4
3 6 14
20 23 11
1 3 2
15 18 8
22 1 4
10 16 8
11 13 13
20 22 1
22 0 9
11 16 3
16 18 2
21 1 10
22 23 8
7 9 7
0 4 4
12 15 1
3 5 2
23 1 14
3 5 1
3 5 5
16 19 8
12 16 3
5 11 6
16 21 7
16 18 12
10 12 2
15 19 8
2 5 14
9 11 12
15 19 9
4 7 14
15 18 9
8 13 10
21 1 4
9 12 8
2 6 9
23 1 9
14 18 1
11 16 9
15 18 2
11 14 9
6 9 9
6 9 10
20 21 9
18 20 5
11 15 9
2 4 2
15 19 6
4 7 11
2 4 5
18 23 12
16 18 10
18 21 13
9 11 5
12 16 10
17 20 2
6 9 9
0 2 14
13 16 13
15 17 13
9 10 4
21 21 1
20 22 7
21 0 2
18 21 5
17 21 7
16 19 12
3 5 10
12 17 9
7 9 12
3 6 2
0 3 10
18 20 6
4 6 10
1 5 14
20 0 2
2 6 8
18 22 12
1 3 1
7 10 9
6 8 11
8 11 5
12 13 1
7 9 10
5 8 12
18 21 1
11 13 12
13 15 11
5 6 4
15 16 6
4 7 10
12 14 11
5 9 14
19 20 9
0 2 7
3 5 8
17 20 1
3 6 4
1 6 4
8 10 4
4 8 5
19 22 8
22 1 12
23 2 3
22 1 10
1 4 4
16 19 11
13 15 3
10 13 7
4 7 11
8 9 1
9 11 13
2 7 2
19 21 5
7 9 13
7 9 9
20 23 12
0 3 10
18 20 11
23 2 11
12 15 12
11 15 4
16 19 11
17 20 9
15 17 14
0 2 4
4 6 14
2 3 4
7 11 10
14 17 2
20 21 4
21 0 12
5 6 6
7 10 10
1 5 3
16 19 10
20 23 3
13 16 2
7 11 10
13 15 4
3 8 7
0 4 12
19 22 3
5 10 6
22 2 10
13 16 4
6 7 1
15 16 1
5 8 10
1 5 14
0 3 12
19 20 8
8 10 5
23 4 9
14 18 13
15 17 7
15 17 9
17 19 2
14 18 13
13 16 13
12 15 9
3 5 10
11 14 13
3 5 3
16 20 6
4 6 11
23 1 12
7 11 4
3 7 13
6 9 6
20 21 7
12 14 6
22 0 2
18 22 10
15 19 14
20 0 3
10 15 2
18 21 11
18 21 5
9 12 4
14 18 12
13 16 4
9 12 10
4 6 1
4 8 5
6 9 14
18 22 12
10 12 14
8 12 10
9 10 8
13 16 6
16 21 4
13 16 12
19 0 4
15 18 14
20 0 1
4 6 2
16 19 3
20 22 12
21 1 10
6 9 1
22 0 6
8 12 3
15 18 8
8 12 4
18 23 8
16 19 4
16 20 4
4 8 11
16 18 5
8 11 9
4 8 12
8 12 11
23 2 2
23 2 9
11 14 3
12 14 2
18 20 6
4 6 13
9 11 7
10 12 2
3 6 7
7 10 12
15 17 11
22 2 13
20 0 12
13 15 6
13 16 2
20 0 6
1 5 6
14 18 13
7 9 4
20 22 14
1 4 7
7 10 1
1 5 3
23 4 9
14 16 13
21 0 11
23 0 12
5 7 8
0 3 7
12 15 8
15 19 1
14 16 12
14 16 13
8 11 3
21 22 12
17 20 1
5 8 2
23 2 13
21 23 1
19 23 3
17 19 12
22 1 1
6 9 14
2 4 6
20 23 2
15 18 3
16 20 11
8 11 2
21 0 5
22 1 13
22 2 6
17 21 4
21 23 13
13 16 11
11 12 5
7 11 8
9 11 8
7 11 6
17 21 14
16 20 5
22 1 4
0 4 10
8 12 5
13 15 13
7 10 4
2 5 1
4 7 12
18 21 9
3 6 3
13 18 7
18 23 14
13 16 2
13 15 1
5 7 2
17 20 12
6 9 8
14 17 6
9 11 10
14 17 14
9 10 7
15 18 10
20 0 3
15 17 13
23 1 8
4 7 14
5 7 9
5 10 4
15 18 4
22 2 5
14 18 12
4 8 7
14 16 13
16 18 2
11 14 4
1 4 8
8 11 7
10 12 11
10 14 13
6 8 3
10 12 11
22 1 11
19 21 9
9 11 1
21 0 8
2 6 10
22 2 7
20 22 9
14 16 12
21 0 6
13 16 13
16 19 10
6 9 2
23 0 2
0 3 4
15 18 14
5 10 5
23 3 9
19 21 5
11 15 9
14 15 10
20 23 11
12 14 3
22 0 11
18 21 5
12 15 10
23 3 6
5 8 9
11 13 10
17 20 1
15 19 12
20 23 6
8 13 4
10 13 1
20 1 11
12 15 8
13 15 10
5 8 3
9 12 1
18 21 14
20 0 2
19 21 10
6 9 4
4 7 12
23 3 12
4 7 2
0 2 11
12 17 7
5 8 2
5 8 2
9 13 13
21 1 11
16 19 8
13 16 11
16 20 13
11 13 6
12 17 5
2 5 1
12 16 9
6 9 4
1 3 9
11 14 5
19 23 11
7 10 9
19 21 13
18 20 2
6 11 8
13 15 2
9 11 11
23 4 11
22 1 11
12 15 12
6 10 12
9 11 4
8 9 12
1 3 5
21 0 5
19 21 12
12 16 4
16 19 7
6 9 7
16 17 11
19 22 3
14 17 1
7 10 1
14 19 12
23 3 2
18 19 11
2 5 10
11 14 3
5 9 9
9 13 9
14 17 12
23 2 2
4 7 11
2 4 1
9 12 13
10 14 9
10 11 10
14 15 5
22 1 6
12 15 2
0 3 2
23 3 1
11 14 11
0 3 5
11 15 1
4 8 10
11 15 3
14 16 11
8 12 10
15 18 11
11 13 7
6 9 10
10 13 9
12 16 8
10 11 3
2 5 1
17 20 10
4 7 7
2 6 1
6 9 1
5 7 7
19 23 13
18 21 2
2 5 11
2 6 6
0 4 8
10 13 11
20 22 1
18 20 14
20 22 8
15 17 13
5 7 3
23 2 2
11 15 9
1 5 11
19 22 13
20 22 5
17 19 3
23 1 12
20 23 5
21 0 4
4 7 11
12 15 9
21 23 8
8 12 10
12 16 4
5 8 2
21 22 4
11 14 13
0 3 2
10 13 1
20 23 3
14 16 7
6 11 5
4 7 14
5 6 1
1 3 13
17 20 14
23 3 10
4 5 2
10 13 6
1 6 1
4 6 4
21 23 4
21 22 7
1 4 8
18 22 10
6 8 14
15 18 3
9 12 4
15 18 1
21 0 3
2 3 13
18 22 12
22 2 13
22 0 9
15 17 11
18 21 10
10 12 4
7 9 4
2 6 6
4 7 1
10 14 5
17 18 11
0 2 9
12 15 2
0 3 10
6 9 14
19 22 12
12 14 7
20 23 13
2 4 7
16 19 1
7 10 3
5 7 4
22 0 8
9 12 9
5 9 4
3 7 1
5 9 12
19 21 7
3 4 5
12 14 12
13 15 9
23 1 14
1 5 2
2 5 6
7 10 8
16 20 1
19 22 10
22 2 3
4 6 10
1 0 9
12 15 3
17 21 2
15 17 6
22 0 10
5 8 6
9 11 13
11 14 14
5 6 5
3 5 2
13 15 7
2 5 13
0 1 3
0 5 1
20 23 6
4 8 10
17 23 5
2 4 12
16 19 14
0 1 13
0 4 4
17 19 4
3 7 1
19 21 7
7 9 6
14 18 14
9 13 5
15 17 8
17 20 4
10 14 9
19 23 4
19 23 3
15 17 6
13 14 3
9 12 10
19 23 10
5 8 9
9 13 2
2 3 9
7 9 5
1 6 2
0 3 4
1 4 8
21 23 11
9 11 8
5 8 3
16 19 1
14 17 13
11 14 2
17 19 3
2 3 2
14 17 5
0 4 1
21 0 7
19 22 1
13 17 7
14 16 8
11 13 9
12 16 3
1 6 3
4 6 1
1 5 9
10 13 11
1 4 9
15 18 2
22 2 1
1 4 11
7 10 1
13 16 14
16 18 10
23 2 13
14 17 13
1 5 4
16 18 13
8 11 1
5 7 1
23 3 12
14 17 12
14 17 8
5 6 10
16 20 5
12 16 8
12 13 7
20 23 2
16 20 1
17 20 12
1 3 6
18 20 2
23 2 11
4 7 6
1 4 10
5 9 2
3 5 9
17 22 6
21 0 10
15 20 1
22 0 14
3 7 6
0 3 11
0 1 4
23 3 10
11 14 6
6 10 2
11 14 2
18 20 6
14 17 1
0 2 2
23 4 1
4 7 14
22 0 1
3 6 2
13 16 4
8 13 2
6 8 10
13 15 11
23 1 7
13 17 12
23 4 8
18 20 5
12 13 12
2 5 13
12 13 2
16 19 2
0 4 12
17 21 6
1 4 3
6 9 14
2 6 13
0 4 4
19 0 6
20 0 6
15 19 4
3 5 4
12 16 8
23 3 2
23 1 1
6 6 8
17 22 3
1 4 11
12 14 13
23 3 7
14 14 6
21 0 2
7 9 7
22 0 4
0 4 11
16 19 14
3 6 5
6 13 13
20 0 10
21 0 6
18 0 13
1 3 6
0 2 9
10 16 3
10 12 10
12 16 11
18 20 9
3 7 6
4 6 8
13 15 11
0 3 4
18 21 12
7 11 4
14 19 8
19 23 9
15 16 6
16 19 5
17 21 10
21 0 14
13 17 13
16 21 11
9 14 13
9 13 3
17 20 13
15 17 10
15 19 13
4 6 12
9 12 8
0 3 7
7 12 14
3 7 9
8 11 3
1 3 5
16 19 10
13 17 1
0 3 2
19 22 10
14 18 2
7 10 4
2 5 1
19 22 5
2 6 2
15 19 12
8 9 1
3 7 2
1 4 7
6 6 8
3 6 11
7 10 5
3 7 5
18 21 1
23 2 5
10 13 1
19 22 13
20 23 6
6 9 5
4 5 3
18 21 1
15 18 2
3 5 1
1 5 14
22 0 3
15 17 8
20 0 13
20 22 14
5 8 8
4 7 10
7 10 8
16 19 12
12 13 3
2 6 12
0 3 14
19 22 13
14 16 10
