700 9
9 8 7 10 8 3 2 6 5 
13 18 4
13 16 8
3 6 5
2 6 9
0 4 8
10 12 4
20 21 3
23 2 1
1 4 4
23 0 9
9 12 8
2 3 5
21 23 2
23 1 5
11 14 9
11 15 3
12 15 3
7 11 1
13 16 3
4 8 3
5 7 7
11 14 6
12 14 9
1 5 5
18 21 1
3 6 2
8 12 2
13 15 4
22 2 6
14 18 4
12 17 1
2 5 6
13 17 3
16 21 3
19 23 6
4 8 7
13 16 1
4 8 2
14 18 9
22 2 7
13 17 8
2 3 2
18 21 4
0 3 4
21 22 7
20 23 3
12 16 6
0 2 5
1 3 5
16 20 4
15 17 6
18 21 3
10 14 7
3 9 9
0 3 1
0 2 2
12 15 9
12 14 1
2 6 8
17 21 9
7 12 3
5 6 1
12 15 8
6 10 3
18 22 1
3 6 9
22 1 1
9 12 5
17 20 9
7 10 1
5 8 5
19 22 7
13 14 4
6 9 7
14 19 5
7 11 7
9 13 5
2 5 2
7 11 5
23 3 5
9 12 7
20 0 7
16 19 7
15 17 5
13 17 7
12 16 9
13 15 7
8 12 5
15 18 2
6 9 3
14 16 5
6 12 3
15 18 6
16 18 4
22 2 9
20 22 4
9 12 3
15 20 6
0 2 8
10 14 3
11 14 8
3 5 5
10 14 6
10 14 2
16 19 6
10 12 2
21 23 6
3 6 8
12 15 3
9 13 2
1 5 1
21 23 7
21 1 2
13 15 3
12 14 2
1 4 9
18 23 5
3 8 5
19 22 8
0 5 9
0 3 1
16 19 7
2 5 4
22 23 8
14 19 7
18 21 2
14 18 9
3 8 8
18 23 9
12 14 7
15 17 1
7 9 3
10 13 7
8 10 8
6 10 4
4 7 3
22 0 6
6 9 3
2 5 8
21 23 8
1 3 8
2 5 9
23 2 1
9 12 1
1 3 1
4 6 8
15 18 7
21 1 3
9 11 6
8 12 4
14 16 5
2 6 8
2 6 3
0 4 8
16 17 8
3 6 2
15 18 2
2 4 4
4 8 7
10 11 1
11 14 7
9 11 1
20 0 2
10 11 9
10 14 5
17 19 5
13 16 8
10 12 4
15 20 7
0 2 7
2 5 1
10 14 8
9 12 1
3 5 6
13 16 1
6 8 4
14 20 8
0 3 9
0 5 8
20 23 1
3 7 2
23 4 9
6 8 2
17 20 3
7 8 6
11 13 5
11 15 8
21 0 7
23 3 7
20 22 2
5 7 9
13 17 3
3 5 7
11 14 1
1 3 6
1 3 2
17 22 3
2 6 5
15 20 2
8 11 1
8 11 4
10 13 1
20 23 3
21 1 5
10 13 8
22 1 5
7 11 2
2 5 8
12 15 2
18 21 4
22 2 7
12 14 4
18 20 8
11 13 3
5 8 6
14 16 5
0 5 9
10 15 7
16 20 5
17 22 8
13 16 3
5 8 9
11 15 6
19 21 9
21 1 9
1 4 5
10 13 7
9 11 4
2 6 1
20 0 2
2 6 6
9 11 1
5 7 7
19 22 8
2 5 4
23 2 3
4 7 9
17 20 7
1 4 3
3 7 9
22 3 4
23 0 4
3 6 7
0 2 1
9 14 9
0 3 1
2 4 2
15 18 5
9 12 2
14 16 4
16 18 9
18 21 3
14 15 2
10 14 7
4 6 7
16 19 6
10 13 3
2 6 5
14 16 3
21 0 8
5 7 5
13 16 1
21 23 5
11 13 6
9 11 3
9 11 7
7 9 6
2 5 1
1 6 4
20 23 4
6 9 2
9 10 3
5 10 4
4 8 8
6 9 3
3 7 7
10 14 2
3 5 6
1 4 9
6 9 2
2 5 4
0 3 1
7 9 8
14 16 9
19 21 9
16 18 9
13 14 6
4 7 8
11 12 9
9 11 1
5 8 5
10 12 8
12 16 4
3 5 7
5 8 7
3 6 9
3 5 1
10 11 4
16 19 6
4 5 5
23 1 2
21 23 3
11 13 6
20 22 9
23 2 1
10 12 8
22 23 6
1 4 7
11 15 9
1 4 3
2 5 4
1 4 2
21 23 2
3 7 3
4 7 8
4 7 2
13 16 2
23 0 2
4 7 9
15 17 1
0 2 9
16 19 4
1 6 7
13 16 2
18 22 7
1 3 3
11 12 2
9 10 6
15 18 7
1 3 4
0 4 5
9 11 2
7 10 9
3 6 6
20 22 7
5 9 7
3 6 8
21 0 7
13 16 2
10 14 2
7 11 8
18 0 5
6 9 5
17 20 7
12 15 1
18 20 7
20 0 7
1 4 5
2 7 7
23 2 6
2 5 4
14 17 2
4 8 9
7 12 3
12 14 9
21 23 9
23 1 3
1 5 9
23 0 4
23 2 3
21 22 6
4 8 2
20 22 3
7 10 6
15 18 6
18 22 7
5 8 2
22 3 3
14 18 2
3 6 9
0 2 8
1 4 2
4 7 2
8 13 5
18 21 3
18 22 7
21 0 5
15 18 8
3 6 3
2 5 4
5 8 8
16 20 2
13 17 9
12 13 3
15 19 4
22 0 1
1 5 8
19 22 2
6 10 2
10 13 3
16 18 1
22 0 1
15 17 6
4 7 7
5 8 7
20 22 2
10 14 7
3 7 8
21 0 1
5 10 7
10 14 9
14 18 6
16 19 9
10 13 9
1 4 2
7 10 9
8 11 8
0 2 3
10 11 4
2 5 5
7 11 6
7 11 4
16 18 5
7 9 3
15 18 2
3 6 5
16 18 4
4 8 7
3 6 9
8 11 3
6 9 9
11 14 4
7 8 7
2 5 2
9 13 1
17 18 9
20 22 5
4 8 5
9 12 2
6 7 1
5 7 8
14 18 2
1 4 1
2 6 9
12 15 3
14 16 1
5 7 3
10 11 2
22 1 6
7 10 6
23 2 9
0 3 3
19 22 8
17 19 5
18 19 8
2 6 6
7 10 3
17 22 7
3 4 4
7 11 6
18 21 5
22 1 3
5 7 3
23 2 4
14 17 3
5 8 9
2 4 5
12 17 7
19 21 3
22 2 9
6 8 1
4 7 9
0 3 7
1 5 9
15 18 5
21 0 8
21 0 1
14 17 7
14 17 3
15 20 9
7 10 2
7 11 4
17 20 2
13 15 7
20 0 5
22 1 9
19 22 1
9 11 3
0 2 2
14 17 8
23 0 2
6 10 7
19 22 9
3 7 2
2 6 8
7 11 5
6 7 1
12 16 9
16 18 1
10 12 6
16 18 8
21 1 6
12 16 1
3 5 2
7 10 1
10 10 5
5 8 3
20 21 2
2 6 9
17 19 1
7 10 6
13 17 7
16 19 3
12 14 8
8 12 3
12 16 9
18 22 2
21 0 9
12 16 6
7 9 2
2 5 3
14 17 1
17 20 2
19 21 2
9 12 9
0 3 3
10 14 9
23 1 2
0 2 4
4 5 3
4 6 4
15 17 6
15 17 5
11 14 8
22 1 2
13 16 8
11 15 9
6 7 9
23 3 6
2 3 7
20 22 6
16 19 9
15 19 7
6 9 2
20 22 6
20 0 8
11 14 4
10 13 9
15 16 7
5 7 4
10 15 2
20 21 8
23 2 9
21 23 1
16 19 2
7 8 9
7 10 2
7 10 6
5 8 4
8 11 3
1 3 4
17 20 7
10 14 6
20 1 3
0 3 5
4 5 4
11 14 5
7 11 4
10 13 8
18 22 8
14 17 8
3 6 4
14 21 5
16 18 2
6 9 1
4 7 6
14 18 2
14 16 3
3 7 8
19 21 7
11 14 3
19 0 3
18 20 8
21 23 4
4 8 1
14 17 6
18 20 2
12 14 8
19 20 9
6 11 9
17 21 2
5 8 9
12 14 6
8 11 5
20 21 8
8 12 4
8 11 6
2 5 2
0 2 6
8 13 9
10 13 4
5 9 9
18 21 3
23 3 3
11 13 5
2 4 3
1 5 9
3 6 3
13 17 2
14 18 6
12 15 6
20 23 7
6 9 5
10 13 6
18 20 1
9 11 6
23 1 5
10 13 3
18 20 9
8 12 4
22 1 3
8 12 9
7 10 6
1 4 8
6 9 2
19 21 1
9 12 6
7 11 4
21 22 7
3 7 7
9 9 4
17 19 8
18 22 7
20 0 1
10 13 8
14 17 2
14 17 4
5 7 1
9 10 7
21 1 4
7 10 5
20 22 7
18 20 9
10 13 7
23 1 8
22 3 8
16 19 7
19 23 4
20 22 6
15 20 7
4 7 6
17 19 2
7 8 1
22 1 3
20 23 1
14 17 9
21 1 3
7 11 5
16 19 4
4 7 7
0 2 3
14 18 4
1 4 3
14 18 3
7 9 5
3 7 3
11 12 1
20 23 1
8 10 9
8 11 5
11 13 7
21 23 1
1 4 2
11 14 3
11 12 5
19 20 7
0 3 5
14 18 5
5 7 2
23 3 4
4 7 9
6 11 9
15 18 4
9 12 6
20 23 1
19 23 3
14 16 2
7 8 9
12 15 2
18 22 5
23 3 5
23 3 4
10 12 5
8 10 9
19 21 8
9 12 2
12 14 3
6 9 2
6 8 5
5 9 7
17 19 1
23 2 2
20 23 8
5 8 6
1 4 2
1 3 5
1 5 5
20 23 2
15 18 4
9 13 9
