1750 7
5 7 5 5 10 1 10 
12 16 3
6 9 3
15 20 1
7 10 4
6 6 7
8 10 5
4 7 3
1 5 6
18 21 3
23 3 4
12 15 1
0 3 7
20 23 7
22 3 7
15 19 2
3 5 7
2 4 2
9 12 3
20 23 1
14 16 7
14 17 6
17 19 2
7 10 1
10 13 3
11 13 6
10 13 5
2 5 3
12 16 6
5 7 4
11 14 7
11 14 1
9 13 3
16 19 2
0 2 4
5 7 3
9 12 5
15 19 2
13 15 6
20 22 1
13 15 1
7 9 1
23 1 4
22 0 7
12 16 6
15 18 4
11 13 6
8 12 3
20 23 3
20 23 1
19 23 3
0 2 4
1 2 2
21 23 4
22 1 1
4 8 2
4 6 1
17 19 1
20 23 5
14 17 2
12 17 4
20 23 7
16 18 6
21 2 3
16 19 1
22 1 5
11 15 3
3 6 1
6 10 7
18 20 7
9 13 2
3 7 5
8 12 3
0 4 5
10 14 1
23 3 3
16 18 4
2 6 1
15 18 3
19 23 4
18 19 5
23 3 1
13 16 2
16 21 2
16 19 2
6 9 1
10 13 2
2 5 2
19 21 4
15 17 3
4 7 4
10 13 1
22 0 2
18 21 1
11 15 7
6 8 5
19 23 3
19 21 4
17 19 5
15 17 7
17 21 7
17 22 1
7 9 7
18 19 5
4 10 7
19 23 1
18 22 7
16 18 7
14 17 4
22 1 7
1 4 1
20 23 6
20 21 4
18 22 4
5 9 6
18 19 5
9 9 2
11 13 3
22 1 7
22 0 4
17 21 7
0 3 6
20 0 4
19 21 5
13 17 5
19 23 5
15 19 4
9 12 1
15 19 7
11 14 1
14 17 1
8 10 1
11 14 5
20 0 3
21 21 5
7 10 1
5 9 3
3 7 6
13 15 3
7 10 7
19 22 5
11 15 7
19 22 4
21 23 1
0 2 1
23 2 5
15 20 6
10 13 3
20 23 3
5 8 1
18 21 1
0 5 4
3 5 4
17 19 4
6 10 1
15 18 6
13 16 6
3 5 2
7 11 5
23 1 5
23 2 3
7 10 7
3 7 4
18 21 4
6 9 5
1 4 6
3 7 1
9 12 3
18 21 4
0 2 6
15 17 3
8 10 1
4 7 6
21 0 6
17 19 5
15 18 2
15 16 6
17 18 4
21 23 4
20 22 4
14 19 7
7 11 5
19 22 7
2 3 1
22 2 2
3 5 5
4 7 3
11 15 2
17 20 4
19 22 6
22 2 7
2 5 5
5 7 4
16 19 2
3 6 3
11 16 7
8 11 4
15 18 1
21 1 3
2 6 1
18 22 4
17 20 7
2 4 5
16 18 4
8 10 5
6 9 2
21 23 2
2 7 5
14 15 4
7 10 6
3 7 6
3 6 5
4 6 7
19 22 2
1 7 2
11 14 5
10 13 4
3 7 2
8 10 7
6 10 6
9 13 2
20 23 3
13 14 2
12 16 5
1 5 4
18 20 7
15 18 7
13 14 3
22 23 3
11 15 7
12 14 1
9 12 4
13 15 2
8 12 4
11 12 7
1 3 1
19 22 3
12 13 2
13 17 7
21 1 5
11 14 4
8 9 7
0 4 5
19 21 2
4 9 1
2 7 5
13 16 3
19 22 2
10 13 1
13 16 4
12 15 5
2 4 1
19 22 1
4 6 3
8 12 5
17 20 1
7 10 7
1 4 1
7 9 1
12 14 7
21 23 6
1 5 2
21 23 6
4 5 2
1 4 3
0 3 5
6 10 4
5 8 1
18 23 7
3 6 3
2 5 1
15 19 2
10 13 1
3 5 1
13 15 4
6 9 6
17 18 5
2 5 2
14 16 2
15 17 1
21 0 1
22 2 7
8 11 1
5 7 7
9 13 5
23 3 2
17 19 4
3 5 1
1 3 1
2 4 3
7 11 1
0 2 6
10 13 7
16 19 2
3 6 2
9 12 1
5 7 3
21 23 7
20 1 5
2 5 6
20 22 6
12 16 3
14 18 3
0 4 4
22 0 1
2 5 4
11 14 6
3 5 6
9 12 1
12 15 4
14 16 7
7 10 3
0 2 5
19 23 1
23 1 5
17 19 3
6 11 5
3 7 5
1 3 5
14 17 1
0 2 5
23 3 4
14 18 1
20 22 4
13 17 3
7 11 5
21 0 7
14 18 3
9 12 7
18 21 1
19 20 6
2 6 3
0 3 6
3 5 1
8 11 3
12 17 6
7 9 3
22 2 1
14 15 5
21 0 6
0 3 1
13 15 3
11 14 2
12 16 6
8 12 6
9 11 5
23 3 5
15 16 1
22 1 3
9 12 7
18 20 4
14 15 6
11 15 1
6 11 7
23 1 7
6 9 7
11 15 3
9 12 6
12 16 3
14 17 3
8 10 6
16 19 6
5 6 6
19 22 1
7 9 5
5 7 2
15 18 2
23 2 7
14 16 4
6 9 6
13 17 7
7 10 4
3 5 2
7 11 4
20 0 4
21 0 7
17 19 4
1 2 4
23 3 1
2 4 5
22 1 1
23 3 4
18 21 2
19 22 1
11 15 2
20 23 3
0 2 6
0 3 7
20 22 1
17 20 1
19 21 4
11 14 4
13 16 6
2 5 6
12 15 5
13 18 6
3 7 1
8 11 3
0 3 2
20 0 1
14 15 5
9 12 5
7 10 6
8 12 3
0 2 4
19 23 6
5 7 7
12 15 7
22 0 6
19 21 5
9 12 7
10 14 3
0 1 2
3 5 1
15 20 1
10 14 6
12 15 3
23 1 1
3 7 7
23 3 2
17 19 1
7 10 3
20 0 7
1 2 6
12 15 3
4 6 1
5 8 2
14 17 5
12 15 6
1 4 5
9 13 3
20 23 1
11 15 4
17 22 1
5 7 3
18 20 6
13 18 2
18 21 1
0 4 1
10 13 4
6 8 3
0 4 5
7 11 1
22 1 2
20 0 1
16 17 1
0 2 6
16 19 4
16 19 5
0 4 4
22 1 7
4 7 3
4 7 2
15 18 6
18 20 6
4 5 3
10 12 1
23 2 5
22 1 5
16 20 2
14 16 2
19 23 3
6 10 2
2 6 7
3 5 2
6 10 5
5 7 2
18 21 3
4 6 4
6 8 7
11 15 1
12 14 7
11 13 1
6 11 6
21 0 3
22 2 7
8 10 3
20 23 6
6 10 7
10 13 5
13 18 5
12 16 2
13 16 3
11 13 3
5 7 3
13 16 1
13 17 2
1 4 6
6 8 2
15 18 7
1 3 4
11 14 3
19 22 5
2 7 2
0 2 2
3 6 4
9 13 2
17 19 6
8 11 7
21 23 2
7 12 7
12 16 7
23 2 2
15 18 6
11 15 5
21 1 5
5 6 4
9 11 7
22 1 4
22 1 6
17 22 4
1 3 2
13 14 1
8 12 2
1 4 7
12 15 4
8 11 2
11 15 3
12 14 6
5 8 5
7 11 3
10 13 4
12 14 5
6 10 4
0 5 1
3 7 5
16 19 1
9 12 6
15 18 2
8 10 2
10 13 4
2 5 7
23 2 2
4 5 6
2 6 7
19 22 5
16 20 7
0 4 1
15 19 7
11 15 4
5 9 3
0 4 1
11 13 1
8 11 4
23 2 5
11 13 2
14 17 5
3 3 5
16 18 7
12 16 2
19 22 4
23 1 3
22 2 7
18 23 2
20 1 5
0 2 1
16 20 2
14 17 4
0 2 2
0 3 3
6 9 6
2 3 1
12 14 4
4 6 1
11 12 6
7 9 3
12 15 2
12 14 6
12 16 2
12 14 2
10 12 5
9 11 4
21 0 4
12 15 5
16 19 3
0 4 5
3 4 5
13 15 1
6 9 7
21 1 6
16 19 5
5 8 1
20 23 6
22 1 7
16 17 6
14 16 7
12 14 2
19 22 1
4 5 7
15 19 5
0 3 7
6 10 3
13 16 3
23 1 1
11 15 2
22 22 5
3 7 3
9 12 6
10 15 4
22 0 7
9 11 5
12 15 4
16 19 6
18 19 6
13 17 6
17 20 2
18 22 4
19 22 1
16 19 6
20 0 4
19 22 6
5 9 2
23 2 7
0 2 1
7 10 2
23 0 1
4 7 1
20 22 7
13 14 5
23 2 3
9 12 7
21 23 6
15 17 1
0 4 7
10 12 6
11 15 3
16 18 1
20 23 7
21 1 1
10 13 3
10 12 5
1 3 2
23 5 3
22 3 6
18 21 5
21 23 3
23 2 7
1 4 4
1 4 5
11 15 1
15 18 3
4 7 6
2 5 7
9 12 6
5 8 2
3 6 4
14 17 3
15 17 1
23 3 7
3 7 4
20 0 2
15 20 1
11 13 4
4 6 1
7 11 7
19 0 5
7 9 1
2 4 6
3 5 1
1 3 1
23 3 1
14 19 4
21 0 1
14 19 3
2 6 4
13 16 3
12 16 3
4 7 3
6 8 2
3 6 2
10 14 3
16 21 3
1 5 4
13 17 1
18 21 2
1 4 4
21 23 7
11 15 1
7 9 7
4 7 1
6 9 7
0 4 3
0 3 2
19 22 2
13 14 2
2 5 2
18 20 2
5 9 1
12 13 2
15 18 6
13 16 7
4 9 5
14 18 1
19 23 5
21 0 6
15 18 3
22 1 7
19 22 3
0 4 4
11 14 1
5 8 4
8 12 6
16 18 4
12 14 6
20 22 4
15 19 5
6 9 7
1 3 3
21 0 7
23 3 6
15 19 4
7 9 3
13 16 7
4 5 2
10 12 5
9 15 4
21 1 6
20 22 1
12 15 6
23 3 4
16 17 7
4 9 6
20 0 1
9 12 4
9 12 1
7 9 3
20 1 1
5 8 3
1 3 3
19 21 4
16 19 1
22 2 3
9 12 7
17 20 3
23 2 7
8 12 7
3 8 4
12 14 2
18 21 4
11 14 2
8 8 6
11 13 5
3 6 6
2 3 7
13 17 7
5 8 1
17 20 7
6 8 6
21 22 4
22 1 7
11 14 6
13 17 2
6 9 6
11 15 7
12 15 4
11 14 6
14 17 1
19 21 6
13 17 3
9 12 1
21 23 7
14 16 5
16 19 6
20 22 6
10 13 6
21 23 6
7 9 6
5 7 5
19 22 7
19 23 7
19 21 1
16 17 3
8 11 4
11 14 6
4 6 1
5 7 3
23 2 6
18 21 4
9 14 5
22 0 4
8 10 4
6 9 7
3 6 1
21 23 3
11 13 7
10 16 5
3 6 3
0 3 5
14 18 3
14 17 5
17 21 1
17 19 1
11 14 2
3 5 2
19 22 4
8 10 2
7 10 1
7 10 4
2 5 2
18 19 4
20 22 1
8 10 2
0 3 5
4 7 3
20 23 7
11 13 1
15 19 3
3 4 5
12 16 3
17 21 4
3 5 4
13 16 7
0 1 3
16 19 5
23 2 1
20 22 7
22 1 6
8 11 1
17 20 5
15 17 1
6 9 7
1 2 7
20 1 4
21 23 1
19 23 3
8 12 3
22 0 3
18 21 3
8 12 1
0 2 7
1 4 4
2 4 1
14 17 7
15 19 6
3 7 6
16 20 6
6 9 2
0 3 4
3 6 7
11 15 6
20 23 5
6 8 3
5 7 3
2 6 6
7 11 5
13 19 4
7 10 2
12 15 6
8 10 6
16 18 4
11 15 1
6 9 5
22 0 1
3 4 5
15 20 2
22 2 1
20 23 1
12 14 6
5 9 2
3 4 4
22 2 3
1 6 3
13 15 2
9 12 6
19 21 3
9 12 3
17 18 6
0 1 1
22 3 5
19 0 7
5 6 4
12 15 2
23 3 7
3 7 7
11 13 3
14 18 2
3 8 7
18 20 3
7 11 4
9 11 2
10 12 1
16 19 2
23 2 3
14 15 2
16 19 4
16 19 2
4 5 1
12 15 5
0 3 6
23 3 3
7 11 4
12 16 7
6 9 6
11 14 2
3 8 4
16 20 2
18 21 7
18 20 2
8 12 5
2 5 1
1 4 4
0 3 3
11 12 7
11 13 5
16 18 4
7 10 4
1 6 5
9 12 3
4 7 4
12 16 5
17 19 7
18 20 7
4 7 7
22 2 3
8 10 2
10 14 4
2 5 5
8 12 2
21 0 1
22 2 2
10 13 4
20 0 5
14 18 7
13 15 4
17 20 2
1 4 5
20 22 3
13 16 7
16 18 7
22 2 3
17 19 7
0 3 5
14 16 1
6 9 1
17 20 5
14 17 5
13 16 3
14 17 2
11 15 4
22 0 2
2 5 3
1 6 7
17 19 5
12 14 4
17 18 4
3 5 3
4 7 2
13 16 3
18 21 2
17 20 1
0 5 1
2 6 4
3 6 3
17 19 2
6 8 4
5 10 7
23 1 2
19 21 4
4 8 3
8 11 7
8 11 1
22 23 4
21 23 1
4 8 3
19 22 6
6 9 3
23 2 6
0 3 1
4 7 7
14 16 4
23 2 4
4 8 6
9 12 1
0 2 5
1 4 3
22 0 3
14 17 2
14 17 2
22 0 6
17 19 4
17 19 2
9 12 3
9 11 5
18 21 4
11 13 3
5 7 6
12 14 1
8 13 4
19 22 2
22 1 7
3 7 2
2 5 2
1 4 3
21 2 2
19 21 1
10 13 6
22 0 6
22 1 3
17 20 2
11 14 7
10 13 7
0 3 1
8 11 6
3 7 2
19 23 7
14 15 7
21 1 3
21 0 1
11 14 5
4 5 7
18 21 5
1 3 4
4 6 2
5 7 2
10 12 7
15 18 3
14 17 2
23 3 3
1 3 6
2 6 5
4 9 3
6 9 3
9 12 2
1 5 3
7 11 3
6 9 7
13 16 6
12 15 5
18 22 7
1 3 1
13 17 3
11 13 7
4 5 6
21 0 3
10 13 3
13 17 3
16 19 6
10 12 4
19 23 4
13 16 2
10 13 4
21 0 3
9 12 1
21 0 7
18 21 6
3 7 4
3 6 6
14 16 3
22 2 5
17 19 2
2 6 5
20 0 2
18 21 5
1 4 6
14 20 7
9 12 3
7 8 1
17 19 1
10 15 2
7 11 6
23 23 4
18 22 7
21 0 1
0 1 1
8 12 1
19 23 6
2 6 4
5 8 5
0 2 6
14 17 6
0 2 5
17 19 7
6 10 2
23 2 1
11 15 4
20 23 3
22 3 2
19 23 4
20 0 4
9 12 3
1 4 7
2 5 3
14 17 1
0 2 2
3 5 1
15 19 2
12 14 7
16 19 7
20 23 7
10 13 3
2 4 7
20 22 7
4 8 2
4 5 4
16 18 4
3 6 2
12 16 4
4 8 1
3 6 1
1 3 1
17 21 5
0 3 6
22 1 6
19 23 3
12 14 4
16 20 5
12 16 3
10 13 5
12 16 2
12 14 1
13 15 7
1 4 6
20 23 5
4 8 1
21 1 2
6 8 2
23 1 5
22 2 4
18 21 6
21 2 3
5 8 6
12 16 1
16 20 3
7 9 6
16 18 3
10 14 1
11 16 6
13 16 4
12 15 2
6 9 7
10 13 7
15 18 7
20 23 7
16 18 7
13 15 4
20 23 4
11 14 1
10 13 4
5 9 5
5 7 3
20 23 3
7 10 1
10 13 4
21 23 3
17 21 2
20 23 4
14 17 5
23 2 1
18 22 3
4 8 7
1 4 5
10 13 2
8 14 6
7 9 1
16 21 6
21 0 3
14 17 7
19 23 3
1 5 4
20 23 2
11 14 4
9 11 5
8 11 2
20 0 2
10 13 1
1 2 7
15 18 6
5 10 5
13 16 4
13 15 7
17 21 3
5 9 7
16 18 2
14 18 6
7 10 2
14 16 2
3 4 6
13 15 2
0 1 1
13 17 5
2 4 6
8 9 6
16 20 1
2 6 4
18 21 7
13 16 6
8 12 6
7 11 2
5 7 4
0 2 2
13 16 7
12 15 7
4 7 1
13 15 6
18 21 7
6 9 4
21 0 7
16 19 5
9 11 4
12 15 3
5 8 2
18 20 4
4 7 7
1 4 6
15 17 7
16 18 7
20 21 1
6 10 4
14 18 2
10 14 2
22 0 5
18 22 2
11 14 3
11 13 7
3 5 7
8 10 3
11 15 3
5 9 7
5 8 1
10 13 7
20 22 4
8 12 1
21 1 2
14 15 2
1 4 2
5 9 4
14 17 4
19 23 7
1 5 2
12 15 4
23 3 1
13 16 3
4 6 2
17 21 4
16 17 4
7 10 4
11 13 7
10 12 3
2 6 4
6 8 3
11 13 3
14 16 4
1 6 4
4 7 6
23 1 3
8 9 6
22 2 7
3 5 1
2 6 2
16 21 5
19 23 3
23 3 2
18 20 5
7 10 5
8 11 5
4 6 3
8 10 3
20 0 2
15 17 4
3 7 4
8 12 2
5 7 3
13 14 4
4 7 4
15 17 5
1 5 1
15 17 1
16 18 4
17 18 2
2 6 4
4 7 1
6 10 3
7 10 5
2 6 6
6 11 5
8 10 6
2 7 2
12 16 5
10 14 5
0 3 4
2 5 7
8 10 2
13 17 2
1 5 7
1 4 3
1 2 4
15 16 4
16 20 6
2 4 1
21 23 4
14 16 1
4 4 7
21 1 6
17 20 2
14 17 7
6 9 1
6 7 5
6 10 6
3 5 2
17 21 6
17 20 3
23 1 6
21 0 3
4 9 5
0 4 7
7 10 3
5 9 1
9 11 6
12 13 3
9 12 2
3 7 6
15 17 2
17 19 5
1 4 1
22 0 3
1 4 4
11 12 7
19 21 3
7 11 1
2 5 3
11 14 3
12 15 5
12 15 4
18 19 6
4 7 2
20 23 3
19 21 1
9 11 5
7 10 6
18 23 5
13 15 1
19 23 4
5 8 3
19 21 4
19 22 5
22 1 1
5 7 6
2 5 7
0 1 3
1 4 6
12 17 5
8 11 1
5 6 1
17 20 2
1 6 2
19 20 5
0 3 7
19 21 6
18 21 7
23 3 3
12 16 7
8 11 1
0 3 2
10 13 3
5 8 6
5 8 3
4 7 2
20 0 4
7 11 2
12 14 6
1 2 3
3 7 3
19 22 2
19 22 4
7 9 3
3 6 5
2 3 3
14 18 3
20 23 5
14 17 2
5 8 4
19 0 5
7 10 1
0 3 7
18 21 1
18 21 3
6 11 6
6 10 2
16 18 1
0 2 2
0 5 4
19 21 3
15 19 3
7 10 6
19 22 1
6 11 2
7 10 6
5 8 4
8 10 3
19 0 6
9 12 4
4 7 1
11 14 2
11 13 2
1 6 3
9 11 1
11 16 3
8 11 6
18 20 1
16 19 3
12 15 7
22 2 4
15 17 2
13 15 2
13 16 1
6 9 3
20 23 2
20 0 1
20 23 4
13 14 6
22 1 2
10 12 3
0 2 6
22 0 3
1 5 4
14 18 4
0 4 7
15 18 2
4 7 5
4 6 3
13 14 7
1 2 4
11 14 2
2 6 4
8 10 5
14 16 7
8 12 6
15 18 3
16 19 4
13 16 7
13 15 1
19 21 4
9 10 7
8 12 7
18 22 5
5 8 6
16 20 7
15 17 7
20 0 1
18 22 5
21 23 2
4 8 5
2 4 2
10 14 2
22 2 4
15 16 4
4 7 4
12 16 4
12 15 3
14 16 5
4 6 6
5 7 3
1 5 5
19 20 5
18 21 4
18 22 2
16 19 1
11 15 5
2 5 4
7 11 3
10 13 6
12 16 3
14 17 3
19 22 7
17 19 3
8 12 1
8 11 6
16 18 4
19 21 7
11 14 4
3 7 5
19 22 3
1 5 1
11 13 2
0 3 6
16 18 1
20 22 4
3 5 6
16 19 7
8 11 3
8 12 2
9 10 6
2 5 2
21 1 2
1 3 7
0 2 3
14 19 2
4 6 1
2 4 7
18 21 6
14 16 1
21 23 6
6 9 2
11 14 6
16 20 7
11 15 1
12 16 7
19 21 7
2 5 4
18 21 1
23 1 3
4 8 4
7 9 3
6 9 6
15 17 5
14 16 3
13 16 4
15 17 2
4 7 5
6 9 4
16 20 2
3 6 5
14 17 2
7 9 5
11 15 4
18 22 5
20 22 4
21 0 7
14 16 1
17 20 2
15 18 4
8 12 6
0 1 6
6 10 3
9 11 3
2 6 3
13 16 1
2 5 3
7 8 1
7 11 2
6 10 5
22 0 3
4 6 4
1 5 2
20 0 5
6 8 3
10 12 5
18 21 4
14 16 1
19 0 6
20 0 7
23 3 3
8 11 6
14 17 3
8 11 6
23 2 4
8 11 3
3 7 2
17 20 4
17 21 2
0 4 4
11 14 5
22 0 5
23 3 3
5 6 1
21 23 2
10 14 3
19 0 4
15 19 6
17 21 3
0 3 7
13 17 6
17 19 1
10 13 7
3 5 6
14 17 5
4 8 7
6 9 4
7 8 6
12 16 7
4 6 2
2 6 2
15 17 5
19 20 2
22 2 4
15 21 2
13 15 3
3 7 1
18 21 3
16 19 1
20 0 4
21 1 4
3 5 5
11 14 5
0 1 6
12 16 3
5 7 2
13 14 3
11 15 4
3 6 5
4 7 3
18 20 2
12 17 4
18 21 6
6 10 7
1 4 5
1 5 1
21 23 1
1 4 6
18 19 4
14 18 6
22 2 6
20 22 3
5 8 3
23 2 7
11 14 5
6 7 7
12 15 5
14 18 7
21 23 1
14 19 7
21 1 1
17 21 6
11 14 6
1 5 3
19 23 1
1 4 1
23 3 2
0 2 4
6 12 6
18 21 3
16 18 2
18 21 6
4 7 2
6 8 6
5 6 3
6 11 7
2 6 5
22 1 4
21 1 5
15 18 4
6 10 7
6 8 1
22 2 3
12 16 3
14 17 1
17 20 1
6 10 4
0 3 3
6 9 1
0 3 6
20 23 4
17 18 7
5 6 7
11 13 7
6 8 6
17 19 7
10 14 2
2 4 4
21 23 2
23 3 5
13 16 3
21 1 4
3 6 4
5 9 6
4 8 7
5 8 2
20 23 7
23 2 3
11 13 3
17 19 5
11 16 5
11 14 5
16 18 6
12 15 7
3 6 2
7 9 7
9 12 6
11 14 2
21 1 4
20 23 6
1 6 2
0 4 5
18 21 4
6 10 6
20 23 3
16 19 5
3 6 3
20 22 4
5 11 5
3 5 7
16 19 7
14 18 3
23 1 5
17 19 3
6 10 6
23 1 5
15 17 1
22 0 3
8 10 3
4 7 1
6 9 6
7 8 4
0 4 2
8 11 7
2 5 6
6 8 5
1 5 7
4 6 7
23 3 4
1 3 5
6 9 6
20 0 2
8 10 6
22 2 6
9 12 2
3 6 1
16 19 3
20 23 3
8 10 1
10 13 6
17 19 5
2 5 3
11 13 2
4 7 7
13 17 2
15 19 7
8 12 6
10 12 1
6 7 3
13 17 6
0 2 1
7 9 3
19 22 3
22 0 2
5 8 2
2 5 1
2 5 6
19 22 3
5 8 1
1 4 3
9 13 4
7 10 5
22 2 5
22 2 5
3 7 4
4 7 5
6 8 5
21 3 3
15 18 5
17 22 6
17 19 7
20 0 5
21 0 3
13 17 6
9 12 1
3 5 1
12 14 2
7 12 1
18 21 5
8 12 5
