350 10
2 9 2 2 7 6 5 3 3 3 
5 7 4
8 12 6
23 2 1
2 3 8
17 18 2
6 11 10
4 8 8
14 16 8
2 6 3
1 5 10
10 12 3
3 6 8
21 23 6
21 23 7
19 22 6
0 3 3
3 6 10
12 14 7
9 12 7
3 6 2
14 16 2
10 13 7
15 19 7
22 2 10
0 4 10
19 22 7
9 12 7
13 18 7
18 21 4
13 15 10
6 10 9
21 0 2
5 7 10
20 23 2
2 6 4
8 11 9
12 15 5
19 22 1
6 8 2
0 3 4
16 19 4
9 11 3
16 20 6
6 9 2
23 3 4
14 17 9
4 5 7
13 16 6
12 16 4
15 19 5
9 12 6
20 1 6
12 16 7
12 14 3
12 16 2
21 0 9
13 18 6
23 2 8
22 0 9
7 11 1
17 21 6
3 6 6
10 11 5
9 11 7
20 23 6
2 6 8
19 0 8
15 17 9
15 17 6
15 17 4
19 23 10
23 3 4
18 20 10
11 13 3
0 4 8
2 6 1
8 13 7
8 13 6
15 17 10
13 17 4
20 0 2
14 17 1
9 12 10
2 4 10
22 0 2
8 11 2
19 21 8
14 15 5
13 17 4
10 14 3
10 11 6
0 3 10
19 23 8
4 7 8
3 6 9
8 11 1
18 21 1
22 1 6
1 5 6
0 2 7
18 20 9
5 8 8
8 10 9
22 2 3
12 14 4
16 18 6
11 15 5
10 13 5
3 6 8
8 12 4
0 3 10
12 14 6
2 5 3
7 11 1
21 1 2
18 20 2
9 11 8
0 2 2
7 9 1
20 22 1
6 9 1
17 23 6
1 5 2
11 14 3
23 2 5
13 17 1
1 4 2
20 23 3
10 13 9
8 11 2
10 12 7
5 7 4
8 9 7
19 23 8
2 6 1
16 17 5
12 15 3
0 4 2
0 5 4
18 21 3
0 3 6
14 17 7
13 14 5
2 4 3
2 6 8
11 13 7
23 1 1
16 18 3
3 6 1
6 9 4
22 2 1
4 7 7
9 13 10
22 2 8
7 10 7
5 9 1
16 18 4
14 17 5
13 16 8
18 21 5
11 13 8
15 18 2
13 17 5
21 1 2
19 21 10
1 4 1
13 14 8
0 3 9
19 22 6
12 16 6
19 23 8
2 3 8
7 11 5
5 8 4
3 7 8
22 0 2
20 22 4
14 18 4
8 12 5
2 6 6
14 19 7
16 18 3
7 10 7
7 11 4
1 4 7
9 13 5
7 10 3
9 12 5
16 17 3
0 3 7
1 4 8
23 1 10
1 4 4
0 3 1
8 11 4
1 4 8
21 0 5
20 22 10
14 18 9
0 3 8
8 10 4
2 4 6
21 3 8
22 0 1
9 11 5
13 18 2
23 1 5
0 4 1
10 14 2
5 7 3
19 22 5
9 12 5
10 14 2
8 11 5
21 0 1
4 7 2
13 16 3
12 15 4
10 12 3
22 1 6
18 21 8
9 12 6
18 20 7
19 22 10
22 1 5
13 16 10
10 13 6
11 14 9
0 3 4
18 21 8
12 16 8
22 1 5
13 16 6
1 4 3
8 11 2
10 13 3
21 0 6
21 1 2
3 6 4
21 0 10
10 12 10
13 16 9
18 21 4
0 2 4
19 23 3
3 7 6
15 17 10
6 10 7
6 11 8
2 6 2
7 12 8
17 21 6
20 23 1
22 0 4
2 5 10
17 20 6
12 15 3
3 8 3
14 16 10
8 9 4
22 1 9
5 9 4
1 4 4
19 22 7
23 3 6
22 1 8
2 6 6
11 13 5
21 2 9
11 15 9
21 0 10
23 1 3
14 18 6
5 9 1
12 15 6
20 22 8
17 20 6
16 19 4
14 18 2
8 12 9
6 8 6
0 3 8
15 19 6
17 19 8
7 11 8
15 18 8
19 20 9
4 5 5
12 15 6
5 7 10
3 5 1
2 4 10
21 1 10
4 7 7
15 18 1
7 10 9
18 21 4
6 10 5
7 10 8
8 13 5
9 12 7
4 8 9
10 12 9
17 21 8
20 23 5
23 2 3
4 7 9
4 6 10
1 3 4
17 19 1
22 1 4
3 7 1
16 18 4
2 5 9
20 22 2
19 22 1
16 20 6
2 6 2
8 9 1
7 10 8
2 6 2
22 0 4
16 18 10
11 15 6
5 8 7
5 8 10
11 13 4
5 9 7
7 9 1
1 3 8
11 13 10
10 13 10
14 19 10
16 19 4
1 3 1
5 8 7
1 3 2
8 10 1
21 0 4
9 10 4
9 12 9
1 2 8
3 7 6
16 18 4
20 21 4
17 19 1
7 10 7
4 7 2
19 23 8
15 19 7
