2550 17
3 6 6 5 9 2 2 9 8 7 5 5 8 1 1 1 10 
9 11 8
14 17 2
17 21 9
1 4 2
8 11 12
12 17 16
15 18 13
5 8 9
19 22 8
8 10 3
21 1 9
19 0 15
0 4 17
14 19 10
5 8 7
17 19 1
2 5 16
20 23 9
14 18 13
0 1 7
4 7 2
1 4 14
9 12 8
23 3 11
13 16 16
16 19 11
3 8 3
15 18 10
20 2 9
0 3 13
12 17 14
21 0 17
7 10 9
5 9 2
1 4 2
3 6 11
1 3 17
16 22 8
18 22 6
23 2 5
10 12 4
20 23 14
2 6 11
11 14 7
0 3 11
14 19 10
19 22 17
19 22 4
16 20 2
5 9 4
20 22 7
22 0 6
2 8 15
17 22 16
15 18 12
5 9 3
16 20 3
21 23 15
17 20 16
19 22 10
16 18 13
7 9 15
18 21 17
19 23 6
11 12 8
18 20 6
18 20 2
11 14 12
22 1 10
9 12 6
21 23 10
3 6 8
19 22 6
3 6 12
18 21 13
5 9 8
18 20 1
4 8 12
2 6 4
18 22 10
22 1 5
12 16 17
2 4 11
5 8 7
23 2 13
15 19 9
13 16 7
18 21 12
22 1 15
12 15 4
2 5 1
0 3 3
4 7 3
2 3 13
0 4 16
6 7 5
20 23 2
21 23 2
7 10 10
5 7 2
15 17 2
11 14 7
13 17 3
13 18 5
19 23 11
7 10 14
15 20 1
3 7 7
23 3 3
12 16 15
2 6 1
20 0 14
12 15 16
1 4 11
16 20 14
16 19 14
18 21 2
5 8 15
8 12 5
10 13 5
21 0 10
17 21 15
22 1 10
5 6 10
23 2 5
19 23 10
11 14 12
8 9 4
21 0 5
1 4 1
12 15 6
2 6 11
1 5 1
13 14 17
19 22 9
14 18 15
10 13 15
22 1 1
19 23 12
1 4 11
13 14 7
5 7 8
5 8 13
1 4 8
15 17 16
9 13 10
22 2 9
17 21 14
10 14 10
3 7 4
14 17 7
8 13 5
15 17 2
2 4 1
1 5 5
18 21 16
22 1 10
22 2 16
5 8 4
8 12 8
12 15 10
11 15 6
17 20 15
14 18 17
17 19 4
8 10 13
14 17 8
13 15 10
2 5 15
3 6 6
22 3 2
0 3 3
18 21 10
16 19 11
14 17 1
14 17 8
3 7 3
0 5 16
18 21 9
9 12 7
8 9 16
7 12 3
3 8 10
5 10 2
15 19 14
4 7 14
16 19 8
15 18 15
7 9 12
9 13 1
14 17 3
18 22 17
8 12 15
22 1 11
8 13 9
12 14 15
17 20 6
14 17 10
23 3 14
14 15 16
18 22 11
5 11 10
0 4 9
10 14 12
9 10 9
2 4 12
14 18 12
15 19 15
23 0 8
1 4 17
3 8 11
0 4 17
10 13 15
5 7 14
21 23 16
3 6 8
15 19 2
0 3 10
6 8 9
18 21 12
7 11 10
16 20 3
5 11 9
4 7 5
3 7 15
4 7 14
14 17 6
4 7 11
2 5 8
6 9 17
7 12 8
13 16 10
22 2 5
1 5 3
18 21 5
7 10 11
23 0 1
1 4 11
3 6 14
5 8 6
2 3 4
2 5 16
0 3 7
14 17 14
7 11 7
15 16 5
19 22 16
2 4 14
4 7 10
20 23 13
23 2 8
15 18 14
23 3 16
9 12 7
10 13 17
14 17 6
14 17 1
22 2 15
0 2 4
18 21 7
0 3 12
20 0 3
11 13 14
18 21 6
17 21 8
3 5 17
0 3 2
4 9 11
5 6 8
0 4 17
14 18 12
3 6 3
5 9 1
7 10 7
8 10 2
16 21 12
22 0 3
18 22 6
11 13 2
9 11 7
9 11 11
15 20 17
17 21 12
1 4 8
22 3 11
21 0 9
12 15 12
11 16 16
5 9 4
23 3 16
5 7 4
14 18 2
4 8 14
9 11 13
0 3 14
8 12 1
2 4 5
23 1 13
11 14 15
1 4 1
17 19 8
2 5 5
14 16 2
2 5 12
11 14 5
19 22 9
23 2 9
20 22 12
2 5 10
21 0 1
12 14 15
20 23 11
15 17 16
20 23 4
8 11 1
12 15 2
18 21 16
16 18 11
10 13 11
20 23 5
18 20 1
13 17 1
4 7 11
22 2 2
12 15 6
0 4 14
22 0 5
14 18 16
8 10 5
18 20 6
5 8 13
18 20 8
16 19 16
18 22 10
23 2 9
11 13 1
3 6 1
11 13 12
11 14 16
11 14 7
18 20 6
4 8 7
16 18 11
7 10 14
22 1 15
20 0 15
19 21 13
19 22 14
9 11 5
12 15 5
19 0 14
13 15 6
22 2 9
10 13 7
12 14 2
22 2 2
14 17 17
0 3 1
1 5 6
8 11 12
13 18 13
13 16 5
13 16 4
12 15 8
23 3 6
8 9 11
19 23 9
23 1 4
4 7 10
21 22 6
20 23 11
21 0 1
13 16 7
17 20 6
1 4 11
17 19 4
13 15 16
7 10 12
13 15 5
0 3 6
15 17 15
23 1 7
0 3 12
4 7 5
21 23 13
7 9 7
10 13 6
15 19 8
17 22 12
5 6 8
7 9 3
20 22 15
3 4 9
17 19 6
16 18 13
6 9 11
2 4 10
0 2 4
4 8 15
18 21 17
7 11 1
13 17 4
17 22 17
18 21 4
1 3 5
0 2 16
0 1 16
2 6 5
14 17 11
18 22 3
15 17 16
19 22 2
1 3 1
9 12 12
3 6 10
5 8 9
8 13 11
19 23 6
4 6 1
3 6 11
18 21 6
10 15 2
21 0 14
4 7 15
5 7 8
2 5 3
6 9 2
10 12 15
18 22 15
21 23 7
13 17 5
15 18 15
7 12 16
14 18 7
23 3 12
11 14 9
4 7 10
23 3 6
16 19 6
18 20 4
9 12 3
15 18 12
19 23 15
16 19 12
16 19 7
13 15 12
0 4 2
20 21 10
9 13 12
22 0 12
11 15 2
0 2 5
21 23 17
4 8 12
17 19 14
17 22 12
6 9 17
15 19 11
1 4 14
12 15 2
19 23 1
3 5 11
0 5 16
13 17 11
20 22 6
0 5 2
11 15 12
4 7 16
5 8 11
0 4 2
19 23 17
18 22 1
7 11 1
18 20 14
23 2 6
22 1 2
0 5 2
7 9 12
19 21 10
8 11 1
1 2 5
6 9 5
12 16 7
0 3 3
16 19 3
18 20 16
23 1 1
1 4 16
8 9 10
9 13 17
11 14 7
12 15 15
22 2 8
18 18 4
11 15 10
13 17 5
11 13 7
20 23 11
2 6 7
19 23 14
9 12 5
14 18 9
19 22 1
2 7 15
20 0 5
22 2 10
8 12 11
3 6 16
19 23 7
2 5 13
10 13 7
18 21 11
21 1 12
1 4 8
5 6 14
17 22 11
4 7 10
18 20 11
6 7 16
12 16 11
5 9 9
3 5 17
2 5 16
10 13 11
3 7 2
4 8 4
10 11 5
7 11 5
16 18 17
11 15 15
3 4 13
18 22 13
21 0 12
17 20 14
10 15 11
18 21 3
17 22 1
19 23 9
7 9 14
14 17 8
0 2 6
11 13 2
5 8 2
5 7 3
21 0 12
14 17 11
10 14 16
7 10 12
9 11 5
13 14 15
11 14 3
20 0 15
8 13 6
19 21 7
0 3 17
22 1 8
23 2 6
12 17 1
0 1 15
10 14 16
3 5 10
7 9 15
10 11 16
13 18 4
19 20 7
11 14 8
14 17 9
2 6 16
17 20 9
22 0 8
16 20 13
12 13 8
16 20 9
3 7 8
16 19 5
18 20 13
16 20 12
6 10 1
9 13 13
10 12 7
4 7 2
20 22 6
7 9 14
14 16 4
8 10 15
6 7 15
8 11 10
12 14 9
16 20 1
12 15 6
1 5 8
15 17 15
7 12 6
2 7 1
16 19 4
5 8 1
6 9 16
8 9 8
14 15 7
17 20 7
10 12 10
5 8 11
13 14 15
12 13 6
7 10 10
12 17 15
7 10 8
8 10 12
20 22 3
15 18 3
9 12 14
22 2 8
16 19 2
21 1 1
4 6 14
10 13 8
23 2 11
15 17 12
16 19 1
1 5 8
21 23 10
21 0 2
23 2 12
20 23 4
17 19 10
18 19 17
22 1 7
5 8 5
1 7 10
19 22 15
18 20 16
0 4 11
15 20 11
20 23 12
9 11 7
9 11 16
18 21 5
5 7 11
10 13 8
11 15 16
7 10 13
17 21 8
23 2 16
17 21 2
6 8 3
7 10 10
15 19 15
0 2 14
3 5 2
20 21 1
22 2 4
9 11 13
15 17 2
6 10 7
15 16 14
9 10 6
4 7 13
20 23 14
21 0 9
2 5 15
14 17 2
19 23 1
14 16 17
19 22 2
6 6 14
16 19 16
3 8 10
0 4 14
14 18 7
18 21 13
21 1 8
20 23 10
10 12 12
19 23 9
18 22 16
12 16 17
0 4 14
12 15 14
4 7 7
19 22 11
6 10 17
7 10 14
7 9 12
22 1 7
17 19 5
1 4 10
21 23 6
1 6 15
1 4 2
21 23 12
12 15 3
4 7 7
14 15 9
17 19 14
4 7 15
3 5 8
21 23 4
3 7 5
20 22 11
13 17 8
6 9 6
3 6 4
5 7 17
8 10 3
11 15 6
9 12 16
21 0 14
0 3 6
23 2 9
5 9 14
11 14 13
15 19 12
1 5 13
11 14 2
10 13 2
2 5 5
20 23 14
22 1 13
17 21 8
19 22 1
16 19 2
0 1 17
0 3 12
9 11 14
3 6 1
21 0 11
23 3 5
4 8 2
3 6 12
17 18 11
10 13 16
20 0 14
19 22 13
17 20 14
19 0 6
4 7 16
10 13 13
12 16 13
7 9 15
5 7 16
6 9 2
3 5 15
3 5 3
10 13 13
1 4 2
22 1 15
11 14 1
8 11 1
18 20 9
14 16 7
20 23 8
6 9 14
17 20 1
19 23 11
8 8 7
5 9 15
8 10 1
4 8 12
10 13 5
9 12 2
3 4 5
0 3 17
16 20 11
4 7 3
13 16 5
15 19 16
0 5 5
23 2 5
2 5 15
20 0 2
22 1 12
18 22 13
18 21 17
16 18 9
6 9 1
13 15 3
3 4 7
9 14 13
3 6 8
11 15 10
17 20 17
7 9 15
8 11 7
19 21 15
17 20 14
5 10 17
1 4 12
16 19 7
9 12 9
22 0 10
11 13 10
2 6 14
2 5 15
11 15 1
23 2 15
16 19 6
13 16 11
7 9 8
18 0 3
2 5 3
14 16 13
16 18 14
16 20 16
1 4 6
21 23 15
11 15 8
7 12 15
11 15 12
14 16 8
17 19 7
16 19 3
14 19 7
3 6 7
21 0 17
16 21 1
6 8 2
19 22 15
6 9 2
9 12 7
7 10 8
14 17 4
7 9 6
14 17 1
21 0 16
9 10 12
13 16 3
7 9 11
18 22 12
11 14 9
8 11 9
22 1 5
18 22 16
15 19 5
22 0 8
12 15 12
18 20 10
5 7 14
10 13 16
13 16 2
14 18 12
16 19 2
22 2 9
9 11 4
10 14 14
19 22 14
20 0 9
14 16 13
23 1 5
9 14 1
22 2 12
23 3 14
10 13 17
1 5 14
11 14 1
14 16 1
15 17 1
14 16 11
6 10 1
18 22 10
0 2 3
13 17 1
3 6 3
15 18 12
7 10 5
12 15 10
17 21 1
22 2 3
3 7 3
3 4 11
3 6 8
16 19 2
19 0 2
3 5 9
2 6 12
18 20 6
1 4 8
18 21 2
9 13 12
18 21 4
23 3 6
12 15 7
17 21 15
8 11 10
6 7 11
5 7 15
17 20 6
17 20 1
0 1 4
16 20 2
0 1 5
13 14 9
20 23 7
6 7 13
20 0 4
16 20 5
13 14 15
15 19 2
0 4 3
4 8 1
17 20 13
12 15 6
7 10 7
20 23 12
0 2 14
4 7 12
6 10 10
22 2 3
13 15 11
7 11 4
15 17 4
14 16 2
5 9 13
18 20 10
5 9 6
2 6 13
5 8 3
15 18 14
7 9 2
13 16 2
11 14 7
14 16 7
18 22 9
0 3 10
23 2 12
15 18 9
23 2 16
12 15 1
9 13 16
3 6 11
19 23 17
10 13 15
23 1 2
8 11 9
9 13 2
2 3 7
19 23 14
14 19 10
16 19 2
23 2 16
20 23 14
13 16 7
18 22 4
13 18 3
8 10 3
15 19 7
13 16 1
20 20 12
14 17 4
1 4 10
5 6 3
15 18 13
7 13 1
19 21 2
1 4 17
14 17 5
1 8 15
1 4 16
14 18 5
6 10 5
12 15 13
21 0 2
18 20 16
10 12 14
2 5 3
19 0 8
14 17 17
11 14 16
15 18 4
15 18 5
15 18 5
18 22 4
1 4 3
10 12 12
1 2 8
7 11 8
12 15 7
10 12 8
2 5 9
3 6 9
1 4 1
13 15 3
1 5 7
6 9 16
20 23 5
5 9 4
21 0 12
21 1 4
22 0 16
15 17 12
22 0 17
8 10 3
12 15 2
8 12 15
5 6 17
7 8 5
2 7 12
1 3 12
13 18 11
8 13 15
17 21 2
22 1 8
17 20 17
6 8 14
19 22 8
14 16 12
9 13 1
7 11 16
14 18 16
19 21 12
7 10 12
7 10 17
11 14 3
23 3 16
8 11 10
9 13 10
5 8 5
1 4 9
18 20 8
2 7 8
17 20 11
20 0 14
17 22 8
6 10 10
3 7 15
11 13 14
13 16 9
19 22 8
2 5 11
19 22 5
23 1 15
20 23 13
21 0 14
3 5 8
1 3 14
22 1 10
11 15 9
20 23 8
17 21 7
14 17 1
12 15 9
10 13 13
17 19 3
17 19 5
1 4 7
10 13 15
18 21 4
8 11 11
19 21 8
4 7 8
13 15 10
17 20 13
10 14 6
16 20 3
9 12 13
1 3 13
4 7 5
4 7 12
10 12 4
14 18 2
0 4 14
7 9 1
5 9 3
2 7 17
16 19 5
7 11 5
19 23 11
9 14 14
13 17 2
1 4 15
14 18 9
17 21 9
13 17 15
9 12 14
9 11 7
2 4 17
7 9 11
23 2 10
12 15 12
15 19 16
13 16 13
7 10 3
9 13 8
19 22 14
13 14 12
6 8 1
7 9 14
12 14 7
1 2 3
18 21 7
10 12 14
16 18 11
0 3 11
16 20 7
1 2 2
1 4 6
22 1 16
14 16 12
19 21 12
4 7 16
8 12 2
16 18 8
20 22 2
13 16 4
20 1 5
8 10 9
4 8 16
13 16 13
21 23 14
21 0 15
4 8 14
19 19 11
4 7 3
1 5 11
9 13 5
9 10 5
0 2 14
16 20 4
23 2 16
17 19 7
3 6 15
11 14 10
0 4 11
11 15 4
22 2 9
5 10 6
9 12 10
20 23 6
6 8 4
19 0 9
2 5 7
6 7 17
8 11 11
22 1 8
2 5 2
20 23 11
6 11 13
8 12 15
9 13 6
22 1 9
14 16 6
2 5 11
0 3 9
5 10 8
12 15 13
1 4 6
17 20 16
14 16 3
4 9 1
0 1 7
1 5 6
0 2 16
16 19 10
3 5 14
2 4 17
0 2 1
23 0 15
9 13 8
15 19 10
8 11 3
0 4 8
11 13 14
10 14 10
3 7 16
5 8 3
4 5 3
4 8 15
15 19 1
0 4 8
14 17 6
19 23 2
15 17 15
2 4 8
7 12 4
11 13 4
13 17 9
12 15 16
19 21 13
0 3 16
17 21 5
14 18 5
6 9 2
23 1 15
19 22 6
8 11 5
16 18 15
18 21 1
23 0 15
10 12 4
18 21 4
6 9 14
14 16 6
7 9 14
10 13 6
17 20 12
9 10 12
19 22 5
19 21 1
0 5 11
11 14 7
3 7 16
20 23 14
5 9 6
8 10 10
12 13 8
19 21 4
18 22 11
4 9 2
10 12 9
21 0 6
20 23 13
14 17 5
12 15 6
15 18 14
8 12 10
2 5 14
12 17 7
2 5 16
17 19 9
5 8 11
12 15 9
6 9 10
1 7 7
17 20 5
1 5 13
14 17 15
22 1 1
17 18 5
10 12 12
5 8 14
1 5 5
20 23 6
4 6 13
1 6 13
6 10 8
16 19 2
20 23 7
20 23 11
0 2 2
8 12 15
2 6 8
4 8 2
4 8 1
3 5 4
9 12 14
0 2 17
16 18 12
8 12 17
0 2 13
1 5 13
10 13 9
16 20 7
22 2 17
2 6 2
17 20 1
18 22 15
22 1 11
4 7 1
13 15 11
18 20 6
22 3 10
19 23 14
15 18 9
20 1 9
8 11 15
6 8 11
8 11 10
12 15 10
19 22 15
0 4 2
4 6 9
13 17 3
6 11 2
0 3 15
13 17 14
6 8 1
16 19 11
3 7 14
20 23 11
21 1 12
16 19 12
13 15 2
11 15 2
10 14 14
20 23 11
16 19 12
8 11 12
17 19 12
14 17 17
12 16 10
13 16 17
13 16 2
22 2 12
18 21 12
4 8 6
5 7 14
16 20 4
15 18 17
17 20 15
16 19 15
2 5 11
18 23 16
1 4 5
21 23 5
21 22 9
0 2 7
8 9 11
16 19 11
15 18 8
0 4 17
7 10 14
5 8 15
22 23 9
5 10 17
3 6 17
15 17 8
10 11 8
23 3 10
18 22 17
17 19 10
23 4 16
15 18 2
14 18 7
3 6 13
17 19 15
9 11 16
12 14 14
20 0 11
14 19 12
13 16 6
11 15 15
21 1 10
11 14 6
7 11 5
10 13 4
0 4 9
5 8 4
11 14 8
15 18 12
7 10 9
18 20 13
8 14 9
6 10 10
6 7 15
16 19 10
0 3 13
16 19 13
1 5 7
4 6 6
20 23 10
13 17 5
5 11 13
12 16 13
3 4 9
20 0 6
21 0 7
18 20 3
17 22 1
10 15 7
2 5 13
0 4 13
1 4 7
17 20 6
5 7 9
8 11 9
6 8 9
13 15 10
19 22 16
19 23 5
23 3 15
6 10 3
20 0 13
20 22 5
21 0 10
3 5 3
7 10 7
11 13 16
11 12 10
23 4 7
20 23 15
4 8 12
15 17 15
21 1 15
7 10 9
18 21 10
0 2 10
18 22 16
15 19 16
2 6 16
10 13 6
21 2 11
19 23 8
19 22 12
13 16 13
12 15 8
14 19 4
0 3 7
10 11 17
0 4 13
8 11 9
3 5 8
11 13 7
9 14 1
15 17 8
21 23 1
14 15 8
23 2 14
23 3 9
19 21 9
17 20 6
3 5 9
23 1 2
9 12 9
20 23 3
21 2 1
5 7 4
21 1 7
1 2 10
8 9 13
14 17 13
14 18 6
17 19 5
21 1 13
5 8 8
12 14 3
13 17 13
13 18 9
11 15 1
0 5 15
0 4 14
13 15 6
7 10 10
14 18 15
16 19 17
21 23 5
9 13 15
0 4 4
3 7 10
5 7 16
4 5 17
20 23 9
20 23 11
20 22 2
9 11 2
10 15 16
2 4 15
8 11 12
6 8 5
0 3 10
10 13 7
21 21 9
10 13 5
4 6 17
15 18 3
15 18 9
15 18 13
8 11 3
4 7 14
19 22 9
21 1 16
13 17 16
14 17 14
21 1 3
2 4 11
17 20 11
3 7 17
17 22 4
5 8 7
19 0 13
1 3 10
5 6 5
19 21 11
21 2 7
3 6 5
2 3 1
2 5 15
5 8 6
15 19 9
12 16 7
7 10 16
18 23 8
13 18 1
4 9 7
19 23 1
13 16 14
15 17 9
4 8 16
16 19 17
15 18 16
7 10 4
2 4 3
21 0 6
6 8 5
19 21 8
19 21 10
23 2 16
17 21 9
11 13 5
8 12 14
22 2 11
0 2 3
20 1 9
21 23 16
6 10 12
23 2 6
10 15 3
14 18 6
3 5 3
3 5 10
1 4 6
22 1 8
2 3 13
20 0 14
6 10 1
7 11 5
12 15 8
6 9 9
5 9 3
14 18 10
13 16 10
15 18 3
14 18 16
20 22 9
3 6 1
15 19 6
18 21 10
2 6 15
5 8 10
3 6 5
18 21 9
5 7 13
8 10 16
2 4 4
5 8 12
8 12 12
5 7 2
0 3 14
4 6 2
3 4 17
20 23 10
2 6 1
9 13 4
11 13 16
1 3 11
5 9 17
13 16 15
14 17 13
11 14 6
12 15 12
23 3 10
7 9 5
18 22 4
10 12 13
10 13 6
12 18 16
19 22 17
22 1 12
12 16 8
5 8 11
6 9 14
21 2 16
3 9 14
6 8 13
15 17 3
4 6 14
5 7 10
5 7 11
13 16 9
11 14 8
1 4 3
18 19 7
13 15 5
7 8 2
18 22 7
1 5 17
5 9 14
23 3 16
14 16 2
13 16 7
4 8 9
7 9 3
21 0 8
6 9 7
5 7 2
2 6 5
7 10 4
2 5 13
20 23 13
5 7 17
19 21 12
3 4 1
3 7 11
14 17 2
10 12 9
18 20 12
13 16 16
12 16 10
19 21 8
5 7 9
23 1 8
0 4 10
5 9 1
12 14 11
6 10 8
6 10 15
4 8 16
13 18 3
14 19 10
12 15 2
21 0 15
8 11 14
10 14 13
15 18 3
22 0 10
9 12 13
2 6 2
14 18 11
6 10 13
17 19 16
8 9 4
0 2 8
1 4 9
20 0 7
6 10 14
19 22 15
19 23 3
7 10 10
17 21 9
1 4 10
23 2 3
14 17 3
7 10 7
7 10 2
21 0 1
11 14 13
12 16 10
23 1 8
21 0 1
1 5 2
20 0 9
19 23 14
22 1 5
1 3 9
15 16 5
2 5 4
1 4 13
4 8 2
9 12 3
16 19 15
13 16 1
5 8 16
8 10 15
14 17 5
16 19 15
11 15 15
8 11 1
15 17 5
12 17 9
3 7 11
17 20 2
4 8 7
2 8 5
2 3 1
11 14 4
9 11 1
7 11 12
6 7 6
12 16 13
12 15 9
17 21 3
23 2 3
16 19 2
4 6 5
23 2 15
5 8 7
18 20 6
5 7 7
7 10 5
15 18 10
11 15 6
5 7 8
9 11 2
10 14 8
13 15 6
13 17 15
11 15 6
9 11 13
15 18 2
4 7 8
0 2 5
0 2 3
12 15 14
21 23 9
8 10 1
8 12 4
3 5 10
8 10 12
20 0 15
16 18 4
23 2 3
0 3 17
6 9 10
6 9 15
1 3 3
23 3 14
15 17 14
21 0 2
10 12 14
4 6 1
4 8 1
15 19 3
11 14 5
11 15 13
3 7 17
15 17 17
6 10 13
4 7 17
7 11 15
7 10 1
23 1 12
9 12 15
1 1 12
5 10 7
16 19 4
8 11 11
8 11 8
11 15 16
18 22 3
9 11 11
2 5 5
23 2 4
15 17 4
10 12 17
13 16 15
0 3 3
3 6 9
23 3 1
3 6 9
9 13 9
19 22 3
15 17 7
23 1 2
7 10 2
13 17 9
20 0 10
8 10 17
8 13 16
13 15 17
15 17 4
10 12 1
20 1 14
8 13 13
14 17 2
2 5 7
11 13 6
18 20 13
1 3 16
8 10 11
9 12 3
3 8 11
20 1 14
9 11 15
3 6 15
9 11 12
0 4 4
10 13 8
8 11 15
5 7 13
7 12 1
1 5 6
12 14 17
10 14 15
6 10 15
20 23 11
17 21 1
14 17 8
18 20 14
19 22 12
8 11 12
22 1 10
10 12 17
7 7 6
15 18 5
18 19 3
11 15 9
15 18 12
17 19 2
1 3 6
8 12 16
11 16 10
23 2 2
18 21 1
14 17 14
4 6 13
22 2 3
6 9 14
6 9 9
9 14 17
4 7 6
15 18 7
3 5 15
16 19 16
7 10 5
8 10 15
20 0 2
10 14 5
13 16 14
3 5 9
21 0 17
0 4 3
6 8 16
1 5 9
22 2 16
23 2 9
1 3 4
20 22 12
4 6 11
16 18 10
5 7 13
23 1 14
18 20 14
1 5 1
2 8 16
14 16 6
9 13 3
13 17 4
4 7 9
5 9 12
3 6 15
23 2 15
5 9 9
23 2 7
4 7 3
21 2 6
18 19 13
19 23 12
18 23 1
22 1 3
9 11 8
3 7 6
13 16 7
15 17 5
3 5 2
12 16 7
16 19 12
0 3 2
18 19 5
8 8 10
16 20 4
13 18 1
14 19 13
18 21 15
2 4 14
7 10 10
21 0 11
15 19 16
0 3 10
20 23 2
6 9 7
15 19 9
20 22 4
0 4 9
2 4 4
13 16 5
1 5 13
2 5 11
16 17 10
23 3 4
14 16 16
22 3 11
6 8 13
23 1 14
4 8 8
6 9 5
9 11 1
16 20 2
5 8 2
10 14 15
14 16 3
19 21 5
3 5 7
19 22 2
13 15 12
14 17 4
20 22 11
0 2 2
16 18 15
13 15 8
10 15 3
14 17 10
22 1 11
18 22 5
22 23 5
20 23 16
14 17 14
3 7 14
6 7 4
19 23 14
8 11 1
11 14 7
7 10 10
10 14 12
8 10 14
22 0 15
14 17 9
8 10 10
4 7 11
12 14 8
2 5 16
13 17 13
6 11 15
13 16 9
9 12 9
19 21 16
5 10 15
18 18 9
8 11 5
7 11 5
13 15 1
13 16 12
0 2 11
10 15 17
12 16 13
20 22 4
19 23 11
16 16 6
3 6 15
0 4 15
15 17 8
22 23 10
7 10 3
5 8 4
3 7 5
21 0 13
14 17 5
21 2 15
7 11 17
1 5 8
3 7 16
5 10 15
9 13 16
0 3 10
22 3 12
3 5 8
18 22 7
14 18 1
1 3 10
21 1 8
6 9 7
11 13 8
21 23 17
2 6 5
2 6 6
17 21 15
5 8 16
12 16 16
3 7 14
13 16 9
2 5 13
14 17 7
6 9 9
14 16 14
1 4 10
12 16 7
7 8 2
2 6 4
23 1 2
16 21 7
16 17 14
3 8 4
17 19 3
15 17 15
6 9 7
19 23 15
3 6 3
17 20 16
3 6 7
15 17 3
5 8 12
6 9 6
20 0 8
14 17 5
15 18 13
13 17 11
2 6 17
0 5 14
0 1 17
2 5 3
5 9 5
13 16 5
10 13 9
14 17 2
7 11 10
1 6 1
5 9 2
16 17 1
12 15 5
6 8 12
2 5 9
11 15 6
11 14 13
4 8 10
19 22 8
5 8 17
16 19 10
10 13 3
4 5 7
21 0 10
16 19 2
7 11 8
22 2 11
12 14 1
17 22 5
20 23 13
4 6 2
22 0 8
15 18 2
18 21 9
9 11 3
8 11 12
9 11 13
0 5 9
3 6 7
17 20 13
18 23 13
2 5 9
23 2 2
16 18 10
1 3 11
5 7 10
12 16 2
8 11 12
2 4 8
4 7 10
9 13 3
19 21 17
6 9 9
15 18 2
13 15 4
8 13 1
7 11 9
19 22 4
9 12 14
15 17 7
17 19 11
19 23 12
23 3 16
16 20 6
9 12 3
5 6 10
6 9 2
19 22 10
14 16 2
11 15 6
4 6 13
5 8 16
22 1 2
0 2 7
19 23 4
11 14 16
22 0 11
14 17 9
8 11 5
5 8 7
7 8 2
23 3 10
1 4 12
15 17 15
2 4 16
0 4 11
9 12 7
10 13 10
3 6 15
17 20 17
19 22 8
12 15 6
15 19 12
0 3 17
7 11 12
12 15 3
3 6 8
8 11 16
9 10 7
16 19 5
4 5 17
1 4 14
1 5 8
5 9 7
9 12 8
1 3 8
13 16 17
19 22 15
4 6 8
15 17 14
16 21 11
4 9 8
20 23 13
1 2 12
11 15 6
15 19 7
15 17 17
18 21 11
10 13 2
10 12 11
19 0 17
8 11 2
4 6 14
10 13 2
22 23 4
2 5 1
16 18 15
18 21 4
18 20 4
16 20 6
22 0 2
4 8 13
7 9 5
21 0 6
8 10 16
4 9 6
6 10 13
21 0 7
11 13 15
11 14 4
16 18 14
15 19 13
22 2 1
19 22 15
12 15 11
23 3 15
7 9 3
2 5 10
12 17 14
13 14 14
2 6 2
19 21 15
3 6 15
21 1 6
13 15 15
20 22 14
10 12 17
18 20 15
9 12 6
5 8 17
5 8 1
17 21 8
21 0 13
0 2 11
12 16 17
2 5 4
19 22 17
15 16 13
15 18 10
17 19 13
16 21 16
6 8 1
15 18 16
6 8 14
9 11 13
2 4 9
0 4 3
10 12 15
6 9 13
19 22 2
20 0 9
0 3 4
0 2 12
1 3 1
20 23 15
1 3 6
7 10 8
5 6 8
1 3 6
6 10 4
23 2 12
6 9 5
11 14 15
6 10 16
9 13 11
2 5 16
13 15 8
21 1 10
16 18 15
2 6 16
20 23 4
20 22 2
21 1 10
10 14 14
3 5 12
13 16 4
10 14 5
23 3 14
17 20 17
0 4 8
5 9 9
22 3 3
4 7 16
10 12 12
7 11 2
10 13 7
13 17 15
9 12 12
0 3 12
14 16 3
11 14 14
15 18 1
22 2 1
21 23 13
13 16 17
17 20 12
7 9 4
10 14 17
20 0 2
20 23 5
4 6 4
17 21 2
22 0 8
6 9 15
3 8 3
5 9 15
3 5 17
13 17 2
11 14 12
15 19 11
1 4 2
8 10 3
14 16 4
11 14 10
22 1 9
7 9 11
1 4 10
15 19 4
19 21 4
11 13 4
13 14 17
23 3 12
0 3 14
14 18 12
14 17 6
22 1 7
20 23 1
10 15 14
16 18 7
10 12 13
16 20 11
3 7 7
22 1 3
15 17 11
15 18 10
8 12 11
1 4 11
9 12 15
14 16 9
4 7 11
22 1 7
5 10 7
20 22 11
18 0 17
21 0 10
15 17 9
18 22 17
16 20 2
16 19 4
6 8 4
23 4 15
8 11 9
22 1 10
3 5 11
20 22 7
1 4 1
20 22 6
22 2 10
23 2 3
18 23 4
8 10 8
20 22 14
15 17 17
15 18 4
10 13 8
3 8 13
2 4 12
5 8 13
2 4 11
5 8 5
17 19 7
2 7 11
5 7 14
23 3 13
16 20 7
16 17 6
19 22 15
9 13 16
15 18 11
4 6 14
23 0 5
23 3 17
8 13 17
5 7 12
18 20 15
22 1 14
11 16 16
1 4 2
13 16 2
1 5 11
11 12 8
2 6 3
7 11 15
10 13 1
10 14 12
5 8 12
5 8 1
6 9 8
23 2 5
21 0 5
8 11 4
15 18 16
20 22 14
12 15 4
11 14 1
12 13 12
6 7 16
18 20 3
11 14 6
17 21 13
11 15 7
21 0 10
6 8 14
12 15 5
17 19 15
22 2 7
16 19 3
23 3 12
3 5 15
20 0 6
5 9 11
12 13 3
21 0 12
21 23 1
18 21 9
22 3 16
14 17 7
2 4 15
0 3 17
16 18 8
20 22 9
3 5 15
18 21 1
7 10 7
12 14 13
2 5 1
4 8 15
22 1 16
11 13 13
22 1 16
18 20 15
17 22 9
21 1 12
19 21 7
0 5 16
12 15 15
9 12 17
7 11 8
7 10 11
17 20 3
22 3 14
2 4 3
20 0 13
10 13 3
8 11 2
1 6 13
17 20 10
0 3 5
11 15 7
2 5 13
9 13 5
9 12 4
13 18 14
3 5 9
12 15 7
12 15 5
1 4 9
8 13 8
1 5 17
14 15 7
6 9 5
21 1 3
8 11 6
14 17 11
21 0 12
11 13 6
3 7 8
15 18 15
4 5 15
15 17 11
10 13 11
10 12 5
18 20 10
10 13 2
15 16 15
10 13 3
21 23 16
21 22 10
17 21 8
19 23 2
21 1 10
16 18 9
6 10 1
13 15 10
18 20 9
3 8 13
18 21 16
9 11 13
18 21 12
11 14 11
15 18 1
4 7 2
5 8 15
16 18 13
1 4 2
12 16 16
7 10 10
13 17 5
19 23 3
13 16 9
17 21 12
0 1 16
21 0 10
3 7 9
0 4 5
21 0 14
14 16 5
22 1 2
14 16 7
15 17 6
11 14 9
0 4 15
19 20 9
16 18 13
1 4 8
19 22 3
18 21 10
4 4 9
9 14 6
19 21 15
18 22 5
23 2 5
3 6 8
8 11 17
12 15 6
12 13 5
1 4 12
14 16 7
11 14 6
8 12 8
6 11 7
4 8 14
6 10 8
14 17 9
14 18 9
7 9 5
0 3 5
12 16 9
13 15 7
10 12 6
9 12 15
4 7 4
2 5 10
19 22 12
6 10 2
6 7 4
3 8 11
22 2 13
12 15 7
15 20 9
13 16 14
18 23 11
9 11 8
6 9 5
23 1 9
4 8 9
10 13 8
19 22 11
8 9 13
23 2 15
2 4 5
22 2 12
2 6 3
10 14 4
19 23 16
11 12 13
17 18 10
19 21 4
12 13 2
4 7 6
21 0 1
10 15 11
21 0 16
13 15 14
19 20 2
14 17 16
19 22 6
22 1 9
15 18 7
0 0 17
22 23 3
22 2 14
22 2 1
23 3 14
12 16 2
9 11 2
5 8 15
15 19 7
14 17 9
0 4 6
12 16 13
16 19 14
6 11 3
8 10 13
16 18 5
17 19 13
13 16 17
1 4 5
21 0 11
5 8 4
14 17 15
22 2 5
20 1 8
5 9 5
1 3 9
18 21 15
17 21 14
14 18 2
13 17 8
6 10 4
11 15 10
22 2 8
15 18 5
11 15 16
15 16 14
12 16 3
16 20 11
17 19 13
16 18 15
8 9 11
3 7 17
18 21 14
11 15 8
8 9 13
13 16 1
6 10 8
4 8 15
