550 15
1 4 4 8 3 8 9 4 2 9 4 3 9 8 7 
0 5 4
21 0 9
15 18 15
22 1 5
16 17 15
15 18 2
8 10 12
21 1 10
23 3 13
1 3 11
9 12 9
0 4 6
16 18 6
19 21 12
2 3 6
6 10 3
1 4 8
3 6 8
1 5 4
17 20 5
1 3 15
13 16 9
21 0 2
4 8 3
12 17 13
1 4 6
16 18 11
2 5 14
23 0 6
8 10 5
21 23 4
15 17 12
12 16 14
20 23 5
21 1 15
1 5 1
19 23 4
2 4 6
16 19 13
19 22 14
7 10 11
9 11 13
21 1 12
1 3 12
1 5 1
1 6 7
3 7 4
21 2 5
7 9 7
21 0 4
5 8 13
17 20 1
16 20 2
7 11 11
4 5 15
20 2 15
0 3 2
20 23 6
11 14 6
6 11 6
8 11 10
0 2 1
1 4 15
16 17 8
19 21 12
0 3 10
18 22 14
3 9 14
3 5 10
18 21 11
22 1 1
10 14 11
0 3 9
21 21 5
15 18 12
1 3 6
3 6 9
0 1 12
13 17 3
21 0 4
16 18 2
2 3 9
12 15 5
21 23 14
1 4 4
19 23 8
13 17 11
19 22 6
17 18 10
16 18 6
5 8 13
9 11 4
19 23 6
4 6 15
10 13 5
15 19 3
16 20 11
3 7 10
11 16 14
15 18 2
13 15 7
17 20 12
9 12 4
16 17 3
10 10 8
4 6 5
0 3 1
0 4 3
15 16 12
12 14 5
2 5 2
11 15 2
7 8 7
23 0 8
4 7 8
9 14 4
1 5 6
14 17 11
1 4 8
2 4 5
11 13 8
5 10 13
15 18 7
1 3 7
9 11 15
18 19 15
20 0 9
22 1 3
23 2 6
14 16 11
23 1 4
17 21 9
3 7 11
22 2 6
9 12 6
13 15 5
10 14 2
17 19 4
19 21 12
2 4 12
12 15 7
9 12 10
21 1 10
21 23 6
10 12 7
3 6 12
17 20 12
23 2 12
11 15 9
12 15 11
15 19 11
20 22 2
10 13 3
4 5 14
23 3 12
10 14 5
23 4 12
4 7 6
18 23 8
17 20 2
1 4 2
8 11 3
11 14 6
10 14 8
23 2 15
20 21 10
17 21 9
9 12 5
3 6 4
20 23 15
18 21 5
0 1 6
5 8 13
15 18 1
1 4 15
19 21 15
9 11 13
19 19 5
18 19 6
20 0 1
12 15 9
13 15 14
17 19 13
15 17 12
22 0 4
1 6 2
19 20 8
22 0 15
1 3 14
17 21 10
9 12 9
13 17 3
2 6 9
2 5 1
0 3 1
21 0 13
17 19 13
0 3 6
14 18 4
22 1 7
5 7 10
17 21 9
23 1 2
12 15 9
4 8 4
21 0 10
9 12 13
11 14 14
22 23 14
8 11 1
2 4 9
13 14 13
14 17 5
14 16 12
15 16 1
16 19 5
21 1 14
22 23 2
11 14 11
1 4 5
23 4 14
1 5 10
13 16 5
20 23 5
8 10 6
12 17 1
8 11 2
3 9 3
2 6 2
22 0 12
7 9 2
21 0 9
19 22 15
21 0 6
15 18 6
5 8 8
9 12 9
5 7 5
7 10 14
9 12 7
17 20 14
17 20 1
2 5 8
14 17 11
16 19 1
13 15 5
7 8 3
3 7 9
17 19 15
6 8 11
1 6 10
0 2 1
12 15 3
17 19 6
18 21 8
2 6 8
14 18 11
2 5 5
2 5 2
17 19 14
9 13 10
12 14 9
23 2 5
15 19 7
21 1 14
14 16 3
6 10 7
7 10 12
19 23 11
3 6 10
19 0 10
13 15 5
14 19 9
22 2 7
3 5 11
0 2 2
21 23 7
5 8 3
3 7 5
18 20 8
10 12 4
15 18 12
18 20 14
23 2 9
5 8 2
1 3 12
2 6 9
12 14 2
16 21 14
11 15 10
19 22 3
5 7 9
19 23 12
17 21 12
18 20 9
2 5 13
1 2 2
13 16 15
2 6 5
4 8 1
5 8 8
11 13 15
12 15 15
9 13 8
5 8 9
15 21 6
18 20 10
20 23 15
0 3 2
4 7 4
3 6 4
20 23 4
4 7 6
5 9 8
3 8 8
12 15 12
10 15 15
4 5 13
9 11 12
12 15 10
1 3 12
15 18 2
11 12 9
23 3 6
12 15 1
1 3 2
19 22 4
1 4 8
20 23 2
1 4 13
8 9 1
0 1 10
12 16 5
3 5 4
2 5 14
2 5 11
19 22 5
5 8 4
23 1 2
12 14 14
9 12 15
4 6 15
14 16 14
17 20 2
7 11 5
5 8 10
13 17 15
2 6 11
17 19 4
0 3 6
15 17 7
5 7 6
13 15 7
17 20 4
3 6 11
17 21 7
2 4 10
10 15 11
6 9 12
13 15 6
22 2 11
0 3 4
13 17 13
22 23 7
5 6 14
11 13 2
2 5 3
1 5 12
9 12 6
23 1 2
12 16 6
6 7 2
11 13 1
14 17 15
18 21 3
21 1 8
13 18 6
12 17 13
4 6 4
23 2 4
5 7 12
3 5 3
14 18 5
10 14 10
1 2 6
6 8 9
9 12 10
22 1 11
8 10 9
8 10 12
13 15 13
2 5 7
1 4 4
14 17 10
13 16 11
1 3 2
5 8 13
16 17 11
1 4 14
15 17 3
11 14 10
16 19 1
5 8 14
16 22 2
5 10 13
17 20 7
9 12 11
14 16 9
1 4 4
4 6 11
10 12 10
18 20 10
4 7 5
5 8 8
0 4 8
23 1 2
8 12 3
1 2 3
8 11 1
20 23 15
17 21 15
2 6 9
22 2 10
1 4 4
8 11 10
3 5 12
12 16 15
2 5 14
17 19 9
23 3 11
19 23 10
11 13 13
18 22 11
13 14 2
15 17 3
19 20 7
13 16 10
20 22 4
13 17 7
4 7 1
20 23 13
6 9 1
13 15 11
14 17 4
17 22 7
4 6 3
19 21 8
23 3 14
18 21 1
11 13 8
12 16 10
13 18 4
0 2 13
16 19 11
13 16 3
15 17 6
7 11 8
8 12 9
9 11 11
0 3 11
19 23 12
12 15 4
17 20 1
10 14 13
7 11 6
21 1 2
4 6 13
22 2 9
9 13 3
14 15 5
18 22 3
20 22 10
6 8 14
15 18 7
20 23 11
22 23 12
0 4 12
14 18 12
22 2 12
18 20 2
7 9 11
3 7 14
11 14 6
17 20 14
17 20 8
11 14 11
3 7 2
3 6 1
15 18 13
14 16 9
4 7 9
14 14 1
12 15 8
20 23 5
0 5 6
18 22 10
5 8 15
21 22 11
17 19 10
0 3 1
0 2 11
23 3 7
2 4 13
15 18 10
9 12 13
14 19 5
19 22 10
12 16 6
5 7 10
15 18 1
13 17 2
8 11 2
22 2 11
6 9 5
18 22 3
14 17 9
19 22 10
14 17 4
22 2 10
2 5 6
10 13 11
0 3 5
1 4 11
14 18 13
4 7 1
13 17 1
6 9 8
8 8 12
6 10 3
18 21 9
11 15 1
2 6 13
15 18 5
10 14 6
4 6 14
5 8 14
6 8 1
6 9 9
2 6 1
22 1 6
22 2 6
13 14 4
16 18 7
5 6 13
11 15 6
13 17 2
11 15 8
9 10 7
10 13 12
18 20 8
