400 9
10 9 7 8 2 4 2 9 1 
11 14 1
18 22 2
2 7 8
7 12 4
22 3 9
13 15 2
8 12 5
13 17 4
9 13 3
9 13 2
5 7 9
13 16 1
18 0 2
0 4 2
1 3 8
2 4 8
10 13 5
18 23 7
23 2 3
6 8 2
4 7 3
16 19 3
7 9 9
9 13 6
6 8 1
16 20 2
0 1 4
16 20 2
4 6 5
7 10 5
10 12 8
8 11 8
7 12 4
19 23 2
5 8 2
11 14 8
20 23 9
10 11 2
12 15 1
19 21 1
22 1 6
16 20 3
7 11 4
13 16 5
5 7 7
7 10 4
17 20 5
15 19 6
20 23 7
6 10 5
19 21 5
16 20 9
4 8 1
8 10 4
11 12 4
16 20 3
17 20 2
4 7 6
11 13 4
4 8 6
3 6 7
8 11 5
10 12 7
7 10 9
17 20 9
8 10 7
2 5 3
15 17 8
7 11 6
20 22 9
2 4 6
12 18 1
14 17 6
19 21 4
21 0 9
2 5 6
22 0 5
2 6 4
3 7 3
13 15 8
6 9 8
0 4 6
9 12 2
15 17 2
0 3 6
22 0 8
1 4 9
17 20 1
15 19 4
11 15 2
2 4 1
14 15 2
9 12 6
14 17 5
1 6 8
10 12 9
5 10 7
23 2 5
10 12 3
8 12 1
2 5 2
10 13 6
18 21 5
11 15 1
20 23 5
13 16 7
3 7 8
2 7 2
1 6 5
15 17 1
5 7 4
18 22 8
4 7 9
20 23 4
21 23 9
12 16 2
7 10 6
3 7 2
5 8 7
13 16 8
3 6 9
9 12 5
12 13 4
13 17 5
15 17 2
12 16 2
16 18 7
23 2 3
22 1 8
5 8 1
17 20 3
5 10 5
19 21 4
0 3 9
1 5 1
1 5 2
18 21 2
23 2 5
4 8 9
2 5 5
0 5 4
16 18 6
3 5 7
1 3 2
17 21 6
9 15 1
10 14 9
19 0 3
22 0 4
14 19 3
12 14 8
13 17 7
15 19 3
5 8 9
9 11 4
19 22 9
22 0 4
4 8 5
20 0 4
3 7 2
1 3 5
8 11 1
17 21 8
8 12 7
7 10 3
22 1 9
13 15 7
8 10 4
15 18 3
5 6 9
1 3 2
3 6 6
21 2 9
13 17 1
14 19 2
5 8 4
13 16 6
21 23 9
0 3 6
17 20 4
4 8 7
5 8 8
0 4 5
23 4 6
0 4 1
21 0 1
18 21 6
2 6 3
2 3 3
14 17 5
3 4 3
22 1 7
15 17 9
0 3 8
13 15 2
14 17 3
14 19 3
21 0 4
0 3 1
22 0 1
8 11 4
13 17 7
20 23 6
4 7 4
17 21 7
21 0 3
10 13 8
0 4 2
14 16 1
16 19 9
7 11 4
20 0 7
15 17 1
19 23 6
18 21 1
3 5 7
10 12 8
8 12 7
12 14 5
14 18 9
10 13 1
18 21 9
21 22 4
18 20 9
20 0 9
12 15 6
23 3 1
10 13 6
14 18 2
23 4 1
11 13 1
16 18 4
11 15 6
1 4 6
2 5 5
2 5 9
15 19 7
11 15 8
7 10 1
11 14 6
10 11 8
14 17 9
3 6 9
10 13 8
16 18 8
21 1 7
13 17 2
5 9 5
14 17 8
23 4 2
3 5 2
7 11 7
21 22 4
1 4 9
7 11 2
21 0 2
8 12 8
0 4 2
3 5 4
0 4 3
12 16 1
17 19 4
22 1 9
12 13 6
5 9 6
9 12 4
18 19 9
8 10 2
11 15 7
18 20 9
10 13 7
7 12 8
14 17 5
1 4 3
7 11 1
2 3 8
13 17 3
22 2 6
4 8 6
22 2 7
23 2 7
9 13 8
17 20 4
22 1 6
18 22 8
18 20 1
8 11 3
6 8 1
23 2 3
10 13 7
4 7 3
5 8 2
13 15 1
2 4 9
6 9 7
6 10 7
23 1 3
1 4 4
10 14 5
23 3 3
11 14 8
19 22 4
16 20 8
7 11 2
3 6 6
14 15 6
15 19 7
20 23 1
14 16 3
13 14 9
22 1 3
6 8 3
23 3 3
7 11 1
18 22 4
6 9 3
9 12 7
15 19 3
21 23 1
4 8 3
6 9 6
18 22 8
9 11 3
14 16 1
13 16 2
20 23 7
1 2 2
23 1 2
12 15 4
6 9 2
12 14 9
21 1 7
7 9 5
2 5 6
12 16 7
12 14 4
6 10 1
1 4 8
2 4 3
11 13 9
22 2 8
17 21 9
15 18 7
2 5 1
5 8 5
14 18 5
11 13 2
16 20 4
8 12 5
17 21 6
0 3 8
3 5 5
2 2 4
21 0 7
21 1 3
23 2 4
6 10 7
15 20 8
3 3 4
11 14 4
9 12 9
17 21 1
6 9 4
15 18 9
13 17 3
16 18 5
19 21 4
0 4 9
13 17 6
6 9 7
13 15 7
14 18 7
5 8 2
22 2 5
20 1 4
21 23 9
18 22 7
2 6 5
9 12 5
17 18 7
15 19 4
5 8 3
0 3 9
7 10 7
22 1 9
23 1 3
22 0 7
4 7 4
22 1 7
23 1 4
19 22 9
22 0 1
0 4 5
19 23 6
18 22 4
23 4 3
17 21 8
21 23 9
7 8 4
3 8 5
