2550 9
5 6 10 10 4 4 6 2 10 
7 10 7
9 13 2
20 22 8
0 2 8
18 19 3
11 14 3
0 4 2
21 2 3
1 1 6
19 19 1
12 14 3
3 6 9
20 23 2
21 23 1
18 20 2
20 0 1
20 21 3
9 13 8
17 20 6
21 1 8
8 12 7
20 22 4
15 18 2
21 0 3
9 11 7
10 13 2
15 19 7
13 17 2
1 5 9
7 8 7
14 17 1
9 12 6
10 13 8
5 10 9
1 2 2
1 5 2
18 21 3
11 14 2
21 23 4
21 1 9
22 2 7
14 18 3
3 7 5
15 18 3
22 0 8
1 5 5
14 18 2
23 0 6
12 15 7
15 19 5
13 15 4
13 14 1
6 10 5
2 4 1
11 14 6
18 21 7
5 9 5
16 18 9
10 13 1
7 10 4
22 1 1
3 6 5
1 3 2
14 18 7
7 8 4
19 23 4
19 22 4
2 5 8
6 9 8
9 12 5
17 20 3
4 6 1
22 1 5
1 3 9
16 20 8
14 20 3
22 23 2
2 4 1
14 18 3
1 5 4
7 10 6
6 9 3
21 0 3
16 19 5
19 23 9
21 1 6
9 13 3
14 17 2
18 22 1
22 0 6
11 14 6
22 3 2
6 9 7
2 5 5
22 1 3
9 12 4
6 10 4
14 17 6
22 2 4
13 15 4
2 3 3
10 12 6
10 14 3
12 15 1
6 9 2
14 17 3
6 7 7
11 16 6
9 13 1
14 16 7
4 6 4
14 16 3
14 19 3
20 23 7
22 1 6
5 8 8
11 13 5
8 12 9
11 14 2
10 12 1
11 14 2
1 4 2
2 5 9
3 5 2
8 11 2
12 16 1
1 3 3
16 18 9
4 7 5
17 21 3
10 14 3
4 7 5
13 17 3
7 11 1
12 15 6
1 6 9
4 10 5
3 8 8
0 3 2
4 7 5
6 9 2
19 21 5
17 19 7
5 8 6
21 3 4
3 6 3
12 15 1
15 17 2
19 22 3
12 14 9
13 15 1
3 5 5
21 0 8
15 17 3
6 9 2
13 15 6
9 11 4
19 23 5
9 10 8
19 23 3
17 21 4
8 12 6
12 14 2
9 15 6
13 15 2
12 15 4
8 11 8
18 21 2
15 16 6
23 3 6
2 6 4
14 17 7
6 9 9
23 1 3
17 21 7
13 15 5
0 3 8
11 15 9
11 13 2
13 16 3
16 20 3
10 12 8
6 8 3
4 6 3
20 22 4
14 17 9
18 20 9
14 18 1
6 9 5
4 7 2
2 4 9
8 9 8
15 17 3
1 5 9
8 13 5
11 14 8
14 17 9
9 13 4
19 23 3
4 5 3
13 15 2
21 0 9
19 21 2
12 15 5
3 7 3
16 19 8
22 1 5
18 21 9
0 3 9
9 11 6
18 21 2
6 9 1
4 8 6
8 11 4
6 8 5
16 20 7
3 7 1
2 4 2
4 8 4
0 4 7
19 21 7
17 20 3
6 9 6
19 21 9
10 15 8
23 2 3
23 2 6
11 14 7
1 4 8
4 8 6
13 17 1
19 22 1
18 21 9
10 14 3
14 19 6
17 20 5
17 19 1
17 20 3
7 10 3
0 1 5
8 10 5
12 15 4
0 1 3
11 13 7
21 23 8
1 5 8
21 21 3
7 10 7
13 15 8
3 6 1
2 3 8
4 7 6
16 21 7
22 1 5
21 22 3
22 1 2
1 3 2
1 4 1
16 20 1
6 10 9
13 17 4
13 16 8
20 0 2
16 20 8
5 7 9
9 11 3
8 11 2
7 12 8
22 0 2
0 1 7
4 9 4
11 13 7
19 22 3
23 3 9
19 23 1
1 4 2
5 8 2
18 21 1
9 13 6
2 7 5
3 4 2
15 16 2
18 20 9
23 3 7
12 16 2
0 2 4
18 20 7
18 22 6
10 13 8
13 17 9
9 12 2
16 17 5
4 7 8
11 14 7
13 15 4
4 8 8
0 3 8
10 15 6
6 7 2
1 4 5
18 22 8
13 17 2
17 19 2
15 17 1
4 5 6
14 17 4
20 0 8
17 21 8
5 10 9
12 16 6
0 2 1
10 13 7
14 18 4
10 13 5
2 3 7
9 13 2
8 10 3
4 7 3
13 16 7
16 20 5
20 0 9
23 0 7
4 7 1
11 16 6
2 5 8
19 23 2
9 13 8
9 12 8
21 2 8
8 11 2
2 5 3
21 1 1
3 7 2
16 20 8
10 14 2
5 9 8
15 18 6
18 21 8
5 8 1
21 2 3
5 8 6
5 8 7
12 16 4
17 21 6
2 5 5
18 22 5
4 8 5
7 9 8
20 0 2
6 9 1
8 10 8
12 16 3
21 23 9
9 12 2
18 20 6
10 13 6
15 19 6
5 8 3
10 12 7
18 20 8
0 5 5
14 17 1
12 14 9
19 23 3
19 21 9
11 15 4
0 3 6
12 15 7
3 6 5
16 19 1
18 20 8
0 4 7
3 8 4
18 21 2
11 13 8
10 13 1
2 5 6
14 20 3
0 3 8
16 18 6
10 13 9
12 16 2
2 4 3
16 19 7
6 9 8
12 16 2
11 13 3
2 5 7
21 2 6
0 3 3
19 21 5
20 21 7
15 19 5
13 17 5
18 20 5
10 13 7
19 22 8
6 9 6
18 20 9
3 4 9
17 18 1
6 8 4
17 20 1
19 22 5
3 6 6
7 10 8
21 22 1
2 6 4
6 9 1
22 1 5
15 21 7
22 0 8
15 17 4
8 10 6
6 10 7
3 6 9
1 3 6
7 10 1
2 6 1
1 4 1
10 13 4
2 4 3
7 9 8
2 6 6
11 13 4
12 15 6
7 12 2
10 12 5
9 12 8
8 12 5
0 3 8
6 8 9
12 17 7
4 8 2
6 8 8
2 6 1
6 10 9
20 22 6
5 9 2
19 23 9
23 3 1
18 22 9
1 5 3
5 7 6
23 2 2
3 7 7
11 15 1
0 3 3
22 23 4
23 2 5
8 13 4
23 3 8
19 21 1
14 16 6
9 11 6
17 21 1
12 15 8
3 6 6
8 13 6
9 13 2
3 5 5
3 5 5
21 0 8
3 5 8
7 11 3
9 12 1
2 6 6
21 23 1
6 9 2
15 18 1
7 10 6
10 15 9
19 22 3
13 15 2
1 3 4
14 17 9
6 11 1
2 5 3
18 21 9
1 3 6
10 13 1
6 8 8
1 3 1
7 9 2
16 20 4
8 12 7
13 17 3
19 21 2
0 3 8
17 19 2
23 4 9
23 2 9
13 16 1
16 20 5
9 13 7
21 0 6
7 9 8
8 13 3
13 16 1
5 8 1
23 2 2
12 14 1
0 3 9
16 19 7
23 3 9
11 14 1
9 13 7
21 0 1
13 17 2
13 16 8
13 16 7
13 17 3
3 7 5
12 14 3
9 11 4
13 17 1
12 15 2
4 7 2
9 12 3
13 15 8
23 2 8
18 19 4
1 3 9
14 18 2
9 13 5
7 13 8
10 15 3
0 1 9
2 6 5
8 11 1
2 4 3
4 6 9
15 17 2
19 23 7
6 8 5
19 23 5
5 9 6
18 21 3
5 8 8
1 4 9
3 5 3
12 16 8
6 9 5
13 15 9
8 11 1
3 6 8
21 1 3
5 7 2
4 5 8
5 7 5
4 6 9
11 13 6
8 12 4
1 3 2
1 5 1
7 10 3
11 15 5
7 12 2
7 10 6
2 4 5
14 17 9
7 10 7
3 6 7
7 9 7
18 20 9
17 19 1
15 19 6
22 2 4
10 14 1
7 8 6
18 22 9
8 11 4
0 3 2
17 20 3
5 6 4
18 22 7
17 21 4
18 21 8
10 12 8
0 3 5
18 22 6
16 21 8
1 3 6
7 8 1
17 21 8
7 10 5
0 3 7
15 18 3
5 6 3
3 4 6
9 12 7
6 9 9
20 0 7
5 7 4
16 20 7
16 19 6
10 13 7
9 11 4
17 19 1
7 10 4
14 17 8
22 2 3
3 6 4
15 20 9
19 23 1
16 19 2
6 9 2
11 15 4
2 7 1
7 9 4
11 15 7
11 15 3
7 10 1
7 9 2
11 15 3
22 23 1
19 23 3
1 2 5
3 6 2
21 1 3
0 1 3
7 10 7
21 23 4
18 20 4
5 8 9
8 10 9
9 14 8
20 22 6
8 13 3
1 5 5
7 9 4
10 14 5
7 9 4
4 7 3
4 6 5
1 4 3
7 9 3
2 5 5
14 17 7
15 19 2
6 9 3
17 19 3
8 11 2
0 4 3
1 3 1
15 18 7
22 1 5
22 22 9
22 1 9
10 13 5
12 14 6
4 7 5
19 20 6
16 19 8
12 12 5
21 0 2
10 13 6
11 14 9
14 16 7
3 5 6
10 14 6
20 23 6
6 9 8
5 9 5
22 23 7
18 19 2
5 8 7
17 20 2
17 21 7
1 4 3
3 7 3
5 7 3
20 22 9
6 8 7
5 9 7
8 10 1
5 8 7
6 7 5
4 8 7
5 7 2
2 6 8
6 10 5
0 3 3
2 5 9
4 8 9
8 13 1
3 5 2
9 11 1
14 17 1
10 13 9
15 17 2
20 23 8
14 17 9
17 20 4
5 7 6
3 5 4
2 4 8
2 6 2
0 2 4
7 10 1
22 0 9
22 23 2
6 10 9
12 15 2
0 2 9
13 17 4
22 2 5
7 9 6
22 1 7
15 17 7
18 19 3
9 12 5
12 13 2
22 1 5
5 9 3
14 17 2
8 9 9
20 23 5
7 10 3
18 20 5
2 4 7
20 23 3
1 3 4
7 10 2
2 7 6
1 3 4
17 18 5
9 12 7
17 20 8
12 15 3
3 7 8
2 6 5
4 8 4
15 19 5
6 9 3
15 17 8
18 21 4
20 0 1
8 10 9
15 18 3
4 5 3
11 16 8
20 0 8
14 20 3
12 15 8
0 2 7
20 0 4
20 0 9
0 1 9
13 16 9
18 21 8
11 14 7
6 9 1
9 11 3
2 4 1
21 0 3
22 2 9
22 2 8
3 7 3
17 20 6
16 18 1
4 6 5
4 7 6
0 3 2
20 23 6
8 11 5
13 16 1
18 20 2
20 22 3
1 3 3
15 18 3
10 15 7
18 19 6
20 23 4
0 5 3
14 18 4
18 20 2
18 21 7
19 23 1
9 14 2
19 21 8
14 19 7
0 3 5
1 3 6
11 14 7
13 17 6
12 16 9
0 3 4
3 6 1
16 20 5
20 1 3
12 14 3
20 0 7
17 20 1
2 4 2
6 11 6
2 5 7
12 16 7
19 23 3
8 12 3
3 6 1
15 19 9
17 20 6
17 21 6
13 18 1
19 21 8
23 2 7
8 11 1
17 21 7
10 13 5
14 15 3
20 0 1
16 19 4
2 4 5
12 14 3
0 2 4
15 19 7
20 0 8
11 15 9
23 2 7
9 11 1
19 23 6
14 17 5
16 21 2
5 8 8
23 1 3
6 9 6
3 6 9
5 9 7
18 22 1
19 23 2
22 1 5
22 1 3
10 13 8
4 8 7
15 18 9
22 1 7
1 3 4
9 12 7
0 4 1
18 22 4
13 15 8
23 1 2
12 16 1
14 20 7
13 15 7
0 4 6
8 8 7
8 12 6
20 21 6
19 22 2
18 21 5
14 18 9
22 1 4
18 21 7
9 11 4
3 6 6
20 22 8
9 13 9
3 5 5
8 10 9
19 21 6
22 1 3
3 6 4
11 13 8
9 13 2
8 11 2
13 17 5
2 3 2
15 18 2
0 4 5
8 10 9
21 0 9
21 23 6
21 0 2
23 3 2
5 9 1
11 14 5
1 5 2
16 18 5
13 15 3
6 10 1
15 18 3
18 20 4
17 20 8
2 3 9
13 15 6
14 16 7
4 8 3
19 23 5
10 12 4
8 12 3
6 10 7
15 17 5
1 3 5
4 7 4
23 1 1
18 22 1
17 20 3
22 1 2
3 6 1
10 15 1
1 7 3
20 1 6
2 4 6
23 3 7
2 6 9
14 16 4
4 6 8
12 13 8
22 23 1
6 9 9
15 19 6
4 5 2
20 0 5
13 18 6
11 15 4
12 14 5
1 5 9
12 15 2
15 19 3
19 23 2
20 23 1
6 9 3
20 22 1
3 7 2
1 4 9
18 22 2
17 19 6
22 1 4
20 23 7
8 11 1
1 4 6
15 19 3
21 1 9
6 9 6
18 21 6
23 1 7
2 3 9
10 13 4
15 20 1
7 11 3
15 19 4
22 0 4
7 10 1
17 19 3
4 7 1
7 10 1
17 21 4
13 15 6
10 13 6
20 0 2
9 10 2
4 7 8
13 15 6
10 14 8
0 5 7
15 19 1
18 21 7
12 15 5
11 14 9
0 0 6
13 15 4
5 7 8
21 1 9
21 23 6
23 2 4
7 12 4
22 2 9
16 20 2
18 21 9
21 0 6
22 1 3
5 8 2
6 9 2
11 15 4
13 17 5
9 12 3
17 20 1
22 0 8
7 9 3
21 1 8
6 10 2
23 1 4
13 15 5
22 1 7
17 19 2
15 19 2
20 0 1
14 15 8
20 21 7
16 20 7
9 12 6
21 22 4
1 4 9
18 20 5
11 15 2
23 1 7
4 5 5
11 13 1
3 6 4
18 22 7
4 6 4
20 0 6
10 14 6
7 9 3
21 1 1
15 17 1
10 13 7
19 21 3
4 5 9
20 1 6
3 5 9
14 17 6
13 16 1
20 22 4
13 16 1
0 4 3
21 23 4
14 17 7
9 13 8
11 14 5
13 17 6
6 9 6
22 1 9
4 6 6
4 6 1
13 16 6
3 3 4
18 22 6
5 6 3
7 8 4
14 15 3
5 7 5
8 12 8
11 14 8
11 15 1
18 20 1
21 0 9
7 9 6
23 1 8
3 7 8
6 9 6
22 3 3
4 8 7
14 16 6
11 13 5
6 8 3
7 10 4
0 2 6
8 10 6
8 13 6
5 9 4
2 6 5
7 10 2
3 4 6
10 15 7
15 17 3
2 3 7
0 1 9
17 19 8
16 18 6
13 17 3
15 18 9
6 10 7
15 18 9
23 2 9
19 23 8
1 4 7
11 13 4
20 21 7
22 2 6
3 6 4
2 5 6
13 17 7
2 4 4
22 1 2
12 16 5
18 20 2
14 18 4
20 22 3
20 0 7
8 12 6
4 6 1
3 7 5
14 20 6
6 9 2
18 21 1
9 12 5
17 21 2
16 18 4
7 10 6
7 9 1
21 23 7
16 19 2
21 1 8
19 20 1
5 8 2
5 8 3
16 19 8
3 7 8
15 19 6
4 8 1
16 20 6
12 14 7
23 3 5
19 23 8
4 8 7
20 23 3
5 10 5
18 23 1
21 1 2
11 14 1
9 12 3
13 15 3
6 9 4
15 19 9
10 13 7
4 7 5
5 7 4
9 13 1
15 18 4
12 15 7
4 7 5
22 0 7
0 5 2
12 15 2
6 11 6
11 15 6
3 6 7
0 3 9
23 3 6
7 9 2
7 10 8
18 23 1
7 11 9
10 11 2
15 18 8
23 3 1
9 14 8
22 1 3
0 2 3
21 2 7
20 23 2
1 3 7
10 12 2
6 9 1
18 20 5
17 20 8
22 2 6
10 11 9
13 16 3
23 2 6
11 16 4
9 11 7
7 11 1
13 15 3
5 7 1
19 21 9
21 23 3
16 20 4
1 4 8
21 0 7
18 21 5
12 15 9
12 17 9
0 3 1
17 21 4
10 15 8
4 8 6
5 7 6
5 8 6
2 4 7
13 15 4
16 18 1
8 11 8
9 9 8
22 2 1
22 0 8
6 8 7
13 16 9
6 10 2
21 2 4
13 16 4
17 20 9
4 7 3
3 7 5
7 10 3
7 11 2
17 19 7
3 6 5
13 17 7
14 16 2
22 23 6
7 10 5
2 5 1
6 9 9
3 5 8
19 22 6
11 16 4
14 17 3
4 7 2
6 10 3
2 5 5
19 22 9
12 16 4
14 18 5
8 12 9
1 5 2
5 10 5
14 16 7
20 23 9
20 0 9
8 11 4
11 14 4
23 1 9
21 23 9
6 10 2
1 4 4
3 5 7
4 5 6
11 13 9
13 16 2
6 9 4
20 23 9
15 19 4
17 19 7
22 0 1
8 10 9
2 5 5
21 0 7
21 0 9
3 5 5
0 2 9
21 23 1
15 18 4
15 17 8
14 18 1
8 11 4
17 20 4
21 0 3
15 19 8
5 7 8
7 10 9
21 0 3
20 23 1
23 4 9
7 11 4
10 13 1
3 6 1
7 10 3
6 8 6
18 22 8
13 15 9
16 19 9
9 12 5
21 0 9
10 13 7
2 3 9
10 13 7
3 7 1
11 13 6
17 21 2
2 4 5
16 19 4
10 15 9
1 4 6
15 17 4
15 17 7
15 19 5
18 20 6
20 0 8
12 15 4
23 1 9
15 19 1
23 1 7
5 8 5
21 23 9
11 15 7
12 14 2
6 8 1
3 8 7
4 8 8
13 17 2
4 7 1
8 12 2
1 5 2
14 17 6
12 16 9
21 1 9
8 12 8
2 6 9
12 14 5
0 3 4
1 5 4
11 15 3
6 9 6
20 23 8
13 16 3
16 18 4
1 4 7
17 21 6
19 21 2
10 14 3
14 19 9
6 9 9
7 10 9
23 2 8
22 0 1
19 21 5
17 19 6
23 1 5
23 3 5
0 4 9
0 4 9
1 5 4
10 13 2
23 2 4
3 4 1
11 13 2
2 7 1
12 17 4
23 1 9
19 23 2
11 14 2
1 4 5
20 22 8
9 10 2
11 16 2
19 22 7
11 14 9
20 22 5
2 6 2
15 18 6
21 23 8
5 8 5
20 0 6
12 15 8
17 21 6
0 4 6
22 0 6
19 0 9
7 9 5
19 23 8
20 23 9
13 15 5
14 17 9
8 11 5
2 7 1
11 14 8
0 3 1
7 10 9
12 14 5
17 19 2
20 23 6
14 15 4
5 8 3
23 3 2
4 6 3
12 16 8
17 17 2
22 3 9
8 11 1
10 12 2
20 23 1
14 17 9
23 2 9
15 16 2
5 7 8
13 16 8
9 12 2
10 13 5
12 15 6
8 11 3
13 14 8
22 2 7
4 8 9
23 1 4
19 0 4
17 20 6
3 5 2
4 7 6
18 22 1
20 23 3
3 5 1
18 19 3
1 3 5
11 13 5
17 22 1
13 16 4
6 9 9
2 5 7
19 23 4
14 17 8
3 6 1
8 10 9
16 18 8
23 2 6
22 1 9
11 13 9
9 12 5
19 22 4
23 3 7
12 15 8
6 9 4
15 17 2
18 23 4
17 21 4
2 3 6
5 8 2
13 15 2
11 15 1
8 12 5
19 23 5
18 0 5
0 1 7
1 5 3
8 10 8
21 23 3
0 3 3
2 5 5
22 0 5
14 17 5
10 13 8
21 23 9
12 15 5
18 22 7
23 2 6
8 10 9
17 19 7
17 18 3
22 23 8
0 3 1
23 3 3
8 11 5
22 0 7
12 14 8
8 12 8
7 11 2
16 20 8
2 7 3
5 7 4
3 7 6
13 14 6
15 18 4
8 10 3
22 23 8
2 6 7
0 6 5
22 0 3
3 7 9
21 0 2
5 7 9
19 21 5
21 0 1
2 6 8
0 5 7
6 11 7
10 15 4
22 1 4
7 9 5
5 9 1
2 6 4
3 6 4
21 0 9
18 22 4
16 21 8
1 4 7
14 17 3
18 20 1
22 1 3
21 0 5
5 8 3
15 17 1
14 18 8
1 5 2
0 4 8
0 3 6
9 12 4
6 10 1
14 18 3
16 18 3
3 6 7
10 14 4
19 0 4
23 2 3
3 7 2
15 18 1
22 0 6
4 7 7
14 17 5
18 23 9
15 18 2
7 10 4
15 19 6
20 1 2
19 20 9
18 20 6
23 3 5
3 7 5
13 17 5
7 11 5
5 9 3
8 10 1
6 8 2
22 1 9
19 20 2
19 23 6
9 12 4
0 2 7
11 14 9
2 4 4
2 5 4
14 17 9
6 9 2
23 0 5
20 23 8
18 21 1
15 17 5
9 12 7
20 23 1
20 23 5
11 15 9
21 0 5
10 13 2
2 4 2
0 2 8
3 6 7
8 12 2
2 5 6
17 20 6
9 13 6
11 13 4
3 7 4
7 11 9
20 22 4
6 10 1
14 18 1
19 22 3
11 13 8
17 20 6
23 0 4
12 15 9
15 17 5
5 8 4
3 7 6
6 10 4
17 20 1
9 13 6
18 20 6
13 16 5
9 12 5
2 5 7
4 8 6
22 2 3
19 23 2
12 15 3
14 18 6
9 13 4
21 0 7
0 2 5
11 14 2
16 20 6
23 2 6
10 15 3
13 16 2
12 15 8
22 2 7
3 6 4
8 11 3
13 17 6
10 14 4
22 0 4
6 9 4
21 2 9
13 15 3
22 2 9
10 13 2
2 5 7
6 8 3
15 17 8
12 15 9
8 10 5
3 7 1
23 2 3
12 15 2
22 2 4
19 22 5
0 2 7
12 16 8
17 20 4
15 18 1
11 14 2
4 6 7
10 14 5
5 8 2
6 10 7
7 9 2
12 14 2
7 10 6
21 23 1
5 8 3
7 11 9
23 2 6
23 2 2
20 23 7
17 20 1
6 8 4
13 15 6
16 19 8
21 1 3
18 20 1
3 7 3
5 10 4
0 3 2
7 11 2
5 7 7
17 21 7
3 6 8
19 21 1
4 7 7
7 12 6
13 15 6
2 5 3
4 6 1
17 19 3
16 16 8
17 20 7
21 23 1
7 10 7
14 16 7
22 1 5
1 2 6
1 4 7
17 20 4
5 8 7
21 23 3
18 22 9
0 4 8
8 13 8
4 6 3
15 18 7
10 14 4
15 18 3
7 10 1
11 15 4
13 15 6
9 11 7
16 16 4
10 12 1
20 23 1
2 5 4
10 12 9
0 4 5
20 0 6
11 14 2
8 11 3
13 17 8
9 10 7
18 20 5
23 1 3
14 20 7
19 0 9
12 16 8
4 7 8
5 8 8
2 5 5
13 16 4
6 9 2
19 21 1
10 12 7
15 19 6
15 17 9
21 1 6
0 5 3
19 23 8
6 9 8
8 10 8
10 13 6
10 12 3
18 22 2
14 16 8
12 17 8
12 15 9
18 20 3
19 22 4
14 17 7
12 15 2
3 6 3
18 21 3
2 5 5
19 20 9
5 7 9
11 15 4
23 4 7
12 14 5
10 14 8
13 15 2
19 22 3
18 21 1
22 3 9
21 2 7
21 0 2
15 18 9
22 2 3
12 15 8
9 11 5
22 0 2
14 16 6
13 15 3
10 13 7
1 3 7
3 6 7
1 3 4
13 15 3
0 3 7
14 17 1
0 4 8
11 15 8
2 5 7
5 7 5
21 0 8
11 13 4
2 5 9
16 18 7
15 19 6
16 20 8
18 22 8
6 9 8
10 13 8
7 10 7
18 22 3
12 14 3
0 3 5
18 18 7
19 22 8
11 12 9
4 6 4
10 13 3
19 22 3
16 18 9
18 20 7
8 12 9
10 13 7
15 19 4
1 4 8
16 19 7
12 14 8
4 6 8
3 8 7
7 11 9
12 14 8
7 9 9
10 13 9
3 6 6
0 4 2
9 13 2
23 2 3
1 5 4
8 13 3
12 16 6
4 8 9
18 22 6
15 18 4
22 1 1
13 15 6
1 4 1
15 17 2
20 1 8
0 1 8
6 9 6
18 20 2
6 9 6
7 10 1
2 4 7
8 13 5
4 9 3
16 18 2
22 0 1
3 6 7
20 1 8
16 20 8
4 6 6
7 9 8
16 20 7
0 5 8
23 3 6
8 10 9
7 12 4
19 22 7
7 9 7
8 11 3
8 9 6
19 22 8
10 12 6
21 23 4
19 21 4
2 5 8
1 3 4
1 3 2
20 0 6
14 17 3
13 17 6
13 16 4
6 8 5
9 13 1
13 16 7
9 12 3
16 18 5
0 3 8
17 18 8
11 17 2
1 5 6
9 13 7
14 17 6
8 12 2
5 7 9
4 8 6
8 9 5
14 16 2
6 10 8
18 21 2
15 17 5
22 1 7
15 17 7
19 22 8
14 17 4
13 17 7
12 15 3
19 20 8
21 1 7
17 20 6
10 15 7
21 0 7
19 23 2
16 19 9
16 19 5
11 13 4
6 9 4
0 4 9
15 17 9
21 1 4
21 22 6
0 3 2
6 9 6
6 11 9
0 1 9
20 22 1
9 13 5
9 14 9
17 20 6
22 1 9
18 20 9
6 8 7
14 16 8
18 23 6
3 6 9
7 9 3
9 12 2
18 20 5
21 22 3
23 3 3
11 14 6
4 6 8
0 5 2
20 23 4
19 23 4
16 20 1
8 13 6
12 15 2
10 13 3
13 17 3
7 10 1
2 6 9
14 16 6
11 14 2
6 10 2
11 14 1
11 15 4
22 1 6
8 10 5
20 22 1
11 14 5
12 14 2
22 3 6
19 21 1
9 12 7
18 21 8
18 0 5
23 1 3
20 23 8
9 13 9
3 6 5
22 1 8
8 11 2
2 6 7
2 7 4
15 18 3
3 5 3
19 22 6
15 17 5
5 8 8
2 7 5
10 14 1
14 18 8
9 13 8
17 20 6
16 19 6
22 2 9
13 15 5
10 14 4
3 5 6
0 2 1
14 15 4
23 5 1
15 18 3
20 0 8
19 23 7
1 3 5
8 11 2
4 8 6
13 18 8
18 22 3
3 8 5
8 10 1
10 12 1
3 6 5
3 5 5
7 10 2
9 10 3
20 21 2
16 19 1
9 12 2
20 1 1
1 4 6
19 22 4
18 22 7
5 8 9
0 3 9
14 15 6
20 22 3
6 10 7
15 16 4
7 11 8
6 9 7
18 21 8
20 1 5
0 3 5
19 21 6
13 16 3
19 23 4
8 11 4
7 12 3
3 6 7
7 10 4
2 5 4
4 7 5
15 18 8
0 2 8
22 0 7
22 1 4
10 12 1
3 7 5
15 18 9
16 17 4
14 16 4
17 22 7
23 4 5
14 16 4
3 6 4
23 3 7
10 14 9
10 13 3
8 11 5
16 18 3
13 16 2
1 5 2
17 20 4
4 7 1
12 15 1
7 10 9
17 20 8
4 8 7
6 10 5
23 0 1
11 12 6
10 14 4
22 2 4
7 11 7
1 4 6
14 17 9
1 6 7
2 5 7
11 13 5
9 13 6
15 18 1
1 4 5
5 7 8
15 18 1
9 13 4
7 11 7
15 19 9
12 15 7
3 5 1
4 8 7
4 9 3
7 11 5
12 15 2
23 3 9
5 9 2
0 2 2
8 14 3
13 14 3
8 10 3
15 18 1
10 13 1
18 22 8
16 19 4
11 14 9
18 21 8
13 17 4
0 4 3
15 17 6
3 6 7
0 3 3
4 8 7
12 13 8
4 8 4
20 21 4
14 17 5
4 10 9
7 11 5
7 11 4
21 23 5
3 5 7
15 17 4
7 10 9
19 22 3
1 3 6
8 11 1
14 18 7
3 6 9
17 21 3
10 12 8
13 15 9
17 20 1
20 21 9
4 6 9
11 14 8
1 3 2
22 1 1
19 23 5
15 18 2
5 8 8
22 1 3
22 2 6
17 21 8
14 16 7
7 8 5
10 14 4
1 6 4
22 23 6
15 17 3
14 17 8
12 15 7
17 20 7
6 8 8
8 11 8
16 19 5
13 16 4
6 8 4
16 18 7
14 17 5
22 1 1
21 0 3
12 15 8
16 19 5
8 11 9
12 16 6
18 20 8
10 14 3
21 0 5
3 6 1
1 4 1
12 16 3
2 5 9
23 4 8
15 18 1
8 11 9
23 2 2
7 10 9
12 14 6
11 14 1
14 17 5
6 8 5
10 12 3
1 4 3
12 14 8
18 20 6
1 5 4
0 2 8
0 3 7
0 4 9
3 6 9
14 18 1
3 6 7
10 12 7
20 22 6
20 22 1
13 16 9
15 18 2
23 2 5
1 4 8
9 12 9
19 22 3
0 3 2
14 17 8
5 9 8
6 11 1
13 17 4
0 3 9
7 12 3
14 18 9
10 13 3
21 0 5
20 0 7
14 17 4
10 12 5
11 13 2
23 2 4
15 19 8
20 22 5
17 21 3
22 2 1
19 23 1
6 7 7
12 14 6
23 4 1
12 15 9
18 21 7
4 8 6
18 22 3
8 10 6
5 7 4
9 10 7
0 3 5
10 12 5
20 23 3
0 3 8
1 4 8
7 9 7
18 20 8
0 3 8
17 21 6
0 3 9
7 9 6
17 19 2
0 4 7
11 14 7
12 16 1
3 6 7
20 23 2
3 7 8
22 2 5
9 11 1
0 3 8
12 13 3
14 16 8
13 17 6
3 7 2
14 17 4
21 0 2
21 22 9
7 10 2
12 15 3
19 21 5
14 17 8
18 22 1
7 10 4
4 8 8
15 17 4
20 21 6
23 2 8
2 4 8
22 2 2
4 7 1
5 10 7
3 7 7
12 14 3
19 23 6
19 21 2
1 5 6
15 18 5
22 2 9
3 7 7
16 18 6
7 11 3
18 20 9
6 9 6
3 7 9
21 0 7
9 13 1
6 10 6
23 1 6
17 21 6
6 10 4
2 4 5
7 11 4
18 21 4
22 2 1
13 15 3
12 16 3
6 9 4
20 23 1
9 12 9
16 20 1
16 20 5
9 13 6
12 14 1
4 8 8
2 7 9
14 18 9
20 0 3
3 6 8
21 0 9
12 14 2
1 6 8
22 1 5
16 19 5
17 20 1
8 11 2
12 15 5
2 4 7
6 8 3
6 9 2
11 13 8
13 16 7
19 21 3
5 7 2
5 7 6
11 14 2
5 8 6
8 11 4
17 19 8
19 0 3
5 8 1
21 23 5
18 19 3
2 7 9
8 10 2
20 23 4
3 6 7
6 9 9
9 12 2
18 21 4
21 1 2
7 11 2
22 1 5
2 5 4
19 22 3
11 14 5
9 12 7
4 6 8
3 6 1
18 22 6
5 9 4
10 11 8
0 5 7
1 6 3
18 21 6
7 10 2
8 10 7
1 5 6
18 21 9
16 20 6
13 16 6
21 1 7
19 23 9
4 9 9
6 7 6
21 1 4
3 7 5
9 11 8
7 10 9
2 3 7
12 15 3
8 10 8
10 11 4
11 14 8
17 19 7
14 19 5
18 21 6
14 17 6
15 19 1
0 4 3
2 4 4
4 7 7
18 22 9
19 23 9
8 11 8
15 18 9
12 16 9
19 22 8
7 8 6
21 0 7
21 1 3
16 20 5
5 8 4
14 16 2
16 19 2
2 1 7
14 17 9
2 6 3
6 9 5
6 10 3
15 18 4
9 11 3
18 20 2
9 12 6
23 2 9
22 0 8
12 16 2
18 21 2
13 16 1
20 0 6
2 6 1
19 22 6
23 1 2
0 3 1
9 12 7
3 5 5
1 4 6
17 20 7
6 8 2
17 19 8
7 10 1
16 18 8
6 11 3
12 15 9
2 5 3
10 10 1
15 18 9
9 10 6
22 1 4
19 1 2
17 20 7
10 14 1
12 16 8
21 22 4
16 20 2
1 4 8
3 7 8
20 0 9
17 21 9
17 19 4
22 1 6
16 19 8
21 23 1
22 2 3
0 2 5
7 10 6
8 10 9
9 13 1
17 19 5
21 0 9
21 1 2
15 18 9
8 12 8
6 11 6
11 13 5
0 3 8
23 1 8
19 21 3
21 0 3
13 15 5
7 12 1
6 9 6
14 17 2
4 8 5
23 2 3
7 10 3
7 10 3
22 1 7
19 22 4
0 2 8
15 17 1
18 20 5
23 2 1
6 10 8
9 13 5
21 23 2
0 3 3
3 6 7
14 17 2
2 5 4
15 18 9
14 16 9
14 18 4
20 1 2
22 2 9
15 19 2
10 11 6
10 15 1
2 2 2
18 19 7
22 1 7
8 11 1
3 6 4
20 0 8
11 14 8
4 7 8
18 19 9
16 20 2
14 18 2
20 0 1
11 12 7
15 18 9
22 0 5
13 15 7
17 21 9
22 1 6
6 9 3
12 15 4
12 14 4
5 7 5
12 14 9
14 16 5
15 18 3
0 3 7
8 11 1
23 3 4
17 19 6
1 2 1
8 9 9
15 18 1
22 0 4
8 11 5
1 5 9
20 22 7
23 1 8
23 2 1
15 16 7
19 23 1
17 19 5
13 17 2
13 17 2
4 8 8
19 21 3
15 19 9
5 9 9
0 2 3
13 17 6
4 6 1
4 8 4
14 14 4
11 15 6
10 13 3
20 23 8
1 5 3
1 3 3
11 13 2
7 9 2
9 10 9
3 7 7
12 14 8
12 14 1
23 3 1
3 6 1
8 11 1
4 7 3
20 21 2
8 12 8
10 13 5
22 0 7
19 22 3
16 17 1
3 7 6
16 20 6
9 10 3
2 6 5
21 0 4
3 5 9
8 12 7
9 12 5
10 13 2
23 3 2
11 15 1
17 19 7
12 14 9
17 20 4
17 19 3
7 11 8
12 13 2
23 2 4
1 5 1
3 5 8
17 20 5
14 17 3
18 21 9
20 22 6
18 21 8
17 18 3
12 13 9
2 7 1
19 21 5
14 18 1
1 4 6
2 4 3
16 18 3
6 8 7
11 13 7
20 23 1
2 4 3
12 14 1
13 16 4
13 17 1
6 8 9
2 6 8
20 0 3
6 10 8
8 11 3
0 3 3
18 18 3
21 23 2
0 3 3
10 13 4
11 14 1
18 21 5
10 12 5
15 17 7
9 10 2
21 0 8
4 6 1
23 1 4
13 17 4
1 3 6
16 18 2
1 4 8
18 21 7
9 12 6
9 13 6
1 4 5
22 0 7
17 21 3
3 6 7
4 6 7
8 10 1
20 0 7
10 12 8
13 16 3
