450 19
3 8 6 10 10 10 7 6 3 7 8 9 7 4 5 3 3 3 10 
15 17 9
9 13 2
18 22 9
14 18 16
14 15 7
9 12 16
23 1 1
9 12 7
23 2 4
11 15 4
7 8 9
16 21 7
14 18 8
12 16 6
9 10 5
20 23 9
21 0 12
7 9 3
6 10 11
4 6 14
12 14 17
20 22 14
5 8 12
7 10 4
19 21 9
12 15 11
8 12 19
6 9 16
23 3 1
15 18 3
11 14 2
6 9 1
7 10 5
8 11 13
10 14 14
6 10 9
5 8 5
20 0 13
3 7 13
20 23 6
7 11 8
0 3 17
6 7 18
2 3 5
13 16 7
20 22 18
21 1 2
21 0 12
19 23 6
10 15 12
9 12 11
6 8 3
18 20 11
1 4 17
0 6 6
7 9 7
5 8 8
4 8 13
1 4 6
12 15 18
17 20 16
0 3 10
22 1 19
3 7 19
19 0 18
16 19 17
3 7 1
18 21 10
8 11 18
10 15 14
23 3 18
16 18 12
2 6 10
17 18 1
14 15 9
5 8 9
16 19 8
11 14 8
4 7 8
13 14 18
5 7 19
16 21 6
13 17 9
4 6 19
1 4 4
22 2 10
0 0 4
1 4 3
0 2 14
23 2 8
0 3 7
0 3 3
22 1 11
2 6 4
11 13 18
6 10 10
9 12 12
4 8 18
17 19 19
21 1 6
8 12 17
19 21 12
19 19 10
9 13 6
1 2 19
17 22 11
15 17 4
0 1 17
21 0 1
0 4 19
18 23 16
0 4 19
5 9 5
1 4 5
20 22 7
16 19 12
6 9 3
14 17 16
0 2 3
0 2 13
6 11 10
20 21 6
14 17 5
5 8 9
15 18 19
5 9 8
18 21 7
19 23 13
20 23 12
21 0 7
17 20 2
21 0 1
15 17 13
14 16 7
17 20 1
15 18 13
12 15 7
8 11 5
13 18 9
11 14 8
17 20 15
1 5 6
12 14 7
10 12 10
6 9 14
14 17 14
6 10 18
10 14 9
14 16 11
3 5 8
2 5 9
11 13 17
17 20 18
15 19 15
8 13 13
10 15 11
7 10 3
15 17 15
4 6 18
4 8 3
13 16 13
12 14 16
15 19 10
14 16 17
3 6 8
16 19 16
12 16 11
20 23 19
12 14 16
22 0 2
9 12 2
10 14 8
2 4 2
23 2 4
2 6 14
0 2 6
18 20 13
2 5 3
0 3 8
17 19 8
1 3 18
8 11 10
14 15 11
13 16 4
6 8 9
4 7 1
4 7 4
11 13 6
2 5 15
17 20 12
6 9 9
5 9 1
7 10 1
21 0 11
16 20 5
12 15 5
7 10 4
21 1 14
6 9 7
16 18 8
21 1 14
15 20 11
14 16 6
5 9 18
4 8 3
16 18 4
2 4 16
2 5 8
1 6 19
4 7 3
21 23 10
6 11 17
19 22 16
0 4 17
17 19 11
10 13 14
12 16 1
9 11 2
14 16 2
6 9 17
10 15 4
12 15 4
22 1 7
2 6 12
20 0 3
8 11 1
22 2 14
0 5 1
7 9 18
9 11 16
12 13 14
13 16 9
15 18 11
3 6 11
6 9 7
12 14 2
13 16 6
10 14 10
16 19 8
7 10 11
22 0 19
16 20 9
11 15 1
2 4 12
8 9 18
4 7 19
8 12 5
14 18 10
18 0 4
18 23 18
2 6 17
1 5 6
14 16 3
11 14 1
18 20 13
2 4 13
12 16 8
14 14 18
23 2 18
18 20 2
13 17 9
18 21 13
3 6 14
19 21 11
20 0 5
6 9 19
23 3 6
21 0 8
14 17 12
3 7 5
9 13 4
4 6 9
12 14 10
5 8 11
6 10 13
17 20 1
18 23 4
7 8 8
1 4 14
0 4 5
7 12 7
19 21 19
11 14 19
21 0 13
16 18 9
21 0 2
13 17 2
18 22 10
19 23 15
6 11 5
11 15 18
20 0 10
1 3 9
5 8 15
7 9 7
7 10 19
2 6 3
3 7 7
18 22 19
12 14 18
18 22 4
23 2 14
7 11 19
21 0 1
13 17 14
6 8 18
6 12 4
19 0 7
3 7 7
1 4 3
4 8 11
6 9 15
7 9 6
11 13 19
14 16 17
2 5 14
17 21 7
12 15 1
22 1 8
18 21 6
6 8 2
22 0 11
15 18 14
11 14 4
12 16 8
21 23 9
6 10 11
1 3 2
20 23 17
1 3 9
21 0 15
17 19 10
20 0 7
8 9 12
8 10 14
2 4 11
3 6 2
17 21 6
9 12 10
0 3 2
15 18 9
9 16 1
20 22 12
3 4 13
21 1 4
23 1 4
19 22 18
14 16 15
5 7 11
12 14 10
16 19 19
6 9 17
10 13 6
12 16 3
21 22 15
17 21 2
4 8 1
14 17 1
7 10 5
7 11 5
2 5 14
7 9 2
0 4 16
22 1 14
13 16 6
4 6 3
20 0 16
9 11 9
0 3 2
18 21 14
14 18 5
16 19 1
12 15 14
18 22 5
14 16 3
5 8 2
18 21 14
23 3 12
6 8 1
20 23 13
5 9 12
18 19 3
16 18 3
13 17 5
1 4 5
11 14 15
8 13 8
2 7 8
20 0 2
19 23 12
7 11 1
17 19 7
9 12 8
22 0 2
9 12 8
4 7 1
2 6 13
2 5 8
22 1 13
1 5 5
20 0 12
0 4 16
23 0 16
6 9 9
17 21 12
0 4 1
15 18 19
1 6 12
14 17 16
8 13 9
14 17 19
21 23 19
18 22 2
21 0 19
10 12 17
15 20 8
5 9 18
17 19 16
15 17 12
23 2 2
18 21 11
21 2 19
9 11 12
4 7 14
7 9 12
16 19 18
13 16 15
5 9 9
17 19 17
21 21 1
19 22 9
4 8 7
21 2 1
9 11 4
8 10 10
10 13 15
15 20 10
14 16 18
10 12 16
7 10 16
3 6 12
20 23 13
8 9 11
16 20 5
17 21 4
19 22 6
17 21 10
4 7 13
8 10 17
11 16 6
