500 8
7 4 3 9 8 6 4 10 
0 3 5
20 23 1
9 12 6
16 19 5
3 7 4
16 18 3
20 20 5
12 16 2
17 22 4
10 11 5
19 21 8
6 10 1
19 22 6
15 18 8
6 9 8
15 16 2
15 16 3
13 18 6
0 2 4
4 6 6
21 0 3
16 20 2
15 17 3
9 14 5
20 22 3
2 6 2
2 4 6
13 16 1
19 23 2
15 16 8
20 22 4
23 2 6
8 9 3
9 13 1
9 12 5
11 14 3
23 1 6
19 23 6
7 9 3
2 5 6
22 0 8
17 20 2
9 12 2
4 5 3
9 12 8
23 3 1
13 17 4
7 9 8
19 21 3
6 8 5
12 14 4
20 21 6
21 23 1
13 16 6
16 20 2
12 16 7
22 0 5
3 5 2
22 2 3
10 13 7
6 8 2
14 18 3
20 23 2
15 17 2
18 20 6
21 0 3
0 4 5
21 23 1
1 4 5
17 20 2
4 9 8
11 14 8
21 0 3
6 9 5
23 1 3
6 9 2
16 19 8
3 7 4
13 15 8
6 11 2
12 15 6
15 19 6
21 22 8
13 16 1
10 14 4
23 1 1
1 4 3
6 10 7
15 18 6
10 12 8
16 19 6
3 6 7
17 19 4
18 21 3
3 5 7
14 16 2
10 14 5
16 20 3
2 5 5
10 13 7
13 15 1
14 17 1
3 4 5
16 17 5
13 16 2
1 3 3
21 0 7
9 13 6
13 17 6
22 0 3
9 13 5
8 11 1
4 7 3
9 12 2
11 13 1
4 7 5
23 4 1
20 23 6
11 15 8
9 12 7
14 18 3
9 11 8
13 16 1
18 19 4
16 20 2
16 21 8
13 17 6
11 14 4
13 18 2
14 17 5
2 6 6
14 17 8
4 8 4
0 3 6
20 22 2
11 15 7
14 15 6
21 23 7
21 23 6
9 11 7
6 9 5
21 0 3
0 3 2
0 2 8
17 19 3
6 9 4
18 22 2
23 1 4
9 14 2
17 20 6
15 16 2
22 2 1
22 1 5
6 8 2
10 14 5
1 7 5
5 9 1
7 9 7
9 12 2
7 12 8
16 19 2
16 20 2
6 8 7
7 10 8
10 12 7
21 1 7
15 17 7
17 19 3
4 6 3
13 16 5
0 3 8
1 5 3
22 1 1
14 18 4
9 12 6
23 2 6
22 0 4
1 4 7
8 13 5
3 5 4
1 5 1
23 3 8
9 12 6
20 23 1
8 11 4
19 23 1
16 19 1
1 4 4
3 5 2
12 15 2
11 13 6
6 8 2
20 22 4
16 18 8
6 9 7
19 0 2
2 6 7
10 14 8
6 9 2
5 10 6
17 22 7
11 14 7
4 6 8
17 21 7
10 13 7
15 18 6
3 8 5
18 20 5
3 7 5
4 5 6
0 3 3
3 6 8
9 11 5
5 8 7
13 17 2
6 8 2
3 4 5
22 2 4
19 23 6
20 22 6
5 8 6
21 23 2
12 15 3
19 23 2
14 17 5
23 2 3
5 8 2
7 10 5
3 5 6
10 14 5
19 21 8
6 9 5
6 10 6
14 16 3
22 2 1
0 4 8
9 13 1
6 9 2
14 18 3
10 14 1
9 13 2
23 2 7
9 11 2
17 20 8
22 0 8
16 19 3
20 23 2
0 3 3
14 17 1
23 1 4
19 23 6
7 9 2
19 23 3
10 13 2
11 15 4
22 2 6
3 4 3
18 21 6
16 19 8
23 3 7
17 21 3
14 19 2
16 18 1
10 14 3
15 18 8
14 18 8
3 7 5
5 8 3
18 21 6
1 2 3
15 16 5
2 5 1
11 14 2
22 1 7
16 20 4
15 18 3
7 11 4
10 13 7
11 15 3
12 16 1
10 13 2
1 4 3
22 1 7
15 17 4
4 7 7
10 15 2
10 13 3
12 14 7
22 0 4
16 19 5
0 2 2
21 0 4
10 12 3
7 8 1
5 10 2
21 1 3
19 22 1
1 5 1
4 8 8
13 14 8
8 12 8
6 9 8
3 7 5
10 12 2
1 3 1
3 5 6
9 11 6
14 17 4
16 18 1
3 6 1
16 18 1
3 6 1
7 12 7
9 12 4
2 5 1
18 20 2
19 22 4
5 7 3
16 18 2
15 18 3
21 0 6
16 19 5
17 20 4
6 10 1
20 1 8
16 19 4
11 15 5
10 12 7
6 9 8
7 9 2
23 3 8
11 14 7
5 8 7
8 11 1
21 0 5
15 17 8
17 21 7
9 12 6
3 8 4
11 15 6
0 1 2
16 18 2
23 2 8
17 21 6
20 22 8
3 7 8
12 13 3
12 14 3
0 2 3
8 12 3
3 4 7
11 13 5
12 16 6
22 2 2
13 16 6
22 2 5
2 5 4
18 21 5
23 2 3
22 3 5
13 16 5
12 16 4
10 12 1
9 12 2
5 8 8
20 0 7
4 6 2
19 22 7
10 12 3
12 14 2
9 11 2
17 22 6
18 22 4
15 20 2
16 22 4
17 19 6
13 15 6
22 0 5
2 4 7
10 13 6
8 11 2
7 11 2
19 23 6
3 6 6
13 16 6
15 18 2
1 5 5
13 16 1
20 22 2
11 13 8
15 18 3
15 17 6
1 5 2
15 17 6
0 3 7
17 20 1
5 8 7
11 14 5
2 5 8
23 2 1
3 8 8
23 0 2
20 23 5
8 9 7
9 10 1
4 9 8
4 6 5
14 17 4
11 13 2
1 5 6
8 9 7
21 0 4
17 20 7
0 3 8
22 1 6
20 0 7
17 21 5
22 0 8
4 6 4
1 5 1
1 5 7
7 9 6
19 23 6
12 16 7
2 4 7
12 14 5
22 1 7
3 4 2
16 19 8
11 14 8
1 4 5
21 0 8
13 17 6
4 8 3
11 14 6
17 19 3
20 0 4
10 13 5
22 1 2
23 3 4
18 20 5
4 5 8
9 11 7
15 20 4
0 4 3
21 0 6
23 2 3
1 4 2
0 2 4
2 7 1
3 4 5
23 2 4
15 19 7
1 5 3
13 16 7
20 1 1
12 15 5
11 14 3
11 12 6
19 22 1
15 18 2
0 1 5
6 10 8
5 7 6
19 21 1
11 14 6
7 12 8
4 6 3
15 17 5
23 2 1
16 18 4
0 2 8
6 8 7
16 16 2
1 5 8
9 11 2
14 17 3
17 19 5
6 8 8
22 2 3
1 6 8
4 8 1
3 6 6
7 10 1
11 13 7
9 13 1
18 22 8
8 11 4
11 14 1
1 5 1
19 22 4
7 9 6
13 18 2
0 2 5
12 14 2
6 7 8
21 0 6
17 21 8
0 2 7
4 8 7
