100 13
6 8 5 7 3 7 7 4 7 10 6 2 9 
7 10 5
5 8 4
21 23 11
2 4 4
23 2 3
7 10 4
11 12 9
9 11 10
3 7 10
12 14 7
14 17 12
7 7 1
21 1 4
7 10 1
16 19 3
21 0 13
5 7 2
0 4 8
8 12 13
21 22 13
9 14 4
5 8 6
8 10 11
15 17 9
17 20 2
12 16 1
11 13 7
16 20 5
17 19 6
6 7 10
16 17 6
13 15 9
14 16 2
23 2 2
11 14 8
2 6 9
6 9 1
8 10 11
6 8 10
21 0 12
6 9 5
14 17 4
11 13 7
20 23 5
7 9 2
23 3 7
4 7 9
17 19 9
1 4 6
5 8 2
3 6 3
22 0 4
4 8 9
10 11 1
10 14 5
11 15 1
3 5 7
17 20 10
10 12 10
16 19 6
0 4 4
7 8 11
19 23 7
2 3 11
21 23 13
16 18 7
1 5 6
16 19 3
0 3 8
8 10 8
11 13 3
4 8 6
14 17 9
3 8 5
20 22 2
0 3 11
16 20 1
9 11 1
6 7 8
1 5 12
10 12 2
11 14 4
11 14 12
19 22 2
12 14 3
17 20 3
9 10 1
20 0 12
22 0 12
9 11 11
23 3 10
1 4 4
20 23 6
4 7 5
15 18 11
5 8 3
9 12 1
23 1 5
0 4 4
10 13 3
