1350 10
2 5 2 4 7 5 8 3 10 3 
14 17 1
23 2 9
20 22 5
0 4 1
2 5 10
10 12 4
14 17 2
20 22 7
20 22 3
17 18 10
9 10 3
1 2 5
8 10 10
16 18 3
21 23 9
21 0 9
15 18 10
14 17 10
6 9 6
21 23 3
5 8 1
23 3 2
2 5 2
8 11 1
9 13 5
7 10 3
0 3 8
6 7 5
8 12 6
16 20 9
17 20 5
4 6 9
19 23 7
13 16 3
19 22 10
22 1 8
0 4 10
21 22 2
7 11 8
3 6 9
23 2 6
9 13 4
21 0 1
4 7 8
21 2 9
4 6 9
11 14 4
19 23 5
11 16 6
1 3 3
20 23 1
21 23 9
12 14 1
20 23 4
16 19 3
19 22 7
21 2 4
10 14 7
8 10 9
20 23 5
3 8 9
21 0 2
18 21 4
12 16 8
0 2 4
3 7 5
1 3 8
13 16 1
6 9 3
22 2 7
19 0 4
5 8 4
21 23 4
15 19 5
17 20 1
15 17 3
2 4 7
2 6 2
17 22 5
11 14 9
20 0 2
9 11 10
21 23 10
5 8 10
20 22 4
20 22 10
8 11 4
6 8 10
22 0 2
23 3 6
12 15 5
9 11 2
15 17 2
5 8 3
18 22 8
18 20 3
16 20 5
11 15 8
10 12 5
2 5 10
2 7 8
23 2 7
0 3 7
13 16 1
1 5 10
14 17 9
3 5 1
18 20 2
1 4 1
12 14 5
6 10 7
5 9 1
10 12 3
14 18 3
0 5 10
18 21 8
7 10 4
17 21 4
5 7 9
17 19 7
6 8 3
22 2 1
11 13 1
16 19 3
18 19 8
22 1 4
4 8 1
0 3 6
11 15 5
3 5 8
19 21 10
10 12 2
1 5 10
7 9 7
8 9 5
13 14 3
1 2 9
15 17 1
20 22 9
5 8 10
17 21 1
11 13 8
18 22 5
21 0 9
3 7 7
0 3 9
22 0 8
11 15 6
4 8 2
2 5 6
11 15 2
14 19 1
19 20 8
21 0 2
5 9 2
23 1 9
14 15 10
1 4 10
8 12 1
9 13 5
19 20 10
21 23 6
16 20 7
9 15 4
14 15 6
13 18 4
21 1 3
2 4 5
11 14 3
14 17 7
3 6 1
13 15 8
12 13 2
14 17 7
9 12 6
0 2 3
8 13 10
16 19 1
12 17 5
19 20 6
20 23 7
12 15 10
2 3 6
16 19 3
8 11 3
6 8 4
3 7 8
19 23 7
6 10 10
11 14 1
3 5 2
3 6 1
10 13 1
7 10 3
3 6 9
12 14 10
4 7 10
11 13 4
15 19 7
15 18 3
11 14 5
7 9 1
20 23 6
0 2 6
8 11 2
16 18 9
14 17 5
6 10 6
18 23 4
9 12 7
21 1 9
20 23 7
16 19 3
4 8 8
19 0 5
2 3 3
13 16 3
20 23 1
15 17 1
5 8 4
10 13 1
21 0 7
16 20 2
7 9 3
22 1 3
7 9 8
19 22 10
22 1 9
15 19 5
4 6 3
7 8 9
23 1 1
19 0 2
18 22 2
18 19 8
11 15 7
10 13 4
22 23 1
2 7 10
9 12 4
3 6 2
17 20 1
10 14 7
15 18 7
11 13 10
23 3 6
18 21 6
11 15 3
23 2 5
7 9 10
5 9 6
3 6 9
3 5 5
14 19 8
18 20 7
6 8 8
9 14 1
10 14 7
23 1 6
19 20 8
13 17 6
9 11 1
12 17 3
4 7 5
8 11 2
15 16 1
9 12 2
17 20 7
14 18 10
15 18 7
21 1 2
11 14 9
11 14 6
19 0 1
22 1 2
15 17 6
15 17 10
18 23 1
11 14 10
10 13 10
14 17 3
15 16 10
11 13 8
8 12 5
4 7 9
7 9 8
6 9 3
15 17 7
22 23 1
20 23 2
20 22 8
3 7 4
3 8 6
23 4 1
12 14 1
12 16 6
19 23 7
2 7 7
5 8 6
20 22 2
15 20 10
7 7 1
16 18 10
5 7 3
22 1 10
8 12 2
5 8 3
15 17 5
12 17 5
22 0 10
20 22 8
20 23 2
1 4 9
16 17 7
2 6 8
7 9 1
13 17 3
2 5 1
8 12 8
18 21 6
14 17 3
4 7 5
11 15 9
8 11 5
9 13 10
5 8 6
10 13 1
0 3 2
19 21 9
14 19 4
2 6 1
11 14 6
2 5 6
9 13 3
6 9 2
5 8 1
17 19 3
7 9 10
3 8 3
21 21 10
6 9 9
11 15 2
10 13 5
7 9 7
21 1 1
11 14 3
18 21 5
23 2 1
21 0 2
20 23 2
11 13 10
3 5 8
16 18 10
6 10 4
2 4 10
2 6 8
7 10 7
6 9 5
1 4 8
13 15 9
8 10 9
8 11 9
2 5 6
5 10 5
5 8 8
10 14 7
21 1 6
21 1 3
0 3 6
7 9 7
12 16 2
19 0 2
11 14 2
15 17 2
21 1 8
21 1 6
17 18 5
15 19 6
17 19 2
0 2 1
16 20 6
14 17 7
20 23 10
1 5 9
4 7 2
20 23 4
21 1 7
3 6 8
21 21 7
20 20 5
2 5 8
10 12 2
3 8 10
20 22 3
17 20 4
7 10 5
9 11 7
19 23 7
3 7 2
3 6 7
16 18 7
13 15 9
11 12 8
9 13 8
11 14 7
3 6 3
4 6 8
10 13 8
11 15 1
3 7 6
9 11 4
15 18 8
15 19 4
22 2 1
10 14 6
5 7 8
2 4 8
23 2 9
10 13 8
23 1 5
22 23 7
2 5 7
7 10 7
2 4 9
17 20 3
21 0 1
2 5 10
16 19 1
18 21 1
4 8 4
8 10 3
14 17 4
7 12 4
13 15 4
6 10 9
7 9 10
13 17 3
15 17 9
8 9 1
8 11 3
18 22 7
7 11 9
19 23 3
2 6 8
6 9 9
0 4 3
9 11 9
18 21 3
22 1 6
6 9 7
5 7 1
10 13 10
7 9 5
15 18 3
5 7 6
18 21 6
3 6 4
20 23 7
14 16 9
21 0 9
23 0 7
6 9 8
23 2 5
11 14 5
18 21 1
4 9 3
9 13 2
4 5 3
12 15 4
22 1 4
19 23 10
5 8 10
16 18 2
16 19 1
19 22 4
11 14 7
21 0 10
15 19 5
10 14 2
14 17 8
23 2 6
17 19 4
17 21 7
3 6 3
2 4 1
10 12 10
12 14 3
3 5 1
9 12 10
12 15 2
1 4 8
23 3 4
13 15 9
7 11 9
1 4 3
6 9 7
23 1 4
7 11 6
11 14 5
17 20 8
13 16 10
5 7 9
23 2 5
10 12 3
1 5 1
13 16 4
19 21 3
0 3 5
10 13 3
11 14 3
21 23 9
4 5 6
12 14 9
3 5 4
9 11 9
2 3 3
23 1 10
11 12 9
11 16 7
19 21 4
0 2 6
7 9 1
13 17 1
11 12 4
19 21 5
22 0 2
0 2 9
19 22 3
15 19 2
15 19 3
0 3 1
16 19 7
9 11 8
23 5 2
22 0 5
12 15 6
13 17 2
2 5 1
9 10 1
20 23 5
4 8 3
0 3 8
9 13 1
0 4 6
17 20 7
16 18 1
13 15 2
19 23 10
2 5 4
13 15 5
12 15 1
21 0 6
0 4 8
11 14 7
5 8 2
7 10 2
7 9 8
23 2 9
1 5 1
17 21 2
5 8 4
5 7 8
14 19 9
15 18 10
15 19 4
21 22 4
16 17 5
17 21 3
20 0 6
3 6 6
18 22 10
22 0 1
22 2 3
15 17 4
8 12 9
20 22 8
0 3 7
12 15 6
4 7 3
7 9 6
16 19 7
7 11 3
12 15 4
6 10 2
1 5 3
8 9 6
18 21 7
1 5 6
2 5 2
21 0 7
12 16 4
3 7 7
11 14 9
2 7 5
19 22 4
0 2 4
12 13 1
4 7 9
4 8 9
1 5 9
2 5 10
21 0 6
20 21 10
11 14 4
6 10 6
11 14 9
17 20 9
1 4 1
5 8 4
8 10 10
13 14 7
12 15 5
22 1 2
0 2 5
4 7 1
15 20 1
9 13 8
12 13 2
19 22 4
15 18 4
15 17 6
3 5 9
17 20 9
15 19 7
13 14 10
11 13 7
22 0 10
17 21 9
19 23 6
2 6 10
10 14 7
8 10 3
8 10 7
18 0 1
18 21 2
13 16 5
1 4 1
11 15 8
4 7 6
14 17 7
22 3 8
23 4 4
9 10 4
7 10 1
18 20 1
7 10 9
8 9 7
4 6 9
21 23 3
20 22 2
6 10 6
9 11 7
14 19 5
9 12 4
8 10 3
13 16 2
10 13 7
0 5 9
13 17 10
8 11 4
6 9 1
5 9 9
18 21 2
1 3 9
9 11 7
7 9 7
21 0 6
11 14 8
8 11 8
0 4 3
13 15 3
7 10 5
22 1 5
20 23 1
17 21 8
11 13 4
21 23 7
4 6 3
10 13 10
7 8 8
15 18 6
17 20 5
8 9 6
1 4 1
17 21 8
17 20 7
6 7 6
21 23 4
10 11 2
19 23 6
18 21 7
0 4 4
14 16 6
9 13 6
2 5 2
3 6 4
5 8 2
14 17 4
18 20 6
9 13 2
21 23 7
18 22 10
19 22 4
16 19 2
0 2 1
0 4 5
5 8 5
12 16 7
22 0 2
5 8 3
12 14 10
14 17 4
21 1 8
4 9 2
1 4 7
7 11 7
4 8 10
7 10 9
12 15 4
13 16 8
6 9 10
18 21 8
7 8 7
21 1 6
15 18 3
5 9 6
15 16 1
10 14 5
15 18 10
14 16 8
10 14 3
13 15 8
10 14 3
14 17 9
12 16 6
3 5 1
22 1 9
1 3 3
19 23 8
7 11 2
15 18 5
21 1 1
0 3 4
14 18 8
21 23 3
18 22 9
8 11 6
8 12 7
18 21 1
7 11 8
13 16 9
23 3 2
5 8 2
3 6 5
5 7 6
14 16 8
18 22 7
8 12 8
14 17 10
14 17 9
8 13 1
20 0 8
16 19 10
9 11 3
22 2 8
14 18 6
16 19 9
7 11 2
21 0 6
3 6 3
9 11 6
6 9 1
7 9 9
11 14 9
9 12 3
11 13 6
11 13 10
18 20 7
11 14 3
1 4 3
16 19 6
7 10 3
9 12 9
10 14 8
20 22 9
17 19 4
15 17 6
21 0 1
3 5 6
21 1 5
19 21 8
13 17 3
11 14 9
11 14 1
13 13 5
10 15 5
0 3 4
5 9 6
12 16 7
21 1 3
6 10 10
4 7 9
3 4 5
14 17 1
9 14 5
9 13 10
17 20 6
5 8 8
16 19 9
20 23 5
13 16 5
1 5 1
12 16 2
22 0 7
23 1 3
18 22 8
16 19 5
17 20 10
0 4 4
19 0 7
7 11 3
0 1 5
23 4 5
11 13 6
15 20 2
5 8 1
14 16 8
2 6 4
21 0 9
17 21 5
17 18 9
20 22 1
12 14 5
6 10 4
14 16 9
22 23 5
16 18 7
22 0 9
7 12 8
8 13 1
23 2 3
8 10 10
17 21 9
10 13 4
15 17 6
0 2 9
13 16 10
16 19 8
10 11 3
0 3 8
16 19 4
13 16 8
21 1 5
10 15 3
19 22 4
13 15 2
2 5 3
19 23 7
19 22 7
6 7 3
9 12 5
15 16 1
22 1 9
5 7 6
23 2 5
15 21 10
16 17 7
17 20 4
13 15 7
13 14 8
4 8 1
23 3 4
5 7 6
10 14 1
22 0 2
3 6 7
2 3 9
9 13 1
14 16 6
5 10 2
5 9 3
23 3 9
6 9 7
6 9 6
12 16 4
18 21 6
11 14 8
11 14 6
18 20 6
8 12 2
6 8 7
19 23 7
9 12 6
19 21 2
14 15 6
16 18 7
20 0 4
14 16 8
7 11 1
4 6 1
10 14 3
23 23 7
19 22 7
16 21 10
17 19 8
23 0 5
0 4 6
12 14 8
12 15 10
22 1 5
13 15 1
12 17 1
21 0 9
17 21 7
6 9 2
3 6 2
8 11 1
9 10 5
5 7 8
18 22 7
12 14 1
2 4 2
21 0 6
2 4 7
7 9 5
23 1 5
19 23 6
22 23 2
16 17 4
4 7 2
15 18 1
21 1 9
16 20 5
12 14 5
17 19 9
13 15 3
22 0 6
4 7 2
8 11 9
7 10 7
19 21 10
1 4 8
5 9 6
19 22 4
19 22 8
6 9 1
13 15 3
8 11 1
19 20 6
6 9 7
8 12 4
10 13 8
12 16 5
19 23 4
16 20 5
21 0 8
4 9 9
0 1 9
17 22 2
1 4 9
10 13 2
17 20 9
15 17 8
16 19 5
19 23 6
19 23 2
5 10 7
15 18 3
17 20 4
8 10 3
3 6 1
22 0 1
5 6 3
9 12 4
8 12 6
22 1 6
2 6 1
16 17 7
17 20 3
4 7 10
21 0 1
8 11 7
21 1 8
1 4 4
10 13 10
1 5 6
15 19 5
18 22 1
22 1 10
16 18 7
2 3 2
13 15 3
16 21 1
6 10 3
17 20 7
11 14 9
11 13 3
16 19 10
21 1 1
6 9 1
2 4 5
13 17 9
9 12 1
9 11 10
8 11 10
11 14 5
17 19 2
6 9 10
0 2 3
7 9 7
11 14 5
4 8 9
9 12 4
17 20 4
16 19 1
10 13 5
0 2 6
7 11 9
7 10 10
21 2 4
23 1 10
8 11 10
18 21 2
18 19 3
16 19 10
5 9 7
20 0 9
3 7 7
8 12 6
8 11 7
22 1 10
18 19 2
9 11 10
13 14 4
1 3 8
0 3 1
22 1 1
16 18 10
12 16 8
22 2 3
13 16 1
23 3 5
5 9 8
9 10 6
9 12 1
9 10 4
10 13 10
21 1 7
20 22 10
3 6 10
7 9 9
19 23 4
5 7 10
12 15 4
16 20 4
15 18 9
19 22 6
3 6 10
21 0 7
13 18 5
5 8 6
7 11 3
21 1 7
10 14 6
22 2 9
14 15 4
3 5 10
21 0 3
3 9 8
5 9 6
7 12 6
5 8 9
10 14 3
17 20 1
1 5 8
17 21 2
19 21 3
18 22 6
14 17 7
5 7 1
9 12 6
18 21 1
10 13 4
1 5 3
10 13 10
17 19 6
20 21 7
9 13 5
9 14 4
20 22 2
23 2 2
1 4 8
7 12 5
20 23 3
16 19 5
2 6 10
7 12 1
5 7 4
16 19 1
19 23 10
14 16 6
21 0 1
0 2 6
1 3 1
8 10 4
7 10 6
18 20 4
11 14 8
1 2 1
11 13 10
8 10 4
11 15 8
2 4 5
3 8 1
9 13 3
19 21 2
6 9 6
3 6 9
19 22 5
23 1 8
13 15 3
17 21 8
10 14 7
10 13 10
13 16 8
16 19 2
9 13 1
9 13 6
19 22 3
11 16 2
8 10 3
16 18 4
23 3 4
3 7 3
9 13 6
15 20 5
4 7 10
1 4 8
17 19 9
9 13 5
19 22 2
17 20 1
9 13 3
6 9 7
0 4 6
20 23 4
11 12 4
23 1 7
19 21 5
15 18 10
12 15 2
1 3 4
11 14 4
6 8 2
0 4 3
4 6 3
14 16 9
10 12 2
8 10 2
8 10 10
14 17 2
15 19 5
5 8 3
10 14 2
1 4 8
22 2 10
9 13 10
15 16 7
3 6 3
6 10 7
5 9 8
17 19 5
16 20 2
1 6 2
20 23 8
7 11 10
15 19 4
10 12 8
18 20 9
13 17 4
11 14 4
11 14 8
1 4 6
16 19 3
22 1 9
13 15 1
4 7 6
8 12 2
22 1 2
14 17 4
4 5 5
9 12 9
3 7 4
21 23 10
0 2 8
13 17 5
7 11 10
8 10 2
23 3 1
3 7 3
11 14 2
18 23 6
3 5 5
4 6 7
1 3 7
15 18 5
8 11 4
4 6 3
19 21 4
3 5 4
20 0 3
20 1 4
9 13 5
1 4 9
11 14 3
19 22 5
14 15 10
22 0 5
20 22 3
15 18 5
7 9 2
18 21 6
12 17 4
5 9 9
4 6 10
12 16 6
20 23 8
20 22 2
21 0 2
21 0 6
1 4 7
16 20 9
20 1 6
12 14 4
21 23 9
3 8 7
20 0 9
18 23 6
4 5 3
18 20 2
15 19 9
16 17 5
14 18 1
7 10 1
22 1 1
5 7 3
13 15 6
6 10 4
22 2 8
15 18 10
7 10 10
2 5 8
16 17 2
4 9 4
0 4 7
1 3 8
19 22 10
18 19 2
19 22 2
2 6 1
17 20 4
14 18 6
21 1 1
0 2 5
18 20 1
9 12 5
9 12 9
21 23 7
0 3 6
17 20 9
11 13 6
15 19 3
9 12 6
17 20 5
0 1 8
11 15 5
15 19 10
17 21 5
11 12 5
7 11 6
12 15 2
21 23 4
10 13 8
1 3 10
3 6 8
15 18 7
3 6 6
10 13 8
20 0 2
8 11 7
17 21 9
20 0 2
6 9 5
6 9 9
8 10 3
22 2 4
15 18 4
12 15 3
10 14 2
19 22 6
2 6 4
17 19 5
18 19 10
15 16 2
12 14 7
8 10 7
4 8 4
19 21 5
15 18 5
11 14 1
7 11 5
15 17 3
17 21 10
19 22 9
12 14 3
8 10 10
1 4 4
4 7 3
10 11 1
21 2 3
21 1 4
12 13 5
18 19 4
17 22 1
10 13 9
11 15 9
18 22 4
17 21 5
16 20 9
11 14 1
18 19 3
2 6 9
21 22 6
21 23 8
7 11 9
20 21 7
1 4 6
18 20 7
13 18 8
9 11 8
23 2 4
4 8 2
11 14 10
4 9 7
18 21 8
17 19 8
23 2 1
0 3 9
6 9 2
7 10 8
