100 1
5 
6 7 1
18 22 1
9 13 1
17 20 1
18 19 1
19 23 1
8 9 1
3 6 1
16 19 1
23 2 1
1 2 1
9 12 1
22 0 1
13 16 1
20 23 1
21 0 1
13 14 1
5 7 1
19 21 1
20 23 1
19 21 1
1 3 1
13 15 1
5 7 1
7 11 1
19 20 1
21 0 1
18 21 1
6 10 1
15 17 1
12 15 1
18 21 1
4 8 1
17 21 1
7 11 1
9 11 1
17 21 1
5 9 1
17 20 1
9 11 1
18 21 1
22 0 1
21 1 1
17 19 1
10 12 1
21 0 1
8 11 1
10 11 1
15 17 1
15 17 1
12 14 1
17 19 1
1 2 1
23 1 1
19 0 1
12 16 1
19 21 1
13 18 1
1 3 1
18 21 1
3 6 1
10 13 1
0 3 1
14 17 1
3 7 1
3 8 1
5 9 1
5 8 1
12 13 1
4 6 1
3 6 1
23 3 1
1 2 1
21 1 1
11 15 1
15 20 1
4 8 1
21 0 1
17 19 1
3 5 1
5 9 1
21 1 1
6 9 1
4 7 1
2 3 1
8 12 1
16 19 1
0 2 1
23 3 1
22 3 1
16 20 1
8 10 1
15 20 1
11 14 1
20 23 1
4 7 1
13 17 1
22 1 1
18 22 1
14 14 1
