1550 14
4 8 9 9 3 4 2 4 4 6 6 7 1 2 
23 1 7
18 20 3
14 16 8
11 14 6
17 17 12
22 1 13
14 17 12
10 14 10
4 7 3
10 13 4
11 14 6
3 6 6
17 22 2
9 12 3
5 7 14
14 16 7
6 8 14
9 11 3
20 23 2
16 19 6
16 19 3
5 8 12
18 21 10
2 6 8
20 0 10
8 10 8
16 18 7
7 8 12
2 5 7
21 1 5
1 5 3
16 18 4
15 18 8
1 5 9
23 2 4
6 7 11
0 3 13
14 17 8
22 1 10
19 22 14
6 9 12
7 9 13
16 19 2
16 19 13
6 10 13
21 23 11
4 7 12
0 2 2
15 17 12
17 19 2
22 1 14
12 16 6
10 12 9
0 3 4
21 0 12
17 20 5
4 6 13
18 21 5
14 18 13
0 3 7
12 16 8
7 9 12
4 4 13
0 3 11
23 2 14
22 2 13
1 5 7
7 10 10
11 14 11
3 6 4
21 1 6
18 22 3
4 7 5
21 1 3
0 3 2
18 22 7
11 15 10
4 8 11
11 15 1
21 3 14
1 2 1
22 2 13
23 3 2
22 1 14
5 7 2
0 3 11
3 6 4
8 11 5
6 9 12
16 17 7
18 21 7
23 2 13
3 6 6
22 1 9
5 9 2
13 17 9
0 4 8
23 2 10
22 1 11
5 7 12
2 6 7
11 13 8
1 4 7
2 4 8
9 12 14
5 9 3
4 7 13
22 1 8
23 2 4
12 16 7
6 10 14
7 10 11
21 1 8
23 1 1
23 1 12
22 2 6
1 6 12
10 12 5
19 22 5
0 2 10
20 0 11
21 21 14
7 10 4
8 10 5
22 23 4
3 5 12
14 18 11
22 2 9
13 17 14
2 5 12
16 17 3
13 16 4
21 0 9
8 13 5
12 16 14
17 21 10
17 21 4
18 22 8
9 12 1
15 17 10
23 3 4
6 13 3
23 4 7
5 6 13
15 17 2
13 14 12
23 0 8
2 5 6
1 4 6
2 4 6
3 6 14
6 8 11
21 0 9
4 7 2
23 1 10
14 19 13
13 16 14
6 7 4
3 5 5
10 12 12
22 1 2
1 5 3
9 12 1
16 21 14
18 22 7
22 1 13
5 8 1
14 18 12
22 0 12
19 23 11
6 8 10
17 20 11
8 11 13
18 20 6
3 6 3
23 3 4
14 17 8
3 6 10
5 7 2
3 5 1
19 23 1
8 11 10
11 15 11
10 12 2
9 13 11
12 15 1
1 3 2
3 7 5
11 13 13
11 15 9
7 8 11
2 4 1
10 13 5
6 7 11
23 23 1
3 7 11
12 15 12
2 6 13
6 9 3
6 9 6
5 7 10
10 11 4
7 11 10
11 15 10
11 14 3
13 14 12
18 21 10
6 10 2
16 19 7
8 11 10
0 5 6
14 18 2
10 13 6
21 2 12
11 13 1
1 4 14
18 20 2
22 0 6
4 7 8
12 16 13
17 19 13
7 9 14
1 4 2
22 0 11
12 16 1
6 10 1
10 14 11
16 17 11
15 19 2
5 9 11
14 16 5
19 23 11
20 0 5
12 14 6
18 20 14
5 8 13
17 19 3
9 11 2
0 2 4
18 19 5
17 18 2
0 2 13
4 7 13
9 13 10
2 4 13
14 16 1
14 18 10
23 1 10
14 16 11
17 22 8
0 4 1
19 21 9
3 6 12
23 2 5
12 16 6
18 21 11
4 7 10
10 12 13
2 6 12
23 1 14
3 4 10
22 2 7
17 19 3
13 17 4
14 14 2
18 20 10
13 15 7
19 23 6
7 12 2
18 20 10
9 11 11
12 16 7
5 8 10
7 11 5
22 2 3
22 1 2
0 4 6
10 12 14
2 3 13
22 1 5
18 21 2
6 10 10
19 22 2
18 22 5
21 23 2
10 14 9
17 20 2
19 21 14
13 14 12
0 2 12
11 14 4
3 5 6
2 5 14
21 3 13
3 6 11
6 9 10
6 9 7
14 17 2
11 16 13
7 10 4
1 5 2
18 22 9
20 0 12
9 12 13
17 19 12
18 21 1
12 15 1
12 14 14
11 14 8
2 4 10
0 3 14
10 13 10
23 3 12
14 16 5
2 5 2
2 5 1
11 13 7
6 8 7
11 14 5
9 14 1
6 11 3
21 21 4
1 4 4
8 10 9
3 5 1
0 3 14
16 20 6
9 12 4
18 21 8
5 6 11
20 23 5
1 2 13
17 20 11
1 5 6
21 23 5
7 10 7
2 5 10
23 2 2
20 23 2
9 12 14
18 22 8
19 22 10
15 17 14
10 12 3
5 7 10
3 4 12
14 17 5
11 14 12
20 22 11
0 4 7
19 23 7
23 2 10
11 13 1
0 3 12
6 12 8
6 8 1
0 5 5
8 11 1
21 0 4
17 20 2
15 18 5
10 15 8
10 13 12
11 14 5
23 2 9
23 2 4
15 19 13
11 15 3
1 4 3
8 11 10
19 23 5
6 10 12
11 14 4
2 6 6
10 14 1
20 22 9
2 6 14
0 3 13
17 20 7
6 8 8
22 0 6
0 4 14
8 14 5
11 15 3
7 10 9
7 11 10
19 21 3
2 6 4
6 11 5
15 18 1
5 8 6
15 18 8
10 13 10
20 22 10
7 12 12
17 19 12
10 13 14
2 5 1
23 1 12
22 2 13
17 21 3
13 16 6
9 13 3
6 12 8
14 16 13
11 14 3
0 2 8
18 21 14
12 16 8
22 23 5
14 18 3
6 9 7
17 22 3
22 1 14
12 15 13
6 9 5
2 6 12
13 16 1
9 12 14
6 9 6
7 10 6
19 0 6
5 8 4
20 23 3
22 3 4
8 12 9
4 7 10
3 5 5
3 5 12
6 9 8
16 20 11
0 3 9
12 16 14
2 5 4
6 10 11
7 10 14
20 23 12
4 7 5
9 12 7
17 20 7
12 15 10
18 20 11
19 22 8
18 20 7
4 7 10
21 2 11
12 15 9
23 2 10
12 16 13
20 0 12
15 17 11
19 23 8
11 12 12
4 7 8
4 5 10
17 20 13
23 2 1
3 6 12
1 5 11
7 10 14
19 20 7
9 11 7
22 1 4
19 22 4
5 6 11
13 17 4
21 0 10
12 14 8
1 5 3
22 1 9
22 2 11
19 22 6
21 0 8
20 22 2
16 19 4
13 16 13
1 3 3
19 22 6
11 15 10
9 12 8
10 13 14
16 20 11
12 15 7
6 8 6
2 7 11
3 4 4
2 6 5
23 2 3
8 13 8
12 15 4
22 0 11
22 1 3
19 22 14
16 19 14
22 2 10
21 1 2
6 9 9
23 2 6
17 22 11
0 3 14
5 8 4
21 23 7
12 14 4
16 19 2
5 6 8
0 3 9
4 7 4
20 1 9
12 17 11
10 12 8
10 14 3
23 2 8
8 11 4
2 5 3
20 23 8
13 17 2
12 17 12
23 2 3
23 3 8
12 13 14
10 12 4
1 3 1
21 23 8
2 5 6
11 14 4
21 23 1
17 20 9
12 13 1
19 21 14
1 3 12
17 19 12
10 14 12
14 18 12
15 18 4
17 21 11
7 11 13
23 2 12
14 18 2
14 16 13
16 19 7
6 10 6
17 20 9
15 18 3
7 9 3
22 0 2
9 12 3
19 21 11
22 0 2
12 16 6
3 6 1
20 23 10
21 23 4
16 19 7
16 18 6
2 5 1
1 3 1
3 4 6
4 7 4
13 17 5
7 10 8
16 20 6
17 20 10
2 3 12
11 14 2
17 21 7
14 17 4
6 8 2
20 23 7
4 6 12
14 17 5
2 4 10
11 13 6
20 0 7
14 18 14
4 8 11
23 2 6
7 10 9
6 8 12
1 3 11
21 2 5
20 22 7
5 8 8
3 7 4
4 7 13
8 10 14
11 14 14
21 23 1
4 8 4
20 22 13
22 2 4
11 14 13
9 12 5
17 21 9
1 5 11
22 0 7
2 5 5
4 7 5
4 7 12
11 13 3
14 18 8
21 0 10
15 18 1
21 2 7
8 11 13
11 15 13
3 7 8
10 13 5
22 2 4
0 3 12
23 1 4
17 22 2
5 7 5
16 21 7
21 1 5
18 23 4
16 19 7
18 21 2
21 0 7
20 22 6
13 18 13
3 6 4
7 9 8
4 6 4
11 15 7
22 0 14
3 6 8
4 7 3
0 3 9
3 6 2
1 5 6
16 19 5
6 9 4
2 5 14
16 17 1
4 6 12
23 3 9
3 5 6
14 16 14
3 7 11
5 9 14
9 11 14
12 15 8
17 21 11
9 11 10
20 23 8
12 16 7
8 10 3
0 3 8
6 10 3
15 19 13
19 22 10
17 20 3
2 7 4
13 17 3
14 18 11
6 9 7
16 20 5
18 21 6
16 18 11
11 15 6
6 8 5
2 5 4
12 14 11
1 5 5
3 6 11
4 8 8
23 1 3
22 1 8
2 4 9
1 5 1
22 1 12
5 9 14
13 17 7
15 17 9
17 19 13
14 17 5
13 17 2
23 4 14
18 21 3
6 10 8
6 7 9
2 4 3
9 13 12
5 8 7
0 3 13
16 19 3
3 4 14
8 11 12
15 17 14
1 5 2
16 18 9
20 22 3
22 0 2
1 4 2
22 1 1
6 9 5
14 15 3
15 19 4
9 13 4
3 7 2
22 0 3
1 3 10
0 3 12
19 21 7
10 12 12
12 14 9
6 11 6
6 9 5
11 14 5
9 12 2
16 18 8
1 3 6
8 11 9
4 7 3
14 16 12
17 20 7
20 0 5
20 1 3
20 22 7
6 10 2
22 1 1
19 0 7
22 0 4
22 0 8
15 19 3
8 9 7
2 6 12
16 19 8
6 10 6
4 8 9
10 12 1
17 21 5
20 0 11
0 2 12
23 2 7
6 10 3
9 12 1
17 20 7
23 2 1
5 6 2
17 20 13
11 15 7
16 20 11
7 11 6
5 8 10
22 1 14
19 21 6
0 2 13
3 4 11
5 7 14
12 16 2
1 4 10
6 8 2
1 5 10
22 3 8
17 19 11
6 8 14
13 19 5
6 9 9
22 3 9
16 19 12
3 7 8
10 14 3
13 16 2
22 2 5
9 13 14
15 17 5
12 15 14
10 14 5
22 2 6
23 1 3
13 15 3
12 14 3
19 21 9
22 1 12
18 21 3
0 2 5
21 23 14
21 0 13
10 12 8
12 16 2
2 4 14
10 13 7
13 16 4
4 7 3
8 11 12
23 3 2
2 5 3
0 4 1
3 7 1
12 14 12
11 15 5
8 11 4
6 8 10
2 6 14
13 17 6
9 13 6
7 9 5
1 4 12
18 20 9
3 7 8
10 13 1
7 9 2
0 3 12
19 23 10
13 16 10
19 22 13
7 9 11
6 7 9
10 13 10
14 17 14
15 17 3
1 4 7
17 20 8
20 22 12
23 2 8
14 19 5
9 13 2
17 19 9
20 0 11
9 13 14
11 14 1
1 4 10
1 4 9
18 21 10
6 9 9
20 23 6
15 17 2
16 18 8
5 6 10
14 16 5
20 23 9
18 20 2
21 0 3
11 15 9
5 8 12
9 13 4
17 20 1
19 23 5
21 1 11
15 16 13
18 21 10
10 14 8
1 5 2
13 16 9
21 0 7
15 18 8
0 4 9
0 3 13
22 1 13
9 12 3
7 9 6
22 1 12
14 16 13
17 21 12
11 14 1
9 13 14
3 6 9
19 21 7
3 7 1
20 22 14
18 21 6
15 19 13
7 10 6
16 19 13
23 3 3
10 14 11
0 3 13
7 10 9
12 14 13
8 10 1
9 11 1
9 13 5
3 7 8
7 11 10
22 1 11
3 5 13
9 12 5
9 12 11
20 23 14
9 15 7
16 20 9
8 12 13
13 14 8
0 3 3
6 11 10
17 19 11
4 7 1
5 7 12
19 21 1
5 7 7
22 2 11
2 4 12
1 5 1
21 0 9
0 3 11
6 10 1
15 19 4
22 2 7
23 3 2
21 2 2
15 18 4
6 9 5
19 20 8
18 22 2
9 12 12
2 4 4
15 17 6
0 2 1
20 23 1
12 14 9
7 10 5
9 11 5
2 6 11
2 3 5
7 9 14
4 8 14
10 14 10
21 1 2
10 12 9
0 3 7
20 23 1
17 22 5
14 15 3
8 11 2
1 5 11
17 20 12
6 10 3
20 21 3
8 12 13
19 20 8
9 12 10
4 6 7
4 7 6
0 2 12
11 15 2
10 13 6
13 16 14
15 18 14
2 5 12
6 9 13
16 19 14
15 19 13
17 19 14
18 21 6
17 20 11
2 6 1
6 11 7
14 18 14
6 9 12
2 5 11
7 11 9
16 19 4
12 14 3
9 11 14
2 6 3
7 11 7
15 18 5
16 19 4
20 0 13
2 3 3
0 1 1
21 23 5
13 17 2
21 23 11
21 1 13
23 1 12
3 7 1
17 19 2
15 19 10
22 2 12
16 19 8
13 16 3
2 4 1
8 10 6
8 9 5
4 8 12
14 16 6
21 1 3
2 5 12
10 13 14
4 6 12
18 21 4
12 16 4
17 19 9
15 18 4
21 2 2
18 21 12
12 14 4
0 5 6
0 4 6
22 1 6
7 11 11
23 1 7
5 6 14
20 23 4
16 19 14
10 13 4
16 20 3
14 18 13
22 0 4
19 23 13
14 17 7
21 1 7
4 6 6
19 21 13
4 7 10
16 18 9
6 10 2
1 5 13
12 16 14
20 22 14
7 9 12
23 3 8
20 23 11
21 23 3
18 21 3
8 11 14
22 3 10
11 15 7
21 1 3
19 0 8
19 22 12
15 17 2
1 5 4
21 0 1
2 5 14
8 11 2
19 21 10
1 4 3
3 6 8
4 7 14
21 0 3
21 22 2
5 8 1
7 10 5
17 21 4
19 20 3
20 23 5
17 17 3
16 20 6
13 16 13
14 18 4
7 11 14
13 16 6
19 23 3
8 11 4
22 2 7
13 16 8
9 13 9
4 7 13
15 17 11
12 15 3
13 15 12
0 3 3
1 6 7
0 2 7
17 21 4
19 23 8
9 13 9
11 14 5
23 0 3
16 18 14
11 16 2
6 8 11
15 18 8
14 17 1
8 12 7
4 6 8
15 18 9
2 5 9
9 11 7
13 15 8
17 20 14
13 17 14
10 14 8
13 17 2
19 22 13
17 20 11
6 9 4
7 9 13
6 10 5
2 5 5
8 12 14
15 17 9
8 10 8
13 16 14
23 2 4
6 9 7
19 21 10
7 11 6
4 7 1
5 7 13
7 11 6
12 14 9
2 7 4
1 5 7
15 17 1
20 23 14
15 19 2
13 15 12
4 7 13
17 20 10
16 20 14
0 3 9
15 19 11
1 3 1
4 6 3
3 5 8
16 19 14
10 11 8
6 10 3
18 23 3
5 9 4
11 14 7
20 23 2
12 16 8
3 6 9
20 23 11
16 20 5
4 8 2
13 16 13
19 22 13
20 0 2
11 15 13
15 19 3
6 9 9
20 23 1
14 16 12
21 0 1
15 19 12
8 11 4
11 14 10
9 11 3
1 1 5
18 21 5
10 13 8
19 21 13
10 13 12
1 3 3
13 16 2
23 1 4
4 6 4
6 9 10
0 3 2
16 19 14
6 10 14
4 8 11
5 5 5
19 23 1
17 19 6
7 8 5
22 2 12
0 3 11
15 18 4
19 20 7
11 16 4
13 18 11
16 18 10
14 18 4
17 20 3
7 8 9
10 14 3
5 8 7
21 2 5
9 13 6
15 18 1
3 6 2
18 22 6
2 6 5
11 12 3
0 3 6
1 2 4
19 21 2
2 4 9
12 15 9
8 12 10
20 22 13
4 7 8
6 9 7
21 1 7
11 15 3
21 2 14
0 3 2
21 2 10
11 14 8
21 1 6
13 16 11
2 5 14
15 17 1
1 3 5
6 9 11
6 9 5
9 14 12
1 4 7
4 6 12
20 0 8
4 8 8
17 18 14
17 20 11
16 18 1
15 16 1
0 1 11
2 5 9
6 9 11
9 11 10
9 11 13
8 11 13
18 21 9
21 22 11
5 11 2
12 15 9
14 17 9
2 3 2
19 22 8
1 3 4
6 9 13
10 13 13
0 2 14
14 15 13
11 13 11
0 4 1
23 2 11
4 7 6
20 23 8
16 19 9
13 17 13
0 2 13
8 12 9
7 9 14
2 7 4
19 23 2
9 13 10
6 9 8
15 18 9
15 19 6
8 11 12
9 11 9
7 10 6
22 1 7
12 15 13
7 11 10
0 3 2
6 9 4
17 20 10
0 1 12
22 1 14
18 20 12
5 8 6
4 7 10
17 20 7
18 21 10
17 20 3
17 19 4
23 2 8
18 20 1
2 5 14
22 1 9
17 20 13
9 12 3
11 13 9
11 11 12
12 14 13
0 2 1
23 3 12
14 16 11
18 21 1
13 15 7
18 21 1
15 18 1
19 21 11
13 16 3
20 0 11
17 20 6
1 4 6
20 23 4
18 20 4
22 1 7
21 0 3
11 12 11
0 2 14
23 1 9
3 5 6
10 13 7
3 6 6
3 4 14
1 4 8
11 14 7
21 1 12
14 14 9
0 3 4
23 2 8
8 11 8
7 10 6
12 15 8
11 14 9
11 14 7
21 0 1
11 14 11
1 2 7
23 3 12
2 4 9
16 19 12
2 5 12
13 15 12
19 0 10
3 5 14
21 0 9
7 9 12
20 23 6
20 0 7
6 9 1
4 7 12
18 20 10
19 23 9
5 10 13
9 11 12
6 10 7
11 12 10
22 1 2
6 10 6
16 19 2
13 16 12
19 23 2
12 15 14
5 7 13
17 20 14
18 22 14
21 0 11
11 13 2
1 6 3
22 0 13
9 13 14
1 3 1
4 8 5
4 5 8
16 19 7
18 22 1
4 7 14
0 4 13
11 12 11
22 1 3
2 6 8
4 8 1
19 0 8
23 3 9
2 6 11
11 14 1
9 11 6
1 2 9
13 17 8
6 9 2
9 10 1
17 20 7
12 14 2
23 2 14
3 5 4
6 9 6
3 8 4
7 10 13
5 8 6
12 14 8
17 22 4
5 8 4
19 22 4
12 14 5
11 12 8
5 8 11
6 10 9
15 18 3
22 1 6
17 20 11
17 20 7
4 8 8
3 7 12
7 9 5
19 22 2
13 14 1
16 21 5
14 17 11
23 3 12
1 3 11
4 7 7
11 13 13
17 20 2
21 23 13
13 17 11
3 5 4
11 13 4
20 22 1
0 1 14
1 6 14
1 5 7
11 14 10
12 16 5
10 13 2
16 19 6
22 1 4
2 6 1
22 0 11
18 20 11
14 16 3
20 0 3
9 12 10
5 7 9
9 13 12
17 21 5
23 3 6
23 0 6
14 18 1
1 4 5
6 8 6
3 6 2
3 6 14
19 22 13
20 23 9
1 4 12
2 5 1
7 10 2
20 23 13
4 8 2
9 11 2
22 0 2
17 20 5
14 17 3
16 18 13
5 7 8
0 3 4
20 0 7
13 16 7
21 0 3
12 15 3
1 4 4
7 11 4
0 4 10
6 9 11
14 18 12
12 15 3
2 5 14
1 5 5
21 1 3
4 7 1
12 16 10
10 13 1
12 15 3
18 19 7
18 19 1
4 7 2
3 7 7
16 18 8
15 16 8
4 7 9
20 0 7
3 7 14
17 19 6
22 1 12
6 10 4
15 17 6
11 15 8
7 10 4
13 15 13
11 14 11
16 19 14
23 2 10
6 10 2
13 16 14
17 19 3
18 22 4
7 10 6
7 9 4
22 0 3
12 13 1
0 5 1
13 18 14
13 16 10
3 8 13
15 17 7
20 23 3
6 10 1
0 3 11
14 17 5
18 21 3
22 23 6
20 0 8
6 9 9
19 23 1
0 2 9
21 0 7
2 6 11
12 14 11
3 6 9
5 7 14
20 0 1
10 13 12
4 7 3
2 5 13
7 11 6
1 5 14
22 2 9
22 0 5
0 2 13
11 13 9
17 19 8
1 4 5
2 6 14
6 10 10
3 4 3
21 1 6
7 11 4
18 21 6
19 21 10
18 21 10
6 9 12
9 13 5
10 14 11
1 5 12
4 8 6
1 4 13
17 21 6
17 19 3
20 22 10
17 19 3
12 16 13
10 12 4
8 9 14
4 8 3
23 1 5
18 20 6
5 9 14
21 1 10
21 0 2
6 8 5
4 9 3
4 7 8
16 19 2
9 11 7
1 5 3
5 10 8
3 5 8
9 12 7
15 19 4
6 10 6
18 22 13
1 2 4
20 22 5
20 21 8
1 5 6
10 14 12
0 4 12
7 10 2
