600 13
8 10 6 7 6 7 10 8 1 4 6 8 7 
0 4 3
22 4 9
17 19 10
5 8 6
13 17 4
18 21 13
20 23 13
6 8 1
10 13 11
19 23 2
17 19 13
4 7 1
20 23 10
23 1 1
7 9 2
12 14 3
14 17 5
16 20 1
1 4 7
4 7 11
18 21 2
17 20 1
18 23 13
15 17 3
10 12 6
21 1 9
8 10 13
21 23 8
13 17 4
13 17 10
4 7 11
15 19 4
23 1 11
13 16 9
4 7 10
8 11 7
2 5 10
6 9 2
20 0 6
17 20 5
10 13 10
21 0 1
10 14 11
16 16 13
12 15 11
3 5 7
12 15 10
9 14 9
22 0 9
15 18 11
23 2 3
12 15 10
1 6 10
3 5 7
7 9 3
7 9 8
11 14 11
2 5 8
1 5 2
23 3 11
13 15 10
7 10 5
11 15 3
6 10 13
1 2 5
7 10 1
6 8 8
15 18 2
17 20 6
17 19 6
8 10 10
12 13 7
13 15 5
14 18 13
4 5 13
7 10 9
4 6 11
15 18 9
18 23 9
6 8 6
14 17 13
16 20 5
3 7 3
17 19 7
13 14 7
22 1 3
9 11 7
6 10 4
21 1 10
21 23 9
22 1 12
0 3 12
10 13 5
18 20 1
16 20 5
0 5 2
3 4 7
6 9 10
8 10 10
2 7 11
18 21 8
23 3 12
10 13 1
14 17 8
10 14 13
6 10 3
0 1 13
16 19 1
9 11 8
19 1 2
2 7 6
10 12 7
4 7 6
8 12 11
21 0 12
20 23 13
20 1 2
7 9 8
13 16 6
20 0 4
8 12 9
2 4 8
13 15 12
22 1 5
2 5 5
21 0 2
15 17 11
21 22 5
20 23 5
14 18 1
17 19 4
3 6 5
7 10 8
6 9 7
1 3 1
3 7 2
5 9 12
22 3 8
20 23 4
14 16 10
17 22 10
8 11 12
23 3 10
20 0 3
11 15 9
19 22 11
0 3 7
22 1 3
0 3 7
19 22 2
2 5 4
6 9 7
8 10 3
17 20 6
20 0 2
23 3 1
12 14 7
20 23 1
6 9 12
7 11 1
9 11 12
0 4 8
18 22 3
13 16 12
8 9 5
21 0 1
15 21 2
16 19 1
11 14 5
1 3 1
0 3 5
11 16 11
9 12 1
9 12 10
5 8 7
12 14 5
23 1 8
14 18 6
16 20 5
14 17 8
3 4 2
5 7 11
8 11 11
22 1 1
17 21 3
8 9 11
4 5 3
3 6 6
9 11 6
13 16 3
11 12 3
19 22 6
0 2 4
19 20 12
19 22 11
2 4 8
6 11 10
8 12 5
21 1 8
3 4 4
7 9 11
8 11 3
0 2 10
3 7 10
22 1 6
18 23 11
15 18 1
4 5 12
14 18 11
23 3 4
11 13 10
13 16 12
9 12 3
2 7 8
22 1 6
16 19 2
17 19 8
2 3 8
23 1 5
7 10 8
13 18 13
23 2 2
16 18 2
12 13 7
12 15 10
15 19 9
14 19 8
0 5 13
23 1 6
2 5 5
2 3 12
22 1 3
23 0 12
13 15 8
3 7 9
0 3 4
19 22 4
16 18 13
9 14 2
22 3 7
14 18 6
14 17 8
19 23 8
6 10 3
20 23 8
8 12 6
4 7 13
4 8 7
10 13 4
20 22 5
2 6 2
3 5 1
13 15 5
5 8 9
8 10 3
6 9 4
7 9 7
3 5 9
16 19 2
9 11 9
5 7 7
6 9 5
7 10 9
6 8 6
19 23 5
10 14 11
22 2 3
16 18 10
3 7 7
11 15 4
23 1 4
7 10 10
2 6 7
22 0 4
16 19 3
13 16 1
14 18 8
10 11 2
1 4 6
20 22 9
0 2 12
2 6 1
14 19 2
4 8 2
0 5 12
7 9 9
22 1 11
11 13 1
16 18 12
5 7 5
23 2 9
10 13 3
0 3 9
22 2 10
22 2 9
22 0 12
7 9 8
11 14 4
1 4 12
14 18 10
4 7 2
2 6 2
14 17 11
20 0 1
16 19 2
10 13 9
16 21 11
11 15 6
8 11 6
0 3 7
19 21 5
16 19 12
5 7 4
7 9 13
16 17 7
13 16 8
22 1 2
16 19 6
11 15 6
13 17 6
16 18 4
11 13 1
17 20 8
9 10 12
8 12 10
15 19 1
23 3 12
14 18 3
2 5 2
19 22 8
12 14 5
5 7 11
16 20 6
0 3 13
8 11 4
18 22 10
22 2 9
12 14 13
15 17 1
20 23 8
19 22 11
4 8 13
5 8 3
13 16 4
17 19 8
12 15 13
18 21 8
10 12 9
2 4 8
14 18 12
19 23 9
17 21 7
13 16 1
9 14 5
17 19 4
0 4 11
22 1 13
13 14 8
2 5 13
15 16 13
21 23 3
2 4 9
13 15 5
5 9 9
13 17 10
15 16 1
21 0 12
0 2 3
20 0 5
11 13 7
18 22 7
19 22 3
7 12 13
15 19 1
7 11 4
16 18 6
17 19 10
11 14 1
23 3 2
20 0 5
7 9 11
7 9 2
10 12 3
8 13 10
21 22 13
13 16 6
2 5 2
11 15 4
1 6 6
3 4 6
12 17 3
20 22 3
12 14 9
19 22 9
20 0 7
3 5 10
11 15 7
13 17 9
11 13 13
11 14 9
1 4 1
13 16 4
0 3 9
3 7 1
9 11 9
19 23 8
5 9 6
23 1 8
7 10 9
15 20 12
20 0 1
23 3 4
10 15 2
11 15 2
16 19 7
0 3 13
0 3 3
13 17 1
3 7 7
2 6 9
9 12 7
17 21 3
6 10 9
18 22 12
23 2 11
15 19 6
7 10 9
14 17 8
3 8 11
8 10 4
14 15 4
1 5 1
15 18 10
4 7 4
14 17 5
14 18 9
5 8 4
6 9 10
5 7 1
7 11 5
2 4 9
21 23 9
3 6 3
1 6 13
15 19 2
19 21 3
21 0 11
16 20 3
2 5 13
13 17 10
15 18 13
1 2 13
17 22 3
3 6 10
18 18 4
17 20 12
3 5 8
22 1 2
5 6 13
0 2 2
1 4 4
19 22 11
9 14 8
23 2 1
12 15 4
0 3 11
12 15 3
18 20 6
3 7 8
22 2 1
2 5 7
8 11 5
11 15 8
2 5 13
6 10 10
16 19 8
0 3 7
10 12 13
3 7 4
13 15 12
23 1 4
11 14 12
11 14 12
16 20 9
5 8 9
3 7 4
8 11 1
13 15 2
15 20 13
17 21 13
7 9 6
5 8 10
0 2 8
21 2 5
6 10 1
23 3 4
18 22 2
5 9 1
8 12 1
6 8 13
16 19 5
5 8 6
21 1 10
0 4 4
14 17 13
0 4 4
0 5 12
9 12 5
0 3 4
2 6 1
7 12 12
16 21 13
8 12 13
15 18 7
18 22 8
23 3 6
10 11 5
16 18 1
22 0 11
13 15 12
4 8 7
14 18 4
21 0 2
2 6 7
11 15 13
20 0 5
23 2 1
20 0 5
5 10 5
21 22 13
6 9 3
6 8 3
12 14 5
15 16 13
16 19 13
0 2 13
0 3 13
17 18 11
12 15 4
23 1 2
12 15 12
17 20 13
22 1 9
2 6 13
4 8 10
21 23 13
12 15 3
14 17 3
17 18 5
3 5 9
23 1 4
13 17 7
7 10 11
16 20 8
15 17 12
9 13 13
18 21 6
17 19 8
8 11 11
15 18 12
7 11 6
8 13 5
8 10 1
6 9 1
7 10 13
13 16 8
19 23 5
19 22 10
14 16 8
5 7 2
22 2 9
17 18 10
11 14 5
17 18 4
1 6 6
22 1 12
10 12 7
23 1 8
1 4 13
5 9 13
15 20 10
19 20 8
10 13 8
14 18 13
14 17 1
2 3 11
2 5 1
19 22 9
12 14 6
0 4 3
0 3 1
6 8 8
10 13 10
19 21 6
14 17 10
8 12 13
4 6 6
19 23 5
9 13 6
19 23 11
