150 9
6 3 2 7 6 3 7 1 8 
8 11 9
3 6 4
6 8 9
1 4 2
18 20 4
18 20 2
12 16 7
1 5 8
20 0 6
7 11 4
7 10 3
12 14 8
2 5 9
3 5 9
0 3 7
19 20 1
3 6 8
20 1 2
9 11 6
8 12 2
2 3 6
9 12 8
16 19 9
2 4 7
1 4 8
7 9 6
0 4 8
20 23 1
18 21 4
9 12 2
1 5 7
7 10 6
11 14 1
21 23 9
4 7 1
17 19 5
21 0 6
7 10 8
17 21 6
8 11 3
1 4 2
4 9 1
0 4 6
10 14 3
5 5 7
3 7 4
20 23 6
15 19 3
11 14 1
22 0 8
3 6 6
4 6 1
21 22 8
5 8 8
10 15 8
7 10 6
19 21 9
20 23 2
17 21 5
13 17 4
11 15 7
21 1 5
9 11 9
16 20 1
11 14 5
6 10 9
22 1 3
16 18 9
7 10 7
6 8 8
16 20 2
12 13 6
22 0 9
23 2 5
4 8 3
15 19 5
9 11 5
18 22 1
2 5 9
2 4 9
8 10 7
23 2 6
5 6 5
2 5 8
16 18 8
14 18 5
0 4 7
12 15 2
7 10 2
19 21 3
5 8 1
3 8 8
12 17 6
22 0 5
19 22 4
20 23 4
15 18 8
11 14 7
20 0 4
18 22 4
9 12 3
5 5 3
18 21 3
4 6 5
5 6 5
15 17 6
19 22 9
18 20 3
2 4 6
1 4 9
23 3 2
23 2 8
8 10 1
1 5 1
4 7 6
20 23 4
2 6 8
4 6 8
19 22 2
13 17 3
19 21 8
17 18 2
8 10 1
2 6 7
6 8 2
20 21 7
19 22 2
14 17 7
8 10 9
19 21 2
17 19 1
16 19 8
1 5 9
19 23 9
17 22 3
15 19 7
18 20 2
9 13 1
7 8 3
6 8 7
17 19 2
6 8 7
11 14 2
4 6 2
6 10 8
7 12 7
16 19 5
23 3 1
7 11 4
3 6 5
