500 17
5 10 10 1 10 8 3 8 10 1 9 5 2 4 8 7 2 
7 11 5
1 3 17
7 9 16
17 18 8
15 18 2
8 11 14
2 6 14
14 17 17
10 13 13
21 2 3
23 1 9
7 11 16
6 9 5
4 6 4
16 19 9
15 19 10
23 2 15
17 20 6
13 16 12
13 16 4
10 12 16
0 2 14
8 11 12
9 13 12
15 20 4
4 8 7
11 12 17
14 16 15
23 2 8
15 18 1
19 22 17
0 4 10
22 0 9
21 1 1
10 13 11
17 20 16
10 13 4
3 6 8
19 22 10
6 8 17
14 19 10
9 11 14
10 13 13
6 8 13
11 14 3
8 11 10
6 9 14
7 10 3
19 22 9
10 15 12
4 8 1
7 9 16
17 19 6
17 19 5
8 11 7
11 14 14
7 10 7
20 23 13
2 5 15
10 13 5
17 23 15
1 5 11
10 13 1
8 12 13
20 22 4
10 14 1
3 7 15
1 6 16
3 5 14
22 1 7
16 18 14
0 1 13
3 8 3
15 17 6
9 14 6
17 20 6
7 9 15
3 6 7
3 5 1
10 12 10
13 17 5
18 20 16
11 16 10
15 19 4
21 0 2
3 6 12
1 5 7
22 0 6
0 4 11
4 6 9
22 1 13
5 8 13
13 16 17
11 16 12
8 10 15
13 15 15
19 22 16
6 9 6
12 14 5
19 0 1
18 23 9
22 1 3
11 16 1
4 6 16
9 13 9
0 4 9
2 5 5
18 21 17
4 7 16
15 18 7
1 5 13
18 21 4
12 15 4
18 21 9
1 3 3
3 7 16
16 21 3
18 20 1
10 12 13
17 19 10
1 5 15
15 18 17
16 20 15
14 16 4
1 5 11
4 8 15
15 17 17
11 14 1
6 7 1
7 10 5
2 6 15
21 1 17
12 15 11
12 14 16
19 23 2
19 19 3
0 0 1
11 15 14
8 11 12
13 14 14
16 18 12
20 23 2
12 17 5
3 7 12
0 4 3
20 1 5
18 20 3
5 10 2
13 15 1
4 6 3
2 7 14
21 1 17
22 1 7
18 18 15
11 12 4
10 14 11
22 1 17
6 11 11
23 0 6
1 4 5
6 8 4
3 6 8
20 0 14
17 19 9
9 10 13
20 22 4
4 7 17
22 1 11
9 13 7
9 12 6
2 5 15
22 2 12
7 9 15
19 0 16
9 12 5
16 19 9
15 19 12
1 3 13
14 17 14
4 7 13
13 16 11
12 14 9
14 17 14
21 23 16
15 18 2
9 11 3
4 7 9
18 21 8
6 9 10
16 20 2
14 16 15
7 9 15
2 5 6
20 23 12
18 21 10
3 8 6
23 1 2
9 12 3
11 14 10
8 12 11
11 16 7
9 14 4
9 14 8
22 1 6
3 5 6
21 23 5
6 10 12
14 17 6
3 5 10
16 19 16
14 17 17
3 6 17
17 21 14
3 4 5
18 21 12
18 22 11
12 15 3
4 8 7
9 11 11
6 8 13
15 19 6
13 18 15
14 17 9
8 12 9
23 3 7
5 9 4
19 23 16
0 4 9
8 9 12
14 18 6
21 0 10
17 19 15
7 11 8
4 7 17
3 6 10
20 0 2
23 3 10
5 8 14
9 12 17
15 18 17
18 21 11
14 17 16
15 18 13
12 15 8
11 14 17
23 3 17
20 23 2
11 15 8
12 14 17
3 7 12
6 9 13
10 14 8
18 21 1
7 10 5
11 14 14
6 10 11
4 7 11
13 18 7
23 3 2
12 15 16
1 4 5
7 11 13
18 19 15
13 16 11
19 22 15
5 8 9
13 15 16
11 15 7
10 13 7
14 18 17
19 21 9
16 19 5
1 4 5
20 23 9
7 12 12
9 14 17
21 2 17
19 22 14
23 1 5
15 19 17
21 0 16
23 2 11
11 13 15
2 6 4
4 7 3
13 16 10
16 19 17
2 6 6
23 3 17
2 5 4
16 19 7
18 22 16
11 14 16
15 20 6
18 22 13
4 7 12
22 1 4
18 21 15
4 8 14
5 9 7
22 2 12
21 23 5
21 1 6
1 5 12
1 4 17
3 6 14
15 18 16
21 0 5
18 21 5
16 21 9
7 10 3
16 19 4
22 0 12
22 0 13
10 14 1
9 11 3
20 22 5
21 1 11
21 0 13
13 15 7
7 10 8
7 9 15
2 5 14
17 21 13
0 3 15
23 3 11
1 4 1
2 6 10
7 11 9
4 8 4
10 14 17
4 7 17
1 5 1
18 23 14
13 17 7
20 23 2
1 1 5
10 13 5
7 9 12
21 22 14
21 0 13
9 11 12
10 13 9
12 15 3
7 11 1
10 14 17
13 16 3
13 15 2
20 1 13
0 3 13
17 20 10
15 16 13
21 21 12
10 13 6
13 16 2
9 12 17
23 2 9
9 11 16
9 12 4
0 4 9
2 7 8
17 19 6
0 1 14
0 1 13
2 4 13
19 21 3
14 18 10
2 5 9
13 17 1
10 13 12
6 10 5
15 18 3
11 15 15
6 9 15
16 20 4
13 15 6
8 12 2
17 19 15
3 5 7
7 10 7
7 11 5
9 14 4
2 7 6
7 10 3
9 13 11
0 2 5
21 2 14
3 7 11
1 2 8
14 16 2
21 23 13
10 15 8
13 16 9
21 1 14
6 10 17
11 13 7
5 6 2
5 8 4
15 17 8
22 0 10
23 1 5
0 1 5
12 14 2
12 16 3
10 13 12
0 3 14
7 11 6
16 20 6
18 21 5
22 23 7
5 9 9
4 9 11
16 19 2
21 1 2
14 17 3
19 0 9
17 21 16
1 4 8
7 11 11
8 11 1
10 15 8
23 0 13
9 12 2
6 9 2
12 16 7
1 2 2
21 23 9
14 18 5
22 2 6
22 1 11
12 15 4
10 11 2
7 7 8
18 21 16
20 21 15
17 20 11
5 6 3
0 2 13
17 20 7
7 9 15
6 10 4
0 4 4
4 7 17
21 1 7
7 9 14
2 6 10
2 7 8
22 2 17
20 0 5
13 16 14
0 1 2
9 13 7
11 15 6
12 15 15
13 16 3
2 4 7
15 18 12
20 0 11
12 15 9
3 6 8
10 11 17
20 22 13
0 3 11
10 14 1
21 1 4
12 16 2
0 4 15
22 1 15
6 6 14
14 18 7
7 10 7
12 15 3
22 2 15
7 8 7
13 15 8
1 3 16
6 10 13
6 9 11
13 15 14
22 2 6
15 18 14
18 21 14
19 22 5
23 3 7
20 0 8
0 3 6
1 4 4
12 17 14
5 9 6
1 5 7
13 15 10
23 3 1
20 0 10
18 21 9
4 8 8
16 20 13
16 18 2
5 8 3
19 22 2
7 9 14
