100 19
10 2 3 9 2 3 6 7 2 1 3 6 6 9 1 10 1 3 5 
2 4 9
10 13 18
23 1 15
19 21 18
5 8 16
14 18 7
14 16 14
20 21 12
9 11 7
2 7 19
17 20 11
12 15 13
2 4 17
10 11 8
7 11 18
17 18 16
14 18 5
16 18 11
20 23 6
3 6 19
10 12 10
20 1 18
22 2 11
10 15 5
11 13 4
0 3 1
22 0 5
19 23 19
16 19 10
2 6 8
7 8 8
5 8 5
5 9 14
23 3 19
14 18 3
21 0 19
16 19 5
9 13 16
13 17 12
3 5 10
13 17 12
21 0 6
16 16 1
2 6 6
15 17 10
11 14 9
19 21 1
17 21 8
11 14 6
3 4 11
15 18 3
17 21 12
11 17 3
4 7 19
23 2 13
5 10 9
13 14 2
5 9 11
3 5 11
16 19 14
8 9 12
18 22 16
9 11 8
0 2 5
8 12 5
4 7 4
9 12 19
16 18 6
19 22 12
11 15 18
8 12 17
22 23 17
1 5 17
0 2 1
12 15 14
18 23 11
15 17 16
9 12 5
3 6 15
2 6 13
16 20 3
15 18 1
12 14 13
3 6 4
18 22 7
1 3 17
21 0 9
5 10 15
2 7 10
13 16 6
20 23 2
13 15 5
15 18 18
1 4 12
20 22 18
16 20 14
12 15 7
18 21 17
17 22 18
10 12 8
