550 12
6 9 1 7 2 6 6 7 5 4 9 2 
1 4 9
20 23 11
13 15 4
1 4 11
22 1 11
18 21 9
10 13 10
14 18 2
16 20 10
22 1 11
16 19 3
17 21 10
3 4 10
3 5 4
6 11 9
16 19 7
12 14 7
5 7 12
4 6 3
17 22 1
12 13 6
17 19 2
13 17 7
1 6 11
22 1 8
13 14 12
14 16 6
6 9 1
12 16 12
2 3 5
1 2 1
11 15 9
18 20 4
9 11 5
6 9 4
5 7 6
18 20 5
4 6 9
6 10 9
6 10 6
18 20 6
14 17 6
15 16 9
2 4 6
5 9 6
14 19 9
19 22 10
13 16 12
21 0 7
3 5 10
8 10 7
15 19 8
19 0 11
11 14 4
0 3 9
2 6 4
10 11 5
23 1 7
9 13 9
9 13 1
17 21 6
14 17 3
10 12 9
7 10 10
10 12 12
20 0 8
9 12 12
20 22 2
18 22 1
17 20 3
1 4 9
12 14 9
18 23 5
11 15 11
8 10 12
7 10 8
14 17 2
20 0 7
23 1 11
18 22 5
2 6 5
5 10 4
7 8 8
13 14 10
8 10 2
22 0 9
0 4 5
14 16 7
23 3 7
7 11 11
17 20 7
23 0 11
17 20 1
0 2 1
22 2 5
6 9 6
10 13 10
19 21 7
23 4 7
8 11 2
19 0 6
10 12 10
21 2 6
16 18 4
6 8 11
13 15 6
10 14 7
12 16 5
21 1 12
20 23 3
20 23 12
17 21 10
22 2 1
5 8 12
9 11 6
8 11 11
14 15 6
23 3 11
4 7 6
12 15 2
1 3 2
5 7 12
2 6 3
7 12 6
17 20 6
17 20 10
18 21 6
5 9 9
8 11 11
7 9 3
2 5 10
12 16 9
6 10 6
21 0 12
2 4 10
9 14 3
22 1 10
0 3 11
15 19 3
22 2 3
7 10 7
12 14 1
20 23 1
14 17 12
20 23 1
23 3 1
6 10 4
7 9 7
10 12 10
10 13 8
13 15 2
23 1 9
5 8 12
0 4 5
1 3 4
21 1 4
18 20 1
8 10 2
0 3 4
20 23 7
0 3 10
17 21 9
9 12 3
4 7 12
10 14 1
4 8 3
1 5 9
22 0 11
15 18 8
22 2 10
19 21 4
21 0 4
20 0 4
7 11 8
21 2 2
17 20 7
5 7 10
23 2 6
17 20 9
16 17 5
6 8 10
3 6 9
13 17 12
10 12 1
1 5 1
2 5 1
20 0 1
11 14 2
8 11 8
11 15 4
22 1 2
9 13 8
1 5 9
12 14 3
13 16 8
18 22 11
18 21 4
18 21 3
20 22 7
9 10 11
19 23 1
13 16 5
15 19 11
22 2 2
6 7 10
12 12 3
0 1 3
12 15 8
3 8 3
23 2 2
21 0 2
22 1 6
18 22 12
20 1 9
14 17 2
7 9 5
15 17 5
8 12 6
8 11 1
15 18 6
23 2 11
0 3 4
14 17 8
20 22 12
12 15 12
6 7 9
21 0 10
8 11 10
4 7 8
15 19 9
1 6 12
2 8 3
13 15 11
4 7 4
10 13 8
23 2 2
11 13 2
8 12 3
17 21 12
14 18 4
20 23 5
4 5 12
15 19 12
1 4 1
17 20 8
20 21 8
18 23 11
20 23 12
5 7 7
15 21 7
8 12 1
14 16 6
18 21 9
15 20 10
15 17 6
22 0 10
11 14 8
9 12 6
23 1 4
4 7 5
18 21 4
16 19 9
8 10 5
6 10 9
23 1 8
15 18 5
6 9 9
5 9 9
3 6 5
19 21 10
18 22 2
14 17 9
2 5 5
5 9 5
14 19 9
10 12 11
18 19 10
15 17 6
11 14 2
1 7 10
17 21 12
22 1 5
9 11 9
6 10 8
5 8 7
19 21 11
18 20 6
14 16 10
14 17 1
8 12 5
3 6 1
7 9 9
21 0 9
14 15 1
11 13 8
20 1 5
10 12 7
11 14 10
1 3 10
16 20 5
22 1 10
2 4 5
17 19 9
9 12 12
17 19 12
22 0 10
16 18 12
8 10 10
8 12 8
1 4 4
7 10 12
8 11 10
3 5 8
9 12 2
10 13 3
16 20 6
3 9 11
23 4 9
18 20 11
16 19 8
11 14 11
4 6 4
13 16 8
15 18 6
1 4 11
1 5 5
10 14 1
7 9 5
12 14 10
18 21 9
11 14 8
14 18 6
17 21 5
11 13 5
23 1 7
0 4 10
16 19 12
8 11 4
10 14 10
13 16 10
0 2 3
1 5 10
16 21 3
15 19 6
23 3 12
4 8 8
17 23 6
14 17 4
16 20 4
22 2 12
12 14 5
2 5 3
19 0 4
17 20 7
13 16 9
23 0 9
10 14 5
11 14 12
6 9 3
19 0 9
21 0 5
19 22 1
20 23 9
10 12 12
22 1 4
22 1 9
5 7 5
1 4 9
12 15 8
7 11 12
16 19 9
17 20 2
5 8 3
1 2 4
6 8 12
19 0 10
14 17 2
21 0 4
20 22 6
21 23 4
16 19 12
1 3 3
4 5 10
8 11 1
10 12 12
7 10 9
3 6 8
20 22 12
7 12 9
19 21 6
2 5 11
13 15 1
12 16 9
12 16 1
0 3 4
1 3 10
10 12 2
6 9 5
5 8 8
5 6 4
8 12 1
6 10 7
5 10 6
3 7 2
16 19 8
20 23 2
4 7 2
5 8 4
13 16 11
22 1 10
18 21 6
11 14 12
9 10 10
22 2 7
9 12 1
7 9 1
7 12 3
18 22 8
1 5 6
20 22 5
14 18 11
7 10 9
5 9 2
9 11 3
22 1 4
9 12 5
15 16 7
23 2 9
3 7 9
14 17 4
14 17 10
7 10 7
6 9 7
0 2 6
11 14 6
5 7 8
18 21 12
19 22 3
10 12 11
23 2 11
21 2 1
3 6 11
19 22 12
4 6 6
11 14 2
15 17 10
21 1 10
17 20 9
19 22 9
0 4 7
17 19 11
9 12 9
2 5 1
17 19 2
17 21 5
16 17 3
3 6 3
18 22 4
2 5 10
9 12 2
16 18 1
9 11 5
4 7 5
2 7 10
14 15 3
11 13 4
17 21 1
13 15 1
4 7 10
3 6 5
10 11 4
15 17 7
16 18 9
19 20 5
13 18 3
17 20 2
9 10 1
3 7 8
13 16 2
2 5 7
6 10 10
18 21 6
19 21 5
17 20 4
16 20 3
23 1 4
9 11 8
18 21 3
13 15 8
21 23 10
12 17 9
12 15 1
20 23 1
4 6 10
22 1 9
23 0 9
19 21 10
9 12 8
0 2 1
10 15 10
18 0 10
5 7 6
1 3 9
18 22 5
17 20 2
13 15 6
19 22 5
23 2 5
0 3 2
6 10 2
14 17 1
5 9 6
3 7 9
19 21 12
19 23 2
10 13 9
9 13 6
6 8 6
3 7 2
9 14 5
0 3 11
14 17 6
19 22 12
15 17 10
23 1 8
20 23 5
17 20 7
23 1 7
0 4 11
1 5 7
15 16 6
1 5 6
15 19 12
4 7 7
1 3 7
22 0 6
3 6 9
13 16 10
12 16 12
22 0 10
0 2 5
16 21 1
21 0 11
21 23 12
6 7 2
12 16 10
0 2 11
2 4 11
3 5 7
3 7 4
