1600 18
9 6 1 4 6 8 4 6 1 1 10 9 10 2 2 2 7 5 
6 9 11
2 7 2
8 12 16
10 12 10
11 14 11
18 21 6
10 14 7
8 11 10
1 5 11
0 3 16
13 16 18
4 8 17
15 17 15
2 6 2
16 19 1
1 4 17
5 8 4
12 15 2
16 19 2
23 1 8
7 8 1
22 1 3
6 8 13
11 12 14
5 7 9
22 1 8
7 10 18
12 16 6
5 7 13
21 0 11
4 6 12
14 17 16
13 17 14
13 15 4
21 0 15
21 0 6
20 22 7
0 3 3
1 5 1
12 15 10
6 9 9
13 15 8
1 5 18
18 21 17
13 14 18
0 3 5
1 5 3
4 5 14
15 18 5
11 14 2
16 19 11
19 22 3
22 3 5
21 23 18
13 15 17
18 21 5
7 9 13
2 5 1
18 20 5
21 0 2
12 15 4
3 7 18
13 17 6
20 23 1
5 9 7
10 14 15
8 10 12
23 3 1
8 9 17
8 12 7
21 0 8
16 19 3
3 7 15
7 10 1
1 3 5
15 17 3
9 10 6
20 0 8
7 11 8
23 4 12
0 2 14
12 16 16
9 13 18
11 13 5
2 6 12
12 13 18
10 14 5
17 18 7
6 8 10
18 21 3
8 9 1
0 4 6
8 11 15
3 4 8
15 18 18
16 18 7
5 9 12
9 12 17
10 14 1
4 8 12
16 19 16
19 23 9
17 18 4
10 14 14
11 14 3
16 19 7
12 15 10
14 17 12
9 14 5
22 0 12
22 2 4
23 2 17
2 5 14
20 1 4
18 22 13
0 2 2
19 23 18
23 23 4
21 1 16
18 21 8
6 9 14
6 10 15
3 8 11
1 3 5
18 21 16
5 8 16
10 13 3
9 11 8
9 10 15
20 0 12
21 23 8
9 11 6
20 22 7
3 6 6
8 11 6
13 17 16
19 22 3
4 8 11
14 17 2
20 22 18
16 19 6
14 17 18
11 17 2
8 12 17
2 6 16
0 2 1
15 16 12
2 6 1
21 1 5
8 11 5
6 9 18
19 19 18
20 22 9
20 0 18
18 21 2
1 3 11
14 19 1
17 20 3
0 4 12
19 22 11
19 22 3
11 14 15
7 11 3
6 9 5
4 7 3
5 9 6
12 15 1
14 18 17
0 4 6
6 9 6
8 12 17
0 4 3
17 17 18
17 21 13
17 20 12
2 4 14
3 6 9
3 5 15
6 8 4
10 12 8
3 6 8
21 23 4
23 3 17
23 3 14
7 9 3
20 0 15
17 22 10
14 16 5
18 21 14
2 4 12
13 17 8
10 13 6
3 7 8
8 10 1
7 10 10
0 3 14
19 23 11
23 2 8
10 12 7
22 0 7
22 1 1
10 13 4
7 10 17
9 13 16
20 23 4
4 6 15
1 5 8
8 11 11
5 8 6
2 6 16
18 21 6
5 8 4
9 12 3
4 8 3
2 6 13
16 17 8
2 6 12
5 9 12
4 6 5
17 20 7
5 8 9
18 22 2
20 0 15
18 20 9
11 13 2
10 14 18
14 18 10
1 4 5
2 6 6
0 1 18
10 12 16
21 2 10
9 12 5
8 10 5
11 15 15
1 4 9
8 12 11
21 23 6
7 9 5
2 5 18
12 14 3
4 7 7
19 21 17
16 19 5
15 18 5
14 18 16
18 21 9
12 17 8
12 14 4
0 2 4
5 8 17
8 10 5
8 12 16
22 0 8
18 21 10
20 22 15
8 11 11
16 19 17
21 23 6
14 17 7
22 0 11
16 20 2
1 3 18
9 13 13
6 9 5
0 3 1
3 6 13
4 9 14
8 12 15
18 21 9
20 23 9
19 22 8
10 11 2
5 8 3
12 16 6
18 21 6
15 19 18
12 16 13
8 10 6
22 0 12
14 17 10
6 9 4
3 6 4
22 3 6
17 19 13
16 19 12
21 22 7
9 12 15
14 19 11
19 21 6
5 11 11
3 7 12
15 17 14
22 2 15
21 0 3
21 2 10
19 22 15
10 15 3
22 1 11
0 2 4
6 9 14
22 0 14
8 11 15
20 22 14
22 1 5
14 16 6
18 22 5
18 20 4
23 1 12
18 22 8
21 1 6
8 11 11
21 22 4
16 21 14
11 12 1
11 14 2
23 1 13
7 11 10
15 16 16
1 5 11
18 21 13
6 10 1
2 5 13
12 15 6
20 22 16
1 3 5
18 22 18
9 11 7
5 8 8
0 3 8
10 12 3
15 18 9
16 17 5
3 8 1
8 12 12
1 4 6
16 20 3
1 4 16
21 23 14
5 8 16
1 3 2
1 5 8
2 4 18
15 17 10
5 8 15
19 22 5
21 22 13
9 11 15
20 1 2
4 6 1
21 1 9
22 0 7
6 8 4
19 21 2
21 1 5
22 0 12
8 11 4
19 22 7
21 1 2
19 22 16
1 4 14
15 17 2
13 17 15
11 14 10
22 23 1
7 12 9
6 10 15
11 13 5
13 17 15
5 7 16
0 4 8
18 20 14
18 20 15
9 12 10
12 15 10
5 8 2
13 16 2
0 3 16
19 22 1
9 13 4
10 13 9
13 17 13
6 9 11
14 16 12
2 5 10
10 13 15
6 9 15
18 23 10
18 21 3
7 10 8
19 23 16
4 8 9
3 6 11
16 18 17
22 1 7
18 21 11
4 6 17
1 4 2
8 10 2
14 18 10
11 13 12
19 23 11
19 22 2
10 13 8
13 17 8
13 17 10
19 21 14
0 3 2
5 9 10
6 7 6
5 9 2
9 13 13
4 7 16
1 4 3
18 22 18
3 6 17
13 16 3
21 0 14
23 3 14
17 20 4
23 2 17
12 15 8
7 12 6
16 20 3
19 20 7
11 13 6
1 3 6
19 23 1
3 4 3
12 15 7
8 13 3
18 21 2
21 0 18
8 12 18
12 14 1
12 13 13
11 15 2
9 11 5
6 9 13
19 22 15
6 10 7
13 15 12
23 2 4
22 1 4
3 5 4
11 14 2
12 17 12
7 10 17
9 13 5
9 13 4
16 18 15
11 14 1
0 3 16
9 11 3
12 15 9
15 17 3
13 16 12
10 14 6
10 13 18
20 21 6
1 4 3
21 0 5
6 8 9
14 16 11
8 10 12
18 19 18
23 5 6
4 6 14
12 15 9
4 7 11
22 0 15
18 22 2
15 17 10
20 23 3
13 15 17
17 20 15
10 14 4
7 10 4
13 17 9
19 22 2
6 11 10
6 8 11
5 7 3
18 21 12
12 15 8
1 5 7
8 11 16
18 21 17
10 13 2
18 23 8
20 23 16
20 23 15
10 10 13
20 23 17
21 0 9
19 20 12
13 16 9
21 23 18
0 4 12
0 4 7
18 22 15
14 18 10
9 11 12
16 17 7
9 13 18
1 5 9
3 5 2
19 23 8
5 8 12
6 9 1
14 18 5
18 22 15
4 6 3
8 11 18
22 2 14
4 7 16
6 10 12
11 14 18
1 5 3
1 5 8
0 4 14
7 11 6
23 2 12
21 1 15
5 7 1
2 6 18
17 20 9
19 22 5
23 1 1
12 15 16
11 15 15
9 11 13
21 1 9
19 21 7
12 14 17
14 17 16
10 12 5
1 4 14
9 12 3
23 4 17
12 16 18
19 22 14
13 15 1
7 8 17
3 8 4
17 21 4
3 5 2
22 2 12
15 17 6
20 23 11
5 8 12
16 19 16
11 15 15
15 18 12
19 22 5
14 18 8
0 4 12
23 2 14
10 13 18
6 8 12
16 20 6
19 21 16
19 23 10
21 1 8
17 19 5
13 15 7
1 5 9
4 7 11
13 15 17
1 5 16
5 7 3
18 21 18
8 10 5
22 23 11
20 0 4
8 11 8
6 10 5
12 15 18
11 14 9
6 8 18
19 22 3
12 15 8
18 21 13
13 15 11
12 15 7
21 23 5
9 11 10
19 22 14
20 23 2
9 11 15
12 15 18
13 18 13
18 20 6
22 1 17
15 16 1
5 9 2
6 9 1
2 5 12
13 16 16
14 18 10
20 23 13
3 4 5
15 20 2
3 6 10
15 17 6
18 21 15
5 9 8
7 11 16
18 20 1
7 9 13
0 3 15
8 11 14
0 2 9
2 6 16
5 10 10
18 21 2
11 13 14
20 23 12
4 7 13
22 2 5
3 8 8
10 13 6
15 18 5
1 4 1
11 13 18
9 11 5
19 22 7
1 4 13
11 15 4
6 8 4
13 16 7
10 14 8
22 23 15
14 17 5
1 3 16
14 16 6
15 18 4
4 5 6
10 13 8
23 0 14
2 4 9
10 14 3
0 4 15
9 11 13
16 19 12
3 7 16
11 15 10
9 11 2
19 23 4
22 0 4
7 10 16
18 20 2
17 21 11
14 17 7
3 7 14
15 17 6
19 21 6
12 15 17
9 11 5
11 15 17
4 6 11
16 19 13
17 21 10
21 23 7
12 16 15
1 3 13
21 23 7
16 20 15
20 21 8
7 10 12
13 15 11
13 15 1
19 22 15
8 11 10
19 21 9
17 20 2
8 12 16
14 17 5
17 20 3
3 7 15
12 16 14
16 19 1
2 7 7
7 10 12
1 5 10
17 21 3
17 21 4
19 22 3
9 12 6
11 14 9
6 10 7
4 8 18
17 19 12
17 19 8
3 8 15
13 16 12
7 8 2
12 15 2
14 18 11
16 19 9
23 2 18
3 6 5
18 21 11
17 20 16
6 8 6
14 18 10
22 3 11
5 9 5
12 15 1
15 17 3
10 13 13
19 22 8
18 20 10
2 4 1
13 16 18
20 0 7
19 20 18
5 8 8
7 10 13
20 0 9
17 19 16
7 9 5
7 10 14
18 23 14
22 2 10
11 14 10
6 8 3
9 11 18
23 0 17
2 5 11
10 13 1
13 18 14
21 0 6
20 22 9
0 4 13
18 21 17
15 17 16
8 14 2
0 3 17
1 4 10
5 7 14
17 20 1
19 22 11
10 13 11
6 7 1
16 19 5
19 22 17
9 13 9
21 23 16
6 8 17
14 18 9
0 4 1
11 15 18
18 21 10
12 13 2
0 5 2
19 23 10
8 11 3
5 8 3
20 23 14
7 9 4
5 7 15
6 10 14
16 20 1
21 1 3
21 0 10
16 19 1
5 7 6
1 5 5
15 18 17
23 1 13
19 0 6
7 10 13
20 22 15
17 21 11
21 1 4
23 2 9
11 13 18
12 15 18
1 4 5
17 20 18
11 16 3
10 12 5
12 15 13
8 11 7
1 3 6
16 19 9
10 14 13
15 17 5
4 7 17
16 18 5
23 1 17
2 5 17
21 1 8
21 0 1
21 1 15
16 18 14
10 12 12
18 19 3
22 2 16
17 19 14
8 10 16
2 5 6
0 2 8
14 17 7
17 21 1
17 19 7
17 21 4
8 13 7
10 13 7
23 2 10
17 21 10
14 17 4
1 4 18
22 2 17
14 15 16
17 20 5
4 8 15
18 22 17
1 4 11
10 13 1
4 6 8
19 22 10
22 0 1
17 19 5
3 7 9
14 16 4
8 11 13
19 22 16
9 12 2
7 10 17
0 3 4
9 12 13
21 0 14
14 18 11
10 16 15
20 23 5
18 20 13
17 20 13
2 5 10
17 18 9
11 16 4
9 10 5
11 15 15
2 4 11
11 15 6
23 1 3
16 19 3
16 19 5
9 13 7
20 22 14
17 21 7
11 13 5
16 19 18
7 9 18
16 19 10
1 4 18
1 3 18
22 0 7
7 11 11
5 7 10
15 18 7
5 7 13
21 1 2
19 21 15
12 14 9
0 4 9
1 4 1
17 20 2
11 13 14
15 18 9
9 11 10
16 19 2
2 5 2
6 9 7
14 19 7
10 15 1
19 23 16
23 1 16
4 7 8
23 3 17
0 4 11
17 20 11
4 6 7
13 17 15
3 5 9
0 4 6
12 15 13
21 0 6
9 13 11
14 17 11
4 8 15
20 23 3
5 8 8
18 19 17
5 10 16
2 5 7
5 7 13
15 16 10
8 11 3
7 10 16
15 19 2
22 2 7
18 21 12
20 23 5
9 11 5
14 17 2
21 0 7
23 1 10
1 5 5
16 19 11
22 1 9
11 14 3
11 13 18
16 19 11
19 23 5
17 19 7
14 16 5
15 18 8
13 16 15
2 6 3
18 21 10
0 4 17
9 13 12
20 23 9
18 22 12
12 14 16
1 3 10
18 20 17
21 23 10
23 2 11
20 0 17
2 5 7
3 6 16
8 11 16
19 22 4
14 15 7
7 11 1
1 5 13
6 8 9
4 7 9
6 9 12
4 9 5
12 14 3
12 16 14
14 19 2
0 1 10
21 23 7
3 8 9
3 7 17
5 9 17
15 19 14
10 12 5
2 7 5
23 23 16
6 10 16
5 10 14
23 3 4
6 9 15
21 0 16
2 6 12
15 18 2
12 17 2
17 18 14
5 7 14
3 4 9
19 21 3
12 13 16
0 3 12
0 2 6
2 5 2
21 0 10
19 23 6
6 9 2
17 19 12
10 13 5
20 23 6
1 5 1
8 11 8
14 17 5
7 11 13
2 4 11
22 0 10
5 7 9
16 20 15
20 1 18
7 10 10
7 10 17
11 13 3
22 1 14
9 12 2
22 2 17
10 11 18
0 3 12
19 20 4
16 18 6
8 11 12
17 21 4
10 12 8
11 14 2
5 7 1
23 3 3
20 22 12
16 20 18
8 13 7
19 0 6
2 7 16
3 4 12
23 2 17
17 21 12
16 18 6
22 23 14
18 19 15
18 20 3
16 20 17
13 16 16
2 6 16
16 19 18
18 20 13
2 5 15
17 20 7
21 0 8
4 7 9
12 16 8
0 4 15
20 23 12
7 11 8
2 6 8
5 9 1
4 6 4
23 2 1
15 19 10
23 2 1
15 17 2
2 7 13
0 2 11
22 1 16
20 23 9
14 19 6
13 17 15
7 10 16
11 13 17
18 21 3
23 4 10
10 12 18
15 17 11
7 10 1
23 3 18
15 19 1
16 19 10
5 8 8
19 23 12
7 9 10
4 8 16
20 22 16
23 1 6
20 0 4
8 13 10
0 2 1
23 3 12
14 18 10
11 15 3
5 7 17
15 18 1
10 14 2
1 4 5
5 6 1
14 16 7
13 15 6
11 14 10
3 4 8
20 23 9
8 11 3
1 4 1
23 3 9
13 17 11
13 16 16
12 16 16
7 10 5
10 13 17
20 0 4
19 23 5
3 7 15
4 7 16
21 0 9
21 2 18
20 22 15
17 18 12
6 9 12
15 19 6
19 22 9
5 9 14
3 6 17
23 2 13
13 17 8
16 19 11
22 0 11
15 18 16
7 9 5
2 4 18
12 15 2
17 19 5
5 9 10
22 2 8
21 0 15
18 21 12
21 23 10
16 16 1
17 19 2
17 20 7
6 9 6
21 22 5
1 4 10
19 23 11
17 19 9
5 8 6
18 19 4
20 23 10
6 8 10
23 2 15
3 7 11
12 15 1
16 19 8
10 12 9
21 0 6
9 12 2
1 5 14
16 19 5
4 8 12
20 23 15
16 19 1
19 21 4
13 16 18
3 6 6
9 13 9
21 23 2
18 22 18
23 1 4
5 9 7
10 14 16
16 18 3
22 1 4
6 7 5
15 17 6
3 7 1
13 14 12
21 0 8
1 2 13
7 11 7
10 14 2
0 4 13
6 10 17
23 3 5
4 7 14
14 17 14
13 16 1
0 3 12
0 2 9
23 2 16
13 16 2
20 1 11
13 16 5
3 5 16
21 22 8
13 17 6
16 19 4
13 16 11
8 10 7
22 2 9
13 16 4
11 14 10
3 5 6
2 6 11
7 9 1
17 19 16
8 10 15
5 7 17
18 21 15
9 13 1
7 11 8
14 16 12
18 20 14
10 13 18
17 22 14
14 19 14
18 21 13
8 11 18
17 19 14
20 23 14
7 12 3
13 16 16
20 22 8
10 13 5
11 13 15
7 9 12
15 19 17
19 22 1
5 8 17
17 19 1
5 8 2
17 20 17
13 16 5
2 6 4
17 20 9
3 8 8
0 5 5
23 2 5
18 21 12
3 7 13
9 11 5
0 3 4
1 3 5
12 13 1
2 5 10
12 15 1
13 15 6
10 11 7
10 13 13
13 16 5
0 4 12
21 0 9
9 13 6
8 13 2
2 6 11
14 18 13
9 12 6
2 5 4
22 0 12
21 0 10
1 4 10
0 2 7
14 17 8
13 18 7
6 8 7
11 12 13
5 7 5
8 9 6
13 17 1
18 21 7
3 7 12
5 8 6
3 7 12
15 20 8
17 20 2
9 11 16
3 7 2
18 22 15
10 14 18
23 1 18
10 13 16
7 10 3
2 4 13
2 6 14
21 23 17
22 0 11
2 4 7
18 19 8
11 14 17
0 3 6
0 3 13
11 13 8
11 12 12
3 7 14
20 22 16
9 10 16
1 4 4
2 6 13
15 16 14
14 17 8
15 16 10
2 6 5
4 8 2
20 22 12
17 21 3
11 16 6
10 14 6
20 0 18
0 3 12
23 1 1
23 4 2
21 0 3
6 8 15
19 23 3
21 1 16
18 21 13
22 23 3
5 8 16
18 20 17
16 19 2
6 8 12
23 1 13
13 16 1
11 14 1
5 9 2
2 4 11
14 18 9
0 4 9
5 8 16
9 12 15
21 23 10
5 9 7
22 23 11
12 14 17
15 19 15
2 7 4
20 23 15
14 15 13
15 20 4
7 9 7
4 7 15
23 2 1
13 15 7
7 11 11
2 4 6
16 19 11
21 1 12
10 12 8
2 7 12
5 8 3
4 7 5
19 22 12
0 3 5
18 22 3
14 18 7
20 22 4
7 9 11
19 21 17
23 1 7
12 15 11
17 21 17
15 18 11
13 17 8
1 4 3
18 21 14
16 19 5
13 14 16
2 5 14
22 1 13
20 0 3
21 0 5
19 22 11
20 23 1
11 13 17
16 18 7
17 20 5
1 5 15
3 8 16
0 1 7
15 17 9
15 17 9
11 12 2
10 13 3
16 20 10
22 1 14
22 1 12
5 9 17
5 8 8
12 16 11
19 23 11
1 3 17
8 11 16
11 14 2
21 23 13
5 6 1
6 7 1
12 14 15
9 12 13
20 23 1
14 16 8
19 23 5
13 17 7
16 20 16
22 0 9
6 11 1
13 17 13
16 21 9
11 15 16
20 23 1
17 22 6
1 5 13
1 4 2
21 23 1
11 13 14
14 16 12
10 12 10
12 17 5
7 11 17
22 1 1
13 15 4
17 21 12
9 14 6
3 7 1
0 4 2
2 6 14
22 1 4
10 14 4
9 13 6
6 9 18
19 23 11
18 20 12
11 14 10
2 5 16
12 14 5
20 21 10
23 2 16
9 12 8
23 3 18
4 7 10
15 20 18
10 11 8
20 23 16
17 20 9
10 12 7
6 9 16
4 7 16
16 19 18
15 18 2
8 11 7
2 5 10
10 13 13
6 9 14
5 7 14
17 20 7
16 18 1
10 14 11
20 23 10
20 0 5
19 21 12
12 15 13
4 7 16
6 10 8
23 2 1
6 10 18
23 5 16
4 7 17
22 0 9
23 2 17
9 12 7
12 15 17
18 21 5
6 9 8
7 11 11
5 7 4
9 12 3
21 0 17
17 20 5
9 11 7
18 23 8
19 21 18
21 23 10
10 12 1
5 6 4
12 15 13
7 9 3
9 12 9
8 10 17
11 14 7
4 7 3
18 21 6
12 15 11
8 11 5
4 7 9
13 16 14
7 12 18
15 19 7
1 3 13
7 9 6
12 14 17
17 21 12
23 0 10
1 1 2
5 9 2
19 21 12
13 15 2
14 16 11
10 13 3
14 18 4
23 4 16
0 2 9
8 11 18
0 3 5
9 11 15
3 5 3
0 3 3
22 1 2
17 20 5
13 16 10
6 8 4
12 17 13
2 5 1
7 10 3
5 8 17
11 14 5
11 14 3
16 20 12
15 19 2
8 10 6
20 23 11
5 8 14
15 19 9
15 18 2
11 14 6
22 1 9
19 21 10
5 8 17
22 1 3
15 17 3
16 18 16
22 1 1
14 16 12
20 1 15
17 20 7
7 8 13
8 9 10
14 17 3
7 12 18
17 20 18
4 7 13
22 1 3
1 5 3
3 5 16
13 16 1
7 11 9
14 18 9
13 17 8
6 9 5
17 20 8
9 11 15
0 2 5
12 15 3
11 14 9
12 15 13
10 12 6
21 1 15
5 8 10
21 0 10
8 11 1
20 23 17
0 3 18
9 11 6
4 7 7
3 7 9
8 11 9
12 15 12
17 20 15
11 13 1
2 6 4
7 11 12
8 10 2
8 11 4
2 6 12
11 13 18
21 0 18
6 9 16
13 17 15
13 15 4
2 5 6
20 23 8
4 8 15
16 19 12
20 23 5
15 18 17
3 6 3
16 20 16
1 6 3
8 11 16
19 0 16
16 19 4
12 14 6
13 16 11
6 6 9
1 3 17
5 7 17
15 18 4
4 6 6
0 2 1
5 9 18
0 3 8
15 17 5
5 8 3
13 16 2
23 1 13
14 19 16
8 10 7
19 22 4
5 7 8
5 8 7
13 15 6
3 5 4
0 3 16
4 6 9
19 22 4
2 3 11
7 11 7
0 3 3
8 11 11
12 15 14
13 15 3
10 12 11
0 2 13
