750 19
7 4 8 7 9 3 8 7 8 9 9 9 10 4 1 8 5 8 9 
16 19 12
22 0 11
15 17 17
14 19 8
10 13 11
8 10 13
5 7 18
16 18 15
23 3 11
15 18 3
19 20 16
1 7 9
11 13 15
2 6 2
23 5 11
3 6 9
13 16 9
19 23 6
19 20 12
18 21 1
15 18 8
13 14 7
22 1 4
21 1 3
23 4 19
7 12 2
20 23 10
11 15 14
18 22 3
2 4 13
18 21 2
19 22 19
7 11 10
17 21 12
8 10 5
12 14 9
4 6 8
11 13 19
18 22 3
3 6 10
10 13 5
23 1 16
22 23 17
8 10 3
17 21 2
10 14 13
11 13 17
9 11 18
16 19 15
3 6 1
19 22 17
7 9 12
19 21 4
1 4 2
21 0 7
2 5 16
16 20 6
18 20 14
11 15 2
3 6 2
22 1 16
22 1 4
16 18 12
8 10 13
21 23 3
18 21 18
17 19 7
23 4 11
8 11 8
10 13 7
21 2 18
7 9 5
5 7 6
8 11 5
2 5 11
2 6 11
15 18 3
21 1 16
15 17 10
18 20 10
1 4 8
1 3 18
13 17 18
1 2 9
6 10 13
5 8 7
3 6 2
7 10 19
20 21 12
15 18 19
20 21 13
6 8 8
19 22 5
2 4 12
14 17 15
16 19 4
8 12 12
6 11 13
15 17 14
16 19 5
8 11 6
0 5 3
10 14 9
16 17 5
4 8 8
15 17 4
20 21 19
21 1 4
7 10 8
11 15 17
3 5 7
8 12 16
2 3 8
23 3 17
12 15 7
22 3 11
13 15 8
21 23 12
3 7 15
9 11 2
12 16 13
23 1 19
18 21 9
18 20 16
10 13 16
4 9 18
21 3 18
14 17 12
17 19 2
23 4 12
23 2 14
19 0 15
6 8 2
16 19 2
5 9 1
13 16 18
15 17 1
4 6 12
19 0 10
3 8 6
17 20 5
22 3 1
19 22 9
23 3 5
22 2 5
4 7 11
15 19 8
18 21 5
0 3 6
17 19 17
3 5 17
0 4 18
0 3 19
6 10 11
10 12 8
4 6 11
3 4 9
12 15 9
20 0 16
9 13 6
5 4 15
19 23 10
10 13 14
4 7 9
13 15 19
22 2 8
22 2 4
16 18 10
14 18 13
11 14 8
20 23 11
6 10 18
1 4 19
12 16 13
9 11 11
0 4 18
4 7 3
4 8 13
23 1 19
4 5 19
12 15 19
12 14 2
20 23 18
8 11 2
15 17 2
0 4 12
5 8 14
10 13 7
20 23 16
23 1 16
15 19 6
12 14 12
20 20 4
7 11 14
23 2 2
0 2 17
16 20 17
2 4 7
10 11 3
2 4 6
10 15 13
17 19 2
10 13 19
0 4 18
5 8 3
19 23 10
22 1 8
2 6 16
1 5 15
13 18 12
18 22 1
11 13 8
22 1 3
17 20 2
10 14 5
23 1 8
21 23 13
15 18 9
3 7 16
6 8 15
13 17 8
13 17 9
17 19 3
19 23 7
0 3 12
21 23 14
23 1 15
13 16 7
7 11 18
23 3 11
21 23 13
3 5 12
3 6 14
11 15 19
19 1 16
1 3 16
10 12 16
7 9 1
14 16 7
1 4 8
1 4 19
3 6 3
3 5 1
16 20 7
20 22 15
14 16 18
2 5 13
22 2 4
0 1 7
13 16 17
12 15 17
21 1 2
3 6 11
20 0 10
14 18 1
19 22 4
15 17 18
7 9 13
22 2 11
2 6 12
7 10 6
16 19 18
15 18 7
19 21 1
16 20 19
16 19 17
7 11 5
18 19 8
22 1 11
16 19 6
0 2 3
17 20 15
19 21 2
21 23 16
13 16 13
22 2 19
20 0 17
18 21 15
17 20 18
2 5 6
23 3 1
18 22 12
17 21 8
6 11 14
15 18 7
17 19 18
8 11 12
4 7 10
4 7 18
20 23 12
16 20 16
18 20 11
23 2 6
15 17 4
23 2 16
14 17 14
1 4 15
0 4 6
5 7 12
6 9 12
7 8 7
21 23 10
12 15 15
15 19 4
0 3 18
7 10 6
19 23 17
7 8 9
7 10 11
15 16 9
8 10 2
17 18 12
9 10 2
10 11 17
14 16 13
8 10 18
10 13 15
11 13 16
22 2 4
16 18 13
8 10 5
23 3 6
21 1 5
14 18 14
11 13 12
16 19 6
4 7 6
15 18 1
10 13 18
23 2 17
12 15 11
8 12 13
13 14 10
2 5 3
8 10 17
13 14 13
13 18 19
20 0 9
2 5 17
12 16 3
14 19 4
1 3 8
22 2 17
1 3 12
6 7 6
1 5 2
16 19 6
18 21 6
3 8 2
3 6 13
11 13 9
23 4 9
22 3 7
21 0 13
2 6 2
6 9 10
23 3 3
2 5 9
1 3 2
5 7 11
16 20 17
7 8 4
6 8 2
17 20 10
15 19 5
15 20 13
12 18 5
6 9 19
13 16 11
22 1 2
1 5 6
15 18 11
11 14 6
15 18 5
8 10 11
2 5 13
11 14 6
11 16 4
3 5 7
14 16 1
4 7 3
14 17 10
23 1 9
10 13 10
19 21 3
18 20 3
2 4 7
21 1 14
19 23 5
6 9 10
3 7 3
6 9 14
11 13 19
1 5 7
9 13 11
20 22 17
14 18 11
3 8 14
17 20 14
9 13 1
13 16 6
16 18 9
5 8 13
1 3 14
15 18 15
14 18 12
9 13 14
4 6 3
18 22 17
7 10 14
13 15 16
15 17 14
2 5 17
7 13 3
21 0 9
9 11 12
9 14 16
23 1 16
10 13 5
12 16 17
20 23 3
5 6 19
12 15 9
16 18 8
1 4 10
13 15 13
2 5 10
8 10 2
11 13 6
6 10 15
23 2 4
5 9 18
7 10 3
10 14 9
9 11 13
9 13 14
14 16 16
13 15 9
7 9 9
4 7 16
10 13 8
2 5 6
0 4 1
2 3 9
18 19 14
7 12 4
5 7 10
20 23 15
11 13 5
10 11 13
6 9 17
5 8 7
13 17 11
14 15 13
6 7 14
20 1 9
22 0 12
17 21 15
14 18 19
2 5 16
19 21 8
10 14 9
18 21 7
20 0 10
15 19 8
23 1 19
8 11 1
21 1 3
18 21 12
5 8 17
6 9 18
23 1 5
15 18 19
0 5 13
13 17 5
10 13 1
12 16 16
9 15 9
3 6 18
22 0 6
1 3 4
6 8 14
16 19 3
2 6 4
7 11 10
12 13 12
3 6 11
17 20 11
22 1 4
9 11 14
12 16 15
8 11 4
10 13 1
0 3 10
19 0 5
16 19 6
16 19 10
17 19 11
1 4 17
22 1 3
21 1 19
11 15 13
18 20 9
13 16 17
15 18 10
9 11 2
2 5 18
14 18 1
11 12 1
8 11 19
2 5 10
0 3 7
13 18 8
4 8 5
16 19 4
13 17 10
14 15 4
0 3 15
13 16 13
16 20 6
22 0 3
7 11 10
13 16 10
7 11 13
3 6 7
16 20 3
10 12 17
18 22 14
2 3 7
11 14 16
15 18 6
22 2 18
3 6 1
18 19 7
10 15 9
18 21 6
8 12 19
8 12 11
16 20 9
5 8 11
10 14 19
2 5 11
14 17 14
20 1 16
15 18 5
20 23 6
11 14 18
15 16 2
5 9 9
17 20 1
22 3 18
3 7 16
11 14 12
13 16 5
20 23 9
23 2 8
6 10 2
23 1 5
2 4 7
18 22 14
15 18 17
2 4 17
15 19 4
1 4 3
1 3 14
14 16 12
15 18 19
10 16 13
11 15 9
2 5 13
6 11 19
15 16 18
15 19 6
7 10 7
0 3 3
13 17 3
5 8 7
21 22 4
22 1 5
23 1 2
11 15 10
5 9 11
2 7 11
8 11 4
10 11 6
20 1 15
19 22 17
23 3 10
3 6 18
15 19 6
5 7 18
15 18 18
5 8 3
8 10 4
5 6 2
10 13 5
11 12 8
14 17 18
8 12 2
10 13 16
17 19 3
23 2 4
7 11 9
10 14 8
6 6 17
16 18 8
20 22 19
4 8 10
5 9 10
14 18 15
23 4 19
5 9 6
9 13 5
14 16 18
10 14 14
8 10 8
16 17 19
1 5 18
10 13 13
17 22 5
17 20 2
1 3 2
23 1 4
11 14 19
18 20 16
14 16 11
16 20 2
6 11 11
2 3 9
21 0 19
4 7 3
21 1 17
17 21 7
12 16 19
19 21 7
17 20 2
11 14 13
2 6 8
9 11 7
12 14 15
15 18 4
4 7 18
7 10 8
4 5 12
5 9 7
1 4 12
0 3 15
17 21 15
6 9 19
3 6 17
6 9 17
3 7 7
0 4 1
9 12 1
8 10 19
0 3 16
1 3 6
7 9 1
13 17 13
23 0 15
23 3 14
5 9 18
20 1 8
11 15 2
11 15 10
4 7 8
22 0 11
17 19 5
11 13 10
1 5 8
20 21 12
9 12 12
0 2 9
23 1 3
14 19 12
1 4 5
13 15 15
20 0 19
20 22 10
1 6 8
15 18 10
23 3 5
20 0 10
1 2 11
13 16 12
10 13 1
10 11 19
11 14 14
16 20 14
8 11 12
5 7 7
18 21 17
17 20 6
16 20 4
0 2 4
4 7 11
14 16 2
15 19 19
2 4 1
19 21 14
23 3 7
1 4 6
11 15 17
15 19 2
8 11 4
6 8 3
13 15 16
19 22 14
18 19 11
8 11 19
7 9 11
20 23 3
20 0 7
12 14 2
7 12 10
17 20 4
4 7 8
16 19 14
7 11 8
18 22 10
16 19 1
18 21 15
5 7 15
3 5 6
9 11 5
5 7 12
8 11 17
8 9 12
13 16 17
15 18 8
14 19 15
6 9 19
6 8 17
16 17 7
6 10 5
7 11 19
2 6 4
17 18 6
0 1 14
12 15 4
9 11 18
7 10 15
14 17 13
0 6 2
15 20 8
14 17 13
21 1 17
5 7 12
18 22 10
12 15 8
