2900 13
4 5 5 7 2 4 2 2 3 5 2 5 6 
10 12 10
17 21 12
2 5 9
17 21 9
5 8 2
23 1 4
11 13 2
1 3 10
7 8 5
9 12 9
2 4 9
4 7 2
7 10 13
8 11 12
11 15 12
1 4 13
0 3 9
17 21 9
0 4 12
3 6 10
21 23 12
3 5 10
19 19 10
0 1 6
2 5 3
15 19 5
11 13 10
21 0 11
8 13 8
16 20 6
1 5 2
22 1 6
11 15 6
18 21 11
8 11 8
9 12 6
14 18 2
16 20 13
18 22 3
10 12 2
3 7 1
14 18 4
22 1 12
23 2 8
5 10 4
18 21 6
13 16 2
13 16 3
6 9 5
15 18 2
13 15 9
19 22 6
2 5 12
1 5 12
17 20 9
20 1 2
7 10 10
11 14 1
4 7 13
12 14 6
16 17 10
15 17 8
13 16 13
15 18 3
21 23 1
21 23 12
22 1 10
23 2 6
23 1 2
21 0 4
19 21 2
2 3 5
1 4 9
7 10 12
9 12 11
9 11 6
6 9 7
19 22 5
21 22 10
20 23 7
17 20 10
12 15 11
17 22 4
1 4 13
23 1 11
10 12 7
1 3 9
19 0 10
5 8 1
4 8 2
15 17 6
10 12 5
15 19 9
14 18 3
5 7 8
9 13 6
19 23 6
4 8 12
16 19 12
18 20 11
4 6 7
17 21 4
17 21 10
4 7 3
8 11 7
1 3 12
5 7 2
6 10 4
16 19 3
1 5 12
16 19 10
1 3 4
5 8 10
4 7 5
18 22 8
5 7 9
7 8 9
11 13 8
8 11 9
4 6 9
7 10 2
13 15 13
4 8 7
2 5 8
13 17 5
20 22 6
17 20 2
20 23 9
23 2 6
11 14 10
8 11 2
21 1 9
17 19 5
13 14 3
2 6 7
13 16 12
6 9 12
4 8 1
2 4 10
13 15 10
23 3 12
1 3 12
6 10 9
5 9 13
23 2 5
5 9 3
10 12 7
21 23 9
4 8 5
21 1 12
6 9 2
12 14 4
13 17 12
23 2 1
16 19 3
8 11 13
8 11 5
18 21 2
8 11 7
14 16 2
17 20 8
18 21 9
0 3 11
17 19 7
1 5 7
2 5 5
15 17 3
11 13 8
22 1 6
14 17 8
8 9 7
13 14 9
4 7 8
10 15 13
3 7 9
16 19 12
16 19 7
0 2 2
5 8 7
11 13 10
12 15 12
23 3 10
14 16 7
0 2 4
18 20 6
3 5 11
22 0 9
23 4 9
14 18 12
15 19 6
9 12 11
23 3 9
18 21 10
23 2 2
20 23 6
9 9 9
23 3 5
17 19 3
15 17 1
2 5 5
21 2 7
3 6 5
7 11 9
18 20 1
14 16 13
7 11 9
20 0 7
16 19 6
6 10 2
1 4 8
21 1 7
20 2 11
3 8 13
12 16 10
9 14 7
20 1 9
4 6 7
20 23 11
12 13 10
18 21 3
12 15 1
10 12 10
8 12 5
16 19 9
5 9 12
3 6 13
4 6 8
18 20 13
0 4 12
7 10 4
20 22 4
5 7 4
0 3 5
22 23 5
14 17 2
3 6 1
6 10 5
13 15 13
7 8 5
0 3 13
12 17 9
9 11 5
3 6 12
19 22 8
7 12 5
7 11 8
0 4 9
17 22 13
5 8 5
21 0 1
14 18 9
20 0 7
10 15 4
9 14 11
4 7 3
3 6 7
2 5 8
1 4 3
19 22 12
2 5 12
13 15 5
7 11 8
22 0 5
13 18 10
20 23 4
5 8 1
17 21 2
21 2 6
4 8 9
11 13 8
18 21 10
10 13 6
19 0 3
23 3 5
8 10 6
2 5 5
17 19 7
23 1 6
20 23 13
22 2 2
14 17 9
13 15 1
2 5 8
22 2 9
23 3 5
11 13 1
18 22 5
12 13 3
9 11 10
10 13 2
6 10 7
4 7 7
21 23 2
14 17 4
1 5 10
9 13 11
14 17 9
10 11 3
18 20 13
18 21 13
23 3 4
0 3 11
3 6 10
13 18 2
8 10 7
10 14 4
0 3 1
15 17 12
11 12 8
4 7 4
20 23 6
20 2 1
12 14 5
12 14 3
15 16 2
22 3 5
0 3 11
5 8 13
1 6 1
14 17 11
17 20 6
12 15 11
15 19 3
5 7 11
23 3 9
2 4 5
8 10 13
10 13 13
17 19 10
14 17 4
1 6 3
16 18 7
23 3 10
4 9 9
0 2 5
6 9 1
4 6 8
19 21 8
3 4 6
15 19 6
1 5 8
22 22 1
9 13 4
16 20 6
0 2 3
13 15 13
1 5 9
20 22 8
12 15 11
0 3 2
17 20 13
0 2 13
21 0 11
7 11 13
15 19 8
0 4 8
11 16 13
4 9 1
10 15 4
1 5 10
13 16 10
11 13 12
2 5 9
7 10 3
8 11 1
4 7 3
13 17 1
14 17 2
9 13 4
17 19 4
13 17 3
23 1 6
12 16 12
5 9 8
6 9 4
2 5 8
5 7 13
12 15 6
14 16 4
18 21 12
2 5 7
17 21 11
2 5 11
23 1 9
17 19 4
22 0 5
1 4 9
23 3 3
19 21 7
22 1 4
15 18 12
3 6 1
15 19 7
8 11 12
20 0 5
0 2 13
19 21 10
20 22 2
0 3 7
16 19 4
8 11 6
13 17 7
19 23 7
14 17 7
2 5 6
2 5 7
5 9 11
2 5 6
19 21 7
17 22 8
16 18 9
2 5 11
12 15 6
21 23 7
9 12 3
5 8 13
16 19 4
15 17 12
5 6 9
0 6 9
9 13 9
10 12 10
11 14 12
0 3 2
0 5 6
21 23 12
21 1 3
3 6 8
6 10 10
12 13 1
21 1 10
20 22 7
5 8 7
16 18 3
14 16 4
4 6 11
11 12 8
13 15 3
21 0 1
22 0 1
21 0 8
21 1 11
5 8 4
19 23 5
1 5 13
18 21 3
6 11 8
5 9 5
1 3 6
15 19 7
3 6 7
13 16 1
5 8 2
20 21 6
4 7 11
4 7 13
8 12 8
3 5 7
1 4 5
10 13 2
6 9 7
15 19 4
15 17 7
21 0 5
21 0 1
22 0 3
1 5 13
16 20 10
3 7 11
22 1 13
10 15 3
1 5 1
18 21 8
13 17 12
16 19 12
11 14 1
14 18 8
7 9 10
4 8 7
15 16 6
13 15 5
22 2 2
13 18 3
10 13 1
12 14 2
11 13 7
2 5 3
23 3 2
10 13 8
17 21 3
4 5 4
12 15 7
5 10 1
3 6 13
3 4 5
19 22 6
0 5 8
2 6 7
17 21 10
4 6 8
21 0 12
15 19 1
10 12 8
13 15 6
11 13 13
1 6 3
4 6 5
18 21 11
6 9 10
8 12 8
23 2 12
6 11 4
0 3 10
4 7 12
8 10 12
14 16 3
21 22 9
9 12 8
10 13 12
19 21 3
17 19 1
16 18 12
1 3 9
22 3 8
22 0 6
19 23 8
6 10 12
11 13 11
23 2 4
19 23 7
0 3 1
15 16 9
11 15 12
14 16 12
9 11 2
1 5 10
5 7 12
4 8 5
5 8 10
10 13 11
5 9 7
6 9 4
7 10 4
21 0 12
14 17 1
13 15 8
14 18 1
8 10 13
0 3 2
20 22 11
15 19 3
15 18 13
3 6 4
15 17 7
14 16 9
13 17 2
23 2 5
18 23 8
3 6 12
13 16 8
19 21 2
7 10 2
2 7 3
3 7 8
8 10 12
14 16 2
12 16 13
0 5 9
16 18 5
22 1 5
6 8 7
16 19 3
19 22 12
5 9 3
10 14 7
8 11 8
4 8 3
8 10 1
6 7 9
2 6 1
20 23 10
7 9 2
8 13 2
6 8 1
14 17 7
10 13 4
6 10 11
1 5 13
14 17 2
0 5 5
4 6 4
3 6 3
7 10 9
17 21 5
3 6 4
2 4 6
9 12 10
5 9 6
13 17 2
14 16 7
2 5 12
4 4 5
20 0 8
8 11 8
10 13 6
0 3 11
1 1 8
7 10 4
5 9 12
18 21 13
8 11 8
22 1 7
11 16 4
21 0 5
1 4 10
1 4 13
10 15 13
17 20 2
10 13 12
7 10 10
10 13 8
23 3 13
10 14 10
9 12 9
12 14 11
19 22 10
13 15 10
18 21 10
16 21 7
23 1 5
16 19 4
19 22 13
22 3 12
10 15 8
7 10 2
21 0 1
14 17 12
15 18 6
2 4 13
9 12 9
22 1 10
17 20 5
3 3 7
21 0 7
1 4 1
8 10 1
23 1 7
23 1 10
7 11 12
12 16 12
1 3 9
17 20 3
3 5 9
12 15 8
21 23 6
4 7 7
17 18 13
14 18 10
12 14 5
3 7 12
7 11 11
21 23 1
13 15 8
13 16 2
20 1 3
18 19 7
3 7 5
16 18 4
8 11 12
9 11 5
2 4 3
16 19 3
8 11 11
19 21 9
21 1 5
22 1 12
4 7 3
1 6 13
2 6 12
7 9 11
6 9 12
20 23 10
16 19 6
19 22 11
8 12 9
7 10 8
8 12 10
22 0 11
18 22 5
18 20 1
4 6 4
14 17 3
15 17 9
11 14 3
6 10 3
9 10 13
14 18 4
17 21 9
14 17 7
18 22 7
15 18 6
22 1 5
8 11 4
23 3 13
6 10 5
15 17 5
18 19 10
20 23 7
18 22 1
1 3 8
11 15 1
0 2 7
4 9 13
15 18 5
6 8 10
7 9 9
3 6 13
14 17 8
16 19 9
16 20 10
14 17 2
7 9 3
8 11 2
19 20 7
9 12 2
0 3 6
9 13 1
17 20 13
21 23 1
6 10 13
1 3 6
1 4 5
23 3 9
17 22 3
11 13 5
16 18 5
3 5 12
3 7 3
16 18 2
22 1 3
21 1 12
14 17 10
15 19 8
6 10 13
11 14 3
9 12 9
5 9 10
12 13 13
12 15 7
17 19 10
15 19 4
6 8 2
10 13 6
20 23 7
21 23 11
12 16 13
17 19 12
21 23 10
13 14 11
20 22 7
3 6 10
13 16 13
9 12 5
8 13 3
6 9 1
10 15 9
0 3 7
12 16 12
11 15 5
5 8 12
2 5 7
15 18 2
11 14 10
1 6 10
9 12 2
12 13 4
13 16 12
21 23 1
14 15 9
14 16 13
8 11 7
19 22 7
13 16 12
15 19 11
5 8 4
11 12 12
10 12 5
15 19 8
8 10 11
20 22 11
2 7 13
5 8 13
19 23 11
16 18 9
21 1 3
4 9 1
19 21 5
13 15 7
13 17 9
21 22 13
13 16 1
8 10 11
3 7 12
7 12 11
14 17 13
5 8 4
17 19 6
7 10 8
21 23 13
12 15 5
15 18 9
22 0 11
3 5 11
17 18 2
10 13 8
0 3 1
20 0 12
17 19 3
12 15 3
23 3 9
2 4 5
2 5 1
1 4 4
1 5 5
14 17 12
14 16 1
6 9 5
21 23 4
20 0 12
4 9 5
4 6 11
10 11 2
13 17 4
22 1 10
4 7 11
18 20 8
21 1 10
16 20 4
19 21 12
7 9 4
11 14 9
1 4 7
12 12 11
7 11 5
16 20 3
4 8 10
20 23 5
13 15 2
20 23 6
3 5 11
18 20 9
20 23 4
1 4 10
1 4 11
23 1 2
5 8 11
7 9 13
5 7 11
19 22 6
14 17 6
10 12 6
3 7 1
10 13 1
16 19 8
5 7 2
2 4 12
18 22 9
3 7 4
20 22 3
20 0 9
23 3 13
23 3 12
12 14 6
11 15 10
4 8 4
6 7 5
21 23 6
14 16 6
0 3 6
9 11 11
11 14 5
3 7 3
23 2 3
15 18 10
3 6 4
14 18 12
10 11 2
12 16 6
21 0 4
17 20 8
19 22 9
18 22 4
6 9 2
19 23 2
18 22 8
0 2 4
2 5 12
7 9 1
16 18 10
9 12 9
13 16 5
19 22 3
5 9 3
9 13 7
15 20 1
9 12 9
4 7 3
15 19 1
5 8 13
2 6 13
17 21 2
3 8 10
17 20 7
3 8 7
17 19 5
11 14 9
1 3 13
22 1 10
10 12 12
10 12 10
14 15 5
2 4 1
7 9 2
4 7 7
1 4 11
12 14 5
0 3 10
17 18 11
18 21 12
13 16 7
6 8 9
11 14 12
7 11 8
6 9 6
16 18 8
13 17 4
9 13 1
22 1 1
12 14 11
18 21 6
21 0 2
11 14 5
9 11 8
23 3 6
20 23 7
23 2 13
20 22 8
11 15 7
3 7 1
13 16 4
5 9 3
14 18 13
10 14 9
9 12 2
6 8 10
9 11 11
3 7 10
4 7 10
13 16 1
19 22 2
11 13 13
11 14 7
4 8 9
4 6 10
21 0 3
21 23 3
10 13 2
23 2 7
0 2 8
5 8 7
13 15 12
13 17 9
5 6 12
7 11 13
6 9 7
5 7 9
15 18 13
1 6 3
15 18 5
13 17 7
15 19 4
9 14 1
17 21 4
9 10 9
11 15 11
16 18 6
15 17 10
15 18 8
12 15 9
14 20 9
11 15 10
2 6 2
23 2 2
5 9 12
0 3 4
16 18 3
2 5 2
19 0 2
13 15 10
15 18 5
22 1 12
11 15 12
22 1 6
3 7 9
15 18 1
19 22 10
6 10 7
15 18 5
17 21 13
16 18 9
14 19 7
17 21 3
18 20 11
4 6 5
14 17 3
11 13 6
12 15 2
4 7 10
9 12 5
22 1 3
8 11 2
11 14 5
21 23 12
3 6 11
11 14 13
10 12 5
20 0 10
13 14 13
14 17 13
7 9 4
13 16 6
8 9 9
4 5 1
11 15 1
5 8 10
2 6 4
3 6 11
6 10 10
12 14 5
10 11 1
10 13 4
15 18 8
12 14 7
11 14 12
20 1 3
15 19 12
8 11 10
5 9 7
17 21 3
14 16 11
22 0 3
11 12 5
1 4 10
7 11 12
17 20 7
20 0 9
12 13 7
0 3 1
22 1 6
9 11 3
0 3 4
8 12 1
11 14 6
5 9 5
9 13 5
2 4 13
17 20 3
7 11 13
2 4 2
19 20 2
21 1 1
12 14 8
3 4 13
2 6 8
11 11 12
22 1 4
21 1 5
3 8 5
19 20 1
7 10 3
17 19 7
6 8 7
22 0 6
10 15 10
21 0 5
19 23 7
13 16 5
2 6 9
7 10 7
21 0 13
0 3 9
1 3 2
6 9 2
2 4 5
21 22 2
15 18 4
16 20 1
22 0 13
15 18 8
18 20 3
0 2 2
22 2 3
19 21 1
4 8 11
17 19 6
0 3 7
12 15 2
2 6 12
14 17 7
18 21 12
15 19 10
2 6 5
20 0 2
7 11 12
5 8 10
8 12 13
3 6 11
15 19 6
11 15 5
15 18 9
19 23 13
2 6 7
2 3 7
9 13 6
12 16 10
15 21 1
22 1 10
8 12 5
23 3 1
4 7 2
1 3 4
23 2 8
23 2 13
7 11 2
3 5 11
22 2 6
15 19 7
3 7 5
5 8 5
1 5 6
11 13 2
9 11 8
13 15 4
19 21 3
16 19 12
12 14 2
1 5 12
22 1 9
20 23 8
9 12 4
14 17 11
6 9 6
3 6 11
11 14 4
5 8 8
15 17 12
21 0 3
13 16 1
10 13 8
7 9 1
1 6 6
13 15 9
23 3 1
6 9 4
5 7 8
9 14 10
21 1 1
10 13 2
20 0 9
3 6 2
7 9 6
16 21 6
10 13 11
14 15 11
6 9 9
18 22 12
10 14 1
5 9 7
4 7 4
0 4 3
2 6 6
13 14 6
22 2 4
5 9 9
19 21 12
9 13 6
8 11 9
5 9 3
12 14 2
18 21 8
13 15 11
1 4 8
10 11 11
0 2 5
10 11 11
21 1 3
6 9 5
4 7 3
14 18 1
1 5 4
3 6 3
2 6 10
23 3 6
20 23 1
22 0 7
2 5 7
2 4 4
1 2 10
10 12 8
14 17 7
4 7 13
19 22 7
7 9 7
6 10 13
22 0 2
1 3 1
6 8 10
19 0 7
3 6 1
13 16 10
15 17 2
8 12 9
13 16 13
11 15 6
19 22 9
15 20 7
5 8 11
2 4 5
18 22 5
1 5 1
17 18 9
19 23 6
14 18 13
16 22 4
6 9 5
17 20 10
12 15 7
11 14 11
11 12 1
1 4 5
14 15 2
6 10 13
15 19 1
15 19 13
20 23 6
20 0 3
9 13 6
16 19 3
21 0 6
19 21 9
19 22 6
21 0 8
14 17 8
9 11 2
21 23 2
20 1 4
17 20 8
22 1 6
8 12 1
7 9 5
13 17 5
15 17 13
8 11 12
14 16 10
17 20 7
15 17 1
5 9 8
23 1 13
2 5 13
22 1 9
5 5 1
14 16 4
20 23 11
18 22 4
3 8 2
9 10 5
2 5 10
19 22 5
7 10 5
6 8 2
8 10 4
18 22 2
20 22 7
18 22 3
17 22 12
7 10 7
7 10 1
4 8 6
19 23 12
14 16 10
17 19 6
17 18 4
6 7 9
21 23 10
2 3 3
20 0 12
12 16 7
5 8 11
16 20 6
3 7 9
18 20 6
13 16 11
23 1 8
4 7 10
2 5 3
14 18 2
18 21 3
5 7 9
18 21 10
4 7 13
11 14 4
2 4 8
8 10 7
8 13 13
17 21 7
8 10 1
22 2 3
18 22 13
0 4 5
8 10 4
6 8 5
5 8 11
19 23 7
3 5 9
23 4 8
4 6 11
16 19 9
17 21 8
23 1 1
8 13 12
10 13 10
19 23 3
17 21 1
1 3 2
16 18 2
20 23 10
16 19 4
7 9 5
0 3 13
1 4 4
15 18 6
6 10 5
4 4 5
15 18 5
3 7 10
15 19 3
14 16 7
17 19 11
5 8 3
14 15 3
6 10 12
7 10 7
14 16 8
19 22 5
22 2 10
9 12 4
12 14 8
22 2 10
12 15 10
17 20 8
0 3 7
3 7 2
8 10 4
13 16 1
3 6 2
0 3 12
17 20 6
1 5 7
13 16 2
7 7 13
7 10 8
9 12 9
21 23 11
22 1 11
2 5 13
2 7 6
21 1 2
23 2 6
1 4 9
1 4 11
1 3 8
0 4 11
14 17 6
10 14 8
12 15 3
19 23 4
4 6 7
7 10 6
14 16 8
17 21 12
6 9 1
8 11 6
12 14 2
18 22 6
20 21 4
5 8 7
8 12 3
9 13 2
13 17 6
21 23 5
18 21 3
0 4 1
4 6 12
14 17 4
1 5 1
3 5 1
11 14 3
17 19 11
3 6 11
9 13 11
6 10 3
18 19 13
0 2 13
16 19 9
22 0 8
11 13 2
18 22 7
19 22 6
16 18 10
10 13 11
9 11 9
14 17 1
0 2 3
4 6 10
6 11 8
17 19 9
23 2 12
14 15 8
2 4 3
4 8 4
18 21 12
5 6 1
11 14 8
18 20 6
18 21 3
22 2 13
21 23 12
1 2 9
11 15 2
23 1 4
7 11 13
0 4 3
15 17 6
10 13 3
15 18 9
7 11 1
18 20 7
6 8 2
13 17 10
3 7 1
6 8 10
14 15 13
5 7 12
10 13 8
10 14 11
10 12 8
0 2 12
17 20 2
14 17 3
1 3 3
12 14 2
19 22 3
19 21 11
5 9 6
1 4 12
3 6 7
2 4 7
6 10 11
18 20 1
10 13 13
14 16 9
13 16 3
12 16 7
2 4 10
23 2 9
20 23 2
13 17 7
6 10 6
1 6 10
15 19 9
8 11 3
23 1 12
0 2 7
0 3 1
10 13 1
20 0 4
3 6 10
2 6 12
10 13 12
11 14 7
14 18 3
23 3 3
1 4 4
11 13 11
5 8 11
10 12 1
23 1 7
21 23 2
10 13 12
19 20 8
5 8 9
15 17 10
5 8 7
19 23 2
3 6 8
3 4 13
9 10 6
22 2 6
22 2 5
16 18 10
9 11 13
18 22 6
20 0 1
17 20 4
17 23 4
22 1 7
10 13 4
16 18 13
5 7 7
12 14 8
13 15 6
9 11 2
11 14 2
15 19 8
20 22 4
6 8 12
17 21 12
21 0 8
14 17 10
1 5 12
13 16 4
5 9 7
0 3 1
2 5 2
12 14 12
4 7 4
22 23 3
3 5 2
19 21 10
9 12 2
7 10 9
1 5 8
21 2 1
13 16 5
20 22 10
1 2 8
3 7 8
12 17 5
5 9 3
16 19 2
18 21 10
23 4 1
17 20 8
12 15 7
9 13 10
5 7 7
2 4 5
12 16 3
3 7 7
9 13 4
12 16 7
9 12 5
0 3 8
5 8 3
10 14 9
4 6 13
2 4 3
15 19 5
7 9 3
6 10 8
13 17 13
0 1 11
9 12 7
13 16 10
1 4 7
22 3 8
11 14 7
9 14 10
15 20 9
11 15 1
4 8 8
7 10 13
8 10 12
6 10 12
0 3 4
2 5 1
11 13 11
12 14 12
7 10 1
23 2 3
8 13 13
16 20 9
2 3 2
13 17 11
12 15 7
19 21 9
10 13 1
20 0 4
20 0 11
22 0 2
3 6 8
16 18 12
1 4 10
19 0 1
11 14 2
1 3 1
11 14 9
7 9 11
2 8 11
12 14 13
1 4 11
14 15 5
21 0 1
3 8 10
12 16 7
1 4 6
23 3 9
4 7 1
8 11 1
8 11 7
9 12 10
15 17 4
8 11 9
10 13 4
8 10 10
16 17 9
3 6 11
7 11 13
10 14 6
0 2 13
23 2 11
4 9 11
21 23 4
12 12 6
6 9 7
8 11 13
7 9 10
16 17 9
22 3 7
13 16 13
17 21 10
2 5 1
10 13 3
18 20 11
23 4 4
18 20 8
4 6 4
8 11 1
19 21 6
15 18 11
11 13 13
1 4 12
14 18 12
5 7 3
22 2 10
14 17 5
23 2 8
19 21 9
0 3 3
19 21 8
3 6 8
16 19 2
10 13 10
20 22 7
1 5 3
13 17 1
3 6 13
5 9 2
19 20 12
20 22 12
7 12 9
12 15 8
11 14 7
12 15 3
8 10 11
10 13 2
16 21 8
22 1 2
23 2 10
14 19 9
4 8 12
16 21 13
19 0 5
18 22 3
12 15 9
1 3 12
19 20 8
13 15 3
2 6 7
16 19 3
12 15 5
10 12 3
23 1 6
19 22 8
10 12 11
7 9 2
7 10 7
5 7 12
18 21 13
7 10 9
9 13 11
0 3 11
14 17 11
17 19 3
20 22 1
17 20 4
10 13 1
2 5 13
8 10 11
14 17 13
14 19 2
2 6 11
1 6 7
14 17 8
15 17 10
13 17 2
2 5 11
5 8 10
1 5 11
22 23 1
14 16 7
20 0 8
1 6 1
23 2 11
17 19 3
15 18 3
2 5 10
12 14 7
7 9 8
18 20 3
13 15 11
5 8 3
16 19 2
14 18 4
23 0 6
11 15 5
3 5 7
4 7 2
12 15 2
12 16 1
19 21 13
15 18 6
19 21 13
4 8 12
7 10 5
1 4 13
14 17 1
1 5 2
16 19 11
18 20 1
2 5 1
15 18 8
6 8 10
6 10 9
8 13 4
0 4 5
16 19 5
9 11 1
13 16 11
14 16 4
20 0 7
13 18 2
3 5 10
17 20 13
14 16 1
20 23 5
16 19 10
6 9 1
13 16 10
20 23 1
9 11 13
19 21 3
6 8 3
0 3 13
22 23 10
21 23 10
1 3 3
14 18 1
9 12 5
11 14 9
3 7 9
7 11 11
12 16 7
3 6 4
2 3 4
8 11 6
8 12 13
10 12 11
15 18 2
3 5 13
6 11 5
15 18 10
6 9 4
15 19 9
12 16 11
6 8 8
17 20 3
6 8 11
22 0 1
11 12 13
1 3 10
6 10 1
23 2 8
11 14 13
6 9 13
23 3 1
16 19 4
18 20 1
22 0 4
9 11 9
15 19 4
5 8 5
3 5 4
4 5 3
5 8 9
22 1 12
13 15 13
1 3 7
9 11 1
8 11 1
19 22 8
1 4 1
5 8 3
2 6 11
15 17 11
2 5 12
18 21 5
7 12 13
14 16 11
19 22 5
19 21 9
5 10 9
13 17 9
19 23 1
0 3 1
10 13 4
7 11 7
16 18 7
19 23 5
10 14 10
17 21 5
2 6 6
2 5 9
13 16 1
12 15 7
6 9 11
11 15 1
10 13 8
18 22 6
23 1 3
20 0 6
0 4 11
8 11 6
2 5 1
11 12 4
19 21 3
19 21 10
17 20 13
18 21 10
14 18 8
10 13 4
23 1 4
23 1 10
3 6 11
17 20 5
19 21 10
1 5 6
9 13 2
12 14 10
4 7 3
16 20 12
8 11 2
1 4 13
10 13 9
21 22 11
19 21 12
23 3 4
9 13 5
20 23 11
10 14 2
6 8 11
19 21 11
17 20 7
11 14 9
11 15 2
4 6 2
13 17 8
4 7 1
13 15 13
14 18 11
4 7 11
21 0 10
5 8 8
12 14 4
16 20 6
6 9 7
16 19 13
0 2 3
12 15 8
11 16 9
18 22 8
21 0 1
2 5 9
12 17 9
0 4 13
7 10 10
3 7 8
3 6 5
19 23 8
1 4 6
6 8 2
17 21 7
1 4 8
16 18 8
11 13 4
1 5 10
20 21 2
10 14 2
22 0 9
10 12 4
9 11 13
15 19 12
2 7 3
5 8 13
1 4 10
9 13 1
20 21 2
23 2 5
5 7 13
10 13 6
5 9 5
22 0 13
17 20 6
19 22 13
0 1 10
4 7 13
3 3 2
0 4 8
8 10 9
21 23 5
19 21 1
3 6 10
2 4 3
2 6 7
11 15 13
0 3 3
7 10 9
21 0 8
20 23 2
0 4 12
7 10 4
8 9 3
1 2 4
18 21 7
22 2 1
21 23 4
2 5 12
22 0 4
2 4 4
14 15 7
6 9 2
12 14 5
11 14 7
21 1 1
2 5 13
17 21 7
5 7 3
4 8 5
7 11 9
13 14 6
22 23 4
11 12 13
7 10 11
4 7 2
11 13 1
19 20 5
18 21 6
8 11 9
8 11 12
19 21 5
9 11 11
6 8 8
0 4 12
16 18 2
17 20 11
21 23 11
9 12 13
5 9 13
12 18 13
21 23 8
11 16 13
11 13 10
0 3 11
7 7 2
6 10 5
7 11 4
21 0 2
6 11 12
3 6 5
23 0 2
9 9 12
9 12 3
8 12 9
7 9 12
13 14 8
22 1 1
8 11 7
1 3 13
20 1 10
0 4 6
4 6 10
8 10 7
17 19 5
1 5 11
16 19 7
10 15 3
9 12 2
19 23 4
12 14 10
16 18 3
11 16 13
5 9 1
18 22 8
15 18 13
18 21 7
23 2 13
4 5 6
3 6 11
3 8 6
14 16 9
23 1 8
6 8 1
18 21 10
6 12 12
5 9 6
9 12 11
11 14 3
6 8 13
4 7 10
20 22 12
21 1 7
7 10 11
16 20 2
11 14 9
11 14 12
8 10 5
3 5 6
6 10 13
9 13 5
7 11 4
2 7 4
20 22 12
4 7 6
10 13 6
20 0 5
18 19 1
9 12 9
7 11 4
16 19 13
13 17 8
9 13 3
3 5 2
16 18 8
13 16 11
20 0 2
18 20 4
5 7 7
0 3 9
11 13 3
5 8 8
20 0 1
19 22 10
14 18 13
1 5 11
17 19 7
22 0 5
9 11 10
13 15 12
14 17 5
17 20 11
11 15 5
7 9 7
9 14 10
19 23 11
11 13 11
3 5 6
16 21 10
19 21 13
2 4 13
8 11 3
10 14 4
20 22 8
13 15 3
1 4 2
4 6 11
5 9 11
22 1 6
9 13 6
1 4 11
1 5 7
0 5 4
19 23 7
10 13 7
10 14 2
11 13 12
6 9 7
13 16 10
20 0 13
21 2 4
7 10 10
1 5 13
22 2 4
16 19 12
6 11 1
13 14 11
18 21 4
17 20 2
19 21 5
6 10 5
7 10 10
9 10 9
12 17 6
4 8 13
6 9 8
20 21 7
23 3 1
9 13 4
23 2 7
1 4 8
18 21 3
6 10 1
5 8 7
2 4 12
5 9 6
14 17 10
18 21 12
5 9 7
7 9 13
15 16 12
10 11 11
17 21 13
14 17 9
9 11 4
12 16 1
11 12 7
23 2 9
11 13 5
0 3 4
5 8 12
9 13 7
3 6 8
15 18 1
20 23 6
2 5 2
12 15 2
6 8 9
0 3 8
3 7 10
4 7 11
18 19 2
6 8 2
17 19 4
3 6 5
7 10 2
13 16 10
8 11 1
4 7 11
16 20 7
14 16 12
21 0 9
19 23 12
3 8 4
5 8 12
1 5 12
8 11 5
13 15 11
23 2 8
20 21 2
16 18 2
23 3 4
2 4 13
8 9 5
0 4 5
13 16 13
6 8 4
12 16 2
15 19 5
2 4 13
14 18 8
12 15 2
18 20 5
9 13 4
1 4 7
0 2 10
21 23 12
23 0 8
13 17 9
19 20 1
10 13 6
3 5 5
15 19 10
18 20 11
15 18 8
15 17 12
10 13 1
9 11 8
11 14 11
9 11 1
18 19 4
23 1 6
8 10 13
9 11 7
4 9 1
12 14 10
4 7 1
13 16 3
7 10 2
22 2 1
12 14 8
0 5 2
8 11 6
8 11 5
6 10 12
0 4 6
23 4 3
19 22 10
8 11 7
6 9 8
8 10 1
10 13 9
5 9 5
18 20 2
15 17 8
22 1 2
17 22 12
6 8 2
7 9 9
12 15 10
10 13 8
14 17 1
8 10 9
17 20 4
11 13 10
10 13 5
12 14 7
11 15 7
4 6 9
13 16 7
3 6 4
23 2 13
4 8 13
8 11 4
23 2 6
0 4 2
16 20 4
9 10 2
19 23 2
4 7 6
16 19 12
19 22 5
16 20 9
18 20 9
20 0 5
16 19 3
13 16 11
7 9 3
15 17 13
14 17 9
15 18 10
20 23 7
4 6 5
10 11 4
17 20 6
13 16 7
5 9 10
1 3 9
2 4 13
11 16 13
1 3 10
4 10 5
21 23 3
16 19 4
19 23 11
14 17 13
9 12 11
2 5 10
10 13 13
13 18 4
4 6 1
10 12 3
14 18 3
21 1 5
15 17 2
21 1 6
19 22 9
15 19 1
5 8 9
19 20 2
23 2 13
10 13 5
1 3 10
8 11 9
12 16 11
6 10 9
10 13 6
5 8 4
0 2 1
13 16 10
13 14 9
20 1 7
6 7 9
2 6 10
23 2 7
0 3 7
1 3 3
11 15 12
11 15 4
12 15 2
2 5 8
21 22 4
8 11 6
10 14 10
4 8 1
9 12 9
7 9 9
16 18 8
16 20 8
19 22 9
7 11 10
7 9 10
4 6 10
13 18 13
5 9 5
5 9 6
23 0 7
15 17 6
4 6 9
11 15 5
2 5 9
13 14 5
5 9 7
13 15 5
1 4 13
14 17 7
14 18 9
20 23 9
7 9 7
7 10 7
19 21 12
10 12 3
8 12 11
16 21 2
21 2 1
22 0 12
14 17 1
21 1 7
6 10 13
4 8 10
0 5 9
14 16 9
23 2 8
6 9 7
13 19 8
21 0 7
23 1 4
15 18 10
8 10 2
23 0 1
5 7 5
21 2 10
16 19 10
11 14 5
3 6 5
21 22 11
1 3 11
10 13 13
23 4 7
19 0 2
19 21 3
3 6 10
6 9 5
18 20 9
5 9 8
5 9 12
5 8 1
1 3 2
10 13 7
0 3 2
17 20 12
22 3 12
0 4 11
11 13 10
21 1 10
22 0 12
3 6 8
4 8 10
16 19 9
9 12 1
6 10 7
0 3 1
16 21 4
2 4 10
13 14 9
11 15 10
23 1 5
17 20 11
10 15 11
0 2 12
19 22 10
13 17 9
12 14 10
17 21 1
23 2 4
5 9 1
9 13 5
3 3 11
1 4 10
10 12 6
1 5 3
10 14 5
10 13 7
9 11 12
8 12 3
20 23 9
15 19 11
18 20 7
8 11 11
20 2 9
0 4 9
3 5 13
17 20 3
3 5 13
9 12 13
17 20 3
20 23 7
10 13 12
13 18 9
0 3 5
4 6 12
9 13 3
21 22 2
9 12 13
11 15 9
11 15 3
19 22 1
17 20 2
22 1 7
0 1 2
18 20 9
2 4 12
21 1 6
12 15 9
1 3 9
10 12 2
2 4 5
8 13 10
10 13 5
17 19 5
6 9 13
5 10 8
11 13 2
11 14 13
9 11 2
13 17 8
9 11 5
3 6 12
14 18 9
7 9 9
9 13 8
21 0 6
18 21 11
9 13 3
1 3 6
21 23 8
10 13 1
8 10 10
0 2 12
2 7 1
6 10 11
18 23 5
12 16 10
7 11 8
11 14 7
13 16 13
14 15 13
11 15 3
6 8 2
15 19 5
3 6 1
22 0 5
3 6 11
11 13 12
6 10 12
21 1 9
7 12 1
12 14 4
8 11 10
11 14 6
6 7 12
16 18 1
19 21 1
17 19 12
19 22 10
2 4 13
1 6 6
3 6 5
22 23 4
1 6 7
0 5 10
20 0 11
6 10 6
20 22 3
23 1 5
8 12 2
10 12 11
19 0 9
18 20 12
17 20 8
16 17 11
5 9 8
4 6 2
8 10 13
14 16 6
16 20 6
15 18 13
21 0 10
10 13 4
6 7 1
17 19 13
14 18 10
13 17 3
18 20 11
9 12 3
19 22 6
17 19 8
3 7 6
6 9 6
12 15 10
13 16 6
21 23 12
11 14 13
5 8 8
8 10 7
23 2 12
15 18 3
9 13 9
12 17 3
19 23 3
9 13 10
12 14 3
1 5 13
19 23 7
5 7 1
6 10 10
12 16 3
6 10 8
1 3 4
21 2 10
2 5 3
4 7 4
3 5 3
19 22 7
21 23 3
10 13 2
8 12 4
4 5 13
21 2 11
4 6 4
9 12 2
6 10 3
21 22 1
5 9 7
17 20 7
9 13 13
22 1 9
1 3 7
15 18 5
18 22 4
23 1 6
15 18 11
18 20 13
18 21 3
16 18 5
16 19 3
5 8 4
15 18 4
8 12 9
18 20 3
0 2 11
4 8 7
5 6 6
7 9 1
10 12 8
2 6 1
22 2 9
17 20 7
12 14 2
21 1 11
11 14 8
16 18 7
3 8 7
9 13 1
5 6 5
14 15 3
12 15 1
13 14 10
8 12 12
6 7 2
16 21 4
20 21 12
12 14 11
23 3 11
14 16 1
9 12 2
3 7 7
2 4 5
18 19 9
8 10 1
0 3 12
9 12 6
9 13 12
4 7 10
7 9 10
1 5 11
19 22 2
12 16 6
22 2 10
21 2 3
0 1 5
9 13 7
19 23 6
0 3 2
19 23 7
20 0 4
21 21 11
10 13 9
22 0 2
9 12 3
4 7 13
1 4 13
9 11 1
1 5 8
18 20 8
9 12 10
22 1 12
19 22 11
7 11 11
9 10 1
21 0 11
22 2 3
6 9 3
8 12 2
2 6 5
5 7 13
3 7 11
10 13 13
0 3 7
5 8 2
20 0 12
14 15 9
17 21 4
17 21 2
3 7 2
6 7 9
1 4 1
12 15 5
15 17 3
21 21 13
9 12 8
8 11 4
20 0 2
14 17 13
2 5 10
22 3 13
3 5 2
0 2 4
23 2 13
11 16 9
20 0 11
15 18 3
18 21 8
11 14 1
23 1 13
14 16 11
1 4 3
8 12 4
5 9 2
5 9 4
1 3 7
15 18 10
15 18 8
10 13 4
14 19 4
18 19 13
17 21 2
6 10 4
2 6 5
1 4 11
17 19 9
3 5 2
18 21 11
2 5 5
19 22 6
6 8 3
20 23 3
10 11 1
9 12 9
23 2 2
18 20 12
2 4 12
20 0 10
6 10 2
11 15 1
0 2 7
18 21 3
14 18 8
11 15 8
2 6 13
16 18 1
23 2 12
22 23 11
14 17 2
15 17 1
16 19 5
21 1 4
14 19 12
3 5 6
14 15 5
3 6 13
21 1 12
23 2 7
19 22 10
3 6 2
9 12 5
15 18 5
5 8 13
16 19 4
12 14 12
15 19 3
5 8 8
11 14 6
11 12 7
7 9 3
6 7 5
9 13 4
12 14 5
11 15 1
2 3 8
18 20 12
13 16 3
9 13 5
4 8 2
9 11 6
19 23 11
7 12 9
19 21 10
2 6 11
17 19 8
20 23 11
18 20 6
12 15 7
6 10 8
2 5 9
18 21 12
2 5 9
3 8 13
16 19 13
21 1 4
4 8 10
10 12 1
14 17 4
12 13 12
2 5 10
22 2 10
19 22 9
14 17 5
9 12 13
14 17 11
17 20 6
11 14 5
4 7 7
18 23 6
7 9 10
22 1 2
17 20 11
19 21 6
11 13 1
22 2 3
5 10 2
14 17 5
8 11 5
16 18 12
20 0 9
10 14 12
4 7 2
23 3 9
2 4 11
5 7 12
16 19 11
6 10 4
8 11 4
14 14 8
6 9 3
0 3 4
23 23 9
20 23 8
6 10 7
2 3 1
8 12 9
19 21 13
19 20 1
22 2 2
21 23 8
3 7 5
14 17 9
22 23 2
22 3 10
3 6 5
13 16 5
1 3 6
15 16 10
9 13 4
14 19 8
12 16 2
0 3 8
19 21 10
8 11 6
18 20 7
9 10 11
5 8 8
12 15 11
2 4 6
20 0 7
3 7 5
20 22 4
11 13 7
1 5 10
2 5 12
10 14 10
22 1 8
13 17 2
15 18 3
10 13 7
17 20 5
0 1 4
6 7 5
6 9 5
20 23 10
14 18 5
20 22 6
1 5 9
20 22 3
9 13 2
6 10 4
3 7 5
22 2 8
22 0 9
17 20 12
15 18 11
4 8 12
21 2 5
20 22 13
23 4 3
12 15 5
13 17 2
7 8 5
0 3 12
15 19 1
16 21 4
0 3 12
21 1 3
18 21 4
11 16 9
17 21 1
4 7 1
4 6 13
0 3 7
6 9 3
4 7 5
11 15 9
9 11 11
9 13 12
4 8 9
4 6 6
1 4 11
22 23 10
18 20 1
5 9 5
11 15 13
13 16 3
1 5 13
21 0 5
8 12 8
5 8 9
4 6 5
19 21 11
8 11 11
6 10 9
12 14 3
15 17 8
