900 4
3 7 2 3 
18 21 3
1 6 4
23 2 2
11 15 2
13 15 3
7 9 4
7 10 4
1 4 3
1 3 3
0 3 2
7 10 2
18 20 3
5 8 1
9 11 4
5 8 2
21 1 1
4 6 4
19 23 4
5 8 1
10 13 1
3 5 4
3 6 1
6 8 3
18 20 4
22 23 1
6 10 2
13 16 1
0 3 3
10 13 2
12 15 1
4 6 4
4 8 1
19 22 2
15 18 3
0 2 1
12 15 1
19 22 2
18 21 2
20 23 3
17 21 2
9 10 2
2 4 3
13 16 4
1 3 3
15 19 2
19 22 4
9 12 1
20 22 2
14 17 2
12 14 2
3 4 3
14 18 3
16 20 2
15 16 1
23 1 4
0 3 1
23 0 1
23 1 4
7 9 1
14 16 2
21 0 3
0 4 2
8 12 1
22 3 4
3 6 2
3 7 4
17 20 1
19 21 1
2 7 4
8 10 3
15 17 3
21 0 2
13 14 2
19 0 1
13 15 2
22 2 1
21 0 3
19 22 2
8 11 2
9 11 2
14 16 2
3 8 3
20 22 4
0 4 4
20 22 1
23 2 3
12 14 4
1 4 2
19 21 4
20 1 3
22 1 4
12 16 2
9 12 1
2 5 2
7 10 1
1 5 4
16 20 1
15 19 2
11 15 1
2 6 4
23 2 2
6 10 4
6 10 3
4 7 2
13 15 2
23 2 1
14 16 2
19 23 3
6 11 1
20 23 2
8 11 2
5 8 3
11 14 3
12 14 3
6 9 4
4 6 2
11 17 4
9 12 4
8 13 3
7 10 3
21 0 2
21 0 1
3 7 4
11 15 4
6 8 3
9 13 2
0 4 1
7 9 4
7 10 1
20 22 3
11 14 2
8 11 4
2 5 3
8 11 3
8 12 2
11 14 3
8 12 4
13 16 2
13 17 1
13 16 3
10 11 3
15 19 3
1 6 2
16 18 3
19 0 3
19 23 1
22 0 4
18 21 4
4 8 1
6 10 1
22 1 1
15 18 4
3 5 4
23 23 3
17 20 1
22 1 3
21 0 3
19 23 2
15 19 2
17 21 4
5 7 1
13 17 2
11 15 3
2 5 2
20 0 1
11 14 3
1 4 4
3 7 1
4 7 3
3 5 3
20 22 3
5 9 3
20 0 4
13 16 1
5 9 3
6 9 4
8 11 2
5 8 4
2 6 2
21 23 4
0 3 3
17 19 3
4 7 3
5 9 1
4 7 4
11 14 1
16 20 2
5 6 2
2 7 3
4 5 3
16 21 4
21 0 1
14 16 2
7 11 2
15 17 2
8 12 3
21 23 3
23 2 4
9 12 1
23 2 1
22 2 2
16 19 3
3 5 4
23 1 1
19 22 1
18 22 3
3 4 1
7 10 4
3 7 3
14 17 3
14 18 3
0 2 4
21 0 2
6 9 4
15 18 1
9 12 1
16 20 3
1 4 2
1 4 4
4 7 4
14 16 2
8 12 2
12 16 2
1 3 4
2 4 3
5 9 3
10 12 1
11 12 4
4 7 4
14 17 3
10 12 2
11 14 3
10 13 1
23 4 4
6 9 1
7 9 3
19 22 2
21 0 1
7 9 2
0 3 4
16 20 3
5 8 3
17 19 2
1 3 2
15 19 4
11 14 3
18 22 3
13 16 3
18 22 1
0 3 3
16 19 2
2 3 1
7 11 2
20 23 4
16 17 4
6 11 4
0 4 2
12 15 1
22 1 3
12 13 4
11 13 4
14 18 1
17 20 1
3 6 4
11 11 1
13 14 4
7 10 4
8 11 1
8 12 3
0 5 2
19 21 3
5 7 1
7 8 3
15 18 1
19 23 3
17 19 1
0 2 1
16 21 3
0 4 3
5 8 1
21 0 3
6 9 3
10 13 3
10 11 1
2 5 4
7 10 3
16 19 2
4 8 4
12 15 2
22 23 4
9 12 1
22 1 3
14 17 3
10 13 4
21 1 3
10 13 1
4 7 2
3 5 2
2 6 2
11 15 1
22 1 1
3 6 4
15 18 4
8 11 2
23 2 4
12 16 4
10 12 3
0 2 3
21 0 2
11 16 3
5 8 2
10 14 3
13 16 3
10 13 2
15 17 2
21 23 4
18 21 3
0 5 1
6 8 3
18 20 2
4 8 2
5 7 2
3 5 1
10 14 2
10 12 1
10 13 3
3 6 3
12 15 4
16 19 1
0 3 4
23 2 3
15 19 2
15 17 1
13 15 2
4 5 1
1 3 1
13 17 1
7 11 1
3 7 2
7 11 4
18 21 3
20 0 2
20 0 3
21 0 1
16 19 2
5 7 2
10 14 1
15 19 3
4 8 4
11 15 2
2 6 2
13 13 3
21 3 2
7 10 2
3 7 3
15 18 3
6 10 1
18 20 3
15 20 3
2 6 4
22 1 2
0 2 4
20 0 4
17 20 1
10 14 1
12 14 2
2 5 1
1 5 4
0 4 3
10 12 3
16 19 2
14 17 1
8 12 3
7 10 2
17 20 4
6 10 1
7 9 2
5 8 3
19 23 2
15 20 4
8 11 1
5 9 1
5 9 3
19 22 4
22 2 4
2 4 4
16 17 2
12 16 4
6 10 1
15 20 2
1 5 4
0 4 2
23 1 3
11 14 2
4 7 1
3 6 3
4 7 2
10 14 2
15 18 2
16 19 2
19 23 3
11 16 3
16 18 2
23 2 1
22 0 3
6 9 3
13 17 2
3 5 2
21 1 4
14 17 1
9 13 4
4 8 4
19 20 1
10 12 4
21 0 3
11 15 4
12 16 4
3 7 2
8 10 1
9 12 4
6 7 3
11 15 3
8 12 3
13 17 3
2 5 1
19 22 3
18 20 2
18 21 1
22 0 2
22 1 2
1 5 1
12 14 4
6 10 3
1 4 1
13 17 2
5 8 1
15 17 3
17 19 3
1 4 4
13 16 3
20 21 1
2 4 4
19 22 3
9 12 3
4 6 3
21 23 2
14 17 3
15 17 2
11 13 4
19 22 3
5 9 1
6 10 1
8 9 1
9 11 4
8 11 2
9 12 4
3 6 4
11 13 4
1 2 1
6 9 4
13 16 2
16 19 1
23 2 2
1 4 4
22 2 4
14 18 2
11 15 3
19 23 2
21 0 2
13 17 2
21 23 4
7 11 4
5 7 3
3 7 4
16 19 4
11 12 4
21 23 2
6 9 1
22 2 1
2 5 2
8 12 4
17 20 4
14 17 3
10 13 1
3 6 1
5 8 3
23 3 4
20 0 2
6 10 2
19 21 4
16 20 2
6 10 4
14 18 1
20 23 3
12 13 1
1 4 1
23 4 3
14 17 2
2 4 1
22 1 1
15 18 4
14 15 1
9 11 3
8 12 4
7 10 3
18 21 1
14 17 4
17 21 2
22 2 4
1 4 2
22 3 1
13 16 1
8 9 3
9 12 4
20 23 1
14 18 2
14 17 3
4 7 4
11 13 1
17 20 4
8 11 3
8 10 4
3 5 2
16 19 3
1 5 3
17 21 4
11 14 2
22 0 2
1 3 4
13 15 3
20 21 3
16 19 2
2 6 2
20 22 3
22 2 1
21 22 3
15 18 4
13 16 4
17 20 3
17 21 3
6 9 1
2 5 1
0 4 3
9 13 2
23 2 3
6 8 1
14 16 3
8 12 1
13 14 3
7 10 3
10 13 1
16 18 2
7 10 1
0 3 2
10 14 3
19 22 2
20 23 2
7 9 4
1 4 4
23 2 4
19 22 3
17 22 1
17 21 3
12 14 1
4 8 1
10 13 4
7 10 4
10 12 3
14 17 3
13 15 4
15 18 4
20 22 2
20 22 1
0 3 2
15 16 4
8 10 1
13 16 3
17 21 4
22 0 4
6 10 3
12 14 2
8 11 2
5 7 3
3 7 2
6 8 1
15 17 4
15 19 4
4 7 1
20 1 1
3 7 2
1 4 2
13 15 2
7 10 3
6 10 3
13 17 2
12 14 2
0 3 2
15 18 3
12 15 3
2 5 3
11 17 4
21 1 2
12 15 1
14 18 2
18 22 3
11 13 2
10 13 3
2 4 1
5 7 3
14 18 1
17 19 1
2 4 2
17 21 1
4 6 3
10 13 3
18 22 4
5 8 1
13 15 4
23 3 2
16 19 1
17 21 3
20 22 4
3 6 3
16 18 3
19 23 1
21 1 4
17 20 3
9 13 4
17 20 4
10 12 1
5 7 2
22 1 4
12 15 3
6 9 2
23 2 3
0 1 2
22 2 4
8 11 2
4 8 2
1 5 2
12 15 2
10 14 2
18 21 2
16 20 1
21 1 1
22 0 1
4 7 3
17 21 2
1 6 2
13 17 4
22 1 2
1 3 1
22 1 2
13 17 2
23 3 3
14 18 1
19 23 1
0 4 1
1 5 3
6 8 3
19 21 2
13 18 2
9 13 1
7 10 1
18 20 2
5 7 4
12 15 3
2 6 2
3 8 3
15 18 2
2 3 2
18 21 4
13 15 3
3 5 3
6 9 1
8 12 3
19 23 3
10 12 1
3 5 2
7 10 2
7 11 2
8 11 4
16 20 1
0 2 3
7 10 3
16 21 2
6 8 3
5 8 4
2 6 3
4 9 3
15 18 3
23 2 4
3 5 1
8 10 3
7 9 3
4 8 2
12 14 1
18 18 4
3 7 4
14 16 3
9 11 2
9 13 3
19 20 4
18 22 4
16 20 1
0 4 2
0 2 1
18 21 1
6 11 2
18 22 2
8 11 4
22 0 4
22 1 1
11 14 4
15 20 1
9 12 2
18 23 2
4 8 4
15 17 4
1 4 3
2 5 1
21 0 3
0 2 3
5 8 4
20 22 4
1 7 1
16 19 1
22 0 3
12 14 1
15 17 1
21 0 4
18 21 1
5 7 2
13 17 3
17 21 2
20 0 3
18 21 3
16 19 3
8 10 2
9 13 4
0 5 4
16 18 4
21 22 1
17 20 2
4 7 2
17 20 2
16 21 4
21 0 2
4 7 3
2 3 1
1 5 3
8 10 3
12 15 2
8 11 4
5 7 3
9 12 1
17 20 4
11 13 4
21 1 2
23 2 1
14 17 4
13 17 4
22 0 3
13 18 2
13 16 1
15 17 4
15 17 2
8 10 1
14 17 1
0 2 3
0 3 2
7 10 4
8 11 1
12 16 3
23 1 2
10 14 1
21 0 2
14 15 3
0 4 3
17 20 1
7 11 2
5 9 1
0 3 1
20 23 3
8 12 1
19 20 1
11 14 2
16 20 3
6 9 1
0 1 1
18 22 4
20 1 1
7 11 3
4 7 1
10 14 2
18 22 1
18 21 1
16 19 2
7 10 2
14 18 4
21 23 1
15 18 4
20 23 2
2 6 2
11 13 1
1 3 3
0 1 4
15 18 1
2 5 2
22 2 2
14 16 1
16 21 4
19 22 2
18 21 1
19 21 3
1 4 3
17 20 1
6 10 3
12 15 3
1 4 1
21 0 2
13 15 1
12 14 1
15 16 1
21 23 3
15 18 2
11 14 2
5 7 2
12 14 3
16 17 4
18 19 3
19 23 4
13 15 1
4 8 2
7 11 1
18 20 2
19 23 1
12 18 1
10 12 1
1 4 4
2 5 4
16 19 3
3 8 3
14 15 2
18 20 3
16 19 1
1 5 3
11 15 3
8 9 4
15 19 3
23 1 1
2 4 1
2 6 3
10 14 3
0 3 4
14 18 4
19 21 3
8 10 2
12 15 3
7 11 2
0 3 4
20 23 3
7 10 4
9 12 1
13 15 2
3 5 4
4 6 1
1 6 4
1 4 4
13 16 1
6 7 4
21 0 2
9 13 3
4 7 1
6 9 3
5 8 4
20 23 3
22 2 3
16 18 3
0 2 3
6 10 4
9 11 2
17 21 1
0 3 4
11 14 3
3 6 4
9 12 2
19 23 3
6 9 2
11 14 2
5 8 1
12 16 1
0 1 1
7 12 3
2 6 3
13 16 3
4 4 2
2 6 1
17 20 1
0 2 1
