350 18
10 8 9 2 4 2 8 8 9 4 3 8 4 3 2 2 3 9 
11 13 18
12 15 11
17 21 4
23 2 8
7 10 7
14 17 8
11 13 17
7 10 14
8 12 15
15 18 5
14 17 16
12 15 1
20 0 16
12 15 9
4 5 8
12 15 5
21 0 15
19 23 11
10 11 14
13 17 1
17 19 9
16 20 5
3 5 5
14 18 2
10 12 18
18 21 9
12 15 17
13 15 2
17 20 7
19 23 9
8 11 5
3 5 10
9 12 2
15 18 15
21 0 16
2 5 9
23 0 6
16 18 16
22 1 11
15 18 12
5 8 6
12 17 13
21 0 6
7 9 14
0 3 12
12 15 4
14 17 4
9 12 6
16 19 10
12 16 18
21 0 11
21 23 4
14 18 15
7 9 12
21 2 6
2 6 5
17 19 1
10 14 12
16 19 18
13 16 6
23 2 2
21 0 11
13 17 6
20 23 16
0 3 5
16 17 3
3 8 18
14 15 16
5 8 10
13 16 8
15 17 8
17 18 11
0 3 7
11 13 8
22 2 13
0 2 1
0 4 6
2 3 17
23 0 5
3 5 9
23 2 13
1 5 15
0 2 5
0 3 2
16 19 18
17 19 15
18 22 1
8 12 15
2 6 7
11 14 15
20 1 16
14 16 4
23 3 8
10 12 17
4 7 3
13 16 3
2 6 6
20 22 5
13 15 8
9 14 12
22 0 16
1 4 18
0 1 5
23 1 9
8 12 5
8 10 9
12 16 18
20 0 14
13 17 11
16 19 8
10 12 9
13 13 2
6 7 14
12 14 9
16 19 4
21 3 11
15 17 11
10 15 2
13 17 1
6 9 14
10 12 6
2 6 11
12 16 2
2 6 3
16 20 1
21 0 8
2 5 8
0 2 13
1 4 12
2 6 12
14 16 17
14 16 11
21 22 5
8 10 3
13 17 12
15 18 1
14 16 7
21 0 1
12 16 2
23 2 3
14 19 14
3 6 15
17 20 9
10 13 4
21 1 6
21 2 18
10 13 13
16 20 17
1 7 2
9 11 3
8 12 16
8 10 5
17 20 14
5 7 14
4 7 2
1 4 3
8 12 12
6 7 16
4 6 9
2 6 3
0 3 2
11 15 1
22 2 7
14 17 6
3 6 13
14 15 3
6 9 18
10 14 18
9 13 6
6 8 1
12 14 8
10 15 16
8 10 2
23 2 9
4 7 1
7 10 2
2 6 2
9 12 8
8 12 11
17 21 15
13 16 12
3 5 8
7 10 18
3 7 10
2 3 18
16 20 4
8 9 16
0 3 13
18 20 3
1 5 12
14 17 6
19 22 2
17 19 1
5 8 5
22 2 6
18 21 6
12 15 9
2 5 15
8 11 5
7 11 4
16 19 12
11 14 18
2 6 10
10 13 16
2 5 4
8 9 5
5 9 11
5 7 14
1 4 14
3 6 1
13 15 7
9 11 10
22 1 2
23 0 11
7 8 13
15 18 8
11 14 17
16 20 15
0 4 6
10 13 9
0 3 2
2 6 17
17 21 10
16 19 4
7 11 2
20 22 12
3 5 1
12 15 12
23 1 18
9 12 2
20 22 11
21 1 10
9 13 13
2 5 15
16 17 8
0 1 7
13 16 12
16 20 5
21 0 4
11 13 3
21 0 5
19 22 14
21 0 5
19 21 3
15 17 8
20 22 1
15 18 6
2 4 7
16 19 1
7 9 12
18 22 4
0 3 8
3 5 12
18 21 16
10 14 11
11 14 7
6 8 8
17 20 13
23 1 5
17 19 2
8 13 13
23 1 16
15 17 12
5 9 15
9 12 11
3 7 7
4 7 1
9 13 15
16 19 10
20 23 5
22 2 11
23 1 2
9 12 12
5 6 7
8 12 18
17 20 5
22 1 7
0 4 4
22 1 2
15 18 3
3 4 2
14 15 4
0 4 10
5 8 12
20 1 16
21 0 1
7 10 2
11 15 16
8 10 14
7 11 14
11 14 18
5 9 12
23 4 11
20 23 9
16 19 2
3 5 1
18 21 17
11 12 10
0 4 5
21 22 17
9 12 16
17 20 5
17 21 15
7 9 3
14 17 17
10 11 12
16 21 7
8 9 2
20 0 7
23 1 9
2 5 16
11 14 11
9 13 8
23 3 11
19 22 1
14 17 16
20 23 2
21 2 13
12 15 8
6 10 3
14 15 13
4 6 13
9 12 4
11 11 7
1 4 5
12 16 10
11 14 15
0 2 8
20 23 17
3 5 10
8 12 16
4 7 18
21 0 11
10 13 15
1 5 2
12 15 8
10 14 17
5 8 5
22 1 2
21 22 13
0 4 13
5 10 17
19 22 1
11 14 1
14 18 16
4 7 2
10 12 15
6 8 6
6 7 2
16 18 3
