400 19
10 7 2 10 6 9 3 1 5 4 6 1 9 10 2 10 10 2 3 
14 16 4
3 5 12
19 23 17
11 14 1
12 16 17
17 20 14
12 16 14
13 16 19
18 21 6
4 6 13
16 18 12
21 23 18
9 12 16
7 10 13
9 13 14
15 18 12
7 10 3
19 22 10
13 16 13
5 9 2
0 3 9
19 19 2
20 22 10
14 17 12
22 2 8
3 7 12
15 17 14
8 12 4
21 2 14
4 6 17
11 14 2
13 17 12
1 4 5
8 11 1
18 21 5
22 1 14
19 1 13
16 19 5
6 10 6
11 15 15
20 0 6
22 0 2
2 5 12
19 23 9
3 7 11
13 16 2
12 15 12
5 8 8
11 15 16
22 0 11
17 20 13
23 3 10
17 20 9
1 3 8
13 15 14
10 13 2
5 8 17
18 20 12
15 18 12
23 2 19
17 20 5
23 3 11
7 9 17
20 23 11
0 3 17
21 1 12
16 17 3
11 14 17
9 13 15
12 16 2
5 7 14
23 2 2
6 9 8
5 8 12
1 4 10
2 5 5
13 16 5
14 16 2
7 10 15
15 18 11
2 5 9
6 9 5
13 17 3
9 12 4
12 16 2
23 4 3
5 8 6
11 14 5
13 16 2
6 7 5
17 19 6
11 13 19
13 16 17
16 20 9
4 7 8
2 6 12
13 15 18
3 6 4
11 14 10
18 21 2
14 18 6
9 12 11
23 3 12
14 16 11
0 4 14
21 1 7
12 14 7
16 19 11
7 10 12
16 18 7
0 4 13
5 8 4
4 7 10
19 21 1
21 23 18
19 21 12
5 9 19
21 0 5
17 21 2
17 19 6
13 16 11
12 14 5
22 23 18
7 9 16
1 6 7
4 6 16
16 17 1
23 1 11
2 4 18
8 13 7
0 3 15
13 16 19
18 22 9
13 17 10
0 1 18
22 0 2
22 2 17
23 4 9
7 10 13
13 16 6
15 17 19
2 4 18
23 1 15
15 16 13
7 11 15
16 19 16
18 21 11
13 17 12
17 20 9
8 12 7
6 9 9
10 13 13
6 8 13
11 15 5
15 19 6
19 22 14
21 0 14
7 10 6
1 3 8
22 2 11
14 16 10
4 7 18
13 16 6
23 2 17
2 4 7
4 8 17
12 15 15
18 20 17
20 23 3
7 11 14
17 19 16
1 5 17
13 19 15
6 10 12
17 19 12
9 13 6
16 16 7
10 12 5
2 4 11
12 16 1
18 21 10
15 18 1
21 2 2
21 1 18
8 10 18
9 14 6
16 18 16
19 20 12
13 14 5
23 2 9
23 2 16
11 13 16
3 5 17
22 1 12
3 7 7
16 19 16
23 1 11
17 20 4
3 5 1
2 4 16
11 13 2
23 3 18
19 21 18
16 18 18
23 2 12
0 3 5
18 21 5
7 9 17
17 21 13
15 18 15
19 21 15
2 4 7
22 2 8
8 12 18
14 17 2
16 21 18
20 22 8
7 9 19
18 21 6
10 13 7
6 10 9
16 20 13
2 4 3
0 2 5
17 20 16
2 4 11
12 15 12
6 9 8
19 21 3
13 16 13
10 13 3
18 21 13
20 1 3
17 20 13
12 14 15
23 2 2
6 8 5
10 12 10
16 19 6
12 14 17
13 15 8
11 13 7
14 17 9
4 6 12
20 22 17
23 2 6
15 19 2
12 16 3
14 16 19
16 20 7
21 23 13
23 1 13
5 8 5
6 8 11
14 18 5
5 9 8
8 11 3
2 6 1
23 2 6
6 10 2
12 15 16
7 10 19
20 0 8
8 10 2
19 0 5
17 21 14
17 21 1
11 14 15
7 9 13
10 13 17
7 10 9
5 7 7
2 4 13
15 19 18
19 0 19
22 2 6
20 23 18
7 9 9
7 11 12
20 23 8
16 17 9
6 8 14
15 18 14
16 18 12
21 4 18
3 5 3
5 9 7
8 10 13
9 10 2
16 18 8
8 10 17
23 3 10
8 11 6
3 4 18
21 1 9
19 23 12
15 17 6
15 18 4
7 10 14
2 6 18
5 6 7
22 1 11
22 1 15
5 8 4
14 16 16
8 13 5
6 8 8
6 8 6
0 2 18
10 14 19
12 15 1
11 12 5
8 10 2
2 4 17
12 15 16
17 19 3
17 19 8
7 10 10
17 21 3
19 20 13
17 19 14
21 0 6
22 2 11
6 8 1
20 22 3
22 0 4
2 5 16
22 1 5
18 21 7
22 1 12
13 15 8
14 18 17
0 3 14
21 1 5
23 0 6
3 4 4
7 9 17
13 15 9
3 7 16
20 22 18
4 8 16
6 9 15
0 2 11
0 2 2
13 15 1
19 22 12
0 4 2
21 0 5
12 18 14
23 2 6
8 12 19
4 5 19
8 10 14
4 6 14
20 0 8
1 4 5
7 8 8
5 10 13
0 2 11
11 17 7
5 9 18
5 7 5
11 14 4
5 8 11
0 2 7
9 12 14
9 13 11
20 23 19
15 18 11
21 0 5
11 15 14
6 10 6
1 6 7
1 4 14
19 23 1
8 12 14
2 5 16
2 4 9
13 16 2
11 13 13
5 8 11
12 16 15
0 2 11
1 4 12
13 14 10
15 17 15
7 10 19
19 21 11
22 1 8
0 4 7
2 5 13
1 2 16
23 2 2
5 9 14
13 16 13
2 7 13
10 13 14
13 15 8
12 14 7
8 11 4
