700 14
7 7 6 5 7 4 5 4 9 4 1 2 7 7 
14 17 3
1 4 14
6 9 11
9 10 11
15 18 7
4 7 14
0 4 6
8 10 3
11 14 1
1 4 12
9 13 12
3 5 6
1 3 8
7 11 14
6 8 4
0 1 12
13 16 5
6 8 7
21 0 11
4 7 12
5 9 14
5 7 8
0 3 8
17 21 14
6 9 2
0 3 1
12 16 7
4 5 3
19 22 3
19 21 9
18 20 6
8 11 1
17 21 5
6 10 2
9 9 9
12 14 12
11 16 10
22 23 5
20 2 12
21 23 14
23 1 12
8 11 7
19 21 2
5 9 12
9 10 9
10 12 6
8 12 8
10 13 3
6 10 1
3 7 2
7 10 2
22 1 7
21 0 14
10 13 3
4 6 1
13 15 8
19 22 6
21 23 7
7 11 2
11 13 1
0 3 10
8 12 3
23 1 9
14 16 2
17 20 11
23 1 2
0 2 11
22 2 8
8 11 6
7 10 13
0 4 8
17 21 9
17 20 6
2 6 3
15 19 4
10 12 3
0 3 14
8 11 13
19 22 13
2 5 6
6 10 11
11 14 14
12 17 7
18 21 9
17 21 3
19 22 2
9 11 13
15 18 8
16 19 7
3 6 14
20 22 6
0 5 11
16 19 5
5 10 12
17 20 12
16 19 3
17 20 11
11 14 6
2 6 3
2 5 1
10 13 10
23 1 10
2 5 13
1 3 9
4 7 9
21 0 3
2 5 9
22 1 10
11 14 12
4 8 5
20 1 13
18 20 2
23 4 1
7 9 1
15 18 3
22 0 13
5 8 14
23 1 4
19 23 11
5 7 13
15 17 5
16 19 2
13 16 13
22 1 2
19 22 3
21 0 13
20 22 8
8 9 1
13 17 13
18 22 2
14 17 12
16 18 4
0 2 10
10 12 4
5 7 8
13 16 13
7 9 8
19 21 12
6 11 12
0 3 6
4 7 9
5 7 3
10 12 6
5 7 9
12 13 9
13 15 3
18 20 2
14 18 12
11 15 7
2 6 13
4 8 10
22 0 5
3 5 6
0 2 8
10 13 13
16 19 6
13 17 2
12 16 9
2 5 11
19 22 14
19 20 13
6 8 6
16 20 14
11 13 4
2 4 2
2 3 5
14 18 14
23 2 14
20 23 3
23 1 11
4 8 5
4 7 3
12 14 2
0 2 1
8 12 7
21 0 6
13 17 2
16 18 6
9 12 4
1 1 8
2 4 12
10 15 4
17 20 2
4 7 7
20 0 3
18 19 3
22 1 14
1 5 6
22 1 3
16 19 8
9 13 5
16 19 14
23 3 14
1 3 10
9 10 11
0 1 2
13 16 6
20 23 5
2 5 3
11 15 10
2 4 8
6 8 7
21 1 6
7 9 4
6 11 14
9 12 11
22 1 8
1 3 10
3 7 14
6 9 5
19 23 13
22 1 11
10 14 11
4 6 12
18 21 14
2 4 14
13 16 6
10 13 13
0 1 9
13 17 9
12 16 1
6 8 14
17 20 14
1 3 1
11 14 8
0 3 10
4 6 6
2 5 13
12 16 12
19 23 1
20 22 14
2 6 2
22 3 7
21 1 6
7 9 10
1 3 11
15 18 6
8 12 7
15 18 11
9 13 2
17 20 12
17 20 5
9 11 3
10 13 5
6 9 2
2 5 6
21 1 2
2 5 14
19 21 7
10 14 1
13 15 9
3 6 9
23 3 8
22 1 2
11 13 8
14 17 12
12 14 8
14 18 14
9 12 10
8 10 5
10 12 9
8 10 3
11 15 7
10 13 12
12 15 10
10 12 14
19 22 7
3 6 2
16 18 4
4 8 8
8 10 6
10 13 7
8 11 7
11 15 2
10 12 5
15 19 14
15 18 13
17 21 3
17 19 5
12 17 1
13 16 8
0 2 3
14 16 10
23 3 3
18 21 13
1 5 5
11 15 3
14 17 5
15 19 10
21 1 14
2 4 4
0 1 7
13 16 6
10 15 6
12 15 8
10 13 3
9 12 13
13 14 6
5 9 14
18 22 2
15 19 1
12 14 9
10 13 9
22 2 11
2 6 12
20 0 8
4 7 6
17 21 2
5 7 5
20 22 14
3 7 3
7 10 4
7 9 9
10 13 4
9 13 14
10 13 7
0 1 11
12 15 13
20 23 7
8 10 3
4 7 3
4 6 6
3 7 11
23 0 6
0 3 14
16 19 5
14 18 6
3 6 10
12 17 14
22 1 8
14 17 6
22 0 3
22 2 4
15 18 5
6 9 5
5 8 4
16 19 3
22 0 1
18 18 12
15 19 11
14 17 14
16 20 14
2 6 3
3 7 6
5 8 1
5 7 14
11 14 5
11 13 11
4 8 7
8 13 3
14 18 7
17 20 12
15 19 8
11 14 11
2 6 3
10 14 6
20 22 13
9 13 5
1 4 3
12 16 8
2 6 10
5 10 1
19 20 14
19 22 4
3 4 3
3 8 9
8 13 2
13 16 8
17 20 6
15 20 10
0 2 4
5 8 10
3 6 7
19 22 8
2 6 7
20 23 11
22 1 6
8 12 10
13 17 6
18 18 7
13 16 7
17 20 13
19 22 6
1 5 10
13 15 14
2 3 6
13 16 2
18 20 13
5 9 4
10 12 5
3 5 4
9 13 5
1 6 8
19 22 11
23 2 9
11 11 10
9 11 6
21 0 12
9 13 14
7 10 6
4 8 5
14 17 6
1 3 6
20 0 1
2 3 8
12 16 2
10 11 11
19 20 7
8 12 6
18 20 12
16 20 9
15 16 13
14 19 14
17 19 12
15 16 3
19 22 2
10 11 2
22 3 8
1 4 1
13 16 9
0 4 7
22 2 13
10 14 9
14 18 3
9 14 6
2 5 13
1 4 9
19 23 14
11 13 1
17 19 14
19 23 9
22 1 2
12 15 2
23 4 4
23 1 9
16 19 4
13 15 8
21 0 8
19 22 8
16 18 6
16 19 2
19 22 8
0 2 7
2 6 3
21 0 5
10 12 6
13 15 9
2 5 5
7 10 11
13 16 5
3 6 10
14 16 13
20 23 10
7 11 11
14 17 2
2 5 9
12 16 7
12 15 14
13 16 5
3 6 14
6 7 12
4 6 11
11 13 10
23 2 13
19 23 5
0 3 11
13 16 14
18 20 6
4 6 9
18 21 12
21 23 14
2 6 7
8 13 11
23 3 9
11 13 14
20 0 4
9 10 14
2 5 2
10 14 10
20 0 6
23 2 4
8 11 3
13 14 1
19 21 1
3 5 13
1 4 13
6 10 7
5 8 14
10 13 1
12 15 8
23 1 11
17 20 2
14 17 1
12 15 14
10 13 4
13 17 2
0 3 2
19 23 1
21 0 13
18 22 3
19 20 2
11 16 14
20 22 2
20 21 3
3 7 3
15 18 6
23 2 10
13 15 12
13 17 4
8 11 12
19 20 6
15 18 7
21 0 1
23 3 9
18 20 5
19 23 8
19 21 14
22 2 9
14 18 5
18 19 1
23 1 12
10 13 1
22 0 10
1 5 2
23 2 14
2 4 12
15 17 3
6 8 3
20 0 11
1 4 9
8 10 11
10 13 4
5 8 3
0 3 11
7 11 8
23 1 14
13 17 12
20 0 4
20 22 9
9 13 7
3 6 1
6 8 11
9 12 2
7 10 5
8 11 7
22 2 10
3 5 14
10 14 6
17 21 6
0 3 11
3 6 8
11 15 2
16 19 1
17 20 12
13 15 10
9 13 9
23 2 4
7 11 4
5 9 4
0 4 7
17 20 14
18 21 13
18 19 5
18 19 12
18 21 12
17 22 6
15 16 13
11 15 12
2 6 7
3 5 7
2 5 7
11 15 11
12 16 13
13 16 8
19 21 7
11 13 3
14 17 5
4 8 5
2 4 10
10 13 6
18 21 3
21 0 12
5 7 8
12 16 5
13 17 14
1 5 13
13 18 5
17 18 1
23 4 13
19 22 10
15 19 14
0 2 1
12 15 1
21 2 8
2 4 4
3 7 4
23 2 12
1 5 2
18 21 14
18 22 7
2 4 4
18 23 9
3 6 4
19 0 6
21 23 12
9 11 5
0 3 11
9 12 3
22 0 14
10 14 5
19 22 4
12 16 10
4 6 7
21 0 14
23 2 12
23 4 1
18 22 14
17 19 14
7 12 4
15 16 8
5 7 4
19 22 2
11 16 14
22 2 10
15 19 13
13 17 13
14 16 14
12 15 5
12 15 12
6 10 2
4 8 14
13 16 4
10 13 14
6 8 14
11 17 12
17 21 14
1 4 10
5 7 6
0 3 8
5 9 4
7 9 1
12 14 12
5 7 3
1 4 9
5 5 3
4 7 9
13 16 6
0 4 4
17 20 7
18 22 14
11 17 4
19 23 13
13 16 6
16 20 14
12 16 12
20 0 3
14 17 10
2 6 11
0 3 1
23 1 11
4 8 5
12 15 10
3 5 13
21 23 1
12 15 2
11 13 13
11 12 5
18 21 3
17 20 9
7 10 10
2 6 7
2 6 10
7 10 4
8 11 7
8 12 4
20 23 6
3 5 10
15 19 9
8 11 10
21 23 10
9 12 6
20 21 9
14 17 1
21 1 13
4 6 11
14 16 12
2 4 13
16 20 1
0 2 8
16 19 9
2 4 14
9 11 6
10 12 3
23 3 9
21 0 7
19 22 2
21 0 10
21 1 5
3 6 4
11 12 13
