100 14
9 8 9 10 9 6 2 3 1 6 1 10 2 7 
9 12 11
3 6 12
22 1 5
15 17 6
13 15 13
3 8 4
15 19 9
4 6 9
8 9 4
8 10 2
19 22 11
0 4 1
22 1 11
15 18 7
13 16 9
21 0 4
17 19 12
5 6 12
10 13 13
15 17 1
1 4 1
0 3 5
22 1 4
22 3 8
12 15 4
16 20 10
1 3 10
18 23 1
23 0 3
3 5 13
8 11 9
15 18 14
7 11 3
16 19 5
15 20 10
3 6 6
18 22 13
18 21 3
22 2 10
2 3 12
23 2 4
23 3 5
15 18 12
14 18 3
10 13 4
22 0 5
10 14 9
3 6 6
9 11 9
10 13 12
1 4 4
13 15 1
7 11 4
8 11 8
9 10 12
0 3 11
22 1 5
16 20 11
7 9 9
3 6 10
0 3 10
9 11 14
7 11 7
22 0 3
1 5 9
17 18 11
8 10 10
9 11 2
8 12 1
18 20 8
19 20 2
9 12 12
0 3 12
6 10 10
9 14 4
2 5 3
21 1 11
17 20 6
8 12 9
18 20 6
12 14 5
19 21 6
8 11 14
22 2 5
4 7 13
12 16 1
20 23 1
1 3 12
19 21 10
11 13 1
15 17 1
11 15 4
10 13 3
8 11 8
11 14 12
8 10 9
6 10 1
23 4 4
15 19 10
5 7 3
