2050 15
4 7 6 1 1 1 4 10 7 3 8 3 9 5 2 
15 19 2
15 19 13
9 12 9
22 1 3
23 3 12
16 18 8
4 6 12
0 3 15
17 20 12
2 4 15
7 10 6
23 4 12
2 6 12
22 2 7
7 12 10
14 16 3
17 19 12
7 9 2
4 6 10
2 6 4
8 11 4
17 20 15
22 0 15
20 1 3
22 1 2
10 13 2
23 1 9
5 6 6
7 10 12
17 20 13
3 6 12
15 17 13
1 3 5
13 16 2
9 12 10
0 5 15
19 21 1
15 18 1
1 4 9
19 21 13
13 17 5
2 5 5
13 16 7
3 5 14
11 15 3
18 21 5
15 19 13
0 3 11
22 1 15
15 17 9
0 3 1
3 6 12
3 9 7
2 6 11
8 11 13
4 6 6
1 4 9
9 14 8
9 11 7
22 2 10
5 8 8
11 13 6
5 8 5
23 1 1
17 21 1
23 1 12
19 23 12
12 16 9
2 5 2
15 17 10
21 0 5
22 2 6
22 2 9
20 23 11
17 18 3
3 7 13
23 3 9
7 11 7
1 4 4
5 8 9
1 4 11
7 9 10
18 20 15
5 8 15
2 5 1
13 15 13
20 22 1
11 15 12
18 20 15
22 2 15
3 6 4
18 22 15
1 5 4
18 22 2
20 21 13
8 13 9
16 20 13
1 4 4
11 13 1
5 8 11
21 0 10
10 13 8
16 20 9
23 3 11
12 15 13
18 21 4
0 3 13
15 18 6
16 20 3
20 23 7
17 20 6
12 16 4
10 13 7
6 7 8
8 11 8
13 17 2
13 18 4
20 22 9
13 16 2
22 23 12
9 11 7
19 21 3
0 2 11
2 4 12
17 21 3
7 11 7
16 18 14
9 11 6
9 10 2
17 20 9
15 18 12
2 5 15
14 18 8
0 2 4
7 11 7
14 17 9
17 21 10
19 21 12
23 1 13
2 6 1
2 6 2
19 21 14
9 11 2
9 12 7
9 12 12
9 12 1
19 22 14
9 13 14
18 20 10
4 7 8
15 17 1
19 23 10
14 18 10
0 1 10
12 14 11
12 15 2
23 2 1
17 21 15
18 22 8
16 18 15
4 7 4
18 21 8
23 3 10
15 20 11
20 22 13
6 8 5
10 13 2
23 3 13
13 17 5
21 1 9
8 9 8
20 23 1
10 12 11
15 17 12
10 12 15
7 10 6
13 16 1
7 9 13
7 10 1
20 23 10
18 22 11
4 8 10
18 22 11
16 18 10
4 8 6
7 11 14
4 6 12
11 13 10
5 7 4
14 16 8
11 13 6
0 3 11
12 15 1
6 8 7
19 22 8
2 5 4
11 14 1
19 23 2
4 7 6
1 3 3
9 12 14
21 3 6
11 12 3
15 19 14
3 5 6
7 9 4
5 6 7
19 22 7
12 16 14
14 16 15
1 3 10
10 14 13
20 22 8
4 7 14
5 9 1
14 18 8
21 0 14
14 16 2
10 13 14
4 7 15
14 15 4
13 17 7
21 22 7
19 23 15
17 18 11
21 1 15
0 4 7
20 0 5
20 22 8
23 2 10
17 21 15
16 18 13
0 4 13
20 0 8
6 9 7
19 22 10
2 4 3
1 2 4
6 9 15
19 20 10
5 7 8
17 20 8
19 23 4
22 2 6
22 1 15
19 22 8
22 2 2
15 18 7
6 8 5
5 10 7
0 5 4
2 6 2
19 21 15
10 14 11
18 20 3
1 4 11
21 23 4
2 7 9
22 1 11
7 10 8
14 17 11
2 4 1
11 12 11
1 5 5
15 17 10
9 13 3
2 4 13
5 7 2
14 17 10
2 5 15
23 0 5
6 9 6
23 1 11
10 11 5
12 16 9
14 18 6
22 23 12
18 20 10
15 18 15
12 16 3
8 10 5
20 22 13
0 1 9
3 6 13
15 17 13
22 1 11
12 13 1
2 4 10
23 2 5
1 4 10
12 16 8
4 6 11
18 22 7
16 18 14
9 12 7
12 17 5
9 12 3
23 1 10
6 7 7
8 12 5
6 9 13
15 17 9
15 19 15
12 16 3
3 6 9
9 13 3
5 9 13
15 19 10
7 12 3
5 5 10
11 13 3
20 22 10
16 18 15
17 20 13
23 2 11
9 11 15
11 14 5
12 13 1
12 15 8
13 17 7
6 8 2
21 23 8
3 9 8
3 5 4
16 18 6
3 7 7
2 5 1
0 3 6
20 23 5
21 22 4
15 17 15
22 2 6
17 18 13
12 15 1
3 6 1
22 0 6
0 4 15
6 9 3
6 8 3
2 6 13
22 2 4
0 3 13
5 9 15
8 12 6
4 7 4
16 18 12
12 16 13
12 14 8
18 21 1
5 7 6
22 2 3
22 1 2
3 6 4
13 17 12
17 22 9
8 12 15
11 15 12
1 5 7
12 14 3
12 15 11
14 18 6
18 22 8
6 8 11
18 22 15
13 17 11
13 16 8
2 6 7
12 13 4
8 12 6
14 17 13
16 18 1
22 1 1
2 5 2
19 22 1
22 2 3
19 22 2
2 6 9
1 5 12
22 1 2
19 22 13
15 18 4
20 22 10
17 20 13
0 3 15
15 18 10
4 5 11
12 15 2
22 0 1
4 7 13
9 12 7
16 18 15
8 12 1
6 10 5
11 13 14
19 20 1
9 13 14
20 0 2
7 9 1
7 11 1
22 0 13
16 19 9
8 12 10
2 6 9
16 19 12
13 17 2
1 4 11
13 17 8
11 14 8
1 5 14
15 18 5
12 15 11
1 3 4
3 7 7
15 17 2
0 3 13
3 5 12
5 8 11
17 21 8
11 14 12
4 6 11
0 3 4
19 21 5
15 19 9
0 4 9
17 20 3
19 23 12
10 13 12
10 15 11
20 23 15
12 14 10
13 16 2
19 23 15
9 10 4
11 13 1
5 9 10
1 4 4
11 13 7
3 6 6
9 13 8
6 9 8
23 1 12
20 22 7
4 7 15
19 22 11
14 16 7
3 8 11
3 7 12
11 14 5
22 1 7
16 20 12
16 20 14
2 6 14
11 14 7
22 1 5
23 3 1
4 6 3
17 20 11
0 3 6
17 20 13
20 0 3
2 5 3
19 22 14
4 5 3
2 4 5
13 15 14
13 17 13
21 23 13
2 7 2
2 8 3
5 8 2
12 17 13
18 22 6
11 14 15
3 5 15
12 14 1
23 3 10
16 20 8
8 12 3
23 2 7
17 20 5
2 5 5
0 3 4
19 22 11
20 22 11
14 18 14
7 9 12
0 3 3
20 21 9
21 0 14
17 22 1
23 0 12
5 7 10
5 7 10
2 5 10
7 9 10
14 18 5
14 15 6
13 17 1
23 0 10
15 19 8
7 9 2
13 17 1
16 20 3
21 0 5
10 13 2
11 15 8
21 0 2
2 4 4
15 17 2
22 1 8
9 14 6
7 9 5
16 19 8
11 15 9
16 20 6
7 11 4
1 5 9
9 11 9
16 19 1
19 21 4
21 23 7
0 2 11
14 17 5
19 0 5
13 16 9
1 4 5
18 19 7
3 4 2
21 23 4
8 10 7
15 18 6
15 18 15
15 18 11
3 7 11
13 16 2
4 7 7
3 4 10
9 13 7
10 11 4
18 22 2
23 2 12
6 11 13
5 9 7
7 12 11
10 13 2
6 9 12
11 14 10
2 7 15
2 7 11
23 1 14
22 1 5
4 7 11
21 0 9
22 1 1
22 1 3
19 22 11
16 18 3
5 7 3
3 7 6
16 18 6
8 11 3
9 12 13
23 3 3
5 7 14
15 18 3
5 9 10
1 5 14
15 18 11
7 10 10
13 16 6
12 16 12
6 9 14
3 7 14
20 23 15
22 2 2
21 1 8
9 13 12
21 0 2
23 1 1
18 20 1
5 10 3
12 15 9
0 3 15
8 12 7
5 8 8
19 23 11
13 15 12
1 4 6
14 16 15
22 2 5
6 8 5
5 8 1
23 1 12
14 17 11
21 23 8
21 0 8
1 3 15
4 7 1
13 15 1
19 22 15
21 23 13
12 15 14
19 23 12
14 18 6
19 21 10
9 11 2
21 23 15
18 22 3
21 0 11
23 3 8
11 15 6
3 6 10
10 11 11
22 1 13
4 7 8
17 20 6
18 22 9
21 2 14
20 22 9
5 9 1
1 6 2
16 20 2
7 9 12
18 22 10
15 19 14
16 19 11
17 22 13
18 20 9
17 20 5
5 7 8
19 21 1
0 3 7
19 22 15
21 0 1
16 16 9
11 13 11
20 0 15
17 21 5
11 15 3
10 12 11
10 13 4
11 17 1
10 14 15
11 16 15
2 5 10
1 5 8
23 2 4
2 3 12
15 19 13
19 22 15
5 8 1
20 23 3
1 3 6
8 12 2
10 14 12
23 2 6
18 21 13
4 6 8
3 6 10
8 13 5
11 13 9
23 3 9
4 6 9
17 20 13
17 21 11
15 17 8
1 5 10
20 22 11
21 1 7
15 18 11
18 22 1
23 1 8
21 1 5
8 12 11
21 2 14
12 16 3
21 1 9
21 1 11
17 21 8
9 13 10
0 3 4
21 0 9
3 7 6
0 1 10
2 6 8
13 15 8
2 7 7
17 21 10
17 21 9
19 22 11
17 21 12
1 5 8
9 13 13
1 2 11
6 10 10
0 3 15
7 10 3
21 23 4
10 14 4
4 4 13
21 0 8
22 1 15
7 10 5
4 9 12
0 5 14
1 4 6
5 9 4
12 14 11
19 20 5
23 0 11
0 4 11
21 0 1
3 5 4
13 15 7
0 3 6
3 7 11
6 10 15
6 10 9
11 13 13
19 22 14
10 13 13
23 4 10
18 21 3
12 14 4
9 12 15
9 12 10
1 4 5
5 7 4
17 21 5
15 17 13
20 1 1
19 22 4
7 10 3
7 10 10
3 4 6
18 22 5
8 11 6
22 1 9
5 8 2
12 14 8
22 0 3
19 23 4
21 1 7
15 18 9
13 16 3
3 8 8
8 10 13
0 3 14
7 10 4
0 3 10
22 0 15
11 15 2
20 23 3
16 18 1
20 1 12
4 6 10
19 20 2
1 4 13
20 23 15
23 0 12
18 21 6
13 16 10
4 7 10
15 19 5
18 23 4
23 1 8
13 17 14
16 19 3
19 23 2
14 16 6
8 11 11
10 14 1
16 20 13
12 13 1
13 16 2
18 23 12
19 0 11
17 20 5
9 12 1
21 0 12
2 5 5
19 22 8
2 5 14
22 2 3
0 4 14
0 5 10
10 13 4
7 10 6
20 23 3
0 3 4
1 4 6
23 3 9
0 4 6
15 18 8
8 11 7
7 10 4
18 23 6
15 18 12
12 14 3
9 13 12
12 16 3
7 9 13
0 4 15
23 2 13
18 19 2
10 13 10
6 9 4
15 19 10
22 2 10
17 18 1
22 0 13
8 9 10
8 10 12
19 21 10
1 4 12
19 22 9
2 4 12
4 6 3
15 17 4
18 22 14
20 23 10
23 2 14
15 18 10
18 22 1
8 11 13
4 7 11
23 0 14
9 13 10
2 4 8
6 9 3
8 12 13
10 12 4
16 19 4
1 5 3
0 2 1
21 0 14
10 14 15
4 8 7
8 11 3
8 10 10
21 23 14
13 16 2
21 23 6
6 11 1
4 6 8
21 1 2
18 20 13
20 0 4
18 20 13
22 2 12
12 14 3
16 19 9
3 6 9
12 15 3
1 5 10
17 19 13
19 22 13
0 4 10
12 14 11
13 17 4
7 10 14
4 8 11
8 10 3
11 15 12
8 12 3
15 20 2
18 19 11
23 2 6
23 2 3
3 7 4
21 1 14
1 5 11
2 7 3
22 1 7
16 19 4
6 10 10
5 10 5
21 23 12
20 22 2
5 7 9
23 1 8
13 17 11
3 8 3
18 21 8
11 14 11
12 15 8
8 11 3
4 5 7
6 7 1
20 22 11
2 6 12
1 3 5
1 4 8
17 18 13
22 0 11
15 19 5
19 22 6
16 20 2
9 12 2
3 6 10
16 18 14
18 21 13
14 19 6
8 12 2
6 10 12
22 1 6
1 4 5
18 22 3
10 14 15
17 19 12
5 7 5
22 0 15
10 13 5
1 5 11
14 17 1
6 9 5
3 5 3
8 12 7
11 15 15
23 1 10
1 4 11
14 17 13
12 16 6
14 19 7
7 11 3
7 9 14
10 12 14
3 7 1
4 5 6
6 10 13
17 21 3
18 21 3
1 3 13
19 23 8
15 17 9
15 18 7
1 3 14
4 7 5
1 5 1
18 20 14
18 19 2
0 2 12
22 1 11
8 11 10
4 6 5
5 10 5
8 10 7
3 9 15
2 3 15
16 18 1
16 21 14
20 22 6
8 12 10
15 18 15
8 11 2
13 15 9
16 19 10
11 15 4
23 1 13
19 0 12
20 1 13
4 8 3
17 21 4
20 23 4
18 22 6
21 0 12
0 1 12
8 11 9
13 17 11
10 12 15
0 3 7
12 16 6
21 1 15
8 12 4
20 21 14
14 18 15
21 0 9
20 23 8
10 13 4
10 14 11
4 7 4
18 20 9
8 12 5
22 2 15
19 22 14
4 7 13
14 16 6
2 5 11
12 14 10
5 8 1
5 7 14
9 13 4
1 4 14
9 12 2
20 22 9
5 10 4
2 4 11
9 14 12
9 13 1
16 18 12
21 0 12
19 22 9
11 15 8
0 2 10
12 16 15
8 9 13
0 2 8
15 18 4
12 17 12
6 9 14
6 8 2
12 15 11
7 12 4
11 15 13
16 19 8
22 1 7
7 10 10
1 3 14
19 23 15
0 4 9
19 22 13
13 16 15
16 18 7
23 1 12
6 9 14
6 8 14
4 6 12
4 7 8
22 0 3
17 21 14
5 8 4
13 16 5
4 6 13
14 18 3
19 23 7
9 12 7
22 0 9
17 18 9
2 3 2
15 18 10
21 23 6
16 19 15
18 20 11
16 20 4
16 20 14
18 19 6
10 15 10
7 9 14
2 6 6
21 0 1
23 2 15
8 10 6
3 6 7
4 7 12
16 18 3
20 22 1
10 13 6
17 20 3
14 17 15
19 21 12
8 11 2
15 20 15
17 19 13
12 14 4
17 20 1
22 0 13
9 13 5
8 10 10
13 18 12
5 9 12
19 22 5
22 1 2
10 14 7
13 15 7
10 14 2
9 12 14
10 14 8
10 13 4
18 20 5
8 11 14
1 5 10
18 20 3
7 9 4
6 9 15
10 11 13
12 16 15
16 20 10
20 1 9
21 0 7
20 23 13
6 10 14
15 17 7
20 0 10
7 11 11
16 18 12
19 22 3
0 5 6
4 7 2
6 10 1
3 5 5
14 17 9
7 10 1
16 20 14
9 12 7
3 4 9
21 23 10
4 7 2
18 23 13
13 14 8
20 23 2
0 2 6
18 22 8
0 4 3
10 11 13
3 6 3
1 5 9
11 16 10
6 8 9
17 20 11
10 13 11
22 0 10
12 14 4
5 9 2
7 9 1
12 14 15
11 16 4
4 8 13
16 18 8
12 14 9
11 14 1
18 22 1
23 3 13
13 17 3
5 10 6
5 9 10
6 9 3
23 3 1
17 21 8
1 4 14
11 12 10
9 11 7
0 4 9
12 15 13
17 20 8
11 12 13
14 18 2
14 16 12
6 9 11
1 5 13
23 1 2
11 15 6
5 9 2
6 10 9
17 22 11
11 16 6
8 11 14
11 13 11
1 5 11
22 23 15
4 6 3
13 18 13
20 0 12
9 14 10
5 8 9
23 3 15
4 8 3
5 8 4
10 13 10
1 2 15
20 23 5
3 5 3
2 5 8
5 8 11
7 10 8
19 22 4
12 15 12
15 18 7
7 11 2
12 14 5
0 5 15
16 19 5
16 18 4
17 21 13
23 2 3
9 12 2
0 2 7
17 21 10
16 21 13
3 8 4
3 4 10
11 15 14
14 18 2
9 11 15
9 10 8
1 3 12
2 4 1
5 6 5
2 4 11
5 8 5
12 15 2
8 10 4
6 10 15
15 17 3
21 1 8
2 6 8
3 4 6
12 15 7
8 12 12
21 23 11
5 9 8
21 0 9
7 10 3
3 5 15
2 5 10
23 2 9
8 9 9
14 18 8
7 10 1
22 1 13
19 22 9
20 2 1
3 5 4
19 22 5
12 14 13
21 22 10
15 17 4
12 14 13
2 5 14
1 5 14
0 3 6
8 11 5
6 7 10
1 4 8
17 18 11
19 22 10
15 19 10
2 7 15
1 5 5
18 20 6
13 16 12
7 10 2
7 11 11
21 2 2
12 16 13
22 1 14
10 12 11
13 15 5
0 3 7
10 14 14
6 8 11
17 20 14
10 12 7
19 21 1
4 7 7
12 15 11
16 20 11
3 6 1
5 7 15
4 7 14
3 6 4
11 13 7
16 19 15
21 1 2
13 17 7
3 6 11
18 21 4
4 6 9
20 0 11
6 11 9
16 20 2
14 19 3
15 17 8
10 12 14
3 6 7
10 13 7
14 18 13
8 13 13
21 22 13
6 9 1
14 18 1
12 15 2
5 6 4
13 18 10
15 19 12
17 19 6
19 22 9
6 8 1
14 17 11
16 20 1
10 12 5
10 13 12
17 19 14
10 12 10
21 23 2
6 8 1
19 1 11
6 8 11
22 2 6
4 9 4
18 21 13
2 7 3
13 16 13
11 14 5
20 23 4
5 8 1
1 4 13
4 7 9
7 11 6
7 11 14
9 10 5
13 16 15
19 21 2
13 18 12
8 12 3
7 11 8
8 10 4
1 4 4
0 3 14
2 6 5
8 11 4
16 19 15
2 5 8
4 6 14
4 8 2
19 21 14
22 2 13
16 18 8
13 15 5
14 16 9
4 6 7
16 16 6
8 11 5
7 10 5
22 2 3
7 10 2
0 3 4
16 19 3
10 13 15
14 16 5
4 7 10
2 6 4
15 16 9
11 15 11
3 5 15
14 18 8
19 23 15
21 22 14
12 15 11
23 2 3
17 21 2
22 2 7
18 22 9
6 8 4
9 12 2
8 10 6
7 11 7
23 2 14
12 14 2
13 17 11
6 8 7
12 16 8
6 8 6
11 16 8
2 6 11
0 2 4
0 3 2
2 5 15
23 2 14
19 22 15
14 18 6
18 21 5
17 23 7
21 23 5
1 4 9
17 21 2
13 16 6
18 22 5
13 17 6
5 6 15
6 9 6
13 16 10
3 6 5
22 1 11
19 21 5
0 4 4
11 14 7
21 2 1
11 13 10
9 12 14
0 2 2
9 12 3
7 10 13
13 15 8
14 17 9
16 18 3
8 10 5
9 12 3
18 21 4
15 18 12
4 6 2
4 7 8
22 0 13
17 21 8
5 9 9
22 1 10
15 18 6
10 13 8
11 14 10
7 10 11
21 0 12
13 15 6
2 5 9
6 9 10
4 9 12
7 9 9
16 17 7
8 12 6
11 13 8
21 0 8
10 12 2
4 7 8
19 22 5
6 7 10
23 3 10
0 4 8
19 21 4
10 14 14
11 15 4
14 17 3
8 11 15
17 21 5
8 11 11
8 9 4
9 10 2
11 15 11
0 3 9
22 1 3
9 12 2
20 22 2
6 7 14
9 12 11
19 22 2
6 8 14
11 14 5
11 15 1
7 11 10
22 1 1
5 7 1
8 13 1
22 2 8
13 17 14
6 7 8
6 8 10
1 4 4
21 1 2
19 21 12
5 7 10
8 10 9
4 7 7
1 5 2
22 2 3
4 7 7
12 15 13
19 22 3
7 8 9
21 22 1
11 14 3
17 19 15
15 17 13
5 8 7
16 20 12
4 6 6
8 11 15
2 3 7
20 22 14
3 5 2
8 11 7
7 11 3
7 10 9
19 23 1
0 0 2
16 18 2
21 0 3
18 20 1
3 5 7
6 10 8
0 1 10
14 19 9
1 4 1
14 16 13
12 17 3
19 23 15
23 0 7
10 13 6
8 11 9
0 4 9
3 7 12
7 11 3
2 5 9
21 0 6
8 12 8
12 16 8
13 17 13
21 1 10
22 1 4
23 2 3
4 5 11
4 7 11
2 6 3
8 10 4
20 23 2
10 13 13
16 21 6
4 8 7
17 21 2
12 14 14
14 18 7
10 13 12
17 21 12
16 17 9
10 13 1
17 20 15
1 3 10
7 11 11
14 17 5
7 11 8
7 12 5
23 1 9
11 14 10
22 23 13
6 9 10
0 4 8
16 20 1
4 8 7
0 2 15
4 7 14
0 3 7
19 22 5
23 1 7
6 10 6
14 17 8
10 14 7
20 21 15
8 11 7
10 13 15
23 3 10
8 10 10
19 22 12
2 5 14
5 9 7
14 18 15
17 17 2
7 9 5
8 10 14
2 6 7
21 0 15
6 9 5
8 14 8
23 3 10
15 18 15
16 18 15
15 19 12
22 0 10
0 2 8
15 18 14
21 2 12
16 20 3
4 7 13
11 13 3
4 7 1
17 20 2
6 8 13
4 8 10
19 23 7
18 22 6
20 0 9
6 9 10
12 15 6
7 11 4
7 9 3
23 2 9
19 0 5
17 19 7
12 16 11
13 16 12
15 19 9
9 12 10
6 8 12
13 16 10
14 17 5
0 3 4
6 8 2
13 14 2
17 20 12
12 16 2
0 4 14
18 22 5
2 6 12
18 22 3
11 13 2
20 23 6
22 2 2
0 4 5
18 21 10
4 6 7
7 11 11
1 5 4
10 12 2
3 8 6
8 11 14
15 19 14
4 7 13
0 2 2
4 6 13
12 14 1
18 21 4
23 1 6
10 13 8
15 19 13
23 2 5
5 6 8
14 16 6
23 3 11
4 7 8
19 23 1
12 15 11
7 10 11
1 5 1
4 6 10
22 23 8
1 5 6
23 3 7
2 4 15
2 7 14
3 6 3
9 13 13
0 3 1
3 5 9
22 0 8
15 19 9
12 15 11
14 18 4
6 10 2
8 9 3
21 1 1
13 16 7
9 12 8
10 14 2
16 19 1
3 5 9
6 10 15
10 12 2
15 17 8
8 12 4
0 5 6
22 1 6
8 12 13
8 12 12
14 17 14
12 16 11
2 6 13
4 8 7
15 19 8
14 18 7
20 22 14
8 12 1
6 11 13
12 14 1
3 5 15
7 8 15
4 6 11
2 5 12
21 0 13
10 13 14
0 4 15
5 7 10
14 18 5
11 11 2
16 19 15
3 6 14
0 3 14
10 14 8
6 9 7
12 16 13
14 15 13
11 13 14
13 17 5
14 17 4
1 2 3
6 9 10
10 13 7
18 21 10
21 22 14
3 6 1
19 23 2
13 16 13
0 4 7
18 21 4
19 21 8
14 18 3
4 6 5
12 14 6
18 23 15
21 1 4
14 16 10
0 3 10
6 9 6
12 15 8
21 2 12
19 22 1
13 15 12
13 17 14
1 3 14
23 2 3
15 16 9
23 3 12
5 5 3
19 0 11
2 5 1
13 18 1
6 10 12
8 10 15
8 12 11
13 16 12
13 15 1
4 8 9
21 1 1
13 16 8
6 9 15
10 14 6
19 21 3
5 8 9
13 15 8
2 6 3
4 8 6
15 19 10
13 17 3
7 10 9
8 10 10
22 1 12
3 4 11
21 23 7
9 11 11
12 14 5
8 11 15
12 16 12
13 16 2
8 12 7
6 9 3
15 17 9
15 19 1
13 17 1
15 17 8
20 21 15
22 0 2
12 14 7
13 17 6
10 13 3
0 2 7
16 20 15
0 3 7
8 10 3
14 17 4
22 1 15
7 12 5
6 10 2
2 5 11
11 16 4
7 9 4
3 6 11
16 18 7
16 20 12
18 0 8
1 4 12
9 12 5
6 8 14
9 12 12
18 22 6
10 12 3
8 11 5
15 19 1
10 12 8
4 9 10
14 18 12
15 17 7
11 13 4
18 22 11
4 7 4
21 0 3
0 2 15
22 2 3
13 15 9
21 0 14
1 3 5
5 7 6
11 12 1
16 19 13
14 16 14
18 21 3
20 1 7
1 5 14
1 4 1
11 15 3
22 1 8
4 8 8
7 8 13
8 10 9
5 7 7
1 2 11
19 22 5
3 6 9
3 6 4
7 10 13
8 11 1
16 19 11
8 12 12
15 18 8
7 10 6
7 11 7
17 22 12
9 11 8
10 14 8
14 15 15
16 18 15
11 13 2
9 14 5
3 6 6
13 16 5
7 10 4
2 4 15
5 10 13
8 12 2
18 22 2
22 23 3
12 14 9
1 2 12
22 2 1
5 9 5
17 20 3
6 8 15
3 5 2
11 14 12
20 23 1
16 20 3
20 23 15
15 19 13
4 7 14
13 15 8
7 11 6
16 19 10
22 1 12
6 10 2
10 12 13
8 10 1
17 21 14
8 12 6
10 14 14
17 23 7
9 13 7
22 2 2
0 3 10
4 7 15
16 21 2
3 6 4
19 21 3
22 0 13
22 1 7
14 16 7
13 17 1
8 10 5
2 5 15
14 18 13
11 14 2
3 6 6
11 15 1
1 3 5
16 19 8
10 14 1
23 2 6
0 3 14
17 21 7
7 10 11
0 3 2
20 21 6
14 16 15
5 7 10
23 3 9
19 22 3
10 11 8
14 17 5
19 22 12
12 15 10
23 2 5
9 12 6
3 7 3
4 8 11
11 15 6
21 1 15
2 5 6
15 17 8
20 22 7
5 9 11
16 20 7
23 2 12
18 21 7
8 11 10
18 21 4
15 18 2
19 22 3
21 0 6
2 6 8
21 1 8
0 3 1
11 14 10
20 0 14
9 13 7
21 0 12
15 19 15
12 14 6
10 13 2
18 20 2
16 19 12
2 6 3
18 21 6
10 11 14
9 13 2
17 20 8
23 0 5
3 6 6
15 19 6
23 2 2
3 5 14
10 13 9
20 22 3
15 17 6
5 8 4
15 18 15
22 0 9
1 5 1
20 23 4
9 11 6
14 18 15
23 2 2
11 13 6
23 2 10
8 11 11
23 2 13
15 16 12
4 8 4
4 7 15
23 2 10
11 14 8
11 14 6
14 18 7
22 2 4
20 0 12
10 14 3
9 12 12
11 14 5
10 14 6
9 12 2
8 12 13
11 13 1
2 6 4
22 3 13
6 8 1
13 16 6
15 15 7
10 13 13
10 14 8
17 19 8
11 14 6
0 4 6
20 23 1
22 1 14
10 12 2
9 11 12
23 2 5
20 21 6
9 11 2
16 18 5
2 5 10
20 21 7
2 4 2
18 23 9
22 3 13
6 9 6
20 1 9
21 0 7
3 7 9
14 15 8
23 1 3
23 2 12
12 15 2
7 11 13
19 21 15
1 3 7
6 10 1
1 4 13
5 7 15
13 16 8
14 18 2
3 6 2
2 4 15
22 2 9
8 11 15
13 15 6
8 10 13
8 10 4
13 15 12
8 12 14
1 4 7
14 18 6
1 3 13
13 16 10
16 18 15
20 1 6
0 3 3
14 17 13
18 21 7
17 21 13
17 17 6
15 17 14
6 10 14
20 0 1
20 23 14
22 0 7
0 2 9
18 20 8
19 21 4
10 14 14
10 15 4
19 2 1
3 7 15
8 11 7
16 19 15
15 18 13
11 16 4
22 1 14
5 9 4
10 12 10
7 10 12
18 21 12
13 16 2
18 20 5
13 17 4
3 6 8
22 0 7
20 0 4
1 3 11
