650 19
6 4 7 10 1 5 6 10 2 10 1 7 6 10 5 4 3 8 5 
2 4 9
16 19 16
23 2 12
12 14 19
18 0 5
6 10 16
9 11 4
15 21 12
12 15 10
6 10 8
7 12 14
22 23 6
7 12 4
4 8 17
1 5 18
23 1 9
6 11 10
13 17 14
12 15 17
10 12 12
18 20 13
9 10 8
1 5 18
12 15 3
20 0 10
14 18 9
6 11 9
9 12 3
2 5 4
19 22 14
10 11 17
6 10 3
15 19 13
10 13 3
17 19 7
5 8 19
15 17 4
3 6 16
20 22 8
21 1 18
1 5 18
4 7 12
10 13 3
21 0 9
5 9 14
3 6 17
19 22 14
4 6 8
5 8 2
9 12 10
1 4 3
16 20 6
14 17 8
1 3 19
3 7 8
5 8 6
11 15 11
19 20 13
7 10 1
10 14 4
12 15 7
21 1 16
23 4 3
12 15 16
15 19 9
9 13 18
21 0 2
18 20 3
21 1 7
10 11 1
15 18 10
21 23 15
6 9 11
13 16 1
2 3 10
15 20 3
10 14 4
7 10 13
1 3 19
0 5 18
12 16 18
4 5 1
21 0 9
6 9 7
16 18 15
1 4 14
11 12 1
7 11 15
1 3 5
15 19 15
16 18 15
3 5 15
20 23 7
10 12 10
20 22 11
22 2 12
12 15 3
19 20 10
20 22 1
22 3 14
8 12 11
5 9 2
19 23 17
22 2 4
11 13 1
19 22 3
9 13 10
9 11 11
1 3 13
13 16 6
7 10 8
19 22 4
4 7 19
1 2 8
15 17 2
9 11 16
21 23 2
2 6 5
1 6 10
14 16 17
5 9 13
2 5 8
20 23 18
12 14 15
21 0 1
20 22 12
22 0 18
22 2 8
20 0 8
19 23 10
2 5 1
3 7 8
16 18 6
18 21 11
14 17 12
7 8 2
0 2 13
12 16 12
7 12 17
13 17 4
16 19 19
18 22 17
11 14 9
20 21 6
19 0 14
13 15 5
9 11 17
16 19 12
8 11 10
1 4 17
3 6 12
13 16 17
15 19 6
11 14 3
2 5 17
15 18 14
2 4 11
19 22 19
23 1 5
3 6 10
7 11 3
13 16 5
16 19 5
4 7 2
16 19 4
23 2 4
17 21 10
6 9 5
11 16 4
17 19 1
12 14 2
5 7 10
15 19 4
1 4 12
14 18 16
3 7 5
21 0 15
7 8 15
5 7 19
22 23 9
21 2 8
14 18 1
5 9 11
17 21 13
3 5 11
10 12 8
2 5 15
16 18 13
3 7 1
5 10 16
10 14 1
13 15 15
22 2 5
14 18 2
20 23 1
6 9 19
6 9 5
3 5 12
17 21 12
12 15 6
23 4 12
5 10 7
22 1 1
6 9 14
14 18 19
16 19 16
2 5 4
19 23 15
18 21 11
0 5 19
15 18 18
18 22 12
17 19 15
0 2 2
13 15 12
4 9 7
13 17 17
22 23 14
6 9 17
0 2 8
23 2 18
10 13 9
6 9 14
4 7 19
5 11 3
18 20 3
16 20 14
21 23 3
7 10 18
5 9 5
22 1 13
0 4 1
13 17 19
20 23 8
15 17 17
23 1 1
4 6 5
9 12 14
9 13 8
11 14 1
3 5 11
15 16 5
22 1 9
8 12 17
23 3 3
12 15 2
9 12 14
11 13 2
20 1 19
9 12 13
18 20 15
23 1 7
2 4 5
22 1 12
19 22 7
3 7 5
19 23 16
6 10 19
2 5 4
13 15 5
9 10 2
9 13 3
3 7 16
18 20 18
6 9 2
19 0 5
15 19 2
9 14 8
13 16 2
13 16 8
1 2 12
9 12 11
1 4 12
19 21 1
17 19 19
1 5 12
10 13 14
5 10 2
1 3 17
9 12 4
5 8 2
13 15 4
6 10 12
23 0 2
11 14 3
17 21 15
1 3 6
14 17 8
15 16 9
15 18 12
14 18 16
13 16 14
11 13 9
20 22 12
18 21 3
21 0 12
9 12 5
14 15 8
9 14 11
3 6 8
11 13 3
3 6 13
5 8 17
19 22 10
6 9 14
21 1 2
10 12 5
5 8 15
11 13 18
19 0 18
17 19 4
20 0 18
23 3 11
17 21 6
4 7 17
15 18 4
20 22 19
18 23 15
1 6 2
12 13 8
3 4 18
17 20 3
20 23 14
19 23 17
7 11 8
4 6 15
14 16 1
14 17 18
12 16 8
22 1 8
10 14 17
10 14 19
20 23 12
18 21 11
21 23 16
9 12 19
13 18 10
19 23 11
14 18 2
2 4 2
16 19 2
10 13 5
4 6 3
1 4 13
15 18 14
4 6 11
19 22 12
14 17 15
12 14 3
8 10 2
17 19 8
6 10 18
17 19 8
11 15 11
22 2 16
2 5 15
0 1 13
11 15 7
11 14 19
20 0 1
18 20 13
17 20 15
16 20 7
16 20 2
4 6 12
20 22 18
1 6 2
22 1 19
13 16 6
2 5 2
23 0 5
13 17 2
6 7 19
5 8 5
1 4 14
15 18 19
23 0 2
13 16 18
5 5 1
20 22 16
7 9 13
15 18 16
22 1 1
0 4 13
3 7 13
17 21 10
13 16 6
6 9 12
4 8 6
16 20 18
1 5 4
21 1 3
18 21 1
0 5 18
11 15 1
4 9 19
21 0 13
22 2 8
21 1 18
22 2 12
19 23 13
3 7 10
9 14 7
3 6 2
17 19 13
8 11 15
22 23 19
5 9 17
1 4 6
21 1 19
8 10 6
2 6 16
16 17 13
20 23 4
4 6 12
6 9 16
19 23 18
6 10 16
1 2 13
14 17 8
0 4 6
1 5 12
23 3 1
22 1 9
0 2 10
7 9 7
23 2 9
1 4 15
13 15 19
12 16 2
21 1 16
3 6 6
22 3 18
19 22 18
6 9 18
13 15 1
22 2 8
10 15 18
4 8 8
17 20 2
16 18 14
14 17 12
12 16 7
15 18 13
20 22 17
7 9 14
2 3 11
4 7 14
22 1 6
6 9 5
18 21 8
22 1 15
8 13 4
16 21 9
11 14 13
18 21 9
9 12 7
12 15 1
20 21 7
12 14 10
3 6 1
12 16 16
9 13 11
17 20 14
15 17 15
14 16 8
13 17 13
14 18 5
20 23 5
14 17 7
16 19 11
1 6 16
20 22 12
2 5 3
9 13 12
5 7 18
1 5 3
21 1 10
19 21 1
15 19 5
22 0 2
6 8 1
16 19 10
3 7 18
23 5 19
20 22 11
0 4 10
17 20 5
0 4 16
0 2 8
15 18 6
2 5 11
12 15 7
23 3 13
3 7 11
13 16 6
12 15 5
1 4 8
1 5 1
7 11 4
5 8 3
20 0 14
14 16 6
23 2 2
8 12 17
6 9 1
20 22 5
23 2 8
12 16 16
4 7 14
16 19 17
22 1 17
21 23 3
14 17 9
7 11 5
10 13 18
23 3 4
23 3 14
21 23 13
8 11 18
13 16 3
10 13 8
6 8 11
0 5 16
9 12 8
1 5 12
4 6 17
9 10 10
11 14 3
18 23 16
23 1 13
1 2 14
3 7 9
22 0 13
0 3 1
8 10 11
14 17 8
4 7 19
5 7 19
7 11 3
3 7 17
5 8 8
5 8 16
8 12 5
21 22 12
16 19 18
16 21 10
6 10 15
21 0 10
2 5 14
7 10 3
17 21 8
9 13 17
7 9 2
3 6 13
12 15 4
22 2 10
1 4 18
21 1 5
7 11 18
18 20 14
2 6 2
7 10 5
13 15 7
3 6 5
16 19 6
23 3 12
5 7 15
22 1 14
14 16 13
0 2 16
3 5 4
18 20 17
8 12 13
14 17 17
10 14 19
16 19 13
12 15 8
11 13 14
21 0 8
0 4 14
16 18 19
13 16 7
7 11 19
9 11 8
8 12 17
14 16 11
17 21 19
20 23 6
18 21 8
16 20 1
19 0 8
13 16 5
11 15 19
17 21 17
18 22 9
2 6 17
2 5 11
5 7 18
11 14 2
20 22 18
20 1 9
23 3 12
2 5 8
14 15 11
16 16 17
5 9 5
10 12 17
21 0 17
14 18 9
3 8 3
17 22 10
20 0 12
17 20 14
4 7 5
1 6 11
11 14 11
23 23 6
13 16 18
8 12 14
18 19 11
5 9 10
18 21 4
22 22 6
15 20 5
11 14 10
15 18 1
20 0 15
18 21 8
14 15 9
9 12 2
5 9 4
16 19 11
19 0 11
11 16 13
13 15 4
2 6 2
18 21 2
8 12 3
19 22 11
23 0 16
18 23 1
15 20 15
5 8 19
2 5 13
11 13 9
15 16 15
13 15 16
16 20 9
8 12 8
