1450 9
7 7 7 6 6 9 4 4 1 
7 11 8
17 18 2
6 10 9
5 8 7
1 6 3
17 20 5
17 20 7
14 16 4
6 9 2
16 21 3
16 19 2
18 22 9
5 7 1
6 10 3
7 10 7
10 12 9
5 8 4
23 3 5
8 11 2
2 5 5
9 13 5
11 15 2
15 18 2
12 17 6
18 21 1
20 23 2
18 21 2
3 6 9
22 1 9
23 3 9
21 1 8
22 1 1
4 7 9
11 15 4
1 5 8
15 17 9
2 5 8
21 2 2
5 8 8
22 2 6
15 18 8
5 10 8
13 17 7
7 10 9
10 15 3
19 23 3
20 21 7
9 13 4
17 21 9
3 5 9
7 9 3
13 16 5
5 8 8
1 5 7
21 0 1
9 13 4
3 5 2
23 2 7
7 11 4
4 5 2
20 1 4
0 3 8
15 18 1
19 22 9
16 19 4
3 6 5
12 16 3
6 10 2
2 4 3
12 14 6
11 14 6
19 22 7
0 3 2
2 4 7
9 11 9
16 18 6
4 8 4
2 5 8
11 14 1
21 1 8
23 2 7
19 21 4
18 23 7
14 15 1
21 0 5
1 4 8
17 21 5
19 22 7
23 2 9
5 7 4
22 3 8
19 22 1
19 0 4
6 9 1
2 5 7
4 7 5
14 19 2
16 20 6
20 1 3
20 22 1
21 0 6
16 19 8
7 10 5
11 13 8
13 15 1
8 10 1
12 14 6
2 6 6
22 1 6
8 12 2
14 18 7
5 9 8
9 13 5
7 9 5
17 20 2
6 9 9
6 8 4
6 10 6
6 8 3
12 13 1
14 17 2
4 6 9
22 1 7
18 22 1
20 23 1
0 4 7
17 19 1
9 12 5
13 18 6
2 5 9
13 16 6
5 7 7
13 18 6
0 3 1
4 7 3
2 5 4
20 0 9
16 19 6
10 11 7
9 11 9
7 10 1
13 16 4
15 17 2
19 21 9
4 8 5
2 6 4
1 5 6
12 15 2
12 14 5
6 10 2
18 22 1
18 21 5
11 15 9
0 1 6
20 0 2
18 22 8
12 14 4
6 8 7
14 17 9
21 22 8
6 8 9
14 15 2
14 16 9
3 7 3
7 10 5
5 8 6
20 23 8
5 8 1
20 23 8
8 10 8
7 8 5
8 13 8
9 11 2
1 3 9
16 20 7
1 5 8
16 19 2
14 17 1
14 17 5
3 7 8
18 22 6
6 9 1
16 17 4
10 13 8
5 9 2
20 0 3
22 0 7
16 19 2
16 18 8
2 6 5
4 7 6
22 2 8
5 9 3
18 20 8
20 23 4
22 0 6
18 22 3
21 2 4
12 15 1
11 14 4
10 14 1
4 8 6
16 19 3
3 6 1
0 2 5
7 10 2
21 1 5
17 18 9
23 3 7
10 13 7
8 13 5
7 12 8
20 22 1
10 13 9
15 19 9
11 14 2
15 18 5
19 23 4
21 1 2
5 9 2
19 23 8
22 0 5
0 2 2
6 9 9
22 0 9
19 23 4
19 22 9
12 14 1
21 23 3
4 8 4
5 9 1
0 3 8
11 12 6
8 10 2
8 12 1
20 22 1
10 13 2
18 22 4
20 0 8
11 14 7
18 20 1
12 15 3
17 23 8
14 17 9
14 19 3
23 4 9
6 9 5
20 0 5
12 14 3
0 4 6
6 10 7
18 21 2
14 16 1
16 19 3
22 0 7
10 15 7
3 6 4
20 0 4
8 13 1
12 14 8
22 0 2
5 9 4
20 23 2
2 6 3
13 16 8
8 11 7
20 22 3
17 20 4
1 3 4
6 9 9
18 20 2
3 8 9
13 17 9
16 17 7
11 14 1
17 20 2
7 10 5
22 0 5
15 19 9
2 5 6
4 5 8
8 10 5
4 7 7
23 1 3
9 12 4
8 10 4
21 23 1
1 2 5
17 20 8
19 22 6
13 15 7
5 8 3
17 20 3
10 11 1
7 9 6
1 3 8
11 13 3
2 6 2
4 7 2
16 20 8
1 5 4
11 14 7
0 5 8
20 23 7
19 22 1
14 17 5
4 7 6
5 8 1
15 19 3
10 11 2
3 7 5
9 14 5
10 13 3
11 15 8
15 18 4
10 13 7
17 19 3
7 9 3
16 20 5
6 9 8
12 15 5
18 21 1
18 20 8
8 11 6
19 23 3
19 23 4
11 13 9
14 17 8
17 19 5
4 7 8
3 5 9
3 7 9
22 1 7
6 7 6
17 19 2
2 6 2
17 21 3
4 6 9
1 4 7
22 1 9
7 10 8
0 2 7
15 17 6
19 21 3
3 6 1
18 20 6
2 6 4
8 11 3
21 0 5
14 19 8
15 17 6
2 5 9
0 5 7
14 17 4
5 8 3
23 1 5
5 8 7
18 22 5
10 14 2
16 21 6
2 6 1
22 1 4
7 9 2
22 2 4
11 16 4
4 6 2
22 2 2
9 11 3
17 18 9
12 16 9
22 1 3
12 16 2
17 21 3
19 23 9
11 14 5
3 6 1
21 0 5
16 20 2
20 23 6
23 2 7
9 11 9
10 12 4
2 4 6
8 11 7
18 22 3
2 5 8
10 13 7
8 11 3
22 1 7
10 13 1
10 13 8
3 5 2
22 23 4
2 5 7
19 22 3
3 4 2
1 5 9
10 12 8
8 13 4
9 13 5
22 1 3
2 5 1
13 16 8
15 16 9
13 15 6
12 15 5
20 22 8
0 4 2
13 17 2
20 22 5
19 21 1
7 11 6
15 16 2
13 16 5
9 12 8
19 20 2
5 8 7
17 19 1
1 3 4
14 18 4
4 7 4
13 15 4
9 11 4
23 2 4
15 19 2
22 2 2
1 3 7
9 13 7
6 8 1
6 10 5
11 14 5
20 22 3
19 20 1
23 3 8
17 18 8
0 4 7
6 9 1
2 5 2
19 22 3
11 14 7
18 20 1
10 14 7
1 4 5
22 3 3
4 8 9
10 12 1
5 8 1
8 11 3
10 12 5
2 5 6
2 6 8
12 14 2
14 17 3
20 23 8
12 15 4
22 1 8
13 18 5
17 19 5
19 22 1
21 0 5
18 22 8
13 15 2
19 23 1
4 8 6
6 9 3
0 3 7
13 15 6
22 2 6
8 12 7
2 5 8
3 6 2
22 1 6
11 13 9
16 20 6
20 0 8
19 23 1
9 12 4
4 7 5
0 4 5
7 9 6
13 16 5
16 19 2
5 9 4
11 14 8
4 7 9
15 16 2
4 7 4
15 18 1
11 13 9
16 19 9
7 9 5
23 2 3
9 10 9
11 15 3
17 19 8
14 16 3
22 2 3
19 21 9
19 23 9
8 11 9
0 4 5
18 22 5
3 8 5
11 15 4
5 9 6
2 4 8
14 17 6
14 16 7
2 5 6
11 14 9
23 2 6
3 7 6
4 8 3
14 18 6
3 6 9
9 14 7
17 21 3
12 15 4
0 5 7
6 7 8
14 17 8
22 0 8
8 13 1
9 12 9
21 23 9
18 20 6
2 4 6
13 17 9
4 7 6
9 11 1
18 21 5
13 17 5
23 2 2
19 21 8
10 13 1
22 1 1
16 19 8
23 2 3
1 5 7
22 0 4
16 18 4
12 14 1
23 4 9
17 18 6
17 19 1
6 9 5
21 23 6
11 15 7
4 8 7
15 17 5
14 18 1
22 1 6
3 5 9
9 12 4
6 9 9
3 6 4
22 0 4
7 11 1
16 20 2
6 7 5
7 10 4
18 21 6
10 14 5
12 15 2
16 18 3
5 7 6
20 23 5
8 11 7
21 0 2
22 1 9
12 14 3
1 4 5
3 7 1
13 16 6
21 0 4
12 17 2
15 17 6
22 1 2
11 15 7
22 2 2
13 17 8
13 16 5
14 16 1
16 21 5
8 10 7
16 18 3
3 5 2
13 16 8
4 5 8
23 1 9
9 12 3
10 13 7
10 13 1
1 3 1
5 8 6
18 22 3
5 8 6
22 2 9
19 22 8
4 6 6
14 18 6
1 5 7
6 7 2
21 0 6
20 23 8
1 3 1
21 23 1
15 17 9
15 18 1
1 5 3
3 6 3
18 21 6
2 3 2
15 18 2
13 16 4
21 23 2
16 20 6
23 2 2
15 16 1
23 2 9
17 20 7
0 3 4
10 16 7
19 22 9
9 12 7
3 6 6
4 6 9
4 8 8
16 20 1
12 14 4
17 21 5
16 18 3
13 16 9
13 15 9
19 22 3
5 7 6
17 18 3
6 8 2
19 21 2
18 23 8
14 16 5
5 9 1
2 5 7
4 7 6
12 15 7
11 15 7
21 2 3
19 23 1
7 10 1
6 8 5
20 0 6
16 19 2
3 6 3
18 20 1
13 17 1
14 17 3
20 1 7
21 0 2
4 7 3
4 7 8
0 4 5
18 20 7
5 8 2
5 8 3
9 12 6
12 15 2
6 9 6
9 10 4
3 7 3
5 8 1
22 0 7
10 13 7
17 21 8
19 23 7
20 0 2
16 19 8
22 0 5
1 3 8
6 8 3
0 3 4
19 20 4
11 12 6
13 16 4
22 1 4
9 13 4
7 11 5
16 20 5
13 17 6
7 11 8
1 4 4
20 23 6
21 0 9
19 21 9
15 19 4
3 6 9
3 7 7
9 13 6
4 8 3
17 19 3
2 5 9
13 17 7
20 23 2
8 11 5
9 13 8
14 17 3
11 15 9
10 12 4
20 22 8
17 20 3
16 19 1
10 13 1
18 22 1
15 19 6
3 7 6
6 10 8
9 12 4
11 13 9
5 8 1
17 20 7
11 16 7
12 13 7
21 0 8
7 10 7
21 0 3
7 9 5
19 22 2
14 16 6
16 19 8
14 17 4
15 17 1
1 4 2
20 23 1
14 17 7
0 5 2
9 11 1
17 20 4
20 22 1
2 6 8
18 21 7
3 8 1
0 4 8
9 12 5
20 22 6
0 3 2
4 7 3
4 8 7
3 4 7
13 16 4
20 0 1
10 11 4
5 6 1
20 23 4
4 8 4
7 11 7
1 3 9
20 0 4
19 22 4
3 5 9
11 14 3
2 4 1
20 23 7
13 17 9
12 13 5
14 17 1
5 7 5
8 12 1
6 11 5
8 11 3
4 8 4
5 8 6
10 13 8
8 12 5
21 0 1
17 21 4
17 21 4
3 6 9
2 4 3
5 8 9
20 22 3
8 10 6
18 22 9
1 5 1
22 2 4
6 9 7
3 5 3
4 7 2
5 8 7
8 11 5
12 18 4
18 21 5
9 11 3
7 12 6
17 21 9
20 22 5
20 23 8
7 10 3
1 3 5
7 10 2
11 13 3
10 13 5
11 14 9
18 21 3
8 10 8
23 1 1
12 15 8
11 13 8
7 9 8
21 1 9
23 3 3
22 1 6
7 11 4
12 15 7
23 2 9
15 17 6
13 16 9
9 11 1
6 9 5
14 19 1
7 10 8
8 12 8
13 15 2
7 10 7
3 5 7
0 3 4
10 13 5
16 20 3
11 13 8
19 22 9
14 17 4
22 1 5
10 13 8
17 21 4
7 10 8
6 8 2
21 2 2
0 2 9
3 5 4
14 16 7
14 17 9
18 21 5
20 23 5
15 16 6
0 3 8
3 6 4
4 8 3
9 12 6
2 4 6
13 14 8
9 13 7
19 22 4
8 11 6
2 5 5
11 13 5
5 10 9
1 6 2
17 20 6
21 0 2
20 23 3
3 8 9
10 13 2
18 21 8
1 5 5
21 0 8
19 22 2
10 12 1
0 3 5
6 8 8
2 4 4
7 10 2
14 15 3
13 16 3
3 6 1
7 9 3
22 0 2
6 10 8
19 23 4
5 8 2
17 19 1
6 10 3
5 7 4
19 22 3
21 1 8
8 11 4
18 21 4
6 8 8
9 12 4
18 20 5
0 5 3
14 17 1
3 7 4
20 23 6
8 12 9
20 23 6
7 11 1
10 15 2
22 2 2
11 14 5
23 1 3
11 16 8
19 23 7
15 17 2
20 23 3
2 7 6
2 4 4
2 5 6
7 10 2
2 6 8
18 21 7
2 5 7
16 18 7
2 5 8
5 7 2
23 1 8
13 15 3
17 21 9
12 16 6
9 12 7
0 3 7
20 22 7
11 14 8
10 13 1
13 15 7
7 10 3
15 18 4
11 14 5
10 12 7
6 7 1
9 11 9
11 13 1
15 17 5
14 17 5
5 8 6
20 23 7
5 7 5
19 23 7
13 17 9
23 2 4
8 11 4
6 8 8
23 1 6
19 22 5
5 9 2
8 9 1
15 18 3
6 8 8
22 3 4
19 21 4
17 19 7
16 18 5
1 5 9
10 14 6
12 14 8
11 15 1
8 11 2
0 2 1
17 18 9
9 11 5
11 14 3
21 23 2
16 18 1
11 15 1
12 16 3
2 4 6
1 3 1
18 19 7
19 23 9
12 15 7
0 3 1
13 16 6
13 16 7
23 2 7
2 6 1
12 15 6
5 7 5
19 23 1
1 3 1
3 7 6
19 20 9
6 8 9
6 10 9
1 3 2
3 7 6
12 16 3
13 18 6
0 4 5
11 14 3
20 23 4
21 1 5
17 19 9
17 21 7
14 17 8
3 5 3
21 22 2
7 10 8
23 1 2
19 22 3
16 19 9
15 17 2
18 21 5
5 8 4
14 17 8
18 23 9
4 7 5
20 23 4
5 10 6
2 4 9
11 14 1
15 19 1
15 18 3
23 2 2
4 8 9
21 1 4
1 4 8
19 22 5
21 0 3
11 15 2
15 20 3
19 22 9
21 1 8
16 19 4
7 10 2
2 8 2
11 14 7
12 14 8
3 7 4
22 0 4
11 14 8
7 10 1
21 1 7
21 1 9
10 12 7
19 23 6
5 7 7
21 0 3
18 21 7
21 23 6
5 9 6
6 9 3
0 1 3
7 10 9
8 13 6
5 9 5
14 16 4
7 10 1
10 13 4
0 2 3
18 0 8
4 6 4
18 19 7
6 7 2
22 23 3
18 21 4
11 14 9
5 9 6
4 7 4
9 11 2
22 2 7
5 8 2
18 20 2
15 18 6
20 23 6
15 18 4
23 1 6
8 8 6
14 19 6
12 14 3
5 7 9
18 21 7
11 13 1
9 14 3
13 15 9
2 3 8
14 17 9
1 4 5
3 5 8
17 18 8
6 8 3
8 10 2
20 0 4
3 5 6
12 15 3
14 17 7
8 11 7
7 11 1
8 10 6
14 15 5
15 17 1
18 23 4
1 4 9
7 10 6
16 20 2
12 14 6
3 5 6
18 0 8
1 6 2
20 23 4
11 13 5
10 13 3
5 9 4
16 19 3
23 2 4
12 15 5
6 9 2
9 13 3
22 1 1
21 0 9
21 23 2
20 23 8
1 4 6
13 14 2
22 2 8
12 16 2
17 19 8
12 14 9
15 19 3
6 11 4
16 19 6
14 16 7
21 1 4
10 15 5
14 15 9
22 2 7
4 8 9
12 13 8
19 23 1
6 9 1
14 17 6
3 5 3
3 7 4
18 21 7
0 4 5
6 9 9
11 14 2
21 23 1
8 12 9
2 4 5
18 21 6
16 19 6
17 18 9
22 2 4
11 13 2
22 23 1
23 1 1
12 14 5
6 9 7
17 19 2
13 16 7
8 12 1
15 19 7
0 3 1
22 1 7
17 20 9
13 16 1
21 1 7
15 15 1
3 5 7
5 7 3
23 1 6
11 14 6
20 0 3
22 1 6
17 20 5
0 3 5
7 12 3
8 9 6
18 21 8
4 9 2
12 15 4
13 15 2
18 21 8
8 10 5
23 4 9
15 20 7
18 21 3
22 1 2
7 9 6
8 13 9
6 9 9
0 2 4
13 14 3
4 7 8
19 23 3
5 8 4
2 4 9
2 7 3
7 8 8
7 11 7
17 19 2
22 0 1
15 18 4
6 9 1
13 15 3
4 6 1
2 5 6
21 0 7
23 2 5
1 4 2
17 19 2
22 2 7
19 22 1
14 16 6
5 8 2
13 16 5
14 16 5
20 23 2
19 22 2
7 11 5
6 9 3
17 19 9
12 14 2
23 2 7
3 8 4
19 22 9
18 22 6
9 11 6
6 8 2
20 0 7
11 14 8
17 20 7
1 3 2
6 10 7
0 2 7
0 3 8
10 12 4
16 18 8
19 21 9
19 22 4
1 4 1
18 21 5
13 16 5
0 3 4
16 19 1
9 13 2
16 20 5
0 3 4
20 1 4
18 21 8
17 18 1
5 6 7
7 10 4
22 3 8
9 13 1
21 0 7
7 9 4
14 17 6
20 23 2
11 13 7
11 13 7
7 10 7
19 21 7
18 21 4
0 3 6
17 18 3
14 17 7
8 10 7
12 15 3
21 0 5
17 21 3
15 17 4
22 1 3
22 0 1
22 0 5
12 14 2
16 19 2
21 23 4
8 11 9
11 15 9
11 14 6
20 23 1
12 15 6
11 14 9
0 3 2
11 15 6
22 2 6
12 15 4
11 13 9
4 5 5
21 0 6
5 7 9
18 20 9
5 6 7
9 12 2
4 7 1
14 18 9
14 18 2
10 12 9
22 1 3
11 15 5
0 3 2
21 0 5
12 14 3
1 4 1
9 12 1
5 8 5
23 2 1
21 1 7
19 22 6
2 4 7
21 23 5
9 13 2
12 15 9
6 9 8
10 13 2
6 10 4
12 16 8
2 5 1
17 18 3
5 7 9
2 5 5
5 6 9
0 4 1
7 11 7
10 11 3
20 23 6
5 8 8
0 5 3
22 1 3
2 4 4
0 5 8
21 0 8
2 6 9
19 23 5
21 0 5
13 17 8
2 7 5
2 6 8
12 15 8
2 6 4
2 6 1
7 10 7
1 3 4
7 10 5
16 19 6
13 19 2
2 4 2
6 9 7
0 4 1
0 4 6
2 6 1
4 6 3
4 7 1
9 13 6
11 15 6
9 12 3
0 3 8
21 2 3
6 10 9
7 9 2
12 15 6
16 21 2
13 16 5
0 1 3
21 2 4
2 5 7
7 10 2
16 19 5
4 7 4
20 22 4
17 19 3
0 2 3
11 15 7
13 14 7
12 15 4
16 18 2
1 6 2
9 12 8
4 7 9
19 21 9
7 9 5
6 9 5
13 16 4
3 6 6
13 16 6
20 23 8
6 12 2
8 11 4
14 17 5
17 19 4
14 18 9
18 21 4
9 11 7
13 16 9
0 1 5
12 16 3
16 19 8
5 7 1
20 1 4
11 14 5
13 14 3
14 17 2
17 20 9
22 3 5
14 17 7
2 6 2
21 1 4
14 17 4
7 11 3
17 19 4
22 1 8
5 9 8
20 22 3
1 6 3
21 0 8
20 23 8
7 10 3
23 1 2
2 7 3
17 20 1
7 10 7
4 7 1
3 6 1
7 10 7
7 11 1
5 8 9
14 18 4
15 19 2
22 23 8
13 15 4
13 15 3
12 16 6
12 15 5
4 7 1
6 10 9
23 2 7
7 12 7
7 10 2
6 8 7
0 4 8
15 18 7
6 8 2
17 19 4
21 23 7
10 14 6
16 18 5
2 5 3
8 13 2
2 5 6
5 9 3
5 8 1
6 9 1
13 18 7
10 12 1
16 18 9
11 15 5
8 10 1
16 18 7
1 4 7
12 16 3
16 20 4
19 22 8
