850 11
4 5 3 3 1 6 2 9 10 6 4 
11 14 7
20 22 4
8 11 11
18 22 5
22 0 1
3 5 2
9 11 6
10 13 11
2 4 11
6 8 1
4 8 6
9 13 11
9 11 1
15 19 10
2 5 4
7 10 5
11 14 9
22 2 9
6 9 2
6 9 6
0 3 10
13 16 5
14 17 8
7 10 7
8 10 6
17 21 8
13 15 5
21 23 2
5 8 6
4 7 4
17 21 3
16 18 7
16 19 1
18 21 6
15 19 3
19 20 9
13 17 2
20 23 8
12 14 9
13 18 7
7 11 8
11 14 8
20 23 8
9 12 8
18 21 1
17 22 3
7 11 11
1 5 5
4 6 2
13 17 10
15 19 9
7 10 2
6 10 11
23 3 6
3 5 4
8 12 1
22 0 9
22 2 4
6 10 4
6 10 4
1 3 8
14 16 4
12 14 2
5 9 1
8 12 3
7 11 3
18 22 6
15 18 5
10 14 8
1 4 11
16 20 3
10 15 2
8 12 1
18 21 3
16 19 10
17 19 1
12 15 11
7 9 2
22 3 9
13 17 10
18 20 9
9 14 10
0 4 10
18 23 10
0 2 4
23 2 10
12 16 4
18 21 5
18 20 6
5 8 7
4 8 9
9 12 1
10 16 4
20 23 4
19 23 7
8 9 6
4 7 9
4 6 8
16 19 6
15 18 9
23 2 8
10 14 2
2 6 9
20 23 11
10 13 8
22 1 3
19 21 5
16 21 1
20 23 2
6 10 5
6 10 2
21 21 6
6 10 9
22 23 4
14 19 5
5 8 7
14 16 3
18 21 10
18 21 9
21 23 9
15 18 5
5 7 3
15 20 7
2 5 10
3 7 8
5 7 2
11 13 11
7 9 7
22 1 5
10 12 3
17 21 3
15 18 9
13 15 3
10 12 8
3 6 6
12 15 4
21 1 3
6 8 9
22 2 1
21 0 9
3 5 4
17 18 3
18 22 7
16 18 11
16 20 5
17 21 4
12 13 7
4 5 5
19 21 4
14 17 10
18 21 7
18 20 7
14 16 7
3 6 3
18 20 9
11 15 2
10 13 11
11 11 1
21 1 9
4 6 6
23 2 1
20 22 6
17 19 4
1 4 7
13 15 2
9 14 2
3 5 10
5 7 11
18 22 6
6 11 9
10 12 6
0 3 2
16 19 5
23 4 6
22 1 5
15 17 4
3 6 2
1 4 5
18 21 6
14 17 5
7 9 5
20 23 2
14 16 7
11 14 2
2 5 1
3 7 3
16 19 10
20 23 6
4 6 11
6 9 6
14 16 9
14 17 4
15 17 10
6 8 6
13 19 8
12 14 1
11 15 10
9 12 8
1 4 1
10 12 10
18 20 3
9 12 3
15 17 9
16 19 8
1 6 10
10 12 3
15 19 5
15 19 9
0 3 1
7 9 5
3 6 6
22 0 3
2 5 10
22 2 11
23 2 9
4 5 4
7 9 8
20 22 9
15 17 3
14 18 6
4 7 6
22 1 2
13 17 8
13 15 5
23 3 5
12 15 3
11 16 5
17 19 3
11 13 7
13 16 4
11 14 11
16 18 6
12 14 6
9 12 11
12 16 7
23 1 11
5 9 2
2 6 10
14 18 7
23 2 4
20 22 5
10 14 7
4 6 7
2 5 11
6 9 5
16 20 5
23 3 9
17 21 7
6 8 7
0 4 11
16 19 11
11 15 8
13 15 4
20 23 4
13 15 2
11 14 9
3 7 7
9 13 10
9 12 4
4 6 5
11 15 3
16 19 6
15 20 8
21 1 6
15 18 6
11 13 1
11 13 7
13 15 5
0 2 4
19 22 5
6 10 9
2 4 3
4 7 7
15 17 7
20 22 2
19 22 3
9 13 11
16 19 11
14 17 2
15 19 11
4 9 6
10 13 8
23 1 3
23 1 10
17 20 7
17 20 2
15 17 1
22 1 9
9 12 5
19 22 2
11 15 1
8 11 1
19 21 3
10 12 7
14 15 2
13 17 9
15 18 6
16 18 9
13 17 1
9 12 4
18 21 6
2 6 2
4 7 10
14 15 4
8 12 5
2 5 9
0 5 10
13 17 7
8 11 5
7 10 11
14 16 5
3 7 11
7 9 9
12 14 2
18 22 6
19 19 8
8 13 9
14 18 8
7 12 3
17 20 8
0 4 11
18 21 1
18 23 9
21 1 11
8 12 9
20 0 5
19 22 7
15 17 1
19 22 6
21 23 6
15 19 5
4 7 2
16 20 3
15 18 5
14 18 2
11 15 8
3 6 7
22 1 9
8 10 1
14 17 6
23 2 7
23 3 10
16 18 6
5 7 5
19 23 4
5 6 7
5 9 7
20 22 6
8 10 9
5 8 4
3 7 10
18 20 4
9 12 11
8 10 2
17 20 7
19 23 8
14 16 3
16 20 4
10 15 5
20 21 1
8 11 8
5 8 11
22 2 11
22 0 4
7 11 4
22 2 10
2 4 4
8 11 11
3 7 2
2 4 3
14 18 10
3 5 2
1 3 10
1 4 10
19 22 9
13 15 5
3 5 10
8 13 1
8 11 7
22 1 4
4 8 2
4 7 10
1 5 11
21 23 2
1 3 3
14 18 1
20 23 5
9 12 8
9 11 6
15 18 2
16 18 3
1 5 3
2 7 1
2 5 2
15 17 3
0 3 4
21 1 9
3 6 1
10 11 4
20 22 11
6 10 6
20 22 4
3 6 7
11 13 11
14 15 3
11 14 3
6 10 8
3 7 4
4 7 4
20 22 2
2 7 6
15 18 9
0 2 4
7 11 10
9 11 8
7 11 2
10 11 7
2 5 8
2 6 6
10 13 2
14 16 4
22 1 7
1 4 4
3 7 5
12 16 11
9 12 3
19 22 4
4 6 9
0 3 11
18 20 5
17 20 5
12 14 5
3 7 1
21 2 10
12 15 11
23 3 1
21 23 8
10 13 11
6 8 1
6 8 7
0 2 7
1 2 11
19 0 2
10 15 11
12 13 3
6 9 2
11 14 6
3 6 9
19 21 11
3 5 3
0 4 2
19 22 1
20 0 9
15 19 9
18 21 8
16 20 11
10 12 7
2 5 10
15 16 11
17 19 8
0 1 7
12 15 6
15 15 9
6 8 6
16 21 9
18 21 3
15 18 1
10 13 7
10 13 2
22 2 11
17 20 5
17 21 11
12 13 10
15 18 7
20 23 1
17 20 11
23 4 10
7 11 10
6 10 3
13 14 5
23 1 9
22 3 7
19 21 7
16 19 3
16 18 6
0 4 4
3 7 8
8 11 6
8 10 6
17 20 7
7 11 9
0 3 9
6 9 1
12 15 11
10 13 10
19 23 5
4 7 5
9 12 8
3 6 9
16 19 3
5 8 7
0 3 9
7 8 3
2 4 2
4 7 8
16 18 2
9 13 2
5 9 9
23 2 1
18 20 8
8 12 8
1 5 3
19 21 6
18 21 9
2 4 11
13 15 4
7 11 5
6 11 9
22 0 10
2 6 1
12 14 5
2 5 2
7 8 5
20 23 10
21 23 9
21 23 1
2 6 2
22 2 1
16 19 1
8 12 5
8 12 6
11 16 1
0 3 8
8 9 10
22 2 11
19 21 3
4 7 11
17 22 3
16 20 8
4 7 6
12 14 3
9 11 3
11 14 5
13 18 1
10 12 8
12 14 3
4 7 5
12 14 11
12 14 11
5 8 2
21 1 5
2 6 8
6 9 5
5 8 10
0 3 8
19 20 4
16 19 9
21 23 7
8 10 10
9 10 8
22 1 1
20 22 10
5 9 3
12 15 1
16 20 2
1 2 3
14 17 7
12 15 11
4 7 8
13 16 4
17 19 10
1 5 8
3 6 3
17 20 11
17 20 2
21 0 9
8 13 10
8 12 9
17 20 8
4 8 7
16 18 1
7 11 7
3 5 1
20 22 10
13 15 8
8 13 8
4 6 11
2 4 1
11 14 11
0 1 1
15 19 6
9 11 6
1 3 3
13 13 6
17 18 3
20 2 4
5 8 11
14 18 7
19 23 9
9 12 6
2 5 10
0 3 3
16 17 6
21 0 8
18 22 11
0 3 4
9 13 8
15 18 8
7 10 3
9 13 7
16 20 2
3 6 9
11 15 5
9 11 6
8 11 7
23 1 6
15 18 8
5 8 6
6 9 1
20 23 1
7 9 4
11 13 3
1 3 2
4 7 8
15 17 2
17 20 3
22 1 2
3 6 2
1 5 9
10 12 3
16 18 10
3 5 9
6 8 1
8 11 10
8 11 7
14 17 7
17 21 2
6 9 9
10 12 1
20 21 6
21 22 6
6 10 2
17 21 10
0 1 1
20 22 9
12 17 5
17 20 4
17 20 6
9 11 9
13 18 8
16 20 2
3 6 7
10 13 7
15 19 4
2 6 3
13 17 10
4 8 3
16 21 9
7 11 2
23 3 4
7 10 9
4 7 2
12 14 2
11 13 9
20 0 8
20 23 6
12 16 1
18 20 1
8 12 4
19 19 7
9 10 10
4 8 6
19 22 9
21 1 2
9 12 11
0 3 10
10 14 1
9 12 1
14 18 5
3 7 10
2 4 5
1 4 8
9 14 9
14 19 1
21 23 1
21 0 3
15 17 6
23 1 4
20 1 8
9 14 10
10 13 11
1 5 7
11 14 1
20 23 8
22 2 3
21 0 1
11 14 1
10 13 7
21 0 4
5 6 7
4 6 3
1 3 3
6 8 5
3 5 11
3 6 7
18 20 5
14 15 5
4 8 9
22 0 1
17 22 2
9 12 5
15 17 4
6 11 6
19 23 4
11 14 4
9 13 5
6 8 9
8 11 4
11 12 8
22 2 8
15 16 1
17 19 11
16 18 6
3 6 2
23 2 1
20 0 6
12 13 3
14 16 2
22 0 8
12 16 5
15 18 2
12 16 5
7 10 9
13 17 1
20 1 10
3 7 8
4 7 1
2 7 7
21 1 10
9 12 9
10 15 11
9 12 11
15 17 1
20 23 1
13 16 10
2 5 9
22 1 11
0 4 6
19 22 4
3 5 6
6 8 4
18 22 5
22 1 1
14 17 6
2 5 9
23 2 1
15 19 7
8 10 2
11 15 1
4 7 5
8 9 3
0 2 7
7 11 7
14 16 3
20 0 8
9 12 7
19 22 5
19 23 9
2 5 9
16 20 9
7 10 10
8 12 2
20 1 9
20 21 9
23 2 11
18 21 5
15 19 11
23 3 10
21 1 1
22 1 6
17 18 5
21 23 3
1 6 9
21 1 2
4 6 4
6 11 5
14 18 2
2 5 6
7 10 1
10 14 6
3 7 7
20 22 4
16 19 9
7 9 10
6 7 6
18 20 2
11 14 2
9 12 4
5 8 8
16 19 8
15 19 8
20 21 1
9 14 3
4 6 2
1 5 11
21 22 4
22 2 9
22 2 6
5 8 4
3 5 4
11 15 1
23 1 9
4 9 11
21 23 7
10 14 7
1 3 8
21 0 5
1 5 11
16 19 1
2 6 3
0 5 8
16 20 9
23 2 4
16 18 10
5 8 6
12 15 5
4 6 4
6 10 4
11 15 4
0 3 7
16 20 7
6 9 5
23 2 3
4 6 3
14 18 11
18 21 10
14 18 4
11 13 1
16 19 5
6 9 1
4 7 3
17 19 10
8 12 4
3 6 10
15 19 5
9 11 1
23 4 9
8 12 1
20 1 6
4 6 10
