700 10
6 2 4 1 4 4 6 7 1 10 
22 0 7
11 13 9
8 11 1
23 1 10
16 19 2
11 14 1
3 6 8
8 11 7
13 14 7
11 15 9
9 11 7
12 17 8
7 10 8
16 19 4
17 19 4
14 17 1
4 6 7
19 22 3
11 14 4
17 21 2
17 21 6
0 2 3
13 18 8
8 10 9
0 1 2
4 6 3
1 4 4
3 7 6
3 6 4
12 16 9
12 15 2
21 23 3
7 10 4
10 13 10
6 9 8
18 20 4
12 14 8
19 22 2
5 8 4
4 6 6
16 20 2
7 9 8
9 12 3
3 7 3
14 15 7
17 20 7
6 9 5
9 14 5
5 9 6
19 22 3
0 5 7
9 12 10
3 5 2
0 4 8
3 5 6
9 13 6
15 18 9
22 0 6
6 9 4
6 10 6
19 23 7
0 3 4
15 18 5
17 20 9
8 13 4
23 3 8
20 23 1
0 3 4
9 12 3
17 21 8
14 16 5
22 0 7
10 14 2
2 5 6
20 23 2
4 8 9
15 17 5
10 13 9
12 16 8
19 22 1
6 9 1
8 11 4
8 10 6
17 19 4
5 6 4
12 16 5
23 1 5
9 12 7
9 14 1
2 4 5
14 18 4
11 14 2
16 19 1
8 12 4
5 6 5
4 6 9
13 16 7
11 13 7
16 19 6
15 18 5
15 17 6
16 19 10
14 15 7
4 7 2
1 5 3
3 6 1
9 12 1
4 6 9
17 20 3
6 12 4
1 5 8
8 11 3
23 3 6
2 4 8
22 2 8
9 13 3
18 22 5
0 3 5
0 5 3
2 4 2
2 7 7
4 7 6
11 15 6
11 14 2
10 13 3
8 12 6
9 13 1
4 7 4
16 21 6
22 0 5
11 15 3
18 23 5
9 10 5
18 21 6
16 19 6
8 11 8
4 8 5
0 3 5
2 5 7
10 14 6
12 14 8
6 7 6
23 2 7
8 10 2
14 15 3
6 10 6
17 20 3
4 8 9
13 17 8
21 0 7
9 12 4
4 6 7
5 8 9
8 11 9
9 14 9
8 11 3
21 0 7
7 12 2
20 0 9
6 9 7
5 8 3
5 8 10
21 1 6
14 18 3
13 17 3
6 9 9
20 0 5
21 1 3
20 22 9
1 3 3
17 20 10
2 6 7
13 15 7
8 10 3
2 7 2
7 11 2
20 23 3
14 18 8
16 19 1
9 11 5
17 19 5
14 18 1
19 23 9
21 0 2
6 8 2
4 8 10
2 7 9
3 8 7
2 7 2
3 7 9
7 11 3
13 15 2
23 2 10
14 17 3
5 8 2
12 15 3
6 11 10
11 12 8
18 20 4
2 5 3
11 15 9
5 9 9
12 15 2
19 23 4
21 0 5
5 8 3
13 15 7
3 5 3
1 3 3
18 20 1
9 12 8
2 5 7
16 19 10
20 23 4
11 11 1
6 8 8
17 19 9
18 21 7
7 10 6
1 3 5
19 0 4
16 19 7
5 7 8
16 19 8
0 3 8
18 21 7
13 17 8
22 3 1
3 6 7
23 3 6
20 23 8
5 9 6
9 13 6
2 6 5
11 13 8
11 16 10
4 8 6
19 20 7
18 21 10
5 8 9
11 15 1
8 11 10
20 23 5
20 0 2
17 20 7
7 9 3
23 1 9
9 12 3
17 20 2
2 3 1
10 12 9
21 23 1
13 16 9
9 12 4
11 15 8
1 3 9
2 5 8
0 2 10
8 11 3
8 12 8
3 9 5
4 7 10
23 2 5
15 17 7
19 22 7
8 12 6
19 21 5
7 9 3
17 22 10
13 15 1
5 7 5
6 9 8
16 19 8
11 16 6
3 6 3
23 2 8
14 16 1
15 18 5
2 5 4
13 17 2
4 8 9
16 20 10
11 14 10
3 7 4
19 21 7
6 8 6
22 1 6
2 4 3
23 1 5
19 22 4
11 14 3
3 5 9
4 7 7
16 18 10
19 23 7
20 22 4
17 20 10
15 17 9
21 0 6
4 5 5
1 3 6
18 23 5
7 10 2
4 4 9
21 1 2
8 10 7
14 17 1
20 22 6
18 19 1
20 23 7
12 15 2
12 14 1
2 4 9
12 14 9
9 15 9
4 7 4
4 6 1
10 13 5
20 22 8
9 13 5
23 1 3
14 18 5
2 5 3
6 9 9
1 3 4
18 22 9
3 5 3
18 21 5
15 18 9
17 21 3
8 12 1
17 21 2
6 8 2
21 2 4
1 4 10
20 23 3
22 2 4
12 15 8
11 15 4
20 22 5
23 3 2
2 5 1
14 17 9
15 18 9
17 20 7
9 13 10
19 20 8
9 12 6
0 3 6
7 9 2
7 10 6
18 21 2
16 20 7
4 7 10
16 20 1
4 7 1
9 13 5
20 0 10
1 3 9
22 1 9
4 7 3
2 4 5
15 19 8
7 9 3
0 2 5
13 17 3
18 21 9
12 17 9
1 4 2
23 3 5
6 11 10
11 14 1
2 5 8
19 23 9
13 14 8
11 14 2
8 10 8
8 12 3
9 13 8
5 7 6
12 16 2
15 19 3
15 18 3
3 4 1
14 18 3
3 6 2
2 4 3
4 7 5
8 10 6
9 13 4
10 12 4
10 13 2
18 20 3
8 10 4
8 11 8
17 20 1
1 5 8
4 8 9
17 19 5
10 14 7
8 12 6
13 16 6
18 22 1
1 4 5
4 4 3
22 2 1
2 5 9
2 4 2
2 4 6
16 19 1
9 12 1
12 15 3
17 19 7
1 4 6
18 21 5
11 14 10
4 7 3
17 22 3
8 10 5
4 7 4
8 11 6
20 23 10
19 23 7
4 8 4
10 12 3
9 12 4
20 22 1
21 1 3
23 1 9
9 12 1
17 21 7
0 3 4
18 21 1
10 15 9
3 6 1
11 13 4
0 3 7
22 2 10
23 3 1
4 6 6
2 4 8
9 11 6
7 11 2
1 3 6
1 4 4
5 7 5
10 15 1
4 6 6
21 23 8
20 22 1
17 22 2
7 11 1
0 3 8
10 11 4
21 2 7
14 18 8
16 20 5
8 12 2
9 12 6
1 3 6
7 12 1
21 1 3
6 9 1
17 20 6
17 18 2
13 15 1
10 13 6
2 5 9
7 10 5
16 19 7
8 11 8
20 22 10
14 17 1
11 13 10
13 17 7
9 14 8
20 23 5
21 0 1
15 17 10
13 17 5
6 9 4
5 8 6
7 10 5
9 12 10
8 11 3
9 13 10
7 10 10
7 10 4
23 2 9
12 16 2
21 0 3
12 17 1
1 3 3
8 9 10
10 13 6
20 21 3
14 17 3
8 10 10
3 5 10
10 13 7
22 3 8
15 19 2
21 23 5
13 15 8
0 3 8
5 9 8
23 2 3
15 19 2
8 11 9
10 14 6
16 19 1
9 11 6
8 12 10
16 16 5
9 11 4
21 0 9
18 20 7
2 4 3
9 12 1
7 10 5
19 22 9
13 16 2
9 12 7
1 5 8
13 16 5
13 15 9
14 17 10
16 20 9
12 16 10
13 17 2
10 14 9
0 4 5
2 5 7
2 5 7
18 23 5
20 0 8
13 15 5
1 6 4
8 12 3
12 17 9
15 17 10
20 0 10
14 17 8
12 15 1
13 16 3
17 21 4
16 20 4
9 12 7
13 15 2
6 9 8
6 9 4
17 21 5
1 6 6
19 20 9
12 15 5
19 22 9
20 22 4
9 11 5
12 13 3
15 16 8
23 2 7
13 14 5
0 4 5
17 21 6
13 17 10
5 8 10
10 13 10
8 11 6
1 4 2
20 22 9
6 8 9
8 11 9
22 0 8
23 1 9
19 22 4
1 4 9
4 7 8
2 5 7
12 14 7
15 18 6
18 21 4
7 11 4
14 19 1
15 17 9
22 1 1
3 4 5
13 16 6
8 9 8
10 13 1
19 22 2
8 11 8
14 16 2
6 11 5
20 21 2
5 8 2
0 0 10
0 3 10
15 18 6
22 2 4
12 15 10
0 4 7
22 23 8
0 3 8
1 4 2
19 22 5
7 10 5
8 11 5
9 11 6
12 15 10
15 18 4
19 0 1
1 4 3
14 17 5
15 19 4
4 8 3
4 5 9
11 15 2
10 13 7
2 4 10
7 10 8
6 7 8
14 17 5
9 11 1
12 15 6
0 3 9
13 17 4
13 15 7
16 19 3
1 4 5
20 22 9
22 2 7
6 10 1
12 14 4
18 21 9
17 20 4
13 17 7
8 11 7
15 17 3
9 11 2
0 3 10
9 12 7
23 3 2
1 4 4
3 6 6
10 14 6
23 2 10
15 20 6
12 15 3
7 10 7
14 18 10
7 9 3
15 17 5
6 7 8
0 4 9
23 2 3
5 10 8
12 14 10
9 12 4
16 19 9
2 5 2
9 13 9
15 18 2
2 6 10
10 11 5
1 4 3
2 5 6
15 17 1
8 10 6
3 5 10
15 19 2
13 17 3
6 10 9
16 18 4
4 7 9
13 17 9
1 5 7
16 19 9
0 2 9
15 15 1
10 14 3
0 2 2
0 3 7
6 9 2
8 13 6
14 18 1
10 15 7
4 7 3
17 20 2
23 1 4
15 18 5
1 5 8
17 21 3
6 9 5
8 11 9
9 13 2
15 17 2
2 6 3
10 14 6
4 8 2
10 12 2
