2650 17
6 9 3 4 7 2 3 7 4 5 2 9 8 9 9 4 6 
3 8 2
14 17 10
0 3 7
19 22 14
20 21 17
0 3 10
8 11 1
7 10 17
16 19 4
8 13 12
12 16 5
11 13 4
14 17 11
6 9 11
15 18 6
15 18 7
15 17 8
19 22 11
3 6 8
3 5 10
18 22 7
20 22 3
15 17 8
21 0 9
18 21 16
21 1 16
18 20 6
4 7 5
21 23 13
3 2 14
23 3 15
10 15 9
18 20 16
14 16 3
12 17 10
3 8 15
9 12 7
21 2 8
2 6 12
13 16 11
5 8 15
18 22 12
7 9 6
12 15 14
22 1 1
7 10 13
22 1 2
20 0 8
6 8 13
12 15 9
14 14 15
4 6 6
20 22 7
2 7 5
13 15 5
1 4 11
1 5 2
14 18 15
5 9 9
13 16 8
6 9 8
23 2 2
3 5 3
1 5 13
23 3 2
23 3 7
18 21 1
15 17 5
22 1 17
7 9 6
11 15 14
23 3 1
8 10 4
11 14 13
8 11 12
1 3 7
13 15 1
13 16 16
16 20 13
1 5 5
2 6 2
7 8 2
18 21 10
11 15 15
21 1 8
4 7 16
0 3 3
4 8 15
3 7 9
10 13 14
18 21 7
4 7 12
7 12 16
23 4 1
22 0 17
3 8 6
13 16 17
15 17 16
20 23 13
11 14 7
18 20 10
18 20 10
0 4 13
18 20 9
1 4 3
20 1 12
18 21 11
7 10 3
0 4 9
2 5 15
22 1 8
23 3 9
5 8 3
2 4 3
20 22 7
19 22 5
3 6 1
17 21 10
0 4 17
6 8 14
9 12 14
9 11 1
7 11 3
10 12 3
9 12 8
1 4 16
3 3 12
4 7 8
19 20 17
10 12 5
15 18 15
10 12 9
18 22 3
19 0 3
20 0 11
23 1 7
19 23 15
7 9 11
16 19 12
19 22 13
0 0 8
20 23 6
3 6 11
13 15 10
20 21 5
19 21 4
17 22 17
10 12 2
22 2 13
13 16 2
10 13 6
16 17 16
12 16 6
5 9 7
5 7 4
19 22 4
22 0 10
21 23 11
6 10 14
15 18 17
11 14 13
7 9 13
8 11 10
13 15 1
15 18 17
14 18 3
11 14 5
17 19 11
20 23 12
13 14 6
7 11 12
19 0 6
0 5 1
2 3 2
15 17 1
6 9 8
7 10 4
2 6 17
4 7 4
13 15 13
23 1 5
23 1 14
6 9 15
15 18 15
3 7 15
21 0 13
6 8 14
12 14 10
17 20 15
2 6 11
11 15 3
1 4 2
22 1 8
16 19 16
15 18 5
12 14 14
0 3 11
14 18 8
0 3 9
11 16 14
5 7 6
4 6 8
12 14 9
14 17 15
0 4 11
14 17 2
20 21 17
19 22 6
10 12 14
0 3 8
17 20 5
8 9 7
19 21 13
14 18 13
5 6 7
4 6 12
16 20 13
7 10 4
18 21 8
18 23 11
10 14 7
8 10 17
3 5 9
8 11 17
6 10 4
22 1 11
13 17 15
6 10 17
10 13 10
22 1 12
11 14 6
21 1 11
16 19 2
13 16 13
3 6 13
13 17 11
5 10 6
4 7 15
15 19 7
1 4 2
15 16 16
13 16 13
2 5 13
17 20 10
13 15 2
2 5 12
3 5 16
13 18 16
0 1 16
7 10 14
13 15 14
15 17 15
0 3 5
16 19 13
1 4 2
14 17 10
0 5 1
7 11 3
6 9 6
0 4 13
1 3 16
2 5 3
21 1 1
10 13 7
7 10 6
6 8 12
14 19 13
15 19 13
12 14 11
11 15 6
4 7 15
14 18 15
16 19 5
21 0 14
16 18 11
17 19 16
8 9 16
13 16 4
8 11 4
5 6 5
16 20 13
14 16 16
20 0 5
6 8 10
4 6 14
13 18 2
13 14 7
17 19 14
7 11 10
2 6 4
23 2 4
5 7 9
18 20 11
16 19 8
4 8 4
5 7 17
14 17 9
13 16 8
22 23 1
5 10 1
23 1 11
10 13 7
8 11 16
15 18 3
2 5 14
7 9 17
20 22 14
15 16 9
1 5 17
15 17 8
15 18 7
17 20 1
0 3 7
7 11 14
4 7 4
17 21 5
20 23 3
20 1 11
23 2 13
14 17 6
11 14 5
5 8 7
13 16 11
14 18 8
17 21 4
5 9 15
18 22 15
11 14 9
0 5 8
23 2 2
19 22 6
23 2 12
21 1 8
7 11 10
20 23 6
21 2 7
12 15 12
21 1 15
5 8 14
20 22 9
16 18 2
12 16 5
11 14 11
7 10 10
19 20 4
4 8 14
23 3 7
9 12 13
13 15 11
13 18 17
11 14 3
15 18 6
12 15 1
2 8 6
1 4 7
8 10 9
20 23 3
15 18 10
6 10 17
8 11 12
6 10 10
7 10 17
17 19 9
14 18 17
6 8 7
22 2 5
16 19 11
4 7 8
23 2 2
2 5 4
1 4 17
20 22 4
0 3 12
15 18 7
18 23 8
22 0 6
10 13 11
13 15 11
18 22 13
22 0 6
9 13 3
23 3 13
17 20 17
15 17 10
20 22 7
0 3 14
7 10 1
11 14 1
2 2 9
3 5 7
18 21 10
0 2 2
8 12 9
14 17 5
17 19 12
11 15 6
21 0 2
19 22 11
7 8 2
23 4 4
13 14 6
17 22 2
2 4 15
3 5 14
10 15 7
7 8 13
21 1 3
11 13 7
4 7 14
11 14 6
12 16 15
6 8 8
7 10 11
15 18 7
2 3 4
2 7 10
10 13 4
23 1 7
19 23 11
6 10 16
9 12 14
10 13 12
13 17 7
4 6 12
19 19 2
17 21 10
22 22 1
17 21 11
8 12 10
7 11 16
6 9 15
8 11 12
11 14 14
4 6 14
8 9 11
2 5 11
3 7 9
13 16 15
22 1 4
4 8 2
8 12 8
8 11 13
2 5 11
10 13 9
2 5 6
7 11 16
11 13 14
23 3 2
5 10 1
3 6 12
10 14 15
17 22 15
12 18 13
16 19 9
11 14 5
20 23 16
6 8 3
15 18 12
13 16 1
7 9 15
6 9 9
7 10 12
10 13 3
17 18 7
18 21 8
4 7 10
14 16 14
14 17 7
17 21 14
12 15 17
20 0 15
1 5 9
5 9 13
6 9 9
18 20 11
13 14 3
0 3 17
9 11 10
9 13 4
23 2 10
20 22 10
4 7 17
22 1 14
12 15 15
7 8 8
5 10 11
11 14 12
0 4 6
16 19 9
19 0 4
15 19 9
10 14 9
18 19 16
17 20 14
16 20 14
3 7 17
17 20 3
18 20 13
14 16 16
4 7 14
0 2 10
19 22 15
11 13 15
3 5 1
23 1 6
5 7 8
2 4 4
4 9 12
4 8 15
20 0 8
13 16 9
22 2 16
16 21 8
14 19 7
12 14 1
19 22 10
15 18 5
17 21 3
15 17 4
0 3 16
7 9 4
7 10 3
15 17 16
12 15 8
16 19 17
11 14 10
4 7 4
11 13 11
21 22 8
6 10 3
4 8 13
18 22 4
5 8 15
16 20 12
12 15 12
21 2 6
13 16 12
15 17 16
18 22 16
1 3 2
4 7 2
13 16 11
18 23 14
10 13 1
11 13 2
23 1 10
19 22 5
8 11 6
6 10 3
15 17 17
1 3 17
7 9 2
18 20 5
5 8 9
8 11 14
9 14 4
3 7 2
11 12 6
13 16 3
6 10 16
6 11 1
17 20 15
1 4 13
1 5 12
6 8 8
13 15 17
15 18 8
16 19 8
17 20 5
15 18 7
9 14 1
22 2 12
18 21 16
13 15 4
6 9 6
4 5 12
10 14 4
11 15 10
11 14 14
17 21 15
19 22 15
2 7 8
13 15 13
15 17 5
8 12 6
8 11 2
15 18 8
23 2 1
22 22 3
22 2 15
3 6 3
20 23 14
10 14 9
6 11 9
0 4 15
12 17 7
18 20 9
18 21 3
14 18 7
3 6 6
1 4 15
4 8 5
18 21 11
18 18 5
17 19 15
7 10 6
12 15 8
12 15 2
18 20 8
2 6 5
10 13 1
7 10 15
12 15 14
6 11 2
12 15 5
1 5 12
5 7 7
21 0 10
20 23 10
6 9 6
4 8 3
19 22 10
1 2 3
23 1 17
14 18 15
6 9 12
6 8 12
17 20 9
4 8 5
22 2 8
10 13 13
12 15 2
18 22 13
23 1 13
1 3 2
22 0 6
5 8 3
1 5 4
19 22 9
18 22 13
20 0 13
17 21 10
2 5 15
21 23 6
16 18 8
13 17 17
22 23 4
17 21 3
20 21 7
8 11 6
21 0 13
18 21 17
0 1 2
13 18 10
14 19 15
17 21 8
12 15 1
23 2 17
2 7 9
5 8 5
15 16 3
7 8 8
13 17 11
21 0 2
23 1 8
10 12 12
2 5 2
16 19 13
14 17 3
15 17 13
1 3 15
19 22 13
7 11 4
16 19 10
16 17 14
5 8 4
15 20 10
21 2 8
21 0 16
7 8 10
2 7 1
0 3 2
11 13 13
21 23 11
5 8 1
7 10 7
21 2 7
3 7 12
7 10 17
20 0 7
10 13 10
7 12 15
7 10 9
19 23 10
20 21 6
12 16 9
9 12 1
12 16 7
23 2 4
5 9 7
9 11 1
14 17 2
2 7 3
21 23 6
10 14 4
18 20 8
10 13 2
19 22 15
17 19 5
22 2 6
15 17 1
13 16 15
0 2 9
3 5 5
8 11 16
11 14 8
14 16 7
1 7 15
7 9 11
15 18 13
23 2 7
2 6 14
12 16 1
11 13 17
15 18 6
10 12 2
14 18 16
9 12 8
0 4 14
19 22 17
15 17 6
7 8 2
19 23 10
4 7 6
20 23 1
6 9 8
10 13 16
11 14 14
9 11 5
13 15 7
20 22 6
18 21 3
13 16 1
1 4 14
16 19 10
14 16 10
19 23 14
3 6 17
23 3 5
1 2 12
1 3 6
9 12 1
3 5 16
11 14 15
14 17 1
6 9 1
21 0 10
17 19 9
3 8 17
6 10 14
14 16 2
21 23 13
11 13 9
13 16 4
12 17 15
14 16 13
9 11 15
5 7 11
8 11 8
14 16 7
8 10 11
2 3 15
1 3 15
15 18 15
20 22 8
6 9 14
3 6 5
11 13 4
14 17 14
10 12 1
22 3 4
22 1 9
8 10 11
15 18 17
17 21 5
10 13 4
11 13 14
0 3 17
18 20 12
3 4 3
19 22 9
9 11 11
13 17 8
3 5 17
23 3 11
19 22 8
23 2 11
20 22 5
19 22 3
20 22 2
2 4 6
23 1 10
20 0 12
19 23 5
8 10 2
21 0 13
5 6 6
7 10 9
17 20 2
19 22 14
6 10 14
1 5 9
16 20 12
8 12 17
10 13 7
7 11 5
17 21 13
13 15 4
20 0 6
2 5 5
16 19 1
21 0 11
16 18 3
20 23 3
9 14 14
22 0 7
12 14 5
2 5 9
11 12 3
2 7 9
8 13 16
20 21 17
10 14 6
1 2 10
6 9 1
0 3 11
13 16 10
11 13 7
9 11 2
8 12 8
10 13 3
21 0 11
11 14 9
14 17 4
5 5 10
9 13 5
20 23 16
23 2 1
8 11 9
11 14 14
18 20 16
20 22 14
22 22 5
17 21 1
6 10 2
7 10 2
7 9 6
18 21 9
17 20 10
10 14 6
18 22 11
5 9 12
13 16 12
3 7 2
4 6 8
17 20 13
17 19 6
23 3 6
5 7 16
18 21 5
22 1 2
7 10 9
18 21 11
13 17 1
8 11 17
4 7 13
5 9 15
3 7 12
8 11 13
21 1 1
1 6 6
0 3 16
22 2 2
11 14 13
5 8 15
5 10 2
1 5 1
8 10 5
3 5 2
14 17 5
2 6 7
12 14 5
16 19 8
16 19 9
3 5 9
17 21 12
8 11 2
17 19 8
10 13 3
22 1 2
18 20 9
18 21 16
18 21 8
22 1 15
5 9 17
9 11 12
10 14 10
6 11 2
17 19 1
22 1 9
17 20 5
7 9 10
23 2 5
9 13 14
11 14 5
21 1 9
9 13 6
14 17 12
14 17 5
1 5 5
16 19 17
9 11 11
0 5 16
18 20 15
2 4 9
20 0 5
5 7 10
18 21 16
23 3 9
19 22 12
8 11 8
15 18 12
4 6 12
22 1 17
11 14 4
3 7 14
14 18 5
6 10 7
8 12 13
2 6 13
23 2 13
2 4 8
16 18 11
22 1 1
7 10 15
12 15 8
1 5 6
19 22 16
13 15 12
8 10 9
5 10 13
20 0 7
2 6 3
7 9 6
1 3 2
21 23 13
22 1 17
4 7 1
20 23 16
4 6 17
12 15 14
8 11 16
12 15 15
14 17 14
13 16 15
21 0 9
15 17 8
13 17 3
23 2 5
17 19 2
19 23 2
20 22 4
6 10 2
16 19 3
23 2 9
12 14 2
22 1 17
18 21 12
7 12 1
9 12 10
20 23 11
12 16 1
8 12 14
12 14 9
5 7 8
21 23 14
23 3 9
9 12 3
15 18 17
4 6 3
23 1 1
8 11 1
17 21 4
9 12 8
1 4 14
10 12 17
23 2 17
19 20 10
0 2 17
22 0 5
16 19 1
14 16 12
22 1 15
4 6 4
4 6 17
11 12 16
8 12 12
11 14 5
1 4 10
20 22 13
9 13 2
3 7 2
11 13 13
19 23 2
1 4 16
17 19 8
13 14 13
18 22 12
17 20 16
23 3 9
6 8 6
15 18 13
17 20 13
14 18 12
1 3 3
22 0 12
20 0 17
1 4 6
23 3 5
6 11 15
19 0 14
22 2 12
14 16 15
6 9 17
21 23 10
12 15 10
10 11 2
10 14 6
23 2 11
21 22 16
14 17 11
19 22 13
3 6 7
16 20 12
16 17 16
20 23 11
4 8 2
1 5 2
9 11 5
5 8 7
18 23 14
14 17 1
18 21 5
16 18 5
0 3 17
22 1 5
21 22 13
7 10 7
14 19 3
22 0 6
16 21 5
0 2 13
6 8 16
3 5 15
11 15 9
4 7 5
9 13 5
2 5 12
22 2 7
15 18 12
5 6 1
10 14 15
17 21 4
14 17 4
18 21 6
2 7 10
13 17 17
3 7 1
19 21 6
14 17 6
4 7 6
3 5 9
2 5 11
2 6 17
3 6 2
23 2 5
20 23 7
22 0 10
2 6 15
6 9 9
21 23 16
6 10 3
15 20 7
1 2 4
12 13 12
10 12 4
16 20 7
18 20 4
11 15 17
19 23 9
20 0 1
0 4 6
19 22 3
9 11 11
5 8 16
20 23 12
21 0 6
3 5 4
21 0 11
20 23 10
1 6 6
20 23 3
23 3 2
1 4 2
7 9 2
7 11 15
18 22 3
0 3 1
20 0 1
3 6 14
2 5 9
8 12 12
11 12 14
12 15 9
14 16 4
18 21 17
9 13 6
2 5 10
8 12 4
5 8 8
19 23 3
3 4 1
12 14 5
3 5 3
18 20 2
20 22 15
11 13 17
22 23 1
9 11 8
5 7 2
11 14 9
9 11 15
23 2 12
2 7 10
21 0 5
20 21 6
12 16 16
16 19 3
22 2 8
22 0 13
7 10 6
23 0 16
0 5 15
3 7 10
11 15 14
14 15 14
10 14 15
2 3 16
1 4 6
8 11 3
12 17 4
15 17 14
13 17 9
5 9 6
17 21 11
11 14 13
18 21 13
7 10 12
17 21 11
3 6 10
10 12 7
4 6 16
15 18 10
6 8 17
21 0 5
2 6 2
2 6 14
2 4 13
4 6 4
10 14 5
6 9 8
2 6 6
20 23 11
7 9 9
22 2 17
7 10 12
23 2 13
4 9 3
6 10 17
20 22 7
17 20 8
14 18 2
17 21 13
12 15 3
17 21 7
22 1 2
19 22 6
18 23 13
15 18 3
5 9 9
19 21 9
10 13 11
21 1 3
22 2 3
6 9 14
23 2 15
22 2 10
21 1 15
19 22 2
13 16 2
19 23 9
8 10 4
17 20 11
21 23 7
0 4 14
22 1 8
5 8 7
2 4 17
0 1 14
10 13 16
17 20 15
2 6 5
14 16 1
23 2 7
5 8 4
21 22 8
13 17 13
11 14 2
8 11 1
17 22 13
13 16 10
13 17 5
4 8 11
16 20 9
16 18 3
5 9 11
16 19 11
23 4 11
11 12 15
7 10 17
14 18 10
13 17 10
18 21 2
6 6 1
23 3 7
6 9 12
14 19 12
21 1 5
7 12 13
22 1 1
17 22 10
10 14 12
22 2 13
8 11 13
4 8 2
13 17 17
19 23 8
19 0 10
17 19 5
19 22 11
9 13 11
13 16 6
2 3 17
5 8 13
17 19 4
23 1 14
4 6 5
20 23 15
5 8 7
13 16 12
1 3 8
18 22 13
1 3 13
16 20 5
14 17 16
13 17 16
14 14 3
4 7 12
20 0 8
5 7 7
1 3 2
12 16 12
1 4 3
22 0 10
5 6 9
15 17 9
12 15 6
17 21 13
9 12 4
20 1 13
1 2 5
8 12 3
15 17 14
14 18 9
1 3 17
21 23 15
23 2 13
10 14 15
14 15 8
15 18 6
17 21 17
17 21 16
6 8 1
11 14 6
14 20 14
0 3 1
4 8 10
7 11 3
19 22 16
8 11 15
3 7 13
2 5 16
16 20 4
8 10 17
19 1 4
2 5 6
22 1 13
5 10 8
20 0 16
8 8 9
23 0 7
8 11 15
14 17 5
7 9 2
11 14 4
15 17 6
15 18 2
6 9 12
2 6 13
13 17 1
19 21 17
8 10 3
15 18 16
23 2 3
10 13 13
11 14 16
16 20 13
10 13 8
13 17 1
16 20 14
21 22 9
18 20 9
6 12 7
19 23 1
12 14 16
3 6 17
10 14 2
12 14 15
2 7 2
5 8 7
6 6 11
1 6 14
21 0 9
3 5 6
23 2 5
21 1 1
8 11 14
19 22 8
1 4 14
1 4 5
21 23 10
6 9 16
16 19 12
11 14 1
14 15 17
9 11 1
23 1 8
16 18 12
14 17 12
15 17 17
8 12 15
14 18 2
17 21 13
19 21 12
18 22 6
3 6 9
5 6 1
8 11 13
16 20 4
5 9 17
11 14 5
12 15 2
1 5 3
19 22 14
1 3 14
4 8 14
13 16 6
8 9 17
13 16 16
11 13 5
2 5 13
5 9 16
19 22 11
15 20 12
18 23 7
13 17 9
12 15 2
6 8 16
10 14 17
18 21 4
5 8 7
15 19 8
19 21 13
14 19 16
13 16 15
4 8 6
15 19 2
0 4 11
16 20 10
3 6 1
15 16 14
23 2 14
11 14 14
9 12 1
11 13 3
0 3 10
10 14 3
15 19 1
8 10 13
5 9 15
8 12 5
9 11 1
23 3 13
2 6 12
21 0 5
7 11 16
12 15 5
13 16 13
6 8 1
22 2 13
23 2 13
17 21 16
17 21 11
15 20 14
13 16 14
14 17 7
22 0 17
12 15 11
10 12 4
17 22 9
17 21 2
14 16 2
21 1 14
0 3 12
8 10 14
3 5 14
6 8 3
6 10 5
12 16 9
16 19 16
2 4 14
12 15 13
20 22 5
12 15 10
11 14 16
0 3 6
21 2 1
21 23 5
21 0 15
19 23 6
1 4 14
4 6 6
16 19 3
3 6 14
3 5 8
9 12 12
20 22 16
3 8 12
16 19 4
3 6 8
0 6 5
9 12 9
14 18 2
15 18 15
11 14 5
3 7 8
0 3 17
18 20 11
2 4 14
5 8 13
3 8 14
15 17 11
3 5 15
14 16 1
7 10 11
17 19 14
23 2 10
6 10 17
5 8 11
6 9 2
18 21 11
21 22 6
13 17 14
10 13 7
20 21 7
1 4 15
9 12 15
15 17 1
12 16 7
13 15 7
11 14 7
6 8 5
13 16 15
3 8 15
17 20 17
23 2 12
3 8 16
2 6 11
10 12 9
23 3 12
5 7 13
2 5 17
22 2 13
21 0 2
0 3 8
10 16 9
21 2 4
2 6 8
9 13 13
0 2 16
18 22 6
13 15 11
2 3 15
8 11 13
6 10 9
2 5 8
17 20 10
20 22 16
15 17 1
1 3 10
11 14 9
4 8 11
23 1 3
21 0 13
6 9 7
14 17 11
8 11 10
9 13 9
12 14 15
18 22 11
23 2 2
2 4 11
22 3 17
3 7 4
18 19 7
6 10 12
1 3 7
12 15 1
0 3 8
6 8 14
4 6 1
17 19 12
16 20 17
13 17 5
5 8 8
2 4 10
23 2 4
8 11 2
22 2 3
8 10 10
10 12 13
2 3 1
4 8 3
5 7 17
2 5 7
18 22 13
2 6 5
20 23 3
9 11 2
23 1 4
21 0 11
6 10 2
17 21 1
19 0 9
1 5 4
12 15 15
12 14 6
6 9 3
17 19 17
5 8 9
18 18 9
22 1 10
13 17 17
7 11 17
22 0 14
14 17 6
19 0 16
0 2 10
11 13 17
7 10 12
4 6 11
21 23 17
21 1 3
7 11 7
22 0 5
14 16 16
22 2 8
15 18 5
17 21 9
2 6 1
8 10 13
19 23 7
12 13 16
23 2 4
15 19 14
22 2 7
20 22 7
9 11 5
18 22 15
14 16 17
9 12 13
2 6 11
21 0 1
11 16 14
19 23 4
23 3 14
22 0 11
13 16 11
10 14 10
21 1 7
20 23 13
21 0 9
20 22 6
1 6 12
15 19 14
18 21 5
1 4 12
12 16 2
2 6 4
13 16 14
20 23 1
4 7 1
14 18 6
18 22 2
20 23 7
17 20 10
19 22 15
3 5 9
20 0 12
2 4 3
13 16 13
14 18 16
11 14 14
13 16 17
9 10 11
21 1 12
20 0 11
18 22 16
10 13 1
16 19 11
23 2 10
16 19 4
17 20 17
19 22 12
7 10 15
9 10 1
9 11 13
20 23 15
21 2 14
3 5 1
0 3 14
8 10 7
9 13 14
22 0 8
12 15 14
11 15 10
17 21 17
22 0 6
17 19 10
14 19 3
9 11 13
21 23 12
20 21 8
14 17 16
13 14 14
1 3 10
19 22 5
22 1 17
7 10 12
22 1 7
0 3 12
11 15 12
12 16 17
15 18 4
10 12 14
13 16 1
16 20 2
10 14 17
6 9 14
9 12 12
12 15 7
21 2 11
2 4 9
9 11 2
23 1 9
15 17 9
1 3 4
7 8 1
6 9 15
5 6 4
10 16 13
12 14 16
7 9 15
15 17 7
0 4 7
3 7 13
14 16 2
8 12 1
1 4 1
14 18 5
19 23 12
4 9 13
16 20 6
4 7 16
0 4 4
2 5 12
8 11 11
1 5 1
11 13 5
6 9 2
15 17 7
10 13 8
6 9 17
10 13 9
7 10 2
6 9 12
20 0 3
16 19 5
9 13 16
7 12 12
5 8 8
14 16 7
9 13 8
4 7 8
10 13 15
11 15 14
12 15 1
1 4 13
4 7 12
11 13 6
5 8 10
3 8 14
20 23 14
0 2 16
16 21 6
17 20 7
9 13 9
5 8 3
4 7 1
22 1 15
2 5 5
3 7 13
7 10 6
13 16 13
21 0 17
0 3 10
2 5 3
4 9 17
18 21 2
12 15 9
4 6 3
14 17 17
12 14 15
16 18 15
18 21 7
16 19 17
4 7 4
22 1 13
1 3 14
8 9 16
17 20 1
20 22 16
6 10 6
12 13 4
2 7 12
15 18 11
10 13 16
14 18 10
8 12 10
11 15 9
6 9 2
0 5 13
8 12 1
17 20 9
19 21 12
4 7 9
13 17 14
2 5 2
13 16 2
20 21 1
21 0 10
12 15 9
20 0 3
16 18 13
1 4 12
12 14 1
6 9 17
19 22 7
11 15 12
21 23 2
16 19 16
18 23 8
14 17 4
9 10 7
12 13 10
18 22 11
22 0 13
1 3 2
8 11 6
1 4 14
14 17 4
9 12 12
19 21 14
6 9 15
21 0 11
8 12 2
19 20 1
2 7 5
9 12 5
20 22 7
17 18 2
5 8 7
23 1 5
1 4 13
21 1 11
14 17 14
10 12 11
3 6 11
17 20 12
12 15 16
17 19 13
16 20 12
7 11 10
13 17 17
8 11 17
7 12 6
0 2 5
0 4 15
19 20 15
3 5 12
6 9 12
13 16 11
11 14 13
16 18 1
7 9 16
6 7 3
0 2 10
18 21 10
10 14 6
1 5 2
2 5 8
0 2 10
21 0 8
8 10 13
23 1 5
12 14 10
14 19 7
10 13 11
19 21 14
11 14 10
0 4 3
5 8 16
5 9 10
16 20 11
8 12 17
17 20 7
4 7 12
13 14 15
23 2 2
4 7 1
12 15 6
2 5 16
2 3 4
0 4 10
22 1 4
18 21 17
1 5 15
1 4 8
7 12 12
5 8 16
4 8 6
21 1 11
14 17 13
3 7 14
11 14 5
9 12 5
15 17 11
20 23 17
1 5 11
14 16 6
11 14 7
0 2 1
23 3 4
19 20 14
3 6 5
21 1 6
21 0 9
4 7 7
18 22 12
17 22 17
13 16 4
3 6 8
21 0 16
14 18 17
23 1 17
12 15 3
12 15 2
16 18 6
2 5 9
4 7 5
23 1 4
23 1 7
17 20 2
21 23 15
19 23 17
7 10 16
0 2 6
0 3 10
15 18 5
6 11 6
15 20 8
14 16 4
9 12 7
23 2 5
6 9 8
23 1 8
9 13 5
16 19 13
5 9 17
19 21 6
5 8 1
21 0 11
3 7 17
4 7 12
21 1 12
10 11 11
6 9 8
11 13 1
0 4 2
16 19 7
7 11 15
5 8 11
2 4 5
1 4 6
23 1 1
20 0 3
6 10 9
8 12 4
18 21 6
10 12 12
22 23 3
6 9 13
17 20 17
12 16 4
1 5 10
18 21 8
5 9 2
15 18 6
17 20 3
16 20 10
5 8 9
3 6 11
1 4 15
11 15 5
23 1 15
1 3 3
6 8 16
22 1 2
21 23 17
15 17 7
7 11 7
2 5 13
4 7 5
14 18 14
0 4 14
3 7 9
2 5 5
11 16 9
21 23 3
0 3 16
12 15 15
15 18 6
17 21 12
23 3 16
11 14 11
20 0 3
1 3 10
22 0 12
18 21 8
23 3 6
21 2 9
6 9 14
5 8 16
9 14 16
23 2 8
23 1 1
0 3 6
12 16 13
12 14 5
23 2 9
14 19 4
4 8 8
4 6 7
10 14 6
8 12 15
20 23 13
3 5 15
21 23 3
15 18 11
23 2 5
1 2 5
21 22 16
0 3 17
18 21 6
19 0 16
10 12 4
5 7 1
2 5 10
12 15 11
7 10 7
9 13 17
7 11 14
12 15 1
11 13 5
23 3 6
7 11 14
21 0 15
15 19 13
11 16 11
5 7 6
19 21 1
16 18 17
17 21 12
3 6 15
1 4 16
17 19 13
16 20 10
17 21 11
13 15 6
17 21 16
11 16 16
7 9 1
6 9 11
19 22 2
2 3 14
14 17 16
17 18 13
18 21 5
0 4 2
4 7 6
3 7 16
21 0 4
22 23 2
7 10 10
11 15 4
2 6 11
22 1 11
7 9 2
5 8 17
1 4 6
1 3 1
1 4 4
3 7 2
1 3 4
6 10 5
21 2 2
23 4 8
17 20 15
17 19 16
4 7 2
7 11 2
0 4 11
5 8 12
5 9 2
5 7 4
23 3 3
4 8 12
23 3 17
22 1 2
4 9 12
2 6 5
9 12 6
21 23 12
9 13 14
12 13 9
2 5 1
16 17 8
10 12 7
0 2 3
1 4 8
18 21 15
10 13 15
16 18 10
1 5 14
14 18 12
0 5 12
3 5 3
23 3 6
1 4 15
5 9 4
6 10 10
16 17 11
5 7 10
12 16 7
20 22 10
20 0 6
21 0 14
20 23 14
5 8 5
23 0 8
18 20 6
21 1 11
14 17 2
18 21 14
3 7 6
4 7 2
18 21 14
4 6 3
6 8 9
10 14 17
11 13 5
12 14 1
8 10 1
0 3 4
4 6 5
3 6 10
22 1 8
21 2 16
22 1 7
0 3 1
14 17 2
1 5 15
21 23 13
8 11 16
16 17 4
21 23 16
3 8 10
0 3 1
21 1 12
4 6 17
17 21 9
19 22 11
2 5 15
4 7 16
23 1 8
22 2 9
9 11 11
0 3 12
15 17 2
4 7 16
13 16 3
7 10 4
0 4 16
12 14 9
9 11 14
19 22 13
23 3 3
23 4 17
7 10 6
12 16 12
12 16 7
23 3 10
17 20 8
4 5 7
0 3 17
15 19 8
12 16 10
1 6 17
22 0 14
20 0 9
17 19 9
22 1 9
15 19 14
13 15 12
10 12 10
18 21 14
18 20 6
4 7 15
22 1 11
23 3 7
22 1 5
15 17 12
8 10 3
22 2 8
22 3 13
14 17 13
6 9 3
16 18 15
10 12 14
0 2 8
7 9 5
22 1 9
4 7 10
21 0 1
5 8 9
5 8 11
6 9 14
10 13 5
11 15 10
14 18 5
4 8 4
12 14 13
13 15 3
13 17 1
3 6 8
14 17 9
16 19 16
11 14 12
13 17 13
6 10 11
17 20 3
19 23 17
22 1 7
17 20 13
4 7 15
9 11 11
4 8 5
20 0 13
10 14 16
1 4 1
12 16 12
17 21 5
11 15 1
3 4 3
8 10 12
10 14 17
15 17 3
16 19 1
0 3 17
3 7 6
3 7 10
2 6 11
6 8 12
15 18 1
22 1 5
20 0 13
0 4 11
15 17 14
10 11 5
4 7 9
18 21 17
22 23 15
21 0 2
1 4 2
22 1 16
12 15 12
13 16 13
6 11 17
23 2 6
14 18 2
16 20 7
9 12 5
7 9 11
8 13 9
2 4 6
9 11 1
10 12 13
6 9 15
23 1 13
15 17 10
21 23 7
20 0 13
7 11 12
5 7 6
7 11 10
22 1 7
23 2 5
5 9 5
3 5 1
5 7 12
6 8 9
22 2 14
22 0 14
12 14 15
1 4 5
8 11 14
15 19 6
17 19 15
17 20 13
16 19 13
10 13 6
12 15 15
11 16 1
9 13 17
8 12 13
7 10 17
15 18 16
4 6 5
20 0 6
12 16 2
14 17 8
1 5 11
21 0 14
12 17 10
16 20 6
4 6 8
21 0 17
4 7 3
23 0 10
7 9 13
7 12 14
21 1 15
9 12 12
9 13 10
1 5 4
4 7 9
0 3 13
2 5 17
4 7 13
18 22 4
14 16 17
11 15 13
3 4 10
6 7 2
12 15 2
3 4 13
21 23 17
6 10 6
14 17 5
9 13 11
15 19 11
1 4 9
21 23 9
3 6 8
19 21 2
2 5 6
4 7 1
1 4 3
2 4 1
12 14 3
0 4 8
2 5 1
0 1 15
8 11 2
15 18 16
17 20 12
5 9 15
3 5 17
12 16 5
2 6 12
22 23 2
16 16 12
13 15 1
5 6 16
2 5 1
11 14 3
8 11 14
8 10 15
9 13 1
14 17 6
9 12 11
15 19 2
22 2 15
16 19 16
18 19 10
11 15 9
20 23 14
7 10 11
10 12 2
20 21 4
2 6 12
14 16 4
1 4 9
8 14 8
12 15 3
4 7 16
8 11 6
4 9 6
17 20 11
22 0 5
1 5 1
1 3 14
19 22 8
4 7 8
22 1 3
4 7 7
4 7 14
2 5 6
4 8 6
12 15 17
3 5 6
16 19 1
21 23 1
13 17 15
13 16 3
10 13 17
4 8 4
17 19 12
18 22 6
5 8 8
19 22 15
12 13 15
22 0 11
0 3 9
10 13 3
11 14 13
16 20 3
9 11 7
8 13 11
21 22 17
1 3 15
9 12 11
5 7 4
18 21 3
11 15 2
5 8 15
21 22 12
21 23 16
3 5 3
7 11 14
8 10 4
0 5 12
21 23 1
11 13 2
1 3 7
1 3 5
20 23 6
4 9 16
1 5 14
0 3 5
10 13 17
22 0 9
7 11 3
10 12 13
6 10 15
23 1 2
19 22 10
17 20 12
15 15 4
4 8 11
19 22 17
19 22 10
1 3 3
13 17 8
20 22 12
15 19 3
5 10 13
19 21 9
0 3 15
7 12 11
10 12 7
19 21 5
5 7 8
9 12 1
13 14 16
5 7 8
22 2 3
22 0 16
14 17 12
0 2 11
14 19 11
16 21 3
20 22 16
11 14 1
22 0 11
17 19 9
11 14 2
14 17 15
10 12 6
6 9 3
17 21 12
3 7 8
21 0 1
3 5 14
12 16 9
21 23 11
8 10 14
22 23 8
2 5 4
14 16 7
23 2 17
16 20 15
15 17 16
4 8 1
1 4 7
12 16 11
8 11 4
19 23 17
18 20 1
16 20 4
3 9 15
6 8 17
20 22 5
5 9 15
9 14 3
18 21 9
10 13 17
11 17 15
23 1 8
14 15 4
7 9 15
13 15 15
13 14 4
8 13 2
0 3 8
18 21 4
5 9 5
12 15 16
4 8 4
10 13 2
4 8 2
5 8 8
21 23 4
2 6 3
4 6 9
7 8 5
7 11 2
4 8 5
23 2 2
5 7 12
9 12 14
13 15 14
2 6 11
3 7 12
4 8 16
17 20 2
14 19 4
18 22 11
11 14 6
22 1 10
13 14 8
7 11 15
8 11 5
5 7 17
18 20 11
6 8 8
18 21 6
22 2 3
7 9 16
21 0 10
19 22 4
20 23 15
5 7 13
12 14 2
8 11 8
13 16 16
11 12 16
3 5 13
10 14 5
21 1 17
20 23 14
17 20 16
13 17 7
20 22 1
0 5 5
19 23 11
21 0 17
2 4 12
12 14 8
8 12 13
21 23 5
6 10 13
5 6 6
12 16 16
12 15 10
9 13 9
1 4 12
13 17 15
16 18 7
5 8 3
20 0 6
21 1 13
12 15 3
8 9 8
5 7 5
20 20 10
3 7 4
6 8 13
11 16 11
3 6 15
1 3 3
16 20 5
8 10 11
7 9 13
16 19 17
9 12 10
21 0 7
21 1 8
18 19 11
15 17 11
20 22 6
12 15 5
5 8 2
5 9 17
13 16 13
22 23 16
11 13 16
4 7 16
4 8 3
12 15 5
7 10 13
11 12 10
11 15 7
8 10 5
15 19 17
18 20 3
17 21 8
12 14 9
4 5 17
14 19 17
1 4 10
4 7 1
9 12 15
7 9 11
0 3 8
13 15 7
7 10 17
23 2 16
11 12 11
1 3 12
15 17 10
2 6 9
12 15 16
18 22 13
20 23 4
6 8 17
10 12 12
15 17 6
6 9 10
18 20 16
8 10 14
20 0 15
23 1 11
13 17 8
2 5 4
6 9 12
8 8 5
17 22 13
15 20 9
3 7 12
12 15 1
18 21 7
17 18 16
3 7 3
18 19 13
16 18 7
22 1 15
14 15 15
15 19 9
13 17 15
2 6 9
10 11 11
10 14 4
6 10 17
14 16 10
13 14 16
20 23 3
5 9 14
23 3 10
0 2 14
