250 18
5 4 8 9 10 7 4 5 5 5 7 6 9 9 10 5 6 9 
16 19 6
10 15 9
3 7 13
14 16 10
9 12 17
1 4 14
13 17 6
5 8 13
18 0 16
14 16 16
9 9 1
8 10 1
9 12 13
9 11 7
19 22 15
1 5 6
11 13 6
0 3 10
18 21 17
3 5 2
7 10 5
6 8 18
3 7 15
11 13 13
5 7 16
17 20 13
8 13 10
20 22 11
13 18 10
12 16 6
14 18 11
14 17 18
9 11 8
17 21 10
22 1 8
7 9 13
17 20 1
3 5 12
19 21 10
23 3 14
1 5 3
5 6 11
12 16 12
23 3 7
0 3 1
11 15 16
16 19 7
10 13 11
6 9 2
23 3 13
9 12 15
23 1 6
11 15 15
7 11 16
23 1 18
5 9 13
1 5 17
19 22 9
2 5 9
14 15 1
2 5 10
11 14 7
13 16 3
8 11 8
19 23 11
17 19 13
13 17 5
23 2 8
10 14 11
13 17 1
18 20 17
1 4 18
20 22 4
3 8 1
15 19 2
2 5 11
19 22 10
7 10 12
22 3 4
22 1 3
21 0 10
22 2 18
4 7 6
16 19 5
16 20 1
23 1 16
18 21 9
17 20 4
1 5 2
11 13 14
6 10 1
17 20 4
15 19 12
7 11 1
6 10 4
18 23 7
10 13 6
21 23 16
17 18 1
2 3 6
9 11 13
19 0 9
13 17 10
12 13 16
14 16 3
4 7 13
17 22 13
16 20 4
1 5 1
7 11 12
17 21 3
23 2 15
10 13 8
12 16 2
10 14 3
15 19 15
2 6 17
8 12 17
10 14 4
2 6 17
5 7 11
21 23 7
7 10 1
21 2 11
8 11 7
15 19 6
17 22 11
19 0 8
21 0 7
12 16 18
7 9 6
4 6 15
4 7 8
22 1 1
13 17 7
7 9 3
2 4 3
22 1 13
21 23 8
17 19 5
10 12 5
3 6 3
8 12 4
15 19 15
16 19 1
6 9 9
18 22 15
22 1 12
22 1 5
22 0 12
19 21 14
6 10 6
20 1 6
23 1 2
21 1 12
17 22 3
19 22 14
16 19 15
12 15 12
20 0 16
22 0 11
23 0 15
3 6 15
4 7 16
18 22 9
17 22 16
13 16 10
1 4 12
20 23 2
23 0 10
20 0 6
1 2 4
6 8 8
1 6 3
18 20 18
3 6 17
12 15 12
0 2 17
3 6 13
20 0 7
11 14 17
2 4 12
8 11 7
22 23 3
20 23 4
12 16 18
0 3 9
0 3 17
16 20 17
18 21 16
18 20 13
6 9 7
4 6 2
0 3 14
15 18 2
3 6 6
3 5 17
13 17 14
1 2 14
15 18 13
8 9 11
5 8 7
18 23 8
13 16 5
0 3 14
17 20 5
20 23 13
8 11 11
15 17 16
6 9 7
2 4 15
5 7 5
19 23 13
3 6 10
10 13 3
19 22 8
13 17 16
6 9 9
15 17 12
15 17 5
6 11 7
19 22 10
15 19 15
17 20 6
7 9 7
16 20 7
8 10 5
22 0 7
18 21 2
21 1 5
19 23 9
18 22 7
17 20 1
13 16 2
5 9 7
14 17 8
10 13 12
4 8 6
16 20 15
18 21 16
7 11 2
3 7 10
4 6 14
17 19 7
17 19 3
8 11 9
15 18 8
14 17 12
0 4 18
2 6 18
