600 16
8 6 10 1 9 7 2 5 8 2 8 8 10 3 5 6 
14 18 12
17 20 6
2 5 12
6 10 4
3 5 9
13 16 11
17 22 9
0 3 3
18 21 8
6 9 10
23 2 1
20 23 5
2 4 7
16 18 7
11 14 2
7 11 3
12 16 9
14 15 6
2 5 13
12 15 16
20 23 11
4 7 7
9 12 3
16 18 9
8 11 10
14 17 14
6 8 8
0 5 16
17 21 9
13 14 14
22 2 1
6 9 12
10 12 9
17 20 13
4 7 12
5 9 9
16 19 8
13 16 4
8 11 13
0 3 6
11 13 8
17 21 12
18 21 14
19 22 13
12 13 8
2 7 14
13 15 2
14 17 2
2 6 10
6 9 4
8 11 4
20 21 3
2 4 16
9 12 6
18 23 1
16 19 6
21 2 7
1 4 12
16 19 10
8 9 14
7 12 16
19 22 14
5 8 15
7 11 11
20 23 7
17 21 12
21 23 5
1 5 5
5 6 15
14 17 7
11 15 12
18 20 7
14 19 5
22 2 16
12 16 5
12 12 4
9 12 12
13 15 2
10 14 7
16 18 6
1 4 8
6 8 5
4 7 1
6 9 12
14 17 7
18 19 8
5 7 4
8 10 2
16 19 5
16 20 10
10 13 11
7 11 2
15 18 8
11 14 6
10 13 4
23 2 5
2 4 12
19 20 3
19 23 7
1 4 12
23 3 16
22 2 11
2 5 7
5 8 16
18 22 5
15 17 2
1 6 8
10 13 6
9 12 2
1 4 10
14 17 7
3 7 11
1 7 4
20 23 13
5 7 13
23 1 6
3 8 10
9 12 12
5 10 3
0 3 1
20 22 6
23 1 4
2 6 12
9 10 16
6 7 13
16 20 11
15 19 9
18 21 8
2 6 15
17 19 2
22 1 16
11 14 16
2 5 10
23 2 13
8 11 6
15 16 13
3 3 7
3 5 13
20 23 6
20 23 6
21 0 3
21 1 6
11 16 10
1 6 9
6 10 11
18 21 5
14 17 1
8 11 10
11 15 7
15 17 12
15 17 10
8 10 12
14 17 1
7 8 3
22 1 10
0 2 13
9 11 9
8 13 3
21 0 16
9 12 3
20 22 11
10 13 9
22 1 1
21 2 6
18 20 12
3 7 12
9 12 2
6 8 7
12 13 11
14 17 15
11 12 7
2 6 10
11 15 14
0 2 9
11 14 5
22 1 1
22 1 11
6 9 8
8 11 8
4 8 2
9 13 11
22 0 6
3 6 10
3 6 2
0 2 8
0 4 5
9 13 15
5 7 11
6 9 16
0 2 5
15 17 7
22 0 3
15 17 11
15 19 5
0 3 3
1 4 13
9 11 8
7 9 10
10 14 3
6 8 11
6 11 13
17 21 2
6 9 14
11 13 7
18 21 8
16 20 6
13 15 13
21 1 10
14 16 3
18 21 4
20 23 4
22 1 6
2 4 2
17 20 1
16 18 9
7 9 12
18 22 15
4 7 2
8 11 14
21 23 2
2 6 13
13 17 14
2 6 11
23 1 1
8 11 10
1 6 1
9 14 5
17 21 5
12 15 12
3 6 5
14 18 13
7 13 15
9 13 2
22 2 6
0 3 6
5 9 6
10 14 10
18 21 16
17 18 12
19 22 10
14 16 5
9 12 5
19 23 3
22 1 13
13 17 6
12 17 4
4 9 3
4 5 8
1 4 14
6 11 10
15 19 7
20 1 4
23 3 9
12 14 8
7 10 2
21 23 5
14 17 1
21 23 10
15 17 4
16 19 10
17 20 1
22 1 3
10 14 1
0 3 6
4 5 13
0 4 11
21 1 8
19 22 5
10 14 1
23 2 13
8 11 12
3 6 14
5 11 12
8 9 11
0 2 12
11 14 14
2 5 3
4 8 9
18 0 5
8 11 10
18 20 14
15 19 1
16 20 5
16 19 8
17 20 7
23 1 11
13 16 13
13 16 2
6 8 11
18 21 1
11 16 13
8 10 8
23 1 7
2 4 5
7 11 14
17 19 14
20 22 12
3 6 8
4 7 8
21 1 11
10 13 7
18 20 15
2 6 14
8 10 15
13 15 14
3 6 11
23 2 12
20 21 3
19 23 10
1 3 6
21 23 10
16 20 3
2 6 9
20 0 9
20 0 12
8 11 7
10 14 13
20 22 12
2 5 2
4 6 8
23 1 10
7 12 4
22 1 14
0 3 5
14 18 6
16 20 15
15 17 9
8 10 9
17 21 5
15 17 9
11 14 2
22 0 3
23 4 9
12 16 16
22 0 14
23 1 3
7 10 5
11 15 12
21 1 8
14 17 2
4 8 16
8 9 13
16 20 11
3 6 7
5 8 7
19 23 15
15 17 12
10 13 3
20 23 1
3 6 2
20 23 2
15 18 13
7 12 11
21 2 13
17 19 15
20 0 15
19 0 12
19 23 13
22 1 15
6 9 4
12 15 16
17 19 11
2 5 8
13 17 6
0 3 16
18 20 13
10 13 12
21 23 15
9 13 12
4 8 6
23 4 3
6 9 12
13 16 12
20 0 7
20 23 7
4 7 4
5 9 15
21 0 15
9 11 4
8 11 3
3 8 5
10 11 12
8 11 10
18 22 5
7 9 1
9 11 13
3 7 15
19 22 6
1 4 4
23 1 15
6 7 5
10 14 4
7 10 4
23 2 9
12 15 13
17 20 2
8 11 2
12 15 10
16 21 3
20 23 1
23 1 14
19 21 8
16 18 9
4 7 11
5 7 15
7 11 1
18 20 14
21 0 15
10 14 8
11 13 15
12 14 1
21 0 12
12 14 1
11 14 4
10 13 10
12 14 3
20 23 12
8 10 9
20 23 12
14 16 16
6 10 13
16 20 9
14 17 14
15 16 6
21 0 4
0 2 8
19 22 12
4 7 10
16 20 14
10 13 12
9 11 2
13 16 13
23 2 12
17 20 3
16 19 5
6 9 5
21 23 16
3 5 8
18 22 10
23 1 13
12 15 14
20 21 16
2 5 3
10 13 7
11 15 14
1 4 12
22 1 2
11 15 16
19 22 3
5 7 16
14 17 3
2 4 2
15 19 15
8 11 6
10 13 9
23 2 4
16 20 8
7 10 12
6 9 6
6 7 11
6 7 5
15 18 14
22 23 11
7 11 7
10 15 9
13 16 10
22 3 8
14 18 10
4 8 3
6 8 13
18 20 6
3 5 16
15 18 2
19 23 8
11 15 14
12 15 7
11 13 8
23 2 6
4 6 16
16 18 9
6 9 10
4 7 14
3 5 5
11 14 3
23 3 8
12 15 16
1 4 8
12 17 6
20 23 8
15 19 15
13 17 1
8 10 4
22 2 9
22 2 14
23 4 8
22 23 16
13 16 2
12 16 9
16 20 15
2 6 9
15 17 12
6 9 7
20 23 9
14 16 10
5 8 12
2 5 3
10 14 16
11 14 1
22 1 10
15 19 15
3 7 8
11 14 7
11 15 12
12 14 13
16 17 13
17 19 8
3 7 3
3 6 10
0 3 16
15 19 7
11 14 13
6 9 10
15 19 4
23 2 9
1 3 15
2 5 14
3 5 2
16 18 15
11 15 8
20 22 12
17 19 9
17 21 13
9 10 9
19 22 9
20 23 2
18 20 15
10 12 5
0 3 13
19 23 14
16 20 6
6 10 12
18 20 8
4 6 16
18 22 8
2 6 9
6 8 16
13 16 14
1 2 1
10 13 7
1 4 5
5 7 9
3 6 4
23 0 9
12 15 5
6 10 15
5 8 11
20 23 9
15 20 14
6 8 15
12 15 6
20 0 2
20 23 7
20 22 12
7 9 8
19 22 7
23 2 13
7 10 6
6 9 14
9 13 4
5 8 7
10 13 7
13 16 8
16 18 1
23 3 9
14 18 2
0 3 2
1 5 2
4 7 2
0 4 15
3 7 13
10 13 9
9 12 15
16 19 13
21 1 12
15 18 8
15 17 8
5 7 1
18 21 1
15 18 6
7 11 12
20 21 8
13 17 5
4 7 2
9 13 12
21 0 10
13 16 7
20 1 15
10 14 3
4 6 6
4 7 1
