750 9
7 5 1 5 9 1 9 3 5 
21 23 8
23 1 7
12 15 8
18 21 7
10 12 9
2 5 4
22 1 8
2 4 5
1 3 6
3 7 4
19 21 4
17 19 7
16 21 2
9 12 2
3 5 9
23 2 3
16 19 9
15 19 5
9 11 5
1 4 1
0 2 7
2 4 6
10 13 2
0 3 7
3 6 5
15 18 6
14 15 9
0 4 1
1 5 3
9 11 4
9 10 6
6 11 1
0 3 8
5 6 6
14 15 5
23 2 9
12 17 7
4 6 4
20 1 4
0 3 8
13 17 8
10 13 2
20 1 5
6 10 1
12 15 8
17 19 6
20 22 6
2 4 7
0 4 1
21 23 3
17 20 9
19 20 5
16 21 1
13 15 2
7 10 7
3 6 7
7 10 9
9 12 9
11 15 5
1 5 8
14 17 2
15 19 7
22 23 2
8 12 8
14 18 2
2 4 2
3 6 8
5 9 7
4 7 8
10 13 1
3 6 6
18 19 7
9 14 2
4 7 6
23 2 1
3 7 7
5 8 5
13 15 7
2 5 1
0 2 1
9 9 7
8 11 6
21 0 5
20 0 7
3 8 6
0 3 7
14 18 6
0 3 7
16 21 1
4 6 4
23 4 4
9 12 7
17 19 8
11 14 9
0 3 6
19 22 2
7 10 7
12 15 2
22 0 3
2 5 5
3 6 7
20 0 9
21 22 5
19 22 3
9 11 4
17 21 5
20 0 7
5 9 8
0 4 5
9 12 5
18 22 3
0 4 3
1 2 9
10 12 6
13 16 7
6 9 9
10 12 1
14 15 1
5 9 9
22 1 4
15 18 7
4 5 2
4 8 3
19 23 3
16 18 9
4 9 9
8 11 4
2 6 3
8 12 7
0 5 6
23 2 5
7 11 8
18 20 4
16 20 3
14 17 7
20 2 8
4 8 5
12 17 6
16 19 6
7 8 5
2 5 9
13 15 2
8 11 9
21 23 7
17 21 9
11 15 7
23 3 5
10 13 3
19 21 9
8 9 8
17 19 6
15 18 6
1 4 5
0 4 4
19 0 3
20 23 3
23 1 6
23 2 1
12 15 8
0 4 7
17 21 1
6 9 7
4 5 8
14 19 1
21 1 8
17 22 4
16 18 6
8 11 8
6 10 1
18 22 8
15 18 3
3 6 5
21 1 3
21 1 5
15 17 9
16 20 4
14 17 4
9 11 2
21 1 1
1 6 1
8 11 1
23 2 7
21 1 4
11 15 9
20 23 3
13 16 8
10 12 6
23 1 1
15 18 2
14 16 3
17 21 2
8 10 9
19 21 8
1 5 2
7 10 6
3 7 3
18 21 6
13 16 5
18 20 5
23 1 1
11 14 1
17 20 6
10 13 2
6 9 2
16 18 3
9 11 1
0 2 9
1 4 1
8 11 3
13 15 8
7 10 3
5 8 8
11 13 9
0 1 7
23 2 5
13 15 8
15 17 9
2 5 4
20 0 2
21 23 3
4 9 3
4 7 8
15 18 6
2 6 9
10 13 1
8 10 9
10 12 5
22 0 6
1 4 8
21 1 7
14 18 1
9 11 3
17 20 6
3 6 1
11 14 8
23 2 3
0 4 3
20 22 2
11 13 7
4 7 5
10 12 7
14 17 8
6 9 8
10 13 4
6 8 1
19 22 4
2 4 2
12 14 8
7 11 7
2 6 4
14 17 3
16 19 9
12 17 2
10 14 4
12 14 6
3 6 2
12 14 7
6 8 8
11 15 1
20 23 2
6 8 4
15 19 7
5 9 3
3 6 5
21 1 1
23 3 3
23 0 1
8 10 8
10 14 8
18 20 5
6 11 9
4 7 6
3 6 3
5 7 7
17 21 8
23 3 1
15 19 4
16 19 1
20 20 4
22 2 2
7 10 1
5 11 6
0 3 2
8 13 3
9 12 4
8 11 8
11 14 3
20 0 5
23 2 8
23 1 7
15 16 4
9 10 4
7 10 1
6 10 8
10 13 8
14 18 4
16 19 3
23 2 5
23 1 9
6 10 2
15 18 3
0 2 2
11 14 9
10 15 7
21 23 6
11 13 6
14 16 6
4 7 7
21 0 2
18 21 8
20 0 2
11 14 4
1 5 9
2 6 8
20 23 7
20 23 4
18 20 3
13 15 5
22 2 6
6 8 2
16 20 7
11 14 8
15 17 4
3 6 3
11 13 4
14 17 9
14 16 9
21 0 9
8 10 2
0 3 4
12 14 2
9 11 1
20 0 8
16 18 8
22 2 3
18 20 7
22 1 1
18 21 4
13 16 8
19 22 3
12 16 6
10 14 3
21 23 7
18 22 2
17 21 9
0 2 2
22 1 4
14 17 1
2 7 9
13 16 5
22 23 1
21 1 6
0 2 3
6 9 7
4 7 7
8 13 2
4 6 9
14 17 8
16 19 4
1 4 8
23 2 5
17 21 7
22 0 5
6 8 8
5 8 8
4 7 7
19 0 5
17 19 5
4 8 6
14 17 4
5 8 4
5 8 6
22 2 5
14 17 6
9 13 2
1 4 3
16 20 8
13 17 4
3 6 1
0 3 8
22 2 8
15 20 3
4 6 1
5 6 9
6 10 6
11 15 5
20 22 3
17 20 4
15 19 1
17 19 3
17 20 7
7 10 3
5 6 8
3 5 8
6 9 7
15 18 5
11 13 2
21 1 3
9 12 4
3 8 9
17 22 7
0 2 1
21 0 2
11 13 9
1 5 1
21 0 3
3 7 7
1 3 7
0 2 7
6 9 8
23 3 6
9 12 3
15 17 4
16 20 5
8 11 5
14 15 5
3 7 8
8 10 9
11 14 9
19 22 2
4 8 8
23 0 2
22 1 7
16 19 6
2 6 1
17 20 3
22 1 1
22 23 7
10 13 1
15 18 7
10 13 7
12 17 4
3 6 2
16 17 5
2 5 1
6 8 3
16 19 4
15 19 6
15 18 7
1 4 7
21 23 4
3 10 3
18 21 3
2 4 8
9 11 9
22 23 9
7 10 7
10 12 6
1 5 2
12 14 7
14 16 1
22 1 3
8 12 8
20 0 2
21 1 9
15 19 8
12 15 1
23 1 7
9 11 9
16 19 1
5 10 2
20 1 6
2 5 8
14 18 4
18 0 3
10 14 8
4 6 7
9 13 9
12 15 5
14 17 8
8 11 9
14 17 5
18 20 8
1 3 1
14 17 8
14 18 6
5 8 1
15 19 7
22 2 6
1 5 7
16 18 1
2 6 9
14 16 6
4 7 2
4 6 3
6 10 3
15 18 4
11 14 2
7 11 1
14 19 5
12 14 6
23 3 5
15 17 3
6 8 7
10 13 3
18 20 1
14 17 1
18 21 6
15 17 9
0 4 3
17 20 3
4 5 7
7 12 3
12 15 5
21 22 4
12 15 9
1 2 8
14 17 7
6 10 9
23 3 5
1 4 6
16 19 9
13 18 2
2 5 5
19 21 6
0 3 3
14 14 9
12 14 3
7 8 9
20 23 9
3 8 2
13 16 3
11 14 1
19 1 5
15 18 6
11 14 3
16 20 4
22 1 4
1 5 7
2 4 5
13 14 8
1 4 1
0 1 8
1 3 5
16 18 5
11 14 9
17 20 7
5 10 4
21 1 4
15 17 8
19 23 7
0 2 4
15 18 6
2 4 4
18 20 3
14 15 6
5 9 7
15 17 1
12 14 8
21 0 4
23 2 6
14 16 5
11 13 6
13 15 6
5 8 5
0 5 5
4 6 2
7 10 8
16 19 5
22 0 1
7 11 6
0 5 6
7 9 4
20 22 4
8 12 9
23 2 7
13 15 3
13 17 9
23 3 6
2 4 2
12 15 6
0 4 5
12 14 5
10 12 4
9 10 7
19 22 4
0 2 7
14 18 9
0 5 6
23 1 3
8 12 7
12 14 5
7 11 5
10 15 4
22 1 4
22 1 3
12 16 8
10 14 7
16 19 6
6 7 9
19 23 8
13 17 2
18 20 2
2 5 3
1 5 4
16 20 3
17 22 3
1 2 4
20 22 1
0 2 8
18 21 1
20 0 8
11 14 3
7 10 9
10 12 3
13 17 5
18 21 6
1 4 7
4 8 2
16 18 5
14 17 4
22 2 7
21 0 8
7 8 1
20 1 8
22 1 3
4 9 7
11 15 9
4 7 6
4 7 2
1 4 9
19 23 8
1 3 4
13 17 7
12 16 4
18 23 8
3 6 3
9 12 8
5 9 8
21 0 7
14 16 2
7 11 8
15 20 2
10 13 5
3 5 9
20 23 5
18 21 7
11 14 8
19 22 3
20 23 6
21 0 7
1 4 2
16 19 8
6 9 4
21 23 9
14 17 2
6 7 7
15 19 6
23 2 2
6 8 4
10 14 3
0 2 3
16 19 4
3 6 5
19 0 6
14 16 5
9 12 8
2 5 2
9 11 9
21 0 5
11 16 8
13 15 4
7 9 7
9 11 9
13 18 9
12 15 4
11 15 9
13 16 7
16 19 7
5 7 7
13 16 3
6 8 3
1 5 9
7 10 6
15 19 6
0 4 7
5 8 3
11 14 8
3 7 9
17 20 1
4 8 8
12 15 4
19 22 2
7 11 6
6 7 7
11 12 6
9 12 2
20 23 2
6 9 7
14 19 4
10 12 1
2 5 5
6 10 2
11 14 4
15 19 7
23 1 6
2 6 8
4 9 7
13 16 1
18 22 8
1 4 4
18 21 5
23 2 9
6 8 8
8 9 8
14 18 9
8 10 4
18 22 2
17 20 5
3 6 1
11 15 8
14 16 8
8 12 3
22 1 2
0 3 4
11 15 7
11 14 3
20 0 6
2 4 6
4 5 3
11 14 6
22 1 4
19 21 3
9 13 4
7 11 2
23 2 1
8 12 3
16 19 8
10 11 4
4 7 3
0 4 3
15 18 9
10 13 2
3 6 1
4 6 3
18 21 7
13 18 5
20 22 1
11 13 1
7 11 5
4 7 6
9 13 9
22 0 7
22 0 9
20 23 4
8 12 1
13 16 1
10 11 2
10 15 8
18 20 2
