700 19
4 2 8 8 3 4 4 1 6 1 8 4 5 10 2 7 7 1 6 
19 23 9
20 22 17
14 16 11
7 11 14
7 9 19
8 12 16
21 0 8
23 2 3
17 22 13
12 15 2
17 19 17
9 15 18
12 16 11
3 6 12
4 9 3
23 4 7
8 11 6
16 18 12
3 6 4
9 10 2
15 17 12
22 1 9
10 12 6
10 14 18
1 4 9
10 12 13
10 13 13
3 4 17
21 0 17
0 5 9
18 21 12
9 12 13
22 1 10
11 15 14
20 0 3
18 20 19
17 21 1
3 7 4
9 12 14
13 17 7
13 17 2
4 6 7
5 7 15
5 10 4
5 9 6
23 2 10
23 0 8
6 9 3
20 1 1
13 14 19
18 21 16
22 1 2
21 23 7
19 22 7
3 5 3
12 15 12
21 1 13
17 20 5
1 3 18
4 8 17
23 1 10
13 15 8
12 15 6
4 8 5
15 18 13
19 23 15
13 17 17
13 16 18
13 16 7
16 19 5
22 1 6
19 21 6
1 5 14
13 16 1
2 3 12
22 1 18
14 16 1
9 14 9
9 12 16
8 12 8
0 5 18
21 1 7
14 18 1
21 1 8
9 11 17
0 4 18
15 18 9
23 1 1
23 4 15
5 8 10
21 23 5
7 10 18
3 5 5
7 10 11
2 6 17
21 23 8
11 14 19
20 23 7
1 6 13
0 4 13
1 3 16
2 6 2
21 0 10
23 2 12
0 3 9
4 7 16
21 23 2
15 17 6
5 7 9
10 12 15
3 6 17
12 15 7
14 17 4
20 22 2
6 8 9
8 12 4
19 0 2
5 6 6
18 23 19
22 0 10
8 11 11
14 18 6
23 2 12
17 22 2
22 2 19
23 3 16
3 9 10
21 0 11
22 1 18
8 11 11
2 5 1
18 21 14
12 15 19
12 14 4
4 7 15
8 12 1
14 17 8
15 16 8
15 17 17
5 7 8
21 22 17
10 15 3
18 19 15
19 0 9
2 6 18
13 17 5
16 19 16
10 13 13
13 14 11
4 6 16
16 19 18
19 0 18
2 6 17
17 19 11
17 18 1
8 12 5
21 23 18
19 22 3
11 15 7
19 20 7
20 22 1
19 22 12
21 0 3
1 4 5
7 9 1
16 19 5
13 16 4
19 23 10
14 16 6
10 13 17
8 12 4
1 2 13
12 15 15
21 22 10
20 22 10
7 10 2
23 3 7
14 18 12
2 4 11
14 18 1
8 12 1
13 16 8
12 17 9
10 12 4
9 12 9
8 12 19
1 3 15
13 16 19
15 17 6
12 16 1
19 22 12
10 12 1
19 23 4
15 19 9
15 17 6
1 4 9
19 1 18
9 11 13
19 21 5
20 23 1
13 17 4
3 6 13
5 8 8
15 17 11
16 20 8
18 21 19
3 6 16
11 14 9
23 0 15
4 8 11
19 22 4
11 15 10
6 8 8
1 3 18
14 18 7
11 16 19
17 20 12
3 6 1
22 1 1
15 16 19
4 7 13
22 3 19
23 3 14
10 11 5
12 15 3
21 22 18
0 3 16
9 13 11
17 21 9
23 2 10
13 16 11
10 13 6
18 21 9
20 0 4
10 12 2
8 9 18
23 3 13
23 1 2
4 7 14
10 13 10
14 18 12
6 8 10
6 6 14
16 20 5
15 17 3
22 1 6
18 18 5
2 6 6
21 2 9
3 6 18
9 15 19
21 23 4
19 0 1
7 9 17
14 17 5
2 6 7
7 8 15
9 14 15
23 2 1
5 7 2
11 12 4
7 10 16
15 17 11
18 21 10
5 7 7
2 4 6
22 3 19
7 11 4
17 20 4
6 9 10
5 8 2
4 9 1
15 19 16
17 20 10
16 19 18
12 16 6
15 19 12
13 15 14
12 14 11
13 16 2
9 12 19
23 1 18
20 0 11
1 3 1
18 21 17
14 16 16
7 8 19
4 8 6
4 6 14
7 11 6
12 14 2
23 4 18
7 10 16
4 6 8
19 21 4
14 18 14
12 16 15
15 19 11
5 7 3
22 0 2
7 9 15
17 21 13
17 20 6
8 11 15
5 10 13
6 10 4
22 1 2
15 19 16
1 2 18
12 14 10
6 7 13
2 6 11
13 17 2
7 10 5
19 23 16
4 8 7
21 0 9
16 19 11
2 5 1
16 19 7
19 21 9
18 22 9
20 22 14
11 14 16
20 21 2
11 16 11
13 16 15
12 15 12
10 13 12
14 17 12
3 6 14
14 16 8
1 4 9
16 20 6
12 15 2
14 18 14
8 11 3
10 13 11
23 4 8
9 13 11
13 17 18
21 2 19
1 3 8
4 8 7
19 21 5
17 20 8
14 19 14
15 17 9
18 21 14
12 15 14
0 4 4
14 18 10
16 19 6
2 5 19
10 13 10
14 17 16
22 2 2
21 0 10
1 3 13
22 0 5
19 22 16
12 14 3
12 15 18
10 11 7
21 23 1
19 0 15
3 7 16
6 11 17
16 20 13
11 14 19
21 23 16
5 9 10
22 1 9
10 12 9
13 16 9
8 10 6
11 14 4
13 16 18
10 13 15
20 23 10
7 9 17
16 18 12
9 13 19
9 12 13
10 14 13
13 16 10
12 15 14
0 4 6
4 7 6
4 8 1
19 22 18
21 0 18
16 19 8
14 16 19
9 12 11
4 6 11
0 3 8
2 5 18
4 8 1
8 10 11
16 18 19
0 3 8
22 1 13
15 18 1
6 9 10
19 21 11
11 14 8
20 23 3
16 17 6
20 0 5
14 16 8
19 21 1
5 8 9
13 17 10
16 19 5
23 1 12
5 9 9
22 2 10
9 12 6
2 4 6
6 8 6
20 1 8
9 14 7
20 23 19
8 9 6
5 7 2
7 9 11
19 23 16
21 2 2
6 8 12
5 8 10
15 18 9
5 8 9
7 9 9
16 19 3
20 0 10
20 0 12
8 12 18
0 3 14
10 13 19
12 15 13
12 16 16
4 6 14
9 12 7
3 7 4
6 9 7
11 14 9
2 6 17
20 1 14
23 1 6
0 3 9
22 1 15
1 5 1
22 1 5
2 3 11
15 18 8
7 10 8
18 22 1
4 7 16
15 19 14
10 13 16
6 8 16
23 2 6
13 17 2
8 12 7
21 0 19
22 0 10
0 2 8
10 14 8
6 8 4
19 19 9
5 9 1
7 11 10
9 11 11
6 10 13
2 8 5
8 10 7
20 22 5
17 20 14
15 18 6
11 15 19
21 1 17
12 16 7
4 7 19
0 5 16
23 3 9
7 11 19
2 5 18
15 18 16
17 21 13
22 1 18
5 8 2
18 21 10
3 7 15
17 18 4
22 0 8
19 20 9
3 5 8
14 16 17
19 23 16
19 22 11
4 7 12
7 10 3
18 22 11
21 23 1
2 6 14
2 4 3
6 9 17
16 18 3
2 5 19
17 19 13
17 22 19
3 6 16
8 10 16
15 19 2
9 12 12
21 23 7
1 4 18
23 3 12
7 10 13
21 2 3
21 23 16
22 1 18
5 8 11
7 9 18
20 22 1
18 20 14
3 7 8
19 22 11
15 18 10
2 5 2
4 8 5
23 1 5
3 6 3
13 16 5
17 19 10
4 8 17
6 9 7
23 3 9
3 5 9
1 4 10
20 22 7
10 13 16
19 23 6
13 16 18
13 15 3
5 8 12
2 5 13
5 7 2
1 5 1
11 13 3
1 4 15
2 3 19
15 18 3
14 18 5
1 4 5
18 22 19
17 21 11
9 11 14
0 3 4
16 19 2
23 2 15
3 6 19
5 7 15
6 11 12
23 3 8
3 6 13
20 23 5
10 11 9
3 6 2
15 17 18
1 4 16
17 19 14
13 18 5
6 11 4
21 1 5
10 13 19
15 19 8
4 6 8
10 12 6
15 19 10
3 6 13
6 8 12
19 21 1
15 20 5
23 2 8
0 3 17
7 9 4
1 4 8
7 9 14
14 15 8
22 0 12
19 23 9
2 5 8
9 13 3
0 4 5
8 11 18
5 8 1
23 0 3
13 18 5
2 4 5
7 12 5
16 20 11
0 3 7
9 12 16
17 19 8
18 20 3
7 8 13
7 10 7
7 10 3
1 5 9
11 14 17
20 22 12
4 5 5
7 9 3
14 17 16
17 18 4
19 23 13
10 13 15
0 3 11
8 12 15
2 4 18
1 4 1
7 9 17
21 0 9
19 23 3
10 10 7
18 20 13
0 3 17
14 18 17
10 12 4
1 4 6
20 21 6
22 0 2
6 8 18
5 8 12
1 4 13
14 15 1
0 3 10
14 17 14
12 16 4
16 19 7
19 22 3
19 22 7
20 1 14
9 11 18
7 11 8
0 4 7
6 8 17
16 20 14
11 14 13
15 16 18
19 23 14
15 17 4
12 16 17
16 19 9
8 11 18
23 2 18
18 22 14
12 15 5
5 7 11
20 0 8
6 9 10
22 2 17
23 1 9
11 13 3
4 7 9
4 6 19
7 11 17
13 16 4
16 19 5
16 19 1
18 23 9
14 15 10
10 14 1
12 16 17
13 16 6
2 6 17
8 12 9
5 8 13
22 2 18
3 6 12
13 15 1
17 20 8
13 15 2
21 1 18
17 20 13
23 2 11
12 14 18
12 14 7
19 23 16
2 5 10
10 13 9
18 22 11
19 22 11
10 13 16
11 14 14
14 17 10
8 10 9
6 10 3
