1500 11
1 9 6 2 1 6 3 9 10 5 6 
22 0 8
15 17 10
15 19 5
10 13 5
15 17 9
2 4 3
14 16 2
17 21 10
14 18 2
23 0 9
17 20 11
14 17 11
22 1 5
17 19 4
14 16 10
4 8 11
22 2 3
22 1 10
0 4 3
2 4 11
12 16 2
6 10 9
9 14 6
12 14 2
21 23 1
18 22 7
22 0 9
4 7 2
15 20 4
18 21 6
6 10 2
20 22 11
20 23 5
17 20 9
13 15 8
20 22 11
2 6 11
16 18 6
16 20 1
3 6 7
19 23 11
19 19 7
19 22 2
18 23 9
18 0 6
13 16 1
4 7 11
0 2 4
13 18 8
5 10 7
21 1 5
18 23 2
7 10 1
19 21 7
22 1 3
21 23 9
13 16 9
17 19 8
0 1 3
10 13 8
3 5 10
9 12 11
8 11 4
10 14 5
16 20 2
18 22 10
20 23 3
23 3 9
0 2 11
8 11 4
5 9 8
3 8 1
22 1 5
23 0 7
20 23 3
14 14 4
11 14 5
17 20 4
1 4 4
18 21 7
8 10 5
19 23 4
14 17 4
1 5 5
18 22 8
0 2 3
13 16 5
20 23 1
23 2 8
5 8 2
7 10 3
11 15 7
4 7 3
9 12 6
4 7 5
16 19 5
13 18 11
10 12 3
17 19 1
7 10 10
10 15 7
11 15 3
14 17 5
19 21 8
20 22 2
3 6 11
12 15 9
21 1 1
10 13 5
3 7 11
0 5 7
6 10 5
4 8 10
21 23 4
11 13 8
10 14 1
1 4 4
13 16 1
16 18 7
20 23 7
15 19 8
17 20 10
11 14 2
21 0 11
0 3 2
4 8 1
0 4 5
4 8 8
15 17 11
4 8 10
18 21 5
8 10 1
9 12 11
12 15 10
19 23 3
12 14 11
0 3 10
2 6 3
0 4 4
16 20 10
19 22 7
20 23 3
20 1 4
4 6 9
12 16 11
13 16 5
15 18 11
5 6 9
4 6 6
5 7 5
14 17 7
6 9 7
2 6 8
14 17 8
16 17 5
8 12 1
16 17 10
23 1 10
12 15 3
8 11 3
22 2 7
21 0 4
20 21 6
6 9 10
18 21 6
19 21 2
19 22 7
21 0 4
16 19 4
23 2 6
5 9 1
6 9 10
5 8 11
16 19 2
10 14 8
2 5 11
10 14 1
6 9 2
19 22 4
8 12 3
0 4 6
15 19 1
9 11 1
10 13 4
15 19 6
13 13 4
2 5 5
18 22 4
23 0 3
19 0 4
16 19 7
9 13 3
7 11 11
0 5 5
21 0 9
8 11 7
1 5 5
1 3 5
5 7 1
16 19 9
21 0 7
8 10 7
21 1 1
20 22 6
10 12 5
12 14 10
19 22 3
8 10 5
1 4 4
11 14 7
20 23 5
9 12 4
8 12 2
17 20 11
9 15 3
17 19 9
1 4 6
9 11 8
8 10 3
10 13 11
0 3 2
15 18 11
8 12 3
13 18 11
7 12 8
21 1 8
13 15 4
17 21 1
5 7 2
3 6 11
11 14 6
17 20 11
22 0 9
7 10 11
0 5 1
8 10 6
7 10 1
23 2 5
21 1 7
17 20 7
15 18 7
15 17 5
16 20 1
15 16 8
4 7 8
10 13 4
19 23 10
11 15 3
18 22 7
4 9 11
11 14 3
20 23 8
0 2 8
14 16 7
22 22 10
6 8 7
5 8 6
3 6 11
19 21 4
1 5 1
16 18 7
11 14 11
3 5 2
10 11 4
13 17 11
9 10 1
10 13 1
21 0 1
0 2 6
9 13 8
12 16 5
3 5 9
15 18 9
20 23 5
9 11 8
13 17 2
23 2 1
22 1 7
22 1 1
19 22 9
12 15 4
11 13 2
4 6 7
4 8 7
5 10 5
3 6 2
14 16 7
14 16 7
12 15 8
1 3 8
18 22 11
17 19 2
12 16 8
20 22 8
19 20 8
7 8 4
5 8 6
9 12 9
0 5 8
12 15 3
16 19 3
7 10 7
9 13 3
8 12 11
3 6 2
7 11 6
21 2 1
18 23 7
10 12 6
15 19 1
16 19 11
22 1 2
6 9 4
15 18 9
11 15 5
8 11 8
14 18 6
3 6 4
7 10 9
9 14 7
17 20 4
15 18 4
18 22 8
0 3 10
2 7 4
13 15 7
20 22 9
17 21 5
0 3 1
11 14 2
19 21 7
0 1 11
12 15 3
16 19 6
3 6 10
9 11 1
23 3 9
6 12 2
14 18 1
2 5 5
12 14 6
7 8 4
14 18 11
7 9 11
10 13 1
5 7 1
17 20 2
7 9 2
10 13 1
23 1 7
3 5 11
4 6 8
16 19 10
22 2 3
19 22 6
23 2 5
9 11 9
6 10 6
6 9 5
15 18 3
3 6 8
18 20 10
22 1 11
19 21 4
20 23 8
17 22 4
17 21 10
11 13 10
0 2 2
23 2 1
18 21 8
21 23 6
4 7 4
17 20 5
20 21 3
23 2 6
4 6 6
20 23 2
4 8 4
10 16 11
19 22 7
5 7 5
21 0 9
22 2 2
15 17 6
3 5 2
21 1 2
15 18 2
10 13 10
6 7 3
4 6 1
13 17 4
18 23 10
9 14 7
20 1 5
5 7 4
13 16 7
5 7 4
21 0 4
22 1 3
22 0 10
4 6 5
2 4 2
5 11 10
2 6 5
1 3 3
22 2 7
14 17 11
4 8 2
22 2 11
3 7 10
18 21 11
6 8 4
21 1 8
3 6 5
23 1 5
20 23 9
22 1 10
14 18 10
16 20 7
20 23 1
13 16 11
19 21 7
1 3 6
1 3 2
14 18 8
17 20 3
10 12 5
12 14 6
4 5 7
23 0 4
5 8 9
7 10 4
12 17 7
13 17 7
20 22 1
2 4 2
16 19 9
19 22 7
5 8 4
1 5 9
14 17 2
3 8 5
19 21 4
12 15 10
6 10 4
6 9 2
4 7 4
1 4 9
19 21 8
11 14 6
13 15 9
5 8 7
6 11 5
20 23 2
18 20 3
4 8 5
5 9 3
0 3 11
12 16 10
19 22 7
21 0 5
14 16 4
9 11 5
11 15 3
12 14 2
4 7 11
5 8 1
10 13 1
12 16 7
13 15 4
12 14 9
14 17 6
14 18 2
9 12 3
12 17 7
11 14 7
21 0 11
17 20 8
22 2 2
3 7 2
22 22 2
1 3 4
0 3 3
22 0 6
3 5 1
3 8 10
5 9 8
8 10 9
14 15 10
2 4 11
22 2 1
5 8 11
14 19 10
9 13 5
17 19 5
4 8 11
9 13 1
7 10 8
11 12 5
12 16 2
14 17 8
12 15 5
7 9 10
21 23 5
2 6 11
4 7 5
16 19 7
0 3 7
21 23 2
18 21 11
0 3 10
16 19 11
9 12 2
18 21 9
22 1 10
7 11 4
11 14 1
4 7 5
7 8 3
13 17 3
22 1 7
2 4 6
11 12 10
16 19 6
12 14 4
22 1 9
16 20 5
20 23 4
15 18 6
8 10 6
21 1 1
11 15 6
23 3 10
18 21 7
8 14 4
19 21 4
12 14 10
23 2 7
13 14 8
6 10 8
16 20 7
10 13 8
12 16 5
15 17 2
14 15 6
16 18 6
0 2 3
5 9 11
0 5 1
14 18 1
8 12 1
13 15 5
20 22 1
22 0 6
16 21 8
1 2 6
17 20 8
23 1 3
12 14 10
12 16 2
5 7 5
0 2 2
0 2 6
3 7 10
15 18 10
10 14 3
4 6 1
3 7 6
15 17 6
0 2 9
17 20 5
11 14 3
1 4 5
7 9 9
0 3 6
16 19 1
10 13 2
22 1 7
22 1 3
17 20 9
8 12 11
11 13 4
4 7 10
5 9 9
13 15 8
19 21 6
2 6 4
3 6 9
14 18 1
3 6 8
18 21 8
21 23 2
16 18 6
7 11 8
14 15 9
6 9 10
23 1 3
20 22 9
8 12 4
6 9 10
13 15 1
6 7 9
13 16 5
5 7 6
5 9 1
6 8 4
5 7 6
15 19 11
5 9 6
16 20 5
17 20 6
12 15 5
4 7 4
23 5 7
12 15 2
8 11 2
5 9 1
17 19 5
1 5 2
23 2 11
15 20 7
15 20 1
9 10 11
11 13 8
15 19 1
23 23 7
18 20 10
23 4 3
3 7 9
13 17 1
8 9 8
17 20 4
10 12 11
18 21 5
0 4 3
19 22 10
4 7 3
1 4 11
11 13 6
21 1 7
1 3 8
19 23 1
19 22 10
22 1 8
19 22 7
9 13 5
3 7 11
14 19 4
14 16 9
20 22 1
8 11 7
23 2 3
6 9 2
14 15 2
8 11 4
19 22 6
19 23 11
8 11 9
15 21 6
10 15 10
5 8 7
11 15 1
14 17 6
14 18 2
4 7 11
1 4 4
6 8 9
3 7 1
11 13 11
21 1 8
12 13 3
16 21 8
2 5 2
20 22 1
10 13 7
22 1 1
23 3 5
20 0 1
7 11 8
2 5 7
13 17 7
22 1 9
20 23 7
2 5 8
4 7 10
18 20 2
11 14 3
21 0 4
4 9 11
12 14 2
14 18 7
20 22 1
11 14 1
17 23 4
14 18 4
8 11 5
15 19 1
20 0 9
6 7 8
17 20 4
10 14 5
3 6 1
20 1 6
9 14 7
21 1 11
11 14 5
22 22 4
0 3 5
3 7 8
7 9 7
3 8 10
7 10 11
14 18 8
4 7 6
0 2 9
17 20 2
18 20 4
3 6 1
4 7 7
3 6 1
0 4 1
13 15 4
16 17 9
10 12 2
1 5 6
6 8 2
10 14 1
22 2 2
0 3 7
22 0 6
11 13 4
7 10 7
17 21 2
19 21 7
17 20 1
9 12 4
17 20 4
9 11 5
0 2 9
9 12 9
8 11 5
16 19 8
18 21 11
20 23 2
21 0 9
2 6 10
16 18 3
9 12 10
4 9 2
21 0 7
4 5 6
20 23 6
19 23 6
21 1 11
21 1 1
19 0 2
22 3 5
8 10 2
18 23 6
2 5 5
16 20 4
3 5 5
16 19 11
23 2 5
23 1 3
11 15 4
6 10 8
21 23 5
6 9 11
1 4 1
22 1 5
6 7 10
14 18 4
8 11 10
19 21 9
2 5 7
0 5 4
6 10 10
20 1 4
14 17 9
0 3 6
10 13 9
9 13 7
21 22 8
23 2 2
16 19 8
13 16 9
10 11 10
13 17 4
2 6 4
0 3 1
18 21 4
1 6 5
8 12 2
0 4 8
14 19 6
10 15 1
22 1 1
0 5 4
4 6 1
17 22 5
4 6 5
14 17 7
6 10 9
11 15 3
5 9 9
4 6 9
0 3 8
11 12 3
4 7 2
11 15 11
18 22 10
23 2 10
3 6 3
22 0 4
22 1 4
6 9 8
23 1 1
17 19 2
14 16 11
19 20 11
3 6 6
18 20 8
10 12 5
14 18 9
9 11 11
9 12 6
15 18 1
13 18 4
6 7 3
12 16 3
16 19 2
23 3 2
2 6 3
1 5 9
3 6 9
9 12 6
14 17 3
19 23 4
19 22 3
4 7 9
23 1 9
9 10 5
6 9 1
15 19 7
21 23 2
14 16 11
16 18 3
8 11 6
8 10 5
2 5 4
20 23 6
21 0 5
7 9 11
3 8 11
6 10 4
5 8 8
18 19 8
20 23 10
1 4 1
0 4 10
4 6 5
2 5 11
12 15 7
16 20 1
17 20 2
0 3 11
11 15 6
17 20 2
5 9 1
7 9 5
16 19 1
13 15 5
9 13 2
20 23 11
10 11 7
16 20 8
11 14 3
9 11 4
20 22 4
2 4 1
9 10 8
1 3 10
10 13 4
18 21 1
8 9 9
14 16 5
7 9 8
19 0 11
19 22 9
18 21 4
13 17 6
6 9 9
7 12 3
4 8 10
3 7 2
0 3 7
19 22 10
1 5 3
13 15 4
4 6 5
8 11 8
16 18 7
20 22 5
7 11 1
17 19 6
22 3 4
6 10 7
13 15 7
3 7 3
19 21 11
20 23 6
21 2 8
0 3 2
18 21 11
7 9 1
0 3 8
20 22 3
7 9 6
1 4 4
17 21 4
12 13 2
0 3 5
17 20 5
4 5 2
22 1 4
19 22 5
12 15 11
10 14 10
18 20 4
4 7 1
3 5 3
12 15 10
17 19 8
11 14 2
7 11 6
12 17 8
15 18 11
20 23 5
10 14 4
12 16 7
6 10 5
19 21 5
1 4 1
9 11 3
16 21 10
10 14 11
21 23 9
0 4 3
15 17 11
20 0 5
8 10 5
17 20 8
11 14 2
10 15 10
9 11 7
0 5 7
12 16 11
8 11 6
0 3 9
4 7 9
20 23 5
13 16 9
12 15 4
12 16 4
2 3 3
6 8 1
10 14 3
4 7 7
8 10 8
13 15 2
2 3 6
2 5 1
17 18 9
15 17 9
20 0 3
20 1 2
13 17 3
1 5 9
23 3 5
15 18 5
0 2 9
12 16 4
10 13 11
9 10 7
18 21 5
0 3 3
1 5 3
8 11 10
18 22 11
17 19 2
20 22 10
11 14 10
3 6 3
20 0 5
15 17 5
2 6 7
5 8 3
4 8 4
7 9 1
23 4 3
11 14 7
8 11 2
4 7 5
8 9 7
16 18 3
5 7 3
12 14 5
15 19 11
23 1 7
5 9 11
17 20 2
14 19 4
22 0 9
19 21 6
8 11 7
17 20 9
16 18 5
11 13 6
6 9 3
11 14 7
12 15 6
15 17 6
16 20 9
11 16 4
19 1 7
19 20 11
7 10 9
16 19 5
3 6 4
12 16 3
6 9 5
5 10 11
19 22 9
22 0 1
21 0 7
10 14 9
4 9 10
9 12 11
18 22 4
5 6 2
23 2 7
23 2 8
11 14 8
0 4 4
1 2 3
18 22 6
0 2 1
7 11 2
22 2 3
7 9 1
7 11 8
18 23 8
21 0 4
4 7 9
21 0 3
14 16 7
8 12 5
21 0 8
11 13 1
18 21 1
18 20 9
6 10 1
7 12 9
0 3 5
16 20 7
1 4 11
21 23 9
14 16 1
19 22 10
19 21 9
10 12 9
23 3 10
13 16 8
3 6 4
17 20 5
20 0 4
6 8 7
8 10 11
8 11 9
3 6 8
20 23 11
3 6 11
6 9 3
7 11 9
7 8 5
21 1 3
13 17 10
18 20 11
20 23 10
21 23 3
14 18 11
9 12 7
18 22 2
1 4 11
4 7 6
21 0 2
15 18 5
14 16 4
0 3 3
18 20 1
17 22 4
23 1 7
3 6 2
14 14 10
6 8 3
5 9 3
15 18 10
20 0 8
9 12 9
11 14 8
8 13 8
10 13 10
14 16 1
12 15 11
14 18 5
14 17 2
14 19 1
18 20 4
9 12 11
18 20 3
10 14 6
17 20 3
16 19 10
8 13 5
18 20 1
17 19 3
15 17 10
10 12 4
18 22 7
20 23 2
19 21 7
8 12 6
19 20 6
13 16 1
0 4 11
20 22 7
22 1 8
8 11 10
15 18 5
8 9 10
6 10 8
12 15 1
12 16 1
3 5 5
4 5 8
1 4 1
19 22 9
1 3 6
7 9 5
13 15 11
22 0 4
16 19 5
23 1 9
5 7 6
19 23 4
17 20 8
13 16 7
3 6 11
8 10 11
21 22 3
23 0 1
0 1 10
1 4 7
12 15 2
5 9 2
22 1 8
6 10 4
21 23 11
1 5 1
14 16 3
14 17 6
10 15 9
19 22 4
2 5 5
21 0 1
13 17 10
8 11 2
0 3 2
1 4 1
20 22 4
12 15 2
3 5 1
5 8 8
10 13 4
8 12 10
21 1 11
18 21 11
14 15 8
0 4 10
19 0 7
17 21 8
4 7 8
8 10 7
17 21 10
8 11 9
7 9 8
12 16 11
4 5 2
7 11 7
21 0 1
23 2 8
18 19 4
17 20 6
18 21 1
6 9 9
13 17 4
0 3 11
16 19 6
20 23 1
22 2 7
11 15 11
22 0 8
6 9 11
5 6 10
16 19 5
3 7 2
9 10 3
23 3 9
19 22 4
5 7 6
19 21 2
7 10 6
3 6 10
4 7 1
17 20 1
10 12 8
6 8 10
20 23 10
18 20 3
8 11 3
12 15 8
22 1 5
19 21 6
21 21 4
11 14 2
0 2 10
20 22 9
3 6 6
0 2 7
8 11 1
16 20 7
18 20 4
8 11 9
15 18 1
15 18 7
23 1 3
9 12 11
6 9 8
22 0 5
0 4 6
15 17 10
23 2 4
7 10 5
7 10 5
4 7 3
16 19 4
5 7 5
19 22 10
18 22 8
18 22 10
23 2 8
2 4 9
12 15 10
22 2 11
11 14 4
6 8 5
13 14 3
2 5 6
14 16 8
2 6 4
12 14 2
23 2 3
10 13 11
12 15 4
17 19 6
12 16 7
22 2 3
11 13 5
19 22 4
11 14 3
5 8 2
4 7 8
12 16 11
10 14 6
17 20 8
1 4 1
16 19 4
19 2 9
0 2 3
14 18 9
7 12 5
11 16 6
1 3 10
15 17 4
17 19 11
19 21 1
19 22 8
13 16 11
18 21 4
3 6 5
20 22 6
0 4 9
11 15 8
12 17 8
5 8 11
12 16 2
6 10 9
8 11 4
19 22 5
9 13 5
20 23 3
7 11 11
20 23 6
12 15 11
16 19 6
15 18 1
22 1 9
1 2 6
1 4 2
10 14 2
15 18 6
19 22 3
3 6 4
21 1 6
7 10 6
7 8 4
20 0 6
11 14 5
4 6 7
11 14 8
2 4 8
21 1 3
11 15 6
18 21 10
18 23 9
8 11 5
10 13 1
13 16 3
23 2 3
15 20 5
15 16 3
13 15 6
19 22 5
23 3 11
9 13 2
12 16 2
1 3 10
11 15 7
12 14 9
17 21 4
21 23 8
12 15 7
10 13 7
20 0 8
10 13 1
11 14 10
22 1 9
18 22 11
5 9 5
17 20 11
9 12 3
5 9 3
23 0 9
6 8 5
16 18 5
13 15 4
12 15 8
11 13 6
11 14 3
20 0 8
3 6 10
22 0 1
10 14 2
6 8 1
15 18 1
10 14 8
14 17 3
12 15 8
9 11 11
7 9 11
18 21 5
9 11 3
16 19 1
6 8 3
22 23 10
6 9 2
4 6 7
21 0 2
1 4 1
9 11 10
18 20 9
9 12 10
15 19 3
16 20 7
2 5 4
7 10 6
4 7 4
11 14 2
1 2 11
8 10 7
6 10 5
11 17 8
23 2 11
11 14 7
1 4 6
14 16 7
21 2 1
13 17 2
13 15 4
19 23 6
15 20 5
13 17 10
18 23 5
1 4 11
0 1 11
0 1 8
5 10 10
13 16 6
3 6 3
5 8 5
13 15 1
20 22 7
11 14 9
21 22 3
4 6 5
20 22 1
1 4 11
3 6 10
23 0 11
15 18 3
21 0 2
4 9 10
21 2 7
21 0 8
13 16 3
22 1 9
16 18 3
23 3 8
12 14 9
10 12 2
1 6 1
1 4 9
9 12 8
2 4 3
14 18 10
17 20 2
12 15 9
20 23 3
15 19 8
8 11 8
5 8 9
12 15 9
22 1 6
1 4 11
19 22 10
18 21 4
12 15 4
19 22 8
9 11 9
1 5 8
14 16 4
15 19 5
0 3 11
10 14 4
12 15 1
7 11 2
6 11 1
4 8 4
12 15 11
2 5 9
5 7 11
17 19 6
17 20 1
13 15 1
10 13 6
4 7 2
21 23 8
23 1 6
2 4 3
2 3 10
18 22 10
9 12 8
2 5 5
5 8 7
12 16 9
8 11 4
5 9 1
3 5 8
4 7 6
17 22 1
5 8 7
16 21 2
19 21 5
12 16 1
16 19 7
4 8 1
10 13 6
4 7 6
