850 17
2 6 2 3 3 2 5 9 6 4 3 3 9 8 9 7 6 
0 1 7
13 16 11
20 0 12
5 9 6
4 6 2
6 9 4
15 18 10
14 18 6
8 12 6
16 17 17
20 0 8
15 17 7
12 16 17
15 16 5
4 7 13
11 15 10
14 18 7
9 11 13
10 14 17
9 13 2
17 20 7
23 3 10
21 1 17
4 6 8
13 15 12
17 20 12
21 0 2
13 19 8
12 14 7
9 15 8
12 14 16
22 0 11
23 1 16
0 3 5
1 3 11
9 13 13
17 21 5
11 15 13
23 3 4
4 6 16
20 0 16
16 20 11
1 4 16
10 13 3
10 14 10
18 19 11
2 6 16
21 23 13
12 15 16
20 22 16
4 9 1
11 14 4
18 20 2
20 22 12
18 21 12
8 12 9
23 3 15
7 10 15
13 17 5
17 20 11
12 15 10
11 14 1
6 10 9
9 12 10
20 23 5
22 2 13
17 19 7
13 18 6
18 21 9
21 0 14
4 6 1
7 9 15
13 16 8
14 18 12
17 20 16
6 9 8
17 19 8
13 16 9
2 4 13
23 2 17
3 7 16
14 17 1
3 7 7
12 14 9
16 19 6
23 3 17
20 22 8
21 23 11
13 16 9
14 17 16
4 9 14
2 6 6
10 12 6
9 12 10
8 12 6
8 10 15
21 1 8
6 8 2
0 3 5
21 1 15
5 9 10
0 3 4
7 10 8
12 14 3
19 21 2
22 1 4
2 6 5
18 22 15
13 18 5
8 11 13
16 19 11
8 12 3
17 19 15
22 2 1
23 1 13
19 21 12
12 16 16
16 20 7
23 2 12
10 14 12
13 15 1
7 9 4
10 12 7
19 23 2
20 0 10
1 3 9
22 2 16
13 16 10
11 14 16
10 11 16
13 16 10
13 14 6
9 13 7
9 11 5
2 5 1
23 0 15
18 19 9
11 13 10
14 16 2
14 16 1
21 0 9
14 18 6
6 10 14
2 5 2
3 7 9
8 10 6
11 14 4
5 8 12
17 20 5
11 15 12
3 8 8
21 1 9
22 23 15
2 4 5
16 17 8
18 21 7
0 4 15
22 1 5
14 18 7
14 16 14
22 0 3
15 18 9
19 20 12
11 13 14
5 10 9
2 6 1
14 18 6
12 16 15
4 8 7
13 17 16
2 6 17
16 19 5
20 22 17
20 0 2
8 12 16
20 23 15
13 15 16
21 22 6
17 20 4
23 1 1
17 20 9
13 16 6
6 9 9
0 3 1
19 22 3
10 13 3
11 14 1
10 14 17
5 9 2
17 22 4
19 23 13
1 3 2
3 7 12
21 23 2
8 10 9
20 1 16
20 22 7
13 16 17
22 1 17
17 19 7
6 8 14
1 4 5
19 22 11
1 3 11
11 14 1
6 8 15
4 5 17
21 22 8
21 0 14
13 16 3
1 4 11
17 18 8
9 10 3
20 22 2
23 3 6
17 19 4
8 11 5
16 18 7
9 13 3
3 6 6
15 17 12
0 5 8
7 12 9
18 21 1
7 11 12
13 16 2
20 23 7
5 8 6
19 22 4
13 15 16
9 11 13
10 12 13
9 14 5
6 8 13
10 13 5
20 0 12
1 5 15
16 19 15
10 14 3
11 15 5
12 14 5
10 13 2
18 22 12
9 13 11
10 13 13
20 23 16
10 14 1
8 9 14
19 22 1
12 14 2
1 5 7
8 12 11
9 10 16
23 2 7
11 15 15
13 17 4
18 20 5
23 3 17
9 10 1
7 9 7
12 15 13
17 21 13
21 0 14
3 6 10
5 8 7
5 9 12
22 2 6
2 3 10
12 15 9
7 7 9
0 5 10
7 11 10
20 0 13
7 9 5
11 16 8
5 7 8
5 9 4
22 23 11
1 3 1
5 7 13
5 8 12
2 6 7
17 20 13
8 11 7
22 0 13
8 11 1
17 19 13
6 9 10
20 1 7
19 20 12
13 16 11
7 10 4
20 23 6
13 16 16
8 10 8
9 12 14
11 14 8
10 12 10
13 17 10
16 19 3
18 20 5
4 7 12
14 16 6
17 23 13
16 20 3
12 15 2
10 14 6
5 7 17
10 14 13
9 12 17
2 5 17
23 2 11
23 0 5
12 15 14
3 5 10
16 19 16
18 23 14
16 18 15
15 17 1
23 2 12
7 9 16
17 20 1
22 2 10
14 16 13
23 2 11
10 13 12
21 23 8
2 6 16
7 11 12
9 10 8
12 15 7
13 15 17
1 3 4
21 23 17
19 23 5
9 12 3
11 13 6
9 11 7
9 13 2
4 6 1
19 22 4
7 9 12
15 19 13
17 18 2
6 10 14
14 16 1
22 0 8
20 23 13
16 20 12
11 15 17
20 23 2
6 7 2
8 13 2
17 22 13
16 19 2
19 0 5
15 17 3
0 3 5
1 5 15
23 1 13
16 19 13
16 20 16
7 10 13
21 0 17
20 23 13
4 8 9
12 16 7
22 0 16
8 11 11
15 18 12
6 9 3
0 2 14
9 12 1
16 19 14
18 20 10
6 10 15
6 9 17
21 1 16
11 13 4
13 14 14
1 4 16
13 13 9
5 9 12
4 8 12
21 1 10
13 17 15
7 10 5
0 3 15
2 5 14
22 1 10
2 5 9
5 8 16
17 20 15
3 4 17
9 12 13
16 17 9
13 16 5
0 3 4
15 17 12
13 15 16
1 3 13
15 15 16
12 15 8
13 15 6
5 8 8
7 10 14
7 10 7
21 1 15
19 22 16
17 19 3
21 23 6
2 5 1
12 15 9
8 10 15
7 11 2
12 14 2
17 20 16
15 18 14
18 21 1
0 4 5
5 9 17
13 16 10
22 0 8
9 11 17
6 9 7
9 13 1
21 23 6
17 20 10
16 18 9
12 14 5
3 5 16
7 9 13
12 16 3
11 14 12
0 3 9
13 16 13
9 12 2
16 20 2
4 6 14
17 22 15
22 1 1
5 8 4
3 6 12
20 0 13
8 12 13
12 14 9
22 1 12
14 18 3
18 21 15
0 2 10
9 11 13
15 16 3
16 20 3
6 8 11
1 7 16
11 13 6
5 9 16
22 2 13
23 0 15
23 0 17
5 7 14
8 10 3
15 18 1
1 5 8
7 9 6
6 9 3
10 11 1
9 13 13
7 12 4
5 8 12
22 2 12
1 5 11
16 18 1
0 3 2
11 16 14
2 5 8
9 10 3
17 18 12
14 18 6
10 13 15
14 19 13
6 8 15
10 13 11
9 12 7
13 16 16
17 20 4
9 11 11
19 21 10
13 17 9
13 17 3
2 5 2
8 10 13
0 3 17
6 11 10
13 15 8
13 17 11
0 5 15
0 4 3
6 10 10
23 2 10
22 0 16
10 13 16
13 15 9
0 2 15
19 21 13
7 10 16
19 21 5
4 8 11
11 14 11
5 10 15
8 10 12
21 0 6
13 15 4
22 2 15
1 4 13
20 23 15
15 16 17
14 17 1
11 15 8
20 0 7
6 9 14
18 22 16
0 4 2
10 12 17
18 22 14
10 10 8
1 7 3
1 4 4
22 1 13
2 6 11
10 12 1
14 17 3
13 16 8
8 9 16
20 0 4
5 6 7
3 6 4
9 13 11
12 16 4
3 7 5
21 23 13
1 3 13
6 10 6
6 9 9
15 18 13
5 7 11
18 21 8
17 22 13
11 14 16
16 18 8
15 19 3
23 1 16
16 18 16
8 11 3
23 3 3
6 9 10
11 15 7
11 14 12
9 11 12
8 10 9
5 8 8
13 16 9
20 23 10
11 13 6
20 23 11
8 11 14
14 16 5
20 23 10
10 14 12
13 17 10
7 10 7
4 8 8
16 18 14
20 23 7
4 7 17
8 12 15
12 14 7
0 3 7
22 0 16
2 5 3
1 3 10
1 6 4
22 2 1
6 9 13
19 22 6
22 1 1
20 0 6
15 18 14
13 16 17
0 4 6
9 11 1
8 10 4
21 1 6
4 9 7
3 6 17
22 1 10
17 19 15
16 19 13
2 6 17
0 2 9
11 15 6
15 19 5
19 22 10
21 23 3
7 11 9
3 7 14
8 11 3
9 11 3
3 5 5
3 7 4
2 5 2
4 7 7
2 5 2
5 8 9
17 21 3
22 1 9
19 21 15
0 3 14
19 22 3
3 7 9
12 17 16
15 19 4
14 18 6
1 5 6
9 12 6
21 0 7
13 15 4
14 17 11
2 6 2
3 7 13
1 4 10
0 4 14
9 12 13
20 23 3
1 3 1
16 20 14
9 12 8
22 0 2
19 23 6
7 9 6
1 5 11
5 7 9
2 3 9
5 8 1
2 6 13
8 11 14
4 7 10
7 11 1
20 23 6
21 23 15
13 15 2
17 20 2
17 20 6
23 2 9
17 21 8
16 19 6
12 15 5
7 10 3
18 22 2
17 21 12
16 20 13
18 19 8
2 5 13
21 23 3
10 13 11
22 2 8
12 14 17
20 22 14
10 14 15
4 8 5
14 20 12
13 17 1
6 10 3
13 15 2
15 19 12
21 1 9
19 22 16
1 5 4
2 5 2
20 22 11
5 7 2
11 15 17
8 10 16
14 17 5
1 4 4
20 22 6
19 21 16
14 16 14
21 23 15
4 8 2
14 15 1
7 9 15
11 13 16
9 12 10
6 9 11
21 1 15
20 23 8
3 7 6
2 4 2
16 19 10
1 5 1
23 4 5
16 20 10
9 13 1
15 18 11
4 7 16
5 8 10
1 4 16
7 10 7
8 11 2
19 22 5
22 0 14
5 8 2
9 12 6
7 11 3
20 22 9
2 6 11
14 17 5
18 20 16
13 13 9
10 14 3
18 19 10
2 6 2
2 5 8
13 16 11
10 12 3
12 15 9
19 23 10
6 9 10
5 9 9
13 14 12
13 16 7
20 23 11
20 22 16
20 0 10
1 4 12
4 5 9
21 0 4
21 0 4
10 13 12
19 22 1
9 11 9
17 19 13
7 11 2
8 13 4
14 19 1
3 5 15
10 14 11
2 6 7
19 21 6
14 18 15
8 11 2
0 1 13
11 14 12
1 5 10
2 5 7
22 1 12
7 10 10
17 20 3
13 15 2
21 0 14
10 12 12
18 22 11
19 21 9
17 19 7
21 23 9
15 18 3
21 1 16
15 19 16
21 23 10
0 3 4
7 9 3
4 6 8
23 2 4
3 6 15
21 23 17
21 0 4
17 20 17
17 21 9
17 20 17
14 18 5
13 16 3
0 3 4
5 8 2
4 9 3
5 9 1
17 19 5
19 21 17
12 16 15
13 15 3
3 4 10
8 11 13
17 20 12
14 17 7
6 8 5
15 20 10
23 0 15
1 1 16
9 14 8
7 10 2
19 23 11
14 17 5
11 15 1
16 17 6
21 0 14
19 23 1
9 10 13
15 18 2
22 0 16
13 17 4
6 8 12
15 18 14
0 3 5
11 15 3
11 14 17
3 5 4
2 5 4
12 16 9
12 14 3
8 11 15
23 2 7
19 20 4
2 6 9
21 1 10
2 5 6
22 1 7
21 0 17
9 14 11
23 1 5
7 10 10
4 8 7
10 13 12
10 13 16
23 1 9
16 18 13
1 5 12
7 8 8
18 21 6
1 3 13
11 15 6
11 15 11
6 8 13
0 3 11
14 19 6
5 7 15
13 16 8
8 13 17
3 6 10
1 4 6
23 3 13
