1050 9
5 5 1 8 2 1 1 8 9 
11 12 4
4 7 1
16 19 4
23 2 7
1 4 4
8 11 3
11 13 8
8 11 5
13 15 8
22 23 2
6 9 7
8 11 2
14 17 2
4 8 7
14 15 2
1 5 9
2 5 7
9 15 2
17 21 9
22 2 5
6 10 9
8 11 9
3 7 5
17 20 4
3 5 9
14 17 7
23 0 5
12 15 5
11 14 8
11 13 7
16 20 6
13 15 9
8 8 3
3 7 5
13 17 6
22 1 5
6 9 7
13 15 3
6 8 6
1 3 9
23 3 9
12 15 3
9 13 9
17 18 5
17 18 1
9 12 9
17 19 4
0 3 1
18 21 2
23 1 2
16 19 5
8 12 7
11 13 5
7 8 3
11 13 6
4 6 2
16 21 1
1 4 8
13 16 8
15 18 6
12 14 8
6 8 1
23 3 3
3 7 4
15 19 5
2 5 7
5 9 3
15 17 7
8 12 2
13 14 4
15 19 2
23 2 6
15 19 1
7 10 1
19 0 9
3 7 1
5 8 9
0 3 8
14 18 3
1 5 5
15 21 8
14 17 4
19 22 8
4 5 2
9 12 6
10 12 7
16 20 8
3 7 7
13 15 6
7 9 4
0 3 8
13 17 2
16 17 1
23 0 8
0 2 8
19 1 2
23 0 9
23 2 5
9 12 9
14 17 6
18 20 7
21 1 3
2 4 4
20 1 5
2 5 6
0 4 9
20 1 3
16 19 4
4 8 4
19 22 3
19 22 3
12 15 4
0 1 3
2 4 4
8 11 4
19 23 8
5 8 3
12 15 9
22 0 2
16 21 3
12 17 1
19 23 7
1 6 4
9 12 3
18 20 9
4 7 8
3 5 3
12 13 6
6 8 4
16 18 3
19 23 6
13 16 2
12 15 3
7 11 9
9 14 3
9 12 4
15 18 6
1 4 8
17 22 4
21 1 8
22 2 1
1 5 8
3 5 4
9 12 4
10 13 2
6 9 5
7 10 9
16 20 8
7 9 3
13 17 2
6 11 7
23 3 4
5 9 2
6 8 3
3 7 4
14 15 7
13 15 3
6 8 6
0 2 5
17 20 7
14 16 6
20 0 5
6 11 1
4 7 3
22 2 4
13 16 9
16 19 4
19 21 9
21 0 4
1 5 4
22 0 2
20 1 2
14 18 1
23 0 8
1 4 2
2 4 2
13 16 4
19 22 2
14 17 9
0 3 8
4 7 9
10 13 8
13 16 1
3 6 9
3 6 8
5 8 2
21 0 1
11 14 6
3 6 3
4 7 3
6 9 7
9 10 4
17 22 8
20 1 5
12 17 5
3 7 7
13 16 8
14 20 4
22 0 6
15 18 5
20 0 1
12 17 9
19 22 9
21 1 7
11 15 9
16 18 5
18 20 4
13 17 3
17 20 7
16 18 4
19 22 4
18 21 7
7 8 2
11 13 1
1 5 7
13 16 8
14 16 9
5 8 4
10 13 5
11 14 8
17 21 2
5 7 1
7 11 3
20 23 6
15 20 2
5 8 1
9 12 7
16 18 4
2 5 5
2 4 9
16 19 9
9 12 8
8 12 2
23 2 3
22 2 8
22 2 9
23 2 6
12 14 9
7 10 4
17 20 8
13 16 2
16 21 6
15 18 8
17 22 6
10 14 7
17 21 5
3 6 4
18 20 8
22 1 6
22 1 7
16 19 5
18 21 4
8 11 9
17 21 5
23 1 2
7 10 4
23 1 7
17 21 1
4 7 2
12 14 6
10 13 1
6 8 6
19 21 8
23 0 1
20 22 5
13 18 3
4 7 7
20 21 7
19 21 8
3 7 9
10 11 5
12 16 5
3 6 1
7 12 9
19 22 6
0 3 7
13 16 1
9 11 2
21 23 8
19 23 2
11 15 9
23 2 4
16 18 2
0 4 2
17 20 7
6 9 3
13 15 8
15 19 6
2 7 2
14 17 1
13 16 5
14 17 8
0 3 5
10 13 8
23 2 7
15 20 5
20 23 5
13 17 7
6 8 4
10 13 8
7 11 1
21 0 4
12 15 4
8 11 9
18 23 1
2 5 4
0 3 5
20 21 4
6 11 4
7 11 6
17 22 1
20 22 2
7 9 6
18 21 1
18 21 2
18 20 8
7 8 9
13 16 8
10 14 5
2 4 8
9 14 7
2 5 1
18 20 9
17 20 8
22 0 1
4 7 1
17 22 4
19 21 8
4 7 2
7 10 6
20 0 9
7 10 4
10 13 1
18 21 9
22 2 1
12 14 3
4 8 4
2 5 5
22 1 2
7 9 1
4 7 2
17 20 1
20 23 8
18 20 9
18 20 8
1 3 4
16 19 4
0 2 8
1 3 5
9 11 2
22 1 9
0 3 8
14 18 7
15 20 6
2 5 6
8 11 9
17 19 2
9 10 1
0 2 3
19 22 3
19 22 2
11 13 8
1 6 6
17 21 9
13 15 8
12 14 5
22 2 2
2 8 5
10 12 8
17 20 4
14 15 3
21 0 3
23 2 5
2 4 1
12 14 4
12 14 4
22 1 9
8 11 8
0 2 4
17 19 6
12 13 7
4 7 1
8 11 9
7 11 9
19 22 6
1 2 8
18 22 8
11 15 9
21 0 5
10 11 1
19 21 3
21 23 5
1 4 1
6 10 4
15 19 4
1 5 9
18 22 6
14 18 6
13 16 8
12 16 7
7 10 2
15 19 9
3 6 3
15 18 1
6 10 2
16 18 7
1 5 2
22 1 2
14 14 2
2 5 3
5 7 5
15 16 9
22 2 1
21 2 9
15 20 3
14 16 7
0 3 1
6 9 6
1 3 9
3 5 1
4 8 4
17 19 3
11 13 1
9 9 7
3 7 9
15 17 1
18 21 7
2 7 3
12 15 5
23 2 6
4 6 6
0 2 5
6 9 4
16 19 2
2 6 5
6 8 2
17 20 4
4 7 5
13 15 8
5 8 6
5 9 2
20 22 5
3 5 9
16 20 9
21 22 8
12 15 6
18 21 5
1 3 9
12 15 2
17 20 6
11 17 7
10 13 4
9 11 6
14 15 1
4 6 9
11 14 3
18 21 4
16 21 8
11 15 6
19 22 9
2 5 5
9 11 5
8 11 6
22 2 9
3 5 8
5 8 8
3 5 5
4 9 3
11 14 9
0 3 8
0 3 1
1 5 6
0 4 7
7 11 7
9 11 9
20 22 8
2 3 6
8 14 2
16 19 4
19 22 2
10 14 2
18 22 9
23 3 2
14 16 3
15 17 6
1 4 9
11 13 7
6 9 3
18 20 5
9 13 4
19 23 5
6 8 6
10 14 9
2 6 8
11 12 5
13 16 1
18 20 6
6 9 5
10 14 3
4 7 6
15 18 3
12 15 9
15 18 5
7 10 3
22 23 7
17 19 6
4 8 1
18 22 1
9 13 9
18 21 8
16 20 5
23 3 2
4 7 7
22 0 3
19 22 9
23 2 9
9 10 1
5 9 1
17 20 7
15 19 7
4 7 4
12 14 5
15 17 8
19 21 1
19 23 1
14 16 3
8 11 4
15 18 8
4 5 6
10 13 7
0 5 2
10 12 5
13 15 4
10 13 5
19 0 7
1 4 4
4 8 7
20 22 1
8 11 5
3 6 5
16 18 1
13 14 3
21 2 2
11 14 2
13 15 7
20 0 6
8 11 4
12 15 5
3 5 4
4 7 6
11 14 8
10 12 5
23 2 2
16 19 1
1 6 9
16 19 8
8 12 3
4 8 5
4 6 6
15 18 1
4 6 7
20 23 3
2 5 5
21 23 4
18 23 9
0 3 3
22 1 6
10 12 5
7 10 5
4 6 6
3 6 4
22 3 9
0 2 5
12 15 5
23 3 9
9 11 8
23 3 5
9 11 6
20 23 3
7 9 8
14 18 3
21 23 6
13 16 3
21 23 7
16 20 3
23 4 9
21 2 9
19 23 6
8 10 3
15 18 3
0 4 9
8 13 4
7 10 9
16 21 1
12 15 2
10 14 4
23 2 9
3 7 2
12 15 6
11 13 9
22 1 5
20 22 5
4 8 9
1 5 3
3 5 6
10 14 1
7 9 5
23 0 2
3 7 1
16 19 8
15 19 7
8 11 2
20 23 3
6 7 7
16 19 9
21 0 1
14 16 6
1 4 8
3 5 6
12 14 4
17 19 2
16 18 1
9 11 2
0 3 2
17 22 3
19 22 2
13 16 5
21 21 5
20 22 5
22 2 6
21 0 3
23 2 9
12 15 3
10 13 4
21 0 7
21 1 9
21 0 2
20 0 5
23 3 1
21 2 5
9 12 4
16 20 8
7 10 5
11 16 2
11 12 1
6 9 6
4 7 5
15 18 5
16 18 4
14 17 3
8 11 7
18 21 4
18 22 5
9 12 8
14 16 7
16 20 8
20 23 3
15 17 2
19 22 6
16 20 8
20 0 5
17 19 8
6 10 9
14 17 9
0 3 3
6 11 2
11 14 6
20 22 6
12 13 5
7 10 5
18 22 7
7 8 9
23 1 3
0 3 7
7 9 1
6 9 6
23 2 2
8 12 8
17 19 4
21 1 3
12 15 4
4 8 5
9 12 8
3 6 1
14 16 2
18 22 8
17 20 2
0 3 9
11 14 8
19 21 4
5 8 1
7 10 2
2 4 4
10 13 8
19 0 3
8 10 2
11 13 1
18 22 8
22 1 1
23 3 7
17 21 5
4 6 8
6 9 5
13 15 9
5 8 9
11 15 7
2 5 2
18 21 6
15 16 2
11 14 2
8 11 8
18 21 4
8 11 7
1 6 3
14 18 3
13 16 9
8 10 5
1 3 1
21 23 8
15 18 5
18 19 8
10 12 4
15 18 9
4 7 9
8 10 5
21 2 4
2 3 6
8 13 2
6 8 4
4 7 3
22 1 2
3 6 1
16 19 7
1 4 6
1 4 6
9 9 4
3 8 9
1 6 9
8 13 3
20 1 3
4 8 2
5 8 8
4 8 8
3 7 2
22 0 1
17 20 2
11 14 8
8 12 5
17 22 6
7 10 5
10 13 5
9 13 4
15 18 2
2 4 5
23 4 9
9 11 2
11 17 6
5 10 8
21 0 7
5 8 1
22 1 6
20 22 5
8 10 8
6 9 5
14 18 4
17 19 2
10 14 1
3 6 4
20 23 6
23 3 5
4 6 5
17 21 9
7 10 5
22 1 7
5 8 8
11 14 7
17 20 3
23 1 2
1 3 7
13 17 5
16 19 1
15 18 3
9 12 6
18 21 6
17 19 6
19 21 7
22 1 3
6 9 2
22 1 8
2 5 7
6 9 4
11 13 6
5 9 8
18 21 8
14 19 8
13 16 1
15 18 1
5 7 7
11 15 8
8 10 7
7 10 9
14 17 8
3 6 3
4 9 7
11 14 2
12 15 6
8 12 4
13 18 7
23 2 4
17 21 5
6 10 9
15 20 9
2 9 4
8 12 1
0 3 4
1 3 1
5 7 6
9 11 4
2 6 7
4 6 6
13 18 3
13 16 6
12 14 2
3 5 4
18 21 4
19 23 3
18 20 3
19 23 9
16 19 3
22 0 9
19 22 6
0 4 3
1 3 4
20 22 6
17 20 3
2 5 3
2 6 5
21 0 8
13 16 2
6 9 4
6 10 7
4 7 3
4 8 4
16 20 2
7 11 2
1 5 8
10 13 5
14 17 6
5 8 5
14 17 9
2 4 8
3 5 1
8 12 2
0 3 3
5 9 6
21 23 8
0 3 2
19 22 8
3 8 2
17 20 3
21 0 8
23 1 1
1 6 5
16 19 6
9 12 8
10 15 9
21 22 1
21 1 9
17 21 1
2 4 5
20 21 8
10 13 4
12 15 4
12 16 7
4 7 9
10 12 2
10 14 1
20 22 8
2 6 4
3 6 6
18 23 9
15 18 5
9 15 4
19 23 8
0 3 2
17 18 3
3 6 8
0 3 9
3 5 4
12 16 9
23 1 3
2 4 8
17 19 7
17 19 8
11 14 6
12 12 5
16 19 8
11 14 9
21 0 3
9 11 5
5 8 6
8 10 8
13 16 3
10 13 4
19 21 3
18 21 2
11 13 9
22 0 7
14 17 2
16 19 3
0 2 7
10 15 1
10 14 8
21 0 8
0 4 9
6 10 9
7 8 5
19 21 3
23 3 9
1 2 6
14 16 3
6 9 5
8 9 7
2 4 3
12 15 1
7 12 3
17 18 9
6 9 2
14 15 9
19 22 1
10 13 9
3 5 3
14 17 9
9 13 8
16 19 9
8 11 4
14 17 9
4 6 4
12 16 7
0 2 4
13 16 9
8 12 1
2 6 4
23 2 6
11 15 7
1 4 7
22 1 5
13 17 5
23 1 3
23 2 2
19 22 4
7 11 3
22 2 9
2 5 6
14 16 9
11 13 9
7 9 5
1 4 6
11 15 7
21 23 3
0 5 1
12 16 8
2 5 3
18 20 2
4 8 4
7 9 6
16 20 2
22 2 7
8 10 8
8 11 9
21 0 4
12 15 2
9 11 7
8 12 3
0 4 3
14 18 5
14 17 9
14 17 8
2 5 3
11 16 8
4 6 6
13 14 9
11 14 2
6 9 3
22 2 6
14 17 2
2 5 7
6 10 7
22 2 6
1 2 2
17 22 4
16 17 9
3 7 1
19 23 3
8 13 3
7 9 1
3 7 7
10 13 5
11 14 5
2 6 5
21 0 2
12 15 2
15 20 1
6 11 8
0 4 8
4 9 2
6 9 4
1 5 1
21 23 8
0 3 7
0 3 2
22 2 3
23 21 1
22 0 9
8 12 4
22 1 1
3 6 5
3 8 8
15 19 3
5 8 8
11 16 8
4 8 2
2 3 2
18 20 5
1 3 9
0 4 3
19 21 9
0 3 8
22 2 7
12 15 9
10 13 4
6 10 2
8 13 6
22 2 7
5 9 2
22 2 8
22 1 1
17 21 8
3 7 1
0 3 9
15 20 3
0 1 4
0 4 3
2 6 2
0 3 8
3 5 7
0 4 7
17 21 7
5 7 8
17 22 1
