2400 12
2 2 2 7 5 4 2 7 9 8 5 9 
22 2 4
21 0 11
21 0 7
5 7 9
11 14 11
17 21 1
4 9 10
14 18 12
14 17 6
11 13 7
23 2 12
4 6 7
21 3 5
9 13 3
12 13 7
0 4 2
19 22 2
16 19 12
15 18 1
15 18 1
5 6 12
21 2 9
9 12 1
5 8 5
12 14 8
16 19 11
7 11 6
1 3 8
0 4 4
3 7 8
0 4 8
13 16 6
23 1 11
2 6 3
4 5 9
2 3 6
12 15 2
1 3 8
19 0 2
22 0 1
6 8 3
13 16 9
2 6 4
20 22 3
13 15 5
16 19 10
23 1 3
20 23 4
3 6 5
8 11 3
6 10 11
5 9 10
22 1 4
3 7 9
8 12 10
22 0 3
1 4 1
8 12 2
9 12 8
0 2 4
5 7 11
2 5 6
3 6 7
3 6 8
2 5 7
2 4 2
9 11 1
17 18 1
10 13 8
12 14 6
13 17 8
0 2 7
10 12 3
0 1 4
20 23 1
21 2 2
18 21 2
12 16 4
14 17 5
19 21 4
15 18 9
11 13 11
22 2 7
2 6 6
7 10 5
23 2 12
8 11 11
6 8 9
17 20 3
13 16 8
21 2 10
14 16 9
17 20 6
13 17 10
16 18 8
22 2 6
12 15 1
11 13 10
10 15 5
18 21 10
9 11 4
5 8 9
8 12 8
9 12 11
23 2 11
2 5 9
10 13 4
23 2 12
1 6 11
7 10 4
1 2 1
11 15 5
11 13 4
9 13 3
14 17 7
0 3 1
14 16 8
19 0 8
2 3 3
20 22 11
17 19 10
10 14 7
13 16 3
19 22 8
1 4 12
20 23 5
4 8 6
6 8 7
0 4 8
6 10 9
22 1 1
19 23 9
19 23 1
9 13 11
1 3 12
9 11 5
2 4 4
3 7 11
6 9 11
11 14 10
21 0 1
5 8 10
10 12 2
14 18 2
1 3 3
0 3 4
1 5 5
17 20 2
8 9 8
23 3 8
18 20 3
15 18 10
23 2 7
4 7 7
0 3 2
4 7 5
22 1 3
22 1 7
6 8 10
22 0 7
5 8 5
6 8 5
18 21 5
13 18 2
14 17 8
4 7 12
15 19 1
0 3 6
17 20 9
20 23 10
23 3 8
20 22 9
21 23 11
0 2 8
3 5 4
6 8 7
23 2 3
11 15 6
20 21 8
14 16 1
17 20 5
20 22 9
21 0 8
15 17 6
18 21 3
3 7 4
21 23 9
23 2 6
5 5 5
13 17 2
23 1 2
1 3 4
11 13 8
2 5 12
0 4 4
11 15 8
13 16 5
5 8 11
19 1 2
19 22 10
23 2 2
4 7 3
1 4 10
17 19 7
7 11 7
5 9 12
9 14 6
12 14 3
16 19 1
20 23 5
7 8 3
16 17 4
20 22 10
0 3 10
7 11 12
13 16 11
12 14 4
9 13 7
21 23 1
1 3 4
19 23 6
14 16 5
3 6 10
4 7 3
17 20 2
16 18 11
4 8 1
12 15 10
14 18 8
21 1 9
17 20 7
16 18 7
15 18 6
1 5 4
15 18 3
11 13 10
8 11 2
14 17 10
6 9 11
4 9 4
13 16 9
9 14 10
17 19 2
20 0 12
2 4 4
9 13 1
11 14 3
14 16 4
20 22 8
16 21 10
18 21 6
19 21 10
15 17 1
20 23 2
4 7 1
20 0 12
9 12 5
16 18 12
7 9 10
19 22 10
20 23 1
12 15 1
15 16 8
17 19 12
17 21 12
7 9 6
13 15 12
15 18 10
10 13 5
10 13 12
21 1 8
3 7 9
19 22 5
7 10 6
4 8 1
18 21 2
13 14 5
15 19 2
10 13 10
6 9 1
4 6 10
22 1 8
6 8 7
21 1 4
17 19 8
5 8 1
11 13 3
3 5 4
13 14 12
1 4 7
11 14 4
21 1 8
20 0 11
7 9 12
15 17 3
16 20 2
6 10 1
3 8 2
17 19 5
8 12 7
0 3 1
11 15 9
16 18 12
16 17 9
8 10 6
11 14 4
10 13 10
23 2 8
2 5 2
0 4 4
6 8 7
15 17 8
16 20 7
11 13 8
17 21 1
16 19 12
2 7 6
6 9 12
19 22 11
23 3 1
9 13 10
2 5 5
13 17 3
4 7 11
21 0 3
13 16 5
3 6 4
16 19 7
20 21 2
0 0 8
20 21 7
8 9 5
20 22 7
0 3 5
18 20 12
13 15 5
20 23 8
6 11 6
12 15 4
7 8 3
21 23 9
11 15 12
21 1 5
15 18 3
16 20 6
5 10 5
2 7 7
8 10 1
4 6 2
19 22 5
23 2 3
2 5 5
12 16 3
1 3 4
2 8 4
23 2 5
19 22 2
0 2 2
5 9 6
10 13 2
16 18 8
9 12 12
4 8 4
6 10 12
13 15 4
7 9 5
22 2 10
3 5 8
0 2 3
6 10 10
17 22 2
22 1 10
10 14 11
2 4 11
10 12 7
1 2 4
6 10 2
8 10 8
16 20 12
15 19 9
6 9 9
2 6 7
20 0 6
23 1 10
15 18 6
3 8 2
5 8 8
12 15 12
6 9 1
13 14 5
21 2 11
10 11 8
20 0 1
10 14 8
6 9 4
3 5 1
19 23 3
8 12 12
3 4 2
9 12 1
18 20 11
3 6 4
23 1 4
3 5 6
14 17 2
22 2 7
5 6 8
11 14 11
22 1 7
12 15 6
0 4 8
20 23 9
11 15 10
1 3 7
6 9 1
20 23 2
13 16 2
13 15 12
8 10 8
6 9 2
16 20 8
4 6 12
17 18 10
15 17 3
23 1 12
23 4 6
9 12 9
20 1 9
18 21 10
2 7 9
6 9 1
16 19 2
2 3 8
9 12 12
3 6 12
2 5 6
20 22 3
3 7 1
14 16 5
16 20 11
23 0 1
21 22 5
13 18 11
17 20 1
15 17 3
18 22 11
19 21 4
12 15 12
8 11 9
0 2 9
6 8 3
16 20 2
4 9 12
5 9 8
7 8 4
11 15 2
22 1 8
2 4 6
17 19 11
13 15 1
6 9 3
17 23 11
13 16 1
8 10 3
1 6 3
9 12 7
4 6 7
19 23 9
20 1 6
2 5 8
22 1 4
10 11 2
13 16 10
18 19 7
19 22 12
23 3 9
19 19 9
13 15 12
9 11 12
22 2 8
0 1 7
23 2 8
11 16 2
8 12 4
5 9 1
1 4 7
5 7 2
16 18 1
19 20 7
4 7 10
23 3 7
14 18 5
14 18 6
13 16 2
11 15 4
11 14 10
15 18 8
9 12 5
3 6 10
9 11 11
9 14 7
2 5 5
7 11 9
20 22 10
20 0 10
12 16 8
5 9 7
9 12 10
22 0 12
12 17 5
10 11 4
12 16 12
6 9 9
13 16 6
9 12 3
15 16 9
21 1 1
10 14 2
22 1 12
18 19 5
13 16 1
6 10 1
22 2 9
12 16 2
18 21 8
8 11 5
12 15 9
15 19 1
15 18 5
22 1 1
21 1 3
12 13 2
2 5 8
5 8 1
4 6 3
9 12 1
16 18 10
1 4 7
11 13 8
7 9 12
12 16 3
7 12 1
6 10 8
9 12 11
23 1 2
23 1 5
9 12 9
7 11 6
16 20 1
17 21 5
9 12 7
1 4 9
9 12 4
0 4 5
23 2 11
14 20 1
22 1 4
10 13 3
12 14 2
3 3 6
15 18 3
6 8 5
4 7 6
7 10 6
18 22 11
8 11 6
9 13 9
9 11 6
18 22 9
1 4 6
0 1 5
15 16 4
4 8 9
22 1 3
23 4 2
4 8 6
20 22 3
11 15 12
15 17 4
13 16 4
19 22 4
16 18 4
0 3 1
7 11 3
23 1 2
13 18 11
11 15 11
5 8 6
3 5 8
3 5 2
3 8 9
1 7 12
7 10 10
8 11 2
21 23 12
9 12 6
21 1 4
21 1 12
21 0 8
12 14 4
23 1 2
4 8 4
14 18 10
6 10 6
23 2 5
12 15 9
18 19 1
6 11 7
9 12 5
14 17 6
18 20 7
23 1 9
9 13 1
23 2 8
13 17 2
15 18 11
3 7 11
21 1 3
5 8 4
15 18 2
5 10 5
19 23 8
19 23 7
8 10 5
15 21 6
21 0 1
23 1 6
2 4 2
2 4 1
5 10 8
12 13 11
16 20 4
8 11 3
1 4 3
4 7 5
9 11 1
22 1 12
5 7 9
7 11 6
14 18 1
15 20 11
1 2 4
7 9 10
22 23 11
1 5 6
16 19 12
9 13 1
15 18 2
3 7 6
16 19 3
22 0 12
17 21 11
23 2 12
0 4 8
6 9 12
5 8 2
14 18 4
13 15 11
2 6 6
4 7 3
7 10 3
16 19 8
13 15 10
1 4 10
4 7 9
9 10 5
9 11 10
5 9 11
20 23 10
6 7 8
2 5 6
17 20 8
23 2 5
0 3 1
8 9 8
13 16 1
21 23 11
11 14 7
23 1 1
1 5 7
5 9 11
18 23 9
13 18 12
18 21 8
11 14 8
9 12 10
5 7 1
12 13 10
12 16 1
9 13 6
11 14 10
18 22 11
12 15 5
13 14 5
16 19 9
5 9 4
18 22 8
10 14 8
19 22 7
19 22 11
22 2 10
15 20 12
12 16 6
16 18 7
16 18 2
6 10 8
22 1 8
21 22 8
0 3 11
21 23 7
21 2 9
17 19 1
14 17 11
4 7 2
17 20 6
14 17 6
1 3 10
11 14 10
17 18 7
17 20 1
0 4 10
22 2 7
20 0 3
22 2 4
21 0 3
6 10 8
19 21 6
6 8 2
16 20 7
19 23 8
16 20 4
5 8 8
8 11 10
4 6 11
0 3 3
6 7 6
20 0 8
11 13 11
17 19 6
10 13 4
9 11 1
12 17 12
15 17 9
22 2 3
15 18 9
15 17 2
11 14 5
11 15 10
13 15 3
6 9 12
21 1 8
15 18 10
17 20 1
4 7 5
22 1 7
2 5 4
3 5 6
12 17 7
19 22 11
8 11 10
0 4 5
0 2 7
17 21 5
10 12 7
1 4 5
2 5 7
1 4 5
15 18 6
15 18 8
22 1 8
18 20 5
19 23 5
3 5 6
18 21 3
6 10 6
20 23 9
1 2 6
4 7 8
4 8 6
22 0 8
19 0 11
17 21 11
8 11 9
11 14 3
13 16 7
7 9 3
2 5 10
16 19 3
10 13 2
17 19 6
8 10 5
20 22 3
17 21 9
21 1 8
10 12 5
13 16 9
21 0 12
7 10 12
16 18 12
20 23 6
23 1 4
20 23 2
16 19 8
23 1 7
5 8 10
2 4 9
2 6 10
0 4 1
5 9 12
12 14 2
7 10 12
18 20 6
10 10 12
7 11 4
4 8 11
1 3 11
1 5 5
11 13 7
11 14 4
15 19 4
21 23 10
16 20 7
11 15 12
5 7 2
22 0 3
9 13 4
23 3 5
3 6 3
18 21 7
16 18 3
16 19 1
20 22 2
0 2 11
10 14 12
12 15 12
21 0 7
5 8 2
5 9 3
6 8 10
15 18 12
18 21 8
7 8 2
0 4 9
0 4 3
8 11 6
15 18 6
12 15 5
2 4 11
22 23 11
20 22 6
17 20 12
21 23 4
10 13 2
10 13 9
4 6 10
6 9 1
19 22 11
20 21 4
11 15 3
18 20 12
9 13 6
8 11 10
13 17 5
23 2 5
15 18 12
14 20 11
10 13 6
15 18 2
11 14 3
7 11 1
22 2 10
13 16 2
18 20 7
15 20 7
5 8 10
14 17 11
20 0 7
19 20 5
6 8 5
16 18 9
2 5 6
22 0 1
21 1 7
0 3 6
14 17 4
13 15 3
2 5 9
22 0 7
14 16 2
6 10 6
13 19 1
22 2 10
20 23 4
8 11 6
20 0 3
18 20 1
11 14 1
13 16 2
6 8 11
18 20 8
17 22 10
8 9 3
15 17 9
15 16 1
11 14 9
1 3 4
11 13 1
20 0 9
23 1 12
19 21 1
21 0 12
21 23 5
18 21 6
19 20 7
5 8 9
13 15 5
10 14 9
5 7 4
23 4 3
2 5 10
6 9 4
23 2 9
17 19 8
11 14 8
17 20 10
18 21 6
0 4 2
11 14 8
6 6 1
8 11 9
21 2 5
12 15 7
8 11 5
5 8 8
21 1 11
22 23 2
0 3 5
1 3 5
14 19 11
11 13 2
18 21 5
7 10 6
9 12 7
16 19 11
7 10 4
18 20 6
13 15 8
5 7 11
4 7 11
15 18 2
14 16 9
8 12 11
16 19 11
10 14 2
17 21 7
9 13 11
20 23 9
4 7 8
11 14 4
23 1 1
2 6 6
14 17 5
6 7 11
6 9 6
17 23 10
6 11 2
9 11 12
20 22 8
12 16 1
22 0 3
4 9 6
5 11 11
17 19 9
7 11 9
8 11 11
19 22 12
11 14 9
12 14 4
3 6 7
21 1 5
6 9 5
11 14 11
22 1 4
22 1 3
9 14 9
0 4 11
4 6 4
7 10 10
1 3 1
14 19 1
20 22 7
6 8 12
21 23 10
5 7 8
8 12 10
8 12 1
4 8 1
3 7 11
9 12 5
6 7 5
23 3 2
2 4 3
15 18 12
7 9 5
21 23 4
23 2 10
23 2 12
19 22 8
0 3 7
10 13 6
2 5 1
9 9 3
17 21 4
20 23 5
13 18 6
0 3 8
3 5 6
2 6 7
18 21 11
23 3 9
17 20 10
2 4 10
18 21 12
2 4 4
21 1 1
10 13 1
7 10 9
4 5 6
23 2 7
6 9 6
5 9 10
21 2 2
22 0 5
10 13 7
11 14 1
22 1 5
5 6 1
22 2 4
18 20 6
6 9 10
5 8 1
12 14 9
14 17 11
21 1 10
8 10 9
18 20 4
20 1 3
5 8 4
22 1 5
10 12 1
17 20 4
7 11 12
7 10 1
22 2 6
0 1 1
6 8 4
12 15 3
3 5 2
10 13 5
13 17 3
22 1 1
7 8 7
16 17 5
7 9 1
11 13 4
0 3 2
3 7 7
0 2 11
5 8 12
9 11 1
17 18 1
0 3 2
14 18 12
0 5 4
19 0 9
4 6 6
6 9 9
21 1 8
15 17 2
18 20 2
2 6 10
20 23 12
7 10 10
2 6 11
12 16 7
18 22 2
14 18 5
1 4 6
10 13 2
19 20 4
13 15 9
11 14 5
0 5 10
13 16 6
10 14 10
10 14 6
13 16 8
4 8 8
11 13 2
21 23 9
15 20 10
4 7 7
10 15 5
12 14 1
7 9 8
10 13 2
19 22 4
12 16 9
5 8 4
7 10 8
17 19 4
10 11 9
20 23 8
5 8 11
16 19 3
7 11 4
18 20 4
3 6 6
13 16 5
3 6 12
9 13 7
8 12 4
16 19 6
3 6 12
20 20 7
15 19 4
12 15 12
2 6 8
8 13 9
13 18 12
0 2 4
0 4 3
18 21 9
7 10 7
21 1 12
20 0 4
3 5 5
14 17 1
1 4 10
15 19 1
5 8 10
14 17 5
20 2 10
21 0 8
23 1 12
7 12 7
21 0 1
22 2 5
7 10 12
23 2 9
7 9 6
3 4 8
20 0 3
19 22 5
11 14 3
14 18 7
8 10 2
11 14 11
18 22 10
0 4 9
4 7 3
8 12 10
7 11 12
3 6 4
16 19 2
8 12 9
21 0 10
10 15 5
22 0 3
16 18 11
8 13 5
13 16 7
5 8 5
15 17 8
8 10 11
8 10 5
21 1 11
1 5 3
0 1 1
22 0 1
7 11 2
13 15 2
8 13 2
16 21 7
17 21 11
12 16 2
2 4 6
4 7 1
12 15 1
5 8 5
12 17 3
20 22 5
18 21 12
2 3 10
14 18 2
3 5 6
13 17 7
11 13 1
22 0 2
3 5 7
23 3 1
16 18 4
10 13 11
15 18 11
1 4 8
16 20 10
1 4 1
17 22 6
2 5 6
11 13 1
2 4 10
7 12 5
10 12 6
8 10 10
13 14 10
14 17 12
7 9 3
10 12 10
12 16 9
15 19 11
12 15 5
7 9 9
3 5 6
19 21 3
15 18 3
21 23 3
17 20 10
13 16 4
21 22 1
7 9 1
3 5 6
7 11 6
20 22 10
17 22 12
10 11 8
1 4 4
5 8 3
9 12 2
15 19 12
16 19 3
3 7 3
20 23 5
20 0 7
19 22 3
15 18 8
3 6 10
7 10 5
4 7 5
15 16 2
17 18 10
4 6 12
8 10 1
11 13 5
1 4 2
9 14 4
0 2 12
6 9 6
12 14 11
16 18 2
20 23 5
10 13 5
19 21 10
21 22 11
1 5 2
11 14 7
7 11 1
0 4 3
15 17 3
22 2 8
21 0 7
23 0 5
2 5 8
9 12 6
16 18 7
1 3 3
9 11 1
19 22 6
16 17 2
9 12 11
5 8 8
14 17 4
14 17 6
9 11 10
7 10 2
14 15 10
3 6 2
7 10 6
11 11 3
15 18 8
3 5 5
16 18 11
5 7 8
1 3 9
14 16 5
19 22 5
12 16 5
2 5 3
10 15 10
11 13 5
7 9 11
16 19 5
12 16 10
3 6 11
13 18 9
1 5 9
17 18 3
16 19 4
17 19 7
18 21 11
18 23 10
14 16 2
22 1 11
14 17 5
6 8 9
21 22 7
1 4 8
21 23 1
20 0 8
16 20 1
11 14 9
11 14 2
19 23 1
14 17 5
23 3 7
4 5 10
12 16 5
15 18 9
21 0 6
19 22 12
9 14 1
7 10 11
2 4 9
2 4 7
11 13 5
3 6 5
2 5 2
6 10 6
12 16 2
16 19 11
17 20 11
21 1 6
16 21 7
16 16 3
15 17 2
15 18 9
7 10 11
4 9 10
22 0 8
7 9 11
22 0 12
1 5 4
17 20 7
6 9 2
18 20 4
2 4 6
22 1 2
7 11 6
23 4 6
4 8 11
9 13 10
0 4 8
3 5 11
13 15 10
2 6 8
7 9 11
5 7 10
20 22 3
20 23 5
6 10 2
1 3 10
1 4 5
5 8 9
5 8 8
1 3 11
8 10 2
13 16 11
21 2 9
1 4 4
2 4 10
5 8 3
22 2 3
23 3 8
19 22 9
0 1 1
5 8 6
16 19 3
5 7 12
16 19 7
0 4 5
7 11 1
2 3 10
6 9 8
14 17 10
6 8 8
10 15 6
10 12 2
17 19 12
12 16 11
22 1 10
10 13 11
8 10 7
12 14 12
12 15 9
22 1 10
6 9 9
23 2 11
6 8 9
17 20 10
10 13 3
0 4 12
12 15 7
23 23 8
8 10 12
0 4 9
19 21 6
15 17 12
9 13 5
10 13 3
0 3 6
15 18 2
3 7 8
9 11 9
18 20 1
0 2 10
2 5 3
13 16 12
5 9 11
14 15 5
22 2 3
16 21 7
14 16 7
12 15 9
12 15 5
9 11 1
2 5 8
13 17 3
15 19 12
17 20 7
7 10 8
15 18 5
23 2 3
9 12 5
8 11 6
22 1 3
9 13 11
10 13 11
6 10 12
4 6 3
18 22 12
18 21 12
12 15 9
18 21 2
11 14 9
12 15 5
12 16 2
1 4 5
1 4 5
10 12 5
23 3 12
8 12 6
3 6 2
14 17 4
14 16 8
3 6 10
18 21 8
19 21 12
4 5 2
23 1 7
2 3 7
2 4 7
4 6 1
20 0 3
19 22 1
16 20 9
9 12 3
5 7 6
19 0 6
16 17 5
19 21 7
9 12 9
15 18 5
23 2 6
10 14 1
11 15 11
0 4 6
12 16 12
4 6 12
16 21 9
4 6 3
17 22 7
19 22 2
6 9 3
10 15 5
23 3 5
17 22 10
4 6 11
9 12 6
11 14 8
7 9 11
5 7 10
17 21 2
18 19 6
20 23 4
23 1 5
19 22 8
9 11 7
19 23 2
23 1 3
17 20 11
2 3 9
6 10 4
3 7 12
1 4 12
15 18 11
8 11 10
8 11 4
11 12 12
15 17 9
6 10 6
13 15 12
20 23 6
15 17 4
21 1 5
3 7 11
10 13 2
22 1 11
22 2 11
2 5 10
0 2 11
7 10 11
4 6 6
16 19 6
3 6 9
2 5 8
22 2 5
7 9 5
10 14 1
10 13 1
12 15 2
1 4 9
3 7 4
0 4 3
22 1 8
11 16 5
1 5 11
4 6 6
17 19 9
18 21 1
8 12 10
13 16 1
8 11 12
10 13 12
21 23 9
15 19 10
19 23 7
6 10 3
18 22 4
8 11 4
19 23 12
8 11 4
16 19 3
12 14 9
5 6 2
11 15 7
22 0 8
7 9 11
0 3 2
15 18 12
0 4 7
9 13 4
1 3 10
4 6 2
22 2 9
21 2 5
2 6 12
13 16 5
1 2 1
22 0 4
3 6 3
21 23 9
6 10 9
7 10 4
8 11 11
12 14 7
20 23 4
13 15 10
18 22 8
1 3 4
23 1 3
2 5 5
14 16 10
13 17 5
9 12 6
9 12 2
5 11 4
16 18 7
0 3 4
22 1 9
9 12 4
8 13 8
4 8 6
21 0 10
22 0 6
21 23 7
0 5 2
4 6 9
7 11 3
12 14 9
8 10 6
12 14 5
6 10 11
12 17 4
4 7 8
12 14 9
20 21 8
15 18 7
10 13 10
13 17 6
4 8 6
23 4 4
4 7 11
20 21 6
6 9 10
10 12 5
3 5 6
13 16 10
9 10 7
7 9 4
9 11 12
10 13 5
8 11 7
11 12 5
12 16 10
3 6 8
4 7 5
5 7 12
14 17 3
19 21 5
12 14 8
13 16 12
15 19 1
20 21 7
6 7 7
2 2 3
4 7 7
23 2 9
6 8 3
20 23 2
15 19 1
17 20 6
14 18 8
11 14 9
12 14 5
16 18 10
23 2 7
4 6 11
10 12 12
14 18 2
15 18 10
8 10 11
18 20 12
19 0 1
4 7 8
0 5 8
15 17 2
9 11 6
19 23 12
3 7 11
11 14 5
9 12 6
13 14 6
8 11 11
2 3 6
18 22 1
6 9 11
4 7 7
17 22 7
21 1 6
14 18 8
20 22 6
5 7 1
5 8 3
7 8 6
22 0 12
18 21 3
23 3 12
19 22 3
8 10 3
8 11 4
7 7 9
16 20 12
2 6 9
10 13 1
21 23 1
18 19 4
3 5 11
23 2 7
3 6 5
16 21 4
5 8 6
4 8 8
9 13 3
14 16 1
17 19 3
1 4 9
22 1 5
19 22 10
16 19 8
18 20 8
4 9 4
5 9 9
12 14 3
21 0 11
19 23 9
0 2 3
1 4 6
9 11 9
18 21 6
16 18 11
9 11 5
21 0 11
13 17 10
8 11 6
1 3 8
9 13 3
1 3 2
17 20 7
6 9 9
4 7 3
9 11 1
3 7 1
13 15 10
19 23 6
3 5 1
17 20 7
12 17 12
17 21 12
15 18 3
6 10 9
16 21 9
16 21 4
18 22 1
0 3 6
15 18 12
1 5 8
6 10 12
13 18 3
4 8 3
15 20 5
4 8 7
19 21 6
14 17 12
13 16 6
13 15 1
17 19 5
16 20 10
4 6 1
7 10 9
6 10 5
1 4 6
11 14 12
23 1 12
8 10 3
17 19 9
2 6 12
18 21 4
9 11 3
15 19 5
16 20 2
9 12 10
12 16 6
17 21 7
20 1 9
9 12 7
2 4 7
22 2 12
12 16 8
14 18 4
5 9 11
5 7 1
15 20 7
16 19 4
14 17 2
7 10 11
0 3 5
19 22 11
21 23 5
17 19 12
11 14 3
12 15 6
2 5 6
19 22 10
1 2 6
1 4 5
0 5 6
14 17 1
1 3 1
22 2 11
15 18 12
20 23 8
8 11 5
21 1 1
8 9 6
16 18 6
18 23 1
23 2 3
1 4 9
18 19 8
21 0 9
15 19 6
9 12 6
0 4 11
1 3 3
10 13 8
22 1 5
10 14 5
22 1 4
4 6 7
16 17 5
13 16 7
3 5 9
19 22 5
20 23 3
14 17 5
0 2 4
12 15 4
16 18 8
2 4 7
2 5 3
10 12 2
0 2 8
11 13 12
14 16 2
7 10 6
9 11 8
16 20 12
11 14 12
23 3 6
3 7 5
18 20 8
22 23 9
4 7 11
18 23 7
10 13 4
6 8 5
9 12 11
12 14 1
18 22 11
17 19 6
4 6 2
6 9 2
22 23 12
1 6 7
19 21 3
13 16 10
11 14 12
14 17 1
7 12 6
18 21 5
12 16 9
5 10 4
6 11 1
11 15 9
13 17 4
18 22 3
9 12 7
12 16 12
8 12 6
11 16 6
21 23 10
6 8 4
6 8 6
17 19 8
16 20 9
13 16 6
6 10 9
11 16 2
9 12 10
9 12 3
16 19 10
11 15 3
3 6 9
13 15 10
17 20 7
11 14 10
4 6 4
18 19 3
7 10 1
13 15 7
15 17 7
17 20 5
12 15 1
21 0 12
16 19 1
23 1 12
17 20 4
7 10 6
17 19 8
19 21 10
3 8 6
20 22 1
19 22 2
16 18 11
14 15 10
19 23 10
15 18 4
6 8 9
5 6 5
9 12 8
5 7 9
11 14 8
19 0 10
5 5 2
20 23 6
17 20 9
5 7 7
19 23 5
3 6 11
4 7 3
3 6 2
6 8 8
4 8 2
15 17 7
6 7 4
19 22 8
10 12 4
4 7 9
3 6 4
13 17 1
21 0 10
6 8 3
10 11 8
0 3 12
15 17 6
19 21 8
1 4 9
15 19 10
6 10 1
9 12 6
12 16 12
1 2 5
19 23 4
23 3 12
17 19 2
20 1 3
23 3 4
5 7 6
8 12 10
7 11 1
1 4 11
16 18 12
21 1 7
4 8 1
6 10 1
15 18 5
13 17 5
21 22 3
6 9 11
21 0 3
17 20 11
13 18 1
4 8 12
9 10 4
6 9 4
5 7 9
2 7 11
5 7 8
2 5 3
8 11 11
3 8 3
8 12 2
4 7 7
1 2 2
6 9 5
12 16 5
8 14 1
9 11 6
13 16 3
4 9 3
20 0 7
7 10 3
19 23 8
2 3 11
17 18 8
2 5 5
15 18 2
16 20 7
5 8 3
20 23 2
17 20 3
4 6 4
15 17 7
7 13 2
10 14 8
0 4 9
10 12 7
7 10 6
1 4 9
10 13 7
3 5 11
9 11 5
9 12 7
12 13 7
5 8 11
16 19 7
12 14 7
14 17 10
13 16 9
4 7 10
8 10 5
13 16 3
21 1 2
8 9 4
6 10 2
18 20 2
9 12 3
17 20 5
12 17 10
15 18 3
20 21 3
3 7 1
16 16 10
2 3 12
7 8 7
17 18 2
2 5 4
19 22 5
8 10 11
2 4 5
18 20 11
4 7 1
9 12 7
13 15 4
20 23 3
15 20 7
7 10 8
17 20 3
21 1 10
7 11 10
19 20 10
1 4 1
18 21 11
22 2 2
8 11 8
9 11 2
2 6 8
22 1 5
10 17 7
11 14 5
17 20 8
17 21 1
20 20 3
4 7 2
8 12 6
0 1 7
2 6 2
1 5 7
2 5 2
15 19 6
11 13 3
11 13 2
2 5 3
19 0 9
14 18 9
17 19 2
10 13 4
7 10 12
10 12 6
8 11 12
14 17 8
4 8 10
4 7 12
23 1 6
20 1 8
12 13 9
22 1 10
11 14 6
6 9 9
4 5 5
15 18 12
23 2 10
16 19 3
5 9 1
16 20 11
1 5 7
18 20 11
16 20 9
17 20 3
23 3 3
15 21 3
21 0 10
22 2 12
21 22 7
9 12 7
7 10 12
2 6 11
16 19 8
20 0 8
22 1 6
15 19 6
23 1 3
8 12 12
17 21 12
22 1 4
14 16 2
0 1 10
20 0 4
4 7 6
20 23 5
5 9 4
12 16 9
4 9 5
8 13 4
7 9 10
6 8 6
16 19 12
7 10 12
11 14 2
15 17 12
15 18 4
5 9 11
12 14 1
21 23 11
6 9 9
10 12 5
10 13 11
11 14 7
20 21 4
19 22 9
20 23 11
5 7 1
12 14 8
21 0 12
9 13 7
23 1 11
15 18 9
1 3 12
4 5 10
21 0 11
3 7 4
22 0 1
4 9 9
23 1 5
4 7 1
9 12 12
10 13 9
14 17 5
22 2 11
21 1 9
13 17 10
7 9 7
1 5 6
1 6 2
14 18 12
6 10 12
10 13 4
15 20 7
8 13 6
11 15 7
18 21 7
21 0 8
11 15 7
6 10 10
15 17 11
3 8 5
14 18 5
21 0 8
10 13 5
19 22 2
16 20 7
0 2 2
22 2 7
2 4 10
23 2 5
5 8 11
17 19 2
20 0 9
7 8 3
14 17 7
16 19 10
16 19 6
13 17 1
2 5 10
15 18 12
10 12 10
7 12 11
3 6 1
20 22 8
5 9 3
19 23 5
0 6 1
21 2 1
6 9 3
13 17 5
16 18 5
17 19 10
19 20 12
15 18 12
20 0 11
16 21 10
11 14 5
22 1 7
12 17 9
12 13 7
9 13 3
5 8 3
17 20 4
15 18 9
10 15 7
23 3 3
16 17 12
21 23 9
0 2 5
21 1 7
20 23 11
4 8 1
7 12 12
15 19 3
9 11 8
22 4 7
19 23 5
1 4 12
21 0 5
14 17 2
13 16 1
16 18 12
8 10 8
17 20 4
9 14 7
15 18 12
7 10 11
18 20 4
9 12 1
23 23 9
13 15 6
21 1 2
5 8 9
19 22 9
9 13 11
19 0 5
22 1 7
21 1 1
1 5 12
12 14 4
15 19 7
22 1 6
19 23 10
10 15 7
9 13 7
2 7 10
22 2 2
5 7 12
13 17 12
18 21 9
4 8 2
11 14 3
17 19 8
22 1 11
20 23 8
9 11 1
13 14 1
13 17 11
23 1 8
7 10 3
22 1 6
1 5 12
16 20 3
14 17 1
4 7 10
16 17 4
2 5 9
12 15 5
5 7 1
4 6 11
23 1 4
14 17 8
3 6 12
14 17 7
2 6 4
23 4 9
19 20 2
9 14 3
13 17 10
14 16 4
13 16 9
4 6 10
14 19 4
4 6 7
17 19 7
5 6 4
9 13 9
9 12 9
7 12 11
19 23 3
21 2 3
8 11 1
23 3 1
0 3 7
23 3 6
17 19 1
20 1 12
10 14 1
22 1 9
1 4 5
20 1 3
8 11 8
12 17 7
9 12 5
1 4 8
20 0 12
21 22 7
9 12 11
2 5 7
14 18 11
9 12 10
0 3 12
23 2 2
3 5 6
11 14 6
14 16 1
18 19 6
16 19 8
13 15 9
17 22 4
22 1 4
7 10 2
8 11 3
23 2 9
4 8 11
20 23 2
9 13 9
23 2 5
0 1 8
0 4 10
11 14 2
3 8 4
14 17 12
13 17 10
14 18 9
10 12 9
20 1 1
18 22 1
9 12 5
8 10 1
0 5 12
15 18 9
14 16 10
7 10 1
20 1 5
9 12 11
0 3 3
7 10 2
20 0 10
17 20 5
1 6 7
11 14 5
9 13 3
22 23 10
20 22 6
20 0 7
22 0 1
9 12 11
20 23 3
5 8 7
3 6 3
5 8 11
10 12 7
1 3 3
7 10 2
7 11 9
5 8 4
3 6 9
5 6 7
4 7 3
8 11 4
6 8 10
8 10 11
10 14 7
4 7 12
8 11 9
19 23 11
13 16 6
9 11 12
7 12 5
8 11 1
11 14 9
15 17 7
21 23 5
20 22 9
14 15 7
2 6 11
7 9 1
10 15 9
2 5 1
8 11 4
9 12 2
7 10 9
17 21 11
10 11 1
2 5 12
