2350 13
1 4 5 7 10 6 1 5 5 4 6 8 10 
4 8 8
10 14 9
10 13 9
9 12 11
11 15 1
19 23 9
19 23 6
7 9 4
5 8 11
19 22 12
11 14 10
13 16 4
12 15 7
18 22 1
22 0 7
16 18 8
6 8 4
18 20 7
16 16 3
10 13 10
14 16 6
1 4 11
6 9 1
13 16 1
16 19 6
22 0 2
17 20 5
1 4 9
1 5 13
2 6 3
10 12 9
15 18 7
3 6 8
23 2 4
10 13 6
18 22 1
12 16 1
15 18 8
20 1 4
9 12 7
5 10 8
1 4 6
1 7 7
3 5 9
13 15 1
0 1 3
15 19 13
11 14 10
15 19 12
7 10 9
11 15 13
6 10 7
14 17 6
8 11 7
6 9 11
21 0 13
22 1 13
13 15 3
15 18 13
1 2 1
16 20 3
19 23 12
14 17 5
16 17 4
14 14 9
12 14 10
17 20 2
16 19 2
17 21 5
5 9 11
11 13 6
9 12 4
18 21 13
5 8 6
21 0 5
23 0 10
1 4 5
19 23 9
13 16 4
9 13 8
14 17 7
11 14 5
6 9 3
6 9 3
16 19 10
22 0 12
2 6 9
18 20 5
14 17 3
14 17 12
5 8 10
1 3 5
2 4 12
0 4 5
22 1 13
8 12 9
11 14 7
11 14 3
3 5 5
3 7 3
11 16 4
0 3 10
3 6 5
15 19 10
5 9 3
8 12 9
8 11 4
18 20 1
8 11 9
5 7 6
5 8 2
7 10 2
20 22 13
2 5 4
10 13 1
3 6 11
23 3 2
8 12 7
19 21 11
20 22 9
20 22 13
8 10 1
13 16 3
17 20 5
17 19 6
21 23 2
9 13 4
11 13 6
3 6 3
16 20 10
10 13 2
14 19 10
10 14 5
23 2 13
5 7 7
3 5 11
17 19 8
17 18 10
22 2 1
15 18 13
6 9 10
3 5 9
2 6 9
17 21 2
2 5 10
1 4 4
10 12 6
10 12 2
7 9 9
1 4 5
3 8 6
20 20 11
0 0 11
17 19 8
11 13 10
16 18 13
10 14 12
13 16 5
4 5 13
16 20 2
15 18 4
12 15 12
16 19 1
22 23 4
4 6 8
1 7 8
6 9 3
11 16 11
20 22 8
15 18 10
8 11 10
8 9 4
8 10 4
14 17 4
7 10 8
20 22 7
18 22 13
17 20 9
18 21 7
18 19 4
1 3 9
6 10 3
23 1 12
0 2 9
5 8 13
20 23 3
21 0 6
12 16 12
14 18 1
0 4 12
23 1 6
1 4 3
18 20 11
18 19 10
5 7 10
4 8 6
21 0 3
8 10 5
11 15 3
18 21 10
17 19 3
7 10 9
15 17 13
11 14 5
10 14 11
21 1 13
23 1 2
21 23 11
20 1 3
4 7 2
20 22 1
15 20 11
6 10 11
7 8 2
2 7 4
6 9 9
20 23 4
11 12 13
3 6 5
5 10 4
18 21 10
15 18 9
17 22 11
2 5 10
15 18 6
20 23 12
8 10 6
17 21 8
5 7 13
7 10 3
23 1 13
5 8 8
2 4 10
17 21 3
19 20 9
20 23 3
7 10 13
9 12 1
19 22 10
2 4 2
2 5 7
10 13 10
8 11 12
17 21 12
5 8 10
19 22 11
0 5 7
23 2 9
14 18 4
2 5 13
18 20 9
7 10 11
21 0 13
16 19 8
5 8 2
22 0 8
9 13 13
14 16 3
1 2 10
0 4 3
17 20 8
6 9 11
8 12 5
21 0 1
11 15 8
10 13 3
5 6 4
2 4 12
8 11 13
13 16 11
17 22 7
11 13 4
2 7 8
21 0 2
17 19 5
18 20 6
5 7 13
6 10 3
7 10 5
12 16 2
9 12 11
12 14 6
9 12 8
19 23 5
11 13 13
9 11 8
4 7 1
9 11 9
11 15 3
8 10 3
5 7 4
9 12 11
12 16 5
13 18 7
5 8 6
18 21 4
3 6 10
12 15 11
3 5 2
5 10 4
2 3 12
0 1 2
2 5 4
10 13 2
0 3 7
16 17 4
11 15 8
9 11 10
14 17 7
5 8 9
8 12 8
11 14 8
15 17 1
0 0 6
11 13 5
15 16 11
5 7 12
9 13 13
14 18 5
19 23 2
11 16 10
14 17 6
9 12 3
13 17 12
23 1 6
21 0 12
2 3 9
11 15 12
13 16 4
23 2 6
16 20 6
2 4 6
6 8 4
5 9 7
14 17 8
2 4 8
12 16 5
19 22 13
19 22 9
7 8 5
10 12 1
20 0 6
19 22 4
2 4 1
19 22 7
15 18 12
9 12 13
7 10 4
11 14 3
7 10 13
1 5 3
8 11 10
6 10 3
20 21 7
23 2 7
3 6 6
11 15 10
8 10 2
2 5 6
16 19 5
12 16 2
14 16 13
15 18 13
6 10 6
13 17 12
6 8 12
21 23 2
22 0 7
9 14 12
9 12 5
11 15 11
23 1 9
21 1 9
13 17 7
7 9 9
22 2 6
13 15 12
18 21 6
6 10 11
6 8 11
23 2 4
1 2 4
4 8 9
21 23 11
17 20 7
9 12 5
22 1 11
2 6 4
6 8 10
1 4 13
3 5 8
4 8 5
10 14 4
22 1 2
8 10 1
3 5 3
3 6 8
6 10 9
2 5 1
3 4 8
15 16 6
14 17 11
18 21 6
18 20 8
12 15 2
19 20 13
0 3 3
0 4 13
22 1 4
12 15 12
17 20 12
19 21 11
20 22 5
16 19 4
19 23 9
6 8 1
5 8 3
13 15 5
6 8 8
9 14 10
22 0 9
22 2 13
12 16 2
5 8 13
6 10 10
5 8 4
16 19 2
0 3 13
15 18 6
16 19 13
18 19 7
7 9 2
18 21 5
16 19 4
20 22 8
12 15 6
7 11 3
5 9 4
5 8 6
16 19 3
13 14 3
19 22 9
21 0 12
5 6 3
0 2 4
16 18 6
17 20 6
7 9 9
12 14 10
11 14 3
9 11 3
23 3 11
23 2 4
6 11 13
23 2 9
3 6 10
21 2 1
10 13 4
23 4 10
7 12 7
17 21 5
14 17 12
10 14 5
18 20 8
12 16 8
11 14 9
19 0 3
9 13 2
13 15 5
15 16 2
15 18 1
7 9 4
3 6 7
15 18 8
16 19 11
20 0 10
17 21 8
7 10 12
11 14 6
9 13 6
13 15 8
7 8 1
12 15 8
5 7 3
4 7 1
5 8 1
3 4 9
1 6 13
7 11 2
2 5 12
3 8 12
0 1 1
13 16 9
22 3 2
7 9 2
6 9 3
10 11 8
16 18 7
2 6 12
5 8 1
16 20 9
23 2 9
6 8 4
8 10 7
11 14 7
9 12 3
1 3 3
13 17 10
16 20 5
2 5 11
15 19 4
12 15 7
23 3 2
7 12 7
23 3 6
1 5 9
13 16 12
13 16 11
23 2 9
1 5 11
18 21 5
10 12 8
16 21 10
22 1 13
17 20 4
17 20 1
6 9 9
18 19 10
14 17 13
19 21 13
0 2 8
6 10 2
6 7 9
5 9 5
18 20 7
19 23 6
22 1 4
19 23 5
10 14 6
16 21 3
12 16 12
13 16 6
12 16 11
13 14 3
22 2 4
2 6 10
14 18 4
11 13 7
6 7 2
18 19 13
17 21 5
9 12 13
9 13 6
22 2 7
20 0 9
22 0 3
17 20 5
3 5 6
23 2 4
7 9 10
17 18 10
8 12 5
11 13 7
7 10 4
1 3 8
22 0 11
6 10 5
13 18 4
0 5 8
0 3 6
20 23 3
11 14 11
22 2 12
10 13 9
14 18 1
23 1 1
21 0 4
1 4 7
14 17 6
22 2 6
8 12 11
0 2 1
1 2 10
10 13 5
0 3 9
23 2 7
7 8 4
8 11 8
4 6 4
12 17 7
16 19 6
15 18 8
5 8 1
0 4 10
12 16 10
12 15 6
4 8 12
20 22 13
10 13 3
9 12 11
11 14 1
15 17 6
18 21 9
8 11 1
19 22 7
4 6 12
15 18 9
12 15 5
10 14 1
21 0 12
7 10 10
17 20 3
11 16 6
17 19 2
10 15 4
15 18 12
8 9 8
6 9 10
16 18 8
4 8 11
5 8 1
11 14 13
8 10 1
4 6 2
12 15 4
2 5 12
20 0 2
1 4 7
5 9 11
18 21 11
9 12 3
4 7 4
8 10 5
12 15 3
4 8 6
1 3 2
7 10 4
22 3 2
4 8 2
14 17 11
17 18 4
3 5 2
7 11 5
19 23 6
12 15 7
1 3 7
15 16 13
6 8 13
20 23 1
13 18 7
8 12 13
19 21 7
4 7 11
17 21 10
0 3 13
12 13 1
22 2 3
2 5 9
1 4 12
1 6 7
6 10 5
18 22 5
15 17 3
10 14 7
23 2 4
15 18 10
19 22 2
18 19 10
18 20 12
17 22 2
7 11 4
7 9 1
9 11 5
15 17 8
7 10 9
5 8 2
14 17 1
13 16 12
18 19 9
9 10 6
5 9 11
0 4 10
1 5 5
15 17 3
12 16 6
20 0 13
20 22 1
11 15 4
0 3 4
20 0 13
7 10 5
20 22 1
11 16 1
5 7 13
13 14 7
4 7 6
4 6 11
16 19 4
23 2 11
0 3 2
15 18 10
0 5 13
22 0 5
2 5 10
22 1 4
12 15 6
21 0 7
19 21 10
21 0 7
1 4 4
11 14 5
7 8 4
7 8 6
21 1 2
9 12 2
3 7 1
17 21 11
23 2 1
11 14 9
11 13 11
3 4 8
8 13 9
9 12 10
4 6 13
15 19 11
22 2 6
1 3 13
17 20 9
11 15 1
4 8 7
17 20 5
6 8 13
12 14 5
16 17 9
3 8 1
3 5 5
22 1 6
7 11 13
6 8 1
0 4 6
5 8 10
19 21 10
17 19 13
22 0 13
0 4 2
13 16 8
10 14 10
16 18 7
5 7 12
7 11 13
13 16 7
13 14 1
8 12 13
10 13 13
10 12 11
10 13 4
15 18 10
8 9 9
3 6 10
20 23 2
17 20 3
5 8 10
14 18 2
23 1 9
21 0 5
16 19 7
8 11 10
10 11 12
3 6 1
12 15 3
9 12 4
4 6 10
1 5 1
11 12 12
9 11 8
19 23 13
4 8 12
2 6 3
7 11 10
8 10 3
1 4 8
19 23 3
23 2 6
2 4 10
4 9 13
4 7 8
13 16 7
13 16 7
18 21 3
19 20 5
22 23 1
2 6 9
18 20 7
19 22 4
10 13 10
14 17 11
9 11 12
16 19 1
11 15 13
13 18 7
23 2 11
19 22 13
7 10 3
10 14 1
14 18 13
7 11 11
11 15 7
7 10 10
21 0 9
6 9 9
8 11 4
11 13 1
0 2 13
22 1 1
17 18 13
16 21 11
3 7 11
12 16 11
23 2 12
21 23 7
8 12 6
11 14 5
10 13 3
0 4 5
11 13 1
13 15 2
19 23 8
22 0 5
13 17 9
14 15 4
3 5 4
2 5 13
11 15 7
17 19 7
18 20 10
18 21 9
4 8 2
10 12 2
15 17 9
21 0 2
17 20 13
8 12 10
10 13 13
2 4 1
21 22 11
6 10 9
16 17 7
4 8 3
3 7 1
14 16 13
11 14 9
17 21 5
3 7 4
21 23 12
3 7 12
6 8 13
0 3 11
7 10 11
6 9 4
14 17 12
23 2 3
13 17 12
7 9 10
12 14 1
16 19 6
1 3 11
9 12 11
1 4 3
15 18 11
7 9 11
10 15 13
10 12 10
11 14 9
13 17 1
10 12 4
17 20 6
5 9 5
15 17 5
14 17 10
10 13 12
18 20 6
2 6 13
2 4 12
20 0 4
13 17 7
19 23 5
8 10 9
2 5 11
17 21 13
13 16 1
17 19 12
9 13 11
3 5 4
18 21 8
21 1 7
9 12 12
21 0 12
0 2 4
7 10 1
14 18 13
12 15 5
7 10 6
1 7 3
20 22 11
4 6 5
17 20 4
13 15 11
9 11 3
23 2 2
8 10 3
22 0 10
16 18 8
15 21 13
22 2 8
18 22 7
17 20 1
11 15 7
9 11 8
6 8 1
7 10 4
23 2 6
0 4 7
5 10 12
0 4 7
1 2 4
12 15 7
15 17 5
8 10 7
5 8 9
18 20 2
4 6 4
19 23 6
1 4 13
0 5 9
20 1 4
11 14 6
2 6 2
23 2 10
21 0 7
13 16 11
17 19 7
0 3 2
8 11 1
19 23 12
21 1 1
16 19 11
22 3 12
13 18 3
0 5 8
11 14 13
18 21 8
7 10 2
17 21 1
9 12 4
19 21 3
16 19 2
23 0 1
12 13 6
15 19 3
5 8 1
21 23 5
13 18 1
23 0 13
13 17 9
9 12 12
13 17 12
9 13 9
4 9 13
0 4 13
17 20 1
23 2 1
2 5 1
13 17 3
2 7 8
2 6 4
3 4 5
13 18 11
23 2 7
3 7 1
0 3 5
12 16 4
9 12 9
17 20 12
19 22 10
14 17 7
7 10 1
14 16 11
20 23 11
15 18 2
13 16 3
11 13 13
5 8 12
23 2 3
13 15 3
18 22 3
14 17 1
9 12 8
23 2 13
3 7 1
11 13 1
5 8 3
19 21 4
16 19 10
12 14 2
6 8 5
15 20 5
15 18 7
5 7 5
16 20 2
14 17 10
16 19 9
23 3 10
23 1 5
21 0 4
8 10 12
15 20 5
10 13 8
7 10 6
12 15 10
8 11 2
22 3 9
8 10 6
13 16 11
9 11 1
6 11 9
19 22 3
15 18 1
13 16 7
14 17 11
8 9 6
11 15 1
11 13 3
17 20 3
11 14 9
7 9 10
17 21 13
3 5 3
11 15 9
5 6 10
23 1 4
10 14 1
12 16 3
4 7 3
18 21 4
2 5 11
16 15 7
12 14 2
18 21 1
9 13 12
0 3 8
12 13 10
4 7 10
6 9 5
2 5 11
23 4 11
19 22 9
6 6 7
6 8 2
23 3 13
6 10 5
4 8 9
6 11 1
18 22 12
3 5 5
5 7 11
14 17 10
0 2 12
2 5 10
4 8 12
22 1 12
21 23 3
16 20 9
9 13 3
9 13 12
16 19 12
14 17 1
21 2 2
2 5 7
18 19 8
14 19 4
7 10 1
10 14 4
19 21 13
5 9 13
11 17 7
19 23 4
16 19 12
15 18 5
1 5 10
1 3 11
15 18 11
19 21 6
2 5 7
13 16 6
19 22 1
0 2 2
23 2 3
9 11 12
9 12 5
0 3 9
5 10 12
14 16 1
7 9 8
10 12 10
22 1 4
9 14 7
21 23 6
6 9 3
4 6 7
19 23 9
19 23 4
18 21 2
4 9 7
13 16 6
16 17 6
5 8 10
8 11 11
22 2 13
1 4 5
17 20 3
11 14 13
12 15 13
1 2 5
3 7 6
18 22 6
10 12 8
18 21 6
12 15 10
22 1 1
19 21 10
23 2 8
8 13 6
15 17 6
3 6 8
9 12 7
1 3 5
11 13 13
15 20 12
19 22 5
19 22 2
8 10 8
2 6 2
16 19 8
4 8 12
16 19 10
16 20 8
5 11 3
16 18 13
12 14 10
21 0 3
16 18 12
4 7 11
20 23 9
12 15 12
9 11 6
4 7 11
2 4 11
18 22 4
21 0 12
18 21 11
21 22 7
19 21 10
5 8 5
17 18 1
0 3 4
23 2 10
11 14 12
22 1 13
15 18 9
22 1 13
21 0 8
2 6 12
18 21 3
14 16 1
1 6 10
8 10 10
12 14 11
1 3 1
22 1 8
8 12 12
22 2 13
10 13 6
19 22 12
4 6 7
3 6 12
6 7 6
23 2 8
8 12 11
7 11 7
20 23 7
7 12 9
15 19 6
20 23 3
20 21 6
10 15 8
1 5 5
16 20 4
7 10 4
20 1 1
23 2 13
7 10 8
11 14 7
18 20 8
1 4 1
23 2 2
10 13 3
4 6 2
14 18 8
3 6 4
23 1 11
12 14 5
23 1 12
19 22 6
4 6 3
1 4 7
12 15 10
4 10 4
5 8 2
20 22 4
17 21 1
22 2 8
9 12 2
6 9 1
1 4 1
5 8 9
19 22 3
19 21 3
5 10 3
1 4 5
18 22 3
14 18 1
11 15 2
20 22 9
21 1 4
10 11 4
15 17 7
13 17 1
14 16 4
16 18 2
0 4 5
15 18 13
15 19 10
11 14 11
11 15 4
1 4 7
19 22 9
19 23 11
11 14 10
21 0 12
12 14 8
15 18 10
12 15 5
3 6 6
10 14 9
16 17 11
2 5 10
11 15 4
2 3 6
1 5 13
13 15 7
0 3 4
10 13 10
9 11 2
5 6 9
11 16 10
12 13 7
8 11 7
21 2 5
11 13 4
16 19 10
20 1 2
15 19 11
2 4 11
23 3 8
4 7 11
15 18 13
17 19 8
16 19 5
3 4 9
0 3 6
13 16 10
18 21 6
22 2 6
10 16 10
9 13 6
17 21 2
3 7 7
6 10 2
18 22 10
14 16 8
2 3 4
14 17 2
2 6 5
2 4 5
23 2 2
12 14 10
15 18 5
13 16 2
5 8 9
17 20 12
17 19 2
22 1 6
5 7 6
6 8 11
7 10 12
6 9 9
10 13 3
9 12 6
8 12 6
21 0 13
16 17 13
20 23 6
4 8 2
19 22 4
8 11 2
8 10 1
7 10 3
22 1 2
1 4 3
5 8 3
14 17 9
9 12 6
8 9 4
4 6 5
21 0 7
19 21 8
15 18 3
8 11 12
6 9 9
0 2 2
20 1 10
15 17 5
5 9 11
11 13 6
12 15 6
19 22 12
18 21 5
22 0 9
6 7 12
2 4 8
2 5 7
4 8 7
12 15 6
21 0 3
15 19 1
16 19 2
14 16 4
3 5 1
4 6 3
8 11 13
1 2 3
0 2 12
4 7 3
12 15 3
8 11 6
21 0 8
3 6 13
4 6 8
7 8 11
7 10 7
8 11 3
3 6 10
16 19 4
21 22 7
3 6 5
13 16 1
0 3 2
23 3 10
11 14 6
21 23 10
1 3 12
3 4 13
16 17 4
20 0 9
23 0 12
15 18 4
13 16 2
13 17 2
12 17 1
15 17 4
19 23 8
18 23 2
1 3 2
6 9 7
16 19 7
6 8 10
0 3 9
19 23 12
10 13 4
15 18 11
11 13 13
0 4 6
8 11 1
10 13 6
21 1 1
15 18 13
1 4 2
11 12 9
6 8 10
13 16 13
16 20 2
22 2 12
0 4 11
8 11 12
11 13 6
11 14 4
8 11 8
14 16 5
18 21 10
0 4 3
17 19 7
19 21 12
17 19 10
15 19 7
1 5 6
15 19 6
23 2 5
23 2 8
21 0 13
10 13 5
1 5 10
2 5 10
20 0 10
5 8 13
18 20 2
22 23 6
11 15 1
7 9 1
2 6 2
13 17 11
13 16 13
4 7 10
23 2 5
12 15 3
1 6 5
0 4 13
16 20 9
11 14 6
13 17 4
3 6 1
7 8 8
3 7 11
11 14 9
22 1 2
14 18 9
4 6 1
3 7 13
2 7 6
14 17 1
15 17 2
6 9 9
2 5 7
15 18 11
7 10 2
16 19 11
0 2 5
14 16 6
11 13 1
5 8 6
11 17 8
6 9 3
17 19 8
18 21 2
5 8 2
14 17 11
23 2 11
16 19 10
5 8 3
22 1 12
19 20 9
14 18 7
1 4 7
0 3 11
6 9 2
1 3 5
20 21 1
11 13 6
1 5 3
13 15 7
1 5 9
19 22 9
12 17 5
9 14 3
17 20 1
5 7 10
6 8 3
4 7 6
18 21 9
12 16 7
3 6 12
17 19 10
13 16 7
6 11 12
9 11 1
15 19 1
21 2 13
18 22 1
18 21 4
0 1 11
14 17 12
7 8 11
11 14 6
8 10 4
1 5 6
18 19 13
21 1 9
1 4 8
10 12 7
10 13 6
8 10 9
23 2 8
16 19 5
9 13 6
2 6 4
6 9 11
0 1 9
22 0 2
10 14 6
23 1 11
17 20 3
2 5 7
11 13 13
17 19 2
11 15 8
19 22 9
8 10 4
0 2 13
11 13 2
2 5 11
16 17 12
0 3 12
9 8 11
17 20 13
19 22 2
2 4 11
4 7 13
3 5 4
4 8 7
16 19 10
10 15 8
7 11 11
1 2 6
10 15 12
19 22 9
2 5 11
6 10 3
7 9 9
16 19 8
0 4 9
9 11 3
21 1 9
10 13 1
10 13 5
10 14 3
23 1 13
23 1 6
15 19 2
19 22 8
11 13 4
8 11 8
4 7 4
22 0 12
11 13 4
1 4 2
6 9 3
6 8 5
8 13 6
9 12 7
18 23 11
4 5 1
18 21 4
22 1 2
8 9 6
14 17 8
11 14 7
7 9 13
2 5 6
13 17 11
1 4 12
13 17 6
10 11 13
2 4 5
3 7 8
10 13 12
0 2 1
15 17 6
13 16 12
7 11 10
5 7 1
14 18 3
22 2 10
21 1 10
15 18 1
9 10 10
7 10 13
4 6 6
14 19 11
22 1 10
10 13 10
16 18 13
20 21 8
4 6 7
20 22 7
18 21 13
9 12 1
14 17 2
12 14 3
8 10 13
12 16 1
15 18 4
0 2 2
6 11 3
2 3 13
4 8 12
11 12 7
14 16 11
10 13 11
11 14 2
19 20 4
7 11 12
7 12 1
20 23 2
18 22 1
11 13 8
23 4 1
2 3 6
15 19 7
13 16 9
0 4 6
4 8 4
8 12 1
3 4 9
1 5 1
7 12 10
15 18 13
15 17 2
8 14 5
12 14 8
6 10 8
0 3 8
11 14 6
18 20 13
12 15 11
6 8 12
9 13 13
22 1 9
21 1 8
4 7 13
13 14 3
13 17 7
17 20 9
10 13 3
19 21 11
6 9 11
19 21 12
16 19 8
5 7 4
6 10 11
15 18 2
7 10 2
23 3 9
17 19 2
8 11 10
15 17 13
0 4 8
12 15 2
6 9 6
0 1 7
9 12 2
15 18 11
2 6 3
22 2 13
1 4 12
18 21 12
17 21 7
22 1 11
20 23 10
5 7 1
18 20 8
5 8 8
10 15 4
10 14 2
7 13 5
0 2 13
20 23 7
7 9 1
22 1 5
23 1 10
11 14 8
21 23 4
12 14 12
4 8 9
9 11 2
19 21 10
20 23 2
19 0 9
20 23 12
17 19 8
13 16 3
7 10 8
4 7 10
14 17 2
10 12 12
16 18 11
2 2 9
1 4 5
23 2 5
14 17 4
9 11 11
1 3 12
17 19 2
7 10 13
4 6 3
9 12 4
0 2 1
0 5 11
0 4 10
16 20 8
11 14 1
5 7 12
10 13 10
7 11 13
1 3 5
15 19 9
10 13 9
18 20 7
18 21 9
10 12 10
12 14 13
6 10 8
23 1 9
16 19 4
3 7 12
10 13 1
4 9 6
15 19 5
6 7 1
23 3 2
21 0 5
16 18 8
23 3 3
18 21 7
9 12 4
10 14 10
9 13 13
10 12 5
11 14 13
23 3 2
4 7 9
23 1 9
13 16 1
23 3 7
12 15 6
4 7 1
15 16 10
14 16 5
7 9 1
10 12 13
18 20 3
10 14 7
16 18 4
20 22 10
23 3 7
4 8 10
2 5 12
9 12 2
6 9 11
16 19 2
3 4 13
19 22 4
4 7 9
14 18 13
21 23 11
8 11 10
10 12 9
14 18 4
3 8 7
11 16 9
10 14 10
20 22 4
18 21 7
5 8 7
12 15 13
13 16 6
7 9 11
17 18 5
22 1 12
1 5 12
0 2 13
16 20 4
14 16 2
0 3 10
2 3 9
4 7 2
16 18 3
2 4 3
15 19 6
6 9 1
22 1 2
9 11 1
4 8 2
2 4 9
11 13 9
3 6 12
16 20 1
2 4 3
11 15 5
5 8 2
5 8 4
4 8 9
11 14 10
2 5 11
8 11 12
15 18 1
17 19 1
20 23 6
6 10 8
20 23 11
11 14 2
15 16 10
0 1 4
10 13 12
12 15 10
21 1 13
20 22 10
21 1 10
22 3 2
4 7 8
17 19 1
8 13 5
13 15 12
16 18 10
1 6 1
10 13 3
22 0 12
10 13 13
16 19 10
22 0 12
9 13 6
17 18 5
18 21 9
1 5 9
20 0 6
18 22 10
18 23 10
14 16 3
9 12 9
18 21 8
14 17 12
21 0 12
22 23 3
12 15 4
17 19 3
11 14 4
21 1 7
1 5 3
23 2 6
23 2 2
9 12 2
9 12 8
10 12 6
0 3 6
0 2 8
17 20 7
1 3 13
16 19 2
19 23 1
22 23 7
19 22 7
0 0 8
5 8 6
0 2 13
12 15 7
16 20 13
14 18 2
14 16 12
22 2 5
18 21 2
0 2 9
2 6 1
12 16 11
4 8 6
1 5 10
18 19 4
7 11 7
5 7 4
1 5 12
11 14 8
15 17 6
23 2 5
0 3 4
8 11 13
5 8 4
15 18 2
19 22 13
10 14 7
14 17 12
19 21 3
21 0 3
18 20 8
9 9 6
2 4 7
19 20 13
18 21 7
21 23 11
14 18 7
8 11 7
1 5 1
16 19 2
8 11 10
12 15 4
7 11 2
18 21 10
4 7 5
3 7 7
21 23 13
10 14 9
20 0 9
4 8 5
18 23 8
7 11 4
5 8 7
17 19 12
23 3 10
5 7 13
15 18 11
22 23 9
14 16 7
3 5 5
20 21 4
21 0 9
16 21 11
19 21 12
19 22 5
0 3 13
2 5 7
5 9 3
21 0 7
15 18 2
19 22 6
12 15 5
14 19 6
5 7 1
6 10 6
0 2 4
1 5 13
17 20 2
18 19 5
9 13 2
6 8 3
21 1 3
18 21 2
5 8 11
4 6 9
7 10 2
8 13 7
11 14 6
11 13 8
21 23 1
3 7 9
9 13 6
9 12 1
8 11 1
16 19 13
3 6 2
6 8 7
1 5 7
16 19 7
14 16 3
20 23 2
21 23 3
0 3 7
11 13 11
9 10 12
22 2 7
16 17 13
23 2 8
17 20 9
4 8 6
17 20 2
22 1 2
11 13 13
3 4 5
3 7 8
11 13 3
1 5 1
9 12 5
4 7 5
7 11 7
21 23 10
1 4 7
13 16 2
23 2 11
19 21 6
20 21 12
9 13 13
15 17 4
1 3 11
21 0 11
17 20 6
11 15 4
19 22 7
22 2 9
12 15 1
12 15 2
11 14 10
7 10 7
8 11 2
21 1 7
4 7 4
8 11 6
11 12 1
1 3 2
14 16 13
9 14 4
16 18 2
12 14 6
4 9 4
15 17 1
20 2 12
7 10 3
22 1 7
16 18 4
15 18 5
4 7 11
13 16 13
2 5 13
22 0 1
1 5 1
20 21 7
1 4 9
11 13 4
15 17 4
22 0 9
23 1 5
4 7 5
20 0 11
6 8 3
23 2 5
9 11 5
2 5 7
11 12 2
16 19 2
13 16 8
21 0 5
14 16 6
19 23 2
18 20 7
9 10 4
17 19 7
4 5 13
2 5 11
6 10 7
2 5 8
1 2 4
23 3 9
14 18 7
23 1 3
16 18 5
6 9 12
4 7 5
17 19 3
1 3 12
13 15 12
2 6 4
19 23 11
2 4 12
2 5 9
1 5 11
1 5 9
20 0 1
7 11 11
13 16 7
17 19 4
22 2 1
10 14 5
10 13 1
16 19 9
17 19 9
5 9 2
17 20 10
9 14 8
2 5 7
1 4 2
17 20 9
12 13 4
23 1 4
20 0 7
2 4 1
14 16 11
15 18 5
16 21 3
9 13 9
20 0 11
17 20 3
16 19 7
5 7 9
13 18 3
18 22 13
14 17 3
8 11 5
21 0 13
20 23 12
3 5 11
10 12 10
4 7 1
20 22 10
18 21 8
19 22 4
4 5 11
9 12 13
19 21 11
5 8 3
4 7 11
22 1 13
0 3 4
4 6 11
2 6 9
16 18 6
19 21 8
10 13 12
6 9 9
5 8 10
11 13 2
8 11 1
8 11 4
3 6 7
21 3 5
14 17 1
21 0 7
2 4 4
14 17 11
9 13 2
0 3 10
6 7 8
18 21 1
4 8 4
20 1 5
20 0 11
3 6 10
17 19 12
2 5 4
22 1 2
23 1 6
18 23 2
14 18 1
10 14 12
0 3 1
12 15 11
8 12 10
23 3 9
23 4 5
1 5 9
17 21 5
11 14 3
13 18 1
20 22 7
4 8 8
19 22 9
0 4 4
1 3 7
21 0 3
17 20 10
23 3 6
1 4 13
13 16 3
16 20 3
21 23 5
6 8 6
10 14 4
17 20 3
4 7 12
12 16 9
21 0 6
20 23 2
0 2 8
16 18 10
14 17 2
2 5 8
15 18 11
12 16 11
1 3 9
15 18 9
1 4 4
5 7 3
18 22 10
22 2 8
3 5 11
18 19 8
6 9 5
7 9 10
1 4 9
8 10 5
19 21 2
11 13 12
20 23 1
5 8 7
10 13 4
15 16 6
18 22 2
23 0 5
8 10 1
4 6 12
5 7 5
1 3 8
1 5 13
0 4 8
8 11 12
3 6 7
23 2 12
14 17 2
15 19 13
13 16 8
1 5 3
2 4 1
3 7 11
19 22 10
13 16 4
5 8 10
6 8 2
15 17 7
10 12 1
22 1 6
8 10 8
9 14 5
12 13 8
14 15 13
17 17 13
7 11 8
15 18 9
2 5 11
6 9 10
23 1 1
8 11 1
9 11 1
17 20 6
20 0 1
5 9 6
20 22 10
11 13 5
9 10 9
2 5 12
6 9 8
21 23 4
1 4 2
8 10 7
15 18 11
9 12 13
17 21 6
8 11 7
1 4 8
9 11 2
20 22 7
13 16 1
21 2 3
1 5 11
15 17 6
22 0 12
5 9 5
17 20 1
12 15 11
20 23 2
17 21 2
4 8 13
18 19 12
5 7 13
3 7 6
18 22 7
4 7 12
16 19 11
7 11 4
7 9 12
0 3 12
6 10 12
13 15 4
4 6 9
6 8 1
15 19 1
14 17 3
2 6 13
9 13 12
12 14 5
1 4 9
10 14 12
3 7 10
4 5 8
10 15 9
15 18 2
4 7 11
22 0 2
9 12 6
6 8 12
18 21 8
18 21 3
13 16 13
17 20 6
17 20 2
10 14 6
2 5 1
5 8 10
3 7 9
3 6 5
2 5 7
13 16 3
10 13 1
10 14 6
11 13 1
5 9 13
23 1 10
2 4 13
14 18 11
9 12 4
20 0 3
17 21 1
12 16 3
2 4 9
7 10 10
0 2 8
4 7 4
21 2 6
14 18 7
3 6 1
5 8 12
13 17 11
5 7 9
19 22 10
8 10 2
20 0 11
22 2 11
19 0 11
19 21 9
15 18 4
6 12 3
11 12 9
2 7 12
20 21 1
13 16 9
8 11 2
10 14 13
2 4 9
18 22 2
5 8 7
19 22 5
8 12 1
4 6 1
8 11 1
23 2 4
2 5 12
14 16 7
7 10 12
