2200 16
7 4 4 7 3 1 9 10 3 4 1 6 4 6 7 6 
11 15 6
19 21 7
12 15 4
12 13 15
3 6 16
23 2 5
20 22 16
21 1 16
20 21 14
19 23 4
22 23 8
3 5 3
8 11 5
4 7 13
16 19 16
9 12 14
15 18 13
0 4 4
10 12 9
10 13 7
5 8 5
2 4 3
22 0 4
1 4 8
5 9 9
14 16 16
20 0 12
11 16 5
11 16 6
15 18 14
18 21 9
17 20 3
12 15 2
0 4 1
0 2 8
16 19 11
10 13 6
19 21 13
14 16 6
15 17 12
22 1 3
16 18 10
6 9 9
2 4 15
0 3 1
15 18 9
7 11 11
15 17 10
5 10 14
4 7 4
5 9 4
18 21 7
14 17 2
17 19 14
17 20 5
2 5 7
5 8 2
2 6 6
16 20 3
8 11 9
16 19 1
22 2 3
19 21 14
14 18 5
11 15 1
6 11 12
11 14 6
1 5 8
7 10 9
6 10 12
23 3 14
5 7 8
4 5 9
19 21 6
18 21 7
15 18 13
12 15 16
9 13 7
19 0 16
11 14 4
14 17 13
16 18 11
18 23 1
7 10 11
22 0 4
6 9 14
23 2 10
5 8 11
14 18 5
15 19 7
2 6 15
7 11 7
21 1 9
12 16 10
1 5 2
6 10 1
17 20 16
23 1 6
2 5 15
11 15 5
18 22 9
19 21 2
10 14 8
0 3 8
2 4 2
18 19 7
16 19 14
1 3 1
14 17 14
4 8 10
10 14 8
1 5 11
1 4 4
8 10 9
6 10 10
10 12 8
21 1 1
15 17 10
14 17 15
14 17 9
3 7 6
6 9 9
15 18 12
12 14 4
5 8 14
14 16 2
1 3 16
7 10 2
6 5 5
6 10 9
11 15 11
20 23 2
20 0 10
6 9 16
14 18 6
22 0 16
7 9 14
5 8 11
10 14 9
21 2 3
14 16 6
12 13 5
8 14 11
19 0 9
12 16 8
9 11 14
12 15 11
21 1 15
22 0 13
7 9 5
14 18 8
23 2 4
16 20 9
12 17 13
1 4 13
19 20 9
1 5 1
11 15 7
0 3 15
8 10 13
14 17 2
6 10 10
5 7 13
6 8 2
1 4 15
18 21 6
17 20 12
14 18 15
10 12 14
18 22 11
8 10 7
8 11 15
17 20 10
14 18 6
5 9 15
2 6 9
9 12 2
3 5 5
7 10 16
19 22 4
11 14 9
8 10 1
7 10 16
6 8 5
18 21 15
17 19 16
23 0 9
7 8 14
17 20 9
11 14 5
14 17 11
2 5 11
20 23 4
8 10 7
22 1 2
2 6 4
14 16 13
14 17 14
14 18 15
11 13 12
13 14 9
7 9 4
15 17 8
0 3 12
2 5 3
7 8 7
7 11 12
10 12 4
12 17 10
8 13 7
5 9 1
7 9 8
7 8 11
19 23 1
5 8 11
0 2 7
11 12 5
3 6 8
1 3 6
10 14 13
2 4 6
12 14 8
6 10 14
23 2 10
12 15 11
5 7 16
4 8 3
17 20 3
23 2 5
22 3 11
5 9 3
16 19 1
23 3 8
18 21 13
7 11 14
17 20 7
11 13 7
12 14 2
6 9 6
0 2 8
4 6 3
18 22 7
15 18 11
22 0 15
12 14 6
14 16 15
3 6 5
17 21 16
14 19 6
16 19 16
3 6 10
7 10 4
2 4 6
21 23 4
6 9 14
12 15 4
20 0 6
7 10 8
5 7 16
18 20 6
4 6 3
12 15 16
22 3 10
12 14 5
2 5 4
23 2 10
22 1 10
17 20 6
19 23 10
18 21 2
13 16 15
23 2 11
15 19 14
20 22 13
9 10 3
8 9 13
21 0 2
12 15 10
22 1 2
23 3 9
10 13 3
1 4 2
4 8 6
10 12 6
2 6 9
9 12 14
22 0 9
13 16 16
6 9 10
13 17 13
10 13 15
18 19 2
13 16 10
23 2 15
4 7 1
15 18 7
3 6 8
13 15 5
8 12 7
3 8 16
9 10 6
3 6 10
6 8 1
14 19 8
4 7 11
13 16 3
8 10 12
12 14 11
3 7 4
15 17 6
12 16 2
10 13 14
1 4 15
9 12 1
0 5 7
13 16 6
17 20 6
14 17 1
17 18 14
3 4 8
4 9 14
22 1 2
8 11 13
23 3 11
8 13 10
13 15 10
2 3 12
1 4 5
12 13 6
1 5 13
6 10 10
9 10 10
6 9 10
22 1 6
14 17 15
11 13 2
7 8 3
23 2 6
9 11 7
7 11 7
11 14 3
7 10 4
7 10 13
18 21 3
9 12 8
8 11 7
12 12 10
13 16 12
18 18 14
0 2 12
7 11 5
19 21 16
3 6 2
6 10 7
16 20 1
6 10 1
7 10 2
21 23 13
17 18 6
19 22 8
19 23 16
3 7 7
1 3 3
9 12 13
23 1 1
10 13 8
16 20 5
1 3 8
20 23 12
10 12 6
9 13 14
1 2 4
1 4 2
7 8 11
2 3 6
19 22 16
22 2 15
8 10 11
22 3 3
8 12 2
12 15 16
17 19 8
20 22 1
8 10 9
5 6 12
9 11 13
1 3 15
5 7 6
6 8 4
18 22 9
7 10 8
3 6 8
20 23 12
11 14 4
13 14 4
17 19 6
8 10 15
15 18 7
0 2 1
16 18 8
22 0 9
0 4 13
21 0 12
17 20 12
13 17 2
5 7 11
5 9 12
22 2 10
0 3 1
12 16 4
11 12 5
18 21 6
11 15 16
7 10 4
10 13 11
23 2 6
4 8 9
14 17 16
13 16 7
4 5 5
4 7 16
15 19 15
1 3 9
6 10 12
21 1 12
2 6 13
3 6 8
21 0 9
16 20 7
6 9 14
3 5 10
0 2 4
17 21 2
7 12 5
0 3 7
9 10 15
20 0 1
4 7 5
4 7 7
7 11 11
14 17 4
7 9 5
8 10 4
1 4 15
23 1 15
5 10 1
12 14 7
14 18 1
6 9 13
23 2 15
6 11 15
2 6 11
13 17 5
5 9 5
3 6 6
4 7 10
11 15 3
3 6 8
8 11 13
21 23 3
0 4 6
17 21 2
7 12 8
16 17 13
7 12 12
9 11 8
18 20 4
15 17 15
15 18 11
13 16 13
4 9 12
4 8 9
23 1 6
11 16 3
23 4 14
13 18 16
4 7 7
22 1 16
4 7 12
10 12 16
7 10 11
2 6 5
6 9 15
0 3 13
8 10 15
12 14 2
19 22 5
20 22 3
4 8 8
11 14 16
6 9 6
18 21 8
8 12 13
8 12 12
10 14 4
9 11 6
11 13 2
12 14 10
0 4 15
7 10 5
1 2 3
23 2 9
12 14 5
19 22 2
1 5 12
19 21 7
6 10 8
0 3 11
20 23 14
12 14 7
20 1 8
9 10 5
12 15 14
10 14 5
15 18 5
0 4 3
10 15 11
10 12 6
22 2 15
8 10 10
9 13 1
18 21 1
8 12 15
4 8 2
4 8 6
20 22 3
7 10 7
4 7 4
20 0 13
12 15 14
17 21 5
21 0 15
13 16 1
15 17 10
5 7 14
20 23 4
22 0 4
23 5 8
2 4 1
15 19 6
20 23 2
10 12 11
22 2 9
8 12 9
0 3 7
22 1 14
11 13 10
3 5 7
15 18 1
20 23 3
16 18 16
19 23 1
17 19 12
23 2 8
21 0 1
21 0 9
4 8 6
6 7 13
15 17 13
8 12 5
20 23 15
10 12 1
16 19 11
6 9 16
6 9 2
20 0 4
20 22 2
18 22 4
21 22 5
18 21 6
2 6 15
21 0 2
20 0 4
5 8 11
9 13 16
2 6 16
22 1 7
16 19 9
8 11 2
11 14 16
18 22 15
11 14 10
14 16 4
1 4 2
23 1 12
4 6 8
8 10 2
22 1 1
21 0 14
4 5 8
21 0 12
9 11 3
21 0 3
14 18 11
18 23 8
17 19 14
8 13 5
22 1 10
6 10 3
11 16 7
0 2 12
15 17 4
19 0 12
6 7 5
1 2 11
9 12 9
15 15 5
21 0 1
23 3 7
14 16 5
9 11 5
5 8 2
16 19 7
2 3 6
4 6 11
6 9 12
0 4 16
19 23 7
2 7 8
3 7 6
17 20 6
13 17 10
21 0 12
0 0 16
11 14 16
18 20 10
23 2 5
5 9 5
4 8 13
2 5 7
2 4 12
16 19 14
0 2 16
4 8 2
6 10 7
3 6 13
10 13 4
6 8 5
16 18 7
19 22 5
0 1 3
6 11 10
5 9 11
18 22 6
3 7 15
4 8 8
11 14 7
18 22 1
16 19 12
12 14 9
21 23 11
16 19 11
19 21 5
4 7 4
8 12 14
18 22 13
14 17 1
16 19 12
20 22 1
21 0 9
8 11 13
3 7 7
6 9 15
8 13 16
10 13 3
16 19 13
13 16 13
7 11 5
9 12 14
5 7 3
8 10 16
12 15 4
20 23 12
17 20 11
4 7 9
2 5 7
19 21 13
20 22 13
6 10 1
19 23 15
9 12 2
3 6 6
23 2 8
6 9 4
5 8 7
6 11 9
18 22 10
5 7 15
3 5 15
2 5 3
16 17 12
11 15 4
21 3 1
20 22 10
5 9 4
15 19 2
9 14 12
8 11 14
15 19 10
22 1 4
17 20 8
1 3 1
0 3 2
14 18 9
7 9 7
23 2 11
21 0 11
18 22 8
10 13 6
17 21 6
0 2 3
12 14 4
3 7 13
3 5 7
3 6 10
12 14 2
5 8 7
0 2 6
19 21 7
2 5 3
6 10 1
12 14 7
5 8 13
7 9 9
3 6 2
23 2 15
11 15 10
16 19 16
22 0 9
21 0 1
2 7 15
15 18 1
2 6 5
22 1 16
10 13 3
3 7 7
20 0 14
21 0 12
3 7 8
23 1 10
21 1 7
14 17 4
7 10 7
22 1 10
16 21 5
7 11 15
11 14 4
17 19 9
17 17 5
17 20 9
14 17 4
12 15 2
10 13 9
0 5 5
5 7 16
4 7 7
20 0 10
1 3 12
4 7 16
7 10 9
5 7 15
20 23 11
15 18 12
17 18 3
16 21 11
3 6 12
4 8 13
21 0 3
15 15 3
21 0 2
22 0 13
20 22 11
8 11 7
15 19 15
14 18 12
4 7 11
9 11 5
11 13 2
3 7 14
10 13 4
15 18 12
12 14 7
3 7 5
4 6 1
18 20 10
3 6 4
15 20 9
21 23 15
19 0 4
5 8 2
8 11 4
10 13 6
14 18 16
6 10 4
23 2 5
19 23 8
0 3 3
5 9 5
4 7 15
11 13 7
11 15 14
18 21 9
8 10 1
6 11 10
17 19 3
13 17 9
21 1 14
3 4 3
13 15 10
4 8 8
19 0 4
12 17 2
11 14 1
13 17 5
0 2 7
21 1 16
7 10 16
21 0 5
19 18 12
1 5 7
4 7 6
2 5 7
13 17 3
9 12 4
6 7 12
18 18 5
12 14 5
3 5 11
21 23 12
7 10 1
19 21 12
22 0 8
2 5 11
6 8 15
2 6 11
15 18 11
8 11 2
17 19 1
2 4 11
12 16 12
19 22 4
22 1 9
6 8 4
0 2 15
11 13 12
19 23 8
2 5 10
12 15 1
0 2 4
14 19 9
11 14 7
3 5 6
4 8 5
7 10 4
20 23 16
7 10 9
19 21 6
15 18 13
13 17 6
19 23 8
20 22 4
11 15 2
18 21 6
23 1 10
22 23 4
23 2 13
6 10 16
11 12 6
15 19 13
14 16 3
14 18 12
12 14 7
13 17 12
22 2 6
21 0 15
1 4 3
15 19 11
21 0 9
1 6 12
17 20 15
13 17 8
15 17 3
10 11 2
7 8 14
19 22 10
9 12 15
8 10 4
18 21 13
18 20 15
23 1 9
21 22 7
3 5 8
15 19 16
6 9 9
20 22 1
19 22 8
20 0 10
1 3 8
5 8 6
11 13 4
8 9 16
0 0 15
6 7 5
2 5 15
6 9 2
6 9 15
0 2 3
4 8 9
6 7 13
16 18 16
22 23 16
16 20 15
4 8 2
1 3 10
3 8 13
9 11 16
18 21 16
21 1 1
5 9 6
19 21 5
9 12 8
13 16 11
0 2 10
2 5 12
20 23 9
6 11 4
11 14 9
15 17 1
15 20 9
22 1 15
14 16 7
22 23 5
5 9 8
0 0 3
0 2 11
22 1 4
2 4 2
1 4 5
3 5 4
1 3 6
23 1 4
12 15 4
19 22 10
6 10 10
23 0 9
11 14 14
18 23 9
16 19 3
11 15 9
21 0 6
7 9 2
9 12 16
12 15 15
8 10 9
22 1 12
13 17 3
21 1 14
10 14 16
1 3 8
7 11 12
9 11 5
2 6 13
23 1 4
18 21 2
15 17 10
0 5 13
8 12 14
12 15 13
2 4 5
9 12 9
6 10 11
0 2 10
0 4 8
21 0 16
8 12 5
6 9 2
1 3 3
19 21 7
0 3 11
3 8 14
14 19 14
7 11 8
21 23 11
15 18 8
11 15 7
7 9 5
20 22 3
1 3 2
8 11 2
23 2 7
16 19 12
21 0 3
1 4 3
19 20 1
11 14 14
21 0 6
20 0 16
5 9 4
0 2 13
22 1 1
12 15 7
12 16 7
7 11 13
15 19 2
12 14 5
17 20 9
11 14 3
22 2 11
8 11 14
8 11 6
18 22 13
23 2 6
22 0 10
18 20 14
16 19 9
19 22 16
2 6 16
9 11 2
15 18 3
22 1 6
18 19 7
3 7 9
15 17 7
5 9 8
0 4 10
6 9 14
5 8 11
19 0 5
12 15 8
2 6 8
8 11 8
12 15 11
1 4 3
5 7 5
4 7 9
13 17 9
7 9 3
6 10 15
18 20 16
12 16 16
19 21 15
7 10 2
1 6 7
4 7 14
21 1 7
9 11 11
13 16 11
17 21 2
18 21 15
21 23 14
3 5 9
1 4 13
16 19 1
11 14 9
19 22 12
2 7 1
1 5 16
9 13 11
23 0 16
11 14 3
18 21 10
2 6 4
15 16 15
17 17 13
15 17 3
10 14 16
23 4 7
13 17 12
16 19 5
23 3 12
21 23 9
8 12 15
1 4 4
8 9 16
12 14 16
18 21 13
22 2 2
4 7 15
10 14 16
14 18 4
8 10 15
19 23 6
21 23 9
18 22 6
3 5 3
1 4 16
7 11 8
0 4 12
1 3 16
7 10 7
7 9 5
22 1 14
13 16 11
3 7 12
16 18 9
23 2 13
16 19 1
6 10 16
7 10 14
5 7 16
22 1 13
21 23 4
12 15 7
17 19 8
14 17 15
11 13 14
12 15 7
18 23 15
9 14 12
3 5 1
9 12 4
0 2 10
11 13 11
0 2 11
12 16 16
11 15 16
10 12 4
10 13 13
12 14 12
22 23 13
15 18 15
12 13 2
15 17 16
6 8 2
14 16 5
23 1 4
17 20 14
10 13 1
2 6 3
8 12 12
21 23 1
18 22 10
11 14 15
5 7 12
3 7 10
21 1 6
6 9 13
20 0 6
5 7 15
13 17 5
10 12 11
21 23 15
7 10 6
1 5 3
9 12 8
9 11 2
20 23 12
9 11 7
3 4 6
7 10 9
21 23 10
14 17 12
5 9 13
20 23 2
0 3 11
9 12 13
10 12 10
15 19 9
16 20 12
16 20 4
18 20 10
0 3 7
2 4 14
6 7 6
7 12 11
13 16 14
13 17 10
23 2 9
8 11 1
18 20 1
3 7 4
14 18 7
5 7 12
3 6 8
16 19 15
7 8 5
17 19 14
10 13 12
16 20 15
15 17 5
21 0 2
1 4 6
6 9 1
18 21 6
9 13 14
21 22 14
6 9 9
8 10 7
10 13 14
17 21 15
17 19 3
20 23 16
2 4 13
18 21 11
2 6 13
21 1 4
21 0 6
20 22 14
3 5 11
15 19 2
5 8 14
12 13 15
16 19 13
10 14 10
22 1 12
15 19 7
11 15 10
22 4 13
7 10 5
3 6 15
15 18 2
21 0 4
1 4 5
5 10 14
12 15 13
22 2 16
6 9 7
16 18 10
6 10 10
9 13 9
17 19 14
22 1 5
18 23 7
6 9 14
7 10 10
21 0 14
19 20 15
15 18 6
20 23 11
7 11 12
15 16 4
10 12 4
16 20 8
0 3 6
1 3 2
19 22 1
7 9 11
12 15 14
8 11 10
18 19 5
23 3 12
7 11 13
22 1 10
8 10 6
10 13 14
14 16 14
3 8 2
13 16 7
16 20 6
12 12 15
18 20 10
19 22 6
23 1 6
6 8 6
19 21 14
9 12 2
1 4 1
5 7 8
4 5 5
3 6 8
16 19 11
14 17 16
4 6 11
4 6 4
15 15 5
11 15 6
2 4 13
14 17 2
11 13 9
18 22 9
19 22 3
23 2 16
5 9 16
13 16 2
4 7 8
20 23 6
0 1 3
16 19 2
13 15 15
0 3 2
22 1 1
20 0 13
11 13 10
5 8 13
20 23 10
7 10 15
21 0 3
19 22 11
2 6 14
8 12 6
16 19 10
20 0 12
2 3 16
21 0 8
11 16 14
1 3 4
2 6 15
19 22 14
21 2 12
13 17 14
6 8 2
15 19 10
21 0 7
16 17 16
22 23 5
4 7 4
0 2 3
6 8 10
21 0 7
5 8 15
3 4 15
11 15 13
17 19 1
6 9 6
7 9 11
20 0 11
7 9 4
9 13 4
9 12 10
17 19 5
4 8 6
13 16 10
1 5 14
19 23 3
0 5 8
1 4 2
15 18 14
17 20 3
22 1 10
16 21 1
21 23 12
20 23 5
14 17 9
23 1 9
0 4 15
18 21 5
16 19 8
23 2 14
22 1 7
0 3 12
23 0 5
10 12 10
8 11 9
18 22 4
16 19 9
20 23 7
1 3 8
19 22 4
1 4 14
23 1 13
5 7 5
6 9 10
21 1 14
23 3 5
12 14 13
11 14 13
15 17 2
10 13 9
15 17 16
4 8 15
1 4 15
16 19 5
4 7 5
19 21 9
2 5 1
15 16 9
1 5 3
23 1 4
22 1 7
9 13 12
8 12 4
11 14 16
11 13 1
19 22 14
13 14 12
14 18 13
21 0 8
1 4 12
13 17 9
9 11 16
5 11 9
15 17 9
5 9 11
14 17 2
2 5 4
18 20 3
12 13 9
8 12 4
1 3 16
14 18 5
14 17 4
18 20 14
21 23 10
11 14 10
3 7 16
11 13 10
10 13 13
5 8 2
6 11 10
23 2 9
3 6 7
5 9 12
23 0 14
18 21 7
14 17 7
2 5 10
2 6 15
12 14 3
21 0 1
14 18 13
6 9 11
4 6 15
6 10 3
12 16 11
12 14 8
12 15 13
3 7 3
16 21 3
2 2 14
20 22 5
18 21 2
19 23 12
19 22 11
20 22 10
9 11 5
8 10 12
18 20 1
9 12 14
9 12 15
8 11 4
22 1 9
4 6 5
17 20 5
10 13 16
6 8 2
10 14 16
2 5 12
6 9 16
10 15 9
6 9 9
19 22 8
9 14 10
0 4 11
9 13 1
13 15 13
19 22 16
2 5 6
19 22 1
18 21 15
10 14 5
12 16 14
18 21 13
14 17 13
15 18 8
14 18 3
7 10 2
14 19 5
0 3 12
2 4 16
7 9 4
10 13 5
10 13 14
22 0 7
21 23 8
1 6 10
1 4 9
17 20 4
9 13 10
6 9 8
16 20 4
4 7 5
23 3 12
2 6 2
1 5 1
14 16 1
18 22 8
14 16 13
7 11 2
17 21 8
20 23 9
19 23 1
1 5 12
1 7 2
23 1 8
17 20 3
22 1 1
9 13 6
11 15 11
12 16 15
19 21 8
12 16 14
5 8 2
2 6 8
22 2 15
5 8 6
12 16 10
20 22 6
21 0 11
18 21 12
6 11 5
20 23 9
21 0 1
7 10 8
18 21 8
2 6 3
13 15 2
6 9 13
3 5 3
3 5 10
8 11 15
8 9 13
19 23 6
20 22 3
3 6 6
5 8 2
20 0 11
21 1 9
3 5 15
16 18 15
22 2 6
6 8 12
4 8 7
3 6 16
23 2 3
14 20 13
0 4 7
7 9 1
18 22 1
22 0 15
17 20 16
21 0 7
5 7 13
6 11 1
21 23 13
14 17 5
8 12 6
10 11 2
14 18 4
7 10 6
21 0 15
9 11 14
18 19 3
23 2 13
4 8 9
11 14 16
19 21 13
15 18 3
14 17 4
5 9 2
17 19 11
11 13 2
20 22 15
15 19 2
20 1 11
12 14 1
9 12 4
11 14 14
3 7 5
9 13 11
0 3 2
3 5 8
1 5 2
21 23 4
0 4 6
19 19 12
14 18 12
8 10 8
17 20 14
20 22 6
15 18 3
12 14 11
8 11 2
6 10 4
13 14 6
18 21 11
19 22 11
7 11 13
14 15 3
0 3 1
11 15 13
4 6 3
9 13 16
14 16 6
12 15 16
21 1 13
23 2 8
8 10 6
19 22 2
13 15 10
19 23 1
12 14 15
14 16 1
15 19 2
23 3 8
14 16 9
21 1 15
16 19 2
21 23 9
8 11 6
17 20 14
1 6 5
4 5 2
4 7 8
7 10 4
12 14 15
10 13 4
20 22 1
13 14 13
7 9 1
3 6 14
14 17 13
23 1 12
21 0 5
4 7 16
9 11 9
11 14 6
9 13 8
2 4 1
4 6 8
8 11 9
12 15 6
15 18 3
21 1 6
22 2 5
13 17 15
23 2 11
11 14 15
0 4 7
14 16 1
19 23 5
15 18 9
9 14 5
22 1 11
6 9 10
11 14 14
5 9 12
7 11 4
7 10 2
20 0 3
1 4 11
3 4 11
23 2 4
14 17 1
17 21 2
18 21 11
8 11 10
6 8 14
0 2 2
4 6 10
16 20 5
11 12 9
0 2 7
22 1 12
9 10 11
19 21 3
14 16 14
3 7 9
10 12 5
9 10 14
5 8 5
10 14 1
7 10 14
23 1 4
8 11 7
0 4 6
17 20 14
5 9 2
4 6 4
21 1 1
21 23 6
23 1 9
8 10 13
15 19 7
20 23 11
22 2 12
1 4 7
11 14 4
12 13 15
17 20 14
18 21 15
19 22 5
20 23 5
16 19 11
9 13 9
8 13 6
15 19 10
3 6 8
7 11 2
15 17 11
12 16 12
1 4 11
8 10 15
20 0 4
1 5 8
11 15 16
14 17 6
16 19 8
7 10 12
8 12 5
8 12 7
9 12 1
14 18 3
20 23 15
12 15 14
0 3 13
5 8 6
22 2 10
19 22 16
18 22 9
12 15 5
18 21 15
16 18 7
5 9 4
22 2 1
15 19 4
2 4 16
12 15 10
5 9 3
15 19 10
0 3 15
10 15 15
7 9 15
6 9 14
8 9 2
4 7 8
11 15 5
13 16 13
23 2 11
1 4 7
2 4 1
8 12 15
23 3 3
21 0 8
23 1 4
4 7 12
18 21 7
21 1 15
20 23 6
8 10 3
18 19 2
17 19 4
19 22 16
4 6 6
15 18 1
22 23 6
20 22 14
15 16 2
13 17 6
20 22 14
5 10 1
14 17 6
1 5 9
18 22 9
8 12 10
6 9 13
23 2 6
23 1 1
7 10 4
17 20 4
13 16 6
3 5 15
16 18 16
23 2 10
18 23 10
21 1 2
19 23 7
15 19 15
1 4 10
7 9 4
13 16 13
15 18 5
17 19 13
10 12 6
23 2 7
11 15 1
0 3 5
20 23 7
16 19 5
19 23 14
7 11 9
9 13 14
10 14 5
0 4 9
23 2 13
10 13 5
12 16 15
16 18 2
20 23 12
19 22 9
23 1 16
6 9 6
21 1 9
7 10 7
9 11 7
10 15 5
11 13 1
19 22 13
8 12 12
19 21 12
8 11 3
12 16 6
11 15 1
8 11 6
10 11 10
2 5 6
18 20 12
4 7 3
19 21 16
23 1 7
12 16 16
13 16 12
3 7 8
20 23 7
11 16 6
17 19 7
8 10 12
23 2 14
18 22 9
18 22 9
20 21 7
12 15 8
18 20 10
1 4 1
13 15 2
20 22 7
6 10 2
22 1 8
7 9 4
12 14 16
12 14 10
16 20 11
22 1 16
3 6 9
5 8 9
5 7 16
15 16 16
23 2 11
0 1 16
6 10 13
11 15 9
3 4 8
22 2 1
9 12 1
8 11 5
4 6 3
4 7 10
12 16 11
2 5 5
23 2 13
6 9 8
7 11 2
14 18 3
13 16 11
3 6 14
15 20 14
18 21 15
10 14 6
4 8 7
6 9 13
9 12 14
5 9 5
21 23 3
7 11 10
4 7 7
13 16 15
22 2 9
2 6 5
18 21 16
16 19 1
7 11 16
9 12 14
2 5 8
20 23 1
15 17 10
18 21 12
4 7 10
16 17 14
23 3 3
23 3 1
5 8 16
5 8 14
13 15 2
5 10 7
4 8 14
0 3 16
8 11 8
1 3 2
0 4 1
19 21 16
20 23 8
7 9 10
22 0 10
17 19 16
21 1 5
3 6 16
18 21 2
10 13 8
11 15 13
1 4 11
6 10 9
7 12 15
16 19 16
0 2 10
6 10 15
0 1 13
9 13 3
7 11 5
7 7 3
11 14 8
0 2 3
18 20 11
17 20 6
23 1 11
10 12 16
4 6 4
18 20 6
19 21 11
4 6 1
4 7 9
17 21 3
12 15 6
21 23 9
5 7 9
8 10 6
6 9 2
11 14 8
10 14 16
1 5 5
8 12 4
4 7 14
8 12 1
12 13 12
7 10 1
3 7 5
15 19 6
9 15 13
0 2 7
12 15 5
14 16 7
15 19 4
15 19 6
10 13 12
20 23 15
18 21 2
1 5 15
5 7 12
21 0 12
10 13 5
0 3 5
21 1 2
20 23 6
2 4 5
15 17 11
13 15 2
0 3 13
2 4 7
22 1 9
12 16 6
6 10 10
0 4 4
12 15 1
9 12 8
9 12 9
9 12 15
23 2 13
4 5 16
17 20 10
2 5 16
0 2 6
3 5 4
0 5 2
13 16 1
8 11 11
2 5 12
19 0 10
14 17 4
6 8 8
18 21 11
23 2 7
2 4 6
8 13 15
9 14 10
19 22 3
14 16 9
5 7 1
3 6 15
17 20 5
8 10 7
2 5 1
11 13 7
3 7 8
9 11 7
6 9 2
3 6 1
23 2 12
22 0 15
7 10 3
13 15 4
9 12 3
7 9 9
8 11 3
17 19 13
5 8 1
11 14 15
1 4 2
16 21 8
1 5 9
23 2 6
5 9 13
17 20 6
0 3 16
7 11 11
8 12 6
9 12 12
23 3 7
22 1 7
3 7 9
21 1 2
1 5 10
8 11 11
2 5 6
7 11 12
6 8 14
9 13 10
10 12 13
21 0 15
0 5 4
14 16 3
10 13 8
18 20 11
0 3 16
12 15 15
15 18 11
3 7 4
3 5 16
2 5 14
22 1 16
17 22 5
23 3 5
2 5 15
1 4 16
5 8 4
21 0 8
2 6 2
3 4 8
21 3 9
22 0 15
8 11 2
1 3 13
18 21 16
16 20 3
19 22 4
12 15 16
2 6 10
14 16 5
4 8 15
7 11 3
6 10 7
18 21 13
22 1 8
1 4 10
11 14 5
3 5 3
3 6 16
2 4 10
10 13 3
7 11 7
11 13 8
22 0 2
9 13 11
1 5 7
3 6 15
3 4 16
12 17 3
4 6 15
1 5 11
0 3 3
14 16 6
22 3 6
15 17 5
20 23 9
19 22 7
20 0 9
5 9 15
12 17 7
20 0 16
0 3 1
1 4 6
13 17 3
0 2 2
6 8 4
18 23 3
4 6 3
2 6 4
7 11 9
19 22 8
13 16 10
3 7 4
4 7 7
8 13 4
22 2 4
6 8 3
19 22 7
21 1 10
12 15 11
4 6 13
12 15 1
23 0 16
6 9 5
17 19 11
13 14 15
13 13 15
16 19 6
18 21 9
23 1 7
21 22 16
22 0 6
18 21 3
17 20 2
18 21 12
5 8 5
23 1 6
12 16 11
5 9 10
5 8 13
14 16 2
14 17 1
3 5 8
12 15 1
12 15 1
3 6 3
6 10 2
11 14 14
10 14 4
6 10 1
14 17 10
13 16 14
22 1 7
12 16 10
9 14 10
7 8 12
3 7 7
12 15 1
16 17 1
11 14 7
2 5 6
3 5 11
2 5 12
21 22 3
19 22 12
16 20 7
0 4 16
18 21 1
4 8 12
10 15 6
4 8 3
0 3 2
19 23 10
15 18 1
13 16 4
12 15 1
21 23 10
8 12 7
14 16 10
6 10 5
3 5 6
0 5 4
14 16 8
9 10 1
13 17 3
14 16 12
6 9 2
7 11 2
4 8 2
18 20 7
14 16 14
5 8 10
18 21 3
15 20 6
18 20 16
15 18 8
17 20 9
1 3 12
0 1 15
10 11 5
12 14 14
7 11 14
3 6 9
18 20 7
6 9 15
11 12 1
12 16 11
3 4 6
11 13 4
5 8 13
13 16 16
14 16 11
3 5 8
9 11 7
9 11 1
