150 17
5 5 5 3 9 6 6 9 6 5 6 8 5 8 5 3 1 
10 12 2
12 14 3
16 19 17
15 16 8
4 7 13
3 8 10
16 21 12
20 22 17
22 1 4
19 22 3
7 9 15
18 21 17
14 16 10
14 17 6
4 6 7
15 19 7
19 0 11
23 2 15
1 4 6
5 9 15
4 7 15
4 9 5
10 14 17
13 15 16
22 3 12
0 3 17
11 13 11
12 15 16
9 13 11
5 9 13
22 23 2
5 9 9
10 14 9
18 21 1
17 19 3
21 2 3
13 15 6
3 5 14
0 1 2
14 16 13
1 3 5
3 6 10
19 21 5
12 18 6
12 15 7
2 5 16
23 1 17
13 16 7
22 1 9
23 2 17
9 12 10
20 0 7
2 4 8
17 18 10
18 22 3
18 21 15
11 14 6
8 11 11
2 6 8
15 19 6
3 5 12
13 15 14
2 5 6
2 6 9
16 20 17
10 13 7
20 23 2
10 13 7
6 9 17
1 5 8
8 12 17
9 12 6
1 3 2
6 9 13
6 9 11
18 20 17
13 18 3
1 4 12
19 20 11
10 13 2
7 11 9
13 18 4
18 21 12
19 21 1
8 11 13
19 21 9
2 7 4
15 17 7
23 3 4
15 18 15
21 0 14
1 4 2
1 5 6
14 17 16
17 20 4
1 3 7
20 20 3
18 23 5
18 22 14
7 11 1
23 2 12
18 21 17
1 2 17
2 4 1
11 12 9
9 14 10
16 21 13
1 3 6
5 8 17
6 12 7
21 1 1
22 0 6
15 18 8
17 21 13
12 14 9
15 18 15
5 9 6
20 0 15
10 13 9
14 17 9
5 8 16
12 16 16
19 21 5
14 16 1
23 2 5
22 1 14
1 4 8
20 23 9
13 17 16
4 7 15
23 1 14
2 5 8
15 17 16
2 5 10
15 19 9
5 7 2
14 17 1
18 21 15
4 7 10
15 17 14
16 19 8
8 10 6
8 11 1
16 18 7
2 4 13
0 4 2
4 8 8
5 9 1
4 7 12
12 15 2
