150 8
1 8 7 7 10 4 1 9 
7 9 7
19 23 4
8 12 4
1 3 7
21 23 7
11 14 2
3 7 4
16 19 4
0 2 6
11 15 4
15 18 7
13 14 8
11 13 8
5 8 5
12 14 3
3 6 6
21 23 8
4 7 2
14 18 8
12 16 8
1 4 5
15 17 2
1 3 1
7 9 1
7 10 1
10 13 6
7 10 1
2 6 4
23 0 3
10 13 6
4 7 2
12 15 6
13 15 7
1 5 2
4 7 2
1 3 7
10 13 7
2 5 5
22 1 6
22 1 7
21 1 8
17 21 7
21 1 4
12 15 7
22 1 4
12 16 2
20 1 7
12 16 4
7 10 7
12 15 2
6 10 5
6 9 3
3 5 2
21 23 6
5 7 8
21 23 1
13 14 5
1 3 8
20 23 8
11 12 5
16 20 2
22 23 7
7 10 8
7 9 6
18 22 2
3 8 6
2 3 1
0 2 2
8 11 7
0 1 6
6 10 1
14 18 8
15 18 5
12 16 8
3 8 7
18 23 4
11 13 1
3 6 4
4 8 5
12 15 2
10 13 1
9 11 6
16 19 7
4 6 2
13 15 5
13 17 3
7 10 4
13 17 8
6 11 5
5 9 1
11 13 1
3 5 1
7 9 8
22 1 4
1 4 7
16 19 2
17 21 5
3 5 5
10 14 6
7 10 1
22 1 3
0 3 1
17 22 4
0 1 3
10 13 3
16 19 7
5 8 3
3 7 7
9 13 7
8 9 4
6 8 6
1 3 1
23 3 4
14 17 6
1 4 1
13 17 1
1 3 2
19 23 5
8 12 6
20 0 6
14 17 5
21 23 7
23 2 5
23 3 7
20 22 3
6 8 3
6 9 8
19 0 6
12 14 5
13 16 8
2 5 5
2 4 8
17 20 5
16 19 3
9 12 4
15 17 7
16 18 3
17 20 4
0 4 5
22 1 4
19 22 4
13 17 6
9 10 2
1 3 3
4 7 4
16 20 1
20 22 8
15 18 3
2 5 7
22 23 5
