650 6
8 2 7 2 9 6 
5 7 3
8 10 5
20 22 4
8 11 3
12 14 5
2 5 1
23 2 6
17 21 2
9 13 1
14 17 3
18 22 1
0 2 5
7 10 5
9 12 5
16 19 1
14 17 5
8 13 3
15 19 5
17 20 6
23 3 3
19 22 4
16 20 4
15 17 2
16 18 3
6 9 6
13 18 1
7 11 6
2 6 6
0 3 1
6 9 1
16 20 5
13 15 5
13 14 4
14 18 6
19 21 5
12 14 1
18 18 4
6 9 4
5 9 3
17 21 1
3 6 5
19 0 6
0 2 6
16 20 2
6 8 2
16 19 4
0 3 6
1 4 3
14 17 5
22 1 4
18 20 6
4 8 2
1 4 4
18 19 3
16 19 1
2 6 4
14 18 6
12 14 4
21 23 1
19 22 1
7 9 4
2 5 4
8 10 2
22 1 1
13 15 4
19 23 4
16 21 2
13 17 6
5 8 2
2 4 1
11 14 3
22 0 4
0 3 2
5 8 6
19 22 3
12 16 1
20 22 2
10 14 1
2 5 2
5 10 6
12 16 3
21 0 2
5 8 5
9 12 6
14 15 4
6 9 2
6 9 1
1 4 1
7 11 2
13 15 5
10 14 3
15 19 3
12 15 6
18 20 1
21 1 1
9 13 4
18 20 2
15 17 1
22 2 5
4 6 6
15 18 2
23 0 3
4 9 6
0 3 2
4 6 4
19 21 5
0 4 5
7 10 5
18 21 6
17 19 2
17 18 4
19 21 1
23 1 1
1 5 3
3 5 2
21 1 3
5 7 6
18 22 1
2 3 4
2 4 5
10 14 5
22 2 4
7 10 6
7 9 6
21 0 3
1 4 4
17 19 5
5 8 4
22 1 3
21 1 2
16 18 4
10 14 6
0 2 4
0 4 1
16 18 5
13 15 3
9 12 4
4 6 6
2 5 4
1 3 1
12 15 2
23 3 2
9 12 3
4 7 6
13 16 1
20 23 2
11 15 5
17 21 5
2 6 6
6 10 1
23 2 2
17 20 3
5 9 5
4 6 5
11 13 2
6 10 1
5 8 3
16 20 3
19 23 4
23 3 1
22 0 5
7 10 3
16 20 6
8 10 2
20 23 1
19 22 4
8 10 3
16 18 1
7 11 1
9 13 4
12 15 6
0 3 1
15 17 4
7 11 3
3 6 5
15 17 6
11 14 2
9 13 4
7 10 3
11 15 1
19 22 1
7 12 6
0 4 4
10 14 3
15 19 4
17 20 1
15 18 5
22 1 5
8 12 2
1 3 4
10 12 3
15 17 6
15 18 3
7 9 2
22 1 6
0 2 2
15 19 5
11 13 2
21 23 2
14 17 4
21 21 4
8 12 2
2 5 5
19 23 6
2 3 1
23 1 1
10 13 5
3 6 5
13 16 2
4 7 5
22 2 1
22 0 1
7 9 2
21 1 4
6 9 1
20 23 1
9 12 3
13 17 6
21 2 5
15 17 4
9 12 4
10 15 4
7 9 3
8 13 2
10 13 4
18 21 2
14 16 2
8 11 4
2 5 4
1 4 2
18 20 5
14 19 6
1 4 3
19 22 3
7 10 6
6 9 2
16 20 5
16 20 2
20 23 3
8 12 2
21 0 6
16 19 4
3 5 2
11 14 5
18 20 1
3 6 1
2 3 4
7 11 2
8 11 2
20 22 4
1 6 3
10 14 5
13 16 1
6 10 5
15 18 1
20 23 3
4 4 4
3 6 5
15 19 2
13 16 2
12 14 1
9 11 1
9 14 4
17 20 5
11 15 6
19 21 6
3 6 4
18 21 1
6 8 5
23 2 6
16 20 4
11 14 3
15 18 6
14 19 2
19 21 1
23 1 2
7 10 3
11 14 6
11 14 2
5 8 1
22 0 3
13 17 4
18 20 1
1 4 1
4 8 3
20 2 6
22 2 6
7 9 2
4 7 4
14 15 5
3 5 6
4 6 3
19 23 2
14 18 6
5 10 1
1 2 2
8 12 5
23 2 4
16 18 4
10 13 2
15 19 1
8 11 5
20 0 5
21 0 3
1 2 5
7 9 2
10 13 5
14 19 2
9 10 3
20 21 2
13 17 2
18 21 1
19 21 5
20 0 1
0 2 2
16 19 1
14 16 4
9 13 1
9 12 4
12 15 4
5 8 2
23 2 6
15 21 3
23 4 1
4 6 4
5 7 4
13 16 5
14 16 6
12 16 6
15 19 4
16 19 6
1 3 3
4 8 4
20 22 4
17 19 4
13 15 5
7 12 4
8 12 6
8 12 6
20 23 5
11 14 4
11 15 3
2 6 3
2 4 1
15 19 2
23 2 5
2 4 5
16 21 6
6 9 4
2 6 3
9 13 1
19 21 5
10 13 2
14 17 5
20 21 2
14 17 1
16 20 1
20 22 1
3 6 2
1 5 3
16 20 1
12 14 5
21 0 1
10 12 2
12 16 2
1 4 4
23 1 3
15 18 3
21 0 3
20 1 2
10 14 3
12 14 1
12 15 6
19 21 4
2 4 4
13 15 6
17 20 4
19 22 4
11 15 5
2 5 4
3 7 1
12 13 6
18 22 4
17 21 1
18 20 2
6 10 6
14 18 5
17 22 5
10 13 4
14 17 6
16 18 1
6 9 6
21 23 6
12 14 2
19 22 5
8 12 4
13 15 6
6 9 1
2 4 1
7 10 5
5 8 6
9 11 1
16 18 4
4 6 2
0 5 5
1 1 6
14 16 5
12 16 5
4 6 1
10 13 6
7 11 6
16 18 2
23 2 3
3 7 2
17 21 5
6 9 1
19 22 2
14 17 6
16 19 6
19 22 6
5 8 5
22 2 5
8 10 3
11 14 3
22 1 3
2 6 3
2 6 5
1 3 3
4 7 5
18 21 4
6 9 3
10 14 6
18 20 6
1 4 2
10 13 5
7 12 3
22 0 2
5 8 5
15 19 2
9 12 2
5 9 3
13 17 6
16 20 6
20 22 5
9 11 6
0 2 6
19 20 2
19 20 2
22 0 1
6 9 4
11 13 1
5 8 5
14 16 1
18 20 5
0 3 4
9 13 2
6 9 5
17 20 3
6 7 1
20 23 3
15 18 5
9 12 1
6 9 2
18 21 2
10 14 3
18 21 1
12 15 5
19 22 3
4 6 4
16 19 5
18 21 5
15 18 2
15 17 5
13 18 3
23 1 3
5 7 6
9 14 1
10 13 4
19 23 1
16 20 5
13 16 2
7 10 1
11 13 3
21 1 5
21 0 2
18 21 6
15 19 5
16 17 2
21 0 4
0 3 2
1 6 6
18 22 4
17 20 5
6 9 3
0 2 1
11 14 5
9 12 3
1 3 2
12 15 1
23 2 3
11 12 4
21 1 1
15 18 6
6 8 4
14 17 1
14 17 6
7 11 4
12 14 3
3 6 6
0 2 5
18 17 4
20 1 3
22 1 4
5 8 5
16 19 3
6 10 4
4 8 2
9 12 4
20 0 1
5 6 1
8 12 6
7 9 1
6 9 3
6 10 4
5 7 5
1 4 1
11 12 3
2 5 3
23 2 6
20 23 3
16 19 4
8 13 6
14 17 4
0 5 2
5 9 1
12 16 6
8 12 2
14 17 4
1 4 3
7 10 6
18 20 3
19 23 3
19 22 5
3 5 6
15 19 3
0 2 4
0 2 3
11 14 4
5 8 1
21 1 6
14 17 6
2 5 4
17 20 1
17 20 6
10 15 1
0 2 1
3 7 2
11 15 6
18 21 3
20 0 6
10 13 6
18 21 1
17 19 4
20 0 5
21 1 5
21 1 1
14 17 5
12 15 6
17 19 5
19 22 5
16 20 3
6 9 2
11 14 2
23 3 5
23 1 6
10 15 1
12 16 6
11 15 2
22 0 3
20 23 3
9 13 2
7 10 1
17 21 1
22 1 5
15 19 4
5 8 2
8 11 6
8 12 5
10 13 6
10 13 4
16 19 1
9 11 4
15 19 1
8 9 3
14 16 5
7 11 2
3 5 5
15 18 5
0 4 4
8 11 2
16 18 6
6 10 1
18 22 6
11 13 2
16 19 2
0 3 3
0 2 4
0 3 2
3 7 4
7 10 4
23 1 3
15 20 2
15 16 2
7 11 3
9 13 2
17 18 1
0 3 1
4 9 3
20 2 2
8 13 4
23 3 4
2 5 3
16 17 5
10 12 1
15 18 1
15 19 3
19 22 6
3 4 6
3 7 4
0 5 1
21 0 3
10 15 1
2 6 3
9 11 5
1 3 3
3 6 6
8 10 5
13 15 1
21 1 4
11 14 2
4 6 3
1 5 1
13 15 5
7 12 5
20 23 2
19 23 2
23 1 4
19 22 4
23 0 3
16 18 2
