2000 17
10 5 6 2 8 5 3 10 10 4 6 4 8 6 5 9 4 
11 15 10
9 13 9
6 9 9
10 13 11
7 8 5
4 8 2
7 9 11
4 6 5
9 10 12
3 6 14
8 12 10
22 2 4
13 15 7
15 16 15
4 5 3
12 17 15
23 2 14
6 8 7
9 10 9
7 11 15
8 10 1
4 6 13
15 18 13
16 20 10
20 23 16
15 18 14
6 10 11
1 3 6
22 2 12
18 22 14
13 17 4
0 5 13
4 8 3
20 23 1
20 22 9
12 15 2
6 9 12
9 11 10
9 12 2
20 22 6
13 16 12
18 20 12
18 21 3
18 22 3
23 1 16
10 14 8
0 3 6
2 4 7
13 16 5
15 20 17
10 13 1
5 8 11
18 22 5
17 22 12
20 23 11
0 4 4
14 17 6
10 13 16
3 5 11
14 17 11
10 13 12
14 18 12
20 23 10
5 10 17
3 6 10
11 14 17
7 10 11
13 15 4
2 5 9
8 9 2
12 13 11
16 19 11
17 22 1
16 20 7
3 6 7
4 6 9
1 5 16
3 5 5
22 2 16
1 4 7
4 7 7
13 16 10
3 5 10
2 5 10
17 21 15
12 15 15
16 19 7
23 3 4
14 17 6
0 3 9
18 21 3
10 13 7
13 16 2
11 16 9
9 12 12
1 3 9
17 21 8
22 4 14
15 16 5
19 23 12
0 4 15
3 6 10
20 23 16
23 1 1
1 3 11
17 18 3
21 1 3
0 4 14
23 2 5
5 8 7
16 19 16
21 23 3
7 9 2
3 7 4
19 22 6
22 2 3
15 18 13
23 2 3
7 10 15
8 11 14
11 15 6
20 21 6
15 19 6
13 17 7
18 21 16
0 2 8
19 22 2
15 18 10
15 17 1
11 15 5
12 16 4
19 21 14
15 18 1
11 15 16
0 0 1
22 1 2
13 16 10
13 18 2
20 1 14
6 10 10
14 17 10
22 1 5
12 15 15
10 13 1
13 17 11
1 4 6
0 4 12
5 7 8
7 10 3
16 18 6
10 14 11
15 19 5
6 9 12
8 12 10
21 23 3
18 22 11
7 10 14
2 3 6
15 17 6
19 21 12
22 2 10
15 18 13
10 12 4
13 16 9
7 10 3
7 10 3
0 2 4
10 13 2
12 16 6
20 22 5
6 7 2
6 10 9
20 22 12
21 1 2
7 9 8
2 6 11
13 16 7
16 19 1
10 12 4
11 14 9
6 10 17
2 6 9
12 15 14
1 3 2
3 6 9
1 4 12
20 0 16
19 22 15
15 19 4
14 17 7
21 1 11
7 10 6
5 7 7
0 4 14
13 14 11
2 6 16
13 15 1
0 3 15
16 20 14
5 10 7
22 2 2
7 10 11
22 2 3
22 3 3
3 7 13
17 20 12
23 4 16
18 19 13
0 4 3
8 10 4
17 20 8
5 9 7
8 10 16
7 11 13
17 21 4
23 3 5
16 17 9
21 0 17
18 21 5
1 2 3
13 16 14
14 18 10
12 15 16
18 21 13
5 7 4
9 10 14
17 20 4
6 10 4
5 8 12
3 6 17
19 22 17
9 12 16
18 21 14
7 11 7
8 12 15
8 10 12
21 1 3
17 19 5
3 5 2
5 8 8
15 18 16
15 17 17
4 7 15
14 17 8
0 0 17
5 7 3
8 10 15
16 18 6
5 9 8
18 19 13
17 20 8
1 6 17
4 7 11
12 15 10
18 21 3
14 18 8
15 19 7
22 23 3
7 7 1
3 4 9
18 21 2
2 4 17
16 19 14
7 9 15
15 16 1
19 22 5
0 1 15
9 11 12
21 23 6
0 3 12
3 6 9
5 9 8
9 12 4
6 10 2
12 17 4
3 4 6
20 22 1
7 11 2
6 8 15
21 23 6
6 8 15
0 4 12
1 5 5
8 11 8
20 0 15
5 8 10
12 15 10
15 19 12
3 5 17
9 13 8
2 6 8
7 11 17
5 8 5
19 21 1
14 16 7
4 7 4
18 20 6
8 11 15
11 15 13
7 10 12
5 8 11
3 5 14
9 10 11
2 5 4
15 19 4
0 5 3
17 20 15
14 17 14
1 5 10
22 1 16
5 7 1
22 1 6
10 14 3
23 3 10
14 17 16
10 14 16
2 4 1
18 19 7
11 14 3
20 23 3
21 1 14
10 11 6
2 6 15
21 23 10
18 22 8
8 11 11
17 20 15
19 23 12
1 3 7
2 5 16
17 20 1
17 21 11
1 3 6
6 8 3
21 1 15
23 2 10
17 20 4
0 1 16
15 16 17
16 21 8
11 14 2
7 9 2
8 14 9
23 3 16
8 13 1
13 16 8
5 9 13
3 5 8
4 8 2
1 5 12
12 16 15
20 23 17
16 19 14
20 23 5
16 19 4
3 7 5
3 6 17
23 1 8
18 20 5
16 20 8
22 0 4
11 15 3
23 3 17
7 9 9
7 10 12
3 4 1
5 7 10
20 23 15
4 6 6
3 6 1
21 1 6
13 15 14
23 3 6
4 7 2
8 12 8
21 23 12
18 20 3
2 3 3
15 18 3
15 18 8
12 17 7
12 14 12
3 7 16
18 22 17
8 10 15
3 6 3
10 14 17
23 1 6
7 8 8
16 21 2
14 19 17
0 2 5
13 14 16
6 9 17
9 12 2
15 20 7
19 22 16
11 13 10
1 4 15
15 18 14
1 5 5
9 10 16
4 6 9
22 1 2
4 7 10
23 0 15
10 14 16
5 9 1
9 12 11
5 6 6
5 8 4
5 8 12
18 19 1
22 2 12
1 4 4
18 22 17
10 14 1
23 3 1
16 18 1
18 22 1
1 3 10
15 18 2
2 7 16
5 6 4
21 0 8
8 12 10
2 4 7
8 11 10
7 11 5
4 8 7
15 20 3
6 9 17
1 4 14
1 5 10
15 17 3
19 21 8
13 17 17
10 11 16
20 23 1
21 23 10
14 16 1
22 23 3
7 11 13
22 1 1
12 15 13
23 2 8
20 23 13
20 0 5
4 6 6
0 3 1
6 9 5
3 5 15
8 11 6
7 10 7
23 2 5
21 1 5
4 5 14
8 12 17
7 10 7
15 19 14
8 11 6
3 4 14
11 13 16
1 3 6
19 23 9
1 4 17
0 3 9
7 9 3
3 5 14
8 12 5
18 20 12
2 6 3
23 3 1
14 18 3
2 4 17
9 13 15
23 3 4
19 20 10
21 23 11
21 23 16
2 4 4
16 18 11
8 10 17
15 18 8
22 1 9
19 23 8
21 0 9
12 14 12
0 3 17
5 6 3
20 0 17
18 22 10
12 15 15
21 23 5
13 17 12
17 20 7
8 12 3
21 0 5
10 13 2
10 14 9
10 14 3
16 20 15
22 2 7
0 2 1
23 3 8
7 10 8
20 23 3
23 1 6
18 22 7
23 4 7
21 0 1
8 11 7
3 6 16
13 15 1
22 1 6
17 20 8
3 8 11
14 18 6
17 21 14
7 10 11
5 8 11
10 12 1
19 22 15
23 1 3
19 21 14
7 11 6
0 4 1
9 12 7
1 4 8
9 12 4
15 17 1
19 23 8
23 1 17
19 21 6
8 11 7
5 7 16
8 12 16
2 4 14
19 22 17
23 3 17
16 20 15
13 17 16
16 19 6
18 21 2
8 10 11
12 16 1
4 6 11
9 11 11
3 8 17
1 3 2
9 13 9
1 4 4
4 6 8
7 12 15
23 3 7
15 19 2
6 9 7
20 0 2
20 22 10
1 5 17
10 13 16
18 21 11
16 18 4
5 9 8
4 9 7
23 3 14
6 8 16
15 17 9
12 15 1
13 15 2
11 14 12
14 18 16
21 1 11
5 10 6
13 16 15
17 19 12
11 13 16
2 5 7
10 13 1
13 17 4
17 20 10
15 20 5
16 18 11
2 2 8
1 5 9
12 15 13
19 22 12
14 17 15
20 23 4
10 13 5
10 13 6
16 20 12
4 7 7
8 11 15
16 20 12
7 13 8
11 13 8
7 9 10
9 10 14
0 3 17
2 4 17
5 7 5
0 4 17
22 1 13
4 8 1
1 4 12
19 23 1
22 23 3
7 11 3
16 19 13
5 8 4
10 13 1
8 11 7
4 7 16
8 11 14
13 17 2
1 3 12
12 13 9
8 10 17
12 14 11
23 1 8
20 23 3
20 0 6
23 3 3
8 11 9
18 19 13
5 8 3
22 3 11
19 22 2
15 18 5
8 10 1
11 13 10
4 8 7
18 21 5
21 0 10
9 14 16
19 20 14
21 0 7
10 12 1
14 17 9
9 13 2
16 19 10
11 15 17
11 14 9
15 17 16
11 13 11
14 17 10
6 10 8
12 14 13
5 9 14
22 1 1
16 19 16
13 15 15
0 4 12
17 19 3
2 4 5
7 10 4
12 16 6
16 19 16
14 17 14
20 23 11
22 23 1
10 12 11
22 1 14
9 12 4
6 9 1
1 4 7
0 2 4
22 1 8
9 11 4
23 2 10
6 9 16
13 16 12
17 20 1
16 21 14
21 23 8
8 12 1
10 13 7
7 9 5
19 23 8
9 13 5
16 18 9
2 5 12
12 17 14
19 1 11
13 14 14
13 16 17
8 12 16
7 10 11
2 4 17
1 4 15
17 20 2
2 6 5
23 4 3
20 0 14
10 15 6
22 2 5
2 3 11
23 2 8
5 9 16
8 11 4
5 8 15
17 20 9
0 3 4
13 17 16
17 21 17
17 19 15
1 3 11
2 7 10
8 9 8
11 13 4
8 13 7
1 3 1
6 8 5
0 3 13
22 2 6
4 7 4
13 16 14
16 20 13
5 9 10
21 1 7
5 8 9
16 19 15
0 4 15
6 8 16
11 14 15
3 6 15
16 17 3
23 2 10
20 0 1
4 7 10
8 11 7
19 22 10
17 19 2
1 3 17
14 17 16
1 4 10
19 21 1
5 9 4
9 11 9
14 15 15
0 1 16
11 11 12
0 3 9
16 20 8
13 15 12
15 19 10
20 22 4
11 14 1
8 11 3
12 15 1
11 15 2
18 21 15
6 8 17
3 6 3
21 1 4
20 23 16
9 13 6
13 16 7
1 3 15
1 5 2
22 1 14
9 12 16
2 6 4
6 9 15
21 0 9
11 14 6
12 15 15
6 8 11
23 4 12
21 23 2
20 21 11
1 2 12
8 11 4
14 17 2
22 1 5
8 11 4
3 5 15
11 15 5
0 4 16
20 0 1
11 14 13
20 23 3
1 4 8
9 14 5
6 9 1
22 0 9
17 21 4
3 9 8
20 23 4
5 10 16
19 22 15
7 9 2
16 19 2
1 4 12
19 21 17
4 6 12
2 4 3
12 16 10
3 5 9
9 11 5
22 1 10
20 0 12
14 16 2
0 3 3
1 4 3
16 20 6
8 10 6
4 6 12
5 8 10
8 12 5
8 12 6
22 2 4
19 21 5
2 5 7
0 3 13
9 12 10
10 13 8
13 15 8
4 6 7
2 4 13
19 21 4
22 1 16
14 17 17
0 4 12
8 11 6
22 2 12
14 16 17
15 17 9
16 21 1
0 4 16
8 11 12
3 6 8
0 4 11
1 5 15
14 19 3
20 22 13
5 7 16
17 21 10
10 13 13
15 16 13
2 4 14
10 11 7
17 19 6
13 15 2
0 3 12
22 1 16
20 23 10
15 17 10
6 7 1
20 23 12
4 7 14
11 15 16
1 3 4
3 7 13
8 9 7
0 3 15
9 12 16
1 2 16
19 22 5
13 15 11
9 14 13
23 1 13
8 12 13
18 22 7
14 17 17
12 15 15
11 14 5
3 7 1
17 19 9
6 9 3
3 7 1
4 7 10
10 13 11
6 8 10
10 13 2
14 17 1
7 9 3
20 23 17
23 2 2
21 1 12
23 3 12
1 4 7
6 9 6
5 8 2
10 13 7
2 4 8
2 5 7
1 4 8
5 7 14
1 5 14
7 11 13
1 3 13
1 2 10
15 17 2
8 10 8
8 9 4
18 21 14
6 8 5
4 7 15
19 23 2
4 5 12
7 9 7
1 4 1
11 16 9
15 17 11
19 22 15
23 2 4
7 10 2
17 20 8
8 11 4
11 15 16
19 23 9
6 9 14
16 17 6
22 3 11
22 0 15
5 8 14
17 20 3
11 14 15
23 0 15
4 7 11
23 1 16
1 2 6
6 8 12
0 3 12
9 11 11
11 15 5
23 2 5
12 13 15
2 6 10
18 21 6
8 10 11
15 18 11
12 15 10
9 12 8
12 15 9
17 20 11
22 0 16
19 22 1
4 7 8
6 10 3
18 21 15
9 11 3
11 16 16
23 3 8
3 6 2
1 4 5
9 11 17
3 6 15
5 7 9
11 16 12
10 13 6
20 21 8
12 15 5
8 10 16
6 10 8
0 3 3
14 17 3
17 19 17
22 1 6
7 9 12
4 6 14
1 3 7
14 17 5
3 6 7
16 21 15
7 11 7
2 5 13
2 5 10
10 12 1
12 15 10
19 0 3
15 19 16
11 16 1
17 21 12
11 14 16
6 8 15
20 0 13
4 8 6
10 14 8
12 15 14
5 8 4
23 2 13
21 0 1
23 2 6
21 1 17
7 10 6
4 7 9
22 2 16
5 6 4
11 15 13
12 12 8
15 18 4
6 10 5
12 15 2
17 21 8
8 11 8
22 23 2
16 19 9
9 15 8
21 22 14
22 3 15
3 6 5
15 18 15
14 18 12
6 9 5
22 23 14
3 5 17
6 6 16
5 7 17
18 22 7
14 17 17
6 9 3
1 4 16
9 13 6
2 4 12
4 7 11
18 21 7
11 15 6
6 10 15
21 0 1
15 19 14
18 21 3
1 5 3
6 9 9
13 15 5
7 9 12
4 7 8
11 15 12
22 0 9
19 22 8
23 4 9
5 7 7
17 18 10
15 17 3
2 5 8
23 1 3
23 3 7
21 0 2
6 10 15
14 17 15
21 1 14
8 9 14
1 4 2
17 19 16
17 18 16
10 14 12
12 16 4
12 16 11
16 18 4
1 4 17
20 0 10
2 3 7
15 19 2
18 21 2
3 6 14
20 22 8
6 9 4
14 16 9
17 19 1
7 9 8
17 20 3
12 15 11
7 10 3
13 16 11
20 22 14
7 10 12
3 7 17
16 19 10
4 5 11
11 14 7
19 22 2
6 10 17
10 14 5
10 13 14
4 7 12
5 7 11
18 20 11
9 11 14
4 6 13
20 23 3
17 21 12
2 6 2
1 3 12
20 0 15
11 14 1
14 17 16
1 4 4
15 18 3
14 17 11
0 3 14
20 23 13
8 11 1
21 23 9
18 22 10
19 23 17
23 2 13
14 17 3
3 8 12
20 0 16
22 0 6
0 3 4
14 15 5
21 0 3
17 20 9
7 11 7
12 16 17
12 16 5
6 11 8
9 13 13
5 6 15
2 6 10
2 6 4
22 1 12
23 2 4
0 1 7
12 16 5
9 13 8
0 1 17
20 0 17
10 14 17
6 7 1
7 8 11
20 22 1
8 12 15
2 5 13
14 19 9
19 23 17
10 14 13
18 19 13
21 0 6
4 7 11
6 8 4
1 5 16
8 11 14
4 5 5
15 16 13
0 2 2
12 14 10
20 22 13
4 7 3
11 15 17
10 14 5
22 2 8
15 18 7
18 20 11
6 8 16
7 10 6
3 6 8
17 19 1
12 16 10
6 9 10
9 14 5
1 3 1
5 9 7
23 3 3
7 11 15
21 23 5
17 20 17
6 10 2
16 17 11
0 5 10
0 5 10
17 20 8
15 19 15
2 4 2
0 3 8
23 0 3
12 15 5
15 18 12
21 1 9
9 11 10
5 7 11
5 8 7
19 0 16
21 0 11
11 14 3
23 1 3
12 15 14
0 3 17
0 1 3
7 11 5
10 15 1
5 7 16
0 5 12
8 11 1
12 16 13
22 2 3
1 5 6
2 6 3
17 19 7
17 19 12
5 8 10
11 14 6
20 23 10
13 14 2
10 12 12
1 3 17
16 19 17
2 4 11
18 21 1
9 12 5
21 0 6
18 22 7
8 11 6
12 15 12
6 10 9
8 11 3
15 18 15
14 18 15
14 18 6
18 21 17
18 22 9
9 12 6
16 18 12
13 17 3
0 4 1
15 20 12
2 5 10
13 16 2
16 18 4
8 11 6
0 4 3
0 4 8
0 3 1
23 1 14
22 1 8
15 20 14
18 20 10
20 1 12
13 17 17
21 0 5
7 8 17
17 19 16
23 3 14
1 5 13
19 22 5
4 8 16
7 10 13
18 19 14
17 21 9
20 22 10
7 10 3
20 0 11
2 6 4
14 17 15
11 15 4
10 13 4
3 7 17
9 12 17
19 21 10
2 5 8
12 15 12
15 19 2
0 3 8
17 21 8
19 21 8
23 2 5
21 1 12
23 2 15
11 13 16
5 9 8
3 4 12
5 8 7
11 14 10
19 21 3
17 19 4
5 7 4
7 9 3
16 21 10
10 13 14
7 10 14
15 20 3
22 0 17
11 13 12
19 22 16
11 15 4
3 6 2
19 22 10
8 11 5
6 8 10
5 8 14
6 9 17
7 9 12
7 9 1
5 9 16
20 0 1
20 0 4
12 16 13
14 16 7
11 14 16
12 15 1
5 7 8
11 16 9
1 3 7
19 23 1
7 10 11
20 22 4
9 12 13
15 17 2
13 16 12
19 22 4
5 8 11
18 20 1
3 7 10
3 6 4
2 6 9
12 14 17
7 11 13
21 23 1
14 17 15
13 16 1
0 1 6
4 6 9
0 3 7
13 16 10
14 18 6
19 23 15
21 1 17
5 10 3
4 6 16
3 5 8
4 9 4
11 13 13
4 6 15
6 9 14
1 3 13
2 6 10
9 11 17
5 8 13
8 12 4
18 23 17
7 10 3
13 15 8
21 1 14
11 15 7
11 14 11
22 1 9
11 13 13
3 6 6
21 23 17
23 2 13
10 12 8
22 1 3
5 6 16
7 9 11
23 1 8
19 22 2
6 9 4
11 16 2
20 23 4
4 7 15
6 9 9
17 21 2
1 4 15
1 4 14
2 6 10
11 15 3
23 4 1
21 1 14
14 17 2
19 21 2
1 4 7
0 3 8
16 20 7
18 21 9
11 14 16
1 5 3
7 11 10
0 2 1
9 11 13
18 21 14
22 0 7
20 22 7
1 4 17
3 6 9
4 8 1
9 11 10
23 2 4
13 16 4
19 23 6
16 20 11
6 10 17
21 0 14
10 13 14
5 9 13
6 13 15
18 20 13
19 20 8
10 15 16
4 7 5
4 5 5
19 23 17
13 15 9
1 5 1
3 7 17
14 17 12
16 20 6
5 8 4
21 0 6
3 7 6
6 7 6
10 12 10
13 16 13
17 19 11
10 12 9
8 12 9
4 6 11
9 13 14
14 18 11
8 11 13
16 21 11
5 8 7
2 4 7
10 13 14
5 8 13
3 6 15
8 11 8
22 0 16
8 11 17
16 18 8
11 13 4
2 5 3
23 2 6
16 20 10
20 22 14
5 9 11
10 13 3
10 13 8
5 9 5
0 2 15
14 15 2
6 8 2
4 9 7
22 0 10
14 17 3
11 13 5
22 1 17
22 1 17
22 1 9
5 7 11
8 12 10
23 0 1
1 2 13
13 16 9
19 22 3
20 0 9
3 6 7
21 23 9
14 16 13
3 5 8
3 6 17
1 5 10
3 6 12
16 20 2
17 21 12
14 17 1
6 9 1
9 13 5
17 20 16
18 22 4
5 7 17
6 8 16
14 17 15
9 11 17
2 5 14
22 2 8
2 4 10
2 6 6
9 11 3
17 19 3
6 8 15
15 19 17
1 4 12
14 16 9
19 23 4
21 0 14
13 16 4
11 15 11
23 3 17
18 21 1
0 4 4
0 2 13
23 0 12
21 1 11
17 21 10
11 15 16
12 14 7
12 15 17
10 11 15
11 15 6
14 17 5
12 16 1
3 6 10
9 11 16
10 13 4
18 22 17
4 7 10
10 13 11
11 14 12
15 18 8
20 1 8
19 0 3
12 15 12
2 5 15
3 4 14
14 17 9
14 17 12
7 9 3
7 11 4
6 10 2
18 21 12
17 20 10
11 12 11
9 13 3
8 11 15
0 2 10
20 22 13
5 9 10
20 22 14
16 19 16
16 18 6
2 5 5
18 23 4
21 0 14
17 19 10
9 12 13
7 11 12
19 21 14
18 21 12
10 13 11
13 15 1
6 8 6
21 0 16
13 15 12
22 2 1
19 22 6
6 9 10
11 12 8
13 17 17
10 13 6
3 7 16
9 11 16
4 5 4
0 2 7
10 12 8
1 4 7
11 13 7
2 6 17
2 7 14
22 0 6
8 13 1
15 18 3
7 8 17
7 11 17
7 10 14
4 6 5
12 14 14
7 10 17
12 17 11
2 5 17
4 6 7
10 12 7
16 17 7
8 9 17
9 10 14
6 10 4
20 23 12
20 0 13
16 19 3
18 20 17
4 7 11
13 18 14
17 20 8
13 15 8
22 2 16
18 20 3
9 13 4
16 19 4
11 14 15
1 4 4
5 7 1
22 2 15
3 7 10
1 4 3
8 11 1
1 6 3
4 6 17
16 19 4
16 19 11
10 13 13
2 4 16
16 19 13
13 16 4
22 1 1
18 22 14
23 2 5
12 17 16
18 21 17
23 0 6
8 12 13
7 10 15
5 8 15
10 12 5
12 15 1
16 18 2
13 16 11
12 14 7
9 13 7
8 10 14
6 9 6
12 15 7
13 17 12
16 19 4
1 7 1
18 22 1
4 5 5
6 8 5
15 18 6
18 20 10
14 16 6
7 10 15
15 17 5
9 10 13
15 19 14
13 14 7
16 20 10
14 17 9
12 16 15
0 4 14
7 9 1
5 8 9
21 0 14
13 17 5
11 13 9
3 3 8
4 7 13
5 9 10
11 15 6
13 16 4
21 1 4
4 7 16
13 18 1
3 5 9
15 18 11
7 9 4
22 1 17
2 4 9
0 3 4
0 1 7
21 1 2
9 11 13
10 13 11
0 3 3
0 3 17
14 17 10
19 22 4
22 2 16
8 11 15
5 7 12
8 11 8
4 7 10
9 13 4
18 21 4
2 5 8
9 12 9
21 0 1
6 11 8
13 17 15
9 10 9
21 23 2
20 23 5
12 15 15
8 10 4
16 17 6
21 1 17
21 0 2
18 20 7
13 17 15
15 19 11
14 17 3
12 14 12
22 1 8
5 8 7
2 5 8
5 8 7
12 17 9
19 22 14
2 4 5
17 19 14
19 22 7
7 10 7
10 13 10
10 13 10
8 11 11
13 16 14
23 3 5
22 2 3
22 23 17
4 6 11
0 2 13
3 4 12
21 1 6
20 0 7
20 0 2
16 19 15
12 16 9
20 22 10
7 10 17
1 4 16
10 14 4
2 8 15
22 2 6
3 5 6
14 17 14
17 21 12
23 1 13
13 17 13
6 9 13
19 21 10
5 9 11
4 7 7
5 8 4
13 16 6
21 1 11
4 8 10
15 17 11
18 20 4
5 9 8
20 23 3
2 5 14
13 17 11
0 3 14
8 11 7
7 11 10
17 21 17
16 20 2
2 3 3
18 22 8
22 2 2
13 17 17
13 17 9
18 21 16
22 1 5
2 5 9
17 20 5
3 8 17
1 4 15
10 14 5
4 8 14
4 7 10
19 21 1
23 1 2
15 18 11
0 3 2
0 4 3
16 19 6
21 0 6
12 15 3
7 10 11
12 15 5
13 16 5
15 17 10
6 10 1
6 9 8
21 23 2
1 3 12
0 5 12
23 3 6
18 21 8
1 1 4
20 21 14
22 0 5
4 7 2
23 0 6
14 16 9
12 17 7
10 14 11
6 9 3
5 7 1
6 9 3
8 9 4
9 11 10
0 3 12
5 7 2
8 10 2
23 0 12
23 2 14
20 23 1
9 12 16
23 0 6
10 12 16
6 8 1
7 8 15
17 21 15
7 10 4
5 8 17
17 19 6
19 22 12
7 10 10
2 4 12
5 7 9
4 6 1
11 15 13
3 6 12
18 21 9
20 0 6
3 8 3
19 21 6
7 9 13
16 19 7
20 0 3
17 21 8
3 6 6
7 11 8
6 9 4
21 23 5
12 15 2
6 7 7
5 7 16
10 12 16
13 15 7
14 20 8
18 21 17
10 14 11
6 9 16
21 23 14
16 20 16
18 22 14
10 14 9
17 21 15
16 18 4
5 7 16
13 16 11
20 23 12
16 19 16
12 16 1
19 20 14
4 8 5
16 20 12
10 15 9
10 13 16
6 7 9
16 19 7
11 14 17
14 19 14
20 23 8
9 11 4
13 14 14
18 20 8
0 3 10
11 13 8
11 15 5
2 4 3
1 6 15
8 11 1
20 22 15
17 19 14
10 13 4
21 1 17
7 10 13
6 9 7
11 13 1
10 13 14
19 23 7
0 2 7
2 2 10
0 3 6
14 17 7
17 20 17
13 17 4
23 1 5
4 7 6
0 4 8
17 19 2
22 1 15
4 9 4
20 22 7
17 20 11
3 7 9
9 10 12
15 18 4
19 22 16
20 23 13
13 15 4
17 19 1
19 22 15
20 22 15
23 2 12
5 7 5
21 0 14
11 14 9
12 14 3
7 10 9
7 10 9
8 11 5
18 20 13
21 1 12
1 4 6
20 23 2
12 15 2
2 4 7
5 8 16
8 11 10
2 4 5
14 18 5
1 2 9
18 21 17
15 17 10
3 6 2
18 21 10
1 3 6
0 4 10
23 3 10
7 9 9
21 23 10
1 4 17
14 15 14
23 1 13
22 2 11
14 17 15
13 19 9
12 16 15
16 19 9
4 7 8
10 15 14
7 10 6
9 14 3
9 13 2
2 4 5
10 12 7
1 4 8
12 13 8
13 16 1
5 7 13
21 0 3
16 19 12
20 2 17
8 11 17
0 3 11
4 8 12
11 14 6
19 22 1
19 0 15
20 0 13
17 21 4
13 16 5
18 21 3
10 11 8
11 14 13
17 20 17
17 21 4
10 12 2
23 3 1
19 23 1
20 22 2
8 11 16
15 18 11
21 0 10
20 22 12
4 7 5
22 2 16
9 13 4
10 13 8
21 0 5
1 4 15
19 21 9
8 10 13
0 5 15
17 21 6
7 9 2
3 6 4
6 10 1
21 1 13
9 13 12
13 15 12
20 23 14
23 3 6
12 16 2
6 10 2
1 3 13
5 8 6
13 15 16
9 13 9
22 1 12
21 0 6
16 18 6
4 8 7
9 12 17
7 9 15
10 16 1
2 5 1
14 18 16
18 22 17
12 15 10
0 3 13
22 1 16
0 2 8
5 8 3
