300 6
8 4 8 5 8 2 
19 23 4
6 10 4
3 9 4
21 3 4
0 2 5
17 20 4
21 0 2
12 15 4
3 6 6
21 1 5
16 18 1
11 12 2
20 22 3
21 1 2
23 2 6
11 14 1
21 2 3
0 3 2
8 12 4
6 9 4
22 1 6
0 2 1
7 10 4
20 22 2
3 6 1
9 10 1
21 23 4
16 20 3
16 18 2
10 12 5
5 8 5
20 23 3
7 9 3
2 4 6
21 1 1
10 14 3
22 3 4
1 3 2
19 23 4
12 16 6
14 17 2
12 16 4
1 3 6
15 19 3
18 23 6
10 13 6
23 2 5
13 16 2
19 22 1
10 15 1
18 23 4
11 14 2
2 3 3
20 1 1
17 19 2
9 12 2
0 4 1
21 23 6
2 5 5
4 7 2
21 23 2
5 10 5
22 4 4
13 17 1
5 7 6
22 0 5
7 10 3
23 3 5
5 9 2
4 7 1
12 17 1
4 6 4
14 16 4
4 7 3
12 15 5
6 9 3
13 15 4
6 10 6
18 21 4
20 0 3
4 6 1
15 19 5
2 6 2
8 9 4
17 19 3
11 12 2
19 22 2
21 0 3
12 14 6
11 15 3
4 8 5
14 16 4
21 23 6
4 7 6
8 10 2
8 11 6
14 15 3
23 2 3
0 3 5
15 19 3
4 8 2
19 22 4
3 5 3
12 15 5
20 23 3
15 19 6
14 19 1
5 9 5
22 0 3
11 14 5
9 12 2
10 13 4
16 20 2
12 14 2
20 23 1
6 8 5
8 10 2
12 15 2
18 21 2
4 7 6
23 3 1
2 7 4
9 11 6
1 3 5
12 15 2
4 9 4
3 4 2
18 20 2
1 4 6
5 8 4
7 10 6
18 20 4
6 7 5
7 11 3
6 8 5
20 22 1
0 3 6
5 10 1
1 2 1
15 17 5
11 16 2
15 19 2
19 21 5
20 0 6
9 12 4
1 4 4
3 7 2
18 20 1
20 22 4
7 10 2
4 5 5
12 15 5
14 17 6
21 1 1
5 7 4
15 17 5
14 17 4
19 22 3
20 23 4
12 14 2
0 3 5
1 5 3
23 1 5
2 6 1
11 14 4
7 11 2
10 12 2
17 21 4
23 4 1
18 21 3
12 15 6
12 14 6
3 7 3
10 14 5
6 7 3
0 1 4
15 18 4
18 20 1
6 10 2
1 4 2
7 10 5
1 4 4
20 22 4
21 0 2
21 0 4
22 2 3
12 14 1
2 7 6
4 6 5
0 4 4
8 12 2
4 7 5
10 13 5
3 8 5
10 13 5
18 21 4
13 15 3
12 15 6
15 17 2
4 9 5
1 5 4
2 4 3
14 18 5
3 7 5
23 1 5
5 9 5
14 17 2
6 8 6
8 10 6
11 13 1
9 13 4
10 13 6
14 17 6
18 21 6
6 8 3
23 1 5
2 4 6
22 0 4
2 5 6
17 22 1
0 2 3
19 22 3
16 21 3
3 5 6
23 3 2
6 9 6
23 2 2
15 18 2
14 18 6
23 2 4
16 18 3
20 0 4
8 11 3
14 17 6
18 21 4
20 21 1
6 8 6
12 14 6
21 23 4
17 20 5
9 12 2
21 1 6
16 18 1
7 11 4
19 22 4
5 9 4
21 23 6
17 19 4
13 16 2
15 19 3
21 0 3
6 9 4
16 18 3
0 3 1
9 11 4
15 17 6
9 12 1
3 4 5
22 1 3
17 18 5
9 13 2
15 19 4
16 17 4
15 19 4
0 4 1
9 13 6
22 1 3
16 19 6
11 12 5
22 23 2
14 19 4
18 23 1
11 16 6
0 3 3
23 2 4
19 22 4
9 12 2
6 8 2
12 15 3
3 9 4
23 2 1
4 7 1
8 11 4
6 9 6
15 17 5
5 8 4
1 4 4
11 13 3
5 8 1
23 1 2
22 2 2
16 20 4
8 10 1
23 2 1
1 5 3
7 11 5
0 3 4
18 21 6
10 16 6
18 19 2
