350 11
2 9 7 1 5 10 1 10 9 6 9 
2 5 4
19 22 3
10 13 10
9 13 11
2 5 3
19 21 9
6 9 6
9 12 11
2 4 2
12 15 2
16 18 6
0 2 9
2 4 6
4 6 2
9 12 9
20 23 6
15 17 1
11 13 4
3 7 2
5 8 1
17 20 2
22 2 10
18 21 3
19 22 2
9 12 3
13 16 11
19 22 8
10 13 4
6 10 5
20 23 9
13 15 5
8 11 8
1 5 4
23 1 8
14 16 4
5 9 3
1 5 4
19 21 7
7 9 2
20 23 2
14 16 11
9 11 8
13 16 2
15 19 7
3 5 3
8 10 1
8 12 9
12 15 9
1 3 2
5 7 3
13 16 11
15 20 2
10 14 9
4 7 11
9 13 8
5 8 6
3 7 7
22 1 2
21 0 7
15 19 8
5 8 7
10 13 1
16 20 3
8 12 7
21 0 4
3 5 9
19 21 6
21 23 11
0 3 2
3 6 2
15 19 7
10 11 11
1 5 9
5 10 2
18 21 5
17 19 3
8 11 5
18 22 5
4 6 4
5 9 9
13 16 7
19 21 8
20 23 5
4 8 7
18 21 5
3 6 7
7 10 4
6 9 11
22 1 9
15 19 6
16 21 6
22 2 6
12 17 3
2 5 2
11 13 8
7 10 3
22 1 7
18 21 4
15 20 6
17 20 6
16 19 11
20 23 3
0 2 7
4 6 6
17 20 9
7 9 8
13 16 6
18 20 4
9 12 8
8 10 9
17 20 3
3 6 1
6 11 7
0 1 6
12 14 1
6 10 7
13 17 4
10 12 6
3 6 7
15 17 1
7 11 10
6 9 11
15 20 7
10 12 3
12 16 7
10 13 1
11 13 3
10 13 7
12 15 11
18 19 4
21 23 6
5 8 6
13 16 11
9 11 9
15 17 5
15 18 6
21 23 9
15 18 2
9 12 11
6 9 8
8 10 5
13 18 4
6 9 3
14 17 10
13 16 5
10 15 11
4 6 3
2 6 1
22 1 9
8 12 5
1 4 3
23 3 5
16 20 11
9 15 11
11 16 4
9 12 8
3 5 4
6 9 11
6 8 5
20 0 6
5 6 5
14 17 5
15 18 7
12 15 11
6 8 5
0 2 4
11 15 10
11 13 5
13 15 1
19 23 1
1 5 9
15 19 5
10 15 6
8 13 1
10 13 5
1 5 8
21 23 6
8 11 6
2 4 7
18 21 1
15 19 9
19 21 10
16 18 1
1 3 8
14 15 7
22 23 4
6 9 1
7 10 6
9 12 1
0 3 2
19 23 4
19 21 5
20 23 1
14 15 1
4 7 10
9 11 11
5 9 11
3 6 2
10 12 5
1 3 9
2 4 10
1 4 9
19 23 11
15 16 11
4 8 6
0 1 3
23 0 6
5 6 10
3 6 10
0 2 1
17 21 7
9 13 11
21 1 6
13 17 10
4 7 7
0 2 8
5 6 11
22 23 1
12 15 3
13 16 6
6 8 2
2 4 6
3 5 8
2 5 7
17 20 9
12 16 9
12 15 10
9 11 5
13 16 10
3 6 10
15 19 9
8 11 1
18 21 11
14 17 3
15 19 11
21 0 1
2 5 6
8 10 7
17 20 10
16 18 3
13 16 9
13 16 2
18 22 7
14 18 10
22 0 2
18 23 8
6 10 6
15 15 1
13 16 8
16 20 3
18 21 3
20 22 8
14 17 6
3 6 5
8 10 11
18 20 1
3 6 10
13 17 4
23 1 4
4 7 3
22 1 3
3 5 11
18 20 11
8 11 7
8 11 1
14 16 9
5 10 1
0 3 11
3 6 9
16 20 2
13 18 3
4 8 11
7 8 4
2 3 5
5 10 8
21 1 3
17 21 8
10 13 1
8 10 3
0 2 5
17 21 11
5 7 6
11 15 6
16 18 5
17 19 5
21 0 5
6 11 9
3 7 5
23 1 4
22 2 7
5 7 6
18 20 11
19 22 11
9 12 7
15 18 11
11 14 5
19 19 11
20 0 3
15 19 10
23 3 8
10 12 4
22 1 2
2 5 8
22 1 1
15 18 9
9 12 7
13 15 3
8 10 9
12 16 6
16 18 3
22 1 2
15 19 1
11 16 10
12 15 4
11 14 5
19 23 9
7 9 2
15 20 6
20 22 5
19 21 9
4 9 11
13 15 3
21 23 6
17 18 4
1 4 3
2 3 4
12 16 8
21 1 5
21 23 10
17 17 2
2 6 1
20 22 5
20 0 5
21 23 7
7 11 10
9 11 2
7 10 3
0 3 9
8 10 3
21 1 2
13 16 8
21 0 6
18 20 10
0 4 4
12 14 9
16 19 5
0 3 6
21 1 11
1 3 6
0 3 1
