800 8
10 3 9 6 5 6 7 3 
7 10 1
5 8 1
14 17 6
19 21 4
2 5 7
23 3 4
23 3 1
19 21 4
1 4 5
11 14 1
17 21 8
5 9 5
2 4 1
9 12 8
10 12 1
3 5 4
22 2 5
3 5 7
14 18 7
6 9 2
13 15 7
14 17 1
8 11 2
17 19 1
23 3 2
12 15 5
19 22 8
8 11 5
7 8 4
2 6 7
1 2 1
17 19 4
13 15 4
3 7 4
19 23 2
8 11 6
11 12 1
13 16 2
18 22 2
6 9 6
0 2 7
9 13 8
6 6 5
12 14 2
12 17 3
13 16 6
8 10 4
12 17 4
12 15 2
0 3 3
21 22 1
20 23 8
0 3 2
15 17 7
0 2 7
23 3 8
15 18 1
21 23 3
6 11 6
20 0 5
23 3 6
23 2 2
18 21 2
12 16 1
5 7 3
2 7 4
21 22 5
9 12 4
14 13 6
15 19 5
2 4 1
23 3 8
12 15 2
16 20 7
8 11 2
8 11 3
5 11 8
10 13 2
8 11 7
11 13 4
18 21 2
8 12 4
8 9 6
8 10 5
19 22 5
3 6 5
12 15 1
7 9 8
18 20 6
9 14 4
8 12 7
22 1 7
14 16 2
1 4 6
8 11 4
22 1 6
12 15 1
6 9 7
21 0 3
12 15 6
2 4 2
13 15 3
14 16 7
7 9 3
19 0 1
23 2 1
8 12 1
20 23 1
12 14 4
4 7 3
6 7 5
8 8 7
7 10 5
3 6 8
14 16 8
14 18 1
2 3 7
1 4 5
14 15 1
21 0 2
16 18 1
18 20 8
21 0 6
4 7 7
19 22 4
3 7 8
0 3 3
19 23 6
13 15 4
16 18 6
8 12 7
1 4 4
4 6 1
3 6 3
6 9 3
1 5 5
10 14 1
14 17 1
18 20 7
12 14 1
18 20 1
14 18 2
23 3 5
9 11 7
7 11 2
9 11 7
23 1 6
16 20 3
4 8 8
15 19 6
12 15 6
14 16 7
7 12 3
10 14 7
21 0 4
9 12 4
8 12 2
2 6 3
15 17 3
20 23 4
0 2 4
18 21 1
11 13 2
22 2 8
16 20 6
20 21 3
4 7 3
11 13 1
6 9 7
21 0 3
17 20 1
19 22 5
19 22 2
6 9 4
4 10 1
5 9 7
1 4 7
2 5 3
20 21 8
5 8 3
5 7 7
12 15 7
16 18 8
16 21 1
11 13 4
1 4 3
0 4 4
5 7 3
13 16 4
19 21 6
2 7 8
3 6 3
18 21 4
10 14 6
6 8 8
16 20 3
7 10 7
12 15 3
12 15 7
10 12 6
5 7 8
20 21 5
14 17 4
17 19 6
8 10 6
16 19 6
11 14 8
14 17 4
19 0 3
3 7 8
2 3 3
1 5 7
21 0 6
5 7 1
0 3 6
17 20 6
15 18 6
8 11 3
2 5 4
7 9 5
16 18 7
2 4 5
8 12 5
14 16 5
22 2 1
0 2 6
19 22 8
22 0 8
11 16 3
4 7 6
4 5 8
10 12 1
8 10 8
18 22 6
12 14 3
17 21 5
6 10 1
11 13 2
12 16 8
20 23 8
2 4 3
17 19 8
16 18 8
20 23 1
14 17 8
16 20 2
10 14 2
17 20 2
2 5 1
9 10 3
17 20 5
1 3 6
21 1 1
11 15 1
1 3 5
3 5 2
9 12 2
18 22 1
17 22 2
18 20 7
23 1 3
23 3 3
16 17 2
15 19 2
0 4 4
22 0 3
21 0 7
14 15 5
0 2 1
8 13 2
9 12 3
4 7 1
4 7 1
10 13 7
19 23 1
1 5 4
12 16 7
1 4 4
19 0 4
17 19 7
18 22 2
16 18 3
12 15 1
17 20 3
0 4 4
22 2 1
15 18 4
15 18 5
9 12 5
17 21 1
13 17 3
14 15 8
7 8 5
8 11 1
21 2 7
3 5 5
22 1 3
6 10 3
4 6 2
2 4 5
15 18 3
0 4 4
13 15 2
13 17 4
2 6 5
10 12 2
14 18 7
4 7 4
15 18 4
12 16 1
13 16 2
8 12 7
17 20 2
1 3 5
3 8 7
12 17 5
10 14 3
2 5 5
10 13 2
13 16 3
6 8 5
1 3 5
3 7 1
21 1 7
7 10 4
8 10 6
6 9 6
4 6 1
23 1 1
4 7 8
21 23 1
6 8 7
13 16 7
5 8 4
7 9 5
4 6 4
3 7 3
18 22 2
1 3 3
23 2 7
12 13 2
2 4 1
15 19 4
16 19 6
15 19 1
22 1 6
10 13 4
6 10 8
21 1 8
6 7 1
8 10 2
7 9 8
0 3 4
22 1 5
10 12 1
14 16 4
2 4 8
13 16 8
4 6 7
19 20 6
16 21 4
19 22 7
13 17 1
3 7 8
22 0 3
3 7 3
19 21 5
16 21 7
6 9 2
3 6 1
23 0 6
6 7 3
23 4 2
20 22 3
1 4 2
2 6 2
23 2 4
23 2 5
1 5 1
5 7 8
11 14 1
9 12 5
17 22 8
7 9 7
10 13 1
13 15 4
12 15 7
14 18 4
5 9 3
7 11 6
0 4 6
22 1 3
23 2 4
17 20 8
11 14 1
4 7 3
3 6 8
3 8 1
23 3 4
20 22 6
17 19 3
23 3 7
18 21 3
17 19 5
11 11 6
15 18 8
14 17 2
22 0 4
10 15 5
14 17 3
12 16 7
22 0 4
5 8 7
16 19 7
21 23 1
18 21 4
1 4 1
16 21 7
0 2 5
18 22 5
15 18 8
11 12 5
0 3 7
20 23 8
22 0 4
21 0 2
7 11 1
21 0 5
8 10 5
13 16 8
21 23 8
22 0 2
15 20 4
9 12 1
11 16 8
10 12 7
16 18 4
5 8 5
20 0 6
6 8 6
17 19 8
17 20 2
0 3 8
2 7 8
7 8 6
16 20 6
7 11 4
20 23 8
12 12 6
15 18 7
10 13 2
22 1 4
23 2 6
20 23 6
17 20 2
4 7 1
23 2 5
17 20 4
17 21 2
7 8 8
13 15 4
18 23 6
14 20 6
16 20 1
22 2 3
14 17 6
21 0 2
22 2 2
12 15 5
0 4 7
4 6 2
9 12 5
18 21 3
1 2 4
1 4 8
8 12 4
13 16 8
10 14 1
4 8 1
23 2 4
4 5 5
19 22 1
2 4 6
4 6 8
13 16 5
5 7 7
16 20 4
12 16 5
19 23 1
18 22 5
13 15 2
9 13 3
20 23 1
21 2 1
8 12 1
14 18 5
6 8 4
22 23 6
1 3 4
19 0 8
15 17 7
22 3 8
0 2 1
17 19 7
8 13 7
15 17 6
21 0 6
3 7 6
12 15 5
2 5 4
18 22 8
2 4 2
12 13 5
19 22 6
21 2 5
8 11 5
0 3 7
8 11 6
23 2 1
2 7 1
13 16 8
0 4 1
9 13 5
8 11 1
10 12 6
4 6 3
23 2 8
23 2 6
21 0 1
4 8 5
13 16 5
11 14 6
6 8 7
10 12 5
9 11 1
5 8 4
21 1 8
19 22 8
8 10 8
7 8 3
5 7 8
5 8 7
21 0 6
3 3 3
5 8 8
4 8 4
4 6 7
20 23 3
15 19 8
23 3 5
4 8 2
20 22 3
17 20 8
6 8 7
15 17 4
0 3 1
13 15 5
18 21 4
18 22 8
9 12 1
3 6 8
11 14 7
17 23 7
10 13 5
0 3 7
1 6 1
23 1 3
16 20 8
19 22 6
12 14 7
3 5 8
3 6 1
1 5 3
5 8 1
14 16 3
4 5 4
5 9 1
22 2 3
16 19 2
14 15 5
16 19 3
17 18 3
15 20 4
13 16 5
3 4 8
5 8 3
13 16 2
12 14 4
4 6 8
2 5 2
13 17 3
4 7 7
21 23 7
7 9 4
13 16 6
12 13 1
0 3 5
23 3 6
16 19 8
5 8 2
1 5 1
19 0 7
14 18 2
17 19 8
8 11 5
15 18 5
6 10 1
15 19 4
11 14 1
2 6 4
23 2 3
15 16 2
11 13 3
11 13 4
22 0 4
16 19 7
5 8 3
1 4 7
9 14 6
6 7 2
14 18 1
6 10 5
9 11 8
15 17 1
20 1 7
18 22 1
5 7 5
6 10 8
6 8 2
7 10 1
15 18 8
8 10 1
4 9 4
17 19 5
20 23 3
19 22 3
3 7 2
20 0 6
15 16 6
8 12 1
11 16 2
10 12 3
12 14 2
9 12 8
20 22 7
16 17 4
14 17 5
16 19 3
13 17 2
6 10 5
11 15 2
18 21 2
22 1 2
1 4 7
9 12 6
5 9 3
8 12 3
21 1 1
1 5 8
8 10 3
4 8 1
23 1 4
6 9 7
22 23 6
23 3 7
12 13 6
3 6 3
1 5 6
9 13 8
15 17 6
19 22 6
20 23 1
16 20 3
8 11 1
10 12 1
21 23 5
7 10 1
10 14 4
8 12 1
22 0 4
6 8 2
21 0 6
19 23 1
14 17 4
1 5 8
3 6 7
15 19 2
12 15 5
0 3 2
0 4 1
12 14 6
6 9 4
0 3 3
20 0 5
2 6 6
12 17 6
13 17 6
16 19 7
3 6 6
5 10 2
9 13 7
21 0 3
17 20 8
6 8 8
9 11 3
22 2 2
17 19 2
1 3 6
0 3 3
5 8 4
7 9 5
14 16 6
23 3 7
23 2 1
13 17 7
18 20 7
22 0 5
14 17 4
23 2 5
1 6 5
15 17 6
14 19 4
3 5 3
3 5 4
14 19 3
17 21 6
1 2 2
14 17 2
4 5 1
11 14 8
15 19 2
23 2 8
1 4 8
15 17 2
16 19 6
13 16 5
14 18 2
16 20 2
10 12 5
22 0 4
5 7 2
15 17 4
11 13 1
11 15 4
1 5 5
17 20 8
14 18 7
23 3 7
5 7 1
13 16 2
7 10 3
20 23 2
23 3 6
12 14 4
6 10 8
6 8 4
6 9 7
5 9 1
8 10 6
18 21 4
23 2 4
0 4 1
13 16 7
20 0 2
4 7 8
17 19 5
17 21 2
5 8 5
4 6 1
6 10 1
19 22 3
6 9 6
16 19 1
21 0 8
21 3 8
13 18 2
3 7 2
4 7 6
6 11 1
16 18 5
0 4 3
11 14 6
9 14 6
5 9 1
0 3 6
9 11 3
22 2 2
22 1 7
18 22 4
20 23 6
18 21 7
18 21 1
5 9 2
1 5 8
13 17 7
3 5 3
5 8 1
9 14 6
18 22 4
19 23 7
