2000 18
8 1 10 8 10 1 4 1 4 2 1 6 2 10 3 2 3 6 
19 22 12
4 5 17
6 7 2
7 9 16
0 4 15
16 18 3
17 20 4
17 20 12
21 1 13
8 11 17
5 9 11
15 19 10
8 14 5
22 2 18
1 3 4
22 1 8
20 22 8
6 9 1
7 9 6
16 18 18
23 3 18
15 17 3
22 2 15
17 22 10
9 12 7
21 0 15
13 15 5
10 14 13
6 9 6
21 1 11
4 5 17
20 22 14
12 15 4
8 11 11
1 6 4
17 21 18
6 11 11
11 14 4
2 6 15
16 19 4
7 11 6
21 0 1
2 5 14
21 0 7
17 21 5
1 6 14
21 1 16
8 11 2
3 5 4
10 13 16
11 13 2
8 9 7
0 3 18
7 8 4
21 23 15
16 18 2
17 21 14
20 23 1
22 1 10
0 2 5
0 4 5
1 2 5
8 10 2
15 18 1
1 4 15
14 16 1
21 0 3
13 16 9
5 9 15
18 21 10
14 16 5
3 8 6
21 0 11
6 7 4
19 21 3
8 11 3
14 18 1
0 3 4
20 22 7
6 10 12
21 0 8
12 15 8
1 4 8
8 10 15
11 13 3
14 18 1
17 19 9
12 14 11
3 6 6
13 16 17
15 20 11
0 3 3
2 4 11
23 3 13
2 6 2
19 22 16
6 9 3
17 19 18
11 14 6
11 14 18
18 22 14
11 13 5
22 1 11
9 12 6
18 22 5
17 20 6
21 0 15
4 7 13
14 17 16
22 1 6
12 14 10
12 14 3
8 11 8
20 23 1
12 17 15
22 3 5
8 10 7
2 3 5
6 8 12
22 1 14
4 7 10
17 20 14
14 17 7
3 5 9
19 22 8
12 16 6
22 1 11
16 20 7
2 5 8
4 6 12
1 4 14
18 22 1
19 21 6
13 16 12
21 1 8
14 18 10
21 1 11
20 23 6
20 21 14
3 5 10
0 3 10
7 12 11
22 0 14
5 7 2
17 21 15
9 12 16
5 8 7
3 5 9
22 2 18
8 10 4
10 13 3
0 4 3
16 22 16
2 5 17
7 10 8
16 19 13
22 2 7
2 6 12
1 4 18
23 1 3
7 10 12
21 0 17
6 9 9
12 15 6
18 21 3
8 11 14
22 0 3
5 7 2
4 7 3
17 19 12
21 0 11
10 12 8
7 11 13
11 14 1
8 13 8
10 13 1
6 9 14
21 23 16
10 14 17
7 10 9
1 4 4
5 8 8
6 9 15
16 19 16
17 18 12
19 21 2
23 3 7
14 17 16
14 15 5
8 10 8
3 4 18
1 2 8
7 8 2
11 13 12
14 16 18
21 0 9
2 7 17
5 7 15
6 9 9
23 3 5
21 23 8
18 22 4
5 8 17
5 8 4
20 22 4
0 3 12
7 10 17
7 9 3
20 23 7
17 21 1
22 2 15
14 17 17
20 22 4
8 12 8
20 23 18
16 19 18
2 5 4
20 23 17
3 6 13
21 1 3
15 17 3
12 14 6
21 2 1
6 9 1
5 8 8
2 4 15
4 8 4
20 22 15
21 0 5
1 6 12
5 10 6
2 5 3
15 19 2
4 7 11
7 10 13
14 17 18
15 17 16
4 4 15
21 23 7
23 2 10
22 1 2
5 9 7
17 20 10
5 8 7
17 20 2
1 4 15
23 2 7
22 1 6
0 1 9
3 6 4
22 2 4
20 23 13
7 11 5
8 12 8
9 13 9
22 0 9
18 21 4
13 15 2
6 9 7
19 20 11
20 23 15
10 13 5
16 20 11
17 19 8
6 9 13
15 20 13
18 20 2
0 3 12
9 11 10
11 13 16
8 12 6
22 23 15
20 22 15
12 16 16
19 22 9
14 18 12
9 11 12
2 5 14
12 15 16
20 23 8
1 3 5
6 9 18
8 11 13
16 20 11
1 5 17
17 22 12
8 11 15
2 4 17
19 22 2
3 7 10
11 13 11
9 14 15
5 10 16
12 14 2
2 5 8
12 15 18
21 23 12
10 13 8
20 22 12
22 0 7
15 20 9
22 1 6
9 11 11
13 16 7
9 11 14
13 16 6
19 21 16
21 2 4
0 2 6
20 20 9
16 19 6
5 8 6
2 5 14
23 0 1
12 14 14
21 0 15
9 12 12
1 6 10
12 15 16
8 8 7
1 4 17
21 0 18
23 23 6
5 8 16
0 3 8
15 16 3
5 9 10
6 8 6
12 15 4
1 6 10
6 11 10
12 16 15
15 17 4
9 9 1
22 2 8
17 21 13
5 7 11
20 0 5
22 1 2
11 14 18
8 10 14
1 5 18
18 20 8
15 17 2
23 3 2
0 4 14
18 21 1
10 13 12
6 8 11
3 7 2
14 18 11
13 16 17
2 4 10
11 14 2
12 16 10
14 16 18
16 20 2
3 5 6
1 5 6
16 18 14
11 16 3
7 10 2
11 15 14
14 17 4
17 22 1
14 17 10
23 3 2
3 2 5
14 17 15
4 7 6
18 22 12
19 22 14
8 11 18
9 13 4
12 14 6
12 17 9
15 18 11
14 19 6
17 19 15
17 20 18
13 16 13
20 23 17
10 11 3
18 21 6
23 23 7
4 8 17
9 12 2
15 17 5
10 13 16
4 6 17
23 2 2
14 15 2
22 2 14
13 16 14
4 9 12
13 16 9
6 9 7
17 21 15
23 0 8
7 10 9
14 17 7
3 7 8
12 16 16
20 0 15
22 2 3
11 14 1
2 4 3
22 1 6
12 15 4
9 13 3
2 5 4
5 8 11
20 22 4
4 8 13
8 12 14
8 10 4
22 2 18
22 1 18
13 17 2
15 19 10
5 9 13
19 22 10
16 17 3
12 14 10
16 17 12
10 14 6
2 5 7
20 1 16
7 11 2
22 1 11
5 7 16
13 15 14
0 3 10
4 6 4
21 0 11
12 15 11
18 22 6
15 19 10
0 5 2
14 17 11
17 21 18
5 8 17
4 6 1
13 16 14
20 22 13
18 23 18
21 23 9
1 5 12
19 22 12
0 3 5
18 21 3
8 11 1
8 11 13
2 5 7
6 9 9
8 11 13
23 2 2
11 14 6
19 22 10
13 14 5
5 8 6
4 7 17
21 1 13
13 16 13
0 3 8
23 2 1
11 13 15
19 22 18
23 3 4
11 13 12
5 8 7
16 20 8
23 2 1
16 19 14
0 4 15
3 7 4
4 7 13
9 9 12
20 22 15
11 14 5
1 6 12
3 6 12
17 22 5
4 6 13
19 20 11
9 12 2
9 12 8
23 2 3
14 17 5
21 0 4
22 1 11
19 21 16
8 11 9
5 8 7
13 16 14
18 21 13
23 3 18
8 10 2
10 13 13
0 2 9
6 9 15
18 21 14
17 19 10
17 21 13
6 9 11
14 17 6
13 15 12
3 5 14
14 18 14
13 17 6
15 18 10
23 1 3
14 17 3
7 9 4
21 23 4
3 5 9
8 10 6
13 16 1
19 21 6
22 1 2
1 2 18
12 16 11
5 8 13
13 18 11
1 2 16
4 7 4
18 20 14
18 21 9
7 11 3
17 20 1
6 9 12
10 13 8
15 17 10
10 13 15
7 10 18
0 2 6
0 4 8
21 22 18
2 6 11
10 12 6
12 14 8
5 9 10
9 13 13
18 21 1
7 10 6
20 0 14
4 6 12
3 6 14
11 14 16
11 14 8
2 6 14
13 16 12
7 10 10
19 23 16
12 15 12
12 15 11
21 23 14
3 4 1
1 5 5
1 5 10
15 18 16
6 7 13
5 7 6
23 1 9
16 18 11
13 17 1
22 0 18
3 6 1
12 16 15
10 12 3
3 5 9
12 15 12
16 20 12
18 20 15
5 8 18
15 17 11
0 3 5
6 9 1
13 18 14
13 15 17
2 7 13
6 10 16
7 10 14
5 8 2
15 18 6
19 20 6
1 3 9
19 21 7
8 11 12
0 0 14
18 21 17
2 7 17
18 21 17
15 18 7
8 11 8
3 6 15
13 16 4
7 10 12
0 4 9
4 6 9
20 0 2
20 22 9
8 14 11
19 20 18
17 22 7
10 12 11
7 11 10
16 20 15
18 21 10
3 7 15
17 19 2
19 22 14
12 15 2
8 11 1
9 13 6
4 4 7
19 22 2
8 10 7
17 19 7
20 23 2
22 3 5
15 19 15
13 16 18
22 0 1
9 12 5
9 10 7
21 2 1
3 6 3
4 9 15
18 21 3
6 9 12
22 2 11
13 17 6
6 9 3
1 4 4
3 7 6
5 10 3
5 8 7
4 8 5
16 19 9
10 15 1
22 0 9
1 3 1
9 11 17
16 20 8
5 8 13
12 16 16
6 10 16
21 0 1
15 17 13
12 14 16
16 19 10
23 2 13
11 13 9
11 14 16
19 23 18
18 21 12
4 9 5
13 18 12
19 23 9
13 16 13
7 12 18
11 13 7
13 17 17
12 16 1
9 12 7
9 13 9
1 5 6
23 2 16
20 0 16
6 11 15
4 7 9
18 20 15
20 23 15
18 20 10
15 18 3
7 10 4
13 16 7
7 11 10
22 1 16
0 2 5
12 15 2
11 14 17
21 0 6
17 21 18
19 22 9
21 22 17
0 1 1
9 12 8
7 10 10
19 21 1
2 4 15
12 15 17
17 20 1
18 21 1
9 11 12
11 15 13
22 0 1
23 2 13
1 5 12
11 14 15
23 2 14
6 8 2
20 22 9
10 12 16
1 3 3
17 20 18
8 11 12
9 12 16
8 11 13
8 11 11
7 11 13
23 1 11
6 9 15
4 7 10
15 19 5
10 11 1
9 12 14
12 16 2
6 9 14
2 6 7
6 10 10
14 18 15
5 9 1
19 22 15
7 9 11
2 6 15
3 7 7
14 17 13
15 18 15
16 19 8
21 1 18
2 6 9
7 9 18
10 13 7
5 9 18
7 11 9
19 21 12
15 18 13
23 1 15
21 23 1
13 16 16
15 18 14
16 18 14
5 8 8
14 16 4
14 16 11
21 0 10
2 5 11
1 5 18
5 9 4
15 16 13
17 20 4
5 8 11
13 17 12
11 14 12
9 14 9
2 6 2
0 4 17
14 16 2
9 12 11
12 16 3
8 10 17
7 10 17
20 23 12
2 6 5
6 8 6
16 20 7
16 19 14
7 10 7
5 7 11
19 23 5
16 19 14
23 2 1
16 20 5
18 20 14
18 21 10
17 20 18
11 13 8
12 15 11
3 6 10
0 3 5
21 0 12
23 2 16
20 23 5
4 7 12
11 14 10
1 5 13
15 16 15
11 15 9
13 17 12
7 9 13
6 8 14
14 15 14
3 6 17
19 21 18
22 2 14
19 23 7
6 9 11
13 17 10
11 14 15
6 10 7
0 3 8
19 22 6
2 5 5
9 10 13
19 0 14
10 13 1
17 19 15
22 23 7
20 22 11
18 20 2
20 21 8
1 4 15
5 9 4
10 13 8
0 5 16
12 14 12
23 2 3
20 0 14
23 1 6
15 18 4
13 16 12
7 11 6
1 4 18
13 15 10
1 4 2
3 7 4
3 6 11
21 23 8
7 10 9
10 13 16
18 22 11
7 12 17
5 8 15
2 3 12
2 7 8
6 10 11
9 11 7
8 12 4
16 18 17
21 23 15
14 17 16
15 17 5
12 14 16
4 8 5
21 0 17
0 1 14
14 16 16
20 23 7
5 8 3
16 18 10
7 11 13
21 1 1
18 22 12
4 7 9
3 6 7
17 21 3
9 12 16
10 12 10
5 8 13
12 15 18
9 11 1
13 15 12
7 9 13
8 11 6
12 16 10
1 2 14
14 16 11
22 0 3
18 20 8
10 14 2
18 20 1
6 8 12
21 23 14
0 2 4
2 5 13
0 3 10
4 5 7
14 17 16
3 6 5
7 12 10
19 21 13
9 13 18
10 13 8
12 16 16
9 12 14
2 4 5
2 3 6
17 21 6
12 14 4
2 5 3
0 5 9
13 16 17
13 18 5
17 18 3
1 6 14
18 22 18
21 22 6
21 2 8
12 16 2
11 14 12
5 8 6
8 11 3
7 8 6
3 8 6
8 12 5
23 2 16
17 19 12
19 22 4
4 8 8
9 12 14
12 14 11
11 16 17
16 18 1
8 12 8
17 21 18
12 14 16
20 23 4
17 21 1
10 11 11
15 17 3
14 17 14
5 8 17
0 4 8
15 20 8
6 9 18
5 6 9
1 4 13
7 9 3
21 1 11
0 3 17
13 16 9
3 6 11
21 0 14
2 6 17
19 22 16
13 17 3
8 12 5
20 23 16
14 18 12
15 17 8
12 16 3
11 14 4
6 10 7
20 22 2
4 8 6
9 13 17
18 21 12
9 12 18
18 20 13
16 19 8
1 3 5
5 7 4
12 15 7
12 14 17
19 23 18
11 13 18
8 9 6
9 14 17
9 12 5
21 0 8
1 5 4
10 13 14
10 12 17
6 10 8
20 23 3
12 16 13
18 19 11
10 12 9
12 13 2
13 16 4
0 1 17
4 6 13
2 6 16
11 15 9
6 10 13
23 1 13
6 10 3
14 17 8
14 18 4
13 16 13
21 23 16
5 9 5
19 22 1
3 5 18
13 16 7
1 5 16
20 23 8
13 16 9
12 16 6
11 13 10
6 9 13
18 19 2
13 17 5
17 20 10
20 23 5
4 6 18
17 18 9
18 22 15
20 23 7
4 6 6
15 17 17
21 0 16
17 21 16
21 0 18
0 1 7
4 7 13
12 16 18
14 17 10
4 9 1
8 12 6
20 23 7
8 10 1
7 10 6
12 16 13
18 23 1
15 20 18
20 22 17
17 21 2
8 11 2
14 17 11
19 22 9
3 4 16
10 13 8
5 7 10
12 14 3
17 20 10
16 19 3
17 20 7
5 7 8
9 12 14
3 5 5
0 4 13
19 23 13
2 4 18
4 7 10
19 20 5
18 22 5
7 9 12
22 1 14
23 1 14
3 6 16
8 11 7
23 3 17
17 19 7
16 20 5
6 10 3
10 13 7
16 19 2
2 5 3
4 7 17
22 2 12
14 17 12
11 14 8
12 15 15
23 1 15
6 8 4
19 23 11
5 6 2
8 12 16
16 19 10
8 11 15
13 16 13
1 7 12
1 4 16
13 16 1
0 4 8
5 9 2
11 15 10
23 4 18
11 16 6
3 7 4
2 5 9
23 0 10
7 11 11
10 13 3
4 8 5
22 1 10
6 10 3
14 16 13
5 6 17
3 7 5
17 18 16
21 23 12
0 3 8
1 6 18
12 15 14
4 8 12
21 23 9
10 16 5
10 14 8
8 11 3
18 20 11
21 23 6
10 13 6
10 14 14
4 8 4
10 12 12
4 6 10
11 15 8
17 19 6
12 16 10
23 3 4
8 11 14
0 3 10
4 4 8
8 10 4
7 9 14
8 12 5
23 1 3
10 14 16
19 22 17
17 20 18
20 22 17
12 14 13
22 1 14
4 7 15
18 1 13
0 4 8
17 19 8
13 16 18
5 7 11
6 9 2
15 20 5
22 1 3
2 6 5
21 0 10
5 11 1
12 16 13
13 18 10
1 4 16
11 14 6
1 4 9
7 11 13
2 5 15
16 18 13
20 1 14
6 9 13
4 7 6
2 6 3
10 11 3
8 13 18
9 12 12
2 5 3
7 10 1
0 2 14
17 20 8
23 2 7
5 8 16
13 17 15
16 19 1
2 5 9
5 7 7
14 16 3
2 6 8
22 1 12
0 4 17
7 11 18
16 19 1
17 20 15
8 11 18
12 16 8
14 15 14
16 20 3
20 23 6
17 21 9
2 6 12
19 21 13
8 12 3
3 7 16
11 15 1
5 8 9
1 3 17
6 11 1
4 7 10
23 3 17
8 12 8
15 18 8
1 5 13
20 1 7
20 23 12
21 2 6
5 8 12
23 1 14
14 17 9
0 1 18
14 17 16
8 10 12
23 2 8
12 15 9
5 6 11
11 13 11
15 20 5
13 14 5
23 3 6
19 22 17
12 14 18
7 9 4
14 18 11
15 17 9
23 4 7
1 5 8
14 16 4
9 13 9
11 14 7
19 22 15
23 2 4
0 3 13
8 11 13
14 17 9
16 18 16
20 23 10
16 19 18
23 2 12
16 19 16
19 21 16
22 0 13
8 13 6
13 16 17
19 23 4
19 22 1
23 3 14
19 23 3
0 2 4
15 20 13
7 9 3
0 4 1
21 0 4
10 11 6
3 5 13
11 15 3
3 5 18
5 8 11
22 0 15
13 17 2
20 0 8
10 14 7
20 0 5
13 18 15
7 10 13
7 11 10
18 21 6
9 11 6
10 12 5
20 23 8
1 4 14
19 22 16
4 10 17
21 0 17
5 8 6
6 9 12
4 7 16
20 0 3
23 2 12
0 3 18
6 10 4
14 18 9
22 23 12
17 20 1
11 13 12
15 18 12
15 19 9
6 8 7
18 22 5
8 11 10
22 0 6
11 14 16
19 21 3
15 16 7
8 10 4
21 23 13
9 12 12
14 16 4
13 17 12
7 9 3
2 5 10
20 0 7
14 17 11
14 17 10
14 17 8
4 9 5
1 4 12
9 12 17
4 10 12
3 5 10
10 13 8
7 10 4
16 18 18
11 15 16
7 9 15
9 11 11
17 19 7
11 14 7
15 20 10
3 6 12
22 3 10
22 0 3
9 12 13
13 15 13
13 17 2
7 9 13
17 20 1
16 17 16
10 12 7
13 15 18
5 7 2
8 9 16
12 13 7
10 13 15
22 1 6
1 4 8
16 20 15
8 12 8
7 11 11
10 13 16
3 7 6
13 17 7
21 0 9
10 12 14
8 10 16
14 16 13
4 7 1
8 12 5
20 23 8
18 21 15
1 4 11
1 5 15
22 1 13
5 8 10
20 21 8
22 0 10
9 12 18
10 13 12
15 19 7
8 10 18
23 2 16
2 5 7
8 10 7
21 1 6
18 23 7
8 11 4
13 16 12
3 4 1
17 19 4
13 17 15
12 15 8
3 8 16
12 15 18
17 22 7
18 22 4
17 19 6
2 6 5
4 9 9
23 2 12
12 14 13
3 4 10
8 11 4
10 12 8
8 12 4
23 1 10
0 4 6
9 13 1
20 0 16
20 22 18
6 8 18
4 9 12
0 5 18
23 4 1
14 18 17
7 11 5
4 7 4
6 9 3
10 13 5
22 1 4
1 4 13
15 17 11
18 21 2
20 23 13
20 23 1
5 9 1
22 0 8
18 21 18
13 17 14
4 7 6
16 18 8
1 3 5
2 4 4
18 21 12
18 21 13
12 17 13
1 5 2
14 16 14
1 4 12
3 7 7
1 5 7
21 0 6
10 13 14
6 9 7
4 7 16
1 5 10
21 0 9
0 3 1
19 23 6
8 9 5
3 6 5
18 20 17
7 11 8
5 7 14
8 11 9
12 15 11
5 9 7
4 7 5
6 10 4
14 17 9
1 6 12
11 15 4
14 17 13
4 7 16
11 14 4
19 23 7
3 5 16
13 16 2
5 7 9
4 5 7
23 1 17
7 9 18
4 8 13
13 16 11
5 9 1
4 9 7
9 13 18
23 2 7
19 21 9
4 8 1
15 17 5
18 23 6
9 13 10
17 19 11
15 19 2
23 2 1
21 1 9
1 4 18
23 3 4
16 20 9
13 15 14
17 21 17
6 10 8
20 1 9
7 10 2
8 10 2
16 19 1
12 14 12
21 23 2
11 15 13
12 16 16
8 11 10
21 0 4
23 1 12
0 3 4
0 3 15
6 11 3
1 4 1
2 5 14
12 16 7
19 22 7
0 1 6
7 12 17
8 10 5
23 2 6
11 15 3
2 5 16
11 14 4
18 21 5
14 17 11
4 7 13
22 2 2
14 17 18
6 8 9
8 13 1
14 16 6
16 20 12
0 1 3
10 16 9
18 21 3
6 10 14
2 6 12
16 20 5
15 17 10
21 0 4
17 20 14
2 5 4
8 12 1
13 16 14
22 1 14
10 13 4
13 16 11
13 17 5
0 4 3
13 16 11
6 10 13
19 0 18
6 8 4
20 22 5
12 17 4
9 12 4
22 0 14
3 7 1
9 12 17
5 7 9
13 15 7
9 10 18
23 1 14
16 19 15
21 0 14
0 3 18
22 1 6
22 1 4
23 2 7
9 11 10
8 12 6
8 12 7
17 21 15
2 5 15
16 19 11
17 20 12
8 12 3
10 13 7
8 11 9
7 10 2
23 1 3
13 17 3
13 17 15
15 19 15
16 19 5
6 9 17
22 0 9
4 7 14
2 4 17
0 3 15
15 18 7
4 7 12
21 0 2
1 3 18
13 17 15
4 7 18
2 6 3
9 11 9
21 23 10
15 16 5
13 16 17
3 5 15
15 17 9
20 0 16
15 19 13
20 23 5
19 23 15
3 7 14
16 19 11
7 8 14
9 10 10
9 11 11
18 20 16
10 13 4
21 1 8
2 5 5
0 2 14
18 20 9
10 14 8
3 4 11
13 15 10
15 18 9
1 5 6
19 23 6
23 3 17
17 18 7
22 23 16
14 16 5
0 4 14
2 5 4
17 20 1
7 10 3
6 9 11
17 20 14
0 3 9
22 2 10
17 19 18
6 7 16
3 6 15
17 21 17
14 18 4
14 16 13
15 19 4
11 15 4
20 22 14
12 15 1
0 4 18
7 9 14
6 8 18
11 14 10
1 5 3
17 21 12
12 15 11
15 19 3
7 10 4
23 3 5
11 16 6
5 7 7
11 13 3
18 22 13
15 19 9
12 15 5
15 19 11
3 6 15
21 1 10
1 3 16
4 6 7
3 7 5
0 3 3
7 9 5
13 14 10
21 23 6
14 18 6
2 5 17
9 12 18
20 1 4
19 21 16
23 1 9
15 19 10
13 15 12
17 19 6
23 0 10
9 12 5
20 22 3
14 18 4
22 1 5
0 3 6
1 4 13
4 7 7
16 18 13
16 20 12
16 19 7
19 21 15
10 11 16
16 18 12
6 10 10
11 13 5
19 22 18
17 21 2
10 13 17
13 17 4
21 23 1
15 17 14
13 17 18
12 14 5
11 14 4
4 6 1
16 20 16
7 10 8
2 5 6
7 11 15
18 21 18
11 14 6
4 7 3
15 19 2
14 18 15
15 18 13
7 11 18
14 17 14
16 19 14
9 13 5
6 10 4
17 18 16
2 5 12
19 22 16
10 12 17
9 12 1
23 2 3
3 6 18
23 1 15
19 21 7
10 13 11
2 6 7
19 21 17
18 20 7
19 22 14
22 1 3
5 9 18
0 3 12
15 19 11
9 11 18
19 23 1
18 21 12
7 12 17
16 18 17
3 5 18
21 23 11
1 4 18
8 12 8
0 3 11
22 0 4
20 23 1
23 3 17
16 19 12
9 10 8
12 14 9
4 7 16
18 21 3
21 2 9
23 2 15
16 19 10
21 23 18
21 0 3
21 2 7
3 6 18
7 8 15
15 17 15
12 14 11
9 10 5
21 1 11
11 15 4
7 10 4
2 5 11
19 22 18
14 17 7
1 4 7
20 21 16
13 14 8
13 17 7
21 0 3
18 22 15
0 3 4
22 2 18
6 10 11
17 20 12
15 17 18
9 11 18
7 10 14
12 14 9
3 5 5
20 23 13
9 11 8
5 7 5
4 7 4
5 9 12
6 8 15
6 10 2
14 17 10
15 17 1
17 20 17
12 15 3
10 14 17
14 18 2
6 7 13
18 19 2
6 9 2
14 18 8
2 5 18
21 1 4
4 7 10
16 20 15
0 3 16
17 20 17
3 6 7
7 9 5
7 10 14
21 2 15
21 23 15
13 16 8
1 3 17
6 8 2
4 9 13
15 18 17
21 1 1
5 9 11
10 11 11
21 22 3
1 3 16
16 20 17
12 15 10
0 1 17
18 19 6
0 2 7
10 14 9
9 11 1
18 20 10
4 7 14
10 15 7
9 13 15
22 2 3
12 13 1
6 10 2
19 20 14
0 4 8
11 13 3
4 6 6
14 18 12
21 0 7
6 9 13
1 4 11
1 3 11
21 0 2
0 4 5
6 8 3
4 7 1
13 16 8
20 21 14
11 13 17
13 17 2
14 18 12
10 14 14
12 15 10
7 10 9
22 1 16
16 19 7
7 11 13
2 6 16
11 13 18
1 6 9
11 15 6
21 3 8
11 14 5
7 10 12
16 20 17
9 13 4
8 10 1
18 22 9
6 9 10
14 16 12
16 20 1
16 18 2
21 2 15
10 12 13
0 3 9
11 14 14
11 15 18
1 5 18
5 8 15
6 9 14
16 19 5
15 17 16
2 6 15
7 9 17
2 5 8
6 8 4
17 21 9
23 2 11
4 8 11
9 12 1
0 4 1
8 12 1
17 21 8
2 4 2
3 5 10
18 21 7
13 17 13
17 19 5
8 11 12
14 17 13
20 1 13
13 17 14
11 14 2
18 21 10
19 0 16
15 19 1
18 22 12
22 1 18
16 18 9
12 15 16
15 18 18
12 15 11
19 21 17
20 0 5
6 11 3
23 4 14
16 17 17
2 5 16
14 17 3
3 6 1
16 20 7
7 10 4
21 23 8
17 19 2
18 19 17
14 17 18
20 23 6
23 1 17
12 13 14
8 10 14
16 18 18
12 15 7
21 0 16
3 7 9
16 17 8
22 1 9
18 21 17
3 6 7
4 7 8
10 12 5
21 0 14
7 8 14
16 17 13
13 15 8
8 10 9
6 9 2
9 11 6
7 11 9
4 7 11
23 1 10
22 1 7
7 7 18
21 1 8
8 10 14
18 19 14
11 13 18
13 16 4
23 3 7
7 11 7
5 9 2
2 5 3
16 18 16
2 5 5
5 7 9
19 22 3
17 19 17
17 20 8
15 18 16
18 21 13
20 22 12
16 20 7
18 22 1
1 3 10
4 6 8
21 1 6
14 16 4
12 15 5
6 10 18
17 21 2
9 13 4
6 8 10
17 18 8
15 16 10
8 12 13
0 3 7
5 10 6
12 15 15
15 17 2
7 9 11
2 5 7
6 9 9
19 22 17
22 23 7
1 2 18
18 20 10
7 9 4
20 23 13
2 6 17
6 11 6
5 9 17
0 2 6
23 0 16
11 14 5
18 22 17
6 10 8
9 13 9
19 20 9
17 19 9
20 0 3
10 13 1
8 12 5
3 7 6
18 22 18
18 20 3
21 0 12
5 8 6
12 13 7
8 12 16
10 14 8
23 1 13
3 6 17
16 18 18
4 8 9
7 11 3
17 19 5
19 23 9
9 13 8
13 14 10
3 7 15
18 22 4
2 7 9
8 12 13
4 6 6
6 8 6
4 6 16
4 9 8
10 13 13
3 8 10
4 6 4
15 18 18
15 17 17
