2450 17
6 7 9 5 5 3 10 9 5 8 9 2 10 6 1 4 2 
14 16 12
1 4 8
23 4 15
10 11 11
14 17 1
23 2 15
12 14 15
8 11 10
18 22 8
1 5 1
18 20 17
0 4 15
22 1 1
6 9 12
9 11 9
6 9 8
14 18 9
17 21 10
22 0 17
0 4 13
18 20 8
18 21 12
20 0 6
17 18 16
19 22 2
12 14 8
0 3 12
7 11 16
9 11 5
2 5 16
16 19 17
16 20 5
19 20 5
0 2 8
23 2 10
5 8 2
8 9 4
19 20 2
18 23 3
3 6 6
10 14 4
8 11 2
2 4 10
7 10 3
17 19 10
1 4 7
4 8 2
5 8 3
19 22 5
16 20 12
9 14 12
13 17 8
4 6 2
9 12 12
4 7 8
1 3 8
5 8 1
8 12 15
0 3 6
2 4 6
13 16 14
6 8 12
6 11 13
15 18 7
10 14 13
12 14 17
10 14 2
4 7 7
11 15 3
2 3 6
16 18 15
5 9 3
22 2 3
3 5 2
2 5 8
2 4 1
12 15 2
22 2 2
5 6 4
4 6 13
9 11 14
0 1 17
4 8 11
19 21 14
17 21 9
14 15 8
15 17 9
3 5 5
6 8 3
14 18 17
5 9 1
4 7 2
1 4 1
1 3 2
16 19 8
12 15 16
14 15 2
20 21 15
11 14 5
23 2 5
17 20 11
10 14 2
18 22 6
16 18 1
4 8 4
14 17 2
22 0 7
10 12 2
9 12 11
13 17 7
22 1 14
15 17 5
19 22 14
21 0 9
23 23 16
9 12 14
17 21 13
11 15 8
23 2 14
6 9 5
3 5 14
13 16 13
1 4 2
6 8 5
14 18 9
10 14 16
16 21 4
2 5 1
13 15 9
17 21 5
21 0 14
10 15 9
15 18 6
18 20 10
1 3 5
12 16 17
7 11 3
7 9 3
11 15 3
10 14 10
22 0 9
7 10 12
13 17 9
14 17 16
8 11 15
13 17 3
1 5 10
23 2 6
0 2 2
15 19 16
21 1 4
20 22 5
9 11 3
18 21 12
1 4 5
1 3 11
18 23 14
5 8 15
13 17 9
16 19 13
7 10 8
9 13 9
9 12 16
2 5 16
15 19 15
14 19 16
17 22 9
10 12 14
2 7 10
20 23 2
14 16 9
9 14 15
13 17 6
12 15 5
1 4 16
9 12 9
6 9 14
3 7 5
16 17 14
4 9 3
22 2 13
11 14 2
22 2 8
20 22 1
18 21 4
4 6 7
19 21 14
11 15 9
4 7 6
16 18 9
11 15 15
20 22 14
22 1 4
15 18 3
3 6 7
22 0 17
5 9 1
11 15 15
7 10 15
19 21 14
13 16 8
12 14 9
19 0 1
12 16 7
8 11 17
3 6 7
1 5 2
18 22 4
15 18 5
16 20 3
11 14 10
5 7 16
8 10 1
10 11 3
20 22 6
19 0 13
22 23 16
12 14 17
15 18 14
13 15 12
12 15 15
16 19 13
17 21 6
18 21 9
16 19 11
23 3 2
7 10 1
5 8 9
23 3 4
23 1 12
14 18 10
12 15 11
16 19 12
2 4 6
17 20 4
7 10 7
18 22 13
21 1 4
16 18 11
16 19 1
15 20 4
10 13 7
19 22 17
15 18 6
15 16 11
6 10 17
20 0 12
15 19 7
17 19 10
6 8 4
15 17 15
13 17 7
22 1 5
7 11 17
0 4 1
9 13 16
17 19 12
0 3 1
22 1 14
13 15 2
4 7 7
11 14 2
0 4 16
3 6 13
20 22 4
8 12 15
15 19 17
18 21 12
22 1 2
12 14 5
15 18 14
11 15 10
15 18 17
12 14 16
8 10 10
5 9 13
20 22 12
8 13 10
14 18 3
9 12 14
22 2 5
12 15 4
16 20 9
13 18 4
7 11 15
4 8 11
2 3 11
22 2 7
15 18 16
11 15 11
4 7 4
15 18 14
6 10 9
21 22 7
23 3 16
23 2 6
8 11 3
11 12 7
23 3 9
8 11 3
20 22 9
4 8 8
11 18 13
2 5 13
12 15 15
9 11 9
17 20 1
21 23 1
6 9 8
6 10 5
22 0 7
23 3 8
4 8 7
21 1 10
10 13 9
4 9 12
9 11 8
14 17 1
12 15 16
5 10 15
15 18 14
5 9 17
20 22 12
17 20 16
23 0 2
17 19 11
20 0 6
10 14 12
8 11 2
20 0 7
10 12 2
13 16 14
19 21 6
7 12 9
15 18 10
22 23 2
13 16 5
17 20 17
3 5 13
12 16 11
13 16 7
11 15 2
7 11 7
18 20 16
18 20 15
13 16 10
2 6 3
9 10 8
0 4 14
8 11 13
16 17 3
7 10 15
20 22 6
1 4 15
1 3 15
9 13 5
22 0 6
21 0 3
11 13 4
6 10 15
4 8 17
15 20 9
21 0 10
7 12 4
10 15 11
2 4 15
8 11 5
18 22 11
3 6 12
9 12 9
21 0 14
23 1 11
23 2 1
9 11 6
3 5 15
7 11 7
16 18 7
14 17 15
18 21 3
21 23 3
13 17 1
16 19 3
22 2 14
9 13 4
21 0 4
6 9 6
21 0 8
14 17 2
11 13 14
10 12 11
21 0 3
3 7 10
17 21 6
20 0 5
19 23 12
19 23 4
14 17 15
19 22 8
11 14 14
22 0 7
9 13 1
0 3 3
6 8 6
3 6 7
14 17 9
10 12 13
0 4 2
16 18 13
14 17 15
11 15 15
2 5 8
11 15 5
14 18 5
11 14 5
20 0 1
23 3 3
11 14 12
21 23 10
21 23 9
16 20 2
22 1 8
6 8 16
23 1 16
6 7 11
0 3 3
3 6 2
11 15 12
5 9 5
9 11 7
15 19 16
1 3 4
16 18 9
6 10 14
12 14 5
20 23 6
7 9 7
10 12 6
14 17 1
18 20 4
2 4 4
17 19 17
18 22 7
12 16 3
17 20 9
5 7 2
16 17 13
11 14 7
21 1 9
1 6 2
15 17 6
23 3 2
16 20 8
13 16 9
5 6 15
1 3 1
14 16 4
21 23 14
23 0 17
17 20 1
19 23 1
12 14 17
8 11 8
17 18 7
23 1 10
17 20 4
12 14 12
6 9 5
17 18 11
17 19 15
15 18 3
6 9 16
23 3 8
0 2 4
12 15 1
15 17 4
8 10 3
10 12 8
4 8 3
7 9 9
17 19 1
14 19 3
20 22 15
16 18 9
17 21 3
1 3 1
13 15 13
15 16 5
2 5 7
10 12 14
16 19 8
4 9 12
9 12 14
19 23 5
14 17 7
16 20 4
1 3 3
11 16 5
13 16 15
14 18 2
5 7 12
15 18 14
12 14 16
14 15 17
8 11 16
21 0 6
16 18 9
23 2 10
4 5 5
10 13 3
15 18 6
7 9 1
17 21 10
17 19 2
19 0 13
23 5 6
10 13 9
21 0 6
8 11 17
15 20 10
14 16 15
16 18 11
16 20 1
13 14 13
15 19 12
4 8 17
15 17 7
2 6 14
23 2 10
17 21 2
10 14 11
20 0 2
23 1 6
14 16 10
22 3 4
19 0 3
19 22 10
11 13 2
21 2 13
19 20 9
15 18 11
13 16 11
6 10 3
5 7 7
9 10 1
10 12 5
14 17 4
20 23 9
14 17 3
11 13 15
23 2 8
9 11 11
1 4 2
20 22 2
11 14 17
12 15 15
17 20 8
23 0 2
7 11 12
4 8 2
18 23 15
22 0 7
19 23 10
20 22 6
9 12 1
16 20 13
15 19 3
16 20 14
10 13 7
20 22 10
4 6 6
7 10 12
22 1 11
0 2 9
14 17 1
17 19 1
3 6 11
15 20 13
7 11 8
10 14 5
13 17 2
5 8 8
0 4 10
5 9 9
17 20 1
11 14 2
11 14 5
7 10 1
6 9 1
6 10 10
18 22 1
20 21 14
6 9 10
5 9 17
14 16 8
11 15 4
1 5 10
20 0 14
0 1 16
16 18 8
20 22 6
1 4 10
1 4 5
10 13 11
6 9 5
5 8 4
14 14 17
22 1 15
18 21 8
2 6 8
13 17 7
15 18 8
18 21 5
3 7 12
19 23 16
3 7 9
10 11 14
13 15 8
0 5 12
7 11 9
2 5 12
18 21 2
14 17 12
18 21 14
11 13 13
16 21 1
11 13 12
5 7 16
20 22 9
3 6 12
4 7 1
11 14 5
1 2 4
9 12 7
10 14 17
2 6 17
0 5 16
14 16 16
5 6 2
23 2 14
10 13 11
5 9 2
21 0 11
22 1 7
13 17 8
16 17 6
14 17 3
10 13 3
6 8 15
15 19 4
12 15 15
9 12 9
9 14 8
10 12 2
22 1 4
13 15 9
23 3 10
21 3 12
4 6 6
23 0 10
2 6 10
9 11 14
3 6 13
6 10 16
22 1 1
1 2 16
8 10 3
13 17 11
21 0 7
10 13 15
0 3 9
10 15 12
19 22 4
17 19 3
13 13 10
2 3 8
5 7 12
10 13 13
12 14 12
8 12 12
11 13 1
11 14 9
2 6 4
8 10 15
12 15 5
13 18 12
19 22 15
13 16 16
14 17 5
23 1 5
15 16 4
1 5 6
10 13 2
0 6 9
15 19 15
11 13 8
2 6 4
9 12 17
13 17 6
20 22 16
16 19 11
6 10 10
12 16 10
18 22 5
13 16 3
17 19 14
16 20 6
1 3 8
21 1 17
19 23 2
23 4 8
12 15 14
15 15 9
18 21 17
8 12 3
1 3 7
20 23 17
13 16 1
3 6 15
12 14 10
2 4 7
21 1 15
22 1 7
14 18 15
22 0 10
16 19 4
15 20 17
11 13 6
13 16 14
5 8 6
18 20 12
19 20 12
10 13 7
17 19 4
20 22 8
20 23 14
18 22 8
5 10 7
23 1 13
1 4 3
16 20 9
11 15 4
0 3 8
23 0 2
2 5 1
1 4 6
23 1 9
19 0 7
8 12 3
22 1 10
7 10 12
3 7 1
19 22 7
9 12 15
16 20 8
17 17 11
13 16 1
14 17 16
21 23 8
20 0 17
17 21 16
8 11 16
20 22 13
22 2 8
4 5 6
11 14 13
17 20 6
5 8 2
12 16 4
13 16 13
0 4 16
12 15 4
13 16 16
5 9 8
16 20 9
10 12 10
10 14 9
17 19 6
17 20 13
3 4 4
0 2 7
14 18 5
17 20 10
9 10 14
8 12 12
4 7 4
2 5 7
9 12 9
6 10 15
0 4 14
8 11 13
3 6 16
2 3 16
19 22 5
19 23 2
6 10 17
0 3 2
20 0 4
16 19 11
0 4 16
17 19 6
6 10 1
11 15 11
2 4 11
3 6 14
18 21 5
7 9 14
17 19 10
12 15 6
4 7 17
2 7 6
19 22 12
23 2 12
18 21 14
6 9 1
20 23 1
11 14 11
23 1 17
13 15 16
22 2 1
11 15 15
23 4 11
23 2 12
5 8 15
15 18 16
10 14 1
0 2 12
5 9 8
13 18 4
3 8 13
21 0 12
21 0 16
8 11 9
5 8 13
13 18 12
1 5 1
19 22 4
1 4 9
14 17 15
0 5 4
16 19 5
8 11 16
3 5 7
3 5 15
8 9 17
20 23 4
13 16 10
0 4 7
6 9 3
12 15 10
12 14 13
7 9 12
17 19 3
10 13 3
6 9 3
22 1 2
22 1 5
2 4 6
21 23 7
7 10 5
6 8 17
12 15 14
0 2 10
3 6 12
14 16 5
5 8 4
14 17 14
17 22 16
23 3 12
4 8 10
17 21 4
17 19 16
7 10 10
20 0 11
3 5 10
15 19 7
1 4 8
15 17 13
5 9 16
20 22 15
19 22 12
0 3 7
15 18 5
7 9 16
3 6 4
11 13 5
16 19 11
18 20 2
17 20 10
20 0 5
16 17 1
23 1 17
14 16 16
22 0 16
21 23 7
0 0 10
5 8 12
10 13 2
6 11 9
18 20 3
0 5 10
0 3 13
8 11 13
15 19 15
10 14 16
0 3 10
13 17 6
2 5 14
21 1 10
20 22 12
18 20 1
14 16 8
4 6 14
19 21 6
2 4 2
8 11 6
1 2 1
4 9 4
0 1 2
7 11 6
13 15 13
14 17 11
6 9 5
10 13 12
11 16 7
9 12 15
10 14 17
22 3 14
3 6 5
11 13 8
15 18 7
21 1 2
15 20 5
4 6 6
3 6 10
1 5 9
15 18 10
20 23 12
4 8 8
21 23 15
18 20 15
14 19 10
6 8 14
18 20 15
18 21 7
9 12 7
4 8 16
10 13 8
16 20 14
13 16 6
18 22 7
8 13 8
0 4 12
15 19 12
4 8 4
22 23 15
12 14 1
19 22 7
18 22 14
2 5 9
9 12 11
1 5 2
1 3 5
8 12 7
21 1 9
19 22 15
3 6 13
8 11 15
18 23 3
14 17 13
8 11 11
22 1 9
17 20 4
4 7 15
20 22 9
1 4 1
12 15 15
2 4 15
6 8 4
23 3 3
1 4 14
23 1 2
16 19 4
0 3 15
2 4 11
14 17 3
14 17 10
17 20 15
23 3 8
0 4 11
12 15 8
7 10 16
8 10 13
21 23 5
7 10 8
11 14 7
14 18 11
14 17 4
17 18 17
22 1 2
17 20 13
22 0 15
22 1 11
21 1 2
20 1 10
19 21 3
5 7 17
1 4 17
18 21 14
15 18 4
23 3 3
0 5 3
20 0 17
19 22 14
0 2 14
17 20 6
22 3 15
13 16 3
8 11 4
5 8 8
13 16 16
16 20 15
1 3 12
10 13 8
5 8 17
4 6 15
7 10 13
20 23 17
11 16 4
16 18 9
5 7 7
22 1 1
23 1 10
20 22 12
11 14 2
23 1 15
17 20 6
21 0 3
6 9 12
19 0 12
22 1 11
1 4 6
9 13 17
10 14 14
10 13 10
1 4 17
22 1 14
5 8 14
8 12 15
1 2 1
9 12 5
5 8 16
2 5 4
6 10 17
16 18 17
3 6 16
12 14 12
18 21 14
20 22 5
8 13 7
16 18 2
16 18 15
19 22 3
22 1 2
14 17 5
8 13 17
2 7 4
15 18 4
17 21 16
6 10 16
22 1 7
10 14 10
12 15 14
16 19 3
23 2 16
21 0 13
8 11 15
10 13 1
19 21 6
22 2 12
18 22 17
7 9 7
23 1 11
22 0 13
8 10 7
10 14 11
2 6 17
9 12 17
10 13 4
4 7 13
13 14 6
19 21 3
4 8 15
18 20 2
15 18 4
2 6 6
8 13 7
9 11 10
4 9 16
8 12 2
3 7 9
3 7 17
4 7 14
7 10 15
17 20 8
23 2 4
17 20 14
21 1 8
18 21 17
16 18 16
12 14 6
0 3 2
13 15 4
18 21 15
15 18 4
9 13 2
20 0 9
11 15 12
8 12 11
12 16 6
23 4 1
4 6 10
2 5 6
14 17 8
22 2 10
23 3 5
4 7 8
18 21 13
9 10 5
13 18 5
10 14 6
17 20 16
9 12 5
9 12 8
0 3 12
20 0 15
23 1 11
8 11 13
22 0 4
21 22 8
11 14 3
23 3 10
19 22 7
13 15 8
12 14 12
13 16 8
10 12 13
4 9 16
13 17 13
13 17 7
9 11 16
1 3 17
11 13 2
4 7 5
6 9 14
22 1 12
19 22 13
5 7 7
13 19 3
21 23 8
23 3 8
8 9 5
7 10 4
15 17 11
14 16 7
9 13 1
15 16 16
9 12 8
6 10 6
8 11 6
2 6 3
10 13 10
1 4 13
14 17 7
20 0 1
20 0 12
13 17 4
15 19 4
19 22 5
16 18 1
4 7 1
20 0 13
22 0 12
21 0 2
16 17 13
6 8 4
21 1 9
3 6 4
17 21 6
2 6 17
20 22 1
7 8 1
17 20 2
15 17 4
1 4 8
23 2 17
0 2 1
6 8 13
4 7 7
10 13 12
13 16 11
14 16 11
19 21 15
14 17 3
8 12 2
1 5 9
10 13 15
2 6 3
12 15 8
10 14 4
2 5 15
5 8 16
14 16 1
6 10 3
14 18 13
0 3 6
7 10 12
9 13 13
23 1 14
10 15 14
1 3 13
11 15 7
6 8 2
10 11 13
14 17 15
9 10 10
20 22 1
12 13 2
21 23 13
11 13 13
21 1 12
20 23 16
21 0 2
23 23 13
1 5 8
7 11 8
7 9 3
10 12 13
13 15 11
5 9 14
18 22 13
22 1 1
9 10 3
11 12 12
14 16 16
2 6 13
23 1 15
22 0 1
16 20 2
21 0 3
8 11 4
22 1 5
6 9 3
13 16 17
7 10 8
9 10 9
6 8 15
14 17 4
12 17 16
19 21 7
20 23 3
13 15 8
3 6 10
20 0 17
19 0 9
22 1 2
19 22 15
0 2 1
0 5 15
18 21 10
16 19 2
23 3 13
22 2 17
12 14 17
11 13 16
16 19 3
13 15 5
5 7 14
1 5 5
10 13 4
14 18 3
1 4 7
3 5 3
10 14 4
22 1 13
11 13 8
20 22 2
16 18 14
13 17 8
20 22 13
3 6 17
15 19 9
1 4 6
1 3 2
22 0 13
15 17 7
10 12 15
17 20 13
10 13 15
13 15 4
18 20 13
7 9 12
23 2 15
8 11 4
0 2 14
14 16 3
23 1 9
15 19 4
7 10 3
12 15 5
3 6 16
8 13 5
10 13 11
7 10 2
5 7 16
16 21 4
8 11 17
7 10 12
3 4 2
21 0 13
21 0 10
9 10 12
21 0 1
18 21 17
4 7 16
11 13 9
15 19 4
17 19 15
18 21 6
10 14 3
9 11 15
4 8 3
3 6 9
3 6 8
3 8 13
12 14 8
9 12 2
21 0 16
17 20 4
14 15 1
1 3 10
12 15 17
4 6 3
7 8 11
5 8 12
4 7 17
7 9 5
14 17 9
8 11 7
7 9 5
4 7 14
21 0 12
3 7 6
20 22 4
8 12 7
1 3 9
13 14 2
7 10 9
20 0 10
18 20 6
19 23 7
17 22 9
20 1 6
13 16 11
3 6 5
4 6 4
23 4 17
18 22 1
18 20 5
8 11 16
22 2 2
5 8 11
14 17 6
6 9 4
23 0 16
22 0 17
18 20 14
6 10 2
10 13 1
8 11 13
14 17 17
23 2 1
21 23 5
19 20 5
11 13 4
18 21 9
23 2 9
17 19 16
5 7 9
6 10 7
4 7 9
12 15 11
17 20 12
10 12 9
16 20 16
5 8 11
1 5 5
18 21 14
18 20 16
6 9 3
19 22 13
2 6 8
15 19 12
12 14 8
8 12 16
4 7 1
16 18 1
23 3 6
16 18 2
22 2 8
21 22 15
23 1 10
9 12 16
5 6 17
15 17 7
15 18 8
8 12 3
16 21 3
21 1 1
18 21 5
23 2 14
0 2 15
13 17 3
17 19 10
12 14 2
17 19 4
21 1 15
21 23 9
12 13 5
6 10 6
20 23 6
11 15 6
22 0 10
5 10 2
6 8 3
2 6 17
12 15 5
5 9 11
3 9 9
18 20 10
18 20 13
3 6 17
17 20 6
23 3 15
3 8 16
12 15 10
23 2 1
4 7 17
2 4 8
15 17 1
3 6 7
21 23 12
9 10 9
0 2 12
8 11 16
0 3 17
21 23 9
23 0 16
8 11 15
23 2 16
12 14 8
11 14 16
4 7 6
17 20 6
11 15 1
16 18 10
10 14 6
19 23 11
18 22 16
5 8 12
20 0 8
12 15 16
2 6 17
2 6 2
18 21 16
1 5 5
23 1 15
7 10 6
11 14 5
7 12 3
19 22 10
22 0 13
12 16 4
15 20 9
14 15 6
1 5 13
7 12 11
17 21 4
13 16 6
2 7 9
2 4 4
21 0 1
9 13 7
16 20 10
9 12 12
13 14 10
4 8 8
17 19 6
6 9 2
16 19 13
0 2 2
19 20 15
5 8 1
16 19 12
23 1 10
0 3 17
6 8 5
10 15 11
7 10 10
19 23 10
21 0 16
2 6 4
13 16 12
7 10 12
22 3 12
18 20 6
8 12 4
0 1 9
3 7 8
17 19 16
18 21 3
8 11 12
5 8 2
12 13 17
2 6 11
12 16 5
7 11 10
9 13 8
0 1 2
22 0 12
1 4 4
12 15 4
20 0 15
13 15 7
1 5 7
4 7 9
12 16 16
2 5 7
12 15 4
7 12 15
1 5 10
0 6 16
9 12 5
11 15 17
8 12 12
16 20 5
11 14 16
23 1 11
8 11 8
4 5 4
13 15 3
18 22 1
19 21 12
13 16 17
17 21 7
19 23 14
21 0 3
6 11 9
14 18 2
10 14 11
10 14 4
14 17 14
20 23 2
14 17 6
17 20 10
5 8 12
23 2 3
3 7 12
2 6 5
1 5 16
4 5 8
3 5 2
3 8 7
2 5 13
3 6 9
11 14 3
22 1 9
18 22 2
3 6 2
15 19 5
7 11 11
12 15 6
1 4 14
18 22 14
20 23 16
15 19 7
6 10 8
15 19 9
11 15 1
7 10 16
3 5 1
21 0 7
14 17 11
1 5 5
14 18 2
3 5 17
10 12 13
17 20 16
6 8 8
4 6 4
13 16 9
9 14 16
0 3 14
23 3 6
5 9 3
20 23 1
20 0 9
20 0 12
16 20 13
1 3 11
8 11 16
9 9 1
5 8 5
4 7 7
11 14 15
11 14 17
1 3 1
19 21 15
2 6 12
4 5 2
19 22 5
16 19 2
21 0 3
14 16 3
22 1 3
11 15 7
12 15 10
8 11 13
13 15 10
12 16 1
17 21 7
11 15 9
13 15 12
7 8 11
1 4 4
16 19 12
5 9 11
4 7 7
23 1 1
18 22 16
5 7 5
1 4 5
23 2 15
14 16 8
2 5 13
17 20 16
10 14 3
12 16 11
15 18 10
17 22 16
15 17 5
5 8 3
12 15 17
9 13 14
19 23 3
19 22 14
9 12 10
15 19 3
13 16 5
3 7 8
8 11 13
17 19 4
12 15 2
3 7 9
2 6 4
1 4 15
12 14 2
19 21 12
5 8 17
1 4 15
23 0 7
11 12 4
4 8 15
10 13 9
5 7 9
14 16 1
18 19 3
7 11 13
16 19 10
20 0 15
3 6 12
5 9 14
21 23 6
5 9 12
17 20 4
22 1 13
9 13 15
5 9 4
22 1 5
12 14 2
10 12 3
16 17 8
1 5 2
18 19 1
7 10 16
12 15 2
7 10 5
9 13 9
6 9 17
2 5 3
19 21 17
2 5 12
9 13 15
10 12 8
17 20 7
10 12 4
15 18 10
9 12 5
12 14 16
22 2 3
3 5 10
14 17 17
1 5 6
12 16 13
16 19 2
17 21 1
23 2 8
18 21 7
8 13 7
16 19 1
9 11 13
13 16 7
16 19 11
4 6 16
19 21 8
8 13 7
12 16 7
5 7 15
18 21 14
21 1 16
6 10 13
13 15 1
1 4 6
12 16 12
17 21 8
6 10 5
0 4 7
15 19 13
9 11 3
6 10 10
5 8 3
7 9 9
3 6 13
20 0 8
1 4 6
14 18 3
6 8 11
20 23 5
20 22 5
18 19 9
21 23 13
17 19 11
2 4 3
9 11 13
19 21 8
1 4 15
14 17 10
8 9 2
21 1 11
18 22 10
18 19 1
18 21 1
20 0 15
0 2 8
20 23 16
9 11 11
14 17 10
5 9 6
13 16 4
12 16 13
15 18 11
18 19 15
23 3 3
11 13 11
7 8 6
7 10 4
10 13 5
17 19 9
10 13 15
9 12 15
4 7 16
6 9 7
19 22 5
17 18 14
20 23 13
4 5 15
11 13 10
20 23 15
1 4 17
18 20 10
15 18 11
0 2 10
21 23 13
22 0 12
8 11 13
13 15 14
13 15 17
1 3 1
5 8 7
16 20 6
18 19 16
18 20 5
14 17 13
16 18 11
5 9 8
10 14 7
3 7 11
1 4 3
23 2 2
22 0 6
16 19 10
19 21 11
23 1 1
12 16 9
1 3 4
21 0 15
12 17 7
16 18 2
0 3 10
13 16 9
1 4 10
2 6 7
6 7 3
14 18 12
22 0 7
2 6 11
15 19 6
4 7 17
11 12 12
1 2 3
20 23 14
3 6 15
15 20 1
9 12 6
1 4 4
7 11 17
17 20 8
22 3 3
9 12 6
21 22 8
22 1 1
20 22 8
10 12 3
11 14 4
16 21 15
17 19 17
14 18 12
18 22 4
20 23 2
5 10 7
20 23 15
10 13 1
2 5 7
4 5 5
14 17 5
6 10 17
5 8 13
5 8 12
5 8 12
20 0 10
12 16 5
23 3 14
10 14 14
14 18 13
19 23 15
22 0 11
23 3 12
11 13 3
20 23 8
22 23 7
2 7 11
2 6 7
14 17 15
17 17 12
5 8 16
5 8 13
22 1 9
0 3 16
2 5 7
15 19 13
9 10 5
17 20 9
15 18 14
10 12 1
11 13 15
5 10 3
7 11 6
23 3 5
18 20 13
21 23 7
19 22 12
8 12 12
15 18 11
19 21 10
18 21 6
17 21 11
23 0 15
18 19 15
10 14 3
13 16 2
15 19 10
21 1 16
10 13 10
16 19 7
23 3 11
8 11 1
9 13 10
21 23 10
6 9 16
7 11 9
2 5 7
19 22 2
13 15 1
21 0 11
23 1 11
19 22 1
2 8 4
17 20 14
20 22 8
2 5 17
15 19 11
23 2 3
3 6 14
1 5 7
9 11 12
6 10 7
17 19 4
3 7 6
3 7 13
15 18 1
23 5 5
23 1 12
23 1 11
5 9 13
12 15 13
7 11 9
0 4 7
6 9 14
20 23 15
20 0 11
2 6 6
5 7 3
13 15 4
6 9 11
9 15 16
1 2 17
12 14 8
7 9 9
0 3 17
21 23 13
4 9 16
6 9 12
20 0 17
10 13 2
10 14 6
0 3 3
1 4 2
11 14 9
5 10 13
1 5 9
23 3 5
3 6 7
13 16 10
10 15 8
22 1 4
3 6 7
0 3 10
2 6 9
17 20 4
9 12 8
2 5 12
16 18 2
9 11 9
2 6 8
12 17 17
15 19 17
5 8 12
3 5 10
4 9 9
11 14 6
17 20 15
11 15 4
12 15 12
8 10 2
22 1 17
14 19 8
16 20 12
10 13 15
2 6 15
11 14 16
20 22 17
22 3 13
20 23 14
21 23 7
12 16 2
9 12 3
7 10 16
19 23 5
12 15 14
8 14 4
5 8 9
21 3 13
13 16 6
7 10 13
14 14 9
18 22 2
6 9 14
17 21 15
22 1 16
10 13 12
22 23 17
20 1 1
18 22 9
6 8 6
8 11 16
10 12 15
3 6 1
23 2 16
6 9 11
11 14 7
10 12 12
16 18 2
4 5 2
2 5 8
14 18 15
22 1 16
23 2 9
12 15 9
13 16 4
23 2 5
2 6 10
20 23 12
13 14 12
5 8 7
23 3 14
23 4 7
0 3 13
13 15 17
2 6 10
17 21 2
15 19 3
2 4 9
5 8 16
11 14 9
12 15 7
3 6 7
0 2 9
0 4 6
20 0 17
7 10 1
23 1 2
7 9 11
8 13 16
16 18 10
2 6 2
16 19 14
11 15 7
6 10 3
16 18 12
4 7 9
10 12 5
10 14 7
23 2 11
19 22 6
8 12 12
19 22 8
2 5 15
20 0 11
23 1 13
6 10 2
15 17 6
11 14 9
4 7 6
4 7 13
21 0 12
7 9 7
12 13 7
9 11 7
10 11 13
11 13 1
12 15 12
12 13 9
0 3 5
0 4 6
16 19 3
8 11 12
1 3 6
0 4 14
17 19 14
14 16 6
20 1 2
22 2 2
15 17 13
11 13 15
3 5 6
17 20 13
17 21 14
22 23 6
11 14 1
17 20 1
19 22 11
8 12 14
19 23 7
15 17 10
12 15 7
16 19 2
19 21 17
13 15 7
21 1 11
16 18 8
22 1 4
17 20 14
11 15 10
8 12 7
21 0 15
14 17 14
21 1 3
10 15 14
10 13 17
5 10 17
11 12 2
0 2 5
6 8 12
7 9 8
6 9 6
23 1 8
10 14 5
10 13 16
3 6 2
17 19 2
11 12 6
4 7 15
9 13 1
12 15 5
19 20 10
12 15 1
14 18 2
14 16 11
19 23 14
9 11 13
17 22 6
1 5 13
15 18 16
11 15 14
18 22 12
7 11 5
13 16 8
4 7 1
15 17 15
3 6 15
16 18 12
2 5 2
20 0 10
0 2 2
15 19 13
20 22 14
10 15 3
14 17 15
23 2 4
13 15 5
9 12 7
23 0 14
8 10 6
14 18 13
2 4 8
7 10 13
16 18 1
16 20 9
4 8 11
4 8 12
1 5 8
15 19 12
7 10 15
8 9 9
1 3 15
9 11 4
12 16 12
7 10 3
9 12 12
16 17 17
21 0 1
4 8 4
20 23 6
19 23 14
3 7 13
16 20 9
15 17 9
10 12 15
6 8 12
17 20 3
17 19 16
21 0 2
9 15 5
0 2 9
18 22 10
3 5 17
7 9 9
15 16 13
20 23 6
1 4 4
4 10 3
11 14 9
21 0 11
17 21 4
4 7 3
12 16 17
19 22 16
4 9 14
23 2 12
4 8 8
6 10 3
22 22 15
19 22 5
13 16 9
16 19 14
1 5 2
21 23 14
1 4 5
23 2 10
4 7 15
6 11 17
19 23 2
7 7 12
21 1 1
23 1 14
15 17 9
7 10 17
3 6 3
6 10 5
4 6 8
4 7 16
18 22 13
13 15 8
12 15 7
15 18 4
4 6 17
19 22 2
4 7 1
13 16 7
9 10 6
22 2 2
16 20 5
8 10 5
5 9 17
23 3 5
4 6 9
12 14 13
4 8 7
1 4 3
19 23 15
14 15 11
0 2 6
11 15 17
5 7 16
11 14 17
13 18 10
20 0 1
4 8 5
19 0 3
22 23 3
4 9 14
13 16 9
23 0 6
5 8 3
12 13 5
17 20 17
1 3 15
11 13 15
18 21 10
6 9 13
0 1 14
22 0 4
3 7 3
6 7 14
9 12 2
15 16 15
7 12 11
14 16 17
6 9 1
6 8 7
14 16 5
20 20 6
17 21 12
4 8 6
15 19 3
1 4 9
13 14 8
9 12 7
17 21 12
4 7 12
18 19 1
1 5 9
7 9 9
7 10 15
21 0 4
12 15 3
23 3 17
15 17 15
8 10 3
13 14 1
17 21 5
10 12 3
1 6 14
6 10 17
23 4 4
19 21 3
7 10 8
6 8 16
9 11 17
16 19 17
6 9 2
1 3 3
14 17 15
16 18 8
19 0 12
11 14 7
14 18 9
22 0 13
21 1 9
10 13 7
5 7 4
18 22 7
12 15 9
4 8 14
17 21 7
7 10 11
22 2 17
6 9 9
7 9 14
11 14 10
5 9 8
12 16 1
10 13 14
10 12 7
9 12 14
7 10 15
13 16 5
16 19 13
1 6 11
21 0 16
3 7 10
13 16 16
7 11 11
10 14 11
8 12 14
14 15 15
1 4 8
2 6 6
6 9 9
4 9 9
21 23 4
17 20 2
5 8 9
6 8 17
14 18 4
16 18 14
5 8 10
18 22 8
15 18 5
19 23 9
15 19 5
0 3 2
23 3 7
5 8 6
14 18 13
7 11 2
4 8 3
16 16 12
22 2 5
19 21 6
23 2 4
14 15 16
2 4 17
19 22 9
20 23 15
14 16 16
8 10 17
6 10 6
20 0 4
6 8 14
23 2 3
14 18 11
5 8 11
9 12 11
18 22 8
6 9 3
7 11 7
16 20 17
10 13 13
5 8 12
5 8 4
10 13 7
11 15 16
5 10 7
17 20 1
17 22 1
14 17 5
8 11 13
2 4 4
22 2 6
15 19 4
16 20 11
12 16 5
13 17 5
0 2 4
5 9 17
7 10 5
23 2 3
8 11 8
10 12 13
14 17 6
18 23 17
19 22 15
15 19 11
17 20 14
14 17 3
7 9 1
8 12 16
2 6 13
12 15 10
21 0 2
3 7 13
0 3 15
17 21 10
18 20 5
3 7 13
14 18 6
19 22 13
6 11 9
13 17 8
20 22 9
19 23 1
16 18 2
17 21 7
0 4 12
12 14 12
1 4 15
2 5 16
16 21 5
4 6 5
18 19 17
12 15 2
12 15 1
19 22 17
3 5 12
20 20 12
13 16 4
23 3 8
1 3 6
2 5 1
13 15 6
