200 8
8 1 10 10 6 2 10 10 
19 23 5
23 0 5
12 14 4
21 1 4
18 21 6
10 14 8
4 8 4
4 9 1
0 4 8
4 7 5
22 1 3
13 15 6
2 5 7
3 6 8
17 21 7
4 6 8
16 19 6
11 15 1
14 16 6
15 19 3
7 11 4
17 21 7
12 14 1
1 4 4
13 17 2
17 21 2
4 6 6
13 14 6
16 17 4
11 16 1
4 6 1
18 20 4
15 19 2
8 10 8
15 19 7
2 5 3
23 1 1
4 7 1
15 17 2
12 16 1
10 14 5
6 10 8
4 6 4
0 4 7
21 3 5
5 9 8
16 19 4
19 22 6
11 14 3
10 12 8
10 14 3
9 11 6
17 21 5
7 11 8
23 2 1
17 21 2
20 22 4
17 19 7
17 20 7
4 6 3
7 10 4
18 19 5
7 10 1
9 11 3
11 14 1
2 4 8
19 21 3
21 0 8
13 18 6
5 8 7
17 20 3
10 14 1
11 13 2
10 14 4
23 0 3
14 16 3
19 22 3
14 17 8
13 18 3
5 10 8
23 23 1
5 8 3
20 23 6
6 9 8
15 18 3
4 8 4
15 19 1
20 0 4
1 4 7
14 18 2
20 22 4
2 4 1
11 14 8
15 18 5
9 10 1
6 9 3
18 22 8
0 5 6
1 4 8
19 22 4
13 17 3
17 19 3
23 3 1
23 1 7
1 3 3
21 0 4
3 6 4
7 9 5
2 4 4
8 11 2
22 23 5
1 4 1
2 6 8
7 8 2
3 8 1
19 21 8
17 20 1
0 2 3
16 21 5
12 14 7
0 4 6
15 18 5
6 9 1
2 5 6
1 2 8
1 5 8
8 10 2
2 5 7
0 3 8
16 19 4
3 6 3
21 2 8
19 22 2
13 16 6
21 0 8
13 15 4
12 15 5
13 15 1
10 13 7
13 15 4
9 12 7
21 23 5
16 18 8
11 15 7
15 18 2
7 12 3
2 7 4
3 7 8
6 9 2
21 23 6
15 18 1
16 20 3
1 3 5
20 0 3
7 9 1
10 12 5
11 16 3
4 7 8
22 3 5
14 16 2
6 10 5
12 13 5
10 13 6
17 19 1
20 1 8
21 22 8
15 18 4
0 4 5
19 22 4
14 17 2
13 16 5
21 1 5
19 23 7
12 16 6
2 4 3
5 9 3
9 15 3
14 18 1
3 7 6
8 10 2
11 16 4
12 15 6
1 3 8
19 23 4
22 2 3
13 15 2
19 22 4
18 22 3
15 18 2
23 3 2
6 9 7
13 15 5
19 21 6
19 23 1
7 9 4
22 0 5
16 18 6
11 15 4
0 4 3
16 19 2
