1300 8
3 10 5 4 8 8 1 8 
1 6 8
6 8 8
19 23 1
2 4 8
0 2 4
15 16 4
0 3 6
19 23 7
15 19 2
3 7 6
3 5 5
10 14 6
4 5 8
10 12 1
0 2 6
21 0 2
7 10 5
2 4 7
11 16 2
19 22 4
6 9 5
11 16 4
7 9 8
5 8 3
9 11 8
5 9 2
16 17 8
1 3 3
6 9 8
11 14 2
15 17 5
22 0 5
23 1 8
7 10 7
23 2 8
19 21 6
17 20 7
3 4 6
20 23 1
10 10 4
1 4 3
8 13 1
21 23 1
22 1 3
15 19 2
2 7 6
19 23 2
20 1 5
0 3 5
4 7 6
21 0 3
10 11 7
22 23 8
13 16 3
6 9 2
10 14 4
0 3 5
10 13 4
17 21 8
0 1 3
18 22 6
1 5 2
1 5 1
18 19 4
23 0 4
16 19 8
9 13 8
8 12 1
13 16 6
5 8 3
14 17 1
17 23 2
3 6 2
22 1 7
18 22 6
9 11 7
8 11 6
14 16 6
17 21 7
21 22 8
19 23 4
23 3 7
10 14 1
5 9 3
0 3 6
20 23 5
5 8 3
13 15 7
11 15 3
11 12 5
19 22 6
14 17 1
8 13 8
20 22 3
16 18 3
12 14 2
21 0 4
22 2 7
10 11 2
14 16 7
17 20 2
4 7 7
13 15 1
9 12 1
7 9 4
9 11 8
19 22 7
9 12 3
10 13 8
1 4 2
3 6 1
12 15 5
17 21 8
20 23 3
16 18 7
12 16 2
16 19 7
11 12 1
20 0 3
5 8 7
16 19 1
15 16 8
22 1 5
7 10 8
12 14 1
4 7 5
15 18 8
1 3 1
3 7 8
11 15 1
2 8 8
17 20 5
20 23 3
20 23 6
0 4 6
21 0 2
3 7 6
8 11 4
2 5 7
14 17 5
22 2 5
11 15 1
23 3 7
10 11 7
0 1 2
9 12 6
17 21 5
3 5 6
23 2 7
15 18 4
2 4 5
19 21 8
13 15 1
19 21 3
5 8 2
19 21 4
3 6 8
14 16 5
18 22 3
17 20 8
8 10 5
3 6 2
14 18 7
14 17 3
21 23 2
17 19 4
20 0 8
9 11 3
11 14 7
22 1 6
17 20 5
5 6 4
13 15 2
12 14 5
11 13 4
11 15 3
2 4 8
17 20 1
6 8 2
7 11 8
16 18 7
15 18 2
19 22 5
5 6 3
1 5 5
14 17 2
1 5 1
8 11 1
17 20 3
8 13 5
11 13 3
3 5 1
11 14 7
18 22 3
9 9 3
3 5 8
21 1 3
17 20 4
13 15 8
3 7 6
19 21 6
6 11 8
2 4 6
14 16 5
3 5 6
19 22 8
8 11 1
13 16 5
20 23 3
18 21 4
12 15 4
17 21 8
16 19 3
9 13 3
4 5 3
16 18 8
22 1 7
2 5 4
21 1 6
23 3 5
0 3 7
18 22 3
1 4 5
12 14 6
17 20 2
5 6 6
21 23 7
4 6 3
17 23 5
20 23 2
3 7 7
5 8 1
0 3 5
17 20 1
15 17 2
23 0 6
2 5 3
3 5 7
2 5 1
1 4 1
22 2 8
2 5 2
17 20 4
19 22 8
19 0 2
9 11 2
13 15 8
6 8 6
23 2 5
17 19 2
9 12 7
19 0 8
20 0 8
11 14 3
3 5 1
8 12 3
15 18 2
14 16 6
17 21 3
14 17 5
19 23 4
7 10 3
21 2 7
3 4 7
3 8 8
13 17 8
7 11 4
2 5 7
2 5 8
23 1 3
10 13 8
13 16 1
10 15 6
17 20 5
20 1 3
16 20 5
1 5 1
8 13 7
15 19 8
6 8 3
14 16 4
1 3 5
8 11 8
22 2 5
16 19 1
5 10 8
20 0 7
15 19 8
16 18 5
18 21 6
23 2 4
14 17 3
17 20 7
8 12 5
5 8 4
7 12 3
18 22 8
8 10 6
20 22 3
22 2 1
9 11 3
5 7 2
23 2 2
2 5 6
17 21 5
3 6 5
21 0 3
9 11 4
1 4 2
9 11 3
23 3 1
9 12 1
20 22 5
20 23 8
14 17 6
0 3 5
14 18 2
5 7 2
7 10 1
8 12 3
22 3 7
15 17 3
3 9 1
0 1 5
14 19 5
6 9 1
1 5 3
18 21 7
2 6 5
8 11 8
2 4 3
5 7 2
14 15 6
5 8 1
20 0 7
19 22 5
6 7 4
3 7 5
23 2 8
9 12 5
19 22 4
20 0 5
21 23 5
12 14 6
21 23 6
5 9 7
7 9 2
7 11 4
16 19 4
22 1 7
23 4 6
16 19 7
10 11 5
18 20 1
6 10 4
17 21 6
0 3 4
3 5 7
9 12 2
18 21 2
18 20 7
15 17 3
0 4 3
4 7 1
11 13 8
18 21 5
4 6 2
22 1 8
10 14 2
12 13 7
8 12 7
11 15 7
14 17 3
1 4 3
9 12 7
11 16 3
16 19 8
8 11 6
12 14 6
0 5 7
15 19 8
14 17 5
10 13 1
12 16 5
1 4 3
18 23 4
11 13 1
8 11 1
11 13 3
2 6 6
9 14 1
19 22 2
22 2 2
21 23 8
14 18 8
11 14 4
21 0 2
21 0 1
10 13 8
20 21 1
10 12 3
11 14 8
8 11 8
15 17 7
0 2 1
13 17 6
12 18 8
7 11 1
5 8 2
8 11 1
7 10 5
21 23 8
19 23 1
13 17 4
11 14 7
14 17 5
5 7 5
4 8 8
8 11 3
18 21 6
5 7 4
3 4 6
6 9 2
15 17 3
6 8 2
13 16 2
10 14 6
18 20 7
14 19 8
19 23 4
2 5 1
21 2 6
21 22 6
1 3 4
14 17 2
2 4 4
1 3 6
4 6 8
17 19 3
5 7 5
6 9 4
3 5 6
15 19 5
7 9 4
20 23 1
16 19 4
19 22 5
9 12 4
17 20 1
7 9 5
15 18 1
5 7 1
1 3 4
15 18 8
11 13 1
6 9 8
18 20 5
3 5 4
22 0 2
3 6 5
17 19 1
19 23 8
5 8 2
23 3 6
18 20 1
22 1 7
19 22 2
8 10 5
3 6 8
21 23 2
21 23 8
12 15 7
20 21 4
17 20 2
4 7 3
14 18 7
2 6 7
15 17 3
18 20 7
19 21 8
21 0 4
11 12 1
11 12 5
9 13 3
7 10 5
17 19 7
11 14 2
17 20 1
18 20 4
3 4 1
1 3 8
15 18 5
17 20 6
2 4 3
9 13 7
9 13 8
11 14 4
16 20 7
4 8 2
22 23 2
13 16 7
23 2 5
21 22 3
7 9 5
22 0 6
3 5 5
23 1 3
13 16 3
20 22 2
23 0 6
3 5 7
10 14 7
2 5 8
0 2 3
23 2 8
7 9 7
1 4 2
7 9 3
16 17 2
18 20 7
4 8 7
11 13 4
10 14 6
19 23 1
7 11 2
1 4 6
18 21 7
1 4 2
12 15 7
22 2 8
21 1 6
0 2 4
15 18 3
13 15 7
22 22 4
13 16 8
20 22 7
4 8 2
6 10 3
18 21 7
5 7 8
23 3 6
10 13 1
17 20 7
22 2 6
16 18 7
14 17 7
15 17 7
10 14 3
3 8 2
17 20 5
12 15 4
22 1 1
5 9 2
5 8 3
3 6 3
8 9 6
15 20 4
6 9 8
20 22 4
23 2 8
1 5 8
1 5 4
7 11 4
17 21 4
22 2 5
8 12 4
19 23 3
6 8 2
1 3 3
23 1 4
1 5 8
1 4 5
21 23 3
19 20 6
21 23 1
0 3 8
6 10 6
7 11 6
1 3 1
3 5 3
8 11 1
12 14 3
4 6 6
1 3 8
2 6 4
2 5 2
7 11 5
2 3 7
18 22 6
3 7 3
21 22 2
3 5 8
3 5 8
5 7 1
11 12 2
14 15 7
8 13 7
19 23 3
20 21 1
20 23 8
12 15 6
9 10 8
17 18 7
4 6 6
7 10 6
3 4 1
23 4 6
4 6 6
18 22 7
17 20 8
6 8 4
12 16 8
7 9 1
5 9 8
16 19 8
5 8 4
8 11 3
15 17 8
8 10 7
7 11 8
15 16 4
21 1 6
19 22 1
21 0 8
17 19 3
12 15 3
11 15 2
11 13 7
0 4 5
11 15 5
15 19 3
5 9 8
21 1 6
14 17 4
11 14 4
7 8 2
3 6 2
1 5 3
3 6 5
12 14 3
4 7 1
9 11 6
14 18 2
8 13 7
9 12 7
8 10 7
2 6 7
22 1 4
18 19 8
5 8 7
7 11 8
15 17 6
21 23 5
23 1 2
4 7 1
15 18 8
7 8 7
13 17 8
13 16 4
9 11 4
2 5 6
23 2 1
19 23 7
23 2 8
10 12 5
20 23 3
14 17 6
2 6 7
8 12 8
17 21 5
12 16 7
11 13 2
5 9 8
16 19 3
13 17 8
12 15 2
1 5 2
11 13 2
23 4 3
22 2 2
2 5 7
3 8 3
20 23 2
6 9 8
9 11 2
14 16 3
15 19 7
14 16 1
7 11 5
14 17 3
19 21 7
10 14 5
0 3 4
22 2 5
12 16 6
22 1 3
1 4 1
5 6 4
11 15 1
8 10 6
12 14 6
20 22 1
18 21 5
23 3 2
17 21 2
19 22 1
9 10 8
13 17 1
16 18 7
0 1 6
5 9 4
8 12 5
10 13 7
23 1 6
11 15 2
19 20 8
17 20 8
15 18 5
22 1 4
16 20 1
23 1 5
8 13 6
12 14 8
5 7 2
10 13 3
4 7 8
17 20 1
14 16 7
2 3 8
12 15 4
21 22 7
1 2 7
16 18 2
10 11 4
11 14 4
15 17 1
9 13 4
5 7 5
22 0 4
3 6 8
9 12 4
8 11 7
6 8 8
18 21 5
2 3 3
23 2 7
0 3 8
14 16 3
20 0 5
18 19 7
20 23 4
9 12 3
8 10 3
18 21 8
0 3 4
4 6 4
17 20 6
1 6 8
12 15 7
2 4 2
1 5 5
1 5 1
6 10 6
0 3 2
22 2 7
19 21 7
5 8 8
9 11 6
0 3 7
18 21 2
4 5 1
4 8 7
13 15 1
7 10 4
12 15 3
22 0 7
12 15 2
14 18 8
4 8 7
18 19 4
0 3 4
18 19 7
11 15 2
9 12 1
12 15 5
20 23 7
23 1 4
18 22 8
14 16 6
17 21 5
1 4 7
10 15 5
7 10 6
5 7 7
19 20 7
11 16 4
3 9 8
0 5 4
21 0 7
2 4 1
13 16 8
14 17 5
12 14 5
1 3 6
7 9 7
14 17 4
7 9 1
4 5 5
12 17 2
10 13 4
9 11 8
16 18 6
4 6 4
21 0 5
0 3 3
3 6 3
10 13 7
3 7 8
14 17 4
10 14 1
5 8 2
15 20 5
10 11 3
10 14 3
5 7 8
21 1 3
8 10 7
5 7 6
7 10 7
14 17 4
22 2 8
23 3 1
13 15 4
8 10 8
7 11 6
20 23 6
12 14 8
12 17 2
5 9 6
23 0 5
18 20 6
13 15 7
6 11 7
4 7 2
17 19 7
11 15 5
12 17 1
12 15 4
4 8 8
16 20 3
6 9 6
11 16 4
3 7 5
19 22 5
7 9 3
0 3 5
17 20 6
5 9 3
0 5 3
9 12 3
2 5 3
22 1 6
5 8 3
8 10 5
9 13 4
9 11 1
22 1 6
20 22 1
15 17 7
1 5 2
0 3 1
16 17 1
16 19 6
8 11 5
10 14 5
1 5 4
13 16 5
8 10 3
5 7 4
18 20 1
22 1 4
21 0 2
0 2 1
14 19 3
19 22 7
19 22 5
16 19 7
13 16 4
4 8 8
6 10 7
11 15 3
22 2 6
14 18 1
7 12 4
22 3 8
21 2 6
6 8 3
11 12 1
1 4 1
18 21 3
13 16 4
8 13 6
13 18 8
6 10 3
13 18 6
15 17 1
4 7 5
12 17 4
7 11 8
3 7 4
6 8 7
5 8 5
16 20 6
16 20 6
22 2 3
4 8 7
5 9 2
21 3 4
14 17 2
11 14 7
9 14 7
11 15 6
11 13 1
2 5 5
5 9 1
9 11 3
5 7 5
11 16 2
16 18 1
2 5 6
5 7 1
23 3 5
3 6 2
23 3 5
0 2 5
17 20 5
14 17 7
10 14 5
7 9 7
4 7 4
4 7 2
8 12 4
5 8 3
17 21 2
7 9 6
17 20 5
23 1 1
3 4 8
20 0 6
3 3 4
9 13 3
6 9 1
17 20 5
4 7 6
5 9 1
17 19 1
1 3 5
6 10 2
7 10 2
12 15 7
23 1 3
8 13 6
2 6 8
15 16 2
19 22 7
23 3 1
4 6 6
19 22 8
0 3 1
5 9 8
8 10 7
13 18 3
20 22 1
7 9 4
23 3 1
9 12 4
23 3 4
0 3 5
21 0 4
15 20 7
13 15 8
21 23 3
4 4 8
22 23 6
2 6 6
2 5 7
3 6 1
3 7 2
9 12 5
5 8 8
6 8 7
19 23 8
12 16 2
19 21 1
6 9 2
23 3 5
7 10 7
18 21 4
19 22 4
11 14 4
3 7 1
12 15 2
23 1 1
4 5 2
18 22 4
17 21 1
9 13 5
9 11 4
12 16 8
23 2 5
0 3 6
14 19 1
5 9 2
18 22 7
7 12 8
5 8 8
11 13 6
19 22 8
6 7 8
15 18 8
2 3 2
9 13 8
10 13 5
2 5 5
8 12 4
13 17 7
19 23 3
10 13 7
9 12 6
12 16 2
22 0 1
17 20 3
6 10 3
4 8 5
5 7 1
23 1 4
23 3 6
2 6 8
7 9 4
2 2 3
20 23 1
20 21 4
9 10 6
12 15 3
3 8 5
7 9 1
2 6 7
1 5 7
11 13 5
7 10 3
18 22 4
23 3 1
22 1 2
8 12 2
23 1 3
10 13 3
14 17 5
22 1 2
16 19 5
10 15 5
4 6 6
8 12 5
20 21 6
6 9 6
17 20 2
12 16 4
19 22 2
1 3 2
12 15 5
5 9 5
22 2 6
11 14 7
22 2 3
4 6 5
13 16 3
9 13 5
3 5 7
0 4 4
19 22 3
5 8 2
20 22 5
17 21 8
21 0 6
2 4 7
13 16 4
14 16 3
6 10 2
22 0 6
21 0 6
11 14 2
21 0 5
15 17 1
10 13 5
3 6 6
10 15 7
18 22 1
17 19 3
20 22 1
23 3 3
0 3 7
15 18 2
17 19 1
7 11 5
0 2 6
1 5 2
22 23 2
23 2 3
1 2 4
2 6 2
17 21 5
1 4 4
13 14 3
6 10 3
11 13 1
1 5 1
20 22 2
16 19 4
18 21 8
1 2 8
8 12 2
17 20 3
3 6 1
8 11 7
19 20 5
9 13 4
8 10 6
17 21 2
22 0 3
13 16 3
11 14 4
4 7 5
23 3 3
0 4 1
7 11 4
9 12 2
11 13 5
11 15 1
21 23 4
22 2 6
11 14 3
12 14 2
5 6 2
22 1 4
3 6 8
2 4 5
8 10 5
1 5 5
6 8 8
7 9 5
5 10 3
9 11 8
12 15 4
4 7 2
3 6 5
14 18 5
7 11 1
7 11 5
18 22 5
17 21 4
1 4 2
15 18 5
4 8 7
22 2 8
12 14 1
11 14 2
23 2 5
7 11 8
21 1 2
9 12 3
18 22 7
23 2 5
22 2 4
20 23 5
22 3 1
8 12 8
13 16 7
16 19 4
1 2 8
15 17 2
10 13 1
8 12 8
3 6 3
22 1 3
18 23 1
7 10 7
14 16 4
19 20 8
14 18 7
2 6 4
9 12 3
10 12 7
1 5 4
23 3 4
9 13 2
8 12 5
6 8 4
19 0 3
0 4 8
17 22 3
13 15 4
5 7 1
18 22 6
6 9 1
9 11 2
1 4 1
19 23 7
2 5 4
18 21 6
12 15 2
17 22 7
17 20 5
15 17 3
10 12 2
17 21 3
4 7 6
11 14 3
11 13 1
3 6 4
8 11 7
16 19 6
15 18 3
6 8 2
13 15 5
20 22 5
8 11 6
4 7 2
18 22 5
14 16 3
11 14 3
21 0 3
15 18 4
8 10 2
19 22 7
23 0 5
23 4 2
5 9 6
11 14 6
2 4 2
12 15 6
3 7 3
9 11 7
13 18 5
21 0 8
23 1 5
9 12 7
3 6 1
15 19 2
10 13 7
5 8 6
23 2 6
13 16 2
19 23 2
19 22 3
5 7 4
14 18 7
1 5 4
17 20 6
21 0 1
17 22 5
7 9 6
17 19 4
22 23 2
14 18 8
12 15 4
3 5 7
22 1 2
5 9 3
6 10 2
9 12 1
6 8 6
14 18 6
14 16 6
13 15 5
7 11 5
0 2 4
19 22 3
6 12 4
3 5 1
12 13 5
22 1 2
3 7 7
22 1 8
13 16 4
10 12 2
4 7 2
22 1 8
15 19 1
15 19 7
5 9 6
9 12 8
1 5 8
1 5 4
11 14 6
19 22 1
1 6 2
10 12 1
15 17 1
4 6 5
2 5 8
