1100 11
8 9 3 5 9 5 6 10 10 8 3 
5 7 7
10 14 6
9 13 7
14 16 1
15 19 6
11 14 10
2 4 7
10 13 11
4 7 5
11 15 8
15 18 2
6 8 6
19 22 5
20 23 5
17 20 4
13 18 10
3 6 7
14 17 1
13 15 6
12 16 8
8 12 6
22 2 11
1 4 2
23 1 4
1 3 8
1 4 6
10 13 4
11 15 1
12 14 6
7 12 1
11 14 4
19 21 3
14 18 7
10 13 3
5 9 3
8 10 3
19 19 10
4 8 9
23 3 3
19 21 9
19 23 11
10 14 1
23 2 6
16 21 7
8 11 9
7 11 4
13 17 2
4 9 5
17 20 11
1 5 1
10 12 7
9 12 6
9 12 11
5 9 11
8 11 5
18 20 8
4 6 2
4 6 6
10 11 7
15 18 8
1 5 7
20 0 7
17 19 9
4 8 6
0 4 10
15 17 2
19 23 6
22 0 4
23 3 3
13 15 4
20 0 10
7 10 11
0 2 3
4 8 6
4 5 3
21 0 5
21 2 4
8 13 4
4 8 6
17 19 3
16 19 11
14 18 6
23 2 11
10 14 5
7 9 3
7 10 8
19 22 2
1 4 6
6 9 11
17 19 3
3 5 6
13 16 1
10 14 7
6 10 6
0 3 9
18 21 1
5 7 4
20 23 4
8 11 5
19 23 2
18 22 4
14 16 1
18 21 8
6 8 1
16 20 4
6 11 6
1 3 11
23 1 3
20 22 7
2 4 11
0 3 4
10 12 6
9 11 6
23 3 5
4 8 5
16 21 5
16 18 1
9 14 4
2 2 9
11 14 3
10 12 8
19 23 10
17 21 11
3 6 6
0 3 7
17 21 7
1 3 1
9 11 6
18 21 7
10 15 7
0 4 5
15 18 8
15 17 2
0 4 10
16 19 6
15 19 6
21 0 1
7 10 10
10 13 11
8 12 2
5 6 9
15 19 4
20 23 5
18 22 9
10 13 3
14 18 5
15 17 1
3 6 5
4 6 6
12 16 11
3 7 6
13 18 11
20 23 1
22 1 3
7 11 5
16 20 2
3 7 10
16 21 10
13 16 6
1 5 10
8 12 2
0 3 4
18 21 11
13 16 4
4 8 3
10 13 5
0 2 10
6 8 9
19 0 2
13 16 2
19 22 4
11 15 2
18 20 5
8 10 10
17 18 1
15 18 3
10 12 7
22 0 8
16 19 4
9 12 11
0 3 9
2 5 5
5 8 3
0 3 9
3 7 7
10 14 1
7 10 7
3 5 1
23 0 4
3 6 7
9 11 5
19 21 1
12 15 9
12 13 1
19 22 10
23 3 3
12 15 4
15 18 10
4 9 7
21 2 5
21 1 6
4 5 2
19 23 3
10 12 2
1 4 7
12 15 1
12 15 11
5 8 3
15 19 6
12 16 10
20 0 6
18 22 2
9 13 8
5 8 10
0 3 10
8 11 1
1 5 7
0 4 10
6 8 1
23 2 5
9 13 6
1 3 1
23 3 8
22 2 9
4 7 9
23 2 5
17 19 1
3 5 3
5 8 4
13 16 4
16 20 2
9 12 10
6 8 4
5 9 1
4 6 1
20 22 11
9 11 6
13 16 2
21 0 5
7 10 7
11 14 7
9 12 6
15 18 1
15 18 7
0 3 7
18 21 6
17 20 7
13 15 11
6 7 11
16 19 8
6 9 7
22 2 9
11 14 7
6 8 11
6 10 1
15 18 5
21 0 7
8 11 2
11 14 4
4 6 8
14 18 3
17 21 2
8 12 10
22 2 3
23 2 6
15 17 6
14 18 10
6 9 1
2 5 11
22 0 3
15 19 8
20 0 4
14 16 1
11 14 6
16 19 4
6 9 4
10 13 7
0 5 11
15 19 2
23 3 8
21 23 11
22 2 2
14 18 1
23 2 6
22 1 2
11 14 5
20 1 8
12 12 1
12 14 5
22 1 7
5 9 10
7 9 9
19 22 10
2 6 3
0 6 6
6 9 7
1 5 6
6 8 4
12 15 11
10 12 1
14 16 4
9 12 9
14 19 9
6 8 3
10 14 4
5 9 9
20 22 2
7 11 2
19 21 1
0 4 8
3 6 4
12 15 3
12 15 8
6 9 1
12 15 11
15 18 2
2 6 5
1 5 2
8 10 9
7 10 7
16 19 9
23 2 7
23 3 10
23 1 1
23 2 3
10 13 7
12 17 4
20 22 1
7 10 1
18 22 3
3 5 1
23 2 1
9 13 3
7 10 8
6 8 5
4 6 8
3 7 4
4 8 2
10 15 9
4 9 1
15 18 9
23 3 5
10 13 3
19 22 6
9 13 2
0 2 6
16 18 9
9 12 11
8 11 7
22 2 7
1 4 1
6 10 6
11 16 6
16 20 2
14 19 1
19 20 8
6 9 6
8 11 2
22 2 6
0 3 11
1 3 5
21 23 5
2 6 5
5 7 10
8 12 3
13 16 11
11 15 2
8 11 9
21 1 2
10 11 5
9 12 1
10 13 9
16 20 3
16 19 6
21 0 10
21 22 8
7 10 1
14 18 8
1 4 10
23 2 6
2 7 4
5 9 11
4 7 1
15 18 1
21 23 8
17 20 10
17 19 7
20 21 8
18 19 9
22 3 3
5 8 1
14 16 11
1 4 1
14 17 7
7 10 10
22 2 1
8 13 2
8 12 5
20 20 4
16 19 7
19 22 6
12 15 10
20 23 1
12 15 8
12 16 1
19 23 7
18 19 2
5 9 7
16 20 4
6 7 9
14 15 4
18 21 9
12 15 2
14 17 10
7 11 9
8 12 5
18 22 6
12 14 7
18 20 1
21 0 4
18 20 3
8 11 6
6 8 4
17 20 8
4 8 3
3 7 7
10 13 10
0 4 6
21 0 10
4 6 3
3 5 6
19 22 7
7 11 10
11 15 6
21 0 3
3 7 7
4 6 2
16 18 1
3 6 2
2 7 7
10 13 11
9 10 9
21 23 8
2 4 4
2 4 11
10 11 3
4 8 11
20 22 4
15 18 11
9 14 5
14 16 10
0 4 6
7 9 3
13 17 10
9 12 3
13 14 1
15 18 2
8 11 10
5 8 9
23 3 10
9 12 10
13 17 5
7 10 6
1 5 2
4 7 5
9 13 4
10 14 9
11 14 6
5 9 1
20 23 10
5 8 11
23 1 8
1 3 4
23 2 2
5 8 5
5 8 8
20 23 1
9 11 3
23 3 6
18 21 3
18 21 3
12 14 10
20 23 9
1 5 8
5 7 10
13 13 6
11 15 2
10 12 8
10 12 5
23 2 6
8 10 5
8 12 11
13 17 4
21 0 1
1 4 3
23 1 6
11 16 6
20 23 2
18 21 7
2 4 2
3 6 9
18 21 11
10 13 2
19 23 9
9 11 6
18 21 9
14 18 6
5 8 3
4 5 9
4 6 8
5 8 1
12 15 3
10 14 1
1 5 5
15 18 4
18 20 2
12 15 11
7 9 9
22 2 11
14 15 11
23 2 9
21 1 7
7 9 10
23 1 11
2 6 10
12 17 1
9 11 11
2 7 1
17 19 2
20 23 6
23 1 9
0 3 7
17 18 7
6 9 4
4 6 9
3 8 9
16 20 5
11 14 9
21 0 10
12 16 11
7 9 4
5 8 3
9 13 2
14 17 5
22 3 10
22 2 1
0 4 7
1 4 6
12 16 8
4 8 3
4 8 5
19 22 4
15 19 11
22 1 11
1 3 4
20 0 2
20 23 1
23 4 1
4 7 3
10 14 11
21 1 5
9 10 6
19 21 2
18 20 7
2 6 7
5 10 1
19 20 2
10 13 9
7 10 8
16 20 10
6 8 3
11 13 4
18 22 3
21 1 2
7 12 10
18 22 5
17 21 3
21 0 1
15 20 5
11 13 10
17 20 8
12 14 1
6 9 5
7 9 11
22 1 2
2 5 2
16 19 8
4 7 8
21 23 9
12 15 8
21 1 3
5 8 9
23 3 9
4 9 4
23 1 7
20 23 6
1 4 10
4 8 11
12 15 10
21 0 11
0 2 5
0 5 7
16 19 4
12 14 3
23 2 5
23 2 6
4 6 2
18 20 4
10 11 2
1 5 4
2 5 4
4 6 6
13 16 6
10 12 4
9 13 9
15 19 11
9 12 9
18 21 11
15 18 9
22 1 3
19 23 3
14 17 6
5 8 10
11 14 7
1 4 5
7 10 3
5 8 1
18 20 8
13 18 10
18 21 3
23 3 9
17 19 2
18 21 7
17 19 3
18 20 7
14 18 2
8 10 4
16 19 4
21 0 10
10 13 9
22 0 2
4 5 5
7 9 3
11 16 2
16 20 9
8 11 7
17 19 11
18 21 9
19 21 8
1 5 1
1 4 2
21 2 8
5 7 1
23 2 1
7 10 2
5 8 9
16 19 4
12 14 3
17 19 7
10 15 10
9 11 10
5 8 7
9 13 10
13 16 7
23 2 6
6 10 7
2 4 8
10 13 4
17 21 9
17 20 9
16 20 3
8 10 10
9 12 11
5 8 4
11 13 9
19 22 6
20 22 2
9 13 8
6 8 10
12 16 10
11 15 5
13 16 11
14 20 5
12 15 3
13 16 2
10 15 8
4 8 2
0 3 1
4 5 4
14 16 5
15 17 7
17 21 7
4 6 11
11 14 4
2 6 7
5 10 10
3 5 5
7 9 1
17 20 2
21 23 11
7 11 5
2 5 7
4 8 1
2 5 4
12 16 7
17 20 5
11 14 11
23 3 1
11 13 4
21 0 9
16 18 9
4 7 1
20 23 3
19 22 6
6 10 3
19 23 8
20 0 5
15 17 1
19 23 11
22 1 2
10 13 1
19 21 8
15 19 1
16 18 6
5 7 7
10 11 8
18 20 6
20 20 4
22 23 7
12 15 10
2 6 10
11 13 5
6 8 3
1 2 11
16 19 6
17 20 8
11 14 7
10 12 4
14 18 2
7 12 10
4 5 7
13 16 9
12 16 2
11 13 2
1 4 1
12 14 1
5 10 2
7 10 6
7 9 6
11 14 7
20 23 2
4 7 1
10 14 7
3 7 1
22 1 5
14 16 9
18 21 8
1 5 11
4 8 8
22 0 5
8 12 10
16 20 7
10 14 10
23 1 5
9 13 4
2 7 11
10 13 3
0 3 1
2 3 10
5 8 5
7 10 11
8 11 10
14 16 5
3 7 1
23 1 4
17 21 5
1 4 4
11 14 5
5 8 1
16 17 2
1 5 7
15 18 6
6 9 2
3 5 3
15 17 1
9 12 10
21 0 10
20 23 6
20 23 2
18 20 10
18 22 3
17 19 1
12 16 3
1 5 8
1 5 3
12 15 9
7 10 2
15 19 9
12 15 8
23 2 10
4 7 9
5 7 9
13 16 3
15 19 7
8 10 3
4 5 10
15 16 3
6 10 4
12 17 8
4 7 11
0 2 1
19 21 10
16 18 11
23 1 3
4 5 6
19 22 5
7 11 4
18 20 7
0 3 5
15 18 3
1 3 6
2 6 11
13 16 8
3 6 9
22 1 2
7 11 8
2 3 9
16 17 9
4 9 5
3 6 8
4 7 2
10 13 2
18 20 11
1 6 7
11 15 4
16 20 7
6 10 1
5 9 7
8 13 2
3 6 3
19 21 9
22 1 11
6 10 11
1 3 3
17 20 3
4 8 1
10 14 2
16 19 11
23 0 2
10 15 10
3 5 2
13 17 11
16 20 10
18 22 6
14 18 9
11 12 1
16 21 2
3 6 1
22 1 3
22 23 9
8 11 5
13 16 8
5 8 5
16 19 2
10 13 7
13 15 3
12 15 5
15 19 8
13 16 11
8 11 9
13 16 7
16 22 2
15 18 9
2 5 9
2 3 2
5 9 4
9 10 9
1 3 9
5 7 4
22 1 2
1 1 10
22 1 7
1 4 3
20 2 9
9 13 7
19 23 5
15 16 4
15 18 6
22 1 5
3 6 10
7 11 11
5 7 4
15 18 5
0 3 2
6 10 6
9 10 1
5 8 4
15 18 7
21 1 7
12 12 8
7 9 4
9 13 7
5 7 7
17 20 1
8 11 2
21 23 9
7 9 7
13 15 4
4 8 8
17 20 7
8 11 8
13 17 9
7 11 2
6 8 6
9 12 2
20 22 11
11 14 3
21 22 5
22 1 11
23 1 7
3 5 10
23 3 4
15 18 11
22 0 7
2 3 3
3 6 6
10 13 2
15 20 5
22 2 9
1 4 3
7 10 6
17 20 8
13 17 11
20 23 4
4 8 10
12 14 8
16 19 6
14 17 1
20 23 2
3 7 2
17 18 10
10 15 7
21 23 6
20 23 9
2 5 7
19 23 1
10 11 3
4 5 10
1 4 2
3 6 4
13 16 10
9 14 5
11 14 11
21 2 5
13 16 4
12 17 3
1 5 2
17 20 11
7 11 2
1 5 11
2 5 6
16 19 6
16 18 8
3 8 4
3 7 3
4 8 5
22 1 6
3 7 4
2 6 3
4 7 3
11 16 9
14 17 10
7 11 5
8 11 6
18 22 2
8 10 4
23 1 8
1 5 8
18 22 7
6 10 11
5 10 11
18 20 6
2 4 1
19 22 10
21 23 4
23 2 9
1 2 1
6 9 5
20 0 2
23 2 2
3 5 5
23 1 11
19 22 5
13 14 10
20 22 7
4 8 3
15 19 3
23 2 10
17 19 6
8 11 8
9 10 1
2 5 6
2 5 6
13 17 6
18 23 6
14 16 4
22 0 2
4 6 3
12 16 2
2 5 4
19 22 3
22 3 2
16 19 8
19 22 4
14 18 2
6 9 4
19 22 3
0 0 7
22 1 7
15 16 8
10 14 6
6 8 1
13 16 6
4 7 9
9 11 2
17 22 4
11 14 6
4 6 1
0 3 1
0 3 9
17 21 7
16 19 9
14 17 2
15 18 3
18 20 2
1 4 3
10 14 7
17 20 2
10 13 10
6 10 4
3 6 8
10 12 8
19 23 10
0 3 3
18 21 5
17 21 9
12 17 4
4 8 11
23 2 11
1 4 6
7 10 10
11 13 11
20 22 9
7 12 10
7 10 8
2 6 4
4 9 2
18 20 7
7 10 2
23 2 2
3 7 3
17 21 9
18 22 8
3 6 6
1 4 1
12 15 5
0 3 11
11 13 11
23 4 1
8 11 1
1 3 6
16 19 5
0 2 4
6 8 5
17 20 6
16 19 7
2 5 6
5 8 10
21 23 6
1 5 6
2 3 2
22 1 4
11 13 2
13 16 9
23 3 6
10 14 5
2 6 10
23 3 8
20 0 7
12 16 9
2 5 8
18 21 9
9 15 7
17 19 8
15 19 4
11 15 3
19 22 5
22 1 4
18 21 2
0 3 3
