550 8
6 10 6 7 6 9 7 10 
15 18 6
18 22 7
9 11 6
18 20 8
0 3 1
13 15 4
12 15 8
3 7 5
13 15 5
6 9 3
2 6 3
0 3 7
0 5 4
4 6 3
19 20 4
17 18 1
2 6 3
10 14 1
4 5 8
11 14 5
20 0 3
1 4 3
17 20 4
20 23 7
0 3 5
12 16 1
14 13 5
22 1 5
20 23 5
6 9 2
3 5 5
1 6 1
18 22 5
20 23 8
20 22 3
14 18 1
3 6 8
9 12 4
9 12 1
17 19 1
7 10 8
12 15 4
11 13 3
3 4 5
17 20 3
21 1 6
8 11 5
7 11 7
7 10 7
20 0 1
15 18 4
12 16 2
9 13 7
10 13 8
0 4 2
0 4 3
20 23 7
6 9 7
16 18 2
10 13 6
9 10 2
3 6 3
19 22 3
16 17 5
15 18 1
17 20 4
9 10 7
22 2 7
23 3 6
6 10 4
20 23 4
20 23 2
16 19 6
1 5 3
1 3 7
6 10 4
16 19 4
15 18 7
18 21 6
15 19 8
8 10 6
21 23 6
22 2 7
11 14 2
22 0 7
9 12 7
2 7 5
12 13 2
11 13 1
4 7 5
17 21 8
17 21 7
6 8 5
17 20 8
3 8 5
19 21 8
13 18 2
16 18 7
3 6 6
7 10 1
11 14 7
23 2 8
10 12 2
0 2 8
9 12 4
7 9 8
17 21 4
0 2 6
15 19 6
20 22 1
9 13 8
4 6 5
17 20 3
7 10 6
1 5 7
2 5 2
4 7 5
23 2 8
0 2 4
20 22 5
20 23 3
21 0 4
1 4 5
13 16 3
3 6 1
10 12 1
11 15 3
11 14 5
14 17 7
15 19 4
21 2 4
20 22 2
0 2 5
0 3 8
19 22 6
0 2 2
10 13 3
11 14 5
13 15 5
12 15 4
12 16 1
6 9 1
1 4 7
1 2 4
20 1 2
4 6 5
17 20 1
17 20 7
8 10 7
10 15 8
17 20 3
3 6 4
3 6 8
0 3 7
0 4 6
20 23 1
21 23 7
3 6 6
14 18 2
11 14 3
22 23 1
0 4 8
16 19 1
11 14 7
4 7 7
22 22 3
8 11 7
22 1 6
6 9 8
19 22 4
16 19 8
0 3 7
4 5 5
12 15 4
1 4 1
9 12 5
21 1 5
5 8 8
6 10 7
13 14 2
10 13 7
17 19 5
8 12 1
20 23 1
22 1 5
21 23 4
8 12 4
14 17 2
8 10 5
7 10 8
18 20 3
15 17 8
22 1 7
1 4 5
6 8 7
17 21 7
14 18 1
18 20 4
7 10 5
15 18 5
11 15 8
23 3 7
3 4 8
16 18 5
13 17 1
9 13 1
23 1 7
15 20 6
15 19 5
7 11 8
1 4 8
22 1 2
12 15 5
6 9 3
22 23 7
3 5 3
15 17 2
17 21 5
5 8 4
23 3 4
20 23 2
6 8 3
18 20 2
23 2 6
10 15 4
1 3 2
4 6 6
16 20 5
9 11 5
20 23 7
5 7 7
15 19 4
13 17 2
18 22 7
14 18 3
12 16 4
1 3 7
14 15 4
22 0 6
9 12 8
20 23 8
9 12 1
12 15 4
21 0 3
19 22 5
15 18 7
4 7 8
13 17 3
0 2 8
0 3 1
6 11 3
23 0 8
3 7 4
16 18 2
0 4 5
22 23 8
10 12 4
1 3 5
23 2 8
23 1 7
6 11 8
3 6 2
6 10 3
6 10 1
5 9 2
9 11 8
17 20 8
12 14 1
13 15 8
6 8 5
15 17 5
17 22 8
5 7 7
8 12 7
1 6 4
1 1 5
23 2 7
4 8 8
14 19 6
6 8 1
23 2 7
17 20 1
0 5 1
17 19 2
18 22 6
18 21 3
18 21 7
23 3 3
9 11 4
7 10 1
13 15 7
22 3 7
12 16 6
17 19 8
8 12 2
19 21 2
2 6 8
11 13 5
17 20 4
2 5 7
22 1 8
11 14 8
12 15 6
8 11 5
15 19 8
8 8 8
2 4 3
11 12 3
4 6 4
14 16 7
13 15 5
13 16 5
21 0 8
17 20 3
0 4 8
15 18 8
11 12 2
14 17 3
9 10 5
0 2 6
15 19 4
15 17 1
15 18 6
2 5 6
18 21 5
10 13 4
9 13 8
12 13 7
23 2 1
1 3 5
20 23 4
2 4 7
21 22 4
2 6 2
20 1 6
15 17 6
19 0 7
4 10 5
1 4 6
4 7 3
11 16 2
4 7 6
21 1 8
21 0 6
5 6 3
13 17 7
16 18 3
7 11 3
3 7 8
12 15 2
12 14 5
3 6 1
22 0 2
1 1 7
10 11 4
10 14 5
17 20 2
20 23 4
12 13 2
21 1 3
22 3 8
6 10 2
16 20 4
13 16 5
2 6 7
16 21 2
18 23 5
15 17 2
20 22 7
9 13 6
23 3 7
22 1 3
1 5 2
23 0 1
2 5 4
14 18 5
20 0 2
0 3 2
11 15 5
20 22 4
12 14 5
22 23 7
23 3 3
16 20 3
8 13 8
2 5 1
7 10 7
16 20 5
22 1 4
10 13 5
2 5 1
13 15 1
6 10 1
19 22 2
18 21 3
11 14 5
10 12 2
11 14 6
17 19 7
2 4 2
8 11 6
2 6 2
22 1 6
12 15 7
23 3 7
7 11 7
11 14 6
7 11 7
12 14 5
13 15 2
20 23 4
0 3 1
17 20 7
9 11 1
5 8 2
2 5 4
7 9 5
20 21 2
12 15 1
10 16 8
5 8 6
18 20 8
23 1 5
14 17 3
8 11 4
6 11 1
23 2 7
0 4 8
17 18 4
23 2 7
7 12 6
23 3 6
0 3 2
7 11 8
21 2 5
11 16 5
7 9 8
23 3 1
15 19 1
18 22 2
21 23 2
5 8 1
1 2 7
7 12 4
18 21 7
13 17 5
6 7 3
17 18 2
22 0 8
12 14 2
21 0 1
11 14 5
7 11 1
3 6 4
1 5 1
8 11 3
12 15 7
5 7 1
11 15 5
22 2 5
23 1 3
3 7 5
22 3 8
17 20 7
3 7 1
5 8 6
2 4 1
23 5 4
18 20 2
19 22 5
16 19 4
14 16 7
4 7 6
1 3 4
2 4 3
22 0 4
8 9 6
17 21 4
10 14 2
22 0 6
5 9 8
21 1 8
12 14 1
11 13 3
5 9 4
5 7 7
7 10 2
8 11 3
21 23 7
6 9 4
10 14 4
11 14 5
14 17 4
22 1 6
14 16 7
6 9 7
19 21 8
13 17 7
0 2 4
1 5 4
18 21 4
20 23 2
5 8 8
12 15 4
19 21 8
4 8 5
18 22 3
5 5 3
5 10 3
5 8 1
4 6 6
7 10 4
14 16 3
19 23 1
7 10 1
4 8 5
16 18 5
7 10 5
22 23 1
21 0 6
1 4 5
22 2 1
0 4 7
3 6 3
10 13 1
23 2 4
17 23 6
9 13 1
5 7 8
16 21 1
15 18 1
16 19 6
12 15 4
10 12 4
7 10 6
3 6 3
5 8 2
15 19 2
21 2 6
3 5 6
12 14 8
2 5 7
22 2 5
9 12 2
12 14 8
6 8 8
16 19 6
6 7 6
21 1 6
6 10 5
