1450 15
3 8 4 8 8 8 1 7 10 10 9 10 3 5 8 
14 17 5
7 9 8
15 18 15
2 4 3
11 13 5
17 21 13
19 22 12
5 8 10
20 0 10
16 18 8
14 16 2
0 3 5
19 22 4
22 2 14
1 2 7
4 7 12
15 18 4
17 21 8
13 17 8
3 4 1
1 4 1
0 3 15
9 13 3
22 0 9
14 18 8
0 5 6
23 2 3
15 18 9
12 14 15
23 3 13
11 15 1
19 20 7
4 8 4
1 3 5
20 23 4
10 13 11
11 14 12
12 14 8
22 0 13
9 14 2
5 8 6
15 19 14
19 23 5
23 3 3
20 23 11
15 19 5
4 7 3
18 21 8
22 1 4
0 3 8
18 23 2
11 13 12
11 13 13
21 23 10
6 10 14
10 13 13
10 13 14
16 19 12
23 4 15
2 5 5
4 8 8
4 6 10
20 22 2
7 9 3
11 13 14
4 7 13
7 10 7
1 5 14
9 13 12
3 5 1
8 11 13
1 5 13
17 19 7
1 2 1
22 1 14
15 19 2
11 13 11
16 20 4
4 5 2
14 16 6
15 17 11
12 16 14
18 22 5
0 2 7
6 11 13
5 8 9
6 9 8
6 9 4
12 15 14
2 7 5
19 22 6
21 1 4
17 21 2
1 3 1
8 11 7
14 18 2
23 4 5
16 19 3
3 7 9
0 3 13
1 3 10
17 21 11
12 14 5
1 3 8
1 7 9
12 16 2
13 16 5
21 0 2
21 0 14
2 4 8
1 3 13
9 13 13
3 5 4
4 6 14
18 19 5
14 18 1
8 11 3
14 15 8
5 7 9
23 1 4
3 6 10
16 19 15
5 8 12
15 19 9
17 21 1
11 13 7
2 5 2
8 12 2
0 4 3
13 17 15
13 17 10
9 12 9
15 18 9
1 4 6
11 16 3
12 16 15
1 3 6
7 10 11
20 22 15
5 6 15
22 0 15
17 19 3
6 9 6
17 19 3
2 7 5
11 14 5
7 10 14
3 6 5
2 4 3
16 18 14
1 4 10
5 6 13
11 13 7
23 3 7
1 5 6
11 15 10
4 8 15
17 19 15
23 2 12
15 18 1
10 10 1
1 7 1
20 23 2
13 17 12
10 14 13
0 4 14
16 19 4
8 12 1
13 16 4
23 3 6
22 1 5
5 9 11
17 21 4
1 3 3
21 23 3
0 4 12
4 6 11
2 3 6
1 4 7
19 21 6
16 18 3
17 18 8
1 5 12
8 10 6
4 7 1
9 14 6
22 1 12
3 7 5
19 20 15
23 2 9
4 9 11
7 11 9
20 1 1
11 15 14
14 17 10
4 7 15
3 6 13
9 11 9
5 7 11
21 1 9
5 7 1
13 16 6
19 22 8
14 20 4
13 16 4
14 17 11
21 0 14
5 8 11
12 14 7
4 6 10
12 16 13
18 22 13
14 15 10
15 17 5
14 16 5
16 20 11
19 21 3
14 17 7
16 19 7
11 14 2
10 13 15
11 15 6
15 17 11
11 14 10
3 5 10
15 18 9
1 4 10
3 6 2
3 6 5
7 10 2
18 19 5
13 17 15
20 22 2
14 18 12
20 23 7
13 17 10
4 7 1
12 15 3
21 0 12
23 3 15
0 5 10
20 22 5
23 2 4
11 15 13
5 9 15
19 22 4
18 21 2
12 15 5
3 4 14
20 22 6
0 3 10
3 6 5
3 5 6
5 9 4
20 22 11
16 19 14
11 14 6
11 14 13
8 12 11
1 5 4
10 13 11
12 13 2
6 10 5
1 4 9
6 10 13
19 21 6
3 6 2
16 18 13
9 11 4
11 13 12
20 23 5
20 0 14
23 2 9
12 14 6
21 1 1
18 20 1
11 14 7
11 16 7
21 0 6
3 7 11
6 9 3
0 2 7
5 9 6
10 13 2
13 14 9
13 17 6
20 22 4
22 2 1
5 7 15
4 7 10
15 17 10
15 17 4
17 19 9
4 5 14
16 19 7
6 9 1
11 15 13
11 14 8
13 16 9
17 20 9
11 12 8
14 17 1
10 15 15
7 12 11
3 6 7
19 22 7
14 17 10
15 19 12
16 20 15
10 12 3
23 3 2
22 1 4
18 22 6
17 19 9
4 6 11
14 17 11
6 11 11
7 10 9
22 23 10
4 8 1
15 18 14
12 16 9
1 3 15
18 21 8
8 10 3
16 19 6
21 1 7
21 0 9
10 13 12
6 8 3
10 12 1
8 8 7
14 16 9
15 17 9
22 1 14
8 12 10
21 0 5
17 20 2
23 1 10
5 9 8
0 3 6
2 4 8
7 10 2
7 11 11
18 21 14
7 9 15
13 15 7
21 1 13
8 12 10
16 18 4
17 17 1
8 10 6
17 20 1
3 4 13
10 12 9
13 17 2
0 3 14
2 4 5
13 16 7
19 21 3
16 20 10
0 5 6
11 15 8
3 7 4
0 4 14
9 12 13
12 15 3
4 7 8
23 2 7
4 7 9
17 20 4
5 8 10
2 6 5
4 5 5
9 12 5
13 17 5
19 23 7
21 22 10
21 0 5
7 9 12
12 15 7
18 22 13
10 14 1
21 23 5
20 1 3
20 23 14
0 3 8
14 17 10
5 7 14
9 10 6
4 7 15
1 6 12
8 13 11
19 22 15
5 8 13
12 17 7
14 16 11
10 13 4
6 7 11
12 17 2
21 1 13
3 6 12
10 12 6
1 2 15
11 14 3
16 19 14
8 11 9
17 21 14
14 18 10
10 12 9
13 16 13
3 7 6
11 14 5
6 9 7
15 18 3
18 23 15
21 1 10
11 12 7
17 21 4
21 1 1
14 15 14
21 1 3
9 12 1
4 7 10
3 6 8
7 9 4
0 5 11
12 15 11
21 1 7
18 22 11
19 23 9
5 7 11
18 22 8
23 1 1
7 9 14
11 14 14
2 6 13
23 1 8
14 18 6
12 15 12
2 3 6
16 19 12
11 13 1
17 20 12
6 10 8
2 5 10
5 6 5
23 1 4
14 18 11
11 14 6
3 6 7
20 22 15
14 17 13
21 0 3
4 6 9
0 3 8
18 22 15
23 1 13
18 21 7
7 10 14
12 16 4
13 17 12
18 22 15
14 19 13
9 13 8
12 15 1
19 23 13
23 2 2
22 2 2
18 21 8
10 13 15
6 9 4
7 11 1
4 7 2
17 21 7
7 11 8
13 18 8
22 2 5
11 15 4
18 20 3
14 16 5
12 15 3
14 18 1
20 23 13
4 8 8
8 12 2
14 18 1
14 18 12
21 2 5
0 3 11
3 7 4
0 3 6
2 4 8
18 21 12
23 3 12
20 0 2
20 0 7
20 22 8
18 20 1
16 20 8
6 10 11
16 17 11
13 15 1
18 21 9
15 18 4
5 7 11
18 20 15
18 22 1
7 9 15
16 20 15
13 17 1
10 12 3
5 7 10
1 4 15
19 22 15
20 23 15
20 23 13
23 3 10
8 11 15
12 16 7
18 21 7
23 1 15
5 9 8
17 20 8
0 2 11
16 20 2
21 0 7
4 6 10
20 0 3
22 3 7
6 10 2
21 1 9
7 8 13
16 19 3
18 22 11
5 9 11
1 3 4
23 3 9
3 6 3
3 7 10
0 5 9
16 18 3
21 1 3
11 13 2
1 5 6
12 14 3
13 16 5
5 7 13
18 21 6
7 12 7
21 0 14
1 5 2
1 7 11
15 18 10
12 16 3
16 20 3
21 1 14
12 13 13
15 20 4
15 18 10
20 22 15
18 21 10
8 10 8
20 23 13
22 2 10
3 7 1
12 16 6
17 19 12
10 13 14
9 12 15
6 10 4
21 0 15
16 17 14
6 10 1
18 21 13
12 16 7
23 4 12
9 10 5
6 8 12
0 5 10
10 14 12
1 5 3
12 14 3
21 1 15
13 16 9
2 5 5
6 9 6
9 12 8
18 21 13
17 19 4
15 18 15
19 21 6
3 4 14
17 21 7
19 21 11
18 20 14
13 16 4
16 18 10
19 0 12
6 8 7
23 2 12
0 2 13
4 7 7
8 12 7
1 6 8
9 11 11
19 22 6
1 5 7
16 20 3
23 2 6
5 7 5
16 18 2
6 9 3
5 9 5
3 5 3
9 12 6
2 5 7
21 22 11
14 17 12
15 18 14
4 8 4
21 22 15
23 1 11
15 17 2
1 5 2
16 19 1
1 4 8
15 18 12
20 1 12
4 6 14
22 2 2
7 9 6
1 5 2
1 6 9
18 21 4
0 2 7
23 3 1
3 7 4
2 7 3
13 17 10
4 7 15
10 12 4
13 18 7
16 18 12
20 0 15
1 4 12
4 6 1
10 14 13
0 2 11
14 18 15
4 8 10
6 10 11
15 16 15
7 11 13
23 1 13
16 20 13
12 17 15
13 15 11
10 13 15
4 7 6
10 14 3
4 5 4
23 1 1
15 18 15
5 8 13
6 10 11
20 20 10
6 10 15
13 16 1
16 18 3
21 23 3
21 1 5
17 22 4
10 13 10
5 9 13
13 16 8
20 0 8
22 1 13
5 9 6
0 3 11
11 15 14
7 8 7
20 22 12
15 18 6
15 18 15
2 6 9
13 17 1
16 19 1
6 8 15
11 13 4
9 13 5
18 20 1
18 19 15
11 13 2
3 6 2
9 11 11
3 7 9
8 13 13
20 22 15
10 12 13
17 21 4
12 15 8
20 23 11
3 5 9
17 21 15
21 0 15
3 6 10
4 9 6
18 21 13
20 22 8
17 20 14
19 23 5
21 0 13
11 13 8
14 18 11
1 2 13
2 6 4
2 4 3
14 18 8
18 22 8
13 17 11
7 8 7
23 4 4
3 7 10
6 9 13
23 2 3
10 12 1
4 7 7
1 4 3
14 15 15
12 16 3
18 20 2
12 14 9
0 3 12
2 5 4
18 21 13
20 0 15
22 1 2
10 13 8
4 6 7
11 13 7
9 12 1
23 1 14
21 0 10
19 21 12
15 18 11
18 19 12
5 7 1
16 19 13
14 18 5
6 8 5
20 0 11
23 1 13
2 6 3
21 1 10
12 15 4
1 4 4
13 15 10
13 16 5
0 3 13
9 12 10
18 21 4
5 9 14
6 7 11
4 8 9
16 19 12
13 16 3
6 7 2
3 6 11
3 5 9
3 9 2
17 20 12
18 21 6
14 18 15
0 4 6
6 10 12
4 8 3
11 16 8
10 14 15
10 11 14
14 16 14
3 7 12
19 22 6
20 22 1
0 3 3
15 19 1
13 14 13
21 0 13
18 21 5
23 1 6
12 14 6
4 7 3
21 0 13
14 17 2
3 6 9
7 11 7
17 18 1
23 3 12
5 7 7
15 18 3
10 13 13
18 19 10
11 15 2
1 4 8
2 5 9
0 4 1
21 1 9
0 6 6
0 1 2
5 9 12
5 8 1
9 12 1
3 7 8
10 12 14
21 0 5
17 20 3
17 21 2
21 1 14
9 12 11
14 16 15
22 3 4
20 0 13
9 12 7
14 17 5
22 1 15
19 22 1
18 22 8
1 5 3
21 2 8
5 6 12
8 10 10
6 9 4
22 2 2
4 7 4
15 18 5
3 7 11
3 4 2
8 11 12
5 9 2
20 20 9
18 19 4
0 3 8
4 8 5
13 16 10
8 10 10
6 9 10
8 12 1
6 7 1
6 9 13
10 14 8
15 18 12
2 4 10
22 2 1
5 8 1
19 21 12
7 11 8
18 21 11
12 16 13
1 4 3
11 14 7
12 14 10
23 2 4
21 23 12
14 17 2
3 6 5
8 11 7
22 1 14
3 7 7
2 6 4
23 3 12
14 18 4
11 14 14
19 23 3
10 12 1
4 6 9
13 17 5
14 16 9
19 22 11
18 20 1
1 6 10
17 18 1
7 11 13
15 19 6
14 16 13
14 15 1
17 20 4
15 17 5
17 20 5
10 14 9
5 9 4
8 12 14
16 18 12
7 10 2
17 20 4
21 2 8
15 19 5
4 5 3
19 22 7
1 3 10
14 16 8
0 3 10
9 11 14
21 1 10
7 9 2
3 8 9
0 4 14
19 22 6
7 9 12
14 17 11
14 18 1
20 23 9
11 14 1
11 14 12
15 18 8
20 22 12
2 5 2
3 5 11
23 2 4
8 12 3
10 13 10
11 14 4
19 22 13
4 9 2
18 21 5
4 8 15
6 9 12
6 10 5
3 5 4
22 4 14
17 21 7
8 12 15
20 0 6
21 2 12
22 0 13
21 23 1
14 17 2
19 22 13
0 2 13
2 5 14
2 6 5
7 10 12
15 17 13
0 1 7
20 22 15
1 3 9
5 7 3
1 3 6
4 8 10
21 1 14
10 14 9
23 2 5
5 7 12
15 18 2
3 5 13
7 10 11
0 3 1
3 9 7
2 6 9
0 2 12
11 14 8
3 5 6
9 13 8
0 2 5
5 9 12
14 17 5
12 14 1
20 22 9
8 13 6
23 3 15
7 10 15
8 11 13
0 3 11
13 18 11
2 5 11
17 22 9
19 20 1
23 2 5
2 5 12
3 7 10
22 3 13
22 22 4
0 3 4
2 5 14
22 2 10
12 16 3
21 0 2
4 6 8
15 17 11
0 1 10
12 15 9
19 0 13
5 8 7
2 5 2
13 16 4
7 9 3
17 19 3
5 9 3
3 6 12
16 19 13
13 16 13
5 8 12
23 0 11
21 23 1
15 16 14
2 8 2
3 5 9
12 14 2
12 16 9
5 8 4
14 16 1
4 8 11
18 22 6
8 10 6
22 0 10
10 12 1
6 9 11
9 12 13
21 0 7
13 17 4
10 14 11
1 3 8
14 17 5
22 0 5
14 18 5
17 20 8
20 0 12
14 18 8
16 19 10
4 5 8
6 10 11
2 6 2
10 12 11
6 10 1
15 18 13
23 3 5
21 0 5
5 7 9
5 12 8
7 8 13
1 4 7
15 18 8
5 7 14
10 16 14
21 1 5
15 18 8
7 9 4
3 6 13
4 9 2
8 9 7
17 20 1
11 13 10
19 23 4
8 13 9
5 7 1
7 12 13
6 8 5
5 8 7
16 19 4
18 21 12
13 18 8
23 1 1
6 9 15
18 20 1
12 15 10
6 10 14
18 21 5
4 7 9
23 1 6
20 23 11
20 1 15
11 14 2
22 1 7
9 13 8
3 6 4
2 5 11
2 5 12
6 11 9
13 18 5
21 1 8
12 14 3
14 17 9
20 23 5
22 1 13
5 8 14
0 3 8
7 10 7
12 15 7
16 19 2
4 7 6
21 1 2
14 17 1
20 22 13
11 15 14
11 13 3
19 21 8
2 4 3
6 9 9
4 7 6
11 13 8
7 11 3
18 21 6
11 16 11
4 7 4
13 16 6
23 2 4
12 16 14
15 17 7
23 1 9
16 19 10
5 9 6
7 10 14
18 21 8
23 2 10
14 19 11
8 12 10
6 9 5
23 3 13
16 19 1
1 4 8
12 16 3
5 8 7
21 2 9
0 2 12
22 0 7
16 17 11
0 3 11
5 9 2
9 12 14
20 22 7
20 0 13
6 9 3
13 16 14
20 21 15
23 0 2
19 23 6
23 2 4
23 0 5
16 20 10
13 15 14
11 13 6
18 22 9
0 3 9
8 12 11
4 7 7
1 4 9
6 10 4
21 0 5
6 8 5
16 20 5
10 14 4
2 4 4
14 18 7
3 6 14
3 5 2
1 4 3
11 12 9
0 4 10
4 8 6
17 20 13
23 4 6
5 8 1
5 7 5
2 5 7
12 15 12
13 17 10
13 14 10
8 11 13
1 4 14
0 3 5
16 20 4
22 1 5
3 5 8
17 21 14
19 22 13
14 19 3
5 6 7
0 3 13
15 19 2
13 16 14
13 15 15
4 7 10
2 4 9
3 5 14
2 5 12
3 7 8
3 6 3
22 3 15
2 5 2
7 10 11
15 17 1
13 15 14
9 13 6
3 6 12
4 7 2
12 14 2
19 23 11
3 5 12
7 10 11
8 13 12
11 14 11
2 6 11
10 13 4
20 0 11
10 12 3
7 9 3
3 8 3
14 17 1
23 0 10
6 10 12
21 23 15
9 11 8
20 22 3
16 19 9
19 23 12
17 19 13
18 21 2
13 15 7
23 1 13
16 19 15
17 20 11
12 14 13
19 22 4
13 17 14
18 20 9
14 17 12
0 3 12
13 18 9
21 23 6
9 12 9
23 3 1
19 22 3
11 14 1
19 23 5
2 3 8
9 12 12
5 8 8
8 10 1
21 1 12
18 23 11
17 20 5
21 1 13
23 3 2
23 2 3
20 22 6
8 13 1
8 11 15
9 14 3
4 7 5
12 14 13
0 2 15
21 0 12
12 14 1
12 16 11
18 22 12
23 1 12
19 22 10
1 4 15
15 18 5
2 5 13
8 12 10
5 6 15
2 5 7
7 9 3
8 12 6
18 21 13
20 23 6
19 22 10
11 14 12
2 6 7
1 3 13
5 8 8
4 7 11
12 16 11
23 1 4
2 5 3
12 16 4
6 8 2
11 14 10
22 0 13
17 20 5
0 1 5
20 22 9
20 23 7
3 6 2
14 17 7
14 16 7
8 12 14
21 23 5
4 8 4
21 23 4
5 9 13
4 6 9
11 14 15
23 1 6
17 21 14
17 19 15
14 17 6
18 21 1
13 16 1
4 9 1
18 21 5
9 12 3
19 22 7
17 19 4
12 15 13
16 18 13
9 12 4
3 5 6
15 18 8
15 16 4
11 14 11
19 22 14
11 14 3
18 21 1
19 21 14
8 11 3
12 14 12
15 18 13
20 22 5
6 11 10
16 19 10
18 19 11
10 13 7
22 2 4
2 5 5
4 6 5
14 18 1
11 14 5
5 9 1
6 9 15
11 15 9
2 5 4
14 15 10
10 12 11
7 12 12
13 16 14
7 10 2
19 21 13
20 23 8
22 23 15
11 13 5
6 9 9
7 12 10
21 23 14
2 5 1
3 6 6
3 6 13
8 10 5
3 7 6
5 7 2
14 16 3
20 22 3
23 3 7
20 21 3
7 9 2
17 20 3
9 13 1
19 21 5
8 12 9
9 11 14
7 10 6
0 3 2
17 22 1
2 5 10
16 19 10
23 2 12
15 18 15
6 10 5
15 17 7
20 2 4
2 5 8
2 5 9
10 13 6
1 4 2
0 3 11
5 8 12
12 14 11
13 16 13
0 3 10
9 11 9
1 3 10
10 15 6
3 7 1
2 5 5
17 20 8
5 7 5
15 18 4
6 9 11
12 15 10
12 14 4
1 5 11
19 22 7
1 5 11
8 11 5
21 1 8
10 11 9
2 4 6
22 0 6
12 15 6
13 15 1
16 20 11
9 13 7
19 23 7
1 4 3
10 14 4
9 13 15
22 2 13
13 18 12
1 4 14
7 11 14
8 9 8
10 12 2
9 12 12
1 2 2
2 5 11
15 17 7
7 10 7
12 16 15
18 20 1
11 15 9
4 7 13
20 0 4
20 0 2
0 3 4
15 17 7
6 9 1
19 21 5
12 14 8
16 19 8
19 23 8
14 17 8
12 16 15
1 4 12
7 9 12
9 10 15
8 13 14
12 14 3
11 13 7
7 11 2
14 15 4
15 19 10
11 15 3
4 6 4
19 22 5
15 17 8
15 17 2
10 13 8
6 9 4
18 21 13
23 2 2
