200 9
4 6 3 10 4 4 10 8 9 
4 7 3
14 16 1
5 8 4
22 0 5
1 3 4
6 10 7
12 14 2
0 3 7
3 7 8
16 20 3
16 19 3
2 7 8
14 17 4
22 1 2
14 16 7
4 7 4
12 16 7
20 22 2
22 1 4
15 19 2
21 1 9
10 15 6
22 2 6
20 0 9
18 22 6
23 0 5
22 1 2
19 0 1
8 11 3
2 6 7
10 13 4
5 7 8
12 16 2
3 5 9
11 13 3
21 22 6
11 13 6
2 4 6
0 4 1
16 20 2
14 18 3
3 6 5
16 20 9
16 20 4
19 23 9
12 16 2
12 16 2
4 7 6
17 19 7
5 6 6
0 3 4
10 13 9
2 4 8
6 9 8
11 15 9
10 13 7
22 3 6
3 7 8
11 17 1
22 3 4
4 7 4
22 0 6
6 8 2
3 7 2
15 19 6
14 18 8
8 10 1
23 2 8
4 8 9
19 23 8
2 6 4
12 16 1
9 12 8
0 3 6
12 15 3
17 20 4
22 2 9
12 15 5
12 14 7
8 12 7
16 20 8
17 19 1
11 13 4
22 1 6
1 6 4
19 23 6
13 17 6
14 18 1
11 13 2
21 0 9
11 12 9
2 3 6
7 10 2
2 4 6
6 11 9
0 5 7
0 5 6
0 3 8
16 20 9
5 7 4
13 16 5
5 8 4
18 21 7
23 1 7
22 2 8
1 3 7
4 6 2
19 22 8
4 6 9
21 0 9
10 15 4
23 1 4
22 1 8
19 23 9
2 5 7
10 11 9
10 12 8
22 1 3
1 4 6
9 11 1
4 7 5
3 5 7
17 21 8
17 20 8
2 5 3
10 13 3
11 15 1
2 6 1
23 2 1
19 21 4
14 16 8
0 4 4
21 22 1
21 0 1
14 18 9
13 16 5
20 0 3
12 15 9
15 19 6
15 18 9
1 3 4
20 0 7
15 17 6
21 2 9
13 16 6
22 0 7
9 12 2
18 22 4
22 1 2
22 1 2
15 19 6
6 10 6
17 20 2
2 6 1
22 2 9
13 14 3
14 16 1
10 13 3
0 4 3
0 4 9
15 17 5
13 17 6
23 3 7
0 2 4
3 6 4
13 15 5
1 5 7
14 17 4
7 9 4
22 0 7
15 18 5
19 21 5
13 15 9
18 22 2
5 9 7
10 15 6
8 10 4
16 17 5
11 14 4
22 0 8
19 23 8
20 22 2
19 22 8
6 7 8
15 18 5
22 23 6
3 6 6
17 19 7
5 9 7
21 0 8
13 13 6
16 19 6
13 15 3
18 22 7
11 15 3
15 19 7
19 23 6
9 13 7
8 11 7
19 21 9
