400 18
9 7 6 6 3 8 8 6 6 4 9 2 9 7 7 10 4 2 
3 7 17
21 23 10
18 19 8
10 14 18
11 15 16
2 4 11
4 7 8
18 20 16
16 17 5
3 5 11
6 10 18
21 0 4
14 17 3
0 4 17
0 4 3
18 21 15
15 18 7
15 17 5
21 0 3
14 15 3
17 21 14
12 14 3
13 16 12
0 3 2
19 21 14
6 9 11
12 14 11
23 1 3
15 16 3
18 21 17
13 13 6
18 21 14
22 22 10
0 4 11
7 9 18
10 12 6
11 15 11
4 6 2
10 14 15
16 19 9
17 18 9
1 3 15
1 2 4
18 22 14
16 18 6
16 17 1
13 16 16
22 1 7
4 7 8
11 13 10
15 17 15
14 15 15
9 12 12
18 21 4
1 5 4
2 6 11
14 18 10
8 11 5
2 4 3
5 8 10
17 19 7
2 6 15
9 11 6
18 21 2
14 16 17
18 18 8
11 15 15
8 10 14
22 1 2
6 10 12
13 16 13
0 1 1
15 18 12
10 13 13
16 19 11
11 15 11
17 20 12
1 5 9
7 10 14
22 3 5
5 9 4
10 13 1
11 13 13
1 4 1
10 13 18
15 18 12
18 21 7
1 4 9
11 13 10
15 16 5
14 17 5
8 12 15
2 5 1
22 1 15
8 12 5
17 21 12
7 11 11
20 21 10
21 1 1
0 3 18
17 22 15
4 7 8
12 15 6
10 14 7
4 7 11
0 2 1
0 2 12
2 5 16
16 19 2
11 13 3
17 19 8
16 19 4
11 13 5
9 13 18
10 12 12
5 8 3
23 3 16
3 5 12
20 21 7
17 21 11
8 10 7
7 9 2
1 4 10
10 13 6
2 3 9
15 18 10
0 4 3
15 19 9
16 19 12
14 16 10
11 13 16
3 4 2
17 19 18
4 8 8
7 11 10
20 23 1
10 12 1
22 0 12
7 11 3
13 15 17
3 7 16
13 15 17
5 7 4
7 11 3
16 21 12
16 19 2
22 0 6
15 19 2
15 18 7
15 17 18
18 0 12
0 3 7
18 20 18
10 14 11
6 10 13
23 2 15
3 7 7
19 21 12
17 20 18
9 13 16
8 12 3
18 21 11
23 4 17
6 11 7
23 3 8
17 18 15
8 13 16
18 20 13
9 12 14
11 12 3
11 13 17
3 7 6
16 21 12
16 20 6
10 17 15
15 18 16
22 2 6
15 17 12
17 20 10
9 11 1
10 13 5
21 23 6
6 8 3
2 6 9
13 16 6
23 3 16
8 11 14
7 10 4
5 9 18
6 9 7
20 0 3
1 3 13
8 12 8
1 3 12
12 14 4
21 0 8
14 17 4
2 5 11
6 10 8
1 3 17
8 10 5
15 18 15
14 16 12
23 3 2
19 23 17
5 9 12
1 4 8
8 10 7
19 20 5
11 15 16
7 9 4
18 22 5
2 5 14
19 22 2
13 17 15
20 23 13
5 7 17
19 23 16
5 10 3
1 4 15
1 4 18
13 15 1
5 8 4
0 4 3
8 11 11
16 18 7
23 2 3
23 3 1
0 2 15
13 15 7
14 15 4
21 23 16
7 11 13
20 23 6
21 1 5
18 21 10
3 7 2
23 2 8
3 6 1
16 19 3
19 23 18
4 9 4
23 1 18
8 10 17
5 7 18
17 20 7
21 0 12
12 16 3
15 17 17
2 6 8
16 18 3
5 8 13
3 8 4
3 7 9
14 17 3
22 0 7
11 14 11
8 11 12
6 8 14
14 18 13
17 19 6
14 17 9
21 0 17
6 10 6
18 22 8
8 12 3
9 13 18
3 7 7
17 22 9
19 21 7
23 2 11
21 23 16
12 16 15
14 17 18
23 3 10
20 23 11
21 0 5
17 19 8
6 9 16
0 3 9
19 23 1
23 1 6
5 8 18
3 5 10
1 4 10
16 19 9
0 4 7
5 9 18
22 4 7
11 14 13
20 23 17
15 17 18
17 19 3
22 1 11
19 21 14
8 10 9
1 4 13
14 16 6
22 2 4
20 23 5
17 21 1
20 0 7
18 23 9
1 5 5
14 17 9
22 2 7
13 16 9
11 15 14
8 11 13
8 10 13
11 14 8
8 12 15
23 2 15
19 22 9
8 10 6
6 8 17
1 5 3
9 11 16
16 18 7
1 4 16
6 11 10
3 5 15
8 10 9
5 7 1
11 14 7
10 13 2
20 0 10
22 3 15
19 21 16
23 1 8
5 8 7
5 8 15
14 17 18
13 15 9
13 16 3
13 16 7
14 17 3
21 0 6
23 1 10
18 22 5
13 16 10
16 22 15
14 18 7
11 15 5
23 2 4
14 17 4
12 17 12
21 1 14
0 4 8
22 0 16
17 20 16
9 13 5
20 23 8
0 1 1
7 9 10
20 21 16
4 8 15
21 0 12
0 2 16
10 14 13
18 22 11
15 18 6
10 12 11
20 23 15
5 7 18
17 22 10
11 13 17
12 14 3
7 11 2
8 11 12
23 1 1
20 0 18
2 4 12
20 1 18
18 22 2
23 3 2
0 5 4
20 23 18
19 22 13
7 10 13
22 0 15
1 3 10
22 23 5
13 15 10
23 4 17
18 22 13
16 19 2
8 12 4
7 8 4
9 12 8
1 4 13
19 21 15
16 20 14
19 22 3
8 11 18
15 18 10
17 19 4
21 2 15
9 12 10
22 0 3
