1100 7
5 6 4 1 6 1 7 
4 6 4
21 1 7
18 19 6
0 3 3
16 19 1
10 13 1
10 13 6
19 20 6
7 10 1
14 17 6
23 0 2
4 6 7
10 13 3
18 21 4
3 5 7
1 5 1
3 6 6
9 11 3
11 15 5
18 21 3
10 13 5
4 7 4
12 14 1
14 17 4
21 23 1
14 16 5
21 1 6
2 5 7
9 10 3
13 16 7
5 8 4
11 12 2
2 5 1
3 6 6
7 11 1
11 15 1
8 9 5
13 14 4
14 17 5
7 10 7
23 3 7
14 18 4
22 1 6
6 9 7
20 23 1
16 18 3
17 20 6
10 14 6
2 4 1
14 16 3
22 23 6
14 15 7
5 7 3
14 17 3
2 5 7
5 7 5
5 9 7
4 8 3
2 4 7
10 13 1
13 15 7
16 21 1
22 2 2
0 3 7
22 2 2
19 22 4
14 17 7
20 21 2
6 6 6
22 1 3
2 5 4
5 10 2
16 19 2
6 10 5
22 3 4
4 7 4
9 10 2
20 23 2
3 6 7
13 15 3
22 1 4
19 21 2
17 21 2
10 11 4
1 3 2
2 5 6
6 10 4
16 18 3
5 7 3
20 21 7
22 0 2
22 1 6
3 5 5
21 23 3
14 16 7
20 22 4
13 16 3
1 4 7
10 12 4
14 18 2
3 7 4
8 10 5
13 16 6
13 16 6
17 21 7
21 1 4
14 17 4
17 21 7
1 3 3
5 9 4
13 16 5
20 22 5
8 11 2
13 16 4
19 22 6
15 18 1
14 17 7
14 17 1
21 23 6
7 12 6
1 6 6
5 8 7
8 9 3
13 15 1
10 13 6
11 13 3
10 14 4
16 18 3
9 13 6
2 7 1
22 23 5
23 0 6
2 4 3
22 2 6
15 16 6
10 14 4
17 19 1
3 4 3
0 3 5
3 7 7
20 0 3
9 12 6
3 5 4
6 10 4
1 6 6
19 22 2
4 7 6
5 8 3
22 1 1
16 19 7
4 6 3
5 9 4
1 4 6
20 0 2
7 10 3
11 13 5
9 13 4
10 13 3
19 21 2
7 12 5
21 1 4
5 10 4
10 14 7
22 3 1
15 19 7
15 19 2
20 23 2
12 16 6
7 10 5
2 6 1
15 18 7
15 16 6
21 23 6
15 19 5
5 7 5
16 19 2
14 16 6
0 3 1
19 21 7
22 1 4
9 12 6
12 15 3
7 11 1
4 7 3
3 7 2
1 4 5
8 10 3
21 0 7
5 9 2
11 16 4
16 19 5
8 12 1
19 22 2
13 16 6
7 11 6
4 5 5
19 22 1
23 1 5
20 23 4
9 12 1
21 0 5
23 2 3
16 18 1
8 10 5
9 11 3
2 5 2
20 23 4
2 5 3
3 6 7
11 14 6
0 3 6
16 19 1
22 2 7
20 23 6
14 16 6
18 21 7
23 1 2
16 19 7
16 19 3
9 11 1
22 1 5
13 17 5
6 7 6
4 8 3
6 11 1
19 21 4
13 17 5
21 22 6
12 15 3
6 10 3
15 19 2
18 21 6
15 19 3
7 12 1
9 13 7
10 12 6
23 0 2
2 4 4
5 8 1
6 7 5
19 21 4
20 22 1
23 4 4
12 13 4
23 2 4
18 21 3
19 21 2
23 4 2
3 5 1
13 14 5
5 10 4
5 9 2
10 14 1
15 18 4
15 17 5
19 21 7
5 9 6
8 11 7
3 6 5
19 23 6
4 7 4
0 3 1
8 13 3
11 16 6
4 7 1
11 15 4
13 16 5
12 16 1
2 5 3
21 22 2
0 3 1
17 21 6
22 2 3
10 13 2
4 7 2
17 19 6
23 1 7
2 4 6
1 4 2
22 3 2
13 14 3
23 1 4
14 19 2
5 7 6
23 3 7
19 23 3
11 14 6
8 10 3
20 0 2
9 12 3
5 10 6
0 4 5
22 1 5
15 18 1
15 18 4
14 16 6
3 5 6
16 18 1
3 5 3
11 14 2
22 0 6
20 23 5
12 14 1
21 1 5
5 7 2
14 15 4
7 11 6
1 4 6
13 15 5
8 11 5
11 13 5
0 2 5
0 1 1
18 22 3
13 16 4
11 13 1
8 11 5
2 5 5
5 7 4
15 19 1
4 7 1
18 21 3
14 16 1
14 16 4
4 7 3
6 10 3
0 2 5
7 11 1
10 12 4
18 21 4
13 18 5
7 11 2
10 14 1
1 4 7
7 9 1
16 19 3
18 21 7
13 17 5
15 20 2
0 3 7
21 23 5
22 0 1
15 17 3
21 0 7
4 5 6
19 22 6
4 10 1
9 10 1
3 6 3
17 19 6
23 1 7
14 17 4
7 12 3
17 21 7
2 6 6
5 9 2
2 4 6
23 3 3
14 19 7
14 17 7
14 15 1
9 12 1
0 5 1
4 6 5
19 0 2
16 21 4
20 22 5
16 19 4
22 2 2
19 22 2
11 16 6
8 11 1
12 17 2
18 21 2
4 6 2
11 15 3
10 12 6
14 17 2
22 0 6
21 23 7
7 10 3
12 15 3
1 5 6
11 15 4
23 3 1
7 8 4
7 8 2
21 1 4
22 3 3
14 17 4
12 16 4
5 6 1
19 0 7
7 9 7
17 21 3
22 1 4
6 8 6
11 15 5
4 7 6
13 17 1
2 4 4
17 22 7
11 14 6
17 20 5
7 11 2
7 11 6
14 16 2
10 12 4
19 22 1
14 18 4
7 12 7
5 8 7
5 7 3
12 16 7
16 19 6
13 15 5
21 22 5
14 16 1
23 2 1
1 5 2
17 19 4
12 17 7
22 2 4
0 2 4
6 8 6
13 17 1
11 14 5
14 18 5
20 22 2
14 17 1
8 12 4
20 23 4
4 5 3
13 16 4
11 14 6
3 5 7
16 19 7
22 1 5
5 7 3
23 5 7
20 23 1
0 3 5
10 12 6
8 10 2
6 10 5
6 9 6
2 7 6
14 17 5
3 7 5
0 1 6
4 6 4
9 13 1
20 23 6
17 19 2
20 21 1
10 13 4
10 11 3
15 19 7
22 3 3
8 10 5
2 6 2
10 12 5
10 12 2
2 5 3
19 21 6
21 0 4
7 9 7
22 2 5
19 21 7
1 5 1
15 17 3
16 19 1
8 11 4
22 0 6
4 8 1
15 19 6
21 0 4
8 12 7
3 6 7
22 1 7
8 12 7
16 19 7
1 3 5
10 14 5
10 13 6
9 12 2
11 14 4
10 14 2
13 15 4
15 17 7
20 1 3
4 9 7
21 2 7
8 10 2
19 22 5
11 13 1
7 12 1
14 18 7
15 18 6
8 12 4
12 14 5
4 8 1
4 7 2
8 10 5
4 7 6
20 0 3
9 12 7
9 12 4
19 20 2
6 10 7
12 14 4
22 0 6
3 5 1
19 21 4
17 21 3
20 22 5
16 20 3
18 23 5
19 23 3
12 16 1
11 14 2
3 6 3
4 7 4
18 21 3
18 20 3
4 7 6
17 20 6
7 10 7
1 4 7
16 18 1
10 14 6
14 16 2
23 1 7
3 5 3
14 18 2
19 22 4
13 15 5
8 8 6
14 16 1
12 16 2
20 23 5
21 2 7
6 8 3
1 4 1
13 15 2
21 0 1
13 16 3
20 0 4
15 18 7
13 17 1
22 2 7
3 7 5
10 14 1
9 11 2
14 17 3
23 0 2
12 14 3
12 15 5
16 18 1
11 15 5
14 17 6
16 19 6
5 7 6
20 22 1
2 5 3
7 11 4
9 13 3
20 0 3
10 13 5
8 13 5
13 16 4
14 17 1
12 16 6
10 15 6
7 11 6
2 7 2
6 6 5
5 8 5
22 0 2
22 1 2
5 8 4
17 19 2
20 1 1
2 5 6
1 3 3
21 0 7
8 13 7
22 0 4
10 14 2
8 11 1
9 11 4
17 18 6
7 11 5
11 15 7
17 20 1
7 10 1
13 18 6
11 14 2
14 17 3
21 1 4
15 19 2
0 3 4
9 11 1
7 11 2
4 7 5
21 1 2
0 3 5
0 5 3
12 15 2
23 3 6
21 22 2
2 5 3
18 21 3
1 4 3
4 9 1
20 23 7
16 19 3
7 12 3
20 22 6
18 21 7
23 2 5
8 11 7
1 4 2
15 20 7
20 0 7
18 23 7
5 8 5
0 3 7
23 2 2
8 11 2
12 15 5
1 4 1
12 16 5
20 1 4
9 12 7
4 6 1
21 23 4
9 12 5
3 6 7
4 7 5
23 1 5
5 9 4
11 11 7
0 4 3
21 23 6
23 2 2
19 22 5
8 10 4
11 14 3
23 2 6
14 17 5
16 19 7
0 4 6
5 9 1
10 13 6
13 16 4
0 3 3
6 8 5
5 7 2
16 20 2
8 10 5
16 18 1
20 22 5
15 19 7
19 22 6
8 10 4
14 18 6
11 14 3
6 8 4
10 13 2
23 1 7
17 20 1
7 10 7
4 8 7
0 4 5
6 10 1
0 3 7
6 9 4
3 6 5
13 17 3
17 21 4
6 7 6
23 0 7
3 8 6
12 15 1
1 4 7
0 4 4
2 5 1
11 14 6
2 5 5
21 3 4
11 13 3
17 20 5
20 0 5
4 8 5
9 11 3
20 23 3
14 16 2
11 15 5
20 23 1
23 1 7
4 7 1
10 14 4
20 21 1
19 20 7
7 9 1
10 12 1
7 11 7
1 3 1
2 5 7
22 1 5
5 8 5
12 16 7
8 10 7
15 19 4
2 8 1
8 10 4
6 8 2
17 19 6
18 21 7
5 9 6
10 13 4
5 7 5
3 6 7
19 22 6
18 20 5
16 19 3
3 7 6
8 11 1
5 8 1
16 16 2
20 0 3
9 11 2
18 20 3
18 21 3
19 22 4
12 14 6
4 8 6
10 14 7
18 22 3
23 1 2
10 13 1
18 20 4
11 14 4
0 2 6
18 20 6
11 13 3
7 10 1
2 5 5
4 6 6
16 20 4
21 0 7
5 9 5
6 7 2
23 1 1
11 14 7
22 1 6
16 20 7
10 11 3
9 13 6
13 15 1
10 11 5
20 22 7
16 19 2
23 3 2
16 20 7
23 2 2
9 12 3
19 21 4
21 1 4
19 21 5
10 13 6
9 11 6
1 3 4
20 1 4
6 9 7
0 3 2
11 13 6
11 13 4
20 23 2
6 9 6
20 23 3
16 21 1
0 4 2
5 7 5
8 13 4
15 17 1
16 19 7
7 11 1
15 19 2
4 7 1
19 21 3
6 11 6
10 12 5
15 17 5
16 19 6
10 15 1
5 8 4
1 4 7
2 7 3
17 19 5
22 2 4
23 2 5
8 13 1
16 20 5
8 11 7
6 10 4
23 3 4
23 3 7
23 2 5
14 16 3
11 13 5
5 8 3
14 16 3
14 17 3
0 3 5
23 2 7
23 2 6
21 23 7
11 14 5
0 4 6
6 8 5
3 5 1
9 12 5
1 4 1
13 16 5
0 5 4
18 22 7
17 20 2
3 7 7
11 14 2
0 4 7
15 19 4
0 4 5
12 13 7
13 15 2
21 1 2
17 20 5
18 21 2
5 7 4
4 7 6
3 4 7
16 20 6
12 15 4
22 1 3
16 20 6
11 15 4
5 7 5
9 11 5
15 17 2
12 16 5
6 10 6
3 7 5
8 13 2
14 17 2
5 7 6
15 18 1
14 18 3
9 12 6
12 15 4
4 5 7
0 3 3
13 18 5
12 16 4
4 8 2
15 18 7
12 15 3
21 0 5
20 23 3
19 0 7
23 1 7
5 9 7
21 0 4
0 5 7
1 4 2
2 6 6
16 20 6
3 5 5
12 16 3
19 23 2
3 7 4
4 7 2
12 15 6
23 2 5
15 19 1
1 3 2
4 7 4
17 20 7
11 15 6
1 5 5
7 11 6
17 21 1
8 10 2
6 10 3
22 1 5
0 3 1
13 14 7
10 13 4
9 12 6
2 6 4
7 11 2
8 12 7
2 5 3
18 22 6
13 17 2
15 18 3
23 1 5
2 5 3
23 2 4
13 16 3
6 8 3
23 4 1
1 5 6
10 13 7
19 21 3
4 5 4
8 11 4
20 1 3
13 16 7
12 15 3
0 2 5
13 16 5
0 3 4
19 21 4
23 2 3
15 19 4
17 21 7
6 8 7
13 14 6
8 12 2
5 8 1
5 8 5
8 11 5
5 8 4
6 9 2
17 19 5
17 21 5
16 16 7
17 20 4
3 5 3
10 12 7
17 19 5
5 9 7
13 15 1
13 16 6
1 3 2
19 23 6
3 5 5
15 17 3
14 17 6
11 13 7
1 3 4
6 11 6
19 22 3
17 21 2
5 10 4
23 1 4
2 7 2
9 12 3
13 16 5
21 1 2
11 16 6
20 23 6
0 3 4
12 15 5
11 13 2
14 18 3
18 20 2
11 15 4
14 17 1
8 11 2
3 6 2
12 15 4
11 15 4
1 4 6
18 20 3
9 12 5
2 4 5
23 2 4
14 18 6
20 22 6
9 10 4
20 0 4
4 8 3
11 13 6
2 5 7
18 20 7
20 22 6
17 21 1
7 10 6
2 6 7
20 0 1
23 2 3
16 21 4
13 17 4
1 3 4
7 8 4
20 22 2
18 22 2
5 7 3
21 1 7
17 21 4
1 2 7
8 11 6
13 16 4
23 3 1
20 0 3
13 16 2
1 3 3
17 21 5
0 3 3
11 15 7
20 23 1
15 19 2
3 7 7
14 17 6
21 2 5
21 23 6
9 14 2
9 12 4
18 21 4
3 5 5
9 13 7
1 3 6
16 19 5
13 15 3
17 20 2
17 19 3
20 22 4
20 22 5
11 14 6
9 13 3
21 0 7
21 23 7
19 22 4
23 2 5
10 15 2
23 3 7
3 6 2
21 2 4
7 10 3
1 5 3
20 23 7
19 23 2
14 18 3
19 21 5
22 2 6
22 1 6
6 7 3
15 19 7
12 16 1
3 5 3
15 17 1
3 6 2
10 12 1
0 4 6
4 8 5
14 17 6
3 7 2
7 12 6
13 16 5
0 2 1
16 19 3
11 14 7
17 21 7
9 12 6
12 16 1
20 21 2
22 0 1
0 4 1
18 21 3
23 0 4
20 22 4
8 12 1
22 2 5
21 2 2
19 23 6
2 3 5
22 3 1
2 5 2
13 17 1
10 14 6
23 2 4
12 17 3
22 1 3
9 11 1
23 1 7
3 6 7
7 9 2
19 21 6
10 13 7
8 12 2
9 13 6
17 20 1
3 6 1
13 15 4
9 11 3
11 13 5
12 15 5
8 12 1
