1050 10
10 3 10 1 1 9 3 8 5 7 
1 4 6
7 9 10
12 15 8
7 10 7
14 17 5
16 19 5
19 23 8
3 7 8
16 19 7
2 4 9
2 5 1
4 6 5
7 11 10
3 7 10
15 19 10
9 11 5
6 8 7
23 1 9
2 5 1
2 5 10
13 15 1
13 16 1
12 15 2
5 8 7
9 10 10
16 19 10
14 16 2
18 20 1
5 10 3
13 15 9
15 17 1
3 8 4
5 10 10
8 12 6
10 14 3
23 3 7
18 20 4
11 15 7
2 3 5
23 2 3
0 2 1
18 21 1
12 14 8
7 10 3
3 6 1
0 3 6
9 13 4
18 21 5
18 20 8
18 20 10
10 14 3
20 23 10
17 20 5
14 18 8
8 10 6
4 7 10
16 19 6
16 18 4
23 1 9
8 10 8
8 12 4
22 1 4
10 13 9
6 11 2
6 9 10
12 16 9
10 14 5
19 23 1
14 18 5
0 4 8
5 7 1
6 8 3
14 17 6
7 8 7
8 11 8
15 17 6
9 13 6
9 11 7
1 3 2
2 5 1
18 21 9
6 9 3
0 2 7
14 17 4
5 7 2
12 16 4
12 15 9
19 22 9
11 13 8
20 22 6
11 14 8
2 5 7
22 0 8
4 6 5
2 5 5
12 15 1
12 14 5
17 22 9
11 14 5
14 16 1
20 23 4
13 15 2
3 8 6
7 9 6
7 9 9
17 20 6
16 19 6
20 0 4
9 10 4
1 4 9
22 1 4
20 0 4
19 21 10
4 6 3
3 6 5
23 2 4
3 6 1
19 21 7
20 23 7
12 13 5
8 11 9
7 9 10
2 5 7
1 3 7
19 23 4
15 18 6
1 4 7
7 11 1
6 11 1
16 20 6
1 4 4
10 14 2
11 14 6
11 15 4
17 18 4
23 1 3
6 10 8
20 22 3
11 15 1
10 11 5
18 20 4
1 2 5
23 1 7
7 10 5
17 19 7
6 7 4
4 7 6
23 3 8
8 10 6
20 23 3
17 18 8
18 22 9
13 15 6
15 17 10
2 6 9
7 9 6
22 1 5
11 13 8
11 13 8
20 23 2
9 12 4
19 23 8
12 14 5
15 19 9
22 3 8
23 4 7
8 11 5
19 22 9
3 8 1
8 12 9
23 1 3
16 19 6
7 9 7
1 4 2
3 6 6
15 17 4
21 1 10
18 21 3
16 20 1
0 4 3
20 22 10
23 2 4
4 5 8
17 21 2
21 23 3
5 7 3
11 13 8
16 20 7
12 16 3
15 17 1
14 17 8
6 9 8
10 13 8
17 22 2
8 12 9
12 15 3
15 18 10
16 18 5
19 22 3
4 7 2
15 19 2
3 5 10
8 11 7
18 21 4
1 5 7
1 5 7
0 2 5
8 11 9
12 15 4
21 23 4
17 19 10
9 11 7
22 2 9
13 15 2
7 12 10
15 17 7
19 21 7
11 13 8
10 11 2
11 15 9
11 15 8
13 16 2
12 16 10
22 3 9
22 1 1
8 11 6
9 14 2
21 0 1
13 17 8
4 7 6
4 8 5
4 9 6
14 17 6
15 17 7
2 5 3
21 23 4
15 16 9
19 23 10
22 0 8
19 19 3
10 14 7
16 19 5
2 4 8
23 2 7
2 4 2
6 10 2
18 21 3
15 17 3
15 18 3
7 9 1
6 8 5
12 15 2
17 19 10
0 3 5
22 1 8
20 0 1
22 1 6
12 15 7
5 8 7
11 13 10
9 11 8
13 17 1
23 2 6
2 5 8
0 4 5
19 21 3
23 2 5
12 15 8
0 2 10
8 12 6
20 22 1
8 11 2
10 14 10
11 15 9
14 17 3
18 22 9
0 2 5
23 3 2
3 5 1
20 22 3
8 11 4
20 23 2
21 0 1
9 11 10
11 13 4
3 5 5
9 12 10
8 12 10
17 22 8
14 18 5
20 23 4
9 14 2
12 15 2
21 22 8
3 4 4
5 11 9
2 4 4
22 1 6
13 16 8
16 20 3
13 17 10
10 14 7
13 16 3
7 10 1
4 7 8
0 1 1
17 20 1
14 16 3
8 12 1
12 14 1
21 1 10
23 0 8
22 0 6
5 8 10
21 0 9
12 15 6
3 6 8
17 20 1
2 4 10
15 18 3
14 16 3
17 20 5
20 0 9
20 21 3
12 14 7
16 20 2
3 6 2
1 3 1
5 11 5
13 15 5
17 20 7
2 6 8
3 6 10
14 16 1
16 19 4
9 11 10
9 11 6
3 7 6
17 22 7
10 13 8
3 6 5
12 15 3
12 14 10
4 5 3
18 19 10
13 17 2
21 23 9
1 6 4
7 9 8
21 22 7
21 1 1
4 8 6
3 7 4
1 4 9
3 6 6
10 14 1
0 4 10
19 22 7
23 2 5
19 23 10
13 18 3
14 17 8
18 21 6
10 13 4
8 10 4
1 2 6
22 2 1
0 2 8
2 5 7
14 15 3
2 4 8
7 9 2
0 3 2
20 22 4
0 2 1
6 9 7
12 16 10
23 1 6
0 4 5
10 13 10
3 6 6
9 13 3
11 13 4
1 3 6
9 12 10
0 6 10
5 8 7
1 3 9
16 19 1
5 8 7
11 16 6
4 8 7
18 22 10
15 17 9
16 20 2
11 14 9
15 17 6
23 3 5
21 1 2
21 22 9
20 23 8
19 22 6
18 20 3
2 6 3
7 9 5
14 15 2
0 4 8
5 7 10
18 21 10
10 14 7
1 4 9
11 17 4
4 6 9
8 11 4
16 19 1
7 10 9
16 19 2
9 11 4
21 1 9
5 7 4
19 22 5
20 0 10
14 17 8
10 13 6
3 7 8
14 17 3
20 0 9
6 9 9
10 12 7
22 1 6
6 7 5
23 2 5
5 9 1
0 3 7
19 22 10
11 13 6
5 9 4
2 5 10
6 10 5
6 10 2
21 23 10
11 14 5
6 11 3
20 23 1
8 13 3
6 9 3
5 9 6
9 10 3
6 8 1
1 4 9
14 16 2
22 2 5
4 8 10
14 16 6
10 12 2
18 20 5
11 14 5
14 18 1
6 9 7
18 22 6
21 23 8
5 9 3
16 19 5
11 15 3
21 23 6
11 15 4
20 23 3
16 18 8
18 19 10
4 8 5
10 14 10
18 22 2
17 21 3
2 5 9
4 6 5
2 5 8
22 1 2
23 2 10
1 4 7
8 12 9
2 5 1
16 19 2
22 0 9
16 19 5
18 20 2
13 16 4
6 7 7
10 12 4
1 4 3
19 22 6
22 1 7
13 17 9
14 14 3
15 18 5
17 19 6
16 21 9
0 4 8
19 22 5
2 4 3
7 10 9
12 16 2
17 19 9
2 5 10
7 8 4
11 14 6
13 14 9
3 5 6
18 20 7
14 16 10
11 14 7
18 22 8
9 11 4
22 1 2
10 14 3
14 17 10
11 13 4
23 0 10
19 21 1
8 12 1
18 21 8
11 14 6
1 6 2
2 4 3
22 0 8
22 1 1
1 5 6
13 14 5
2 4 2
5 7 1
11 16 2
19 0 9
23 2 1
19 21 2
20 22 1
18 21 1
1 3 10
21 1 5
21 1 2
5 9 1
22 3 8
23 0 9
9 11 9
19 20 5
21 2 6
21 2 10
7 10 1
2 6 8
9 13 1
20 0 6
15 17 9
18 22 10
5 8 3
21 1 4
19 21 7
23 3 1
18 22 10
5 7 3
13 16 6
19 23 4
9 10 5
16 19 9
20 23 4
15 18 9
1 5 1
21 2 5
16 19 2
8 10 8
6 8 5
5 7 9
11 14 4
18 21 10
5 9 8
1 2 10
20 1 9
2 4 3
17 19 3
4 7 6
7 9 10
16 19 10
10 15 2
7 11 2
8 11 10
2 5 7
19 22 2
7 10 3
18 19 8
23 2 1
4 6 7
16 20 5
19 22 2
14 17 8
5 9 7
17 19 10
19 22 1
2 5 8
7 10 4
8 13 5
23 3 5
15 18 7
4 6 10
2 3 5
23 1 9
4 7 1
8 13 2
12 16 2
13 15 2
16 18 9
9 13 8
18 19 9
18 20 1
18 22 7
14 18 8
15 18 3
0 2 9
14 15 7
17 20 1
14 17 7
1 3 3
13 16 4
15 19 4
9 12 7
1 4 1
4 6 3
3 7 9
22 1 8
9 12 9
21 23 7
2 5 4
1 5 6
19 23 10
14 18 7
14 18 5
8 11 4
4 6 8
14 16 5
12 14 4
14 16 3
11 14 9
23 2 1
9 13 7
0 2 5
23 2 1
3 5 5
22 0 4
11 15 5
5 6 4
8 13 5
5 7 9
21 0 5
8 12 10
16 20 10
23 2 3
6 10 1
21 0 8
8 10 10
19 22 5
6 10 9
4 7 9
3 5 7
2 7 2
15 19 2
7 12 8
23 3 10
7 12 5
6 9 3
20 21 9
4 6 2
15 20 7
19 23 2
18 21 10
19 22 1
21 1 6
14 15 2
17 20 7
8 10 9
20 23 5
6 8 2
20 22 10
21 22 3
10 12 5
4 7 8
17 18 4
20 22 3
0 2 10
8 12 6
16 20 5
23 2 8
1 5 8
9 13 3
9 13 4
10 11 5
6 9 4
7 9 4
14 15 5
22 1 2
11 14 7
15 19 1
6 10 9
22 0 1
13 15 8
0 4 2
7 10 6
10 13 2
1 4 8
7 11 6
18 21 3
2 5 2
13 18 5
8 13 2
3 7 8
16 21 5
0 3 1
13 15 2
9 14 4
13 16 7
8 11 7
6 9 10
2 6 1
9 13 10
10 14 4
10 12 9
15 18 9
22 2 4
1 3 10
2 5 8
9 12 5
22 23 7
0 3 5
17 19 10
23 2 3
7 10 10
17 20 5
19 21 7
2 5 3
20 22 3
13 16 5
13 16 7
15 19 3
2 4 1
0 4 9
2 6 10
6 10 9
3 6 8
7 8 9
0 2 8
4 8 8
3 8 3
3 7 5
21 2 8
14 16 6
12 17 2
9 10 7
1 3 10
19 21 8
14 18 9
5 8 1
19 22 8
1 5 1
4 5 10
22 1 5
9 12 2
14 15 3
3 6 2
11 13 9
23 2 1
16 19 10
13 15 1
23 3 8
2 4 3
3 7 5
1 4 2
15 18 6
4 7 10
12 15 4
1 5 7
22 2 2
7 10 3
6 7 2
12 14 3
15 19 5
1 3 8
22 1 5
20 23 8
1 4 10
15 19 2
8 12 10
11 15 4
19 23 7
8 13 7
6 10 7
19 22 9
13 18 9
5 8 4
7 9 1
11 13 6
13 16 3
18 22 5
22 1 6
3 6 10
14 17 7
9 13 6
13 16 5
12 15 9
15 19 1
23 2 10
22 1 1
18 19 5
22 2 1
4 7 8
23 1 6
5 8 10
2 5 3
18 21 8
16 20 10
17 20 8
6 8 10
16 19 3
23 2 5
6 9 8
14 18 5
4 8 9
1 4 9
4 7 9
2 6 8
18 22 3
17 20 4
21 22 5
20 23 8
23 3 6
11 13 1
13 18 10
5 9 3
9 12 7
21 0 1
3 5 3
5 9 7
17 19 7
19 21 7
6 11 4
18 21 7
10 13 7
13 16 5
20 23 9
10 12 5
5 9 4
23 3 2
22 1 8
3 6 3
5 8 2
9 14 5
8 11 1
12 13 3
20 23 6
22 0 8
12 14 3
9 12 10
4 8 8
3 4 3
7 10 2
18 22 1
13 14 1
5 7 10
10 14 4
6 11 10
6 9 3
19 21 1
1 4 9
15 17 10
22 1 4
7 9 5
23 3 8
23 2 3
1 2 5
5 8 10
15 19 2
21 1 5
18 21 4
17 21 1
2 6 2
10 14 9
10 13 8
4 8 6
2 3 6
2 3 10
19 19 2
1 3 7
22 2 7
15 19 7
9 12 9
13 16 5
1 5 2
18 21 1
15 17 8
10 13 5
18 20 5
14 17 3
15 18 6
6 10 4
16 20 8
20 0 8
15 16 7
14 16 10
7 10 9
8 10 6
8 10 9
12 15 9
21 0 10
6 9 3
4 7 4
9 13 1
14 17 1
15 17 7
22 23 5
15 17 10
0 4 10
10 13 2
16 18 7
21 23 3
14 18 8
19 20 9
14 17 4
5 7 4
16 20 6
15 20 5
22 0 6
14 19 1
4 8 10
14 19 10
16 18 7
6 7 10
19 23 5
7 11 8
19 21 8
9 12 6
0 2 9
18 22 2
13 15 3
13 16 9
10 14 2
2 4 5
23 1 10
10 12 6
13 15 8
2 6 7
8 10 9
13 17 2
12 15 9
1 5 6
17 19 10
9 12 1
7 11 3
15 17 2
12 15 3
15 18 3
4 7 7
16 21 9
23 2 9
17 19 5
7 10 9
12 16 7
15 18 4
22 23 10
17 20 2
19 21 5
20 22 1
15 18 10
0 4 1
0 4 7
23 2 1
11 14 7
3 5 8
0 4 5
14 17 2
3 6 9
14 17 5
5 8 8
13 16 10
22 0 5
14 17 10
10 14 7
18 22 10
19 23 9
1 4 1
6 9 5
4 6 4
6 9 5
3 6 5
12 15 2
13 15 6
0 3 6
7 11 9
18 23 9
16 21 8
9 12 6
10 11 10
13 17 10
9 12 9
10 11 8
3 4 10
4 7 10
6 8 3
8 11 10
22 1 8
21 23 1
20 22 4
8 13 5
20 23 7
1 3 10
14 17 10
17 20 9
17 19 8
13 16 10
2 6 4
23 2 4
7 10 9
14 16 9
12 15 10
19 23 7
18 21 1
15 18 9
9 13 5
16 21 2
11 15 10
19 23 4
2 5 7
20 0 3
13 16 4
7 10 10
3 6 8
12 15 1
16 19 5
1 6 4
0 3 10
20 0 3
17 20 5
3 6 9
7 10 8
10 13 5
22 1 6
2 6 4
13 16 5
16 19 8
17 20 4
10 12 10
18 20 1
4 6 7
0 3 7
10 12 5
14 18 8
2 6 4
