1850 7
6 4 3 7 3 1 8 
10 14 7
22 0 3
20 23 1
14 17 6
18 22 2
20 0 2
19 23 7
3 8 2
6 7 2
16 21 3
7 10 1
7 9 5
9 13 4
15 18 7
3 6 7
9 12 2
3 7 7
18 22 2
17 19 6
13 16 4
13 14 6
18 20 3
2 4 3
22 1 4
9 12 5
5 6 6
3 7 3
16 19 6
16 19 4
1 4 7
7 10 5
2 4 3
3 7 1
3 5 1
17 20 4
22 0 2
5 6 1
11 15 5
12 16 1
3 7 5
19 22 2
17 19 2
6 11 6
11 13 1
12 16 4
10 11 1
1 4 1
10 12 6
1 3 7
2 5 6
10 13 5
6 9 4
1 5 2
17 21 7
10 14 6
17 21 6
19 20 7
18 21 1
7 11 3
5 9 6
11 15 6
0 4 4
13 16 5
16 19 5
10 13 3
14 17 5
13 16 5
6 10 5
16 19 6
3 6 3
9 10 6
1 3 6
6 9 1
3 8 2
9 13 5
2 6 5
19 22 7
11 15 5
3 5 3
21 0 4
17 21 5
6 9 2
4 5 3
9 12 6
7 10 7
5 7 2
6 9 1
4 8 5
10 14 3
6 9 3
20 0 3
13 15 4
9 12 1
9 11 5
5 9 4
9 12 1
12 15 6
1 5 3
13 16 3
20 23 6
5 9 4
11 13 4
10 13 1
21 0 7
6 9 6
17 20 5
18 21 2
21 0 6
18 20 1
2 6 3
23 2 1
11 14 3
7 11 3
20 23 3
3 6 5
6 10 7
11 13 1
11 14 3
13 16 1
2 4 7
8 11 3
21 0 3
14 17 5
1 4 1
0 4 3
14 18 4
4 7 3
4 6 3
9 12 4
12 14 3
23 2 4
8 10 3
9 11 3
10 11 1
7 11 3
10 15 3
11 14 2
4 7 1
5 7 5
11 12 6
22 2 4
5 8 2
17 18 5
0 2 4
14 16 1
10 12 2
18 20 3
0 1 4
6 8 1
0 3 1
20 0 5
5 8 7
15 17 5
22 0 3
17 19 5
8 11 1
11 16 3
9 12 4
15 17 6
1 3 1
18 20 4
12 15 3
13 14 4
21 0 4
3 5 1
4 6 7
1 5 7
19 20 4
8 12 4
5 9 7
13 17 2
8 12 7
0 3 2
5 7 3
1 3 5
21 1 1
3 6 6
22 0 1
3 6 1
1 5 5
6 10 3
23 2 4
0 3 3
9 11 2
19 23 2
12 13 3
12 16 7
19 22 4
10 13 6
16 19 3
0 3 4
1 5 2
18 20 6
0 3 1
5 9 6
19 21 5
9 13 4
8 10 3
12 16 4
2 6 6
9 13 5
23 4 2
20 0 7
22 1 7
1 5 4
11 15 1
20 0 6
13 16 2
14 16 6
5 9 2
16 18 3
14 17 7
6 10 2
5 7 3
2 5 4
15 18 1
7 9 6
19 22 1
21 0 5
16 19 6
22 3 2
9 13 5
21 0 1
0 3 2
18 19 3
20 23 1
1 3 6
18 20 3
17 19 2
5 8 7
1 4 2
22 1 2
2 7 6
18 20 4
12 16 1
19 23 5
4 7 3
22 3 2
7 9 5
14 17 2
9 11 1
13 16 1
10 11 7
23 2 7
20 22 6
17 21 3
13 15 5
9 11 3
6 8 5
13 15 3
17 19 6
9 12 5
9 13 7
7 12 7
19 22 3
10 13 3
4 9 5
12 15 1
15 16 6
17 20 5
13 16 4
15 18 7
22 1 5
21 1 2
6 8 6
5 8 4
19 21 3
11 14 3
9 14 2
8 11 2
9 12 1
9 12 3
7 9 7
2 4 4
12 15 3
17 18 1
12 14 6
10 13 3
0 1 7
19 23 1
12 16 2
11 14 7
10 14 5
14 16 1
3 6 1
14 18 3
13 16 6
22 2 5
16 21 7
7 10 4
2 7 1
11 16 4
12 15 4
2 5 2
9 14 1
3 6 4
9 14 2
22 1 3
11 15 3
3 5 1
0 3 6
17 19 1
21 0 7
2 5 7
0 4 6
8 11 3
15 18 1
11 14 7
12 14 7
10 14 1
12 15 4
6 6 2
7 10 1
7 11 3
19 23 1
20 22 6
6 9 7
20 23 4
5 8 7
16 18 3
19 22 1
22 1 5
22 0 4
15 17 1
3 6 3
16 18 5
16 20 3
5 6 5
20 21 7
17 20 2
0 3 1
11 13 4
1 4 1
18 22 4
6 8 6
0 1 6
1 4 3
11 16 6
14 18 1
15 15 5
9 13 4
21 1 7
10 13 4
11 16 7
8 10 4
10 13 2
4 8 6
19 22 6
11 16 7
15 19 5
7 11 4
20 22 7
13 15 7
23 1 7
10 14 7
23 1 3
17 19 2
12 15 1
13 16 1
21 1 5
11 16 4
10 14 7
11 13 3
10 13 3
2 6 6
8 12 4
5 8 6
16 20 4
0 5 6
22 3 7
22 2 2
19 22 4
6 9 2
6 9 7
13 15 3
1 3 4
0 2 1
14 17 1
18 22 7
14 18 5
0 3 3
14 18 3
21 0 1
15 18 3
22 2 6
23 3 3
4 7 1
14 18 1
8 10 3
2 5 1
3 6 2
17 20 5
6 10 3
17 21 4
9 11 4
22 1 3
3 6 2
19 22 1
19 22 5
17 20 3
16 20 5
14 16 3
15 19 4
17 20 5
20 23 3
10 15 2
2 6 6
7 9 3
10 13 1
3 7 7
23 1 4
6 10 1
13 18 1
10 13 1
16 20 2
22 1 2
21 23 7
5 9 1
7 8 3
3 6 3
20 22 7
15 17 4
20 23 4
10 13 2
3 4 7
14 16 7
12 16 4
4 7 3
16 20 6
14 18 7
21 1 3
14 17 5
19 21 3
15 18 4
22 2 6
0 4 2
12 16 7
22 2 2
12 14 4
20 23 1
9 11 6
7 11 5
23 2 5
7 8 1
15 17 6
17 19 7
18 22 3
8 11 4
14 17 6
15 18 4
17 21 2
5 8 3
7 11 6
14 18 5
16 19 7
15 17 5
3 6 5
2 4 6
9 13 1
10 12 7
19 23 7
4 6 4
16 19 6
18 20 7
2 4 5
1 3 3
4 10 1
9 12 4
17 21 3
22 0 6
1 3 5
13 15 6
5 8 7
16 17 6
17 20 1
10 13 1
12 16 1
9 11 2
0 3 1
17 20 4
8 10 5
17 20 6
16 19 1
13 14 1
18 20 3
0 3 4
8 11 6
20 22 2
10 12 6
10 13 1
18 21 5
12 14 5
9 13 5
3 7 7
22 2 2
13 18 1
11 14 5
8 11 2
14 15 2
8 13 5
20 23 4
10 14 7
23 5 5
15 19 4
3 6 6
19 21 3
10 12 7
21 0 6
9 12 6
10 14 6
14 18 7
18 21 2
20 1 7
11 14 4
22 1 7
13 14 3
5 10 4
17 18 2
22 1 6
17 21 3
1 4 4
20 0 4
23 1 2
2 6 4
3 6 7
9 10 5
16 19 6
5 9 6
17 20 3
18 20 6
12 15 5
3 7 6
12 16 6
22 4 3
13 16 3
14 21 1
0 4 2
21 0 3
10 15 2
0 5 3
0 2 5
7 9 1
23 2 1
11 16 7
18 20 6
1 5 1
23 2 7
6 9 4
6 8 4
21 1 3
13 17 5
19 22 7
9 12 4
17 21 7
9 12 2
14 17 7
18 21 3
6 9 2
13 14 2
7 10 3
5 7 2
23 2 1
7 12 4
5 7 1
9 13 7
14 19 5
22 2 2
14 17 3
21 1 1
2 4 1
16 20 5
10 12 7
17 20 5
7 10 3
11 15 3
19 21 1
12 16 7
2 4 5
11 14 3
16 20 5
7 11 3
13 17 1
10 13 5
3 6 7
14 17 1
3 6 7
20 1 4
5 8 3
11 14 3
1 5 2
18 20 6
13 16 1
8 10 5
16 18 4
14 19 4
16 20 2
4 7 4
15 18 5
23 2 6
11 14 6
0 3 7
15 17 4
10 12 6
7 9 3
13 16 1
22 0 7
5 8 3
18 21 5
21 0 6
7 9 7
13 16 5
23 3 2
15 18 3
16 18 2
1 4 1
19 22 6
6 9 7
1 5 5
7 9 1
7 10 6
9 13 6
9 12 6
19 23 3
23 1 5
10 13 1
21 23 1
4 7 1
1 3 7
22 3 4
3 6 5
23 0 6
9 13 4
13 16 1
11 15 5
5 8 4
12 15 6
9 11 3
1 5 2
22 0 7
13 17 4
11 15 5
7 11 3
5 7 2
6 10 5
16 19 5
10 11 5
0 3 1
14 16 2
0 3 2
10 12 5
23 2 7
21 23 5
21 1 2
13 16 6
4 6 6
2 6 1
8 13 3
13 16 3
21 23 6
18 20 7
3 5 2
22 1 2
14 15 2
18 21 7
13 15 1
17 21 5
18 21 6
1 2 5
8 11 6
18 23 6
4 8 1
16 18 3
20 0 3
5 9 3
21 1 2
22 3 2
19 22 1
0 4 1
22 1 5
18 19 2
18 21 6
23 2 3
12 15 7
18 20 6
19 22 6
3 7 3
0 0 3
21 23 4
8 11 4
11 13 4
20 1 3
8 11 1
11 15 6
5 9 3
3 4 3
4 7 1
6 9 6
19 23 1
22 1 2
22 1 7
0 2 4
12 15 6
5 7 5
0 3 4
12 14 5
22 2 7
14 17 3
12 17 7
16 19 1
6 9 7
23 2 7
6 9 6
6 10 7
3 5 7
9 12 2
8 11 5
21 0 1
5 9 7
2 5 5
2 3 1
21 0 2
9 10 4
0 2 4
4 8 7
16 20 6
10 14 5
15 17 1
19 0 1
8 12 6
2 4 3
18 23 1
18 21 1
12 15 6
13 14 2
4 5 1
2 4 3
20 22 3
12 17 6
14 17 4
19 21 1
21 0 2
23 0 1
7 11 5
2 5 1
12 16 1
12 14 2
18 20 1
10 11 2
6 10 7
7 10 6
1 2 1
10 14 7
22 1 4
9 12 7
3 5 5
8 10 1
21 22 3
5 10 2
18 21 3
21 23 2
4 9 7
21 0 6
3 6 3
13 17 4
21 0 1
20 23 2
21 0 1
19 23 1
20 23 2
19 23 6
5 7 3
21 23 3
8 10 2
2 6 1
11 14 4
18 21 5
14 16 4
11 13 6
2 5 7
7 10 6
15 17 5
23 3 4
12 14 4
3 6 7
13 16 7
15 17 7
21 1 7
0 3 3
19 23 7
18 20 5
21 23 2
8 11 6
0 3 7
3 6 4
21 23 5
3 7 3
22 0 4
10 16 6
20 22 4
19 22 4
20 23 2
6 8 4
22 1 7
3 5 2
23 2 6
0 4 1
10 14 6
12 15 1
12 15 3
13 15 5
11 13 2
3 5 1
12 15 2
10 12 5
14 18 6
18 22 1
8 11 3
23 1 5
2 5 6
18 22 6
4 9 2
0 3 7
21 0 2
9 11 6
3 7 5
10 13 4
0 5 7
20 23 5
11 14 2
20 22 3
1 3 1
17 20 5
7 10 5
0 3 1
13 16 6
11 12 5
5 8 4
2 5 2
4 7 4
12 15 2
21 0 7
10 13 2
22 1 2
20 22 6
7 10 2
14 18 5
3 8 4
0 3 4
8 12 2
22 0 1
17 19 1
12 15 1
10 13 3
20 23 4
10 14 5
13 17 7
13 17 1
15 16 3
6 10 2
21 23 4
4 5 3
14 18 7
16 19 3
4 6 4
3 5 2
15 17 3
15 17 7
22 3 1
15 18 2
5 8 6
7 10 7
22 0 4
6 9 6
15 18 2
19 23 4
13 17 7
12 14 3
19 22 2
17 20 4
2 5 1
7 9 5
1 4 4
7 10 4
8 10 3
1 5 4
12 16 7
3 4 6
3 7 1
14 18 1
19 21 6
9 12 2
14 16 1
22 22 2
20 22 7
9 14 7
13 15 4
19 22 7
5 8 3
13 16 5
13 17 3
5 7 7
23 1 7
4 7 6
7 9 1
4 6 7
2 5 5
15 18 7
14 18 4
16 18 7
20 23 7
13 15 3
3 5 5
4 7 7
12 15 3
6 11 7
23 1 3
9 12 6
4 6 4
21 1 4
19 22 1
11 14 6
21 22 3
18 20 5
22 1 7
12 15 5
1 4 4
4 6 7
21 22 1
0 3 7
14 15 2
8 10 2
4 6 6
16 20 7
14 18 6
21 23 4
10 13 5
22 2 7
20 23 2
6 8 4
4 7 2
15 17 4
16 19 6
1 4 6
0 3 4
8 13 6
5 8 7
15 18 4
18 22 1
13 17 5
18 21 2
6 9 6
20 0 3
5 9 4
12 14 6
0 3 4
4 6 3
5 8 5
13 15 2
23 2 7
11 13 4
22 1 6
0 4 7
3 6 4
18 23 7
21 1 7
17 19 5
22 3 1
7 12 2
16 19 6
0 4 5
16 19 6
14 16 7
21 1 4
2 4 2
22 1 5
0 3 4
2 5 7
3 7 1
17 21 7
17 21 4
2 3 3
18 21 2
8 10 4
3 6 4
6 7 5
7 10 1
8 11 7
3 7 5
8 11 7
21 0 4
6 8 3
15 17 4
0 4 1
14 17 1
4 6 2
2 4 3
19 22 3
22 0 3
10 13 4
11 14 4
20 0 6
10 15 3
18 21 3
9 13 3
0 4 6
17 21 3
22 2 4
7 10 7
18 21 7
14 14 2
16 20 5
9 13 4
5 7 4
1 5 7
8 10 6
13 15 6
18 21 2
17 21 5
23 1 7
13 16 4
9 12 6
9 10 3
20 23 4
20 23 3
16 20 3
13 16 1
16 18 5
19 21 6
15 17 7
22 2 3
11 15 3
19 22 7
14 18 1
13 18 4
18 22 4
10 11 4
1 4 4
5 8 3
15 16 2
20 23 4
17 20 7
17 19 3
16 20 6
0 2 1
14 18 2
10 14 1
1 3 3
9 13 5
2 5 7
16 19 1
15 18 5
23 2 1
11 16 6
23 0 4
9 12 3
10 13 6
2 4 2
0 3 7
20 23 3
18 20 5
22 0 2
17 20 2
2 5 4
17 19 2
23 2 4
8 11 7
6 9 2
11 14 6
20 0 1
3 6 1
23 2 6
13 16 3
10 12 5
3 7 1
12 15 6
16 19 5
7 11 4
18 22 6
0 2 4
21 1 7
6 10 3
20 23 1
11 16 4
2 6 2
7 11 6
6 8 4
22 3 5
19 23 3
20 23 6
2 6 6
23 2 4
15 19 1
23 2 6
9 13 1
11 15 5
0 2 6
9 13 7
10 13 4
4 7 1
9 13 2
22 3 5
3 5 2
9 11 3
7 7 2
7 10 5
0 4 2
2 4 6
22 1 6
6 9 7
22 1 3
14 16 1
23 2 7
19 21 2
10 13 6
19 23 3
10 12 2
21 23 5
5 9 7
6 9 2
17 20 5
5 9 3
5 7 1
5 8 6
15 18 7
0 3 1
11 12 5
8 12 7
0 0 3
3 7 3
9 12 7
17 18 3
9 12 4
12 14 6
3 6 1
6 8 2
22 1 7
16 21 5
21 23 5
9 13 3
0 3 1
14 18 4
20 1 2
20 23 3
21 1 6
15 18 5
18 22 2
5 6 7
6 8 1
22 1 5
4 8 2
9 13 2
23 2 1
19 22 5
4 8 5
13 14 6
19 23 6
21 0 5
0 3 6
18 20 3
15 18 1
8 10 2
15 17 6
10 12 1
19 22 7
18 21 3
14 17 2
18 21 1
23 3 7
13 16 4
3 7 3
7 11 5
9 10 4
6 9 4
15 18 3
12 15 7
14 18 6
17 21 4
18 21 4
17 18 4
5 8 3
11 14 2
15 18 2
18 21 7
17 18 6
20 2 7
19 21 2
0 1 2
1 4 1
6 8 1
20 0 5
18 21 7
11 15 4
6 11 5
14 17 2
11 12 5
9 13 5
8 11 3
9 11 7
21 0 5
3 5 1
12 15 6
20 22 3
12 15 1
16 19 1
19 0 7
5 9 5
3 6 1
13 15 7
9 12 6
5 8 3
5 8 2
5 7 6
1 2 3
20 0 7
5 9 5
20 23 1
19 22 3
22 2 1
22 2 6
16 21 2
16 20 5
6 9 1
9 12 7
8 11 6
20 22 4
10 12 3
15 18 2
18 22 5
11 15 2
12 15 1
4 5 6
0 4 2
14 15 4
3 6 1
1 3 2
12 16 6
23 3 3
1 4 2
17 22 5
9 11 2
22 1 2
1 6 1
18 22 4
6 10 7
23 4 5
7 12 7
6 9 4
21 1 6
2 6 3
14 17 4
6 8 2
11 13 1
19 21 6
9 12 1
0 3 3
16 20 6
17 20 1
15 19 4
22 1 6
4 5 6
6 10 4
7 10 5
18 21 1
6 10 3
20 22 3
15 17 7
13 15 1
14 17 4
16 19 3
3 8 2
8 11 5
9 12 1
19 23 3
13 15 7
20 23 2
23 2 1
15 18 3
20 22 7
20 23 3
2 5 7
3 5 7
13 17 6
23 3 4
13 15 2
6 10 4
20 0 2
7 9 4
0 2 7
20 23 6
5 10 2
1 5 4
23 2 7
5 8 5
3 5 3
2 5 1
22 1 7
11 13 5
17 19 5
2 3 6
0 1 3
10 12 1
16 19 4
7 10 7
18 20 6
13 16 3
6 9 2
20 23 1
11 14 7
10 13 7
2 5 1
17 19 1
2 6 4
22 1 1
3 7 2
9 12 2
23 1 1
7 10 3
0 4 7
0 2 7
1 4 1
0 3 4
5 8 1
12 15 2
5 9 7
10 15 3
11 13 7
0 3 3
20 1 2
12 14 1
17 19 1
1 4 6
11 13 4
23 4 1
9 12 4
0 4 3
16 18 3
2 3 2
4 8 6
16 19 6
6 8 1
9 12 2
9 12 1
13 16 3
12 14 2
8 11 2
14 18 3
19 21 1
0 2 3
18 22 6
23 2 4
21 23 2
23 2 3
22 3 5
13 15 2
3 6 2
9 12 6
15 17 5
20 22 5
0 3 6
3 6 7
0 2 3
21 23 4
4 7 2
12 16 1
9 12 2
3 4 5
10 12 3
12 14 5
11 14 5
0 3 7
16 19 2
7 10 6
18 20 5
7 10 6
8 11 7
7 9 6
2 6 4
18 19 4
18 23 1
18 22 4
5 7 6
5 9 4
12 17 2
2 7 1
22 2 5
21 23 4
3 6 7
12 15 5
18 21 4
13 14 3
20 0 5
15 17 6
16 19 3
0 3 3
4 8 4
1 3 6
13 16 7
9 12 6
14 17 5
11 14 5
14 16 4
23 4 6
2 6 6
12 15 3
15 17 5
23 2 1
8 11 1
12 15 3
7 9 6
7 11 4
7 11 2
18 20 5
8 10 6
6 9 4
22 0 4
3 6 4
7 11 4
22 0 1
15 17 5
1 4 2
13 16 3
9 12 6
7 10 6
17 18 3
6 8 1
6 9 4
7 8 5
11 13 4
7 10 5
14 18 7
11 13 4
4 7 6
1 5 4
12 16 3
23 3 1
9 13 7
3 5 2
6 9 4
12 15 6
13 17 6
3 5 6
14 18 1
14 15 4
13 15 6
15 17 6
23 2 3
22 1 7
1 3 7
18 22 4
16 19 3
4 6 4
18 21 6
6 10 2
15 17 3
13 16 2
9 13 7
11 13 5
1 3 6
12 15 3
18 19 5
1 3 7
14 16 1
3 8 6
5 10 2
7 9 1
0 3 2
7 8 7
18 21 2
7 9 7
20 0 2
15 19 3
2 5 1
17 19 6
6 8 2
3 7 1
18 22 6
16 19 4
6 10 7
5 7 7
15 18 5
15 18 7
2 5 5
1 4 2
15 19 5
4 8 1
17 19 3
16 17 3
5 9 6
8 12 2
1 4 2
6 9 6
9 12 5
17 21 4
9 11 1
22 1 2
23 3 4
17 20 7
2 4 5
7 11 7
21 21 2
2 6 2
2 5 2
0 3 5
8 10 6
1 3 1
6 7 2
20 0 5
23 2 6
13 16 1
5 8 6
19 23 4
15 18 1
8 11 4
6 8 3
4 6 1
9 11 4
20 22 6
4 8 6
21 23 7
7 11 1
12 15 2
13 16 6
7 10 2
0 2 2
7 11 2
11 14 4
3 7 3
21 2 4
2 4 2
9 12 6
6 11 6
9 12 3
19 22 5
6 7 2
9 12 7
13 16 3
19 21 5
22 2 1
18 22 3
20 22 1
22 1 7
6 7 3
18 22 6
2 3 1
14 18 5
4 6 7
0 4 5
8 11 5
2 6 1
20 23 4
22 0 6
16 20 3
14 18 5
14 15 7
22 0 3
16 20 4
11 14 7
5 9 2
19 23 7
1 3 1
9 12 5
22 0 3
3 7 3
4 7 3
17 19 6
5 8 7
14 18 4
5 7 1
19 22 7
22 2 3
11 14 1
22 0 4
11 14 6
13 16 5
22 2 4
0 4 7
20 0 4
18 21 2
4 7 3
5 8 3
12 14 5
19 21 1
23 2 2
12 13 3
22 21 1
0 3 1
4 8 6
12 16 3
0 3 1
4 7 6
23 4 1
4 4 6
3 6 6
15 18 5
21 1 5
4 7 7
0 4 5
1 3 4
19 23 3
4 8 1
21 1 3
11 15 6
11 15 7
17 21 3
20 1 3
10 11 2
20 23 1
12 14 7
21 23 2
10 14 1
2 7 4
8 9 7
15 20 7
14 18 5
3 5 5
10 14 1
9 11 1
5 7 4
0 1 3
8 10 2
15 18 6
2 6 3
20 22 3
10 13 5
23 3 7
16 18 7
9 11 5
15 19 4
5 7 4
10 12 4
21 0 6
23 4 4
13 16 7
21 0 5
16 21 3
8 12 3
3 6 2
1 3 5
14 17 4
17 19 2
21 1 4
16 20 3
17 20 5
19 21 2
5 8 1
23 3 2
5 8 2
23 1 5
16 19 4
17 20 1
18 20 6
19 22 5
21 0 4
4 6 6
4 8 4
11 15 7
2 6 2
2 4 7
1 3 2
12 15 3
19 22 6
13 17 5
18 19 6
20 21 3
21 0 1
17 18 2
14 16 5
19 21 3
18 21 2
9 13 4
10 13 7
2 6 7
4 6 7
15 17 4
23 4 5
16 19 3
20 23 6
7 9 5
20 21 3
4 5 6
13 15 7
20 22 3
16 19 1
22 0 4
22 1 5
22 0 1
21 0 2
16 20 5
12 15 7
12 15 6
11 15 6
10 13 2
17 20 6
11 14 4
10 14 1
0 2 5
10 13 3
21 0 2
8 10 3
4 7 4
7 11 2
19 21 7
3 5 7
15 17 3
5 7 5
22 1 6
6 11 4
15 17 7
18 20 6
18 23 6
12 15 6
22 2 3
5 7 2
14 17 6
11 13 4
17 20 6
8 11 5
4 5 2
23 1 4
5 7 7
21 23 3
6 8 5
19 20 2
12 14 3
13 15 3
21 0 5
9 13 5
11 16 4
0 3 2
22 1 4
18 22 4
8 12 1
21 23 3
18 20 7
11 14 4
19 23 4
9 10 3
1 5 4
12 15 4
8 12 4
13 17 4
15 17 3
12 15 4
12 14 5
14 17 3
12 15 4
1 5 5
20 0 2
12 15 2
14 18 2
22 2 2
11 15 6
4 6 1
23 3 3
12 14 3
21 23 2
20 22 2
5 8 6
9 10 1
13 17 7
8 12 4
11 13 3
11 14 6
19 23 4
10 15 3
5 8 7
8 11 3
0 3 3
3 8 4
8 11 4
19 21 6
4 6 5
18 21 6
4 6 1
14 17 3
22 1 2
4 6 1
19 23 5
11 13 2
2 4 3
18 21 7
20 23 6
10 13 3
15 18 7
19 22 3
8 12 1
0 2 5
11 13 3
14 16 7
18 21 7
20 23 2
19 21 1
5 7 7
13 17 3
8 12 2
3 5 4
20 22 4
5 9 7
18 22 2
6 8 7
5 8 4
14 18 2
11 14 3
17 22 2
14 19 7
2 6 5
20 20 4
10 14 4
1 5 2
8 11 6
8 10 5
5 9 5
4 9 3
22 3 2
11 13 2
23 2 3
8 10 1
23 3 6
11 13 1
14 17 1
22 2 4
15 18 1
3 5 5
22 1 3
12 14 1
7 11 5
9 11 5
23 1 7
4 7 2
10 13 6
13 18 2
14 15 7
8 10 6
21 23 3
6 8 7
0 3 4
20 0 7
23 0 5
14 18 3
13 16 2
2 5 3
11 13 6
16 19 1
11 13 6
6 11 4
11 14 3
9 13 3
6 8 3
11 15 6
10 12 4
