300 15
3 10 7 4 8 4 6 5 8 3 5 4 8 2 2 
14 16 11
15 16 12
15 17 7
4 7 8
1 5 12
15 17 9
19 22 5
12 14 12
19 21 6
5 10 6
22 1 11
22 2 3
10 13 2
23 3 9
6 8 2
15 18 10
20 23 4
11 14 3
16 21 8
2 5 13
5 6 1
8 10 6
4 6 11
3 6 6
12 13 9
21 1 1
17 20 8
15 20 14
6 9 12
12 16 11
15 19 12
17 20 6
20 23 2
21 0 15
7 11 15
18 22 9
7 12 4
3 5 1
11 14 3
22 1 8
15 19 4
17 20 15
10 12 7
22 1 15
21 23 2
8 10 14
4 7 12
8 13 6
17 21 3
17 19 13
18 23 11
15 17 12
2 6 5
15 19 5
10 10 4
6 9 10
19 23 9
16 19 10
18 22 15
7 9 15
4 8 13
14 17 6
16 20 3
7 11 13
3 5 10
8 11 4
7 9 2
23 0 5
14 16 4
9 12 15
0 2 8
15 18 15
17 19 9
14 18 11
13 16 1
2 4 1
8 12 15
3 7 3
23 3 14
10 15 6
21 1 14
0 2 7
7 9 7
7 10 7
4 7 3
3 8 1
3 6 12
6 7 10
7 12 11
0 2 11
6 9 14
10 15 10
20 0 7
21 22 3
16 19 15
20 23 4
16 19 15
20 23 14
17 19 13
5 8 6
7 9 9
22 0 10
9 12 3
22 0 2
18 22 5
15 16 15
12 16 4
21 0 10
4 8 7
4 7 2
12 16 6
20 23 8
22 1 10
17 19 12
12 15 12
3 8 6
18 19 10
22 1 13
2 4 7
11 17 12
4 7 9
2 6 5
15 19 13
22 2 7
13 16 8
18 20 7
22 2 11
23 2 9
8 11 13
10 14 8
6 9 15
16 19 11
22 23 1
22 1 13
23 3 5
20 23 3
12 15 9
20 0 13
18 21 12
21 23 4
22 3 12
4 7 5
9 12 15
11 15 5
19 23 15
18 19 6
4 8 14
1 6 5
19 22 13
22 2 13
3 5 8
21 1 15
21 23 13
8 13 11
18 22 9
4 7 2
16 20 6
5 9 15
21 0 5
7 12 5
8 11 5
9 13 6
11 13 1
9 12 11
15 18 2
15 18 10
3 5 2
20 0 10
1 4 14
4 7 7
8 11 7
3 5 2
13 15 4
2 5 1
21 0 15
16 20 2
4 9 7
6 9 12
1 3 2
21 0 15
2 6 9
23 2 7
15 16 12
3 7 8
3 7 3
0 4 2
7 12 7
9 12 1
8 11 2
14 17 7
12 14 15
17 20 11
23 2 9
20 23 10
1 3 5
1 3 2
21 0 7
15 17 8
15 19 12
10 13 12
7 10 10
13 16 1
17 20 7
19 22 4
6 9 7
18 21 4
11 14 11
10 14 12
21 0 2
23 0 6
20 22 2
0 4 5
1 4 9
8 12 13
20 23 11
9 12 5
6 7 9
12 15 13
2 6 5
9 13 14
23 0 13
21 0 14
0 3 10
2 4 11
18 22 11
9 13 3
3 5 8
20 0 8
12 14 4
22 0 13
15 18 15
2 4 11
22 2 13
6 9 1
23 2 12
7 10 6
12 16 9
9 12 3
23 1 1
3 6 7
12 13 10
18 21 6
20 22 13
5 8 1
21 23 10
4 6 11
22 1 8
21 23 4
3 5 14
22 2 7
17 19 10
19 21 14
9 13 7
14 16 3
14 16 15
12 15 10
7 11 13
7 13 3
16 18 5
19 23 1
5 8 12
9 13 6
1 4 14
0 2 2
2 5 3
8 11 5
10 15 15
16 20 10
3 6 10
10 14 10
9 13 6
17 19 5
9 13 7
11 17 14
13 15 1
15 18 13
12 16 1
15 19 5
5 8 10
7 10 15
17 20 10
0 4 4
3 5 12
18 22 8
9 13 8
22 2 6
6 9 11
14 19 6
19 0 5
16 18 5
23 1 12
10 13 14
16 19 15
4 9 3
12 14 7
8 12 12
18 22 14
3 7 1
11 14 7
15 20 5
