650 9
8 1 6 1 10 5 8 1 10 
22 1 7
11 12 7
6 9 6
6 8 7
21 23 3
14 19 8
1 3 8
12 14 7
13 16 7
22 1 6
22 0 6
18 21 1
0 1 3
19 22 7
1 5 7
23 2 2
18 20 2
13 16 6
5 10 7
5 8 3
15 18 5
0 2 4
7 10 8
22 0 9
14 17 7
22 0 2
14 16 5
19 20 4
19 21 4
0 4 5
14 16 8
11 15 2
12 12 6
10 13 9
17 20 4
1 3 9
0 2 8
10 13 5
16 17 4
2 7 4
21 0 2
14 16 9
10 13 4
10 14 5
19 22 2
5 6 8
5 7 4
4 7 8
23 23 9
22 2 6
16 21 4
11 15 9
2 4 4
19 23 2
7 11 4
1 4 3
6 11 1
11 13 1
1 4 3
4 9 7
0 3 7
11 14 6
23 2 4
22 2 9
22 2 3
6 8 4
22 1 6
20 22 9
6 7 9
4 6 2
3 7 9
11 13 8
20 1 1
15 19 6
8 11 5
10 12 9
6 8 2
5 8 4
4 5 9
7 10 2
10 14 3
10 13 4
2 5 4
19 22 9
3 7 8
23 3 3
23 4 2
11 15 4
1 5 2
3 8 9
19 23 1
14 17 7
11 14 7
10 14 2
22 1 6
10 13 7
13 17 8
23 2 5
17 22 4
11 14 6
16 20 7
14 17 7
7 9 2
19 23 1
11 14 7
0 3 7
12 16 1
5 6 3
9 13 4
5 8 3
1 6 6
5 8 6
6 9 4
9 13 5
19 21 1
19 22 5
10 13 1
21 2 9
23 3 4
10 11 6
7 9 6
11 13 3
7 11 9
1 5 9
7 10 9
3 6 3
19 23 5
14 18 9
7 9 2
1 4 3
3 8 2
22 3 2
9 11 9
7 11 8
5 8 3
2 5 9
10 13 3
6 7 8
18 20 3
12 14 9
15 19 7
12 15 5
4 6 7
14 18 2
12 16 3
20 23 2
11 13 2
18 21 1
16 19 6
7 12 8
18 22 2
9 11 8
0 2 9
5 8 3
1 6 9
12 16 2
17 20 6
4 6 7
12 13 4
9 12 2
2 4 9
9 12 4
14 16 3
10 13 2
20 21 8
6 10 2
7 8 1
1 2 8
20 23 5
22 0 5
17 19 3
5 8 2
20 0 4
2 5 4
18 21 3
12 15 5
13 16 4
22 2 3
23 1 9
20 23 2
22 1 2
2 5 3
15 19 5
11 13 4
5 8 2
0 4 7
3 4 1
12 16 1
3 6 1
17 19 2
14 15 6
5 10 5
6 9 2
9 12 3
13 17 1
8 9 3
19 20 3
18 20 6
2 3 4
11 13 2
18 22 6
5 7 2
20 22 3
18 21 9
4 6 4
2 6 9
2 5 1
21 0 8
12 14 3
7 10 3
22 1 3
19 0 3
22 3 1
22 2 7
5 9 1
2 5 7
9 11 4
12 15 3
9 12 5
4 7 3
22 1 6
3 8 9
1 3 2
2 3 5
2 4 1
10 14 4
22 1 4
8 9 5
15 18 9
4 5 5
10 14 8
3 7 3
6 9 4
14 17 4
6 8 8
14 15 5
5 11 8
3 5 2
18 21 6
20 23 4
3 8 4
19 22 1
8 12 7
8 12 3
10 13 8
23 2 6
1 2 5
9 13 9
7 10 6
20 23 9
17 19 1
21 23 7
7 10 2
17 20 1
5 8 5
4 5 7
1 6 2
4 8 9
22 3 8
19 20 7
21 2 2
17 20 4
19 22 3
17 21 9
16 19 1
1 4 1
13 16 9
17 18 8
7 10 5
8 12 1
15 19 7
21 0 1
23 1 5
16 18 9
16 19 2
6 9 3
23 2 4
12 15 6
17 19 5
15 18 8
12 16 3
6 8 8
13 16 9
20 23 9
16 20 1
15 18 3
11 15 5
3 6 9
2 7 4
4 5 5
0 4 6
1 6 5
18 22 2
15 15 4
10 14 2
0 4 5
5 8 2
11 13 5
13 15 4
7 11 8
1 3 2
19 23 4
9 11 4
5 7 2
16 19 9
10 13 2
2 4 6
4 8 1
21 0 4
6 12 1
3 5 6
21 22 9
19 23 3
8 11 9
14 17 4
13 18 4
18 22 9
8 10 3
9 12 8
7 11 2
3 4 5
3 5 1
1 4 9
1 3 2
1 4 3
18 21 9
1 4 3
20 1 8
10 14 9
18 22 1
2 5 7
16 20 6
9 12 3
9 12 1
3 7 2
22 1 6
14 16 1
5 9 6
15 17 1
5 7 7
2 5 3
17 20 7
22 3 4
1 4 8
18 21 6
17 22 1
23 3 6
18 23 1
22 3 3
6 11 6
6 10 5
12 16 8
9 13 7
19 22 1
20 23 3
23 0 3
4 7 9
20 23 2
3 7 3
6 9 3
7 10 6
1 6 6
21 0 5
11 11 8
22 0 4
18 21 2
4 7 1
7 9 3
9 14 4
23 1 8
19 21 6
9 13 4
8 10 2
15 21 7
4 6 8
16 18 5
4 7 6
5 8 5
6 11 6
5 6 5
17 20 6
2 5 2
13 16 3
11 14 4
23 3 2
10 14 7
22 2 4
5 9 9
6 7 4
3 4 1
19 22 8
15 17 5
1 4 7
1 3 4
8 10 8
6 9 3
16 18 5
22 0 4
10 14 1
7 10 8
12 16 2
7 11 6
12 14 4
12 14 5
2 6 7
5 8 8
10 14 4
14 15 9
14 17 2
6 10 8
3 6 9
7 9 9
18 22 9
9 13 2
8 10 8
0 3 8
22 0 3
17 19 1
16 20 9
16 19 1
11 15 6
22 1 7
10 14 7
2 5 6
8 14 8
19 23 9
7 9 1
2 5 4
20 22 7
0 1 2
4 8 9
23 4 7
4 6 4
17 20 8
10 13 5
2 3 8
12 16 8
4 8 1
3 5 8
9 11 8
23 2 6
4 6 9
8 12 6
12 14 2
4 6 5
15 18 1
20 22 2
7 11 6
8 12 3
7 10 4
22 0 4
22 1 9
3 4 9
3 5 2
18 21 8
3 5 4
10 13 8
10 14 1
13 15 9
16 19 8
13 18 1
22 0 1
19 23 2
16 18 7
4 5 2
7 11 4
13 18 2
6 9 6
18 23 3
8 10 2
6 8 5
14 17 5
5 9 6
14 17 7
12 15 4
21 3 5
9 10 3
15 18 3
12 15 1
20 0 8
8 11 3
0 5 4
6 9 8
1 4 7
7 8 7
22 1 2
6 9 3
15 18 6
20 0 2
14 16 9
4 6 7
5 8 8
10 14 2
7 10 5
23 1 1
11 15 1
4 3 2
0 4 3
9 12 8
12 15 8
8 12 8
0 2 2
18 21 6
6 9 9
15 16 8
4 5 8
23 3 5
6 9 2
2 5 9
16 19 2
18 20 1
22 0 7
9 11 7
6 9 3
19 0 3
3 7 5
6 10 8
1 2 7
1 3 7
20 0 2
7 11 3
16 17 2
0 2 1
15 17 2
2 6 3
0 2 3
14 17 2
9 13 8
11 14 6
10 13 8
17 20 5
12 14 8
23 2 4
17 20 4
9 13 6
4 7 1
11 14 5
3 7 2
12 15 5
19 21 8
2 5 1
23 2 1
15 18 7
22 1 3
4 7 4
12 15 8
11 14 2
8 12 7
14 17 3
11 15 5
21 0 3
16 18 7
0 2 1
2 5 6
21 0 6
12 16 7
22 1 2
13 16 6
5 9 3
4 8 2
17 20 4
22 1 7
6 9 7
17 20 5
8 12 9
16 18 4
4 6 6
16 17 4
19 23 9
8 12 6
14 18 1
14 19 5
21 1 3
23 2 4
3 8 7
10 13 1
4 7 1
17 21 8
7 10 6
19 23 9
14 20 7
10 11 8
15 16 9
15 19 9
22 23 3
23 0 2
19 21 4
17 21 1
19 23 9
11 13 2
13 15 3
20 0 1
11 16 4
4 8 4
12 14 9
22 2 8
1 3 4
8 10 7
8 10 2
1 4 8
20 0 5
11 14 3
7 10 2
18 21 1
3 6 2
1 3 7
16 18 9
9 13 7
23 0 4
8 12 1
7 11 7
11 13 3
16 20 2
0 3 2
5 7 6
6 10 2
18 20 1
6 9 2
15 16 8
3 7 9
10 14 8
9 12 7
12 14 5
18 20 8
0 3 4
8 12 1
22 0 9
5 8 7
3 6 3
22 0 5
11 14 9
7 9 6
4 8 1
7 11 3
8 11 7
2 4 6
11 14 6
10 14 7
21 1 7
2 4 5
7 11 2
9 12 8
11 13 5
1 5 7
23 3 7
21 23 4
8 9 6
8 10 9
12 15 7
15 18 6
