100 10
4 1 7 6 4 8 2 5 7 7 
21 23 3
6 9 2
18 22 5
8 12 9
5 9 5
6 8 2
15 17 4
22 3 9
18 20 4
7 10 4
5 7 10
15 16 2
10 13 4
12 14 1
18 22 9
19 20 2
0 4 3
23 3 6
15 16 8
10 13 4
9 11 6
22 2 8
3 4 9
18 22 3
4 9 6
3 5 9
8 10 2
15 18 4
2 8 8
4 8 7
16 19 9
7 11 10
19 21 7
13 16 9
19 21 3
10 13 4
22 2 6
1 6 1
16 20 8
13 17 9
9 14 5
11 15 6
17 18 10
17 19 5
20 22 3
5 7 3
7 11 1
4 6 5
1 3 5
18 20 4
5 8 10
11 15 8
10 12 4
5 8 9
18 21 3
5 7 2
4 6 1
7 11 5
4 7 3
21 1 2
19 22 2
7 11 8
8 11 3
17 22 6
6 9 3
20 1 1
21 23 6
23 2 9
21 1 7
1 3 10
5 7 9
22 1 9
5 7 2
18 21 7
0 2 10
17 20 7
13 14 4
20 21 6
16 20 9
16 19 10
4 6 4
3 7 9
5 8 7
3 6 9
5 7 7
15 16 5
0 1 3
2 5 1
1 4 8
11 15 6
2 5 4
2 3 3
18 20 7
2 4 10
15 19 2
18 21 5
13 15 10
8 11 1
15 18 5
9 12 3
