400 7
9 2 2 5 10 5 8 
21 0 3
8 12 2
10 13 5
10 12 5
22 1 2
7 10 5
14 17 4
0 4 7
4 7 3
1 4 7
1 4 1
15 17 5
3 4 3
16 20 5
12 15 3
3 6 3
4 6 5
11 15 7
0 4 7
4 7 6
7 10 1
18 21 4
23 1 2
23 2 2
22 4 6
13 16 2
15 18 3
14 17 6
17 20 2
17 19 2
17 20 5
4 7 3
13 15 7
15 17 4
22 1 4
10 14 5
15 17 1
9 12 3
20 22 2
7 9 1
14 15 4
12 16 6
18 20 6
19 21 5
14 18 1
21 23 6
10 12 3
12 16 3
14 18 7
5 9 2
14 18 2
17 20 7
5 10 3
11 14 4
23 0 6
10 13 6
12 14 4
17 21 3
2 4 1
15 18 7
8 11 7
6 11 1
3 6 2
23 0 4
9 12 2
12 15 6
10 14 7
21 1 3
6 8 2
17 20 5
3 5 4
7 10 7
9 12 4
11 12 1
23 2 3
18 22 3
18 22 5
20 23 5
19 23 1
16 20 2
16 20 1
2 6 5
18 21 6
0 3 5
16 18 5
16 18 6
22 1 5
7 11 7
21 0 4
18 21 1
8 11 2
21 22 4
10 13 3
12 16 5
14 16 6
18 22 5
5 9 3
12 14 1
6 10 6
6 7 7
11 13 5
13 17 2
9 13 4
10 12 7
16 20 5
22 0 6
13 15 7
15 18 6
3 6 2
8 11 2
10 13 1
10 14 3
9 13 4
9 10 3
8 11 3
2 4 7
15 18 7
18 21 3
11 14 4
16 18 2
18 21 1
3 7 1
4 8 6
3 5 4
4 8 5
6 9 1
21 2 3
22 2 2
19 19 6
2 5 5
23 2 4
20 23 6
12 15 3
5 8 2
1 4 6
11 13 5
18 21 4
20 22 7
1 5 7
6 10 5
4 5 2
10 12 5
11 15 6
17 19 2
1 4 7
8 13 1
3 6 6
14 18 4
14 16 2
4 6 3
9 13 1
18 20 2
21 0 2
21 1 1
23 2 6
18 19 7
3 5 4
12 16 3
11 14 1
10 15 6
6 9 1
6 9 2
2 5 2
9 12 1
22 2 6
9 13 2
21 0 4
0 4 5
19 22 4
4 7 7
17 21 7
11 16 6
10 13 3
6 8 3
8 13 2
22 1 4
22 1 1
5 8 1
2 5 3
13 17 1
9 12 3
14 18 5
23 2 1
16 19 7
13 15 4
9 11 3
16 19 7
6 10 2
14 17 1
7 10 6
14 17 4
1 5 5
6 8 1
21 1 6
4 6 3
10 13 3
23 3 5
10 12 1
11 12 5
7 10 5
11 14 7
23 1 6
21 22 3
23 3 4
1 5 7
16 19 3
8 10 1
4 7 6
2 3 2
13 15 1
12 16 7
19 20 2
17 20 6
9 13 5
7 10 2
15 19 1
4 7 2
22 0 3
5 6 5
20 22 4
13 16 6
12 14 3
19 22 7
4 8 1
11 14 4
4 8 7
21 22 4
20 1 3
0 3 4
14 16 3
18 20 1
23 2 5
13 16 7
10 13 2
10 15 3
20 22 2
15 17 2
16 18 2
1 4 1
14 18 5
7 9 5
9 10 1
17 19 5
22 0 2
10 15 3
2 5 7
6 9 7
11 15 7
1 4 6
19 23 1
6 8 6
18 20 1
12 14 3
5 8 4
12 14 7
15 18 4
1 4 2
0 2 6
1 4 2
10 15 3
10 13 6
22 2 4
21 23 4
14 16 5
17 20 3
23 1 3
0 2 5
1 4 2
10 13 7
11 14 1
4 6 4
21 0 5
9 12 3
7 11 2
21 23 2
21 0 3
10 14 4
4 7 3
7 9 6
18 20 6
8 11 2
18 20 1
5 9 1
22 23 7
6 10 6
12 15 2
9 11 3
8 10 2
12 14 7
13 16 5
9 11 7
19 22 4
2 5 3
20 0 6
3 5 3
21 0 3
0 3 5
15 19 3
16 19 5
22 1 5
22 3 7
3 5 2
8 10 4
8 11 6
4 7 2
8 11 2
13 16 3
20 22 4
9 11 7
5 6 4
18 21 1
5 8 4
9 12 5
21 1 2
19 23 5
6 8 1
18 23 2
21 0 3
16 18 7
16 21 3
7 11 2
14 17 1
17 20 3
6 10 6
9 11 1
8 11 2
12 14 2
13 17 2
1 5 7
13 16 1
19 23 6
15 17 7
18 22 6
13 16 5
22 2 7
11 14 7
0 3 1
10 13 6
12 16 6
6 9 3
5 8 4
8 12 4
8 13 3
20 23 1
15 20 6
1 4 3
23 3 6
11 14 5
12 15 4
13 17 4
6 7 6
14 17 6
16 18 6
23 2 2
4 5 2
6 8 7
10 12 7
4 7 2
3 5 3
1 5 3
4 8 6
9 11 7
5 9 4
10 14 3
4 7 2
7 11 2
4 6 3
2 5 1
10 13 7
5 8 6
20 0 4
8 11 2
13 15 5
3 6 4
14 16 4
5 7 3
23 3 4
0 3 5
18 23 1
10 12 5
13 17 6
4 7 6
18 20 7
13 15 6
3 5 5
7 11 1
4 7 3
17 20 1
7 11 5
23 2 7
5 6 7
7 11 4
14 15 5
19 22 2
4 7 6
2 4 7
9 11 7
21 23 6
4 8 7
19 23 7
