1000 12
9 9 3 3 4 5 2 6 2 7 8 7 
23 2 1
7 11 5
10 14 6
14 17 10
16 19 10
19 20 9
11 15 10
22 2 12
4 7 11
9 13 8
12 14 3
2 5 6
20 23 8
3 7 2
20 23 1
20 22 9
13 16 12
23 2 4
6 8 8
17 21 1
7 11 9
17 20 6
13 17 12
7 10 11
1 2 1
14 18 3
23 0 6
17 20 1
22 0 1
8 11 10
22 2 7
8 12 8
11 12 5
22 1 3
19 22 4
12 15 1
0 3 10
8 12 11
4 7 6
18 21 5
15 18 6
0 3 10
15 18 5
5 7 9
22 1 10
11 15 8
21 1 7
2 3 10
1 4 12
13 18 7
12 15 7
13 16 11
13 15 1
5 9 1
15 18 10
20 1 10
15 18 7
14 19 4
13 15 9
18 23 11
11 15 9
23 3 10
19 21 6
7 9 12
19 23 11
14 15 12
15 18 6
18 22 12
23 3 2
6 9 4
0 3 6
13 16 9
0 4 8
9 13 5
11 13 9
4 7 7
23 2 3
13 16 10
8 12 9
21 0 2
2 6 2
14 18 3
9 11 3
3 7 11
12 15 5
16 18 8
4 5 2
15 18 8
23 1 11
8 11 9
7 10 11
23 2 12
22 2 3
6 10 9
15 16 6
10 12 9
11 15 5
17 20 8
16 19 5
14 16 9
17 19 2
0 3 7
22 0 11
5 10 3
3 6 8
9 12 12
22 0 4
11 13 7
21 3 4
5 10 6
8 11 1
1 4 10
14 18 5
10 12 7
13 16 3
10 14 11
3 7 12
0 4 9
11 13 9
15 18 9
18 23 2
9 14 4
2 7 4
11 14 6
10 14 2
8 11 1
8 11 1
3 4 2
23 2 6
1 4 4
13 16 11
6 7 4
16 18 1
22 3 11
15 19 3
5 8 7
21 2 11
16 20 1
19 22 11
8 9 6
15 19 9
21 23 10
21 1 3
22 2 2
2 4 9
1 5 5
13 17 4
23 2 10
11 15 6
8 11 12
15 19 7
20 22 4
10 12 8
21 1 11
22 0 6
14 16 2
2 4 9
2 4 12
4 7 9
7 10 3
19 23 6
6 10 6
19 21 6
20 21 4
7 9 3
7 10 8
6 9 3
7 9 12
5 9 11
10 13 7
17 19 10
16 20 8
20 23 2
20 22 12
7 11 6
14 16 3
15 20 2
10 14 7
15 19 1
16 19 8
13 17 11
22 1 3
8 11 12
16 19 3
11 13 6
10 15 5
18 23 6
16 19 5
20 22 3
20 23 3
10 13 6
19 22 9
7 9 3
10 13 1
2 4 9
1 4 3
16 19 11
22 2 2
5 8 7
20 0 9
13 16 5
22 1 8
13 16 10
0 2 11
11 12 12
20 23 8
4 8 10
1 2 4
13 16 4
18 20 8
9 10 1
9 11 12
3 6 9
6 9 2
11 13 9
3 7 10
9 11 2
4 7 3
7 10 11
13 15 12
1 6 6
0 4 1
0 4 7
13 18 1
17 20 7
16 18 5
0 2 10
20 0 3
20 22 4
13 15 10
12 16 4
20 0 3
21 23 1
23 3 1
8 12 7
13 17 1
5 10 2
7 11 7
0 3 6
2 5 8
20 23 4
16 19 11
0 1 11
3 5 9
0 4 12
6 9 8
1 3 10
7 11 6
1 4 5
12 14 11
6 11 4
13 17 6
10 13 2
7 11 9
8 12 9
16 19 7
1 5 10
3 4 12
21 0 8
16 19 2
18 21 2
8 10 4
0 2 5
4 8 6
14 18 7
9 12 2
20 23 12
18 20 3
14 18 7
3 5 11
17 19 5
21 2 5
23 2 7
10 13 4
17 22 9
15 17 6
15 19 7
19 22 4
0 4 7
8 10 7
7 10 3
3 7 2
21 23 3
1 6 8
5 8 6
18 21 4
7 10 11
7 10 1
10 13 11
17 19 9
8 10 11
3 5 11
23 4 11
3 5 2
21 22 11
6 10 8
8 12 6
7 12 5
20 23 7
4 8 3
0 4 9
8 12 4
22 1 11
21 23 5
10 14 6
13 16 4
9 13 10
14 18 12
12 15 9
10 13 4
16 19 2
16 18 8
18 21 11
1 4 6
20 0 10
10 12 1
7 10 2
2 4 12
5 6 1
23 0 1
8 9 6
0 3 3
20 0 4
16 18 1
7 10 7
0 3 1
3 5 11
17 20 1
19 21 8
0 3 7
17 21 5
20 23 6
20 23 6
15 17 4
13 14 4
21 0 10
1 5 8
7 9 12
1 6 1
1 2 6
2 5 12
8 12 8
14 17 12
0 5 2
12 15 2
3 5 10
16 19 7
2 5 3
22 23 6
12 15 8
0 3 3
22 0 11
5 6 4
7 10 11
6 10 2
10 14 9
9 13 1
16 20 4
15 19 12
5 8 4
3 4 4
0 1 2
0 3 9
5 7 3
10 14 10
20 23 7
2 7 12
19 23 7
0 4 12
7 13 4
8 10 3
0 3 3
1 3 4
2 4 8
7 8 8
18 21 10
12 17 7
3 6 12
3 6 1
17 21 10
2 3 8
16 19 4
10 13 5
12 14 12
13 16 3
0 4 4
13 16 8
0 3 9
11 15 9
13 16 12
21 0 9
0 1 3
10 12 9
0 4 11
3 5 1
5 9 12
22 0 4
19 23 2
5 6 12
23 2 9
5 7 9
3 5 6
15 19 8
7 11 11
16 20 1
3 6 1
0 5 7
1 5 8
6 10 10
23 3 3
6 9 7
10 11 2
14 18 11
19 23 9
7 11 4
6 10 10
22 0 1
1 5 3
18 21 11
0 2 2
20 23 2
20 23 5
16 18 2
3 6 7
14 16 1
18 21 11
17 18 6
18 21 5
8 11 1
14 16 3
14 16 12
15 18 9
0 2 10
11 14 2
16 18 11
9 10 4
20 22 3
13 17 8
2 5 6
2 6 10
21 0 1
21 23 12
9 12 10
6 10 7
1 4 11
4 8 10
15 18 1
2 5 1
14 16 8
5 8 8
14 17 2
0 3 5
16 18 1
18 20 9
9 11 4
15 18 4
19 22 4
14 19 11
13 16 4
0 3 1
7 10 3
4 7 9
10 14 9
1 4 2
7 10 6
17 21 1
11 14 1
7 9 5
5 9 9
23 2 2
22 1 1
8 11 3
5 8 2
20 22 3
11 13 1
1 4 6
3 6 10
18 20 7
10 14 1
15 18 1
19 22 10
6 8 3
16 19 11
20 0 2
6 8 8
20 2 10
22 1 3
23 2 9
14 17 6
21 3 6
22 1 6
0 1 1
4 6 10
19 22 10
12 16 12
7 10 12
0 4 12
16 20 6
8 11 3
0 2 4
0 5 4
20 23 6
8 11 9
4 7 7
2 5 9
10 13 8
7 9 3
4 7 5
14 17 6
5 8 10
7 12 6
16 20 10
2 6 12
22 3 4
1 5 8
10 14 3
6 9 5
14 17 6
20 0 2
3 5 10
3 5 9
6 10 3
8 12 8
9 13 11
18 22 11
8 11 8
15 19 2
4 6 7
10 14 10
11 14 7
22 3 12
7 12 5
23 2 6
6 9 7
4 6 2
1 4 7
1 5 6
10 12 6
14 18 2
18 20 11
10 14 2
9 12 7
10 13 7
9 11 3
1 4 7
17 19 9
19 0 6
9 13 12
18 23 9
4 7 7
23 2 6
11 13 7
19 22 11
6 8 11
12 16 1
16 19 6
21 0 10
18 22 12
16 19 9
4 7 8
12 16 2
15 18 2
6 9 7
0 4 11
7 8 2
14 16 5
21 23 9
23 4 7
20 23 8
6 11 4
19 22 10
16 20 3
15 17 6
0 3 4
21 22 8
0 3 2
21 23 10
6 10 7
0 3 4
19 22 2
18 21 4
7 9 10
21 0 7
12 15 2
4 7 6
5 9 3
2 6 7
13 17 3
10 11 7
22 1 4
19 22 8
2 6 8
22 23 7
0 3 12
6 9 7
23 1 2
10 15 6
17 20 5
21 0 2
1 4 12
10 11 5
10 13 12
22 23 1
5 7 11
9 11 5
16 20 9
21 21 1
17 21 9
18 22 11
2 5 7
5 7 3
16 21 8
16 19 10
22 0 11
8 10 7
8 11 10
18 19 6
1 5 5
8 11 9
1 7 3
19 0 4
21 0 11
10 14 6
22 2 7
11 14 10
15 18 12
13 17 8
17 20 2
17 19 4
11 14 9
22 1 4
23 2 3
11 14 12
18 22 5
15 18 10
20 23 12
9 12 10
16 18 7
0 5 12
3 5 1
1 3 12
23 1 2
20 1 3
22 0 9
19 23 4
15 19 9
15 18 3
8 11 6
16 18 6
16 19 12
2 5 11
5 8 3
0 3 8
20 0 10
15 17 12
9 11 5
10 14 3
10 13 8
18 22 5
9 10 11
20 21 7
14 17 12
5 7 8
13 14 11
14 17 4
3 6 11
19 22 4
8 12 12
2 6 1
14 17 5
13 16 12
18 20 10
4 8 9
12 15 9
10 15 3
12 15 5
19 23 10
11 14 7
9 12 2
11 11 11
18 21 6
14 17 8
2 6 5
12 12 1
9 12 12
6 10 8
16 18 4
9 13 1
23 3 1
14 18 6
22 1 7
9 13 10
11 13 8
22 0 4
12 17 8
2 3 4
23 1 7
18 19 12
6 9 7
1 3 6
1 4 4
8 10 6
15 18 5
11 14 2
4 7 5
15 18 6
7 10 2
11 16 6
15 18 8
10 13 11
7 9 5
19 23 4
9 12 7
21 1 7
16 20 9
15 19 11
21 1 7
10 14 10
5 8 3
4 7 6
12 14 1
19 23 6
8 11 1
23 1 7
15 19 3
7 11 4
18 21 10
16 20 3
12 14 10
12 16 5
19 21 10
21 23 8
12 16 10
23 0 3
12 14 9
8 11 4
9 13 6
8 12 8
17 21 10
19 22 4
6 11 7
1 4 3
0 3 12
16 20 3
9 12 2
16 17 6
21 0 10
5 8 6
5 11 11
1 3 10
14 18 4
1 5 8
4 6 10
22 4 8
20 22 6
2 6 5
1 6 11
14 16 9
18 20 10
20 0 3
15 19 11
8 9 7
9 12 8
19 23 4
9 12 6
14 17 9
17 20 5
3 5 8
8 11 12
23 0 8
21 0 2
6 7 9
15 19 1
2 5 11
4 8 9
17 20 6
18 22 12
0 4 12
12 16 1
19 22 11
21 0 2
3 5 5
19 23 6
1 4 7
2 6 10
8 12 1
0 4 8
9 13 3
14 14 2
9 12 7
22 1 8
17 20 3
14 17 2
10 13 9
21 21 6
20 23 9
14 16 12
2 4 8
5 8 6
21 1 3
20 22 8
1 2 4
11 13 10
10 14 10
13 16 12
11 13 9
12 16 12
23 2 8
3 6 11
2 5 3
8 11 7
19 23 12
12 15 5
20 23 11
15 18 4
10 12 5
11 15 10
7 10 3
2 4 11
15 18 11
12 15 11
2 6 5
8 11 6
1 2 12
17 19 12
6 8 10
9 12 6
23 1 4
17 19 5
9 12 6
5 8 6
19 23 9
23 1 6
22 0 6
19 22 3
11 14 7
21 23 9
18 21 10
14 15 1
17 19 3
10 15 4
9 12 10
23 1 10
23 2 1
3 6 6
18 22 2
11 16 7
19 21 12
3 7 9
16 22 12
6 9 6
7 10 11
16 17 8
2 4 4
20 23 1
8 12 9
4 9 5
10 13 10
16 20 12
8 11 7
23 2 7
10 13 2
8 12 9
9 15 11
22 2 7
19 22 8
11 16 8
18 22 7
0 1 11
11 14 7
1 5 6
21 23 3
13 15 3
8 10 3
11 15 7
20 0 10
11 13 6
3 5 10
21 1 5
1 4 6
21 0 5
13 15 11
11 14 9
3 5 11
14 15 12
1 4 10
11 14 7
9 13 4
22 0 2
5 7 3
6 8 2
0 4 3
17 20 2
9 10 7
19 22 6
6 9 8
14 17 11
10 12 1
1 4 8
15 16 12
10 14 11
1 3 5
14 16 12
6 9 3
17 20 5
15 20 11
10 14 4
12 17 9
17 19 2
16 20 1
20 23 1
13 15 10
5 8 4
18 23 8
22 1 9
7 11 6
11 12 1
2 4 7
21 0 12
18 20 11
3 6 3
10 14 4
3 6 5
2 5 11
23 2 5
19 21 2
5 8 8
20 22 1
11 14 6
7 10 7
7 12 8
16 20 6
5 7 3
21 0 3
6 10 9
21 0 8
14 16 12
16 18 9
13 14 8
21 0 3
21 23 1
20 23 5
17 21 8
18 22 12
2 5 6
12 16 1
7 9 9
20 0 8
6 9 5
17 22 10
4 7 2
15 20 9
19 22 4
15 17 2
5 7 10
5 9 1
1 3 3
12 15 5
17 21 7
19 23 9
18 22 11
4 6 5
6 9 4
21 23 3
7 10 6
2 4 2
18 21 7
3 6 11
0 3 5
19 22 12
6 7 6
2 7 11
11 14 7
2 4 11
15 18 3
7 12 2
17 21 4
10 12 12
5 6 6
16 21 4
2 5 1
21 0 4
4 7 11
10 13 5
2 5 12
9 12 2
11 13 9
15 17 9
6 11 4
17 20 3
17 19 5
6 8 4
11 15 7
4 6 5
19 20 7
20 22 12
22 2 11
0 2 9
16 18 2
10 12 12
