600 7
2 3 2 6 6 6 2 
11 15 1
7 10 5
9 12 2
14 17 7
8 11 4
17 19 5
0 3 3
22 23 4
20 0 5
22 2 2
8 9 3
0 3 3
4 6 3
14 17 1
17 19 2
2 5 7
6 8 7
5 8 5
20 23 1
11 14 4
15 17 2
5 8 5
1 5 2
6 7 5
9 12 6
6 10 3
1 4 4
16 17 1
2 4 7
9 13 1
1 2 5
1 5 2
2 4 6
2 5 2
14 16 3
14 17 3
6 9 7
22 22 4
15 18 6
9 12 3
8 12 1
19 23 4
4 6 1
10 12 5
1 3 4
7 11 6
15 19 1
22 1 1
2 4 5
0 5 4
2 4 1
23 2 1
1 4 7
14 18 7
23 2 2
13 18 2
18 20 3
10 12 6
2 3 6
14 16 2
6 8 4
23 0 2
6 9 1
7 10 2
2 4 6
23 2 3
2 5 4
2 5 4
14 17 3
17 21 7
9 11 2
8 11 3
6 10 4
2 4 6
13 15 4
17 18 6
18 21 4
8 12 6
15 17 7
9 12 7
10 12 3
20 22 2
8 11 7
15 19 7
22 0 7
9 13 2
8 12 7
5 7 5
4 5 3
20 0 3
0 4 3
12 14 4
12 15 1
10 14 3
5 6 1
22 1 4
13 16 2
4 7 3
5 8 4
18 23 7
2 5 7
23 3 1
3 5 7
10 14 5
18 21 3
20 23 5
2 5 5
10 11 5
3 6 2
14 18 7
18 23 1
6 10 1
22 2 1
19 22 1
17 20 2
23 2 5
11 14 7
16 18 2
5 8 5
2 3 4
9 11 6
2 5 4
22 1 1
5 8 4
6 9 3
0 3 5
7 9 7
23 2 3
1 3 3
2 7 4
17 20 3
2 4 6
8 9 4
2 5 3
4 7 4
21 0 6
17 19 3
23 1 7
4 6 3
19 21 7
14 18 5
4 7 2
23 2 4
3 6 2
16 18 2
2 5 2
16 21 7
18 21 2
2 5 6
6 11 5
18 21 4
4 7 1
16 19 2
10 14 3
13 18 6
15 18 7
21 0 2
13 17 3
1 4 5
10 13 2
15 18 4
21 0 7
20 22 5
4 7 3
8 11 6
0 2 6
5 8 4
13 15 3
10 12 3
20 23 2
20 1 4
1 4 6
20 0 6
3 5 4
2 4 3
4 9 4
8 13 1
3 8 6
22 1 3
8 10 3
5 9 3
3 5 4
9 13 2
16 20 7
2 5 3
18 21 7
0 5 1
3 5 3
14 17 2
13 16 5
21 0 7
9 12 2
7 9 1
15 18 4
20 23 4
23 2 1
1 4 3
4 10 5
18 20 6
10 13 6
13 17 6
18 20 7
20 21 2
18 21 4
9 12 6
2 5 3
17 21 6
17 20 2
7 9 5
12 15 4
17 19 4
3 5 6
21 0 5
14 19 3
1 5 5
7 9 5
21 0 2
1 3 4
13 14 6
22 1 1
19 23 5
14 16 1
6 10 5
17 21 6
5 8 7
7 9 1
11 12 4
15 18 3
21 1 6
21 0 6
10 11 1
20 0 2
2 2 4
19 0 5
2 5 6
3 5 2
6 10 6
11 15 6
23 1 1
17 20 2
8 12 2
6 9 4
10 13 6
18 22 1
11 14 3
0 3 7
15 17 5
4 8 3
15 19 6
1 3 1
3 6 1
10 12 5
20 1 4
9 12 1
17 19 1
6 8 7
1 5 3
21 1 5
1 5 6
1 3 6
8 10 4
13 16 5
4 8 7
0 3 7
18 23 5
10 11 7
5 7 5
10 12 2
2 6 6
17 20 2
5 8 7
12 14 3
18 20 7
9 12 7
14 16 5
9 10 2
3 6 4
10 13 2
12 15 5
6 11 6
4 7 1
5 8 2
16 19 7
14 17 7
0 4 2
10 13 6
8 10 7
8 11 6
22 23 1
21 1 6
13 17 7
8 12 6
12 15 5
2 4 5
4 7 4
19 0 2
23 2 2
15 16 1
5 9 1
21 0 7
14 17 1
3 5 4
13 16 2
6 9 5
18 20 4
15 19 2
19 22 6
7 10 1
12 14 5
21 0 6
21 3 6
17 20 7
5 9 5
7 10 7
15 19 7
11 14 6
5 8 3
17 21 6
16 17 7
12 16 5
5 6 1
1 4 7
20 23 3
23 0 6
17 20 1
14 16 5
9 12 6
3 6 7
6 8 3
6 7 7
10 14 6
3 6 2
2 6 6
20 23 1
10 13 6
16 20 1
9 12 6
11 16 1
4 7 5
9 10 7
0 3 1
10 13 3
13 15 1
2 4 6
15 18 6
21 2 2
0 2 5
20 22 4
10 15 7
14 16 5
13 13 7
9 13 7
6 9 7
11 14 1
17 20 2
21 23 6
15 18 6
21 23 4
2 4 2
9 13 6
6 10 5
18 21 4
12 17 7
17 20 1
8 10 7
16 19 2
6 12 2
20 0 3
2 4 6
11 14 1
9 13 6
2 5 1
20 0 4
16 19 3
0 4 4
5 8 5
11 16 1
21 0 4
14 18 1
3 5 7
21 0 6
13 15 3
18 20 4
19 22 7
16 18 7
0 2 2
17 19 2
3 6 5
11 13 1
8 12 2
19 20 6
0 3 6
22 3 5
2 5 6
15 15 1
14 18 6
7 10 2
7 10 5
6 10 4
14 17 2
2 4 1
14 19 7
7 10 4
21 23 6
6 9 7
17 19 7
1 4 3
16 19 7
23 2 6
15 18 5
14 16 2
3 6 4
9 13 7
14 17 1
0 4 2
0 3 5
20 0 7
4 8 5
10 13 6
17 19 3
19 21 3
12 15 3
16 19 2
5 7 6
8 11 6
22 1 5
18 21 4
5 8 2
1 4 5
17 21 4
8 11 3
7 11 7
21 0 2
18 20 6
17 19 4
11 14 4
22 23 3
18 20 6
14 16 5
10 15 3
14 16 2
1 4 1
22 3 6
7 10 2
10 13 6
11 14 7
16 18 4
19 22 3
5 10 2
0 4 6
14 17 2
12 15 4
10 13 3
16 21 1
19 23 4
6 9 2
14 17 4
9 12 5
14 18 4
18 20 2
9 11 4
22 1 6
13 16 2
12 15 7
6 10 3
9 12 7
1 2 6
9 14 4
19 21 5
12 14 3
8 10 4
16 21 3
0 3 6
9 12 7
16 20 1
3 6 4
5 7 1
7 11 7
11 15 2
7 10 7
14 15 3
3 4 7
11 13 1
3 4 2
20 23 4
19 21 1
3 6 5
0 4 6
18 21 3
12 16 2
9 12 7
5 7 2
6 8 7
16 19 2
6 10 5
21 23 2
15 16 6
9 12 3
23 1 7
2 6 1
6 7 3
7 10 5
22 2 3
9 14 6
16 20 1
23 2 3
19 23 6
15 18 2
9 13 1
10 13 3
10 13 3
8 11 4
21 2 5
19 23 1
16 19 3
18 22 4
2 5 4
10 14 2
23 2 4
3 8 1
1 4 4
12 16 7
18 21 1
0 2 6
19 23 1
1 3 6
5 8 5
9 10 2
21 0 1
14 18 2
9 10 2
4 8 4
4 7 2
12 16 6
18 18 5
1 2 7
4 7 6
17 21 4
9 12 4
15 18 4
21 0 3
12 16 2
6 8 5
13 16 1
23 2 7
14 16 7
21 21 2
1 3 6
4 6 4
10 12 2
22 0 6
5 7 3
21 23 7
16 19 1
1 6 2
17 20 5
17 21 1
19 23 2
13 15 3
11 13 7
6 10 5
16 17 1
16 20 1
10 11 7
9 13 7
1 2 6
0 3 7
15 18 4
6 8 3
16 19 2
21 0 5
6 8 3
11 13 1
5 7 1
2 6 7
19 22 6
9 12 7
10 13 7
22 3 7
6 10 7
5 7 2
13 16 7
23 2 4
10 16 4
17 19 4
7 9 2
14 18 7
22 2 3
8 10 1
21 0 3
6 11 6
19 21 5
6 9 3
19 23 2
15 17 3
1 5 2
22 1 7
11 14 2
12 14 3
1 2 7
