850 12
6 2 4 1 1 10 2 9 7 2 8 6 
22 1 1
17 21 6
13 17 5
17 20 7
19 21 12
2 5 5
15 17 11
12 15 10
8 9 11
2 6 7
22 2 10
8 10 10
9 10 3
11 15 5
9 12 2
10 13 5
8 12 6
23 2 1
5 8 11
21 23 7
10 12 2
16 17 3
12 15 12
6 9 6
15 19 8
22 1 10
19 21 10
8 9 9
6 9 2
5 9 5
14 18 5
10 13 11
4 8 8
0 3 6
20 23 4
14 18 10
13 16 1
21 0 3
2 6 10
19 21 9
5 8 8
23 2 10
22 1 1
7 11 8
23 1 4
21 0 5
16 17 2
5 9 1
19 21 3
12 16 1
2 5 9
1 5 10
6 8 2
20 0 11
13 17 2
6 10 4
6 9 11
10 16 12
11 13 10
14 17 11
7 9 8
3 6 11
8 11 6
20 23 12
5 8 5
8 11 12
20 23 2
10 13 12
10 14 1
23 2 8
13 17 10
16 18 10
3 6 7
9 10 6
19 22 5
22 2 4
18 22 1
20 23 5
17 22 9
3 7 12
0 1 11
5 8 6
5 8 12
4 6 12
1 3 8
14 17 6
9 11 2
15 17 4
11 14 8
1 5 11
5 9 5
20 23 3
6 9 6
2 6 7
1 5 3
17 20 9
20 23 11
16 19 10
17 18 8
2 5 10
16 16 5
13 17 1
3 6 8
8 9 4
0 3 7
15 17 3
13 14 5
2 4 8
22 0 2
13 17 1
20 23 10
4 7 11
23 1 2
16 20 11
2 6 8
19 22 1
0 2 4
22 0 5
20 23 4
8 9 12
3 7 5
9 13 8
13 16 9
20 0 4
23 2 5
4 8 9
18 22 8
23 2 5
6 9 10
21 1 5
16 19 11
7 9 10
12 14 1
16 19 8
4 7 2
8 12 10
8 10 5
6 8 6
17 19 10
0 2 12
14 16 12
16 21 2
17 21 3
20 0 1
17 20 3
0 2 8
8 12 11
21 1 12
2 6 5
21 0 5
4 7 8
9 10 3
2 4 4
13 16 10
20 22 1
10 16 9
14 18 7
22 3 8
21 1 5
6 9 9
17 19 7
15 17 10
1 4 5
16 20 3
17 20 1
1 1 10
4 6 11
4 6 10
12 13 10
8 10 1
14 16 8
16 19 9
14 16 10
6 9 6
8 11 1
20 0 8
19 21 3
17 19 7
16 18 3
3 5 9
13 16 4
14 19 10
16 18 7
12 15 10
20 0 2
17 19 3
4 8 5
18 20 2
5 9 9
12 14 7
4 8 4
0 3 3
15 18 4
13 17 5
4 7 8
0 3 2
5 8 9
18 20 12
6 9 10
5 7 12
9 13 6
0 3 1
14 18 11
9 12 1
12 16 2
14 15 11
3 7 2
7 8 9
5 7 4
8 12 1
15 20 9
15 17 2
20 0 3
21 1 12
21 23 12
22 2 2
23 2 7
21 0 8
18 23 7
12 15 3
22 0 2
18 20 3
1 4 3
22 0 4
0 3 10
0 2 8
7 9 10
16 20 9
18 21 6
7 11 12
5 8 8
3 5 3
12 15 6
11 15 10
3 8 6
17 19 8
5 10 6
19 22 11
14 18 4
3 6 9
19 22 3
3 7 8
21 23 5
23 1 5
22 1 7
1 5 2
10 15 1
17 20 10
2 5 3
13 15 6
2 5 5
10 14 1
16 19 4
13 17 3
19 22 4
22 1 12
2 4 10
20 0 1
20 22 10
15 16 6
12 15 3
7 10 6
3 6 12
20 23 2
4 6 5
0 4 9
18 21 5
18 22 10
13 14 12
18 22 7
12 15 5
2 5 12
13 16 2
4 6 3
0 4 4
14 17 11
10 12 4
4 7 1
11 15 5
16 19 12
23 2 1
10 13 10
0 2 12
17 21 1
12 15 6
1 2 7
10 12 10
22 1 2
21 0 8
22 1 4
2 5 10
9 12 5
13 16 1
17 21 12
1 4 9
5 9 3
18 23 9
0 3 10
5 9 1
9 11 11
2 5 2
12 17 8
4 6 9
18 21 7
18 22 12
10 13 7
11 14 2
23 2 5
17 18 5
20 0 12
7 10 6
12 16 7
21 22 9
1 4 9
14 18 9
5 7 6
9 10 5
6 8 9
18 22 3
0 4 7
1 4 11
15 20 10
23 2 2
10 15 5
9 12 3
20 23 7
11 15 5
2 5 6
17 20 3
3 6 10
13 15 5
9 11 2
7 9 4
10 11 10
19 21 4
21 0 2
6 8 8
19 23 1
1 4 10
21 1 10
4 6 10
12 15 1
2 7 11
21 1 5
4 6 5
11 14 11
5 8 5
17 19 2
21 0 9
9 11 8
8 12 10
21 22 6
1 3 10
7 10 4
3 8 2
13 17 1
23 2 8
18 20 8
10 13 11
12 14 10
0 3 2
16 20 12
7 10 7
3 4 6
11 14 6
3 7 3
0 4 11
20 23 4
12 15 7
15 18 8
6 10 6
2 6 12
18 22 2
13 15 12
1 5 10
14 16 2
4 8 6
7 10 11
9 12 6
22 0 3
7 11 11
16 20 9
2 6 11
12 16 2
23 2 9
12 15 3
11 15 12
14 18 7
0 2 8
4 6 4
9 14 6
22 1 11
18 22 10
1 5 5
8 11 9
14 16 1
14 20 4
10 13 12
2 6 1
8 10 4
16 19 1
20 0 1
22 1 12
11 15 3
18 23 6
20 1 11
9 12 4
7 8 1
6 6 12
23 0 11
12 13 1
15 17 1
16 20 5
18 21 3
15 16 1
19 22 7
1 6 1
18 21 9
6 8 12
16 18 7
23 2 11
8 12 2
7 10 6
9 13 5
9 13 6
6 9 3
7 10 10
11 13 3
3 7 3
7 8 9
0 5 2
18 21 5
22 1 7
22 3 4
1 2 2
7 11 4
18 21 12
13 17 2
2 4 4
17 20 9
14 16 5
5 9 8
22 2 4
3 6 4
5 9 3
21 23 2
5 7 11
5 8 4
8 11 8
0 4 3
17 20 5
18 21 7
10 13 4
12 15 10
11 14 1
3 6 6
6 8 7
11 14 8
8 11 12
19 21 11
8 12 12
0 4 1
15 20 5
4 8 6
18 21 5
18 22 2
11 16 2
5 8 7
23 2 12
12 15 4
17 20 2
5 9 3
1 3 5
8 10 8
8 12 1
4 7 3
21 2 7
22 1 12
1 6 8
11 14 5
18 21 2
8 11 6
17 19 12
15 18 1
7 9 9
12 15 2
5 9 3
21 0 10
20 22 3
5 8 4
10 13 6
18 21 12
1 4 8
21 0 3
21 2 3
23 4 7
21 0 6
1 4 11
2 4 9
0 2 11
4 8 6
9 14 1
3 5 4
1 3 10
4 6 6
9 13 1
22 0 1
9 12 4
14 15 1
1 4 7
11 14 11
19 21 1
21 1 1
12 15 2
3 4 1
11 13 4
17 19 4
10 12 9
7 11 8
14 18 10
21 2 10
3 6 2
13 16 1
3 6 1
1 4 4
14 17 11
9 12 8
9 12 4
21 22 12
10 13 8
13 15 4
10 15 9
1 5 1
20 22 12
7 10 9
16 20 8
18 20 8
11 14 10
6 9 8
2 5 10
5 8 8
0 2 10
9 12 11
7 11 3
23 3 8
12 14 5
6 10 5
17 19 9
15 17 3
11 15 2
9 13 3
7 11 10
2 6 2
15 18 1
10 13 4
11 16 3
23 2 7
3 5 2
17 19 7
1 3 11
10 13 9
11 14 5
1 3 1
13 17 5
21 0 9
14 17 10
9 12 4
20 0 6
17 20 1
10 13 1
18 20 1
19 23 9
14 17 9
3 6 5
23 4 11
5 7 9
19 23 10
16 19 4
12 15 3
14 17 1
12 15 9
1 4 5
5 8 8
6 9 7
22 2 7
22 1 12
1 4 1
1 3 8
0 4 10
15 18 11
2 5 6
3 6 6
4 7 1
12 14 1
22 1 12
23 3 10
11 14 12
15 19 2
16 19 12
19 22 3
22 2 1
4 8 5
22 0 7
2 6 8
16 22 2
7 9 2
19 20 9
15 18 8
21 0 9
0 5 2
20 22 12
1 3 2
21 0 6
4 7 5
10 11 2
12 16 11
16 20 4
10 14 10
5 8 6
14 16 3
0 2 9
15 17 1
15 17 9
10 13 11
6 10 1
6 10 12
9 14 10
9 10 4
17 22 12
0 2 10
1 3 11
13 16 4
1 5 5
3 5 7
16 19 9
4 6 4
13 16 2
5 7 6
17 20 11
4 6 6
17 20 9
6 8 8
4 8 8
0 3 7
2 6 12
16 20 11
23 2 7
15 18 5
0 4 10
1 5 5
14 17 8
10 14 11
21 23 9
13 16 7
19 20 11
13 16 2
5 8 3
23 1 7
4 9 12
10 12 11
22 0 11
18 21 6
12 16 3
17 19 7
4 6 2
18 20 6
4 8 8
6 9 12
16 18 4
0 4 2
19 22 8
23 3 2
7 10 8
14 18 11
12 16 5
17 20 12
18 21 1
0 2 11
9 11 1
4 9 7
22 1 6
19 21 9
2 5 2
23 1 1
8 12 7
19 22 1
6 10 2
7 11 5
16 19 3
7 12 11
6 10 9
19 22 9
2 6 8
7 9 10
11 15 11
13 15 8
21 0 11
23 3 10
5 8 3
15 18 1
16 20 4
5 7 8
6 8 6
3 6 3
19 20 10
22 2 5
22 2 9
23 3 7
14 17 6
20 22 4
19 22 11
11 15 9
1 4 10
4 7 11
3 6 10
18 22 2
17 22 7
18 22 2
16 19 12
21 2 2
12 16 8
0 4 9
5 8 4
8 12 7
16 18 7
10 13 8
8 10 4
0 3 3
3 5 2
2 6 8
8 12 2
12 15 10
22 1 6
7 9 7
18 22 5
9 13 3
13 16 10
16 20 5
4 6 11
11 14 12
18 20 3
20 22 12
9 13 3
16 18 10
19 21 2
13 15 10
5 7 10
0 5 11
16 20 1
18 20 10
5 10 9
19 22 6
11 13 12
22 0 11
5 7 11
1 5 12
5 6 9
16 18 8
1 3 2
9 12 9
2 4 2
14 17 7
10 14 10
7 10 5
23 1 9
22 0 3
14 17 5
2 5 6
19 22 4
2 4 6
7 11 3
0 3 10
14 16 5
6 9 12
2 4 5
20 23 2
19 23 1
10 14 8
12 16 3
13 17 8
23 3 12
20 0 3
22 1 12
14 18 3
19 21 5
14 15 7
16 20 2
9 12 5
18 20 7
17 21 5
0 3 8
9 13 1
0 2 2
15 18 3
4 6 1
15 19 5
16 18 4
13 17 6
7 10 2
0 3 3
1 4 3
14 18 12
4 8 6
23 4 1
16 18 7
12 16 12
10 13 7
0 3 1
5 8 2
4 6 3
19 23 8
12 16 2
7 10 12
17 21 4
6 10 1
19 22 11
23 4 4
18 20 2
16 18 2
7 10 10
6 10 10
7 10 7
16 21 1
13 16 11
3 5 5
18 22 9
5 9 5
22 0 8
8 10 4
7 12 7
22 0 3
13 15 7
8 12 11
13 15 12
1 5 11
2 5 4
20 23 10
14 19 8
8 11 6
13 17 4
17 19 2
9 12 8
9 11 1
2 5 12
19 21 1
19 22 6
8 11 10
14 18 9
7 9 11
21 23 1
