300 11
10 2 5 10 10 2 6 1 10 1 8 
15 19 1
14 16 6
15 17 9
6 10 11
18 22 3
22 1 6
7 11 9
5 8 6
17 19 10
6 10 5
19 20 4
12 14 11
20 23 7
4 6 5
9 12 10
21 23 5
15 19 4
13 15 5
23 3 7
17 20 3
9 11 8
19 21 8
6 9 4
1 4 6
0 4 5
15 18 6
21 0 6
9 10 6
4 7 9
10 14 4
15 19 4
2 5 10
7 10 1
8 11 10
18 23 5
1 3 2
9 12 1
7 8 1
18 22 7
22 3 5
22 2 8
3 6 4
20 1 11
5 7 10
5 7 2
21 2 4
13 16 11
4 6 3
13 17 8
7 11 2
19 21 1
0 3 8
0 2 1
5 7 5
12 15 4
20 22 10
2 5 11
18 21 6
3 6 6
13 15 11
10 14 8
16 19 5
11 14 5
14 18 4
12 14 11
4 5 7
14 17 9
14 17 7
23 3 4
2 7 9
8 11 3
11 14 5
20 0 1
9 12 1
18 23 2
20 21 4
9 13 6
4 7 6
11 14 1
23 1 5
12 15 6
21 0 1
11 11 6
22 0 3
4 6 8
12 15 5
17 21 11
4 8 6
20 23 5
22 23 9
12 17 10
10 13 7
15 19 11
22 1 11
4 8 5
23 3 9
23 0 5
7 10 10
9 12 8
19 23 2
8 11 9
20 1 5
17 19 1
14 17 7
3 3 5
6 12 4
2 6 10
2 5 2
0 1 2
15 18 6
12 14 2
5 9 10
8 9 5
17 20 7
2 4 9
23 2 8
14 18 10
5 8 9
11 15 11
6 9 2
12 15 4
14 16 3
9 11 1
23 4 1
4 9 11
7 9 3
10 14 4
4 9 4
19 23 6
5 9 6
4 7 8
21 0 7
12 14 3
0 1 9
9 13 2
21 23 4
5 8 2
1 4 3
1 4 11
11 17 6
9 12 11
2 5 8
16 19 8
12 14 6
15 17 8
1 4 11
14 18 11
16 19 10
1 3 2
22 1 8
17 20 6
22 1 7
13 16 10
4 8 1
16 20 2
22 0 5
8 10 3
0 4 6
16 21 11
16 19 2
18 21 8
9 10 4
1 4 6
19 23 6
17 19 7
8 11 1
6 9 3
8 11 3
23 3 9
6 8 5
1 4 10
4 7 2
10 12 9
3 4 10
7 7 2
23 0 5
14 16 4
0 3 9
12 15 1
2 4 8
20 0 2
11 14 11
22 0 3
22 2 5
23 2 2
12 16 4
2 6 3
21 23 7
7 10 5
19 22 2
10 13 4
17 20 8
6 8 1
11 14 5
16 18 11
9 13 6
10 13 4
0 3 9
5 9 3
11 13 2
8 11 3
6 8 4
1 4 3
15 16 6
4 7 4
16 20 10
13 16 6
8 11 4
0 3 1
23 2 8
6 9 5
12 14 4
10 13 7
0 5 10
11 14 3
12 17 9
0 4 11
15 19 8
15 17 8
10 14 1
19 22 3
22 1 11
15 19 7
13 16 2
21 0 2
0 2 4
13 15 3
14 16 6
18 21 11
21 23 7
2 5 6
23 1 11
9 11 8
8 10 6
2 5 5
2 6 3
4 8 8
23 1 9
13 17 2
4 7 11
4 6 7
17 20 11
16 18 11
17 21 4
15 19 11
18 20 7
13 17 9
22 2 7
6 10 10
22 0 10
3 6 11
15 17 2
6 10 10
5 6 3
9 10 7
8 10 10
20 0 11
17 21 2
12 14 1
16 18 4
21 0 1
18 21 4
21 21 6
14 18 4
22 0 1
13 16 5
20 23 10
4 6 9
2 5 10
7 9 5
23 2 4
19 23 9
8 10 8
1 5 6
0 3 4
2 6 8
23 1 4
20 0 9
15 20 9
14 16 6
8 11 2
15 18 3
8 11 10
12 16 3
22 0 11
23 3 11
12 12 10
13 17 7
6 7 7
21 23 10
7 10 1
13 15 3
14 17 1
12 14 6
16 19 10
11 15 2
5 8 5
17 20 2
3 4 2
8 10 11
