250 8
3 2 10 7 4 6 7 9 
23 0 2
6 10 7
7 10 1
7 9 1
17 21 7
13 13 3
17 19 4
11 13 1
16 18 5
11 14 2
1 5 5
2 5 3
8 11 7
15 16 7
12 16 7
20 23 8
7 10 2
13 18 2
23 3 5
11 14 2
18 21 7
12 15 4
16 18 3
17 20 5
4 7 3
15 18 7
12 15 6
20 21 3
21 2 6
5 8 7
1 3 7
13 16 3
2 7 8
23 3 7
15 18 7
16 20 8
10 14 8
13 16 1
20 23 3
14 17 7
23 1 6
15 17 6
9 12 2
7 9 6
20 1 1
16 20 5
23 2 6
16 17 3
18 22 5
23 1 7
3 6 4
5 8 7
1 6 6
20 22 1
5 7 3
7 10 6
6 9 4
16 19 6
18 22 1
2 5 2
19 23 6
2 6 7
23 1 7
9 13 6
5 9 7
16 19 3
7 11 7
9 15 4
19 0 2
0 4 3
22 2 3
7 11 8
14 16 8
13 15 2
21 0 1
17 21 1
11 14 5
19 21 2
23 1 2
9 14 2
21 1 2
2 5 5
22 1 8
8 12 2
6 9 3
16 19 7
13 16 3
13 15 8
8 9 4
9 12 3
2 6 7
3 7 7
19 22 8
0 4 7
11 14 3
12 15 4
6 7 5
23 3 5
13 16 5
21 0 7
13 14 1
20 0 8
19 0 4
3 5 8
14 16 5
22 1 2
8 10 8
13 16 7
1 4 1
19 22 6
6 11 4
23 2 5
5 9 5
6 8 3
14 17 6
8 12 4
4 8 6
20 21 5
12 14 2
23 2 4
18 19 7
7 11 5
17 20 7
15 19 6
12 16 1
13 16 5
10 14 8
22 2 5
14 17 7
10 13 8
16 19 3
13 16 1
17 19 7
11 14 7
14 16 8
13 17 1
17 20 3
17 20 4
8 10 5
5 9 6
17 19 6
2 3 8
7 9 4
6 9 1
7 10 3
14 17 6
6 9 3
15 17 3
19 23 4
10 12 3
16 19 3
21 0 3
12 14 1
2 6 5
14 17 6
23 2 7
16 18 6
15 18 7
7 8 6
7 10 5
21 1 5
12 16 2
23 1 1
6 9 2
5 8 2
21 0 8
21 0 4
20 22 5
7 9 3
19 1 4
2 4 1
23 1 4
11 15 2
17 19 4
10 12 1
0 2 6
0 1 5
23 1 5
14 18 1
6 8 5
20 22 1
3 6 8
22 2 3
22 2 7
14 17 3
5 7 4
12 14 6
23 3 2
19 22 5
2 4 5
11 16 7
18 22 4
10 13 4
14 18 8
4 7 7
1 4 5
12 17 6
4 6 1
7 8 6
2 4 7
13 17 3
15 18 5
15 20 5
8 9 2
22 1 8
10 13 4
12 15 8
20 22 8
6 9 8
18 23 3
1 4 3
19 21 7
16 19 2
5 7 3
6 11 5
9 13 6
7 11 8
15 16 5
17 19 6
1 5 5
5 9 1
11 14 1
8 13 2
9 12 1
18 22 5
6 9 7
10 11 1
10 14 6
8 11 8
15 15 3
12 14 6
7 11 6
13 14 3
20 22 4
6 10 3
22 1 8
4 7 8
6 9 6
7 11 7
17 20 8
22 1 6
22 0 6
2 6 8
12 16 8
6 9 8
18 20 1
19 23 7
2 4 6
7 9 8
15 18 7
