400 12
4 5 1 4 3 2 3 1 5 7 10 3 
17 19 4
3 6 9
1 6 5
9 13 11
9 12 4
3 6 8
20 22 9
17 19 6
11 14 11
18 20 12
7 9 6
6 10 9
4 8 12
1 5 4
11 13 10
10 12 5
6 9 5
11 13 2
22 2 5
2 3 6
11 14 2
16 19 5
9 11 4
2 4 7
15 18 1
9 14 9
7 10 11
10 13 5
2 6 1
19 23 2
10 14 6
23 1 10
9 12 5
17 20 4
6 10 10
23 1 11
2 7 6
22 1 5
9 13 7
8 8 6
20 23 2
6 8 8
2 6 1
1 5 2
7 10 6
6 8 9
13 17 6
0 4 8
0 3 6
8 11 5
23 3 8
11 14 3
23 2 9
18 19 12
13 15 7
17 19 7
15 18 1
19 22 6
19 23 11
6 9 11
1 4 7
2 6 2
11 16 10
1 2 7
18 19 9
15 16 3
17 21 6
3 5 7
0 2 6
5 8 10
19 21 10
8 12 5
3 7 11
0 3 9
10 11 12
16 18 2
8 9 4
7 10 6
13 14 1
1 5 12
12 13 5
16 19 8
3 5 12
19 21 11
21 0 2
0 3 5
10 12 12
4 7 7
0 3 8
22 1 1
20 1 1
23 2 9
12 15 3
19 23 1
18 21 3
8 13 10
10 14 12
19 23 10
4 8 5
22 1 11
14 16 11
14 17 7
5 10 6
5 7 8
10 13 11
17 19 10
6 8 8
15 18 3
2 5 6
20 0 7
13 16 9
8 10 2
13 14 3
2 5 11
20 22 11
13 18 5
21 0 5
13 15 6
7 9 5
19 22 1
5 7 9
20 22 11
17 21 9
23 2 4
3 5 4
2 4 1
6 11 11
0 4 11
1 5 1
7 10 4
21 0 8
5 7 3
6 9 9
10 13 1
20 22 4
10 13 10
13 16 11
13 15 12
11 15 4
23 2 5
8 11 12
19 23 11
2 3 12
22 1 9
3 6 10
5 9 11
12 15 1
2 7 11
19 22 11
15 19 12
21 1 12
17 21 10
16 19 4
21 0 8
17 19 6
4 7 11
0 4 3
0 3 3
11 14 5
23 3 6
23 3 11
14 17 9
18 22 5
18 0 8
20 23 10
16 18 9
13 15 9
8 10 11
19 21 7
1 4 2
4 9 3
13 18 7
23 1 4
12 15 4
23 1 8
18 21 11
6 9 7
3 6 3
15 17 12
10 10 1
6 8 9
15 17 1
23 1 6
2 5 1
17 19 11
21 0 7
17 21 2
4 6 5
17 20 5
20 22 1
10 13 10
13 16 3
15 17 3
4 8 5
1 3 6
9 12 1
20 22 2
4 7 11
17 20 7
2 6 8
21 23 1
0 4 9
5 7 11
23 3 8
2 5 11
16 17 11
17 21 11
4 8 5
14 18 9
20 23 3
18 21 4
17 20 11
3 5 2
17 18 9
0 3 12
5 7 11
13 15 8
1 4 10
2 6 2
5 8 11
0 4 6
9 10 2
19 22 2
14 18 4
2 5 8
2 5 8
8 11 8
14 16 11
17 18 6
22 1 8
5 10 5
18 22 5
21 22 10
22 1 4
18 21 11
10 13 8
1 4 10
10 12 2
17 18 5
14 16 8
3 4 3
22 2 9
15 18 3
19 23 2
12 17 3
6 8 4
21 1 6
6 7 8
12 14 8
23 2 5
17 20 10
17 20 8
0 3 6
18 20 4
13 15 9
8 11 5
4 7 1
11 14 5
6 9 12
10 13 1
23 1 12
11 12 1
9 11 5
16 17 1
4 5 10
14 18 2
11 14 8
0 5 9
10 13 9
17 20 6
3 7 8
9 11 12
13 18 10
15 17 6
3 6 3
15 19 8
6 9 7
20 23 12
1 4 11
13 17 4
10 13 3
0 3 12
22 1 6
3 6 5
10 14 12
3 6 4
6 10 4
13 14 4
3 4 4
23 2 1
21 1 12
10 12 8
8 9 12
10 13 9
19 22 11
15 18 11
17 19 3
4 8 1
12 16 1
3 5 9
12 16 7
5 7 12
13 16 1
10 12 6
12 15 7
22 0 8
8 12 9
8 12 8
17 21 4
20 22 9
18 20 2
1 5 9
21 23 11
11 14 7
13 15 7
1 6 12
9 12 11
18 21 11
13 16 12
11 13 8
12 16 1
3 6 9
20 23 9
0 3 1
0 3 2
16 19 9
20 23 6
15 18 5
2 5 9
3 6 9
3 5 1
21 0 7
12 14 11
0 3 10
12 15 3
22 0 3
11 13 8
17 21 8
1 5 6
17 21 8
17 20 9
23 1 2
22 1 1
5 8 8
5 7 7
14 18 1
6 10 3
9 12 8
23 3 8
0 2 7
7 12 5
12 14 1
2 6 12
22 1 11
20 23 1
3 6 1
2 6 6
19 21 12
0 3 12
5 7 2
6 10 12
20 23 2
15 18 4
6 9 9
19 22 2
7 10 11
19 22 8
11 14 11
8 11 3
21 0 2
22 2 3
15 18 9
14 17 6
9 13 6
15 18 8
13 17 5
22 2 6
9 13 6
6 9 6
2 6 8
2 5 3
23 4 7
16 19 3
23 1 11
16 20 11
1 5 11
7 11 11
22 3 8
2 6 2
0 4 11
20 21 4
22 1 10
19 23 5
8 11 2
12 14 7
19 21 5
2 4 9
21 0 1
7 10 1
17 20 10
