700 7
10 8 2 2 2 4 10 
22 2 1
22 0 6
15 18 4
7 11 6
5 8 7
14 16 4
12 13 5
5 9 5
10 11 2
18 22 1
19 22 7
3 7 6
10 11 1
7 9 6
6 10 1
4 7 2
14 18 5
1 4 4
2 4 3
4 8 2
16 19 7
2 5 7
2 5 7
10 13 2
12 14 1
23 3 3
16 19 5
17 20 1
9 11 3
6 10 5
22 2 6
22 1 2
11 14 5
16 20 6
23 2 2
2 6 3
9 11 7
19 23 5
19 22 3
9 13 5
3 5 3
14 18 1
17 23 2
1 3 5
12 14 6
8 12 1
14 18 4
8 10 5
8 13 3
6 9 7
19 22 1
4 7 2
19 21 6
18 23 2
10 12 3
17 17 1
22 1 1
21 1 4
6 9 5
16 18 7
4 8 6
13 16 2
13 17 4
15 18 6
20 0 3
17 18 2
11 14 4
10 14 3
7 10 1
4 7 7
18 21 1
5 6 5
22 1 4
7 11 7
12 16 7
0 2 1
13 16 4
13 15 5
23 2 6
4 7 7
6 8 5
22 2 5
18 22 5
12 14 7
20 0 5
0 4 3
1 5 7
7 10 4
16 19 7
16 19 7
16 20 6
17 22 4
13 16 3
10 14 2
8 12 3
4 8 1
15 19 5
7 10 6
14 17 6
2 6 5
3 7 7
10 13 3
16 20 2
9 11 1
19 23 7
21 23 2
10 14 4
2 5 3
15 17 1
8 10 4
20 23 1
12 14 5
19 22 7
1 3 6
21 0 7
14 18 2
17 20 7
7 10 3
10 12 1
5 7 3
7 10 6
3 6 4
16 21 7
23 2 4
15 18 3
4 6 7
14 17 2
21 23 6
13 16 6
0 3 7
17 21 6
21 1 7
6 9 3
20 23 6
22 1 3
14 17 7
18 22 1
11 14 6
19 22 2
15 17 5
23 0 6
9 12 5
23 1 3
22 2 4
9 12 7
20 23 1
16 19 5
16 19 7
11 15 6
20 23 7
12 15 6
18 22 4
21 0 6
4 8 3
16 18 7
7 10 6
4 6 4
7 9 5
12 15 7
5 8 3
0 1 6
2 6 1
12 14 4
6 11 3
2 5 3
6 9 4
21 23 5
12 16 4
14 20 1
2 7 6
15 17 2
14 19 7
2 4 1
6 10 4
15 19 6
9 11 6
3 5 5
17 19 3
23 3 1
9 11 5
16 20 6
23 2 5
7 10 5
9 12 7
0 3 2
19 21 4
17 19 4
7 10 4
1 4 6
2 5 5
22 2 2
9 12 2
6 12 2
17 20 6
4 8 4
16 18 6
4 7 3
16 19 1
10 16 2
8 11 6
16 19 1
12 15 5
2 6 4
1 5 2
13 16 4
21 1 1
7 11 1
15 18 4
23 2 5
11 14 4
20 23 6
1 3 7
17 21 7
11 12 6
20 23 6
5 9 1
15 17 4
18 22 1
4 6 6
5 9 1
19 0 5
21 0 3
23 4 5
17 20 1
5 8 1
9 11 2
10 12 3
8 11 2
18 20 2
2 6 3
23 1 2
23 1 4
20 23 3
6 8 3
11 16 5
6 9 3
9 13 2
3 5 6
14 18 5
6 10 1
17 18 3
5 8 4
20 22 3
6 11 5
19 0 7
2 5 4
10 12 1
1 5 3
6 10 3
7 10 5
0 2 1
15 21 6
12 15 4
15 19 3
4 7 3
17 20 4
13 17 3
11 15 5
3 5 1
15 15 7
20 23 4
14 19 1
8 11 7
12 16 6
13 14 2
7 10 7
3 6 6
11 13 6
14 18 1
19 21 2
2 7 7
11 15 4
18 22 2
12 14 6
1 4 2
0 4 4
0 0 1
12 17 5
15 18 1
23 4 1
16 19 4
17 21 4
10 13 6
0 2 4
17 19 6
10 14 2
18 22 3
3 8 6
8 11 7
23 2 3
13 15 6
3 7 6
14 19 6
4 5 6
20 19 5
4 9 2
22 1 2
4 6 7
10 15 7
5 10 4
20 0 5
6 8 6
14 16 4
0 2 4
18 22 3
4 7 2
5 10 5
7 10 3
22 1 3
0 3 2
18 22 3
7 10 5
19 21 3
4 8 6
7 10 5
23 0 2
10 13 6
10 13 3
21 0 7
7 8 7
4 6 6
10 14 5
22 1 6
1 4 6
4 6 2
6 10 3
14 19 4
15 17 7
0 3 3
4 5 2
19 22 1
14 16 5
23 4 1
23 2 7
0 4 7
1 5 4
3 5 6
3 4 3
14 19 1
20 0 3
21 1 5
17 19 2
12 16 1
18 21 4
1 4 7
10 12 1
9 12 1
7 10 7
2 5 7
15 18 7
19 21 7
20 0 5
11 14 7
18 21 5
8 12 4
22 1 4
12 15 7
0 4 7
18 20 2
16 18 5
23 2 6
1 4 6
14 18 2
12 14 1
0 3 4
6 8 5
22 1 7
2 3 1
15 17 1
4 6 3
23 1 7
17 19 3
14 17 2
15 19 4
23 3 5
19 22 1
14 16 2
8 12 1
13 16 1
17 19 4
2 5 5
10 10 7
4 8 1
12 14 7
15 17 7
15 20 4
8 11 2
22 0 4
19 23 3
1 4 3
23 2 1
15 18 3
1 5 4
17 20 6
21 23 6
10 12 1
1 5 4
7 10 6
9 11 3
11 15 5
23 3 1
2 5 5
6 8 7
22 1 5
13 14 2
14 18 6
1 4 6
1 2 6
15 18 3
15 17 1
14 17 5
5 7 1
18 19 4
2 6 1
5 8 3
9 10 5
4 5 6
1 5 3
8 11 3
1 3 4
1 1 7
6 8 6
10 12 5
3 6 6
14 16 5
19 23 3
13 14 1
1 3 2
23 1 6
15 17 4
17 19 7
23 3 5
12 15 3
11 14 4
19 22 5
2 5 3
10 12 5
10 13 6
0 4 3
22 1 6
16 18 4
8 10 1
14 16 3
14 19 4
6 10 5
9 12 3
3 6 6
23 2 3
13 15 7
19 23 4
14 14 1
12 14 2
1 3 1
19 23 7
10 13 5
4 9 3
3 5 2
19 22 1
19 22 3
6 9 3
20 22 3
0 4 3
4 8 3
23 2 4
16 19 3
8 11 2
8 10 2
18 21 6
23 3 3
21 1 1
6 8 4
2 5 3
14 18 4
17 20 4
4 7 7
9 13 3
8 11 1
21 0 2
17 21 5
0 3 6
0 2 4
17 19 3
2 7 6
2 7 2
22 0 4
12 16 1
17 19 1
14 18 2
6 8 5
20 23 6
7 10 3
16 21 4
18 23 4
9 14 7
21 0 4
12 15 1
18 20 5
17 21 5
4 7 1
1 5 3
14 18 2
3 7 5
19 22 3
9 13 7
23 1 1
9 12 7
7 11 4
19 21 1
1 3 5
11 14 4
5 7 3
21 1 4
9 12 1
18 20 1
11 15 3
22 3 6
0 3 5
20 0 7
6 6 5
1 4 3
8 11 5
10 13 4
10 12 5
17 20 1
10 13 4
22 1 7
16 19 2
10 13 3
9 12 7
20 0 6
11 14 5
10 15 2
21 0 7
12 15 1
13 17 1
17 19 1
21 23 4
14 17 2
1 4 5
2 6 5
11 13 5
10 13 6
21 2 4
6 9 4
11 12 4
11 14 7
12 15 1
3 7 5
16 19 7
10 12 6
10 13 7
8 11 6
5 9 2
1 5 1
16 18 4
7 11 6
9 14 2
0 4 4
12 16 3
6 9 7
12 15 2
2 5 6
21 1 5
16 19 1
15 17 6
6 9 1
4 6 4
8 12 4
7 9 2
19 22 7
16 18 6
21 22 1
10 14 4
3 4 7
18 20 1
20 23 1
19 22 5
3 6 7
7 12 7
21 0 6
3 5 6
10 13 3
9 12 4
14 17 1
20 0 2
10 14 4
0 4 1
23 2 2
22 3 5
18 0 2
4 8 3
9 12 2
18 22 4
15 17 1
11 13 4
22 1 6
2 6 6
7 10 3
15 19 2
19 22 4
7 10 2
18 22 5
22 1 1
3 6 1
0 2 5
8 10 1
21 1 6
14 16 2
11 14 2
23 4 4
1 3 1
3 8 7
13 16 1
5 7 4
10 14 1
17 20 6
5 9 2
22 22 3
18 21 1
15 17 2
3 6 1
18 21 3
8 11 3
21 1 6
14 18 1
5 8 5
16 19 1
12 15 6
13 18 1
16 19 7
4 7 2
4 8 1
8 12 7
12 15 4
22 2 5
12 14 1
9 10 3
16 17 7
9 13 2
3 6 3
16 19 4
0 2 4
12 16 7
23 3 1
7 9 4
7 10 5
1 4 1
23 2 7
23 1 6
2 7 1
22 0 1
5 8 4
1 4 7
23 1 4
4 7 1
3 6 3
5 9 1
21 1 3
3 4 3
16 18 2
3 6 7
7 10 1
17 20 1
3 5 7
19 20 2
14 16 3
1 4 2
22 2 2
17 20 1
16 20 7
17 20 7
19 21 5
2 5 1
5 8 7
17 21 5
6 8 5
4 8 7
13 15 6
10 13 7
17 22 6
10 12 6
16 22 1
15 18 1
23 1 5
15 19 3
5 9 2
8 12 2
12 13 4
16 20 1
15 17 6
21 0 5
23 2 6
20 23 6
8 11 7
11 15 1
3 7 1
9 13 6
7 9 2
22 0 7
9 12 2
