500 11
9 5 9 9 8 3 6 7 6 9 1 
2 5 10
18 23 1
19 23 4
18 21 1
0 3 9
23 2 11
17 20 3
2 3 11
14 19 9
0 2 9
18 20 9
17 20 10
9 12 2
17 20 2
7 10 11
2 4 3
15 17 3
11 15 4
2 4 10
21 1 4
17 21 11
16 19 10
6 8 10
20 22 5
14 18 4
20 0 3
1 5 3
4 8 3
13 16 3
20 23 3
6 8 8
20 22 8
11 14 6
16 19 6
0 2 10
18 22 11
17 19 8
10 12 9
18 20 11
18 22 8
1 5 2
3 5 1
7 9 2
14 18 4
12 15 11
1 4 11
11 14 8
17 20 9
16 18 2
0 3 10
22 1 3
23 2 7
7 10 7
17 21 8
9 12 7
5 9 8
11 14 11
1 5 4
14 18 10
7 11 9
23 2 10
15 19 6
20 21 7
17 21 8
7 11 8
16 20 1
15 20 8
13 14 7
4 5 4
9 12 3
12 14 7
10 14 7
0 3 5
17 20 4
4 6 11
5 9 7
13 14 1
7 11 7
17 20 3
13 17 11
9 12 10
6 11 10
14 16 10
19 20 10
21 0 11
23 3 9
23 3 2
10 13 1
6 10 1
22 2 1
18 22 2
20 2 3
2 5 10
18 20 8
16 22 11
0 3 2
17 20 9
18 21 11
22 1 2
1 4 9
19 21 5
12 14 10
0 0 2
3 5 1
10 12 6
21 23 3
14 16 11
6 9 7
16 19 4
16 20 9
14 19 7
0 3 8
11 13 10
22 2 11
19 22 8
21 1 5
11 14 11
6 10 9
9 12 11
7 11 4
15 18 6
15 18 5
0 4 10
1 3 10
18 19 3
14 18 2
5 9 3
20 23 7
2 6 1
23 1 9
15 18 4
22 2 4
0 3 3
17 20 7
13 17 6
22 3 10
22 1 3
22 2 6
19 20 7
14 16 5
4 8 10
4 8 3
11 14 4
5 9 2
19 23 9
2 4 1
14 17 1
17 20 6
12 14 1
19 22 7
3 6 1
4 6 10
15 16 3
14 17 1
16 17 9
16 20 4
9 11 7
14 16 4
17 19 2
15 19 10
19 0 1
20 23 2
22 3 4
19 21 2
2 6 11
7 10 9
4 8 7
3 6 2
6 10 9
9 12 9
10 13 7
1 4 11
23 2 9
9 12 6
12 17 5
22 23 9
9 11 3
2 5 6
3 5 5
8 10 5
23 0 10
6 8 7
11 11 10
17 21 9
22 1 7
7 9 1
6 9 7
22 2 11
13 17 9
10 13 8
12 16 8
18 0 2
13 16 7
2 5 10
0 4 10
23 1 7
6 8 11
7 9 9
17 19 1
19 23 5
12 15 6
12 15 5
9 12 10
3 5 10
15 17 5
18 19 4
9 12 4
21 23 4
21 0 5
8 11 7
2 6 5
22 2 9
16 20 6
10 14 2
4 7 1
22 1 8
16 19 3
23 0 11
0 3 1
22 0 2
8 11 8
14 18 5
17 19 2
5 7 6
23 2 1
12 17 8
9 12 3
17 22 2
2 3 7
21 23 5
2 6 4
14 16 4
15 17 1
16 18 7
21 2 1
13 15 7
21 0 6
16 19 5
16 17 6
9 11 5
3 6 5
14 16 6
3 7 11
16 17 2
19 21 1
16 21 7
11 13 4
13 15 7
12 13 9
4 9 2
11 14 4
16 20 11
22 23 2
20 23 11
21 2 8
20 23 5
1 4 5
22 2 3
12 15 10
7 8 7
20 23 9
21 1 1
12 16 9
11 14 11
22 3 11
2 7 1
13 15 3
0 2 11
15 18 11
7 7 11
11 14 6
23 2 3
11 14 8
21 0 5
10 13 10
19 22 4
17 21 2
7 8 4
23 0 3
3 5 2
23 2 5
1 6 4
4 7 11
17 18 10
22 1 6
22 3 6
16 19 3
22 2 2
7 9 11
23 3 10
16 18 6
23 1 2
18 22 10
4 7 11
16 18 2
17 21 1
8 11 2
0 2 7
15 18 7
23 1 10
22 0 8
20 0 9
4 6 7
11 15 3
0 2 1
9 12 7
9 11 4
9 12 1
5 7 9
2 6 6
17 19 4
20 23 4
17 21 7
17 21 6
21 0 6
2 4 9
17 20 11
11 15 4
13 18 3
23 2 11
4 9 4
2 3 6
8 9 3
6 9 8
7 9 3
18 21 7
22 0 4
10 14 1
13 17 1
9 12 6
13 17 8
22 1 9
15 18 9
12 14 11
22 0 4
9 11 2
3 6 11
7 10 10
22 1 8
15 19 8
23 2 4
12 14 5
14 16 4
4 7 6
5 7 10
2 6 5
13 17 11
12 16 5
3 5 2
0 3 1
1 5 4
13 15 10
13 18 6
11 13 11
17 20 5
2 4 2
23 3 6
4 7 3
19 22 3
8 10 7
14 16 9
2 5 2
11 15 9
17 20 6
12 15 8
1 4 5
3 5 1
1 5 2
19 21 11
1 4 9
9 12 3
4 6 2
14 17 1
9 10 3
23 1 5
23 1 4
3 7 7
3 6 2
13 17 2
2 5 5
22 23 1
13 16 8
0 5 6
15 17 8
7 10 10
6 9 4
22 1 9
0 3 10
16 21 4
8 11 11
11 14 9
2 4 1
17 19 7
5 8 6
17 20 4
19 23 2
13 16 2
18 23 3
1 3 6
9 12 1
7 11 9
23 4 4
22 3 2
2 5 4
0 4 6
2 4 5
21 0 8
6 9 4
14 17 2
8 10 8
11 14 4
5 8 10
6 10 2
3 7 2
3 7 10
11 13 5
1 5 6
2 7 6
13 15 11
19 23 3
18 21 1
7 9 2
2 6 8
9 13 10
22 0 6
19 21 11
23 1 2
8 11 1
1 4 3
17 20 9
5 9 1
7 10 4
11 14 5
21 1 3
12 15 6
15 17 3
9 12 7
13 16 5
16 18 6
22 0 10
20 23 11
9 11 9
3 7 7
11 15 6
16 19 4
18 21 1
20 1 2
9 12 11
9 13 9
23 2 7
19 21 1
23 2 7
20 21 7
20 23 10
15 19 3
10 13 6
19 23 4
15 18 7
20 23 5
5 8 6
2 4 4
8 11 4
15 19 9
7 8 4
8 12 5
18 20 4
9 13 7
1 3 6
16 19 4
11 13 10
12 15 5
12 15 8
8 12 7
5 9 8
18 20 7
7 10 3
23 2 2
19 19 8
9 11 9
13 17 2
10 15 6
21 2 11
13 15 1
19 22 8
3 5 7
10 14 9
0 3 7
20 23 10
5 8 11
21 2 3
20 21 4
11 14 5
16 19 1
14 18 8
8 12 9
19 22 11
20 0 10
12 15 8
18 22 6
14 17 11
