1100 9
2 8 6 8 7 3 7 9 10 
22 3 1
19 22 7
17 19 5
12 15 8
10 12 8
3 7 1
3 7 8
12 15 5
0 4 5
17 20 6
9 12 3
13 15 5
14 18 5
20 23 1
4 7 8
13 16 2
9 12 9
2 6 7
1 4 9
10 13 4
3 6 8
14 18 3
18 22 9
0 3 2
20 22 1
22 1 8
23 3 5
9 11 1
10 14 1
6 9 5
3 5 6
1 4 9
9 12 1
19 21 5
12 15 9
23 3 4
21 1 2
10 13 1
1 4 5
10 14 1
10 12 2
23 2 5
5 7 5
12 14 8
4 6 1
4 8 1
1 3 7
4 7 9
11 15 6
20 22 4
3 5 5
18 21 9
4 7 9
13 17 4
6 9 6
17 20 3
16 18 7
18 21 4
14 17 8
7 10 5
12 16 1
15 19 4
19 21 6
14 16 8
22 1 9
4 8 3
9 12 1
8 12 4
8 11 2
1 4 3
14 16 3
11 15 1
10 14 5
9 13 8
19 23 9
11 14 9
22 1 2
10 13 6
6 8 4
14 18 4
10 13 4
2 5 2
7 10 2
18 18 8
18 22 3
2 6 4
10 13 3
17 20 5
18 19 6
21 1 3
18 22 1
9 11 7
13 16 4
6 9 1
4 8 1
15 17 2
18 19 9
7 9 7
10 13 9
19 20 6
7 10 6
4 5 8
20 0 7
6 10 2
23 3 8
14 18 5
23 1 9
22 0 9
2 4 5
13 16 6
23 2 1
22 3 7
10 13 4
6 10 4
4 6 1
9 13 3
23 1 8
14 18 4
3 7 1
5 8 5
14 16 6
18 21 6
23 1 1
13 17 6
19 21 2
5 9 8
4 7 3
11 14 9
15 20 1
21 23 6
7 10 6
21 0 7
14 16 6
8 11 3
5 7 2
6 9 8
15 17 7
7 9 6
4 6 7
7 12 3
13 16 7
6 9 5
2 6 3
18 21 2
1 5 1
4 7 7
5 7 6
18 21 9
18 21 1
13 17 1
6 9 5
21 0 7
22 1 1
14 18 3
19 22 6
12 15 8
14 16 8
9 11 7
2 6 4
7 10 5
20 22 9
6 9 7
21 0 3
4 6 1
20 23 6
20 0 4
4 6 6
17 21 1
18 20 4
5 8 1
21 21 1
19 22 4
4 6 8
8 10 6
15 18 7
21 0 3
7 10 9
10 12 6
7 9 3
8 10 9
13 16 8
8 13 7
19 22 4
10 14 9
21 23 8
1 4 4
8 12 3
5 9 9
14 18 4
21 0 6
17 20 1
5 6 7
7 10 3
6 10 5
20 0 6
1 4 5
15 19 5
17 20 9
9 12 7
20 22 2
16 19 2
0 2 4
3 7 5
10 14 8
2 5 7
14 19 1
9 14 5
18 20 9
8 12 2
2 6 2
4 9 1
4 5 5
20 22 4
15 20 4
3 8 9
23 1 5
3 7 2
18 20 2
8 10 2
5 9 6
12 15 2
0 4 4
16 21 6
5 9 6
2 7 5
7 9 2
12 16 9
5 8 3
9 12 4
16 17 1
16 19 1
2 6 8
4 7 3
13 18 3
23 0 8
4 8 8
11 14 2
5 8 2
16 21 9
14 16 2
18 20 2
16 19 2
18 21 1
18 21 5
9 13 7
18 21 5
7 9 1
16 18 4
0 3 4
13 17 3
10 14 1
0 3 1
8 11 6
13 15 2
16 18 9
7 10 8
0 3 8
11 15 4
22 2 2
11 12 1
21 22 2
18 22 6
9 13 8
11 15 2
19 22 5
6 9 8
19 22 7
2 4 5
1 2 1
8 10 8
13 16 9
8 12 8
15 18 6
22 0 1
19 22 4
5 7 1
9 12 1
20 22 8
11 14 2
11 14 2
13 16 8
16 18 2
11 14 3
15 19 9
18 20 1
22 2 6
16 19 6
17 19 4
4 6 6
10 13 5
17 21 8
6 9 2
6 8 4
12 15 2
18 21 8
6 8 9
18 22 4
7 8 9
10 14 3
19 0 6
23 1 6
14 16 6
2 6 4
11 13 7
20 0 1
2 7 1
14 17 5
11 14 9
9 12 5
8 11 3
18 21 5
1 3 3
8 10 8
13 16 7
12 17 4
11 13 4
22 3 5
19 22 1
5 5 3
7 10 5
15 18 6
1 5 6
4 6 5
1 3 8
10 13 8
10 13 1
3 7 6
6 9 4
9 12 9
23 2 3
23 3 6
22 2 9
5 9 6
1 4 9
12 15 2
14 18 2
5 7 4
22 23 3
5 6 4
23 4 9
7 9 4
22 23 2
15 18 3
3 6 3
21 23 3
0 2 9
16 19 1
11 12 4
0 3 6
3 5 4
5 8 6
17 19 6
7 12 1
18 19 9
4 7 9
14 15 5
18 22 1
4 6 6
15 18 5
20 23 8
0 4 3
18 20 6
10 13 3
17 21 2
23 2 6
3 4 5
11 15 6
13 15 1
2 5 5
11 13 8
23 3 2
18 19 4
2 3 7
12 15 5
17 21 6
16 19 8
14 17 5
15 18 7
23 2 4
2 6 8
20 22 4
19 22 7
9 12 9
1 4 8
15 20 5
6 10 4
17 20 3
2 5 9
1 6 3
12 16 4
13 18 7
3 6 7
23 2 5
14 16 7
23 2 3
15 17 4
8 11 1
15 20 6
1 5 3
14 16 4
10 14 9
2 4 2
23 2 3
10 15 3
5 8 4
6 11 7
20 22 8
3 6 2
4 7 4
16 20 9
15 17 3
3 6 6
16 18 1
0 3 9
19 23 7
0 5 4
10 13 4
15 17 9
6 9 7
20 0 5
2 5 2
23 0 3
6 9 4
20 23 2
14 18 2
15 18 5
5 9 9
23 3 4
19 21 1
4 6 3
11 13 3
4 8 9
23 2 8
9 11 9
0 4 4
11 13 4
16 20 2
9 12 9
18 20 9
18 21 6
15 18 9
17 20 4
14 16 4
11 14 7
9 12 9
5 5 6
4 6 2
13 16 9
17 20 1
16 18 5
18 21 2
10 12 6
16 17 4
17 19 6
10 13 9
17 20 9
0 5 8
6 9 3
9 10 1
3 6 9
3 6 8
9 13 7
2 6 1
10 13 1
10 14 2
7 10 8
9 12 2
16 19 4
23 1 1
5 8 9
8 12 2
4 7 8
11 15 5
17 20 4
3 7 6
10 12 2
19 20 4
16 18 8
2 4 7
14 16 8
21 0 2
23 3 5
17 21 6
11 14 8
11 14 1
1 4 1
6 10 8
10 13 8
7 10 3
11 15 6
21 1 3
10 12 1
13 16 4
0 3 1
22 23 5
4 10 3
16 18 7
19 22 6
0 3 3
12 15 5
17 21 6
0 2 1
15 18 1
20 23 7
7 12 1
14 16 7
3 7 1
4 7 5
0 1 5
9 11 5
13 17 2
10 12 3
7 9 8
3 4 5
8 9 4
13 15 4
0 2 2
8 12 1
7 8 9
0 4 4
21 0 3
8 10 4
0 3 1
23 2 8
10 13 1
1 5 8
1 4 7
17 19 7
6 10 8
22 1 2
16 20 9
9 12 1
1 4 6
0 2 5
21 0 7
22 1 4
9 13 8
15 19 2
15 16 4
11 13 2
20 23 7
3 5 7
12 13 7
20 0 7
20 0 1
23 2 3
14 15 4
9 11 9
9 13 7
1 3 9
11 15 9
7 10 9
13 17 1
4 5 8
2 5 7
19 22 6
21 0 1
22 2 5
0 2 3
13 17 5
10 12 4
22 1 5
0 4 6
22 3 7
21 23 1
22 2 9
12 14 6
14 16 8
13 15 6
7 11 6
0 3 1
20 23 4
20 23 2
18 21 4
4 6 8
6 10 7
22 0 6
18 22 4
7 8 4
5 9 1
0 6 1
12 14 6
18 22 7
0 1 5
11 13 1
10 14 1
14 16 6
0 3 7
12 15 3
16 17 9
16 20 7
1 5 1
2 5 4
5 8 7
22 1 2
17 20 1
12 14 6
17 20 2
23 3 5
18 20 7
0 3 8
8 11 3
5 7 8
16 19 5
10 14 9
20 1 4
18 19 3
15 19 1
22 1 3
23 4 4
23 1 1
16 19 3
20 21 4
12 16 1
19 23 7
11 14 5
23 3 5
6 9 4
22 3 8
15 16 1
15 18 6
7 10 9
0 3 9
11 15 6
2 5 9
14 17 7
18 21 5
0 3 4
21 1 1
18 23 2
6 8 1
7 10 9
11 14 7
10 13 9
8 10 1
6 9 4
18 19 4
11 10 4
9 11 7
20 22 7
17 19 6
23 2 7
4 6 7
2 6 6
7 11 6
6 10 1
6 9 4
7 10 4
6 9 4
3 5 5
23 1 9
20 0 9
5 8 7
18 21 5
16 18 6
10 12 6
20 23 8
17 20 7
15 19 6
6 9 5
8 10 4
2 4 5
3 7 2
21 0 5
22 2 9
16 20 8
9 13 5
7 13 1
19 22 6
6 10 6
8 11 9
20 21 2
22 2 9
21 1 2
19 23 5
23 1 2
10 12 2
20 21 6
10 12 1
22 1 3
18 19 4
5 8 4
14 16 5
11 14 2
12 15 6
23 1 7
7 11 3
21 0 7
13 17 4
8 12 8
10 11 6
2 5 4
2 6 4
11 15 9
18 23 1
21 1 9
13 14 4
8 10 1
4 6 3
21 0 6
14 17 7
9 13 8
8 12 4
4 7 8
19 21 6
1 4 1
0 3 1
0 3 2
17 22 3
5 7 7
20 22 2
21 0 4
23 1 8
2 4 9
7 8 8
3 5 8
3 7 7
16 20 4
22 2 1
3 5 3
4 7 9
14 15 6
9 12 4
7 10 7
18 21 5
3 6 9
19 22 8
8 11 4
0 5 9
12 16 5
12 17 4
11 13 5
6 9 5
16 19 9
0 2 4
10 13 5
17 19 9
4 7 3
18 21 7
10 12 3
15 18 4
17 19 7
21 0 7
7 10 4
2 5 9
4 8 5
3 8 5
13 15 4
5 7 7
6 9 7
8 14 4
12 15 2
21 23 6
7 9 8
6 7 2
10 13 1
8 10 8
11 13 2
4 7 6
20 23 2
15 18 9
4 7 9
8 8 8
14 16 7
8 11 1
5 8 6
6 10 4
5 7 5
12 16 7
8 12 6
5 7 8
8 12 6
8 11 7
11 16 4
12 16 1
17 18 1
10 12 9
4 6 5
18 22 8
23 1 3
22 0 2
17 21 7
11 13 5
2 7 7
12 15 5
0 5 2
10 12 5
4 7 4
17 20 4
18 23 7
16 19 2
7 9 2
9 13 2
20 1 3
15 18 1
4 8 1
0 2 8
1 4 2
4 5 9
15 20 5
4 6 8
21 1 9
20 22 2
7 9 4
14 18 3
2 5 1
15 17 9
5 9 8
20 22 3
21 1 6
3 6 7
5 8 6
5 8 3
3 4 3
7 9 7
14 16 6
15 18 2
18 21 1
4 8 7
12 15 8
13 15 5
18 20 6
19 22 5
9 11 8
5 8 6
16 19 8
21 0 6
5 8 3
1 3 7
3 7 4
22 1 7
17 19 1
7 10 5
18 23 7
5 6 8
16 20 8
15 18 6
8 10 7
3 7 5
18 22 8
9 12 5
2 4 8
19 20 8
4 7 5
21 23 7
18 20 6
18 21 6
20 0 1
17 21 7
2 5 8
1 3 1
12 14 3
21 23 8
20 22 2
2 5 2
2 5 1
14 17 8
16 18 5
23 1 1
8 12 7
21 0 2
16 19 9
14 18 1
21 1 4
9 12 5
6 9 3
8 10 2
16 19 7
21 23 1
23 0 8
11 15 8
6 8 5
16 18 7
13 17 5
2 4 7
14 18 2
10 12 9
11 15 3
18 20 2
4 7 8
21 0 7
4 8 4
8 11 5
23 3 5
0 2 7
22 22 5
10 12 1
18 21 7
7 9 3
21 22 4
12 15 7
15 17 2
13 16 1
3 5 1
4 7 9
9 11 5
9 11 9
21 22 7
1 3 1
8 11 3
19 23 1
3 7 2
22 0 5
11 14 9
0 5 4
8 11 5
19 22 8
6 9 8
4 6 1
19 22 1
5 7 5
6 8 3
6 9 2
6 8 7
7 11 8
7 9 9
1 6 8
20 23 8
6 9 4
7 10 6
4 7 1
6 9 1
1 2 3
13 17 3
13 15 5
7 12 2
9 11 7
1 3 2
16 19 3
10 14 9
19 23 2
23 1 9
9 12 9
7 10 4
3 7 2
15 17 5
16 19 9
3 7 6
3 5 1
14 18 2
4 7 5
23 3 3
10 11 7
5 9 7
11 13 9
2 5 4
9 12 5
15 19 4
15 17 3
16 18 4
6 9 5
7 10 4
0 2 8
11 14 4
13 17 9
15 17 8
4 7 5
7 10 7
16 20 4
14 17 6
15 17 2
19 22 1
14 19 6
18 21 6
9 13 9
7 10 9
19 21 8
22 1 5
14 17 5
18 20 8
14 18 1
20 23 9
11 14 3
6 9 2
15 18 3
8 11 3
14 17 1
12 14 1
23 3 5
23 3 5
8 12 5
21 23 2
5 8 3
21 0 9
8 14 6
18 19 3
17 21 5
7 10 9
9 13 4
2 5 7
11 15 3
12 15 3
8 11 8
15 18 2
3 6 1
2 6 9
17 21 2
16 19 8
1 4 8
7 10 2
5 8 7
22 1 1
17 22 5
0 3 1
16 20 6
6 9 3
3 6 4
21 0 7
5 7 6
20 23 8
13 16 8
11 13 2
22 1 9
7 11 4
20 0 6
3 8 6
18 21 9
14 18 2
6 9 8
13 17 2
20 21 5
21 0 4
12 14 6
23 2 4
15 18 7
14 16 1
17 19 7
11 13 2
22 1 5
8 12 4
1 5 8
10 11 3
7 12 8
7 11 4
11 12 3
9 13 9
21 2 4
5 6 2
15 16 6
23 2 8
4 7 3
12 15 6
15 19 9
7 9 2
1 5 6
10 13 9
14 18 5
7 10 5
17 20 4
18 21 7
18 22 3
17 19 9
17 20 7
19 21 2
1 3 3
0 4 5
5 9 5
23 2 2
6 10 1
13 16 6
23 2 4
8 12 1
4 6 5
5 9 1
21 0 1
14 17 5
17 21 2
20 1 8
6 9 5
13 18 8
11 14 6
2 3 6
13 15 4
18 20 9
5 10 1
20 23 6
15 18 7
15 20 2
21 0 3
20 23 2
3 7 2
5 7 8
15 18 3
4 7 9
4 7 4
16 19 8
17 21 3
10 13 7
12 15 1
18 20 4
5 8 7
12 15 2
17 18 3
21 0 9
20 23 8
2 6 4
14 19 2
14 18 1
1 4 7
13 16 1
