350 6
6 6 2 2 2 1 
6 7 6
6 8 1
9 11 4
15 19 3
9 11 6
6 10 6
6 11 2
15 18 6
6 9 5
17 20 3
5 8 3
4 10 5
0 4 4
17 19 4
14 18 2
17 21 4
18 21 6
10 16 3
13 16 1
3 4 1
9 10 1
8 11 3
7 10 4
4 7 5
14 16 2
12 17 6
16 20 4
21 0 6
20 23 6
4 7 1
15 17 5
19 22 2
3 7 4
15 17 1
1 5 3
21 0 4
0 2 3
17 19 1
22 1 2
19 20 4
19 22 2
17 19 6
23 1 2
12 16 6
15 19 6
0 1 2
1 4 5
13 16 1
19 22 6
16 19 6
0 2 5
13 14 5
20 0 3
19 22 3
10 13 6
17 18 3
22 1 1
8 12 4
1 2 3
17 21 3
16 20 2
18 20 1
3 5 4
5 8 4
0 2 1
5 8 4
16 20 5
10 13 4
8 11 6
19 21 4
19 23 5
2 6 4
9 12 5
13 15 4
16 19 4
16 18 2
22 1 4
22 2 2
7 10 3
12 16 1
17 18 2
17 22 3
6 9 3
12 15 5
11 15 2
2 4 1
16 19 1
14 17 3
12 14 5
2 2 5
11 15 6
22 1 1
7 9 4
1 4 4
13 17 1
17 20 3
16 19 5
10 13 6
4 7 3
10 13 4
2 4 4
1 3 5
5 7 1
14 15 5
21 0 4
3 6 2
18 21 6
12 15 3
6 9 1
2 5 6
13 17 3
10 16 1
15 16 2
2 5 4
2 5 6
9 10 5
13 17 6
15 18 4
17 21 5
23 1 1
5 9 6
20 22 4
0 3 4
9 12 5
13 15 5
18 23 3
12 13 3
20 23 4
9 12 4
8 10 4
13 16 3
22 1 2
3 6 5
2 5 4
5 8 2
10 13 3
12 14 1
6 8 5
19 21 3
4 6 3
4 8 1
15 19 5
7 9 1
16 19 4
6 10 2
23 3 5
6 10 2
16 18 4
15 18 5
2 5 5
23 3 1
11 15 4
15 20 1
15 17 5
17 21 1
7 10 5
14 18 1
1 5 5
23 2 2
23 2 4
7 11 6
21 0 5
17 18 3
6 9 2
10 14 5
23 2 6
17 20 5
3 7 6
0 4 4
11 14 1
5 7 5
11 14 1
16 18 4
22 2 4
1 4 3
9 13 3
4 7 4
1 4 2
3 5 5
3 7 1
15 18 4
2 5 1
8 11 6
21 1 6
8 11 4
22 1 1
21 1 1
18 21 1
7 10 5
19 21 4
16 18 6
8 12 3
23 2 2
2 5 4
3 8 3
13 15 3
12 14 2
4 7 4
7 10 1
14 16 2
17 19 1
4 7 1
1 5 6
4 5 5
0 4 6
12 18 5
2 5 5
10 12 3
6 10 2
9 11 1
13 16 4
8 10 1
2 6 2
16 18 3
0 3 6
1 3 5
16 19 1
5 8 6
6 9 3
21 23 4
15 19 1
6 8 2
22 2 1
6 9 3
11 13 1
20 23 3
9 12 1
23 3 1
16 18 4
16 20 4
12 15 6
22 2 1
5 9 1
16 17 1
9 14 3
16 18 6
8 12 5
7 10 2
0 4 6
2 7 5
3 5 1
11 14 3
16 18 4
15 18 3
1 5 1
17 19 2
11 14 4
14 17 2
4 7 4
11 15 3
23 2 6
14 18 4
20 22 6
8 10 5
8 12 2
17 19 5
21 2 6
10 15 2
15 18 2
1 3 3
1 4 2
11 14 2
12 16 3
14 15 3
1 4 3
23 2 1
13 16 3
4 7 5
7 10 5
11 14 3
7 10 6
23 2 6
11 14 1
5 7 3
22 2 2
22 2 5
7 10 4
13 16 3
5 8 1
6 10 5
0 2 6
6 10 4
11 14 4
22 2 4
17 20 5
20 22 4
8 10 6
0 1 6
18 21 4
10 12 2
4 8 2
23 3 5
4 7 6
5 8 1
9 13 6
16 17 5
3 7 5
18 22 1
11 12 1
21 23 2
2 5 2
20 23 5
4 6 2
18 22 2
22 1 5
16 20 1
4 9 5
23 4 4
0 3 1
8 10 3
22 1 3
7 9 5
5 9 6
4 8 1
18 22 4
0 2 5
0 1 6
7 10 1
19 23 6
1 3 4
13 16 2
6 9 3
4 6 4
20 23 5
12 16 1
18 20 3
8 12 2
18 20 4
6 8 3
18 21 5
20 21 3
12 16 1
5 8 1
19 23 3
5 7 4
15 20 1
0 3 1
3 5 1
18 22 6
9 13 4
14 16 4
22 1 5
21 0 3
16 18 1
18 22 6
13 17 4
22 2 2
15 18 6
13 16 3
5 7 6
