700 15
9 3 8 10 6 4 3 7 4 10 6 1 4 9 10 
21 22 8
19 22 15
23 2 7
12 14 14
13 17 9
10 14 15
8 9 8
4 7 11
14 16 9
21 1 15
0 4 3
7 9 10
11 12 14
6 10 5
0 1 7
12 15 13
12 16 15
10 13 15
7 11 6
4 7 3
16 20 1
19 23 8
2 5 12
7 9 8
8 11 7
14 16 4
1 6 3
13 17 10
11 14 6
8 10 3
17 20 6
2 6 9
4 7 10
3 6 13
6 9 6
5 9 12
22 3 9
13 17 8
13 16 9
15 17 3
5 7 11
18 22 2
0 4 12
2 4 12
17 20 11
7 9 7
2 4 4
14 17 12
3 7 6
5 7 14
5 6 12
3 6 2
7 12 13
20 22 14
3 6 3
21 2 13
2 6 2
5 6 13
19 23 12
13 17 5
19 22 9
11 14 1
8 10 14
16 20 14
8 10 3
16 19 10
19 20 11
2 4 6
21 22 14
9 12 6
10 14 12
9 11 15
0 2 14
0 4 9
7 11 2
16 18 4
9 11 15
9 13 4
5 7 13
16 19 4
15 17 15
11 13 1
8 10 13
19 21 9
23 2 11
17 19 1
12 16 4
10 14 14
20 22 2
12 14 12
23 1 10
9 11 13
9 13 15
11 14 10
17 19 5
20 21 6
23 1 7
13 17 3
12 13 9
14 17 13
2 4 3
7 9 15
4 7 5
4 7 7
13 15 10
2 5 13
21 22 12
16 18 12
15 18 1
0 4 7
0 4 15
20 1 13
6 9 13
1 5 6
10 14 5
21 1 5
11 13 8
15 19 5
16 17 15
17 22 9
22 1 7
12 15 14
20 0 3
22 1 14
8 12 3
19 22 2
7 10 2
17 19 2
11 15 2
3 6 7
12 16 11
3 4 2
4 7 5
0 4 14
10 12 7
11 15 10
13 16 1
16 18 5
8 13 1
16 21 11
3 6 2
18 19 15
17 21 3
13 17 1
10 14 7
9 13 8
14 18 7
1 5 4
20 0 10
22 2 11
21 23 12
0 3 7
21 22 13
6 9 6
1 2 1
5 7 7
13 15 7
7 10 8
12 15 11
23 1 11
12 15 10
1 4 10
21 0 12
20 23 10
8 11 13
4 6 2
23 2 2
17 20 15
19 20 10
13 15 5
16 18 4
16 19 12
6 10 15
10 14 4
23 3 11
15 18 11
2 6 10
5 7 8
18 22 6
12 14 11
0 4 12
14 16 7
15 19 13
19 23 12
2 5 6
20 0 3
19 22 3
13 14 8
3 6 13
19 23 7
12 14 8
19 23 7
22 2 10
19 22 1
0 4 5
21 0 9
22 1 10
6 8 7
7 10 9
12 15 10
20 23 1
14 17 1
7 8 8
0 4 13
13 16 1
23 3 1
7 11 2
7 11 4
16 20 13
0 2 2
21 23 3
4 8 2
9 12 6
22 2 11
1 4 5
10 13 4
10 12 1
12 14 2
9 12 10
21 0 9
15 16 14
21 0 14
1 4 5
9 13 13
9 11 12
4 6 10
10 13 4
3 5 3
9 11 1
7 10 1
18 21 7
7 9 12
12 14 7
20 21 7
6 10 11
16 18 2
6 8 1
7 9 13
0 5 12
9 11 5
12 14 6
17 21 12
12 15 6
3 6 13
4 7 7
8 10 4
13 16 9
10 13 6
13 17 8
1 3 11
2 8 13
18 22 7
19 22 14
13 16 13
17 21 10
21 2 10
0 4 11
15 18 11
3 6 6
18 21 1
5 7 4
12 15 2
16 20 7
1 6 9
20 23 11
16 20 15
7 9 4
0 4 4
5 7 12
13 16 2
5 7 3
1 5 9
7 12 7
11 15 5
2 4 6
5 9 13
12 14 1
12 13 6
23 2 5
3 6 11
11 14 15
16 20 6
10 13 3
15 18 12
8 13 15
22 0 6
13 16 5
1 5 6
21 1 4
9 13 2
0 2 12
19 23 10
5 7 8
6 9 12
2 3 15
8 12 8
0 3 10
21 23 8
3 6 11
23 0 3
15 16 9
17 20 2
2 5 7
0 2 14
21 0 5
1 3 7
3 5 8
20 23 4
5 10 13
0 3 14
19 23 9
12 15 7
8 8 7
9 14 6
10 13 5
22 2 3
20 0 3
19 21 15
11 16 9
10 13 3
23 1 12
4 8 1
7 10 5
19 22 3
6 9 15
0 3 8
10 13 7
0 4 5
22 0 1
13 15 9
15 17 9
15 18 9
12 15 15
11 15 15
22 0 9
13 15 14
0 2 3
8 10 11
8 10 2
16 20 3
14 17 11
15 17 2
7 10 4
4 9 1
14 18 6
12 16 14
12 15 1
18 22 10
5 8 12
12 13 5
14 18 3
7 10 6
20 22 12
7 10 13
19 22 9
12 14 8
2 6 8
22 0 4
4 7 3
14 16 1
4 7 8
1 4 14
4 6 6
12 15 4
14 18 2
16 18 4
5 8 14
4 7 2
20 23 15
16 19 15
3 6 6
12 14 4
18 19 1
2 4 6
9 13 1
18 20 9
17 19 5
17 19 7
14 16 15
9 12 7
1 3 8
23 2 2
7 8 15
16 18 6
12 14 13
4 8 2
19 23 9
11 12 1
3 8 2
9 11 10
9 11 7
1 4 4
18 20 9
14 18 10
13 17 2
17 20 4
2 4 2
22 1 5
10 15 6
6 9 12
1 4 13
9 10 5
14 18 2
8 12 2
0 1 5
8 10 5
18 23 2
9 13 12
20 23 9
20 22 1
6 10 5
18 21 12
21 1 3
0 2 13
11 15 7
11 15 13
14 15 11
6 10 1
3 5 5
11 12 11
13 15 5
11 13 1
11 14 5
6 8 12
17 20 12
2 4 5
14 17 15
18 21 1
19 23 4
1 4 11
5 8 6
10 13 3
13 15 4
11 13 1
2 6 13
5 5 8
5 8 14
20 22 11
13 16 2
22 0 9
16 17 11
10 13 3
7 10 6
2 6 12
21 0 11
23 4 6
14 17 4
7 9 14
18 21 14
3 7 1
12 14 4
8 11 15
4 7 1
20 23 10
3 5 9
10 13 15
20 0 2
6 8 1
2 6 15
22 3 7
17 19 4
2 5 1
12 16 12
17 22 7
0 4 12
5 8 14
0 3 12
9 13 12
20 0 14
14 16 8
3 7 6
12 16 7
23 2 5
8 10 1
3 6 12
11 13 14
21 0 14
14 17 11
16 19 4
3 5 3
4 7 7
23 3 4
6 8 2
20 0 11
13 16 9
1 4 8
10 12 14
16 17 8
20 21 5
21 2 13
13 16 11
22 4 8
6 9 13
9 14 9
4 7 9
19 0 8
19 23 14
3 5 7
1 3 4
11 13 6
19 21 14
10 15 4
13 16 6
15 19 6
14 17 14
17 20 5
3 7 12
3 7 2
20 0 14
15 18 8
17 21 6
0 3 6
20 23 10
20 0 1
3 5 3
1 5 15
0 5 1
0 3 4
6 9 14
13 16 1
0 3 4
1 5 7
4 6 3
7 12 10
12 14 11
4 7 7
5 8 5
20 23 4
7 10 6
1 4 5
8 12 11
18 19 5
10 13 1
22 1 7
15 17 11
0 3 1
5 8 13
12 14 9
2 5 2
8 10 12
20 1 9
17 19 7
2 4 10
16 20 1
17 22 11
12 14 4
1 3 2
7 9 3
9 11 10
11 13 14
9 13 12
15 16 4
4 6 1
6 10 6
2 4 2
13 17 5
1 4 9
20 0 3
23 2 2
21 1 15
21 0 8
18 21 12
5 10 1
3 5 13
13 18 4
12 15 13
23 2 6
19 22 7
7 9 11
16 17 14
6 8 14
13 18 6
0 3 3
16 19 11
5 7 2
17 20 13
15 19 11
11 13 6
14 16 6
3 6 4
1 4 4
2 4 13
2 6 10
16 21 8
15 18 3
2 4 5
15 18 7
8 11 2
12 15 7
1 4 8
8 11 1
17 20 10
20 23 7
2 4 7
1 3 4
14 16 2
19 22 1
14 18 1
5 8 11
16 20 9
13 17 1
9 11 5
11 13 3
2 4 12
7 10 6
9 13 12
7 9 10
17 18 7
0 4 12
11 14 8
5 8 1
19 22 14
21 23 11
1 4 5
4 7 5
20 23 9
9 11 10
20 21 11
19 22 12
9 12 5
5 8 7
2 5 2
2 5 1
22 1 12
21 0 1
20 22 3
23 3 14
17 21 6
19 22 12
9 11 9
22 3 9
6 9 4
6 7 12
16 21 3
17 21 13
14 18 5
15 20 4
5 8 14
3 6 11
15 18 14
12 15 7
20 0 8
10 13 4
6 10 5
17 17 14
5 8 13
1 3 13
16 18 11
7 9 1
2 6 10
15 19 13
12 14 3
22 1 15
9 13 6
5 9 4
4 7 9
23 2 9
20 0 15
23 2 6
19 22 15
8 11 8
15 18 6
11 14 8
0 2 5
11 15 2
6 7 14
10 13 9
15 19 6
12 15 12
6 8 8
0 3 12
13 15 9
4 8 4
12 16 7
11 12 11
6 9 9
2 5 1
22 2 12
15 19 1
23 3 8
10 14 3
15 17 7
14 17 3
18 21 1
3 7 4
14 17 13
20 0 15
9 13 11
0 5 14
18 20 11
20 23 3
14 18 6
15 17 3
20 1 5
10 14 6
6 8 12
12 15 14
0 2 12
3 7 5
8 11 13
