3650 18
3 4 8 4 9 6 6 10 3 8 1 10 1 7 3 6 5 5 
16 19 17
3 6 10
19 21 8
4 7 7
3 6 17
0 4 10
23 2 8
0 2 17
22 0 9
12 15 1
0 3 8
17 20 10
21 1 12
3 6 3
3 5 8
15 18 14
13 14 13
1 5 11
21 21 9
14 18 4
6 9 2
6 8 11
10 15 16
12 16 10
21 23 11
10 14 14
10 12 7
18 22 3
5 8 18
13 15 5
17 20 14
21 0 18
1 3 13
8 11 6
3 7 17
1 2 18
16 18 6
1 6 3
16 18 6
4 6 13
7 11 14
11 15 10
0 3 10
10 12 18
7 11 8
9 12 2
23 2 3
13 15 8
3 6 14
8 13 6
21 1 6
13 16 2
17 20 14
2 4 13
7 10 9
17 20 6
16 20 18
13 15 14
7 10 8
0 4 1
17 22 3
8 10 9
22 1 3
12 15 9
22 2 5
3 4 11
23 2 7
1 4 9
22 0 13
6 9 3
18 21 5
0 2 15
11 14 17
17 21 7
20 23 7
19 21 11
1 3 10
23 2 4
16 19 3
4 8 1
0 1 13
9 12 11
2 4 12
13 15 17
5 8 7
20 22 11
13 14 13
20 0 18
10 14 7
18 20 4
5 8 12
17 20 1
17 19 1
23 2 10
2 6 11
14 17 8
1 5 13
4 6 13
5 8 18
13 14 8
9 13 13
4 7 10
2 5 18
13 17 18
3 6 11
12 14 4
22 2 14
20 23 3
21 1 6
7 9 6
1 4 17
6 11 15
10 15 1
19 22 5
14 19 18
18 20 2
3 7 13
22 1 17
15 19 9
14 18 4
5 8 1
8 10 15
1 6 16
20 22 11
17 21 18
11 13 2
11 14 7
21 0 2
23 2 7
2 6 4
10 11 7
13 17 12
1 5 18
8 12 1
23 1 8
19 23 12
12 16 6
13 17 9
3 5 18
9 11 5
12 16 7
22 2 6
8 10 5
10 12 9
14 16 5
7 10 5
7 10 9
6 10 6
17 21 16
21 0 17
15 16 1
20 23 8
18 21 14
8 11 2
17 20 8
1 3 9
8 10 4
11 13 1
1 5 9
17 20 12
13 14 14
19 23 11
10 14 6
10 13 9
8 11 9
16 18 11
16 21 10
4 5 5
7 8 5
17 20 12
7 11 12
3 7 10
17 19 15
10 12 11
10 12 7
19 21 1
13 17 13
18 22 10
7 10 11
5 7 15
20 21 1
22 1 7
15 19 7
17 21 1
7 10 8
21 0 9
2 4 18
22 0 17
20 22 1
4 6 4
23 1 2
20 0 6
13 15 9
15 18 4
2 6 12
7 9 2
13 17 7
4 5 3
5 7 3
1 5 2
2 6 1
16 19 14
8 11 18
9 12 14
7 9 7
18 20 9
17 20 13
23 1 3
14 18 1
8 11 1
19 23 14
8 10 8
23 2 10
6 8 4
17 19 1
18 21 8
3 6 12
2 4 5
0 3 18
11 13 3
7 10 1
18 22 9
23 2 13
19 23 3
11 14 2
3 5 5
21 0 10
8 11 12
20 23 9
10 13 13
4 7 7
6 8 6
15 19 17
6 8 4
4 8 3
15 19 5
21 23 11
18 21 16
13 15 5
3 5 7
14 15 14
5 8 7
13 16 11
5 9 13
11 12 6
21 0 15
18 22 11
3 6 1
22 1 15
9 13 13
17 18 7
8 11 2
15 17 18
5 10 18
9 11 2
8 11 7
14 17 1
21 1 13
20 22 3
23 1 6
3 6 8
20 0 18
7 10 6
16 20 18
17 19 12
7 10 5
23 1 6
10 12 5
16 19 7
3 5 9
3 6 6
6 9 16
5 6 14
11 14 9
5 8 14
23 2 4
0 1 13
18 21 16
17 21 1
10 12 4
8 10 18
19 21 8
23 1 12
20 0 6
9 12 8
9 14 3
18 19 4
6 8 9
14 16 1
14 18 10
4 7 18
1 4 9
10 13 9
18 22 6
11 14 11
11 14 2
8 10 14
12 14 16
15 18 15
5 8 18
12 14 1
19 21 16
1 2 10
23 2 11
0 3 12
22 1 7
11 15 17
6 9 9
1 4 17
22 0 18
23 1 7
17 20 15
14 18 18
10 13 17
10 13 11
9 13 18
21 0 6
6 9 17
3 4 10
15 17 18
3 8 4
13 15 7
11 14 6
2 5 15
0 4 4
8 13 2
7 10 11
19 19 17
11 14 9
22 0 9
13 16 4
10 13 18
3 6 10
15 17 7
18 21 2
2 5 15
22 1 12
4 8 1
21 1 10
16 17 18
5 8 18
12 15 3
9 14 1
14 17 17
2 5 7
13 15 4
19 23 13
17 20 13
3 6 8
20 23 11
14 17 13
4 7 5
18 22 11
3 6 8
11 13 18
4 8 3
23 2 6
16 19 14
23 1 13
22 1 12
20 23 5
1 4 1
3 6 14
2 5 5
20 21 11
9 12 17
9 12 8
13 16 11
3 6 16
18 21 5
20 23 12
0 4 5
10 13 2
1 3 13
0 3 17
13 16 6
18 23 17
10 13 14
6 8 9
14 18 13
6 9 1
12 15 14
9 10 8
11 14 14
11 14 3
13 15 6
4 7 1
12 15 2
3 6 8
10 12 18
17 19 10
0 4 13
8 11 4
2 6 11
7 12 16
14 17 2
11 14 16
11 14 9
14 18 4
21 0 17
16 19 6
21 1 6
23 0 18
7 10 5
11 16 2
6 10 10
2 5 7
14 18 10
8 12 3
15 17 2
3 8 5
0 2 4
12 15 5
5 9 1
1 3 7
11 12 6
23 3 12
6 9 1
20 0 2
13 17 8
17 18 12
9 12 16
23 3 18
13 15 8
16 19 11
18 22 18
6 9 6
10 12 10
22 0 1
5 9 1
15 17 17
5 9 4
9 12 9
0 3 12
18 21 4
1 5 1
18 21 14
4 7 11
11 13 4
1 3 17
23 1 4
5 6 4
3 7 15
13 16 2
10 13 14
10 14 18
5 8 18
14 15 18
11 12 2
20 23 16
11 14 3
14 16 4
8 13 11
8 10 5
21 23 13
18 22 16
13 16 15
21 1 9
18 19 16
7 9 15
9 13 2
10 12 14
12 16 7
23 3 6
16 20 5
1 4 11
8 12 5
16 21 9
16 18 10
6 10 7
10 12 14
23 3 8
14 17 14
17 20 18
8 11 8
18 21 16
12 14 11
8 10 18
14 19 7
10 14 3
21 23 13
17 18 14
18 19 15
10 13 6
11 13 2
11 15 6
10 14 4
2 4 8
18 21 15
4 7 8
17 20 15
6 10 7
21 1 10
5 8 7
2 5 11
10 13 7
4 6 2
20 0 17
18 19 13
6 9 15
23 0 11
19 22 8
8 10 5
15 19 17
5 7 18
15 17 10
12 15 3
15 19 9
7 10 16
5 7 1
23 3 6
2 6 11
6 9 4
8 11 2
15 19 5
9 13 5
2 5 15
22 0 1
16 20 10
21 0 6
7 9 17
3 5 6
2 5 16
5 7 13
1 4 10
11 16 16
22 0 14
12 14 14
22 2 13
15 18 7
18 20 8
16 19 17
16 17 16
21 0 12
15 18 17
9 12 17
14 17 16
23 4 4
2 4 8
7 10 10
7 10 18
23 2 10
8 10 5
22 3 4
14 17 3
23 3 14
9 11 11
6 7 8
15 18 17
19 20 8
19 20 2
7 11 4
13 17 15
9 12 11
21 23 4
0 1 13
11 14 7
2 6 13
9 11 18
9 13 3
7 9 14
9 12 3
5 8 8
9 13 4
12 14 7
9 13 3
23 3 11
3 5 17
17 21 17
7 10 9
5 8 3
5 8 16
3 6 1
20 23 7
1 4 17
23 3 17
2 3 5
14 16 11
17 19 7
9 13 10
11 13 18
23 2 8
7 10 10
3 6 4
7 10 14
8 10 16
8 10 1
6 10 4
10 13 6
16 21 13
16 18 1
14 17 15
21 0 6
10 13 10
0 3 8
4 8 13
0 4 3
1 5 12
20 22 7
23 2 7
9 12 10
10 14 1
3 6 14
12 14 11
6 9 15
15 18 4
3 6 5
3 7 14
4 6 15
12 13 4
16 18 11
1 4 8
22 3 15
20 23 17
15 18 17
18 21 8
16 18 3
1 4 6
4 7 7
8 11 12
0 3 17
4 7 13
19 22 5
19 0 11
21 23 12
9 12 6
14 18 9
8 11 2
6 9 18
5 9 3
21 23 7
20 23 15
14 17 18
15 19 16
11 16 17
20 0 17
16 18 17
11 13 11
0 3 18
4 5 13
10 13 15
15 18 1
10 14 14
9 11 18
15 17 2
16 20 2
9 13 9
15 18 10
12 15 15
16 21 18
2 3 17
18 23 2
20 22 18
3 5 7
18 22 12
1 4 4
12 16 18
7 11 13
11 15 18
3 6 1
22 2 7
19 22 4
17 20 3
6 9 2
11 15 5
5 8 7
20 22 10
21 1 1
3 7 1
3 6 14
6 10 15
11 13 4
10 11 7
23 2 11
23 1 3
11 13 14
20 0 8
12 15 9
17 21 16
9 13 18
17 20 18
1 5 17
10 12 5
21 23 18
3 6 18
6 8 7
17 19 11
1 4 14
7 10 2
20 23 18
8 12 8
9 13 2
13 14 18
14 17 6
14 16 2
14 14 10
8 11 11
21 0 7
19 0 7
17 21 13
13 15 1
19 22 15
4 7 5
16 19 10
19 21 17
11 15 8
11 14 13
10 14 2
12 14 1
8 11 9
17 20 4
10 13 9
14 17 5
23 2 3
21 1 14
21 0 6
21 23 2
13 17 18
5 7 5
0 3 1
6 9 5
1 5 16
1 3 18
21 1 8
9 12 4
6 11 8
21 0 1
11 14 17
6 8 18
20 23 17
4 8 8
9 11 9
3 6 4
19 22 5
7 10 3
18 22 7
8 9 1
8 10 6
19 20 4
4 7 18
22 2 16
10 12 18
12 14 16
15 19 18
8 12 11
16 19 18
21 22 18
2 6 13
21 0 15
23 1 1
4 5 8
4 7 6
16 20 16
4 6 3
2 5 5
1 2 12
20 23 5
15 18 9
8 13 5
17 20 15
23 1 18
21 1 9
19 23 9
0 2 13
13 16 7
20 1 7
7 11 11
6 9 2
17 21 3
21 0 7
0 4 9
13 15 13
10 13 7
10 12 8
7 9 6
14 19 12
11 14 5
13 13 17
4 8 6
6 6 8
19 23 8
13 18 6
10 15 15
22 1 13
11 14 2
18 21 17
5 7 16
11 16 4
8 9 17
6 8 12
19 20 10
2 4 10
18 21 10
6 11 11
20 23 16
23 3 6
12 12 4
2 6 18
16 20 2
18 21 3
10 11 16
16 20 14
10 14 11
13 17 7
5 7 15
6 10 11
8 11 16
19 21 14
16 21 14
22 1 1
2 5 3
2 5 1
15 17 18
11 15 12
11 13 6
21 0 6
6 8 12
0 2 12
16 18 11
3 7 17
5 9 4
0 3 9
21 22 8
21 0 6
17 19 18
2 6 17
15 20 15
13 16 8
5 8 4
1 2 9
10 13 17
14 18 5
20 21 11
1 5 14
18 21 2
7 11 17
9 11 9
7 10 17
23 3 17
9 11 10
15 19 15
14 18 16
5 7 14
3 6 14
6 9 17
7 9 13
16 20 4
13 16 3
8 11 13
4 8 9
6 10 17
16 20 9
18 22 9
2 4 18
3 6 3
4 9 14
9 14 16
15 17 2
1 6 1
9 14 10
11 14 4
21 1 8
7 9 16
8 12 6
14 15 2
9 12 6
7 10 8
6 8 6
20 23 1
19 21 4
13 15 10
15 18 15
3 7 6
0 1 10
19 23 1
19 23 9
1 4 13
21 23 4
16 21 15
9 12 18
21 0 7
17 20 16
6 11 1
12 15 13
1 5 2
16 20 12
17 21 11
4 5 9
15 18 13
5 10 6
3 6 18
18 21 17
17 20 8
9 13 4
10 12 12
10 13 18
0 4 4
6 10 9
22 2 5
5 8 13
18 21 17
5 8 5
10 13 8
15 16 4
3 7 13
10 15 16
14 20 3
15 21 1
11 13 15
22 2 17
20 22 3
22 0 17
9 11 16
15 18 3
3 4 17
18 20 16
13 15 13
12 15 11
19 23 7
9 13 13
2 4 17
17 21 13
23 2 9
19 21 1
6 9 1
16 18 16
20 23 10
15 18 13
23 2 11
18 19 11
22 2 6
13 17 12
6 8 7
16 18 3
13 16 13
9 14 11
12 14 2
21 1 1
3 6 6
4 9 8
19 20 7
2 5 1
16 18 2
9 12 10
7 11 6
1 4 10
5 10 9
5 10 9
20 22 3
4 8 5
13 15 1
1 5 7
10 13 7
8 12 6
2 6 14
3 6 4
12 14 18
18 21 18
0 5 3
16 19 2
8 12 5
22 1 9
21 0 15
13 16 9
3 6 1
16 17 2
11 15 12
14 18 7
11 13 6
14 15 5
11 13 5
19 22 11
9 11 7
7 9 10
1 4 9
4 9 8
7 10 3
22 1 10
14 17 1
16 20 13
2 6 11
10 13 4
23 2 18
15 17 15
3 5 17
11 16 10
8 10 4
18 21 15
7 11 18
18 21 1
1 4 2
15 18 17
21 0 17
7 9 13
18 21 2
2 6 14
13 16 9
12 16 11
5 10 11
16 19 17
14 17 18
11 16 17
16 19 2
5 9 16
12 16 13
16 18 3
14 18 5
6 10 6
3 7 1
13 16 5
9 12 5
21 23 16
16 18 4
2 5 3
4 7 18
5 8 18
1 6 11
2 6 8
20 22 17
15 18 6
3 7 1
11 16 2
6 9 4
6 9 17
9 13 13
1 4 14
4 5 15
17 22 1
17 20 9
0 4 16
7 10 10
2 4 18
15 18 5
10 13 4
14 16 7
12 15 14
19 21 13
7 10 5
16 17 18
20 0 4
12 14 6
18 20 18
8 10 4
21 0 3
13 16 6
15 18 7
9 13 9
7 11 9
8 10 17
8 11 12
13 15 3
9 12 13
17 21 9
22 1 16
9 11 2
23 2 7
6 8 6
2 4 4
12 16 1
5 7 12
3 7 4
11 14 10
19 23 11
18 21 15
10 13 5
21 1 12
20 23 16
13 15 11
15 18 8
13 17 16
0 3 8
8 11 4
15 19 5
21 23 4
15 19 16
7 10 13
6 8 2
18 23 11
14 19 1
0 3 5
22 1 10
6 9 13
8 12 9
10 13 13
10 12 4
3 5 9
14 17 15
13 16 16
22 2 9
7 9 17
2 4 4
21 2 7
8 11 1
19 20 1
2 5 18
23 0 1
2 2 17
12 15 3
9 13 9
9 11 12
15 18 15
12 15 5
5 8 13
14 16 14
23 1 15
14 18 15
1 3 1
15 17 6
10 13 15
7 11 18
2 5 11
2 5 12
13 18 5
0 2 13
19 22 3
4 8 14
8 10 9
2 4 12
8 11 7
18 21 16
14 15 16
22 2 12
6 8 18
19 22 18
5 8 11
11 15 8
16 19 9
5 8 2
23 2 14
3 6 7
0 5 14
16 19 2
22 1 7
6 10 12
2 6 13
18 21 18
17 20 6
6 9 14
8 12 3
11 14 3
16 19 7
1 3 18
2 5 17
19 21 1
14 17 2
21 0 14
3 6 10
12 14 9
4 8 15
21 0 12
17 20 17
10 13 5
23 3 5
9 11 9
16 19 15
7 9 7
15 19 8
0 2 1
19 22 2
13 17 1
8 12 8
7 9 8
8 12 18
12 14 7
2 5 9
22 0 10
23 3 8
10 13 1
0 2 5
14 19 2
2 7 1
11 13 15
14 16 7
6 8 11
21 0 11
8 11 2
17 19 2
12 17 4
0 3 7
12 15 14
20 23 1
5 8 15
11 16 18
7 11 5
11 15 16
7 8 6
19 20 12
20 23 10
13 18 6
3 7 16
16 20 1
23 3 7
18 21 5
10 14 18
0 2 4
6 9 6
2 5 15
6 10 9
12 15 13
1 5 5
14 16 12
0 3 5
21 23 14
16 20 5
15 16 10
8 10 12
21 2 9
6 9 2
5 8 12
4 7 4
20 23 13
19 21 5
18 21 8
14 16 17
13 16 18
10 13 14
4 5 17
22 0 9
5 7 8
15 18 6
12 17 16
8 11 7
6 9 14
4 8 17
10 14 2
10 14 4
19 21 18
16 18 7
22 2 17
17 20 14
0 3 15
22 0 9
8 10 5
1 3 12
7 11 7
14 18 16
13 15 7
19 22 16
22 1 16
17 21 14
9 12 1
21 0 11
8 11 8
22 2 7
18 22 1
12 15 17
13 17 16
17 21 1
9 13 7
22 2 10
21 23 10
14 18 3
19 22 4
6 9 5
2 6 10
7 11 4
19 22 4
17 20 14
2 6 13
7 11 12
14 17 5
1 4 17
15 17 3
18 21 17
11 15 3
13 16 12
7 10 6
17 21 7
0 2 3
19 21 18
9 13 13
22 1 11
2 5 12
1 3 1
16 19 11
18 20 16
20 23 6
5 9 14
10 13 15
20 23 16
16 20 15
19 23 9
14 16 10
12 14 2
18 21 1
17 21 15
6 11 2
9 11 2
3 4 18
18 21 10
6 9 13
23 2 15
1 4 8
15 17 6
15 17 16
6 10 11
11 13 11
16 20 5
15 17 14
2 6 16
8 12 15
6 8 12
19 23 8
18 22 5
19 0 13
7 12 3
18 21 12
4 7 4
4 7 7
3 6 2
17 19 12
20 22 3
12 15 14
15 18 18
21 1 4
9 11 3
21 23 17
22 2 15
17 20 3
20 23 13
9 12 4
1 4 16
13 15 15
20 1 3
22 1 5
17 22 1
23 2 2
17 22 6
1 4 9
13 14 10
22 0 10
0 3 17
2 6 18
9 13 8
9 13 17
12 14 3
1 3 3
9 14 12
20 22 18
20 22 2
23 2 6
1 4 17
8 9 9
3 6 10
14 18 2
0 3 1
18 20 9
13 17 6
16 18 8
17 21 15
9 13 7
23 1 7
6 9 10
22 0 1
11 15 6
14 19 6
19 22 13
0 3 11
2 4 16
14 17 14
6 9 10
15 16 18
14 18 18
11 16 3
17 20 12
22 1 6
20 23 17
21 21 11
0 3 4
20 23 17
12 15 7
11 14 4
0 3 11
8 13 18
23 1 4
5 9 8
8 11 14
22 0 10
8 10 9
7 10 1
1 3 12
19 22 18
3 6 10
13 17 2
22 1 7
17 18 11
18 22 3
3 6 4
2 5 5
1 2 16
4 9 1
16 19 13
15 16 11
16 20 15
7 8 3
16 17 2
21 23 9
11 14 14
20 0 15
6 11 4
17 21 10
7 10 3
23 1 15
13 17 4
16 19 14
21 2 8
14 17 15
23 2 11
19 20 8
19 22 5
13 16 7
13 16 15
13 16 18
23 2 8
18 22 1
21 0 12
19 23 6
16 19 11
21 23 2
12 15 6
7 9 10
3 6 9
21 0 2
12 17 16
11 14 2
9 11 2
17 20 6
10 14 13
12 16 3
4 7 16
5 7 10
22 1 11
3 6 8
16 19 18
11 14 11
19 23 11
2 6 10
19 20 4
21 1 14
4 6 6
0 4 12
13 15 6
10 10 1
12 15 10
17 19 5
13 15 7
1 6 14
5 8 9
8 10 3
1 4 6
14 17 7
10 12 14
9 12 11
15 19 13
13 17 9
13 17 18
4 7 7
14 18 2
19 23 13
12 16 8
9 13 1
16 19 12
9 11 16
15 17 8
7 10 15
15 18 8
10 12 14
23 4 13
7 11 16
11 12 17
1 5 4
10 12 4
17 20 7
18 22 17
16 20 10
23 2 11
11 14 8
0 2 11
19 23 9
16 18 16
0 3 1
16 20 15
22 0 13
16 20 13
20 0 10
19 22 1
8 11 5
10 14 7
21 0 3
16 18 1
19 22 9
23 3 3
3 6 15
12 15 1
14 17 5
15 19 6
4 7 12
16 18 11
2 4 8
12 14 13
13 17 1
3 6 16
8 12 8
5 7 1
21 1 4
16 20 8
14 17 18
12 12 16
1 5 10
15 20 17
0 5 18
1 4 18
6 8 2
16 18 7
5 9 3
4 7 11
11 13 7
17 19 8
9 14 17
17 21 13
6 8 7
6 11 15
3 6 5
5 7 10
10 14 7
0 3 9
18 20 18
18 21 18
16 21 17
20 22 9
7 10 10
10 13 14
19 0 17
15 18 2
20 23 4
18 22 3
19 22 4
11 15 16
0 3 8
7 12 12
13 17 13
23 3 10
11 14 2
8 12 14
23 3 13
2 4 10
11 14 6
11 14 10
15 18 4
11 13 11
8 12 18
19 23 14
21 0 5
3 6 8
18 22 8
12 15 12
5 8 11
8 11 9
9 12 11
23 3 3
7 9 5
19 22 4
8 13 16
4 8 11
4 7 4
2 4 4
4 7 3
0 2 17
4 8 2
0 3 3
1 3 8
11 14 9
23 0 9
6 9 1
7 9 10
2 4 13
0 3 1
4 7 9
10 13 10
14 18 12
11 14 14
6 9 5
11 14 1
13 16 12
9 13 3
20 23 8
18 20 3
7 10 18
3 6 12
5 9 2
4 7 17
13 18 18
19 21 9
2 4 16
17 21 12
19 22 6
10 14 3
23 2 8
23 2 12
22 23 12
20 22 1
23 2 11
2 6 15
22 0 13
3 6 5
22 1 6
10 13 8
12 16 4
3 7 16
5 8 7
20 22 18
20 23 16
19 21 1
2 5 1
4 6 2
0 4 10
23 3 6
13 15 1
11 13 2
10 15 6
23 0 13
10 12 12
8 11 13
21 1 13
12 15 3
13 16 7
2 5 9
2 4 5
2 5 9
21 23 10
20 23 2
20 0 17
0 2 14
5 8 16
3 6 14
18 20 2
6 9 11
2 7 7
18 20 2
16 18 8
16 20 5
4 6 12
4 7 1
16 19 12
20 23 14
23 1 7
9 12 3
14 17 4
12 17 11
9 11 1
16 20 10
14 16 17
15 20 17
13 14 13
22 23 10
3 7 15
1 5 7
6 9 14
17 19 6
6 10 6
8 10 11
22 3 3
15 20 2
21 23 13
3 6 16
4 6 15
11 16 14
15 18 17
17 21 13
21 1 2
19 22 10
9 13 6
5 8 15
16 17 8
12 15 14
3 7 11
20 23 10
6 9 5
20 0 1
8 11 9
18 20 12
15 18 7
20 0 1
13 16 7
22 1 2
20 23 4
0 3 11
16 20 15
2 3 18
12 14 17
23 3 17
16 21 12
2 5 1
22 0 3
7 12 4
20 0 18
12 15 9
10 12 2
12 13 10
6 9 7
14 16 18
0 2 3
4 6 17
23 23 12
2 4 5
1 4 12
0 1 4
9 11 17
22 0 3
17 21 18
23 1 5
3 5 17
22 0 4
0 3 18
6 9 4
11 14 18
2 4 11
20 0 15
6 9 18
6 10 6
1 5 10
10 11 16
4 5 13
0 4 8
10 12 8
15 18 3
19 23 3
18 21 14
0 2 15
16 18 18
9 13 9
22 0 13
3 7 5
22 3 5
5 8 8
6 10 14
17 21 8
8 12 15
7 9 5
19 22 13
20 23 8
0 3 17
15 19 13
8 10 12
15 17 13
22 1 9
17 20 1
5 8 15
7 8 16
4 7 11
19 20 1
17 21 15
6 9 1
4 7 13
10 13 8
22 2 9
15 17 1
21 0 4
23 1 15
19 23 14
23 2 9
1 4 8
2 4 11
20 0 3
17 19 11
4 5 14
3 7 16
2 5 12
9 13 11
7 10 3
11 14 11
23 3 14
17 20 6
3 6 6
15 17 5
11 16 2
19 22 2
23 0 16
10 13 18
20 23 16
1 6 2
23 2 12
21 23 18
22 23 5
3 7 2
2 7 16
6 9 5
9 12 7
7 9 9
22 23 16
19 21 15
5 7 15
16 19 2
10 12 7
11 14 8
23 1 9
6 9 6
10 12 13
1 4 4
4 7 11
5 11 13
20 23 9
10 13 6
21 0 16
14 17 14
11 14 11
1 6 10
13 16 9
9 11 16
1 3 16
1 4 2
4 8 3
17 20 7
18 21 4
16 19 13
9 10 18
7 10 4
6 8 10
20 23 4
1 3 1
0 2 8
8 11 5
17 19 6
14 17 12
16 19 18
19 21 17
6 9 7
0 2 18
19 21 12
1 5 15
1 3 17
8 10 1
23 4 7
15 21 5
13 15 15
13 18 10
5 8 1
18 21 18
17 21 12
18 20 1
4 7 13
7 10 14
11 13 13
9 14 1
3 5 13
5 10 16
14 16 16
19 22 12
3 7 12
19 22 14
19 22 10
22 0 3
23 2 10
20 23 8
11 14 13
9 12 1
10 14 15
13 17 13
19 22 11
9 12 16
3 6 8
2 4 13
13 16 15
0 3 8
21 1 13
21 0 18
9 12 16
6 9 2
12 16 10
0 4 18
9 13 3
20 0 12
15 17 1
8 11 12
23 2 17
16 18 12
21 1 17
6 10 9
15 19 15
15 16 1
23 2 16
19 22 18
20 23 18
11 14 8
9 12 6
4 8 17
7 10 8
6 9 16
16 20 7
14 18 14
13 17 18
2 5 6
20 22 3
4 7 4
14 18 10
22 0 1
15 17 14
11 13 16
1 6 12
5 8 6
5 7 16
19 21 14
6 9 6
11 16 18
22 1 12
13 15 3
23 2 9
10 13 16
10 13 18
21 0 11
21 1 8
5 7 11
15 18 12
19 22 13
11 13 18
23 1 18
18 19 17
14 17 18
7 10 17
3 4 5
6 7 8
15 17 5
7 10 5
19 22 7
5 7 4
10 13 15
19 22 1
11 14 3
6 7 15
7 10 16
17 20 10
17 20 12
13 15 10
13 15 3
21 0 14
19 21 11
8 11 13
18 21 4
19 22 10
13 17 12
3 6 7
10 12 10
0 3 18
16 18 2
9 12 4
11 14 18
20 23 7
3 7 4
2 4 16
9 13 6
12 15 11
8 11 8
14 16 15
3 6 8
19 22 2
14 19 10
6 10 12
20 22 14
2 6 7
9 12 1
3 5 9
12 14 11
2 5 12
9 12 17
4 7 10
22 2 13
12 17 7
4 8 15
8 12 16
16 18 17
10 15 5
9 12 12
10 13 3
12 15 16
21 0 14
17 20 12
6 7 14
1 6 13
10 15 5
19 23 15
10 11 8
21 0 11
23 3 11
17 21 2
14 17 17
19 23 7
5 9 8
2 6 5
18 20 14
21 1 14
12 18 13
16 18 2
11 14 15
1 4 12
11 14 8
16 20 11
18 21 5
19 23 7
16 17 15
12 14 16
5 8 14
19 23 1
17 21 13
19 22 1
19 22 5
19 20 7
23 1 5
6 8 11
17 19 18
15 19 7
4 6 12
14 15 1
16 20 11
7 9 7
20 21 1
4 7 15
5 8 12
1 4 1
18 21 11
9 13 15
14 16 8
12 14 10
23 1 4
3 5 11
11 15 17
1 4 11
13 18 4
3 7 14
15 21 6
15 18 9
3 5 17
11 13 3
0 3 11
4 6 14
4 7 8
7 11 14
1 3 15
0 5 5
19 23 12
12 15 12
11 13 8
21 23 3
13 16 12
16 18 5
11 12 13
5 8 8
19 23 8
21 0 18
13 15 3
21 0 16
3 5 12
16 19 2
11 13 4
12 15 13
11 15 18
16 19 9
3 6 8
22 0 12
3 4 17
6 9 16
5 7 7
18 22 7
7 10 17
13 16 18
1 5 6
1 4 7
9 11 10
6 8 10
16 19 8
15 18 13
13 14 10
7 10 16
2 6 16
8 11 4
16 19 17
12 16 18
16 17 1
5 9 11
5 6 13
22 2 8
18 23 15
15 19 4
23 2 11
15 18 14
20 23 4
0 4 14
1 4 11
7 11 18
13 16 8
0 4 16
0 4 12
0 2 14
11 12 3
9 11 17
22 1 6
0 3 18
17 21 16
19 23 3
22 2 9
10 14 9
1 4 17
7 10 13
16 19 8
15 20 2
22 0 8
17 18 16
16 20 12
3 6 14
6 9 9
13 16 1
21 22 4
21 2 6
2 5 1
19 22 15
21 0 8
6 8 13
14 17 6
6 10 17
7 12 15
13 15 6
22 1 4
3 6 8
22 3 2
0 3 12
4 8 13
19 23 18
1 2 9
4 7 18
22 1 17
2 4 11
14 16 10
10 12 8
10 14 7
23 2 2
0 5 16
17 22 11
0 3 8
6 9 17
17 22 11
14 17 10
22 1 4
21 23 9
17 18 1
13 16 3
7 11 10
19 23 9
8 9 11
18 20 15
0 3 7
10 13 18
18 21 9
15 18 8
2 4 4
8 12 15
16 20 4
20 0 17
3 5 18
1 7 8
7 11 2
10 11 17
10 14 4
17 20 12
20 23 14
7 9 15
18 21 4
16 19 4
4 7 11
11 15 18
10 14 6
12 16 13
17 20 8
17 20 1
7 12 5
21 0 17
4 5 5
11 14 17
17 19 11
5 9 3
1 6 9
14 15 3
3 5 2
14 17 8
4 6 13
17 19 8
11 12 11
4 7 13
23 2 2
10 11 4
8 11 11
13 16 9
0 2 6
13 17 5
13 16 4
4 7 5
12 16 8
22 2 15
4 7 1
5 6 15
11 14 10
2 5 9
13 17 8
3 6 13
4 7 11
15 18 10
10 12 5
21 1 5
11 14 13
1 4 9
10 12 8
12 13 7
16 18 15
5 9 10
8 10 4
13 16 11
21 0 8
22 1 10
18 19 14
6 8 18
15 18 2
22 2 1
21 23 11
8 10 4
21 1 6
18 21 2
3 7 18
16 20 16
3 3 11
17 20 8
13 16 8
7 11 9
7 10 1
17 18 9
18 18 17
12 16 1
10 11 7
3 7 10
18 22 12
13 15 7
18 21 5
13 17 5
19 23 7
5 8 10
1 4 13
9 12 17
5 7 14
14 16 17
0 2 10
16 18 2
4 8 13
18 21 7
20 22 16
1 4 4
6 9 17
13 16 13
6 7 17
8 11 16
11 12 5
1 4 1
22 2 9
18 20 11
11 16 6
13 15 1
4 9 4
23 2 7
23 1 16
12 15 10
3 4 16
13 17 3
22 1 7
16 19 4
0 4 13
23 2 18
0 3 11
1 4 17
12 15 6
4 8 3
23 2 1
14 16 14
5 8 4
17 22 7
6 9 2
5 9 15
2 5 17
16 18 14
11 14 3
16 18 12
4 7 6
5 6 4
14 17 15
17 20 9
23 2 6
17 18 9
21 1 17
12 17 11
13 17 15
7 11 16
16 18 13
11 13 1
22 2 15
7 10 14
10 12 18
16 19 8
21 0 1
17 20 16
23 4 1
16 20 14
3 6 7
5 6 1
3 6 18
6 10 8
18 22 2
7 10 9
8 12 13
5 8 13
4 6 18
23 3 14
22 2 8
15 19 14
4 7 14
13 17 9
13 15 9
13 15 8
12 15 11
2 4 4
9 11 18
19 20 11
7 9 3
13 17 12
19 21 14
9 13 6
4 8 11
16 18 11
16 18 11
21 0 6
2 4 13
5 8 16
2 5 7
19 22 10
1 4 6
2 5 17
13 16 13
23 2 4
16 20 3
14 19 12
11 13 11
23 2 18
1 2 8
2 5 7
4 6 2
14 16 6
4 6 4
17 20 17
4 9 9
5 9 1
20 1 11
21 1 16
17 21 14
10 13 10
6 10 17
2 5 7
0 3 6
7 11 8
12 16 12
10 11 6
10 16 13
23 3 8
8 11 16
22 1 13
20 0 16
10 13 14
1 5 13
9 13 8
18 22 7
21 0 4
14 15 14
3 6 11
19 21 17
13 15 17
16 20 14
22 2 2
2 5 5
2 4 18
2 5 14
23 2 9
2 6 1
17 20 13
5 6 5
17 19 6
10 13 10
2 6 16
0 4 13
19 21 13
18 20 12
2 5 17
2 6 5
3 6 18
1 3 8
6 10 5
3 6 8
21 23 5
14 17 3
7 10 14
22 1 14
10 13 9
13 15 10
17 21 8
23 2 4
1 4 4
20 23 7
5 7 6
21 0 16
9 12 6
6 10 18
19 22 16
3 6 11
20 1 9
21 23 8
4 7 9
1 4 8
9 11 14
8 11 14
9 13 5
10 13 1
12 16 12
12 14 13
19 23 18
22 1 15
13 16 6
6 10 8
23 1 1
21 23 8
13 17 1
14 18 18
23 3 2
7 10 18
11 16 13
10 15 15
13 16 10
1 4 5
9 12 7
8 11 3
17 20 18
18 22 16
14 18 15
3 6 17
16 20 17
7 10 9
5 9 17
19 22 8
14 18 17
14 18 8
10 12 3
23 2 10
23 1 18
16 19 12
16 19 16
16 19 13
11 15 3
17 17 11
0 2 14
2 5 7
20 0 1
5 7 1
15 19 8
18 21 8
21 2 11
15 18 12
6 7 14
23 2 11
1 4 8
17 20 9
21 0 6
1 3 15
0 2 8
8 13 12
10 14 16
8 12 13
18 21 9
9 13 10
11 15 1
5 8 10
18 20 6
13 17 8
18 20 13
21 0 13
13 15 14
23 4 15
17 20 13
17 19 5
0 3 6
1 5 1
2 5 12
14 17 4
0 2 16
16 20 16
17 20 17
22 2 3
8 12 12
8 11 5
14 16 10
17 19 13
8 10 7
9 11 15
2 4 18
15 17 14
19 23 17
20 23 6
4 7 5
23 2 16
1 3 7
3 5 18
10 13 11
20 23 10
22 0 8
4 8 12
5 8 9
8 12 7
12 15 4
18 21 4
6 6 5
6 9 12
10 12 7
5 8 7
13 18 18
2 6 13
13 18 12
13 16 2
20 23 9
21 23 4
3 6 9
15 18 1
1 2 15
5 9 5
19 21 17
12 16 11
20 0 18
16 17 12
11 14 13
14 18 14
16 18 12
16 19 2
16 20 17
4 8 17
2 6 7
3 5 3
7 10 10
18 23 6
10 14 7
9 10 14
21 0 8
1 3 15
23 3 5
18 21 17
21 2 12
16 19 12
14 17 16
16 19 10
10 12 15
5 9 16
15 20 16
8 10 13
20 21 12
18 22 18
4 7 11
2 5 17
7 11 3
12 15 12
4 6 10
13 16 7
20 1 3
21 0 4
12 15 10
2 5 1
11 15 7
6 10 3
20 23 5
0 2 7
22 1 14
11 13 15
2 3 1
3 6 5
9 11 10
8 12 7
2 5 9
2 8 16
16 19 12
13 17 11
6 8 13
7 10 12
20 23 15
10 14 17
12 15 4
16 18 11
0 1 15
11 15 11
11 15 16
3 5 9
15 17 3
14 16 14
14 17 11
1 5 7
21 1 3
4 6 11
5 10 8
8 10 3
5 9 8
12 16 8
22 0 14
4 6 7
2 4 18
0 2 11
6 9 17
1 4 4
21 23 5
21 23 5
20 23 14
22 3 7
15 18 17
6 9 7
5 8 7
19 22 4
2 5 11
4 8 6
7 10 18
21 1 5
1 4 6
18 22 7
8 12 2
0 4 5
9 12 3
14 19 6
15 19 5
9 12 9
19 0 4
17 21 2
12 13 14
9 11 5
1 4 15
23 4 8
20 1 7
19 21 10
15 18 1
0 4 8
11 14 12
8 10 15
21 23 4
0 6 8
23 3 7
22 2 8
16 20 3
22 0 15
9 11 4
4 8 12
6 9 13
1 3 16
17 22 1
0 3 9
15 18 16
23 2 5
4 9 12
4 6 6
19 23 13
12 15 14
6 9 5
18 21 14
22 2 13
19 22 9
7 9 8
2 6 10
23 2 16
9 11 10
22 0 13
18 20 18
19 21 16
16 19 13
4 7 3
11 14 8
6 9 6
6 9 11
23 3 3
19 22 7
19 23 6
18 21 9
8 11 3
12 14 17
9 12 18
20 0 4
13 16 10
23 2 9
12 14 6
23 3 2
5 7 5
5 9 10
8 11 15
4 7 14
18 22 9
8 12 12
1 3 11
12 15 11
14 18 14
19 23 1
6 10 8
8 11 10
8 10 6
1 3 4
6 9 11
7 11 5
12 16 7
2 5 15
4 7 3
19 22 12
13 16 11
18 22 8
9 11 8
7 9 16
8 11 9
6 8 18
12 15 1
11 17 1
11 13 16
21 1 3
21 0 14
6 9 18
8 10 13
12 15 17
21 23 10
19 23 4
18 22 4
4 7 12
3 7 16
10 14 5
16 20 10
5 7 9
20 23 13
9 12 12
4 5 3
8 12 5
8 12 12
6 10 11
22 1 13
11 16 4
9 12 17
13 15 4
8 12 15
14 17 4
14 17 5
4 4 2
14 16 4
5 7 16
18 20 5
10 14 6
13 16 12
11 17 13
19 21 14
4 6 2
16 20 17
23 2 9
18 23 16
21 23 11
20 0 10
13 17 15
3 5 7
1 4 13
13 14 9
2 5 11
4 8 10
15 18 2
4 8 4
22 1 9
13 16 2
18 21 14
18 20 14
11 16 6
5 8 18
16 18 9
9 15 13
4 8 7
6 7 7
8 9 16
11 15 18
17 21 9
10 13 16
7 10 13
10 12 15
12 17 2
3 8 13
3 5 11
0 4 8
6 9 9
20 22 4
8 12 17
8 12 10
19 22 14
11 13 11
22 2 5
0 3 16
21 23 3
19 20 10
9 12 8
14 18 14
14 17 4
0 3 16
18 21 8
1 5 2
15 18 9
12 13 2
21 0 18
0 4 17
21 23 12
8 11 4
19 23 3
19 22 5
22 1 17
2 5 2
1 3 18
5 9 4
19 22 5
10 13 3
19 22 8
6 9 9
9 12 3
0 3 18
13 16 12
2 4 14
4 6 5
18 20 1
17 20 12
4 6 5
23 3 13
9 13 17
4 7 16
7 10 18
8 11 3
19 22 8
0 5 11
17 21 8
10 12 17
6 9 13
22 0 5
16 19 9
16 20 9
10 12 7
6 5 5
19 21 12
17 19 6
8 11 10
18 21 15
4 8 1
22 1 17
3 6 5
1 5 8
21 1 8
9 11 1
2 6 12
4 6 10
3 6 8
22 1 3
17 20 4
13 17 15
16 19 12
12 13 5
23 2 2
4 6 17
10 14 1
6 10 8
0 4 6
6 8 14
19 22 12
11 14 15
10 13 1
2 6 15
6 10 9
16 20 10
15 18 10
2 4 13
19 22 8
7 9 8
22 2 18
12 15 18
3 7 8
20 22 5
22 1 1
20 0 11
13 17 14
12 14 18
15 21 10
20 23 15
1 5 8
14 16 8
7 9 4
6 10 5
18 22 6
9 12 3
21 1 13
8 7 11
22 2 8
10 14 2
13 17 14
12 15 1
18 21 16
3 6 3
3 7 13
16 20 13
3 7 1
19 19 1
2 4 4
10 13 9
8 10 14
23 1 15
19 21 3
6 7 11
16 18 4
17 21 14
19 21 18
13 15 5
18 20 4
16 20 11
9 12 8
20 0 12
2 5 7
2 5 8
0 4 2
20 23 18
3 7 8
19 22 2
6 8 3
14 15 9
11 14 1
12 14 6
22 1 13
9 12 2
3 3 15
12 14 10
20 22 8
13 16 5
9 15 14
19 23 11
10 13 10
4 6 3
4 8 17
11 15 10
1 3 17
23 2 6
6 10 9
9 13 2
9 11 8
16 19 6
13 15 4
4 6 15
2 5 14
11 16 1
7 11 5
8 8 11
19 22 3
19 23 16
15 19 6
23 2 7
21 0 7
8 12 16
16 21 3
9 11 15
23 1 7
3 6 10
20 0 3
2 5 13
21 23 13
10 14 8
11 14 9
11 15 1
22 1 16
21 0 11
23 3 3
8 12 13
15 19 17
0 4 12
14 16 6
4 7 2
4 6 3
20 0 3
19 21 2
19 23 6
22 2 3
12 14 1
7 8 15
14 16 7
19 21 2
12 16 18
20 0 17
13 16 6
20 0 1
6 9 1
9 13 18
3 7 8
12 15 7
20 23 6
4 8 18
6 11 14
6 7 6
12 16 1
16 19 14
11 14 5
18 20 10
19 22 2
3 7 7
8 12 6
20 22 7
6 10 10
19 23 2
7 10 11
11 13 7
6 10 1
0 3 18
17 21 2
19 21 18
10 14 5
1 3 9
15 18 11
18 20 4
21 23 18
20 22 11
15 20 7
14 17 16
20 23 5
10 12 14
2 5 7
3 7 8
5 7 13
7 11 9
19 21 14
4 7 7
20 0 6
8 12 6
6 8 18
10 14 12
17 20 8
21 0 12
13 16 11
6 11 3
2 6 18
7 12 17
23 1 8
13 16 1
12 16 9
16 18 2
12 17 15
0 2 12
5 7 9
0 3 17
6 8 9
13 15 5
6 8 18
16 20 15
9 12 1
0 2 9
0 3 8
5 9 4
2 4 10
13 16 11
4 7 2
2 6 4
4 8 3
6 7 2
13 16 6
4 7 8
4 8 16
3 6 5
18 20 9
0 4 8
23 3 12
7 8 8
6 9 14
5 8 3
14 17 6
10 14 11
8 12 6
17 19 9
17 21 4
13 17 6
18 21 11
19 0 8
8 11 13
3 4 13
0 4 12
14 16 14
6 10 17
5 8 13
22 1 18
12 15 8
5 9 11
2 5 12
0 3 5
15 18 13
7 10 14
15 19 8
16 19 14
23 1 10
12 18 14
4 7 18
22 2 12
4 8 4
13 18 8
12 15 6
20 0 6
7 9 1
17 20 17
5 8 4
4 7 2
4 8 13
0 4 17
23 3 2
11 16 16
4 8 7
20 1 7
3 5 12
13 16 6
21 1 7
2 6 18
21 1 4
23 4 12
5 7 1
13 15 17
22 0 10
13 15 14
22 2 11
4 6 11
7 9 15
9 11 3
11 13 5
1 5 2
13 16 12
6 8 1
2 5 7
13 16 16
3 6 12
7 10 9
21 21 10
20 23 3
14 16 4
6 10 3
9 12 3
2 6 16
0 1 2
1 3 13
11 14 8
13 17 15
5 7 9
1 3 13
19 23 1
20 0 10
5 8 2
11 15 18
4 8 14
20 23 1
18 21 4
11 15 7
1 4 5
22 1 10
2 6 18
9 13 9
10 10 2
19 23 16
21 0 10
8 12 5
13 15 7
10 12 17
18 21 5
7 12 10
1 3 4
21 0 3
7 9 11
17 18 5
7 10 12
23 2 18
17 19 2
13 14 6
0 4 3
19 21 11
6 9 3
23 2 8
17 21 6
21 1 7
14 17 6
12 16 4
20 23 15
13 15 1
14 17 6
4 6 14
4 7 18
0 2 7
2 5 1
3 6 1
18 20 10
15 19 6
5 6 3
15 19 16
17 21 4
16 20 8
16 18 5
0 3 10
0 3 11
17 20 2
11 14 16
13 17 9
6 7 11
5 7 2
12 14 3
5 8 2
15 17 15
23 3 16
3 5 7
19 23 10
19 21 7
15 17 13
8 10 1
22 2 5
5 8 4
7 11 2
22 3 1
9 12 2
18 21 14
21 2 13
12 13 4
0 2 8
9 11 7
12 15 14
7 10 13
18 21 13
21 1 11
13 16 3
20 22 9
22 0 12
13 16 2
4 7 4
9 12 7
5 8 17
5 7 4
18 20 1
5 8 3
0 4 8
15 20 11
18 22 6
8 11 3
5 6 16
9 12 17
9 14 17
2 6 2
18 21 5
1 3 12
3 6 10
8 13 1
11 13 13
19 22 18
9 13 4
20 20 9
11 13 17
16 19 17
7 10 8
4 8 13
23 3 4
17 18 8
5 8 12
10 13 1
15 19 7
5 8 15
22 1 10
1 3 13
12 16 9
13 15 6
17 19 10
21 0 15
0 2 10
16 19 9
8 12 8
12 15 10
22 2 13
8 10 11
7 11 7
9 10 13
15 18 4
7 7 13
19 22 18
2 6 1
22 1 5
9 12 3
20 0 15
18 20 12
15 20 18
15 19 10
21 0 5
23 2 12
0 2 1
20 22 1
23 1 13
5 5 14
16 18 8
3 5 7
5 8 15
6 10 7
0 4 13
0 4 16
19 22 14
22 1 11
7 9 11
13 17 18
23 1 1
19 22 10
6 8 16
17 20 15
4 7 13
7 9 1
10 14 4
9 12 2
8 10 6
21 22 11
18 21 7
19 21 13
9 11 6
22 0 8
23 2 8
4 7 8
10 12 8
18 23 18
0 4 9
21 21 13
23 4 12
2 5 2
14 18 11
5 6 2
10 13 15
5 9 7
20 22 9
0 2 14
17 20 17
4 6 10
18 21 15
14 16 9
17 19 12
4 9 11
18 22 10
6 7 13
17 21 13
17 21 5
17 23 8
10 13 10
14 19 14
8 10 6
5 8 6
20 23 6
17 22 5
14 19 9
20 23 7
5 10 10
10 13 3
14 16 10
8 10 17
2 3 6
4 8 18
21 0 18
23 1 10
18 21 3
4 5 9
14 18 11
18 21 3
2 5 14
9 12 14
16 19 2
10 13 15
16 18 17
16 20 11
3 5 5
14 17 14
20 0 13
16 17 14
18 21 16
19 20 11
23 1 9
8 10 13
17 22 6
7 10 1
18 20 14
6 8 1
1 4 14
6 8 18
18 20 12
8 11 7
18 21 3
6 10 2
1 3 7
10 12 11
6 10 1
15 20 13
5 8 12
14 17 3
2 4 7
0 3 7
9 12 3
4 6 1
16 20 9
19 23 1
1 5 7
0 3 1
3 6 11
1 4 18
10 13 2
6 10 8
3 5 11
10 15 10
20 23 11
3 5 9
4 6 3
6 9 17
21 1 17
3 5 7
0 3 6
15 17 13
18 21 16
17 20 18
13 17 15
20 23 13
8 10 5
8 12 4
11 14 3
7 12 15
15 17 15
10 13 5
20 23 6
16 21 5
1 3 11
12 14 11
14 15 18
19 21 15
7 11 3
12 16 2
18 22 6
23 2 12
14 17 1
16 19 14
7 11 12
21 22 14
19 21 18
19 21 14
11 15 9
0 3 13
4 8 16
12 15 13
6 10 4
10 15 2
21 22 6
16 19 5
15 18 10
19 22 12
0 3 13
4 7 8
1 2 5
3 7 5
3 6 5
0 3 12
23 1 11
5 7 13
6 8 8
1 4 12
0 1 4
5 8 12
17 20 7
22 0 10
1 5 9
15 16 11
15 18 1
17 20 9
6 10 16
1 3 18
3 6 2
17 19 4
16 19 6
22 2 2
7 11 13
4 5 17
9 12 16
23 1 5
20 0 12
21 0 6
15 16 4
8 10 13
0 3 11
12 15 6
20 23 1
6 10 3
23 0 1
9 12 5
6 10 11
2 5 10
19 21 3
4 7 6
0 4 6
3 7 12
17 20 7
20 0 13
18 20 4
23 0 13
23 1 16
7 9 11
9 13 9
3 5 5
8 10 1
13 17 16
16 19 13
15 17 12
18 20 12
6 8 10
8 10 8
17 19 17
15 18 11
8 10 8
14 16 6
7 10 6
15 18 4
18 19 12
13 17 3
20 0 1
11 15 11
1 3 8
11 14 4
7 10 6
6 7 5
5 9 5
10 13 1
4 9 7
3 6 10
12 17 3
1 3 2
18 22 18
21 23 9
9 13 4
10 14 8
15 16 10
14 19 11
4 5 5
19 23 4
0 4 17
14 17 14
22 3 2
17 18 11
22 0 6
3 7 2
14 18 11
22 23 18
18 21 3
11 16 3
4 7 8
13 16 5
9 14 5
3 6 2
17 20 9
15 17 17
13 16 17
18 22 10
13 16 8
20 20 9
10 13 9
4 6 10
0 3 5
16 21 1
9 12 13
12 15 15
12 14 12
12 15 12
19 22 11
16 20 12
6 9 8
22 23 6
22 1 17
6 8 11
2 5 16
21 0 5
9 12 12
22 1 12
6 9 2
5 9 6
21 1 11
0 4 1
18 20 12
6 10 11
23 2 3
20 23 16
23 2 18
16 21 13
6 8 12
4 6 5
5 8 1
21 0 10
9 11 17
1 3 2
23 1 2
8 11 15
5 8 8
7 8 17
19 23 17
21 1 14
20 0 9
13 17 8
10 12 13
9 13 7
18 20 12
0 3 18
22 2 8
20 23 15
13 17 1
3 5 4
11 15 15
15 19 9
23 3 10
8 11 12
22 0 6
15 20 9
9 14 14
20 0 1
20 23 8
2 4 6
6 8 18
17 19 1
12 16 13
7 9 8
3 5 2
15 19 9
14 18 11
5 8 10
10 13 17
12 15 3
21 0 13
7 11 17
23 2 3
19 21 13
5 8 4
0 3 3
13 15 14
8 11 11
0 2 11
10 12 11
17 21 9
5 9 11
1 5 14
17 20 17
12 14 16
5 9 1
2 5 6
10 13 12
2 7 10
5 8 9
1 5 13
15 19 15
