1750 18
1 9 7 9 9 8 1 4 8 7 5 8 4 9 4 6 5 8 
20 23 14
13 16 16
8 10 13
23 4 18
13 16 12
11 14 18
18 21 17
1 4 3
5 9 2
6 8 13
5 8 5
8 11 16
11 13 9
5 8 14
1 5 2
18 20 17
11 15 8
20 22 10
11 14 17
13 15 14
8 12 7
12 12 15
3 8 3
17 19 14
12 16 4
12 14 6
15 17 12
8 9 1
19 22 10
19 23 13
8 11 10
21 1 16
17 21 14
17 21 16
2 6 12
14 17 11
7 8 11
5 9 3
21 0 6
11 14 1
8 13 11
12 16 11
13 17 12
9 12 6
0 2 12
13 16 11
17 21 5
19 21 12
3 5 8
3 6 16
9 12 14
14 14 11
17 19 9
19 20 17
23 1 16
14 17 1
13 14 17
11 15 4
20 23 13
23 3 12
0 5 6
14 17 7
15 20 15
6 10 3
8 11 3
9 13 9
11 15 8
15 18 6
23 3 17
9 12 6
13 16 12
22 2 5
9 13 4
6 10 4
17 21 18
17 21 17
16 20 11
11 14 7
20 0 18
15 19 2
17 19 18
13 16 3
21 0 1
21 1 2
16 18 1
5 6 12
0 3 18
13 15 17
3 5 9
21 2 14
1 5 6
8 9 14
1 5 12
0 5 5
5 7 2
18 21 2
2 5 5
12 15 17
5 7 15
1 5 9
22 22 11
9 11 11
20 22 16
1 5 3
13 16 5
7 9 8
9 12 18
23 23 16
12 16 4
15 19 15
20 23 18
0 3 10
2 5 18
19 23 16
2 5 16
12 16 14
8 13 5
19 22 5
12 14 4
23 2 11
23 2 13
21 0 13
10 14 11
19 22 17
6 9 10
6 9 8
16 19 4
22 2 1
2 6 2
10 15 10
9 12 17
19 22 9
16 18 4
4 5 10
14 18 17
15 17 3
19 21 3
4 9 7
11 13 3
20 22 3
16 20 8
11 15 5
1 2 14
1 5 3
0 5 8
11 13 5
2 5 7
22 4 10
20 0 12
3 7 4
6 10 16
17 20 17
19 23 4
15 19 5
2 6 18
22 0 12
14 18 8
20 23 2
2 5 4
12 14 5
22 0 4
20 0 3
9 12 4
23 2 11
14 18 18
8 12 3
23 2 18
16 18 8
2 5 18
2 5 17
9 12 5
4 7 14
4 8 3
9 13 4
11 14 7
7 12 7
5 6 14
23 1 13
14 16 6
15 21 13
3 6 5
21 0 1
14 17 5
18 23 9
2 4 3
21 0 11
12 17 5
23 2 8
19 21 8
22 1 1
16 20 3
4 6 3
16 21 9
3 7 9
0 4 11
11 13 18
17 21 1
14 19 6
8 11 3
17 19 18
4 6 8
0 3 8
0 1 3
17 20 16
1 4 5
2 5 13
16 18 14
2 6 6
20 0 10
13 15 16
22 23 17
19 22 1
12 14 14
9 11 6
10 13 2
7 11 16
8 10 2
23 1 6
10 11 7
8 12 15
4 8 18
1 4 15
17 20 11
20 0 16
15 18 5
15 18 4
9 11 16
4 7 4
19 22 12
17 20 17
23 1 5
16 19 5
19 21 8
3 5 14
1 4 2
20 23 14
22 2 13
9 13 3
3 8 11
11 15 10
17 19 3
13 16 18
15 16 7
12 16 16
19 22 11
18 21 16
10 13 11
16 19 16
21 2 10
8 11 15
6 10 9
5 7 4
14 17 4
11 14 10
14 17 15
7 11 2
14 17 17
0 3 4
1 5 7
7 9 18
23 2 5
21 1 2
2 5 14
8 14 18
20 0 16
3 5 17
8 10 1
0 4 8
16 18 3
12 15 12
17 20 2
11 15 2
14 17 13
15 19 8
14 17 12
3 7 11
16 19 15
5 8 5
10 13 2
23 2 5
23 2 3
1 4 5
10 12 17
23 2 17
14 17 15
8 11 5
13 15 1
15 16 2
9 13 6
19 0 8
16 19 13
4 6 16
8 12 11
21 1 2
8 11 14
1 4 13
2 4 1
12 16 5
2 6 10
13 15 2
3 6 6
14 16 9
10 14 9
14 16 12
12 13 15
4 8 7
4 7 5
22 1 15
23 1 7
6 10 17
10 12 16
15 19 4
17 20 2
18 20 15
12 14 13
6 10 6
19 23 12
15 17 12
2 5 9
0 3 5
18 20 5
9 14 8
10 13 7
13 15 12
12 15 12
13 15 4
8 11 17
18 20 5
14 16 6
16 18 3
18 22 5
22 1 4
18 21 15
14 17 6
20 22 10
8 11 10
15 16 2
8 10 10
20 23 14
20 2 2
23 0 17
2 4 7
9 12 8
20 0 3
7 9 15
10 13 15
14 16 13
20 23 6
23 2 6
7 10 8
21 1 9
13 16 8
16 17 14
5 7 11
15 17 8
15 18 2
19 22 1
1 5 1
2 5 2
9 11 12
17 20 6
9 11 9
1 4 11
21 23 5
13 16 18
23 2 15
14 17 4
1 3 10
20 22 2
9 12 4
19 23 10
18 22 9
17 20 5
9 13 11
0 2 11
2 6 15
17 19 15
8 10 15
0 4 2
23 4 9
18 20 12
16 17 14
2 4 10
12 15 11
14 17 8
2 4 15
13 15 5
9 12 1
15 18 5
6 9 8
5 7 12
13 15 13
12 14 5
11 14 7
0 4 4
14 15 1
21 23 13
15 18 12
10 13 13
19 22 9
18 22 2
0 2 9
19 23 4
22 0 12
10 13 3
9 11 15
22 3 2
2 6 14
15 18 1
2 5 2
11 13 9
2 5 6
23 1 3
3 6 14
3 6 12
23 3 13
8 13 15
19 23 14
22 2 9
23 1 4
20 21 6
18 22 11
11 14 16
23 3 3
5 7 6
3 7 3
6 8 16
5 8 10
20 0 2
1 3 9
16 19 15
12 15 14
9 11 16
14 16 15
0 4 17
6 9 7
9 11 12
2 5 10
11 13 14
19 21 2
18 21 9
21 1 7
14 17 9
4 7 4
0 4 12
4 8 10
2 4 4
7 8 15
12 15 15
13 17 7
19 20 2
3 6 3
10 12 13
22 1 9
13 16 1
22 0 15
1 4 18
21 1 9
11 14 1
23 2 9
23 1 10
12 15 3
2 4 9
3 8 16
17 21 13
21 22 4
6 9 16
21 0 13
15 16 6
22 1 13
14 19 1
23 2 6
23 2 5
15 18 17
0 2 1
1 4 1
13 16 4
19 22 11
3 6 10
21 2 15
20 0 17
16 20 9
21 0 11
17 21 6
12 15 4
14 19 16
18 21 11
7 10 7
7 9 3
21 1 9
2 4 3
20 22 17
12 15 5
21 0 2
7 12 18
0 3 18
16 20 7
16 18 1
18 20 12
7 9 6
15 17 14
21 23 1
1 5 3
21 23 17
19 1 11
1 4 18
13 16 10
6 10 9
6 8 6
19 22 15
21 1 10
4 7 5
11 12 1
12 14 9
17 20 2
23 1 1
15 19 15
5 8 1
15 17 11
0 3 1
7 10 5
2 5 7
19 21 8
1 5 3
10 13 16
2 5 11
16 22 14
0 5 9
3 5 6
7 10 15
11 14 15
5 9 5
1 4 7
13 16 9
13 14 18
1 6 15
2 4 1
20 0 17
21 23 6
12 13 11
19 22 2
3 8 18
3 4 3
14 16 17
6 10 16
18 19 8
13 17 10
13 17 3
3 6 16
13 17 9
20 0 14
9 12 9
3 6 1
0 1 17
20 22 6
18 20 3
17 21 3
16 17 3
11 14 5
13 18 17
17 18 5
23 2 15
10 12 11
6 9 16
1 3 10
0 2 1
10 12 1
17 20 11
21 0 9
20 22 1
3 4 11
10 14 6
20 23 15
17 20 3
17 20 12
19 23 6
2 5 11
6 11 3
16 22 13
3 6 7
16 19 7
17 21 5
16 18 4
21 1 14
22 4 3
13 16 18
3 6 8
7 10 16
17 21 16
9 12 9
20 23 13
0 4 9
11 16 10
13 15 14
9 12 11
9 10 2
7 11 1
21 1 7
10 10 15
19 0 9
9 12 5
17 19 17
8 13 7
18 21 10
8 11 12
10 13 12
8 11 6
2 6 2
18 20 9
2 5 1
23 1 2
10 14 14
18 20 8
13 16 2
1 6 18
17 22 11
18 19 12
1 5 17
20 23 10
0 3 11
13 15 1
6 9 13
8 11 18
18 20 14
7 10 9
7 11 8
23 3 18
16 18 6
11 14 18
11 14 13
16 20 6
18 23 11
6 9 6
22 0 11
12 14 10
16 18 17
12 16 13
10 13 16
11 17 1
9 12 17
17 19 7
1 4 2
1 4 6
12 14 18
2 4 6
2 6 10
23 0 11
4 7 4
14 17 13
2 5 8
1 4 12
3 6 17
21 0 11
6 9 9
14 16 6
1 3 11
17 20 18
15 18 11
8 13 6
3 6 17
22 1 8
7 11 14
11 14 6
4 6 5
19 21 7
3 5 6
18 20 7
18 21 5
1 5 12
10 12 12
10 12 5
2 5 2
21 23 16
3 4 12
5 8 18
14 16 12
9 14 2
20 23 18
0 3 10
22 1 5
6 11 4
5 9 12
16 19 14
19 21 5
22 0 9
20 0 18
4 7 2
20 1 12
11 16 16
6 9 6
11 13 16
12 14 15
23 4 4
13 15 6
8 12 12
8 12 16
4 7 13
14 18 17
14 18 8
23 2 2
22 2 14
9 13 2
21 0 2
3 8 3
3 5 6
5 6 15
16 19 14
7 11 12
14 18 7
21 1 5
16 17 5
4 7 11
23 4 15
11 13 7
10 11 11
21 3 4
4 7 12
22 1 1
17 20 18
15 19 9
6 10 10
18 20 8
0 4 18
15 20 12
18 21 3
21 1 17
16 20 8
18 20 16
17 19 18
1 5 16
20 23 3
18 20 9
18 20 1
15 18 11
4 6 4
10 12 7
22 0 8
21 1 3
2 5 8
3 5 13
8 11 7
4 7 12
0 2 3
13 14 15
1 5 1
11 13 8
14 17 8
2 6 5
3 6 4
14 16 12
22 1 15
2 5 5
15 18 6
22 2 7
20 1 5
13 16 4
9 11 9
20 22 17
9 11 7
7 8 1
23 2 11
18 21 4
6 9 12
11 12 6
16 19 4
20 22 1
2 5 1
8 10 13
2 3 2
10 14 9
7 9 15
12 14 8
3 7 6
21 21 12
2 5 7
8 14 11
23 0 10
0 3 9
3 7 5
16 20 15
23 2 3
10 13 14
18 20 1
14 18 4
12 15 17
21 0 5
15 17 5
5 9 12
21 0 17
4 7 15
12 16 5
8 10 4
8 12 14
3 7 9
16 19 17
0 3 17
15 18 4
18 21 2
22 2 3
22 2 13
8 10 12
3 6 4
12 16 6
1 3 13
8 9 6
9 12 6
18 21 2
7 11 7
0 4 4
11 14 2
15 19 13
5 10 1
16 20 6
15 17 7
10 11 12
12 15 12
13 17 17
10 14 2
21 0 12
3 7 18
15 17 18
13 15 10
18 21 7
21 0 7
6 10 13
12 15 4
10 11 18
0 3 10
18 20 6
19 21 10
15 18 8
11 15 11
5 7 18
7 10 5
7 10 13
22 2 18
18 22 14
17 21 3
16 19 7
23 3 14
22 0 12
7 7 17
23 3 11
16 19 14
5 7 6
2 5 12
4 5 12
22 0 3
15 17 7
9 12 4
8 11 6
0 2 1
3 6 8
7 11 7
5 7 2
8 12 5
9 13 13
11 13 15
12 15 4
16 19 10
17 21 14
1 5 8
4 8 7
3 7 5
9 12 9
6 8 9
18 21 13
15 18 6
13 16 9
20 0 3
2 5 9
2 5 8
9 11 15
12 15 2
18 21 9
6 9 4
22 2 5
5 9 3
6 8 9
3 7 9
7 9 15
14 18 1
16 20 18
8 11 18
7 11 7
22 0 4
14 18 14
14 17 16
8 12 14
11 13 14
4 6 15
12 16 9
10 13 13
14 16 16
11 16 10
14 16 10
5 8 18
19 22 10
1 4 10
13 14 9
7 8 3
15 18 16
19 23 13
21 22 9
6 11 6
3 6 17
20 22 1
20 23 10
11 13 1
10 12 13
5 9 8
4 7 2
10 13 5
3 7 16
3 7 6
8 12 14
18 21 15
23 2 4
9 14 1
16 18 4
13 17 17
6 8 11
13 15 1
13 19 14
1 3 16
7 10 8
3 6 5
12 15 1
15 18 10
2 4 18
13 15 13
8 13 17
17 21 3
20 23 1
1 5 13
5 9 4
10 14 5
22 1 3
4 6 18
23 4 14
14 16 18
10 14 12
8 12 10
3 5 4
17 21 5
0 4 13
0 2 3
4 8 12
22 2 7
13 16 6
2 6 16
21 23 13
1 4 17
10 13 8
21 23 3
5 8 5
10 14 11
0 2 18
5 7 5
0 3 18
15 16 8
12 14 16
21 1 14
2 6 8
14 17 1
8 11 6
3 7 3
22 2 5
12 14 9
17 20 6
20 0 15
21 23 5
11 15 4
0 2 7
17 21 4
7 10 15
9 13 4
10 12 3
4 7 14
23 2 2
19 22 3
1 5 18
3 6 1
9 11 8
23 3 17
1 2 2
3 6 18
23 1 13
14 18 6
0 4 18
15 18 3
4 7 11
21 1 11
4 7 13
21 23 8
7 9 2
9 13 7
6 10 3
5 9 7
4 8 3
12 14 1
13 16 13
5 7 10
5 8 10
5 9 8
1 4 10
8 12 3
1 3 5
19 22 9
19 0 18
3 7 4
11 15 9
0 3 9
13 15 14
23 3 4
23 4 14
7 12 3
3 6 9
13 16 11
21 1 14
13 16 17
4 8 16
8 11 15
17 20 15
14 18 7
6 10 13
17 20 1
9 13 15
14 16 2
8 10 17
11 13 15
18 19 2
18 20 18
10 12 10
16 19 7
16 18 5
6 10 1
19 21 10
4 8 1
23 2 10
2 4 10
19 20 9
18 21 15
22 2 4
12 14 4
22 23 6
20 0 2
19 23 10
10 14 5
7 11 13
17 21 18
2 5 3
6 9 1
23 2 16
19 23 4
6 7 1
8 11 1
15 19 8
7 10 1
16 21 2
11 13 15
10 14 12
5 6 11
11 15 18
9 14 15
20 23 11
22 2 1
4 6 16
0 4 6
2 5 4
23 3 17
5 9 9
22 23 2
2 3 17
12 17 10
16 19 6
19 23 1
11 13 12
22 3 8
0 2 11
14 17 18
18 23 4
21 2 3
2 4 14
1 4 2
20 23 7
18 21 4
0 3 13
8 10 9
23 2 3
15 19 17
9 11 10
22 0 18
10 12 3
4 8 14
22 1 10
1 4 12
8 12 12
2 7 15
15 19 3
16 19 5
0 3 12
20 22 3
10 14 2
13 16 2
16 19 17
11 15 8
14 17 12
8 12 18
6 8 15
11 17 10
18 20 3
2 4 11
9 12 10
0 3 7
11 14 10
9 13 11
21 23 3
12 15 7
17 20 16
22 3 7
22 1 5
0 6 6
20 23 7
21 1 1
3 6 10
20 22 18
5 7 4
19 22 11
9 13 2
7 9 5
0 2 17
21 0 17
0 1 13
10 12 16
6 11 16
11 14 1
0 5 12
14 18 12
10 13 1
5 11 10
9 11 17
22 0 4
15 17 4
1 4 15
18 20 1
21 1 7
6 9 9
0 3 2
21 0 6
4 7 4
22 2 18
17 21 6
19 22 16
22 1 7
19 21 6
1 3 3
10 15 18
15 18 18
13 15 1
18 21 10
1 3 16
17 20 6
8 9 18
16 21 13
4 7 12
17 21 16
23 2 8
22 0 3
20 23 18
21 1 9
16 17 7
9 12 15
17 19 5
19 21 2
3 5 18
14 17 13
5 8 16
6 11 9
21 1 9
20 23 7
12 16 14
19 23 10
4 7 15
11 15 9
9 12 3
22 2 5
1 3 16
20 23 16
14 17 16
14 18 15
0 3 3
22 2 18
0 3 5
3 5 12
5 9 2
20 22 7
22 2 18
6 8 1
22 1 8
13 15 15
10 14 2
17 18 3
10 12 3
16 19 12
18 21 9
21 0 2
7 10 5
11 12 8
23 3 9
14 16 12
0 2 9
10 13 11
18 20 18
9 12 17
23 4 11
17 20 15
11 13 17
12 15 5
10 12 17
9 13 10
1 4 8
2 5 9
6 8 18
14 18 8
23 3 16
0 4 14
8 11 17
7 10 18
3 5 8
12 17 18
11 12 8
10 13 13
21 1 3
9 13 11
22 0 14
11 15 1
22 0 14
17 20 1
2 4 17
7 10 14
3 6 3
20 23 9
20 22 8
15 19 3
22 23 5
9 10 2
11 14 11
18 21 10
14 16 10
11 13 4
8 9 11
19 20 9
21 1 18
22 23 6
8 12 7
14 18 15
4 6 2
6 9 18
2 5 3
14 15 9
5 9 11
8 10 10
4 5 13
4 8 4
9 10 18
13 16 18
10 14 6
20 0 14
7 9 18
20 0 11
13 16 14
13 17 18
3 7 10
12 16 17
9 12 18
21 22 17
9 12 4
20 22 17
3 5 5
6 9 4
20 22 15
1 4 5
12 13 9
10 12 8
21 0 7
15 16 12
13 16 3
7 11 5
21 0 14
9 13 4
3 7 1
13 15 12
10 13 8
20 23 13
21 1 6
22 1 18
11 14 12
6 9 9
10 11 14
0 3 3
22 0 1
15 19 6
12 15 4
12 16 3
7 9 8
21 0 2
20 23 9
14 16 5
21 22 14
3 8 13
23 3 3
20 23 4
23 1 9
13 16 11
21 0 7
10 13 12
2 5 13
5 8 1
15 19 15
15 19 18
8 11 11
13 15 4
3 7 8
11 14 14
8 12 15
11 13 16
20 0 8
20 22 15
8 10 17
6 8 10
18 21 5
18 22 10
12 15 17
18 20 16
20 22 6
19 22 5
13 15 4
3 6 11
10 12 13
22 3 5
4 6 6
2 5 5
22 0 1
12 13 13
19 21 11
13 15 1
17 21 12
14 15 17
7 10 16
17 20 2
23 2 12
0 4 13
10 13 5
0 2 12
17 23 9
16 19 5
7 10 6
7 10 12
4 8 8
1 3 7
21 1 7
4 6 7
5 8 2
17 20 11
3 5 17
17 20 18
5 9 7
21 0 15
10 14 4
20 22 5
16 17 14
7 9 6
15 19 16
20 0 2
7 11 7
11 14 1
1 5 3
13 18 2
14 18 5
3 7 15
22 22 2
3 4 12
14 17 5
1 4 9
7 9 4
1 4 13
2 6 15
15 19 14
19 22 8
18 19 1
20 22 11
23 1 9
23 3 1
21 1 5
16 18 17
5 8 13
20 0 1
9 10 13
6 9 12
17 20 6
18 21 4
12 14 15
11 15 15
15 18 11
9 11 2
13 15 4
10 14 9
10 13 10
12 14 17
6 11 8
3 7 16
2 5 12
19 22 14
8 12 7
14 18 1
0 4 16
20 0 1
21 0 13
16 19 16
14 17 4
23 2 2
7 10 3
23 1 4
12 15 5
3 7 6
6 8 10
11 14 6
21 22 1
4 7 10
2 3 10
15 18 1
4 9 9
3 6 17
21 23 15
17 21 7
7 10 6
9 12 12
12 15 5
1 3 1
16 19 10
0 2 6
22 1 11
20 22 14
23 1 2
21 1 1
18 21 12
9 13 12
10 13 16
23 3 11
3 7 15
23 3 10
7 10 13
12 15 17
22 2 5
1 4 7
0 2 14
14 18 16
3 4 3
0 2 4
16 19 3
9 12 15
23 2 9
5 9 7
0 3 17
10 14 8
4 6 10
5 6 15
6 8 11
9 12 8
10 11 5
3 7 18
0 3 7
16 18 15
8 10 9
3 6 6
22 2 2
6 6 18
22 1 15
23 1 17
7 9 8
18 20 12
16 19 4
19 22 4
9 12 17
6 7 4
18 21 11
10 14 1
20 22 9
17 20 3
4 6 12
3 6 16
7 10 8
20 22 4
3 8 6
1 4 11
7 9 1
21 1 4
2 7 4
15 18 18
7 10 17
11 14 14
17 19 15
6 8 10
13 19 4
13 15 1
19 23 5
4 8 12
3 6 17
14 16 17
12 16 6
14 17 1
19 21 10
7 10 15
16 19 17
23 1 3
3 7 16
22 2 2
21 1 3
4 7 13
12 14 2
20 23 1
20 21 14
15 17 18
8 10 8
7 9 17
23 1 13
14 17 15
11 14 4
17 19 9
23 3 12
22 1 5
15 19 8
21 0 10
0 3 1
18 20 15
7 11 1
7 10 7
21 1 15
5 8 15
4 6 16
1 6 16
3 6 11
12 15 13
23 3 13
9 11 7
3 6 9
3 5 15
23 1 8
2 7 18
7 9 5
6 8 15
7 11 18
7 10 10
22 2 11
8 11 2
9 12 18
21 23 7
17 20 17
0 1 6
0 4 16
7 12 1
21 1 3
10 14 4
16 19 1
21 2 12
6 9 6
4 9 4
4 8 6
18 20 9
7 11 12
7 10 5
6 8 9
9 12 14
8 12 13
10 13 16
3 5 7
4 7 14
16 19 15
6 9 13
6 10 3
5 8 5
11 14 12
0 2 3
1 3 15
0 4 2
9 12 12
20 23 1
2 5 15
1 4 13
1 4 16
22 1 9
1 5 18
18 22 7
5 7 15
6 9 10
19 23 2
15 20 1
20 22 11
17 20 6
19 23 4
18 22 10
8 11 17
19 22 8
1 5 14
22 1 1
10 15 1
11 14 7
2 5 12
11 14 2
1 5 10
12 16 7
20 23 8
1 4 7
9 12 9
21 0 18
16 19 4
17 22 13
4 6 8
10 13 2
22 1 12
8 13 10
23 1 1
17 22 2
3 6 1
22 1 9
11 14 11
11 15 12
21 0 11
13 16 18
11 15 7
16 19 7
5 6 17
20 23 6
6 9 11
15 16 2
4 8 14
5 7 18
19 22 2
11 14 7
5 8 18
22 1 4
3 5 14
14 17 10
5 8 10
16 18 14
20 21 8
22 1 18
6 8 17
16 22 3
22 23 17
22 1 1
20 23 8
3 6 13
23 2 6
3 7 15
22 2 17
3 6 5
19 22 17
8 13 3
0 2 16
21 23 12
4 7 16
0 2 17
17 20 9
22 22 9
3 9 2
8 10 10
23 1 1
15 18 13
16 19 4
3 5 3
13 15 6
18 22 1
2 5 1
15 20 13
7 10 5
6 9 2
6 10 7
5 7 2
14 16 12
1 3 8
8 11 13
4 7 5
8 12 17
3 7 14
13 15 8
9 12 7
11 12 7
19 21 17
3 7 6
23 4 9
16 21 2
15 19 17
8 10 5
4 9 2
2 6 5
14 18 12
7 10 2
17 21 14
10 13 10
10 13 3
4 7 3
18 22 15
16 20 3
21 0 1
6 9 13
18 21 3
11 13 4
0 2 4
18 22 14
12 15 12
10 13 17
10 13 2
7 9 9
21 1 9
5 7 2
15 19 13
10 12 1
11 16 9
18 20 2
1 4 18
17 20 1
7 7 15
0 4 16
7 12 9
7 10 9
11 12 14
3 6 9
17 20 17
10 13 18
9 12 8
19 22 15
19 21 3
20 0 9
16 20 11
5 8 17
6 9 2
22 3 6
13 15 14
5 8 17
0 3 13
1 3 10
10 13 10
7 9 14
12 18 12
10 14 2
23 0 15
3 5 15
23 3 2
