400 16
5 7 6 9 6 4 7 8 10 1 10 10 7 1 7 5 
9 13 6
22 1 11
22 2 5
17 20 2
3 5 9
11 13 1
23 2 11
20 0 15
1 4 9
22 1 11
10 15 1
18 20 15
19 21 1
9 13 13
20 23 5
4 5 5
10 12 8
5 8 13
9 13 9
14 18 12
1 3 7
12 14 3
18 20 1
5 9 16
0 4 11
18 20 10
9 12 13
9 10 15
18 23 16
6 8 2
16 20 11
15 20 12
17 21 3
7 10 4
3 6 6
11 16 3
14 16 15
19 23 1
13 16 2
21 0 3
0 3 5
0 5 10
14 18 3
8 13 14
2 5 12
9 10 4
19 22 15
14 17 3
11 14 6
6 8 5
11 13 5
20 1 5
13 17 3
21 0 12
5 8 9
21 1 9
2 4 12
23 2 16
11 14 9
23 1 14
23 2 5
22 23 6
21 1 10
18 23 3
17 20 7
7 11 2
16 18 8
21 0 9
0 3 16
12 13 1
9 13 10
1 4 9
3 4 4
18 21 5
9 11 13
7 9 6
17 21 9
14 18 14
14 18 15
20 0 10
19 22 16
19 22 9
22 1 2
14 16 9
1 4 3
22 2 15
9 11 15
5 8 11
12 15 12
23 4 13
16 18 2
1 2 1
18 19 7
15 17 16
23 3 1
21 1 16
12 14 6
11 13 15
3 5 16
11 15 3
1 1 16
22 2 14
22 0 16
8 9 2
19 22 16
23 2 10
12 16 1
6 7 9
0 4 1
6 10 8
2 4 11
10 13 11
11 14 16
13 17 2
17 21 6
18 21 1
15 19 5
13 16 1
18 21 1
1 5 16
11 13 11
16 19 9
13 17 14
16 19 10
21 0 8
16 19 16
8 11 7
12 12 11
20 0 16
21 0 12
0 2 3
13 17 2
14 19 5
22 0 9
1 5 5
12 15 9
5 8 11
15 19 13
2 4 1
12 15 9
9 11 1
13 16 8
3 7 12
23 3 15
1 5 5
6 8 12
16 18 10
6 9 3
21 22 6
12 15 4
11 14 12
18 22 7
19 23 5
20 23 4
21 0 10
22 1 2
23 1 13
2 5 16
23 2 12
4 8 10
1 4 9
21 0 10
16 19 2
20 0 11
18 21 3
15 16 1
0 3 4
9 12 4
4 7 3
13 18 12
6 10 10
17 22 14
15 19 12
11 14 16
23 2 12
2 7 3
7 11 9
23 0 3
4 8 1
17 19 5
3 6 6
12 17 3
14 17 8
23 2 5
6 10 5
10 13 5
2 4 12
3 4 2
10 14 7
12 15 4
17 20 16
9 13 10
7 9 4
2 5 14
14 19 3
6 9 12
19 22 5
22 1 15
3 6 2
0 3 16
9 12 12
6 7 7
9 11 6
8 12 16
12 16 7
17 19 14
3 4 5
15 17 14
16 21 1
20 23 15
21 1 2
7 10 9
4 6 15
15 18 4
0 3 5
20 23 6
23 3 5
17 21 6
5 6 3
0 3 5
9 14 3
22 2 5
10 13 6
14 17 14
17 21 8
19 21 3
18 21 5
11 13 6
3 6 11
12 14 1
13 18 1
2 6 13
17 19 3
0 3 15
14 18 10
5 8 7
23 2 3
10 12 7
10 13 9
4 7 8
5 8 6
14 19 13
11 14 1
23 2 8
7 10 3
23 2 3
13 16 8
1 5 3
16 18 12
4 10 5
1 6 5
1 6 7
6 9 13
0 3 1
5 8 10
13 18 9
6 10 5
13 15 9
20 22 14
8 11 11
17 18 11
22 3 13
12 15 8
3 5 2
2 5 7
18 22 8
5 10 11
5 8 4
5 8 10
19 22 10
3 6 15
7 10 11
17 22 3
15 19 13
6 9 3
8 13 8
5 9 9
1 4 8
19 22 15
8 11 6
17 18 14
2 3 15
23 3 15
8 11 1
15 18 2
15 18 4
16 19 3
0 4 4
21 0 6
13 16 7
16 20 10
22 0 15
9 13 13
14 17 3
13 17 11
15 19 16
21 1 10
9 11 11
14 18 15
23 1 15
5 7 15
13 15 2
18 23 14
1 4 4
14 16 3
0 1 6
2 5 16
1 3 10
14 17 5
3 4 10
1 2 4
10 13 8
19 23 5
16 19 16
23 2 10
14 17 1
0 3 16
15 19 11
19 22 7
19 22 5
12 16 15
5 8 8
23 1 5
4 7 12
23 3 9
12 16 10
8 11 15
19 21 16
12 15 13
22 1 8
3 5 1
2 5 7
18 22 8
22 0 13
18 21 2
6 8 5
16 20 15
5 9 12
4 6 9
20 1 14
3 6 7
23 1 7
18 22 12
21 1 16
4 8 2
14 17 11
23 1 5
10 13 13
1 2 10
12 15 13
19 22 9
16 18 4
12 15 2
18 20 9
7 9 11
14 17 12
0 3 4
0 3 5
22 0 16
0 4 6
14 17 1
12 16 7
20 22 4
12 14 13
2 5 9
10 13 12
7 10 8
14 16 16
21 0 13
7 9 6
5 9 13
10 15 8
20 23 1
20 22 13
23 0 9
11 15 15
10 13 2
11 14 9
10 14 10
18 22 10
20 23 8
0 2 6
12 15 3
2 6 2
15 17 15
2 5 14
20 23 16
20 0 14
8 11 10
0 3 12
0 4 12
16 19 5
0 5 3
4 7 2
2 4 15
9 13 8
6 8 8
2 4 14
20 21 6
7 10 12
