400 13
4 5 8 4 7 3 7 8 9 10 6 6 2 
10 13 11
1 2 11
14 17 9
4 8 7
21 23 6
5 7 4
0 2 1
7 8 8
7 12 4
23 2 2
18 22 12
19 22 8
6 9 3
15 19 13
23 2 7
1 2 9
14 16 13
17 20 13
18 19 2
13 16 2
1 4 12
3 7 12
18 21 12
15 17 12
3 6 9
5 9 10
12 17 12
13 16 3
1 4 7
2 3 12
6 9 7
19 22 4
13 17 1
10 14 3
15 19 7
18 21 12
7 11 11
3 6 9
12 15 1
6 9 1
4 7 5
2 6 3
8 11 6
18 22 8
19 21 8
16 19 3
17 20 13
17 20 2
20 0 12
2 5 10
19 21 4
0 4 10
12 14 7
9 12 7
15 18 4
21 23 3
3 5 2
4 6 9
16 22 8
13 15 4
22 1 3
6 9 3
11 16 5
22 2 3
5 8 9
7 10 4
9 11 7
12 14 8
7 10 3
10 12 12
3 6 10
6 10 11
0 2 10
17 18 7
3 5 10
10 12 12
12 16 6
9 12 6
5 9 9
14 18 7
7 10 12
23 1 9
10 13 4
4 7 10
15 17 6
14 18 11
1 4 5
13 17 4
22 2 4
11 15 9
7 9 2
11 15 4
23 2 2
19 23 2
19 0 9
7 9 4
0 3 12
2 5 1
15 18 4
3 5 4
14 17 4
9 13 13
22 0 11
19 21 11
8 10 7
9 9 11
19 21 6
8 11 11
18 21 11
16 19 5
7 11 8
8 10 13
22 1 6
7 10 13
11 13 1
8 11 3
13 18 7
23 1 10
17 19 6
9 11 2
2 6 12
17 20 4
21 1 10
9 12 12
12 15 13
8 11 2
8 11 1
16 18 10
3 4 6
21 2 13
13 15 6
12 14 8
23 1 11
14 17 11
3 6 9
5 9 4
20 23 7
3 5 4
6 9 8
2 5 8
2 5 2
7 10 11
1 4 3
14 16 9
22 2 8
9 13 6
17 21 13
10 13 2
15 19 6
19 22 13
13 15 11
12 16 7
17 19 5
6 8 1
23 3 5
11 14 12
3 6 13
4 8 1
22 0 13
0 1 4
21 22 9
16 18 4
1 4 8
9 13 3
9 10 9
1 4 5
2 6 8
2 6 4
18 21 3
17 19 5
14 17 6
18 19 1
22 2 4
2 5 4
3 6 5
8 10 5
2 6 9
13 16 12
3 7 12
12 17 12
6 10 12
7 8 2
5 7 3
22 1 8
20 0 4
6 8 4
22 0 2
22 0 9
5 6 10
7 6 11
9 11 2
19 21 4
10 13 10
15 19 11
11 14 8
5 9 1
7 11 11
8 11 8
7 10 7
16 20 10
22 1 10
17 22 9
2 6 11
15 17 11
9 12 12
6 9 7
11 12 13
20 22 6
17 21 3
1 4 8
1 4 9
6 10 6
6 7 11
17 20 3
19 21 13
19 22 2
12 16 4
11 13 7
19 21 1
5 8 11
14 17 9
13 15 5
16 19 12
11 13 3
11 13 13
9 12 8
4 7 5
19 20 4
11 14 6
2 5 5
16 18 11
16 20 6
22 0 8
14 16 8
0 2 7
12 15 12
6 9 5
1 4 6
18 21 4
3 7 13
14 17 1
2 3 3
0 3 5
11 15 7
9 11 1
9 12 12
11 14 11
2 4 4
8 12 9
10 13 6
2 5 4
0 2 13
0 2 10
19 23 4
12 15 10
12 14 1
12 15 5
8 11 3
9 12 5
12 16 11
17 21 2
23 2 9
8 12 8
16 17 3
2 4 12
16 20 2
12 16 11
7 8 1
11 13 7
8 11 10
20 23 3
12 13 2
17 20 8
14 17 1
0 3 10
18 20 5
17 20 1
18 21 6
19 23 7
20 22 1
13 15 13
14 17 12
13 16 9
22 1 3
0 4 1
10 12 8
19 21 6
15 17 2
18 20 12
11 13 8
2 6 5
22 1 9
1 4 12
22 0 10
1 4 1
22 2 7
17 22 10
15 19 9
3 6 6
5 7 11
23 1 6
1 5 11
19 22 2
2 5 12
7 11 2
23 2 8
7 9 11
15 18 13
9 10 2
1 5 5
18 21 10
3 7 4
12 14 12
6 9 6
18 23 9
20 0 2
9 10 4
20 22 5
4 7 12
9 12 10
5 7 6
0 3 11
12 15 9
2 6 5
21 1 8
7 11 5
1 2 1
14 17 6
9 11 8
15 18 10
7 10 1
8 11 3
12 16 10
16 20 8
2 4 5
4 6 8
0 5 11
11 13 11
18 21 1
5 9 11
7 11 10
1 6 13
13 16 1
2 4 1
10 14 7
1 4 10
0 4 8
22 1 12
12 16 6
21 22 6
20 21 6
2 5 7
0 2 1
14 18 6
8 12 11
3 8 4
23 2 13
16 18 6
1 4 7
17 21 4
7 10 12
6 9 8
23 3 7
14 16 8
19 22 7
4 5 6
23 4 11
7 10 4
15 17 4
14 18 4
21 1 7
8 12 2
21 0 11
11 14 5
22 1 11
1 6 1
7 11 4
15 17 9
1 3 12
8 11 8
7 8 1
10 13 12
1 4 9
8 10 7
2 6 2
6 9 9
17 21 3
15 17 12
23 2 6
18 22 13
7 9 5
11 13 2
23 3 7
20 23 11
6 11 11
1 4 3
12 14 4
16 19 9
23 2 10
19 21 6
