350 12
1 9 4 9 4 5 3 9 7 2 4 9 
11 14 1
18 22 6
1 3 2
9 12 3
9 12 8
16 18 3
9 12 3
8 12 9
23 2 7
4 7 10
7 9 5
14 17 5
10 11 8
6 9 9
2 4 2
20 22 7
6 9 11
11 15 11
11 14 8
19 20 4
3 4 4
15 17 1
10 13 5
1 4 4
22 23 1
15 17 9
12 16 1
23 3 2
21 23 5
20 0 12
17 21 5
2 5 12
9 11 10
14 18 3
15 18 3
18 21 3
18 19 3
9 13 3
21 23 11
17 19 1
18 23 6
6 12 8
15 19 11
15 18 2
0 3 8
0 2 4
16 18 8
3 5 6
20 23 1
10 14 2
6 6 11
14 16 8
4 8 2
5 7 6
13 16 4
19 21 4
19 21 12
1 4 6
7 10 4
4 8 10
19 21 10
1 3 6
19 22 6
4 7 1
22 0 2
17 20 7
1 3 2
5 7 11
22 1 5
5 9 1
21 23 1
6 10 11
19 0 11
3 6 1
1 3 7
17 20 7
22 2 8
8 12 10
19 23 1
19 23 11
15 19 1
7 9 11
14 18 10
15 16 10
9 13 4
11 15 2
12 16 2
2 6 8
23 2 8
0 5 3
18 21 8
21 0 11
11 13 10
3 5 3
7 10 7
22 0 5
2 4 8
3 6 2
9 12 3
0 3 10
22 2 7
1 3 2
10 14 1
12 15 5
4 8 7
7 11 4
5 7 9
23 4 3
17 20 9
6 8 7
2 4 1
10 13 8
18 22 9
19 21 10
22 1 4
2 5 9
17 20 8
11 16 12
2 6 11
18 21 7
8 11 7
17 20 3
15 17 10
15 17 12
7 10 7
8 12 11
20 23 12
14 16 3
16 21 2
16 19 10
6 8 3
4 6 11
12 16 9
4 6 7
8 10 11
23 3 3
4 5 7
22 1 7
17 19 2
3 6 10
8 10 6
3 4 11
15 18 6
19 22 4
5 8 3
22 1 10
6 9 7
20 22 1
16 19 12
6 10 8
16 20 9
13 17 2
13 15 2
8 13 3
4 9 6
20 0 9
19 23 9
4 6 11
8 10 12
1 6 11
8 10 3
3 7 9
9 10 7
10 13 4
0 1 3
6 7 1
0 3 5
4 7 2
7 9 11
11 14 6
20 23 9
10 13 6
0 4 11
0 4 3
13 18 6
13 16 5
2 5 3
9 12 6
20 23 9
2 6 5
9 11 4
7 11 8
17 19 10
2 5 12
23 2 12
22 2 12
12 16 12
4 5 11
7 11 4
13 18 11
13 16 10
8 10 6
16 19 9
9 11 2
3 6 7
9 11 4
11 16 5
7 11 9
11 14 6
0 1 11
14 18 12
3 5 10
14 19 12
7 12 3
9 13 8
11 14 2
20 22 10
19 22 5
9 11 3
0 3 9
4 6 6
10 15 3
5 7 4
4 7 12
23 4 6
21 0 7
21 0 8
5 9 5
1 4 10
12 16 6
19 22 2
0 4 3
4 6 7
5 9 2
16 20 11
0 0 5
3 7 9
12 15 4
0 2 2
1 3 4
18 20 3
23 2 10
23 3 1
14 16 8
9 11 4
1 3 6
17 19 5
8 11 11
6 9 11
12 16 7
16 18 5
3 5 8
11 14 1
10 12 10
9 10 4
11 15 12
16 19 5
18 21 8
17 22 5
3 4 11
0 1 2
14 19 2
7 9 11
2 5 9
16 21 12
4 7 3
12 14 6
22 2 4
21 23 6
12 15 1
23 1 3
16 18 7
5 7 1
2 4 12
22 2 11
4 7 7
16 17 8
15 19 7
12 15 10
1 3 5
2 5 5
17 21 10
1 5 3
12 14 9
3 8 10
19 22 3
7 10 10
10 11 10
6 9 12
4 6 3
21 0 11
17 19 9
5 7 7
16 20 9
22 1 3
2 7 6
15 18 12
18 22 12
11 14 11
9 12 9
19 22 9
16 19 9
9 12 4
15 16 2
3 7 7
9 13 6
10 12 5
1 5 7
11 15 2
8 10 12
14 17 9
4 8 12
5 7 5
5 9 11
15 20 7
8 12 10
0 2 8
4 7 3
10 14 12
22 2 2
19 23 3
16 21 5
0 3 7
1 5 8
16 20 10
22 0 11
23 2 10
15 16 8
10 13 7
16 18 11
17 20 1
17 22 11
16 19 5
23 4 3
15 19 10
12 14 7
1 4 3
9 11 4
12 14 7
22 1 3
16 21 4
23 3 4
15 18 6
5 8 1
11 13 2
20 23 12
5 7 1
12 15 1
14 17 2
3 7 1
9 11 5
0 2 8
21 0 8
7 11 9
19 23 4
11 12 5
9 12 3
10 14 2
0 3 8
11 13 7
