1350 9
2 3 5 7 8 9 6 1 6 
8 11 3
4 8 6
17 19 7
22 0 5
10 12 2
3 5 9
17 20 7
9 13 6
16 18 3
12 17 1
21 1 8
16 20 4
14 19 8
1 3 8
0 4 4
23 2 9
10 12 8
18 22 4
6 9 6
17 20 9
3 6 6
17 19 3
6 9 7
4 7 2
1 3 8
11 13 2
5 7 6
15 15 5
10 12 1
2 6 2
10 12 4
9 12 3
16 18 7
7 10 3
8 10 4
0 3 7
0 1 4
10 13 8
6 7 7
16 19 2
9 9 3
14 16 5
12 14 1
10 13 8
10 12 2
11 13 2
12 15 9
21 1 6
21 23 9
20 0 4
19 23 3
11 13 8
12 13 1
4 7 7
13 16 8
9 12 5
2 5 4
8 12 9
23 2 3
19 21 5
16 19 2
21 1 8
11 14 4
9 12 2
20 0 6
0 2 2
3 6 4
2 5 9
15 18 9
3 5 9
8 11 9
3 6 8
4 8 6
18 22 3
1 4 6
12 16 9
3 6 6
20 23 2
16 19 7
19 21 3
19 22 9
8 11 3
10 14 4
2 2 6
21 0 9
0 2 3
20 0 2
8 12 3
13 15 1
21 1 8
20 22 9
5 8 7
6 8 2
3 7 4
15 18 3
21 0 6
11 14 2
3 5 9
20 22 3
13 16 7
14 19 2
10 13 2
0 3 8
9 11 4
13 15 3
5 6 9
23 1 6
6 9 6
16 18 9
1 5 8
18 20 2
15 16 3
21 2 4
20 21 4
21 23 8
17 19 3
5 6 3
17 21 2
7 8 4
13 18 2
23 3 3
0 3 6
2 5 5
11 15 7
0 5 8
19 21 1
23 2 9
3 5 5
11 14 1
8 11 3
18 21 7
8 11 2
1 5 2
12 13 3
16 18 4
20 22 9
7 10 7
11 14 3
10 12 9
22 0 5
19 21 5
4 8 5
16 21 2
1 3 4
10 13 8
6 9 5
20 23 9
6 10 5
12 14 5
13 17 2
12 14 5
0 1 2
14 17 2
8 13 5
21 0 4
13 16 2
15 18 4
0 2 3
5 8 6
14 17 4
5 9 9
4 5 2
22 0 6
15 19 4
3 8 5
3 6 4
22 0 7
7 10 5
13 16 2
9 11 6
10 12 7
2 4 8
13 15 6
17 19 2
14 17 9
0 4 2
9 10 4
17 21 1
8 12 7
22 1 3
15 18 2
0 3 4
0 4 4
16 18 9
11 13 9
17 20 3
23 1 5
5 9 6
12 13 9
10 14 2
4 7 9
2 6 7
8 11 3
23 2 2
12 16 1
20 0 1
9 14 2
6 10 9
1 4 9
20 0 4
3 6 1
21 0 3
20 0 1
3 4 4
21 1 1
22 2 8
9 12 9
2 5 3
3 4 3
21 0 8
7 11 9
14 17 3
12 15 9
16 17 8
6 10 3
16 19 5
1 5 5
21 0 8
15 19 2
23 3 7
8 12 3
23 2 5
8 10 5
2 6 9
21 23 1
4 6 7
18 20 6
11 14 3
8 10 1
17 19 3
18 19 5
4 6 9
5 9 7
19 21 2
16 19 6
20 1 7
15 18 8
5 9 3
3 5 7
22 1 9
17 20 6
22 1 5
14 18 5
22 3 9
5 9 1
4 7 4
19 21 1
15 18 6
3 6 2
17 19 4
18 19 1
12 14 7
14 17 5
17 20 3
15 19 8
3 7 4
3 5 2
15 19 7
8 11 7
21 23 4
7 8 3
16 20 9
8 12 2
1 3 2
12 14 8
12 15 4
22 1 3
10 13 9
18 19 8
19 23 5
3 6 8
11 14 9
5 6 5
18 21 6
0 4 2
14 18 4
7 10 1
3 5 5
15 18 9
19 22 4
4 8 5
23 1 7
15 18 5
14 17 8
6 8 2
12 13 9
22 0 3
16 20 2
6 7 6
10 13 8
8 11 1
14 18 5
13 16 8
5 9 8
15 18 5
5 6 2
1 3 2
18 21 4
0 2 3
8 11 7
4 7 4
15 19 9
16 17 6
20 22 9
1 5 9
17 19 3
16 17 5
22 1 2
0 4 5
1 6 3
4 8 7
20 1 6
23 3 3
12 16 5
22 0 7
21 1 8
17 19 2
22 2 6
10 13 4
15 16 7
13 15 5
3 6 2
16 18 8
19 23 3
19 22 8
23 2 5
7 10 4
13 15 8
11 14 8
15 18 5
15 19 4
17 19 2
0 3 4
3 7 3
14 18 3
14 17 9
0 2 6
0 3 8
13 16 9
13 15 4
14 18 8
10 12 8
8 11 9
3 7 8
6 9 1
23 3 3
1 3 2
14 17 6
7 10 4
7 9 8
1 4 5
6 9 2
5 7 9
13 16 3
18 19 9
13 16 7
12 15 9
8 13 3
11 14 6
20 23 9
3 6 4
4 7 1
19 23 5
9 11 2
2 5 1
15 18 2
14 15 1
15 17 9
4 7 5
0 2 7
18 20 5
21 23 6
0 2 4
20 23 8
4 7 6
22 23 9
22 1 1
3 6 2
19 21 5
8 10 9
4 6 5
22 0 1
18 21 6
2 4 6
19 22 4
18 21 7
0 3 7
16 18 4
12 16 2
6 10 4
10 13 6
6 9 2
1 4 5
13 16 7
7 10 1
3 6 2
20 0 9
15 17 4
0 4 2
1 2 9
22 1 3
5 8 4
11 14 5
1 4 8
4 6 5
20 22 6
3 6 7
23 1 8
16 18 8
5 9 6
19 21 2
10 12 9
16 19 2
13 15 6
12 18 2
4 7 8
17 20 4
15 20 3
11 14 1
6 11 2
4 7 6
15 18 5
20 1 9
13 14 4
0 4 2
8 12 4
12 16 8
0 2 4
15 18 9
4 8 8
7 12 5
15 18 2
3 6 2
23 2 1
19 21 2
5 7 6
22 1 1
17 19 1
7 11 2
14 17 4
7 9 1
14 16 8
21 1 5
20 0 7
23 2 5
22 2 3
16 19 2
10 14 6
19 22 5
22 3 2
0 1 4
21 0 3
18 21 2
8 10 9
20 23 5
10 11 2
10 13 8
22 3 1
9 12 5
14 17 9
21 23 8
6 10 7
14 18 6
8 10 3
21 0 6
1 4 6
14 16 9
10 15 6
16 19 3
1 6 6
16 19 6
21 23 4
23 2 7
2 5 4
21 0 4
9 11 7
23 4 3
19 23 4
18 21 9
21 2 4
6 10 8
15 17 6
19 22 4
4 8 4
13 15 5
14 17 9
22 0 2
17 20 7
9 12 6
12 14 6
14 17 1
23 1 6
9 13 1
10 13 4
15 15 4
10 13 5
20 23 3
23 3 9
15 18 1
4 8 3
13 17 8
4 5 9
6 11 2
12 15 6
9 12 6
12 16 9
23 4 8
15 18 5
21 0 3
0 1 9
22 2 8
7 10 4
16 19 8
12 16 9
3 7 9
1 3 3
22 2 1
10 12 4
10 13 8
22 1 9
2 5 9
8 12 6
9 12 8
2 4 3
18 21 1
7 11 6
0 3 3
20 22 1
7 10 1
11 13 8
7 9 5
23 0 3
12 15 9
10 11 6
4 6 2
11 14 9
9 12 3
11 16 2
10 13 8
20 22 1
4 7 9
4 8 2
15 19 5
3 4 9
20 22 2
18 22 6
14 16 5
11 13 3
3 6 9
18 22 9
14 17 2
22 2 3
1 4 1
10 12 9
23 1 1
21 0 2
9 12 3
6 7 5
5 7 9
11 13 3
22 1 8
5 8 2
19 21 2
3 5 4
1 3 7
11 13 7
15 18 5
20 0 4
16 16 7
2 3 3
13 17 8
10 13 2
11 14 6
5 8 2
0 3 2
22 2 6
16 18 5
2 6 4
15 19 8
11 15 2
3 5 9
23 2 9
10 14 3
4 7 5
10 13 8
10 14 1
23 0 9
23 2 8
20 0 1
0 3 8
17 19 6
0 3 9
23 1 2
8 11 2
12 14 4
16 19 3
17 21 6
5 9 9
12 15 9
9 13 3
23 2 9
18 21 4
0 2 4
17 20 5
12 15 2
21 0 4
12 15 4
21 0 5
0 3 6
7 10 2
11 15 8
14 17 9
13 16 6
7 10 4
6 10 9
4 8 1
15 19 7
3 6 1
12 17 5
18 20 9
14 18 5
10 13 4
0 3 4
11 13 2
16 18 6
16 18 9
5 8 1
20 21 5
9 13 1
5 10 3
0 2 6
22 1 2
18 21 2
0 4 1
7 10 8
10 11 8
22 1 3
21 23 6
0 3 1
17 20 7
5 9 5
15 19 9
2 4 5
1 2 2
17 21 4
14 16 7
20 23 1
10 14 1
22 2 4
22 0 7
4 7 4
10 12 9
23 2 2
20 23 9
11 14 6
15 19 7
15 19 1
15 19 4
8 12 2
6 10 4
14 16 1
6 10 2
20 0 1
19 22 7
22 0 3
2 2 8
16 17 5
15 19 5
2 6 4
4 7 4
14 16 3
16 18 2
0 3 2
2 5 8
16 20 9
2 4 5
16 17 2
1 5 4
22 1 6
23 2 1
6 9 9
4 6 1
18 21 8
23 2 8
22 23 6
14 18 5
12 14 1
22 2 7
4 7 8
4 6 4
10 14 1
8 13 5
7 10 2
6 10 1
7 10 7
7 10 8
18 22 3
11 14 5
18 21 2
15 17 2
8 11 3
19 23 1
10 15 4
7 11 8
7 10 2
7 10 2
18 23 9
0 4 3
3 5 5
4 8 1
15 20 3
4 6 6
15 19 6
23 1 8
16 19 8
1 5 9
4 9 5
17 20 3
7 12 1
8 10 7
12 16 1
9 13 5
9 11 1
11 15 4
1 4 5
1 4 1
4 7 4
6 11 8
4 7 9
13 18 1
10 14 5
10 14 1
17 21 8
17 20 9
19 22 3
13 17 3
23 1 5
3 8 4
18 20 2
20 22 4
18 21 6
18 19 8
8 10 1
14 18 5
19 22 6
11 14 5
2 4 8
14 18 1
22 0 7
14 17 9
17 19 7
17 20 5
6 9 1
4 6 5
19 21 2
7 10 9
6 9 8
21 1 6
6 9 9
18 20 4
7 8 7
4 7 7
12 13 2
2 4 3
11 14 9
3 6 8
10 13 2
6 9 6
8 12 5
23 1 2
1 4 3
14 17 9
5 8 8
17 21 7
1 4 8
22 1 8
4 6 2
5 8 4
15 17 5
4 7 3
15 19 3
23 2 5
4 6 1
17 20 6
0 4 2
7 10 3
10 12 8
17 19 3
11 13 4
23 0 1
19 21 9
9 12 1
6 8 2
0 4 9
8 9 8
13 16 3
10 12 1
16 19 1
2 7 7
1 5 8
8 12 3
19 23 4
19 20 2
15 17 2
23 1 3
1 3 1
18 19 2
0 3 1
18 19 1
1 3 3
7 11 7
6 8 3
4 7 8
20 0 9
0 4 8
1 2 5
7 8 7
18 22 8
9 12 1
4 7 8
7 12 2
0 5 1
19 22 8
1 4 4
9 12 6
19 23 3
19 23 1
4 7 7
0 4 5
5 8 2
2 4 6
14 17 1
14 19 1
18 21 8
12 16 2
4 7 5
8 11 8
18 21 5
22 0 7
1 3 5
6 9 2
19 23 5
17 20 8
18 20 6
19 22 3
21 23 4
6 10 3
11 14 9
18 21 9
2 4 4
12 16 4
5 9 8
7 10 5
1 3 5
17 22 5
11 14 3
13 17 3
21 0 4
15 18 2
4 6 6
16 20 5
1 4 6
23 2 3
6 9 1
16 20 5
4 9 9
7 9 9
22 0 4
20 22 2
19 22 8
4 6 9
18 20 6
22 1 5
3 7 7
11 15 2
6 6 5
20 21 4
18 22 2
11 14 2
22 0 9
6 9 2
11 14 4
22 0 2
0 5 2
19 23 4
23 2 5
19 22 3
9 12 5
20 1 8
3 6 7
7 9 2
5 7 7
18 21 2
16 18 5
15 20 1
3 5 3
17 20 7
19 22 8
1 4 8
9 10 9
3 5 7
18 21 4
10 11 3
19 22 3
13 17 2
21 1 9
16 19 6
21 23 8
22 1 8
9 12 7
11 14 4
2 5 9
7 9 4
13 17 1
4 6 4
16 20 2
18 19 7
23 2 2
17 20 3
10 13 1
20 23 7
21 2 6
0 3 9
0 3 7
9 13 9
2 4 5
18 22 3
14 18 1
8 13 3
23 1 4
3 7 3
19 21 2
16 17 1
15 18 6
0 3 4
13 15 5
15 19 1
0 2 5
7 9 6
13 16 4
4 6 2
13 17 9
17 22 7
4 8 1
3 7 4
3 5 2
4 5 2
3 6 4
1 4 8
4 7 9
8 10 7
1 4 6
9 12 4
11 13 9
11 13 8
2 7 5
14 19 1
21 22 8
12 15 3
13 16 9
2 5 2
19 22 7
10 15 5
13 16 2
21 0 9
16 20 6
13 16 1
8 11 5
14 19 3
23 1 9
19 23 9
17 20 5
3 5 9
8 10 1
13 16 7
1 4 3
18 22 3
7 10 8
14 16 6
17 20 2
17 18 9
15 17 2
12 15 1
4 7 4
11 13 4
19 20 4
22 2 5
22 23 7
23 4 8
20 23 3
1 5 7
7 11 4
4 7 1
14 16 1
10 14 3
21 0 5
14 18 6
10 14 7
18 20 1
19 22 4
8 10 3
9 13 8
14 16 6
13 15 9
15 17 8
11 12 2
10 13 1
11 15 9
13 18 5
20 23 5
10 12 4
10 12 1
21 22 7
8 11 4
11 14 9
9 11 9
11 11 2
9 11 7
10 14 5
17 18 4
6 9 1
11 14 1
9 11 7
9 12 6
20 0 8
17 19 9
18 21 9
21 0 1
14 17 9
23 2 9
19 21 2
4 8 1
14 17 5
16 18 2
3 6 6
17 19 8
9 12 7
0 2 6
7 10 5
15 16 2
2 4 1
18 20 2
0 2 9
15 17 2
18 22 3
17 20 7
22 2 8
5 8 2
16 19 5
20 23 4
14 16 5
5 9 4
9 13 5
21 22 8
1 5 7
19 23 9
10 13 4
5 8 6
1 5 1
13 16 2
0 3 2
18 22 4
11 14 9
13 16 2
11 14 4
19 21 3
16 19 2
16 19 2
15 18 5
21 0 5
22 3 9
22 2 5
3 6 6
6 9 5
8 12 4
9 11 5
22 0 7
22 1 2
16 19 8
13 16 8
3 5 9
1 4 7
2 5 3
0 2 7
3 7 8
6 10 3
5 9 7
22 0 3
10 13 4
17 21 6
4 8 1
4 8 5
6 9 5
10 12 3
23 2 7
17 20 3
21 0 2
10 13 4
4 7 7
12 15 1
7 10 9
1 5 5
6 8 9
23 2 1
9 10 1
11 15 1
20 0 1
12 15 4
1 5 2
11 16 3
0 2 4
18 21 3
8 12 7
11 14 8
5 7 4
16 17 6
2 6 6
15 20 7
17 20 9
17 20 5
1 6 1
17 21 5
21 23 6
10 13 3
1 4 8
15 17 9
21 0 6
20 22 5
10 11 7
4 5 8
9 12 5
6 8 4
4 6 9
10 13 6
13 16 4
6 8 4
4 5 4
4 7 8
23 3 5
10 15 4
14 18 3
5 9 9
16 20 3
19 23 1
4 7 9
1 4 1
23 2 7
5 7 1
8 11 2
1 6 1
21 0 6
16 19 9
23 2 3
0 3 6
10 13 2
8 12 8
15 18 3
12 14 7
6 8 3
6 7 3
6 9 8
5 7 4
9 12 1
3 6 4
5 6 8
5 8 7
19 21 6
18 21 6
21 1 1
15 18 5
16 21 1
3 8 4
3 6 3
2 5 1
7 8 5
20 23 5
2 7 6
22 2 5
1 2 2
17 21 2
21 0 8
0 3 6
17 20 1
3 6 6
15 18 8
12 15 5
11 13 4
10 13 2
9 13 5
1 3 5
15 19 9
12 15 3
3 6 8
9 12 1
22 1 8
20 23 3
17 20 4
14 16 4
13 15 4
14 17 5
15 20 4
21 23 3
1 4 1
12 15 8
1 4 3
20 22 2
20 23 2
8 13 8
13 16 7
4 7 4
17 20 9
6 9 3
2 4 8
19 21 3
2 4 8
15 19 2
7 10 5
17 19 5
0 4 5
14 16 1
15 19 5
19 23 2
19 23 8
12 15 5
20 0 8
23 3 1
15 19 9
20 23 1
10 13 3
8 10 9
11 15 2
12 15 2
14 17 2
18 21 2
6 11 7
15 18 9
10 11 6
9 12 7
10 14 1
18 22 2
15 18 9
0 2 9
6 9 8
12 15 6
0 2 2
5 10 5
14 16 4
11 14 6
4 8 4
6 9 2
6 9 5
0 2 9
17 23 1
13 16 3
23 3 1
14 15 9
20 1 8
13 15 4
7 11 6
10 12 7
7 12 9
17 21 3
10 14 9
2 3 3
1 4 3
3 5 7
20 21 1
15 17 2
3 5 5
14 18 7
9 11 2
22 0 5
12 15 8
7 10 2
10 12 8
0 3 4
18 22 9
5 7 4
14 16 6
12 15 6
6 9 8
21 2 1
19 22 7
7 10 5
8 9 7
7 10 1
9 11 6
21 0 8
20 2 7
22 0 6
15 17 1
1 3 2
7 10 9
20 23 6
10 12 5
8 12 9
20 0 9
20 22 6
18 20 1
6 9 1
5 9 5
14 16 3
7 12 8
5 7 3
17 21 4
15 19 9
20 23 2
23 1 8
20 0 6
17 18 2
4 8 7
12 17 7
14 17 8
15 18 8
0 3 1
4 6 6
3 6 3
23 0 7
18 21 3
12 14 9
19 23 4
14 17 2
13 17 8
18 20 8
4 5 2
17 20 2
0 4 9
8 9 2
11 14 9
22 1 6
17 20 6
12 15 5
0 4 8
18 22 3
2 4 7
17 21 2
0 3 3
23 5 8
9 11 3
14 17 2
0 3 9
11 14 1
14 17 3
19 21 4
0 2 1
21 23 8
0 3 7
13 15 1
19 22 1
16 18 9
