1650 13
1 8 9 3 3 1 2 1 9 9 8 8 8 
8 11 8
21 23 4
8 10 12
3 5 5
21 1 7
1 4 12
17 20 5
16 18 8
4 5 12
17 20 11
7 10 9
17 19 10
4 6 12
1 5 7
4 9 3
9 14 1
1 4 1
20 0 12
8 12 2
7 10 11
23 1 4
23 2 10
15 20 8
12 15 5
6 10 10
15 18 5
18 20 5
10 12 10
18 22 2
11 13 11
11 13 8
21 23 10
5 9 7
5 9 2
9 14 3
4 6 11
4 9 8
11 13 11
20 23 1
21 22 2
23 3 4
22 1 4
7 11 12
3 4 7
3 6 6
3 6 5
13 16 8
1 4 3
13 15 4
7 10 4
23 2 3
23 2 8
12 17 7
15 18 10
9 12 4
17 20 13
8 9 13
17 20 6
3 3 11
11 13 5
20 0 5
17 19 6
22 1 12
7 10 11
6 9 3
22 0 1
4 6 12
17 20 1
12 14 9
9 12 11
6 10 6
2 5 6
9 10 1
6 10 1
11 13 5
3 7 5
1 4 9
20 0 9
15 17 7
3 6 12
11 14 1
16 20 6
9 11 1
2 4 12
12 16 10
2 4 10
8 11 2
3 6 2
5 7 11
22 3 4
6 8 11
6 10 7
9 14 13
13 17 3
4 8 4
15 19 13
23 2 4
1 5 4
15 18 13
11 13 7
2 5 5
1 4 2
13 17 12
10 11 10
2 4 8
4 7 2
16 20 12
17 21 13
2 5 1
9 12 10
8 12 1
22 2 10
1 5 1
4 7 8
22 1 1
2 4 5
11 13 5
22 1 12
23 2 1
5 8 9
8 10 13
15 19 11
3 7 2
22 2 13
17 20 6
10 11 12
5 9 3
19 21 11
8 11 13
12 14 11
10 13 6
14 17 3
16 18 5
6 9 8
11 15 7
2 5 9
4 6 8
4 8 13
21 0 1
4 5 3
8 11 2
13 15 4
8 11 8
23 2 7
6 8 4
1 5 12
13 16 8
11 16 6
4 7 9
10 14 5
11 14 2
18 21 8
6 9 1
6 10 12
13 15 9
15 18 3
11 14 7
4 6 7
6 10 8
4 6 9
8 10 8
1 2 1
19 23 1
4 8 12
4 8 11
20 23 2
13 15 3
12 15 12
9 12 1
23 2 2
23 3 7
0 3 7
8 10 2
7 13 1
18 21 13
22 2 10
2 4 8
1 3 10
5 8 5
1 3 5
19 22 8
23 2 11
5 7 3
12 14 10
16 18 7
16 19 8
15 20 3
14 17 9
14 18 4
18 23 11
19 23 3
8 13 2
10 15 2
5 8 12
15 19 3
14 16 12
7 10 10
11 13 7
1 3 10
10 11 5
2 5 10
3 7 8
7 10 8
5 7 8
12 16 10
9 12 6
18 22 3
23 0 4
14 17 5
22 4 1
3 5 8
20 22 8
20 22 9
7 11 5
0 1 1
19 23 4
5 8 8
2 6 5
8 9 6
14 17 7
20 0 2
23 2 2
4 5 10
23 3 7
16 21 5
9 12 13
6 9 10
12 15 13
4 8 10
22 0 10
14 16 10
21 0 8
15 19 2
1 1 5
16 18 6
19 23 12
13 16 1
13 17 11
18 20 9
8 11 2
13 16 11
14 17 1
15 18 1
6 8 2
15 18 6
20 23 4
15 17 8
6 10 6
19 22 9
22 1 8
5 7 2
16 20 10
22 3 1
9 13 1
20 1 3
0 4 9
6 8 7
9 14 6
3 6 11
18 21 6
19 22 5
20 23 13
1 4 12
10 12 8
8 11 4
12 15 3
16 18 11
10 14 4
16 21 2
2 5 12
17 19 8
2 5 7
13 17 11
9 13 8
2 7 12
13 17 2
5 9 13
4 7 3
9 11 10
16 20 1
8 11 3
4 5 11
14 17 5
8 11 9
10 13 7
0 4 6
10 14 12
18 20 10
0 2 10
0 3 2
0 3 2
18 18 11
11 13 2
8 10 3
1 5 13
11 14 10
10 12 6
1 6 8
11 14 3
20 23 6
15 17 2
12 13 7
10 13 13
23 2 9
5 7 7
4 9 9
7 10 10
13 18 1
7 8 3
8 10 10
14 16 6
22 0 3
15 19 2
3 5 5
11 14 3
9 12 8
10 14 1
23 2 8
5 7 2
5 8 12
17 21 12
10 12 4
8 11 12
0 5 12
15 18 13
10 13 1
16 19 9
19 21 11
13 17 13
6 9 4
16 18 8
18 22 8
9 10 4
2 6 5
3 8 12
20 0 4
12 14 10
9 13 3
9 12 6
16 19 3
5 9 8
16 18 10
17 22 11
5 8 11
4 7 11
2 5 3
15 18 12
2 5 2
7 11 9
12 15 12
7 10 13
2 5 7
19 23 4
22 2 9
20 0 2
23 1 12
6 10 1
12 17 4
4 6 9
9 12 12
18 21 11
5 10 8
9 12 2
19 22 4
2 4 4
16 19 2
12 15 2
4 8 1
7 10 2
22 0 11
23 2 8
17 18 3
11 14 13
1 3 10
18 22 9
1 4 9
7 10 10
22 1 5
22 2 4
19 21 13
21 0 10
2 6 5
16 20 7
5 9 9
12 16 7
11 14 12
23 2 11
5 6 2
16 18 10
13 16 12
0 2 9
0 3 2
13 15 9
16 19 3
10 13 2
16 19 12
0 2 13
11 14 3
0 4 5
13 16 9
15 16 9
15 18 9
9 11 5
10 12 2
10 13 2
19 22 5
20 22 12
12 15 1
14 17 6
19 22 3
0 3 1
14 17 13
15 17 9
15 19 11
8 10 5
15 19 9
8 12 10
16 20 5
22 0 9
1 4 11
23 2 10
11 13 4
2 6 9
16 18 2
13 16 8
0 4 11
17 19 2
16 20 1
19 21 7
21 0 3
19 22 12
23 3 9
21 23 3
10 14 8
13 17 9
2 5 4
1 4 3
4 6 3
6 9 12
20 0 11
9 12 1
0 3 13
13 15 2
1 4 3
17 22 5
7 10 4
15 17 1
5 8 11
9 10 13
21 2 12
23 0 2
14 17 13
8 10 5
17 20 6
3 6 9
10 14 10
17 21 11
5 7 7
10 14 6
11 15 12
4 11 11
9 11 1
17 18 4
5 8 8
10 12 5
9 12 7
8 10 12
23 1 3
2 5 12
13 15 11
16 18 1
21 0 2
8 11 4
8 11 3
1 5 13
23 1 12
10 12 8
12 15 11
12 16 8
9 10 6
9 13 8
4 7 12
13 16 3
7 10 2
11 14 11
12 15 11
23 3 5
19 22 12
3 7 12
16 20 11
19 23 1
14 15 12
7 9 12
11 16 11
18 21 13
23 2 11
4 7 12
4 7 9
20 23 9
17 22 13
21 0 5
3 7 10
14 17 13
10 15 10
12 17 13
19 22 11
9 12 13
10 13 1
22 0 9
2 6 7
18 22 5
1 5 2
9 12 6
8 10 8
20 21 11
16 20 6
17 20 10
7 10 12
9 12 13
3 4 5
9 11 7
21 0 13
6 9 2
14 18 12
20 0 10
23 3 2
4 6 7
12 14 3
0 3 12
9 12 5
12 16 4
20 23 2
11 13 10
6 7 6
13 17 13
1 4 10
5 8 3
19 21 9
12 15 12
10 12 5
18 20 12
14 15 9
17 21 9
13 16 5
10 15 7
12 16 5
10 13 5
23 4 13
7 10 8
22 1 3
17 20 6
16 19 8
19 21 5
22 2 7
1 5 1
21 0 1
1 4 13
11 14 11
0 4 6
4 6 9
13 15 2
3 5 10
20 0 9
5 8 1
22 1 13
14 17 12
14 17 3
11 12 9
18 21 1
12 15 3
5 8 4
7 10 3
21 0 4
1 3 6
23 3 3
22 23 1
3 7 4
13 17 4
22 0 9
4 7 10
21 23 9
12 15 5
23 4 11
10 14 1
19 22 12
5 8 3
7 11 12
12 14 3
12 13 2
19 22 11
18 20 4
7 9 10
22 0 2
15 19 4
12 16 7
17 20 5
17 19 2
18 21 2
21 0 5
10 12 3
8 10 3
13 17 2
19 21 11
3 5 2
17 20 8
11 13 5
0 3 5
2 4 9
19 23 11
17 18 1
2 5 2
20 0 12
21 22 10
18 21 4
4 8 7
19 23 8
7 11 4
20 23 5
7 10 8
0 3 8
13 16 5
7 10 9
18 23 3
13 17 9
16 20 1
14 17 2
12 16 1
15 18 1
13 15 7
19 22 5
8 10 4
3 7 13
12 14 7
22 3 1
4 7 2
5 9 2
11 15 11
15 17 13
4 7 13
3 7 13
15 19 5
13 18 8
23 1 4
23 2 8
15 17 2
9 12 3
2 4 3
21 0 11
1 4 10
11 13 3
12 14 9
21 0 6
3 5 1
7 11 11
21 22 11
20 22 2
23 1 2
5 8 10
3 4 6
16 20 2
2 5 4
2 4 7
4 7 5
12 16 10
20 0 10
4 7 11
17 20 4
7 11 8
6 10 1
22 2 2
22 2 2
20 23 6
19 23 8
12 16 3
18 21 10
14 17 11
16 19 4
1 4 10
22 1 4
7 10 11
19 21 4
9 10 5
6 9 5
15 20 4
2 5 4
0 2 13
5 9 2
1 5 4
13 15 1
21 23 8
13 16 2
2 4 8
19 23 13
12 15 12
9 11 9
4 7 13
20 0 7
1 1 13
12 15 10
16 19 7
17 20 4
16 20 6
14 16 4
16 20 12
23 2 3
20 0 11
22 0 1
14 19 5
22 1 7
10 14 6
12 15 5
11 15 13
18 21 1
10 12 8
16 20 9
1 4 6
1 4 11
12 14 4
5 10 3
15 19 10
22 4 10
3 6 5
2 5 13
5 10 8
16 20 10
7 11 1
20 23 8
7 10 8
22 1 4
21 1 9
21 0 13
22 23 10
0 3 4
13 18 11
12 15 9
8 11 1
9 13 13
4 5 3
9 11 1
21 1 5
23 4 6
2 5 9
19 0 5
16 21 7
14 16 8
3 5 6
18 20 11
16 18 12
6 9 7
8 12 4
21 0 2
21 0 8
19 23 8
7 9 1
15 18 4
2 6 4
22 2 13
20 23 12
19 23 4
11 14 10
11 13 1
21 0 11
9 14 11
6 9 6
12 14 8
9 13 1
5 8 5
8 11 1
0 2 10
0 3 11
12 16 4
8 11 13
13 16 10
16 20 13
10 15 3
22 1 1
5 7 5
2 4 7
18 22 8
22 1 9
10 12 9
22 3 9
13 18 10
2 6 12
4 8 3
13 15 9
2 6 13
5 8 12
10 13 2
16 20 3
22 0 4
11 12 4
23 3 5
4 6 6
9 12 4
5 7 13
9 12 2
7 11 3
2 5 5
7 8 7
15 17 5
10 12 8
1 2 1
1 3 2
9 13 13
10 13 8
13 16 7
0 4 4
11 14 8
6 10 12
23 2 9
0 4 10
16 18 3
14 19 11
5 8 11
20 23 6
16 19 13
3 7 4
0 3 5
14 15 6
9 13 1
1 3 12
1 5 6
7 11 6
15 16 1
17 20 7
9 11 12
20 23 6
9 13 3
18 21 11
2 6 8
4 6 12
2 3 10
9 13 12
20 0 7
17 21 6
12 15 11
5 8 10
3 5 4
0 2 11
10 14 7
8 10 3
0 4 6
19 22 11
13 17 2
20 22 13
9 11 4
2 5 9
8 12 8
21 1 6
19 20 1
12 16 1
19 23 7
0 3 5
20 0 9
23 4 9
21 23 9
11 12 4
4 8 8
18 20 5
2 4 4
23 1 5
15 18 6
4 6 13
7 9 12
19 20 5
16 19 2
19 23 3
15 18 2
11 15 8
18 21 4
11 12 8
6 10 7
2 5 6
17 19 7
18 21 7
13 17 7
1 4 11
22 0 8
4 6 11
20 0 6
20 21 13
20 0 12
6 9 8
11 14 12
2 6 1
18 23 6
14 18 3
9 12 7
18 20 11
16 19 10
12 15 2
2 6 13
16 20 10
15 17 12
9 12 7
16 17 6
21 23 8
6 7 3
5 10 9
18 22 4
1 5 1
17 20 6
10 14 3
13 14 4
21 23 9
3 6 1
20 23 1
11 11 5
21 0 7
19 23 1
1 3 11
23 2 5
17 18 1
14 17 10
11 14 5
16 20 9
9 13 1
6 9 11
2 7 11
13 14 8
7 12 7
9 14 11
3 6 10
14 17 7
19 23 1
23 2 11
12 15 7
6 8 1
2 5 9
22 0 5
5 8 2
11 13 11
5 7 12
16 21 7
8 12 4
13 17 7
8 12 10
16 18 1
5 8 4
22 2 6
1 4 5
20 21 9
3 7 12
19 0 7
23 0 8
14 16 10
4 7 5
21 0 3
20 23 13
9 11 2
5 8 6
7 9 7
21 0 5
0 3 9
12 16 1
1 4 1
9 12 5
21 1 8
14 16 8
8 12 7
6 9 8
18 20 10
7 9 9
12 16 12
16 18 5
1 4 4
0 3 4
10 15 11
2 4 6
22 2 3
13 17 7
18 23 12
21 0 6
7 12 5
12 15 7
6 8 9
7 9 13
16 19 9
18 19 8
7 10 5
10 14 6
9 11 4
19 0 11
6 10 8
0 1 4
14 16 13
16 19 8
13 17 9
5 8 8
8 12 7
2 6 7
1 3 5
2 6 10
21 23 5
11 13 3
10 15 12
14 17 10
16 20 7
7 12 10
20 23 12
10 11 4
1 4 13
13 17 11
22 1 8
20 23 9
7 11 5
23 3 6
22 0 2
11 12 8
10 13 8
12 17 1
5 9 13
7 9 7
20 23 7
2 5 10
1 5 12
19 0 7
20 0 4
6 10 9
3 7 3
8 10 13
20 21 2
22 0 1
4 6 1
1 3 8
6 11 10
23 1 8
0 2 6
23 1 10
7 12 9
22 1 2
5 8 5
23 3 2
15 19 4
22 0 5
12 16 2
12 15 8
13 17 3
17 19 9
23 2 4
4 6 12
0 2 12
22 1 7
2 5 10
4 6 12
23 2 6
20 22 4
2 4 13
0 3 8
0 3 4
13 16 8
22 0 9
17 19 6
10 15 2
2 5 2
18 22 10
0 3 13
18 21 5
21 1 7
12 16 3
6 10 12
10 13 12
13 17 10
20 1 8
2 6 9
21 0 4
0 3 12
16 19 8
4 6 4
16 19 10
14 19 1
23 3 9
9 12 9
22 1 6
10 12 8
9 12 5
20 0 5
16 18 6
7 12 2
12 13 9
17 19 3
8 10 2
5 7 6
13 16 1
17 19 5
1 5 5
6 10 10
2 7 1
16 18 5
20 0 2
17 19 9
8 12 5
16 20 8
3 5 12
23 1 11
10 12 6
19 20 7
8 9 8
18 21 12
18 21 12
11 15 13
2 6 5
21 23 4
9 13 4
22 2 11
6 8 13
2 3 2
17 20 10
6 8 6
22 2 5
16 19 10
3 6 5
13 17 11
6 9 7
8 10 9
16 19 1
16 19 3
1 4 13
23 3 3
14 17 4
8 13 6
20 0 1
9 13 3
14 16 2
19 21 11
22 23 1
18 20 8
19 21 8
1 5 10
20 23 9
19 23 10
12 16 9
4 7 8
0 2 13
5 8 3
13 16 8
17 20 9
18 20 11
2 5 6
0 3 10
17 20 11
16 19 5
7 10 1
23 4 10
2 4 12
2 6 1
8 10 3
17 22 8
9 13 3
20 0 1
7 9 8
6 10 10
9 13 2
15 17 10
23 0 8
3 6 7
6 10 8
1 4 11
14 16 12
21 22 3
6 10 7
2 5 7
6 8 8
21 0 13
19 20 7
6 9 6
8 12 8
12 17 7
2 6 1
22 2 3
8 10 4
23 1 1
22 1 7
7 11 3
11 13 10
9 13 12
11 13 2
5 7 11
17 18 7
1 6 12
0 2 2
7 11 9
2 5 9
1 3 2
23 2 13
3 6 7
9 13 12
3 6 9
16 20 7
8 10 11
19 0 12
1 1 13
20 0 11
0 2 10
13 15 4
19 21 13
20 23 13
2 5 12
17 22 8
8 11 6
9 10 7
7 9 13
18 21 13
14 16 13
21 0 9
11 14 1
20 1 7
1 4 11
9 14 4
16 17 2
3 6 10
2 3 6
8 12 3
20 23 6
14 17 12
1 4 11
9 13 2
6 9 10
20 0 3
11 14 8
19 22 1
3 7 7
0 4 10
14 17 9
8 11 10
19 22 8
4 9 8
15 18 9
22 1 1
19 22 1
3 6 3
13 16 7
19 22 3
20 23 5
3 6 10
20 23 13
21 1 4
9 15 2
8 11 4
22 3 11
13 16 2
18 20 10
15 17 11
13 17 6
20 22 4
6 11 1
6 10 9
0 2 12
2 4 6
1 5 11
0 3 13
14 18 6
7 11 7
22 1 11
20 0 13
21 2 13
9 10 9
2 5 8
10 11 8
7 10 13
13 16 4
2 5 6
19 20 1
14 16 5
13 17 13
16 18 10
18 23 6
12 14 13
23 3 11
2 4 3
19 21 13
4 7 5
11 15 8
6 7 3
20 0 6
9 12 8
16 19 9
5 8 8
19 21 12
6 7 12
22 1 9
9 11 3
17 18 11
4 7 1
17 21 4
8 11 6
20 23 7
12 14 9
22 2 2
11 13 5
18 23 9
5 8 3
9 14 12
15 18 1
23 0 3
18 21 10
10 13 4
17 20 12
7 10 4
15 18 3
4 8 6
5 8 13
8 10 9
16 19 9
10 13 2
21 1 11
21 0 9
4 7 6
17 19 6
2 4 12
23 1 2
7 10 10
0 2 11
5 8 6
2 5 7
22 1 2
3 5 11
3 7 11
20 22 3
0 5 12
7 10 13
4 7 11
13 16 2
23 1 7
7 8 11
8 14 9
13 16 2
21 1 4
23 2 12
7 11 9
11 12 10
21 22 9
21 23 8
10 13 5
15 18 1
21 22 8
23 1 5
9 12 2
20 22 11
16 20 12
20 23 3
3 7 12
23 2 6
1 5 4
11 13 11
7 9 4
17 22 12
11 14 4
5 7 7
14 19 2
3 6 12
21 23 11
17 19 1
21 0 9
1 3 7
3 7 11
3 6 6
17 20 4
6 10 8
5 10 6
17 18 5
3 6 3
0 2 7
18 22 6
12 15 13
13 15 7
11 14 12
10 13 13
1 6 1
11 15 4
16 20 13
19 23 10
9 12 12
13 17 9
10 12 5
6 9 8
20 23 11
6 9 7
0 5 11
8 11 11
5 8 4
21 0 11
16 21 8
18 21 6
14 16 4
23 2 5
12 14 11
6 9 1
9 13 11
5 8 12
6 7 7
23 2 7
4 8 13
7 11 11
14 18 11
9 11 3
8 10 8
13 18 8
12 15 12
8 13 6
1 4 8
6 10 1
1 5 8
15 16 1
15 18 1
22 1 13
11 11 5
4 7 7
8 11 13
18 20 5
21 22 5
11 13 7
19 23 5
11 14 6
20 22 3
20 22 10
11 14 3
16 17 1
18 22 6
22 0 1
10 15 1
2 6 4
22 0 3
4 5 3
7 10 1
12 14 6
7 11 4
14 18 6
3 6 5
15 17 4
1 3 10
7 11 9
0 2 6
22 2 13
21 23 9
8 12 8
17 18 1
5 9 8
0 3 7
11 14 8
3 6 6
15 18 10
13 16 7
1 3 2
18 21 1
22 2 13
22 2 12
19 22 3
17 21 12
6 8 5
16 18 4
14 18 5
22 1 1
10 13 11
4 8 2
9 11 9
20 22 6
2 4 10
16 19 10
16 20 2
15 20 6
1 5 9
5 9 4
19 20 9
9 12 11
16 18 13
20 0 9
3 6 8
15 19 12
11 13 1
5 6 13
10 13 6
1 6 4
19 21 3
10 13 13
5 6 5
10 14 13
14 17 12
11 13 7
12 14 4
18 22 11
12 13 12
3 6 13
4 7 6
5 10 7
4 6 10
16 19 5
20 0 12
3 5 4
0 1 2
2 5 13
4 7 8
18 22 4
6 9 3
12 15 12
19 22 8
22 1 8
10 12 5
20 23 11
21 2 3
5 8 4
8 12 12
0 3 8
0 2 8
1 5 3
20 23 5
16 20 4
15 19 12
13 16 7
16 19 7
10 13 9
20 23 11
9 14 6
3 4 6
6 10 8
10 12 12
19 23 10
21 23 7
2 6 9
6 10 5
2 4 9
23 3 12
16 17 3
23 1 1
17 21 2
19 21 2
17 19 5
17 21 8
1 3 1
10 12 8
22 0 2
1 3 11
10 15 2
14 18 12
17 20 3
5 8 1
17 22 7
22 2 12
14 17 11
14 16 6
15 19 5
23 2 1
13 17 13
20 23 8
14 18 4
15 17 8
17 20 5
1 3 2
9 13 10
16 18 7
2 6 5
6 10 4
8 11 9
17 20 2
18 23 5
2 6 7
14 17 7
1 6 9
4 7 4
9 11 3
3 6 12
13 15 6
0 4 2
21 1 5
10 15 7
0 4 12
20 0 6
23 1 13
12 13 10
8 10 10
6 10 4
20 22 10
19 22 7
23 2 11
6 9 3
7 10 4
3 6 11
8 10 11
23 3 13
23 2 10
1 4 4
11 14 7
5 9 8
12 16 13
6 9 13
19 22 11
9 11 3
18 22 13
4 8 3
9 12 7
11 14 11
0 2 9
4 8 9
4 7 13
2 4 13
22 2 6
10 11 1
17 20 8
21 0 6
19 21 11
14 16 12
0 3 5
6 8 1
0 2 13
14 17 13
3 5 9
19 20 12
12 14 6
23 1 6
11 14 10
22 1 11
8 10 11
12 15 9
3 6 6
20 22 9
8 11 5
23 2 4
1 4 8
6 10 3
7 10 11
18 20 8
18 20 6
3 7 11
15 18 11
8 11 4
6 9 3
15 18 3
17 21 10
23 2 2
10 12 2
7 10 1
13 15 9
12 16 5
3 5 13
13 16 10
8 11 7
8 10 11
23 2 7
3 6 12
13 16 5
16 20 6
6 9 3
6 10 8
5 8 2
2 4 2
7 11 12
22 2 6
7 10 10
5 10 10
