500 7
5 8 3 5 1 4 7 
21 1 1
15 18 7
15 18 3
0 3 5
5 7 1
16 20 7
6 9 1
4 6 4
6 9 6
21 0 6
22 1 7
14 17 3
7 10 4
9 12 1
11 15 6
0 1 2
4 7 4
22 3 6
0 4 2
2 4 5
8 11 4
18 21 6
19 0 2
2 6 7
15 18 4
10 14 2
15 18 4
8 11 3
14 17 6
13 17 7
2 7 6
21 1 1
18 22 5
1 3 6
8 11 7
2 6 7
7 9 2
2 4 4
6 8 5
19 22 7
18 21 2
10 13 5
18 23 5
14 17 3
11 14 2
19 22 4
21 1 7
15 19 7
18 21 3
8 12 1
23 2 1
19 21 5
16 19 6
2 6 7
15 19 2
0 4 4
20 23 4
13 15 7
9 11 3
17 21 6
4 7 7
6 8 3
12 16 3
9 13 7
21 0 3
4 8 5
20 23 1
6 10 7
20 22 4
9 13 4
16 18 3
10 13 7
6 7 1
9 13 2
8 10 6
15 18 6
12 14 1
10 12 6
12 16 6
19 22 1
22 2 3
12 14 1
6 10 2
13 15 2
18 20 4
15 19 3
10 15 3
17 21 7
18 22 6
12 17 2
8 11 3
13 15 4
9 12 1
4 6 4
3 6 4
21 1 1
7 9 1
17 21 5
1 4 2
19 23 4
4 7 2
7 10 4
12 14 6
21 23 4
7 9 4
22 0 1
12 13 5
6 9 2
13 17 3
9 11 6
0 3 1
5 10 4
3 5 2
18 22 7
17 19 6
4 7 5
11 13 5
16 18 5
4 5 7
1 4 1
3 5 3
12 14 1
23 2 5
7 11 1
17 20 3
15 19 3
21 0 7
5 8 7
0 1 1
10 13 1
12 18 6
1 3 5
7 10 1
7 11 3
20 22 6
17 21 4
13 15 7
14 18 4
22 1 3
6 8 3
11 16 2
10 14 6
5 8 5
20 22 7
17 19 6
12 15 5
19 21 7
20 21 4
10 13 7
0 1 7
4 6 4
2 5 5
11 14 5
12 14 1
23 3 6
10 13 6
4 8 1
19 20 1
20 0 1
20 23 4
16 18 4
14 14 3
16 19 3
18 22 2
10 12 1
15 17 3
13 15 2
3 6 1
19 22 2
9 11 4
7 9 5
19 22 3
10 13 4
21 1 3
21 1 5
19 22 6
13 16 6
13 16 3
3 5 7
20 22 2
17 20 3
23 1 1
23 1 2
6 11 2
4 8 5
8 10 3
13 15 5
20 21 4
17 20 4
12 15 6
18 21 2
13 15 3
18 20 6
11 13 1
17 22 1
18 22 5
11 15 2
17 19 6
4 5 5
13 16 1
19 22 2
2 5 1
20 0 6
10 14 2
5 9 1
5 9 2
19 21 1
21 22 1
19 23 7
7 10 5
15 18 6
12 15 7
2 8 7
13 16 6
11 13 2
10 12 2
23 2 7
21 2 2
0 1 4
8 12 6
22 23 6
1 6 7
20 23 6
18 21 5
23 1 6
18 22 5
12 17 4
5 9 6
22 1 5
17 21 3
12 15 1
2 6 3
9 10 1
8 12 1
17 20 5
21 1 1
4 7 3
20 23 5
9 11 5
22 1 7
2 4 3
19 23 1
12 13 1
15 17 7
3 6 6
3 5 3
10 13 5
6 9 5
12 15 6
13 16 2
14 15 4
21 2 1
12 14 4
11 16 1
20 0 2
20 23 2
22 23 2
5 9 4
11 13 6
20 22 3
11 13 4
1 4 6
5 9 3
0 4 7
3 7 2
19 23 5
9 12 4
23 1 4
13 18 1
18 20 7
2 5 2
0 3 6
19 20 4
8 11 2
3 6 2
15 18 2
22 2 6
3 5 4
2 4 4
1 4 1
3 5 7
22 0 4
12 15 4
20 22 7
20 23 5
0 3 4
9 11 2
11 12 7
18 20 3
16 19 1
8 12 5
13 17 4
12 16 1
15 20 3
17 21 5
15 17 7
19 21 2
23 1 5
12 16 7
4 6 6
13 16 7
22 1 6
3 6 1
11 17 4
9 11 5
14 16 2
15 18 5
10 14 1
2 5 3
22 0 7
15 17 4
0 1 1
18 20 1
21 23 1
14 17 7
11 13 6
8 13 3
13 16 7
0 3 2
11 15 2
19 22 2
1 3 7
12 15 5
2 6 6
9 10 4
22 1 6
22 3 3
1 4 3
8 11 1
22 1 5
1 4 2
21 23 5
21 0 4
21 23 3
20 23 1
6 9 5
8 11 6
0 3 6
4 5 7
14 16 2
21 1 1
8 11 2
10 13 1
20 23 1
1 5 3
16 19 7
1 4 5
5 8 2
12 16 4
13 16 7
16 18 6
3 6 2
8 12 4
18 20 6
8 11 7
5 8 5
20 22 5
9 13 5
22 2 6
21 0 1
20 1 2
9 13 2
1 4 4
9 12 2
10 13 3
19 21 4
7 10 6
3 7 6
23 3 7
8 10 4
18 19 6
19 22 2
15 17 1
18 20 2
14 16 1
10 12 6
12 16 1
19 22 1
3 7 7
22 1 5
0 3 3
23 2 2
13 16 4
13 16 4
2 5 7
9 13 6
4 7 6
6 10 7
11 14 3
23 5 6
7 10 4
4 8 3
15 17 1
3 5 3
7 10 2
7 9 3
10 13 7
12 14 4
8 11 7
22 0 5
9 11 1
20 23 5
18 21 3
21 23 1
21 1 3
5 8 3
23 3 7
8 11 5
11 12 5
20 23 2
2 5 5
17 18 6
12 15 2
5 8 1
0 4 3
11 13 4
17 20 2
13 14 3
19 22 5
9 12 4
4 7 2
18 22 7
15 20 2
21 0 4
3 6 7
10 12 1
0 2 5
14 17 1
21 22 4
22 1 4
15 17 4
8 10 4
2 5 6
3 7 6
13 15 2
12 14 6
2 4 7
22 1 6
8 11 6
9 12 3
17 19 4
19 22 7
13 17 6
22 2 5
22 2 5
23 3 5
2 6 4
17 19 7
11 14 2
8 12 1
7 10 5
11 14 7
10 13 4
15 19 7
15 17 5
16 18 1
16 20 7
14 18 3
21 22 2
14 17 3
12 13 3
22 2 7
19 23 4
10 13 5
0 3 1
2 5 4
20 23 1
16 20 7
8 10 1
2 6 3
22 2 6
2 6 4
19 23 1
7 11 7
2 3 4
20 22 4
5 7 3
0 3 7
14 15 3
3 6 2
19 21 5
19 21 7
20 0 1
11 15 4
13 17 4
3 6 3
13 17 5
11 16 1
19 22 1
3 4 7
21 0 3
13 15 4
0 3 5
7 9 4
1 6 7
19 23 7
19 22 3
21 23 3
5 8 6
21 21 2
