2250 18
4 9 4 8 3 7 3 3 4 8 10 9 2 1 2 3 7 9 
1 2 2
20 21 10
8 10 12
2 6 14
0 2 2
9 13 11
0 3 16
2 4 18
2 4 6
7 11 11
18 20 7
23 1 2
15 18 17
16 18 12
20 0 4
9 14 2
3 4 18
15 18 7
2 6 14
5 8 14
0 5 12
23 2 9
19 21 13
9 9 18
6 8 2
3 5 18
6 9 1
7 10 6
15 17 11
6 9 17
0 5 8
10 13 12
4 6 5
12 16 7
18 21 11
9 13 8
14 18 9
5 8 16
20 22 14
3 5 9
22 0 5
13 16 5
9 11 7
7 9 10
16 20 16
13 15 12
20 0 1
0 3 11
14 15 11
22 2 3
14 16 4
6 8 6
19 19 10
0 4 10
20 1 13
19 23 4
22 23 3
13 17 10
0 2 4
2 5 7
3 6 11
19 22 11
20 23 12
20 0 6
9 12 9
9 11 18
19 0 4
12 16 2
16 18 7
23 1 7
4 7 18
5 6 2
2 5 1
12 14 14
12 16 14
3 5 8
21 0 17
6 10 5
8 9 9
4 9 1
14 19 17
19 21 6
16 20 7
5 8 14
2 6 7
5 7 10
21 1 12
17 20 18
13 17 5
11 13 17
15 17 12
13 17 11
22 23 15
12 15 12
4 8 17
14 16 2
10 12 15
12 16 17
11 14 18
2 6 9
20 0 13
17 21 1
12 15 14
1 3 6
22 1 2
1 5 2
17 21 11
2 4 10
15 18 8
3 6 3
21 0 10
15 17 11
20 23 8
1 4 11
8 11 15
21 0 16
1 4 11
3 6 16
6 10 13
10 14 9
6 8 4
8 10 10
8 12 12
13 18 15
15 17 7
3 7 7
11 13 10
12 16 17
18 23 3
10 14 1
6 10 12
23 1 2
9 11 7
13 16 17
19 22 3
18 19 11
4 6 18
10 13 10
11 15 14
15 19 14
11 12 1
14 15 8
11 14 7
22 2 16
0 3 10
21 0 8
21 1 16
21 0 6
4 7 14
23 3 7
1 3 1
21 1 3
7 11 4
4 7 2
13 16 5
2 6 17
15 18 1
16 19 8
21 2 6
23 3 18
20 0 6
3 5 11
10 13 5
17 20 15
10 12 16
11 13 11
7 11 16
21 23 10
13 16 7
21 23 7
11 15 9
16 19 12
12 13 2
6 8 4
12 16 11
5 7 10
7 9 1
2 5 13
8 10 13
19 21 9
7 9 6
11 16 10
10 13 2
4 6 12
9 12 8
20 23 8
19 22 2
14 18 7
21 3 15
6 9 5
17 20 10
2 5 7
15 20 2
20 22 5
23 1 16
13 15 5
15 18 11
0 2 3
1 4 15
21 22 9
14 15 11
18 21 18
6 10 4
8 11 15
9 14 8
1 5 3
20 21 10
4 6 4
14 17 1
14 17 4
3 7 10
6 10 12
6 10 12
2 7 8
14 18 1
19 0 2
5 9 5
10 13 9
3 6 6
9 12 10
13 15 8
9 13 3
10 15 13
9 11 8
7 10 6
18 21 8
19 21 6
6 10 11
12 17 1
14 18 11
9 12 1
15 18 14
21 2 4
12 14 15
23 2 6
2 6 10
17 21 13
9 12 13
10 11 5
4 7 15
7 10 9
14 17 7
21 2 7
19 23 2
16 18 13
2 6 12
13 16 4
18 21 6
6 8 8
2 6 9
12 15 14
19 21 15
15 19 15
4 8 8
6 10 7
20 23 11
18 21 5
19 21 12
3 7 18
20 22 10
7 10 10
4 5 4
18 21 5
1 4 2
9 10 10
2 5 8
22 0 13
1 4 12
3 5 1
3 5 17
1 5 13
4 8 12
1 4 11
6 10 3
19 21 12
19 21 3
10 11 8
15 18 9
3 6 17
7 11 5
2 5 9
13 16 17
15 17 13
4 5 5
13 16 13
14 17 18
3 4 17
20 0 18
10 13 15
19 21 15
11 14 18
18 20 11
17 18 9
0 2 16
4 7 1
22 2 9
14 16 3
10 13 12
1 4 8
6 10 14
18 20 16
16 21 2
19 22 14
18 23 10
1 5 3
12 13 1
8 10 3
22 2 15
10 12 10
8 9 3
15 19 9
13 17 18
11 13 4
12 16 12
6 8 4
10 14 16
18 19 4
4 6 12
12 14 5
16 22 4
20 23 9
4 7 9
8 9 6
13 14 14
1 5 5
0 5 9
11 15 1
15 17 1
4 7 13
15 18 17
2 6 3
6 10 3
22 1 8
21 0 14
8 10 16
4 8 15
6 9 2
8 10 17
1 5 8
20 22 9
21 0 6
12 14 18
19 23 17
5 9 6
6 8 15
19 22 5
17 20 2
9 13 16
8 10 11
2 5 10
3 5 3
3 6 17
18 20 11
16 20 4
4 7 10
22 1 17
10 12 15
22 1 12
0 2 14
22 1 16
15 18 15
19 22 6
15 17 3
16 17 7
14 18 18
12 15 10
12 15 10
7 11 7
12 16 11
18 21 11
3 8 10
23 1 3
23 1 12
7 10 6
12 16 1
4 8 5
20 23 7
4 8 10
12 15 18
16 17 4
16 17 1
23 2 9
20 0 15
5 8 18
15 17 4
16 19 5
13 16 8
18 22 12
23 3 7
11 13 7
20 0 14
12 16 8
16 18 13
17 21 5
4 6 7
9 11 8
20 0 4
12 17 1
4 5 8
8 11 7
6 10 10
11 13 11
11 13 2
17 20 8
13 15 14
15 18 16
4 6 10
5 10 3
0 1 1
21 23 4
17 20 18
1 4 12
9 11 18
20 0 2
10 14 5
7 10 5
16 18 5
10 15 13
15 18 2
19 23 11
10 14 13
1 4 15
11 14 1
5 9 15
8 11 16
20 23 15
20 22 5
5 8 10
15 18 11
5 8 12
10 12 11
18 20 7
18 21 6
4 8 15
11 15 2
0 3 15
6 10 7
17 20 13
21 0 15
19 21 13
17 20 2
1 3 5
22 1 1
1 3 10
14 17 17
5 9 8
14 16 12
13 15 16
16 19 1
1 4 17
18 21 7
11 14 18
6 9 14
17 19 6
20 1 14
5 8 14
1 6 11
15 17 7
18 22 1
0 4 18
4 7 15
20 23 11
18 21 9
6 8 5
19 21 15
21 2 18
13 18 8
12 14 18
14 18 6
0 2 5
6 10 2
2 6 12
2 7 1
5 8 2
2 6 13
23 2 12
4 8 16
0 2 10
9 11 6
1 6 7
9 11 6
8 11 1
6 9 6
12 15 8
23 2 7
4 8 1
21 0 7
11 11 3
6 8 9
9 13 14
9 10 9
19 0 7
7 11 17
6 8 12
10 13 10
17 20 16
17 21 10
1 3 3
7 11 14
3 4 2
14 16 9
11 13 2
14 18 9
1 4 7
23 4 14
5 10 12
1 4 10
11 15 10
17 20 4
18 22 2
19 22 5
4 6 13
11 15 13
8 12 7
18 22 4
9 11 3
21 0 4
22 1 4
9 14 4
14 17 18
4 8 8
16 18 8
3 6 5
19 23 18
0 3 17
17 21 3
16 17 3
18 21 8
10 13 13
14 19 6
0 2 18
5 9 5
3 5 16
9 12 16
15 18 6
19 23 1
5 8 12
1 3 5
5 9 5
13 15 9
22 1 6
14 17 15
11 14 16
17 21 9
21 0 16
2 5 13
17 20 2
20 23 3
22 1 3
22 2 15
12 15 6
17 20 17
12 15 1
7 10 18
11 14 4
13 15 14
2 4 13
5 8 4
2 5 5
9 12 8
20 23 4
4 8 17
1 6 3
1 6 15
7 8 3
8 10 13
13 16 5
15 17 14
2 6 6
1 4 2
14 17 8
16 20 3
16 19 17
22 23 2
15 17 2
20 23 7
12 16 5
9 12 18
4 6 2
15 19 7
17 20 7
5 7 10
3 5 8
12 14 1
4 8 13
18 21 4
22 1 17
18 20 6
15 17 11
14 20 9
5 7 3
10 12 13
5 7 14
21 23 11
11 15 4
10 13 18
10 13 11
12 16 16
8 12 2
4 8 18
18 21 1
9 11 3
22 2 15
16 19 11
20 22 7
10 13 11
13 16 6
15 18 4
10 14 5
19 0 1
18 0 12
17 19 12
15 18 16
17 20 5
7 12 7
9 11 9
15 19 5
23 3 2
4 7 10
6 9 10
2 3 15
23 2 11
5 9 18
20 23 2
9 12 6
7 10 3
5 9 14
20 23 16
13 17 18
11 15 4
8 11 6
22 1 15
0 3 14
4 10 6
3 6 15
17 21 2
10 11 10
3 3 11
8 11 17
17 20 4
22 1 13
11 12 11
4 8 7
3 5 12
18 19 12
13 17 14
12 14 7
5 8 9
0 2 14
14 18 4
11 14 1
20 0 11
19 23 7
0 4 8
3 6 7
5 9 1
15 19 18
17 20 12
8 14 10
19 21 10
7 8 13
17 20 6
16 19 1
7 9 10
0 2 4
19 22 9
11 14 16
20 22 14
13 18 3
8 12 6
6 10 5
16 19 9
13 16 4
8 11 12
15 18 11
23 1 11
20 23 13
20 21 15
6 9 14
4 8 10
6 9 5
9 12 6
11 14 7
22 1 5
4 7 1
12 16 6
22 2 11
11 13 9
16 19 7
18 21 3
2 3 12
2 5 18
23 1 17
14 18 6
16 17 5
7 9 5
9 12 12
8 12 2
8 11 17
5 10 16
1 4 7
1 4 16
17 21 10
10 15 18
4 7 8
13 16 13
2 6 4
22 0 2
8 12 8
3 6 5
0 4 9
10 12 9
8 9 3
13 16 11
22 1 11
12 14 13
2 3 11
11 14 14
19 22 10
10 12 4
20 23 5
0 4 14
7 11 15
7 11 4
17 20 11
11 13 2
12 14 4
6 10 8
12 15 8
23 1 12
6 10 4
1 5 13
19 22 9
10 12 5
17 21 7
2 4 16
1 3 6
16 19 8
2 5 11
6 9 1
3 7 15
12 15 12
13 16 4
17 21 16
2 6 10
23 2 4
8 10 11
13 15 5
19 21 13
10 14 17
7 12 17
17 19 13
14 18 11
0 5 12
1 3 2
6 11 9
12 16 7
3 7 13
11 13 16
16 18 3
4 7 18
6 9 3
8 12 8
2 7 10
16 21 15
4 7 3
0 4 12
11 16 14
9 13 7
23 2 6
4 8 11
9 13 3
4 6 2
23 2 4
4 8 18
1 4 5
2 5 2
5 9 3
17 20 10
3 4 3
9 13 17
10 14 18
20 23 4
12 15 16
18 20 6
7 10 14
18 22 6
21 0 4
15 18 5
6 7 3
4 7 9
23 1 9
22 1 5
12 15 4
14 15 2
14 17 4
21 2 7
21 1 18
7 8 2
14 17 2
0 2 18
3 5 6
20 21 11
6 10 11
2 5 6
11 13 13
3 6 6
6 10 14
6 7 11
8 11 6
20 0 17
3 7 1
8 11 9
9 12 6
11 13 17
21 0 9
4 6 3
21 1 10
11 11 3
3 6 8
6 9 10
6 10 8
4 7 12
3 6 16
4 7 7
15 19 4
5 8 8
7 12 13
6 9 8
0 5 1
15 16 12
7 10 3
3 6 2
22 22 7
20 22 17
3 7 1
1 5 8
23 2 14
19 22 16
5 8 14
0 5 1
18 20 13
12 16 7
1 5 9
12 14 15
13 17 11
21 0 3
2 4 2
13 16 14
23 1 16
8 10 8
23 3 3
9 12 6
1 4 10
6 8 2
21 0 3
7 10 10
23 3 8
3 5 16
10 14 15
16 19 1
19 21 16
9 12 18
3 7 3
19 0 13
1 3 2
18 20 1
10 13 9
17 19 5
0 3 12
22 23 12
17 20 9
3 6 9
17 18 6
10 14 12
9 12 6
4 7 6
21 0 11
3 7 7
18 21 13
10 12 11
8 12 2
6 9 9
20 23 14
17 20 4
2 6 4
14 15 14
3 5 15
14 17 18
6 11 16
10 13 4
0 4 3
13 15 14
11 16 15
12 16 10
22 0 6
9 12 17
5 8 9
6 11 2
2 4 18
0 3 13
23 2 3
10 12 7
22 2 13
16 18 18
2 6 9
6 11 3
23 2 5
8 12 6
7 11 6
18 23 18
23 1 17
10 12 2
1 3 18
23 3 8
6 9 1
10 12 1
2 5 1
9 11 9
6 9 3
17 21 3
12 16 12
10 12 1
5 10 1
14 17 5
20 23 14
7 11 17
17 19 1
2 5 16
23 3 13
6 10 1
13 17 1
17 21 2
2 6 18
21 23 8
21 1 8
9 13 5
4 7 8
14 18 12
10 13 14
6 10 16
2 5 3
20 22 15
7 11 5
5 9 12
8 10 15
11 15 3
12 14 9
16 19 15
23 3 3
22 1 15
23 1 4
13 15 10
17 21 17
4 7 10
9 11 11
14 17 7
19 21 2
8 10 17
1 4 1
12 15 1
5 9 11
20 23 12
19 20 11
13 16 10
5 8 17
22 2 10
11 14 14
21 23 8
6 9 12
9 12 9
20 23 8
10 13 7
20 23 7
9 13 9
6 9 16
17 20 18
7 13 17
15 16 5
6 8 10
11 15 3
13 16 15
15 17 16
15 18 15
1 5 6
6 9 4
18 22 14
23 5 3
3 7 11
4 7 5
5 8 12
8 12 16
22 2 2
18 20 10
6 9 2
8 11 15
6 9 9
1 4 16
8 10 13
8 11 13
19 22 12
1 3 15
0 1 13
15 16 17
7 10 8
8 10 10
6 8 7
19 0 2
21 23 12
15 19 7
18 20 4
8 12 7
6 10 1
12 16 12
14 17 9
17 17 10
10 13 16
13 16 3
13 15 11
6 8 17
9 11 15
8 12 18
19 21 12
13 14 9
8 11 16
16 19 17
13 15 15
9 12 16
21 0 13
4 9 3
10 13 17
0 4 5
8 10 17
17 21 14
15 19 2
1 4 17
0 1 9
9 12 11
0 3 15
9 11 10
19 21 11
7 10 4
22 2 15
17 22 7
10 12 13
11 13 4
14 18 14
9 13 11
5 8 4
13 17 7
20 23 16
4 7 16
13 15 16
21 0 7
10 11 15
20 22 18
13 15 2
14 17 4
12 16 7
7 10 10
6 8 2
19 23 2
7 11 12
20 0 6
10 14 2
21 1 5
6 10 8
22 0 11
8 12 4
1 5 13
20 22 17
21 0 11
7 10 17
15 17 10
18 20 12
6 11 15
13 15 18
4 10 7
5 8 11
5 7 9
5 8 13
11 16 1
23 3 9
23 2 11
1 5 17
5 7 18
6 9 3
21 23 13
19 22 15
13 16 18
19 22 12
21 23 13
14 18 10
8 11 11
13 17 3
2 4 15
11 15 3
13 16 6
20 22 10
4 6 12
13 17 6
14 16 3
21 0 15
16 19 18
11 14 10
9 13 5
8 11 9
19 0 11
4 6 7
13 17 11
23 3 18
9 11 9
9 11 13
5 8 16
22 22 13
4 7 1
4 8 17
9 12 14
2 6 5
4 7 7
0 3 4
19 23 11
17 21 5
15 19 18
20 23 4
15 19 5
20 23 6
18 21 10
3 6 12
11 12 8
2 5 4
5 8 12
11 14 4
8 11 14
15 19 16
21 23 10
4 8 18
23 1 17
5 7 14
16 18 18
6 7 5
4 6 17
12 14 6
22 2 9
15 19 17
8 11 1
4 7 12
23 2 5
16 20 2
6 9 11
15 18 12
8 10 14
5 6 2
0 0 8
12 15 18
23 1 6
19 21 6
15 17 10
22 23 5
18 22 16
13 15 12
7 8 10
2 5 15
4 7 2
11 15 15
2 4 11
18 20 9
3 5 11
6 6 2
8 12 5
23 4 17
14 17 16
11 16 18
17 21 6
13 16 16
17 22 11
13 15 18
12 15 6
7 10 13
13 16 18
19 22 12
19 22 14
12 15 4
11 13 8
2 5 7
21 23 12
4 6 12
18 21 15
5 9 14
7 9 15
19 22 6
3 5 1
13 16 10
12 14 16
10 13 14
9 12 17
8 11 13
11 14 9
23 2 4
4 7 16
23 1 12
12 16 2
16 18 7
14 17 12
11 15 14
0 3 11
5 10 11
5 7 11
10 14 3
15 17 11
17 20 15
9 12 6
15 18 17
13 17 3
11 14 10
13 17 9
21 0 18
16 18 11
1 6 10
10 11 7
20 21 16
18 21 14
23 3 4
19 22 4
23 0 13
23 1 5
0 3 16
0 5 11
17 19 4
23 2 18
1 4 15
19 23 16
12 15 18
9 12 4
15 17 1
18 21 1
21 0 6
2 6 5
5 8 15
19 23 12
8 11 3
10 14 1
23 2 13
12 16 1
9 10 16
4 7 9
7 9 10
18 22 17
4 6 15
8 12 15
3 7 14
13 17 6
15 17 10
7 10 15
2 5 11
3 6 6
15 18 2
11 14 9
0 4 16
11 12 5
3 6 1
5 8 9
12 14 12
14 17 3
19 20 18
13 17 4
16 18 6
14 18 2
21 0 18
13 16 9
21 23 3
3 5 5
20 22 4
8 12 2
6 10 6
6 9 8
21 0 18
15 17 8
14 17 15
5 8 17
13 15 15
22 1 18
12 15 18
2 5 1
12 16 12
12 14 16
3 6 6
3 9 12
15 16 12
7 10 5
9 12 5
12 16 5
15 20 1
15 17 7
6 7 14
21 0 18
2 5 12
17 21 5
13 14 12
22 1 18
1 4 5
10 14 18
19 23 2
21 1 16
1 2 18
16 19 12
4 7 6
20 23 14
22 1 17
8 12 17
14 17 7
9 13 17
9 12 18
17 19 9
21 23 10
3 4 11
8 11 17
9 11 9
12 17 3
16 19 10
2 5 1
10 13 8
22 0 6
7 10 8
12 13 9
11 12 11
12 15 16
14 17 12
7 11 8
15 18 9
22 1 3
11 15 16
8 10 10
17 21 8
17 20 5
20 21 6
19 21 13
17 18 1
22 1 16
6 10 1
13 14 13
23 3 18
4 7 12
10 15 14
10 13 14
0 4 5
9 12 9
4 6 16
14 17 17
1 5 12
0 3 6
21 22 5
3 7 16
2 2 16
15 19 13
6 8 10
16 19 3
4 8 18
4 6 1
3 7 2
14 15 4
10 11 5
6 9 12
18 22 11
13 17 15
1 4 8
8 10 11
1 3 18
1 6 17
2 6 13
11 14 17
16 19 1
3 7 4
23 1 3
7 10 8
7 9 8
9 14 2
20 23 6
1 4 15
7 11 5
1 5 9
14 17 16
9 13 8
14 17 6
22 1 13
6 9 1
8 11 7
21 23 1
14 18 18
15 18 17
10 12 13
9 13 12
7 11 9
22 3 2
23 1 16
11 14 9
6 9 14
6 8 12
19 21 6
4 6 12
22 0 7
2 4 17
18 21 8
21 1 8
7 9 12
22 22 14
17 19 13
17 19 10
0 2 7
10 11 8
18 21 3
16 20 2
13 17 13
21 23 14
0 5 7
1 4 7
5 9 15
22 0 7
5 8 3
19 21 10
18 21 10
5 7 3
3 5 15
22 1 3
2 5 8
23 2 13
20 23 16
12 15 16
12 16 17
11 14 15
14 16 15
20 0 10
22 1 10
19 23 18
20 21 18
17 20 13
3 5 2
14 17 5
15 18 8
10 14 8
18 22 17
17 20 18
9 11 5
10 12 1
13 17 13
7 10 9
7 10 17
8 10 11
5 7 10
18 19 13
14 19 1
20 23 9
13 16 14
0 2 3
4 8 7
6 11 8
23 3 4
5 10 12
3 6 8
13 17 8
14 18 1
23 23 6
21 23 13
11 14 18
14 17 5
3 5 16
15 19 7
23 3 8
11 14 2
4 6 4
7 10 9
4 6 14
19 0 13
0 3 1
12 15 8
19 22 10
10 14 3
9 14 7
10 12 6
7 10 3
9 14 9
15 16 6
22 23 2
18 21 9
21 1 12
17 21 5
3 5 1
10 12 8
5 8 3
7 10 3
17 22 9
22 1 6
15 18 14
11 13 9
8 11 7
4 7 7
16 19 15
7 10 9
18 22 14
2 5 11
17 21 15
11 15 3
5 9 17
23 3 11
2 6 3
0 2 2
6 9 8
22 0 4
12 15 12
6 8 15
9 12 16
9 13 4
17 21 5
2 6 3
8 12 14
21 0 11
21 23 16
21 22 10
13 18 8
8 10 5
14 18 2
2 3 9
10 13 15
14 19 13
22 4 17
17 22 1
11 14 1
6 11 11
13 14 17
11 13 8
12 16 4
10 13 11
11 14 9
18 21 4
23 2 3
21 1 13
19 22 10
2 6 15
4 7 17
10 12 16
17 20 13
12 16 7
12 13 12
17 22 2
14 18 8
3 6 4
10 13 6
7 11 18
15 17 17
16 20 3
19 23 2
3 6 8
0 2 16
0 2 9
8 11 6
21 1 1
15 19 5
13 15 17
13 17 8
15 16 12
19 21 1
1 7 14
23 3 9
12 14 5
2 4 17
16 19 12
9 13 12
3 5 11
20 0 17
10 12 11
12 16 17
6 10 8
8 10 15
11 16 8
9 12 7
15 18 13
12 15 18
22 3 17
11 13 7
18 21 16
12 15 18
5 8 7
4 8 7
1 3 8
8 10 2
3 5 2
2 5 8
11 14 7
0 4 10
6 8 8
12 17 17
11 13 6
21 1 17
4 9 10
13 15 15
16 19 13
22 2 9
8 10 13
19 20 10
21 0 9
21 23 12
8 11 6
19 23 13
13 16 9
12 16 11
22 1 8
2 3 1
21 0 8
8 10 6
16 19 3
20 22 6
3 5 9
14 18 15
23 2 13
0 3 1
11 15 15
8 10 2
18 22 9
15 18 8
20 22 8
15 18 13
21 0 16
10 13 11
2 5 9
14 16 15
22 0 15
9 12 13
19 21 8
14 16 17
12 14 13
13 17 6
10 14 12
3 4 15
7 8 17
0 4 2
1 4 7
8 13 13
23 1 10
21 0 13
16 20 6
6 9 12
14 16 12
8 11 14
12 15 5
17 18 13
19 22 13
23 0 13
6 10 8
2 5 2
1 5 15
20 23 16
5 10 2
14 14 11
10 12 14
21 0 14
19 21 13
23 3 3
17 21 2
21 3 1
6 8 14
8 12 6
13 15 2
18 22 10
6 10 17
12 13 3
12 15 12
8 11 2
13 18 18
14 16 17
22 1 11
22 1 12
3 8 13
13 17 16
1 5 11
17 20 13
12 15 8
21 0 11
7 9 8
2 6 3
13 16 12
15 16 15
22 2 13
4 7 9
7 9 13
17 21 10
21 0 12
20 22 5
5 7 5
22 1 17
0 1 15
18 21 18
14 17 8
11 15 2
1 4 6
1 3 13
15 17 7
6 9 2
14 19 15
18 22 7
8 8 2
15 16 9
10 14 6
21 23 12
10 13 15
21 1 1
5 9 13
3 7 4
3 7 2
6 9 9
1 4 15
12 15 4
3 6 2
20 23 16
18 22 10
21 0 5
21 23 11
14 18 4
23 0 16
18 20 1
1 5 3
5 9 7
23 0 13
2 5 2
6 9 16
2 3 6
11 13 14
1 4 10
14 17 10
20 23 1
23 3 7
5 8 11
10 11 7
3 5 13
4 7 5
4 8 8
0 3 4
8 11 16
13 17 11
6 8 3
6 7 2
11 13 8
16 18 14
17 21 9
13 17 17
7 10 11
9 11 14
11 14 13
16 19 10
12 16 16
23 2 9
12 15 15
11 15 2
10 13 18
19 1 18
6 10 3
21 0 6
8 12 9
15 18 8
15 18 7
11 16 13
17 20 16
9 10 18
13 16 4
0 3 10
23 1 7
9 11 11
21 1 10
13 16 2
1 6 2
20 21 4
20 0 3
1 5 7
10 13 6
20 0 11
13 15 1
22 1 4
5 8 6
22 1 3
23 2 18
23 2 7
21 0 10
4 7 14
3 7 8
14 16 15
22 1 12
17 19 14
21 0 3
16 19 1
5 7 1
14 16 13
16 21 11
0 2 5
14 17 9
12 16 17
18 21 17
18 20 17
23 2 8
18 21 11
4 5 12
22 1 6
18 23 15
6 10 6
17 23 13
16 21 4
3 6 13
12 16 10
9 13 14
10 13 10
19 22 3
11 15 9
5 6 13
17 20 16
14 17 18
8 10 17
9 12 3
9 10 6
14 17 15
12 15 17
11 13 3
12 16 5
9 12 3
7 10 18
6 9 18
7 9 5
7 10 13
14 17 18
22 1 16
15 17 13
8 11 3
3 6 16
16 18 15
20 0 4
10 13 1
17 18 13
3 7 10
22 23 6
1 4 6
7 11 6
14 17 18
0 4 7
22 0 1
5 7 9
21 0 17
9 13 11
3 5 4
4 6 2
1 5 14
1 6 18
4 9 14
9 11 11
9 10 4
23 3 11
5 9 1
17 21 3
1 6 18
17 21 15
5 7 2
6 9 14
4 8 5
10 14 2
21 0 13
16 19 9
12 14 10
0 2 1
22 0 1
21 0 4
0 2 6
23 1 15
6 11 7
8 11 18
20 21 16
19 23 5
3 4 10
11 14 5
6 8 18
21 0 6
13 16 12
22 1 14
2 3 13
2 3 2
18 21 16
20 0 18
13 16 17
18 22 12
10 12 11
18 21 4
14 17 4
17 21 1
2 5 15
11 14 12
7 11 1
7 10 8
20 1 6
22 0 8
7 11 8
12 17 2
4 7 8
4 7 5
9 14 3
21 1 6
20 21 8
18 21 11
11 15 18
8 10 13
10 15 13
22 0 5
15 18 16
18 21 4
2 3 6
2 6 10
22 1 6
4 9 1
12 15 12
14 16 1
0 4 14
12 15 17
12 16 4
5 9 15
1 4 5
1 4 16
14 16 5
1 6 17
5 8 14
11 13 17
12 15 7
11 13 11
0 3 7
17 21 5
19 22 10
20 0 16
18 20 4
16 18 8
17 20 3
5 8 18
7 11 15
20 23 10
19 21 9
0 3 3
0 1 18
23 0 17
23 1 16
18 20 8
5 9 4
19 21 13
8 12 7
22 2 6
15 18 17
6 10 6
0 3 6
4 9 4
23 2 3
17 19 1
23 1 10
19 22 15
15 19 12
10 14 5
3 5 16
0 3 18
23 2 8
7 9 2
2 6 3
0 6 11
1 5 12
10 12 8
1 3 6
4 6 12
13 17 2
6 9 9
14 19 7
1 4 1
23 3 5
20 23 15
13 16 18
1 5 2
13 16 5
18 22 11
1 4 15
17 18 11
4 6 9
9 11 1
1 7 1
18 22 7
4 7 10
19 21 14
13 16 13
16 18 11
15 17 1
20 23 6
23 2 8
6 9 6
7 9 3
6 9 3
0 4 12
3 6 16
11 15 1
5 9 12
20 23 18
18 21 17
17 19 17
17 19 7
4 7 8
6 9 10
11 13 11
5 9 3
16 21 5
6 9 9
2 6 11
17 20 10
20 22 6
20 0 2
7 10 12
12 14 5
1 4 17
6 9 9
23 3 10
7 10 8
9 11 11
2 7 1
18 21 14
15 19 17
13 16 2
10 12 17
12 17 17
13 15 1
14 17 10
16 19 9
18 22 16
16 20 4
13 15 4
22 1 4
9 12 2
6 8 7
20 23 1
13 16 15
13 16 3
6 9 14
11 14 10
3 6 12
9 11 4
4 8 9
4 8 10
1 4 6
7 12 13
22 2 2
3 6 9
22 0 12
13 15 2
12 15 10
10 13 17
16 20 3
0 4 3
12 14 11
22 3 1
10 14 17
14 18 2
21 2 4
20 0 14
3 7 3
7 10 1
22 0 16
8 12 3
20 23 9
9 12 12
12 13 15
12 15 11
18 19 13
1 4 4
22 0 3
5 8 15
8 11 9
1 4 1
15 19 15
6 9 9
6 10 8
3 6 6
0 2 2
17 20 17
4 6 14
17 21 6
17 19 13
10 12 18
15 17 16
22 3 16
5 8 14
23 2 5
2 6 1
13 16 15
9 13 4
19 23 4
1 3 6
3 5 18
20 0 17
6 9 6
17 20 15
5 7 12
21 2 9
16 17 7
20 23 16
2 4 13
12 15 1
17 19 15
8 12 2
17 23 15
6 7 11
19 22 4
2 6 14
17 19 17
20 2 14
20 22 5
7 10 8
23 2 7
14 17 7
8 12 7
5 9 15
7 12 6
11 14 4
3 6 9
3 6 6
10 15 11
7 9 18
17 21 7
12 14 12
4 8 16
10 12 9
12 14 6
7 11 10
5 6 16
6 8 9
16 20 18
0 3 9
9 11 18
17 19 11
23 2 3
11 14 3
12 14 15
2 6 3
7 11 6
10 13 10
2 4 5
13 15 15
1 4 15
18 20 3
10 13 6
13 16 6
2 5 16
18 22 3
10 13 1
10 12 1
8 11 6
13 17 18
20 22 2
11 14 11
10 11 4
10 14 3
7 9 9
3 5 14
21 23 5
9 13 14
16 19 1
8 11 5
19 23 10
4 6 4
0 2 8
17 19 6
10 13 16
3 7 8
19 22 4
5 8 1
16 20 16
1 3 12
19 22 2
13 16 3
21 0 18
9 12 18
6 8 9
18 20 6
1 4 1
7 10 2
9 12 2
1 5 10
7 10 7
9 10 1
20 22 17
13 17 12
23 2 15
12 14 11
12 15 9
2 6 12
17 20 14
5 8 7
16 18 8
4 8 16
9 10 16
22 2 15
17 20 4
16 18 4
6 9 11
6 9 6
0 3 3
5 7 5
22 0 16
16 19 18
18 21 10
21 23 11
6 8 12
21 0 5
6 12 5
12 15 13
23 2 6
6 9 6
13 15 13
19 22 11
3 6 16
19 23 14
6 11 2
19 21 15
2 5 1
21 23 13
6 10 1
1 3 3
12 16 12
8 10 13
7 11 9
14 17 2
2 4 4
20 0 18
22 23 8
22 0 15
16 20 9
14 16 14
3 6 10
19 22 1
11 14 15
4 7 3
19 22 17
13 16 8
14 16 17
19 22 4
15 18 12
0 4 9
3 5 2
16 20 5
18 22 12
1 3 5
9 11 5
19 23 5
5 9 16
10 13 14
10 13 11
7 10 16
