850 9
8 3 3 1 4 9 5 1 8 
12 14 1
4 6 8
11 12 2
5 7 2
18 20 2
0 3 4
20 0 7
7 11 7
11 12 5
1 5 8
0 3 1
4 7 4
20 23 8
9 11 5
16 20 4
6 10 6
20 22 5
1 4 7
22 1 9
19 21 2
5 9 3
1 5 9
22 0 5
12 15 3
18 19 6
15 19 4
1 4 9
12 16 5
16 18 3
4 9 5
3 6 9
23 1 4
12 16 1
14 18 5
18 21 4
16 19 4
11 12 4
3 7 4
18 21 4
19 21 4
23 3 8
16 20 4
12 15 2
2 6 7
11 14 4
4 8 6
19 22 4
7 10 1
11 14 5
18 21 8
6 8 2
9 13 9
10 13 2
14 19 6
2 6 7
4 7 8
3 6 2
3 6 8
22 0 8
2 5 2
7 11 3
8 9 3
23 2 8
9 11 6
21 23 1
5 9 6
15 19 5
0 3 7
18 20 7
6 8 7
13 17 6
15 19 8
0 3 2
10 13 2
20 23 2
14 17 3
13 16 2
16 20 4
11 16 7
16 20 2
18 21 6
13 17 9
1 4 6
11 14 5
7 11 5
17 20 7
9 13 9
14 17 2
10 13 7
23 4 1
20 23 6
9 13 4
18 20 4
20 1 8
11 13 3
19 21 7
12 15 9
8 12 9
18 21 7
15 18 9
2 7 9
0 3 7
14 17 3
9 12 5
22 1 1
19 22 3
1 3 5
15 16 7
9 12 4
23 3 9
19 21 9
2 4 5
6 11 5
21 1 1
14 16 2
22 2 5
3 6 2
1 5 2
10 13 3
18 21 4
15 17 9
11 13 7
21 0 5
14 18 5
19 23 4
0 1 3
12 15 6
13 17 8
19 21 4
9 12 1
22 0 4
2 6 7
5 9 4
22 0 9
14 18 5
18 20 3
13 16 4
19 20 2
5 8 4
10 11 1
17 19 1
22 1 2
0 3 8
4 8 7
15 19 7
19 22 8
4 6 9
8 12 2
14 19 8
3 6 9
20 1 9
13 16 4
20 22 2
17 20 9
2 5 9
3 6 1
13 17 7
6 9 3
14 17 3
14 15 4
0 5 8
13 16 2
10 14 5
3 6 5
22 1 6
0 1 1
18 19 4
7 10 3
1 4 4
13 18 8
8 12 5
18 21 3
13 17 2
19 21 5
0 3 6
0 4 6
10 13 6
12 17 4
10 13 4
19 20 7
10 12 4
21 0 5
2 5 3
2 6 2
23 0 1
13 16 7
19 21 1
6 9 6
14 16 1
10 13 4
0 2 9
16 20 7
9 12 1
8 13 7
2 7 5
20 23 7
10 13 3
6 9 4
3 7 9
17 20 5
16 19 6
23 2 9
7 12 4
8 11 7
7 10 2
10 12 2
12 15 4
22 1 6
19 23 6
6 9 1
20 0 3
2 4 8
7 9 7
3 8 9
7 8 4
19 23 6
3 7 7
8 11 9
22 0 4
20 23 3
17 20 1
15 17 9
0 3 5
6 9 7
0 2 7
5 9 5
0 2 4
1 5 7
17 20 4
1 5 1
8 11 4
3 5 9
21 23 1
2 7 5
11 14 4
18 21 9
18 22 1
10 13 1
7 8 1
7 9 6
7 11 5
2 5 9
15 19 2
7 10 7
2 5 2
23 2 5
4 7 8
16 18 3
13 16 6
0 3 2
6 11 9
11 14 1
11 14 3
20 23 2
18 20 5
5 11 1
15 16 1
5 8 3
3 6 9
13 15 4
15 17 1
13 16 5
17 20 4
15 18 5
14 18 6
8 10 5
12 14 8
6 9 2
17 18 6
16 17 6
19 23 1
0 3 7
21 0 9
6 9 2
17 20 4
18 21 9
17 21 1
6 9 8
18 20 4
2 6 8
8 11 2
18 21 2
6 8 6
1 5 6
16 19 4
17 21 9
19 22 3
14 16 6
2 4 3
15 17 3
6 9 8
12 17 9
2 6 1
4 8 9
0 3 1
11 15 1
10 13 7
23 2 2
14 17 6
12 15 6
13 17 8
19 22 6
3 7 3
23 2 1
10 12 5
19 22 4
0 3 4
5 10 4
9 11 1
14 17 8
22 2 3
12 14 9
8 13 8
5 8 8
15 18 2
8 11 9
17 19 2
7 10 1
14 20 5
19 23 5
17 21 2
1 4 8
9 11 8
20 22 6
17 21 8
10 11 6
6 8 5
15 18 9
12 14 8
16 18 5
20 23 9
2 4 2
6 10 3
1 4 2
23 3 7
21 23 9
4 5 2
15 18 6
4 5 1
8 12 3
9 12 1
10 13 6
21 0 6
16 18 4
3 6 2
17 21 7
11 13 4
11 15 7
7 9 4
5 10 3
18 21 8
4 6 2
15 17 8
6 10 7
6 11 2
1 4 5
21 0 6
6 8 4
10 15 1
21 0 7
4 9 4
16 20 3
13 16 9
16 18 9
4 6 9
9 13 3
13 16 1
23 3 1
10 13 2
0 2 5
3 7 3
0 2 5
5 9 1
23 3 8
3 6 2
1 3 9
16 18 1
17 20 6
12 15 4
13 15 2
8 11 1
2 6 3
23 1 5
16 16 6
7 10 7
12 14 6
16 17 5
13 15 7
2 5 4
8 8 2
20 22 6
3 7 1
4 7 4
8 12 8
18 20 7
18 22 3
7 9 6
2 5 8
0 3 1
4 7 4
4 7 3
5 11 6
5 9 8
8 10 2
9 11 9
8 11 1
23 3 9
3 7 4
10 13 4
15 18 5
8 13 2
6 10 8
16 19 2
21 0 4
1 5 3
11 14 9
21 1 4
12 14 6
6 10 4
20 0 8
12 16 5
12 14 7
0 2 1
7 11 6
9 12 5
19 21 2
14 18 7
8 12 5
7 9 4
3 5 6
12 15 9
12 13 5
21 21 4
8 11 9
19 20 6
23 2 7
16 20 9
5 8 6
11 14 6
19 20 4
11 15 8
13 16 3
5 9 3
3 6 1
20 23 6
10 13 2
0 3 4
21 0 5
11 14 4
14 18 4
13 15 2
12 14 6
10 14 4
23 1 1
9 12 9
11 13 5
4 9 4
6 8 8
23 2 2
8 12 7
8 12 9
11 14 1
6 9 6
5 7 6
6 8 9
14 18 5
13 16 1
8 11 9
4 8 3
9 12 7
11 13 7
19 23 6
5 8 3
20 21 6
5 8 1
13 15 7
8 12 5
18 22 9
1 5 2
5 8 9
5 7 2
19 22 9
3 6 1
5 9 3
8 11 6
15 16 6
23 2 7
17 18 9
12 16 9
0 3 4
9 13 9
21 23 2
21 1 4
4 8 8
5 8 5
11 12 5
23 2 2
1 4 9
17 19 8
14 17 4
19 22 7
12 15 4
5 9 8
19 22 6
6 10 9
12 16 2
11 14 5
12 14 1
7 9 6
16 21 8
21 1 6
5 9 4
9 14 3
7 9 5
7 10 9
11 13 4
18 22 7
12 17 9
1 3 4
1 7 9
3 5 5
15 18 7
2 6 5
22 2 9
16 19 2
19 20 8
16 18 1
3 6 7
9 12 2
17 19 9
2 5 6
4 6 3
11 12 8
3 4 4
18 22 7
12 14 3
23 2 4
7 9 4
21 1 3
1 4 3
18 22 7
22 2 4
0 2 7
2 5 8
20 23 5
19 22 6
5 8 8
3 6 6
22 1 5
22 0 3
1 3 2
18 21 6
22 23 1
6 9 8
18 21 6
3 7 9
11 15 6
13 17 6
12 16 9
19 22 8
4 7 4
15 17 5
1 4 2
14 16 8
13 16 2
16 18 1
7 10 3
22 2 7
5 8 3
7 10 6
0 4 2
15 18 9
8 10 1
19 23 2
3 5 6
15 18 5
10 13 2
7 11 7
9 11 3
10 13 3
13 17 5
7 10 6
23 1 3
9 12 5
3 6 8
19 22 5
6 9 1
22 1 9
17 19 4
23 3 3
1 5 9
9 11 4
2 5 8
0 2 6
19 21 3
18 21 1
15 16 3
13 16 4
3 5 1
1 4 1
17 20 1
6 9 3
17 20 2
11 14 5
21 23 3
23 3 8
20 22 2
2 6 2
21 0 1
9 11 6
22 2 8
20 23 4
9 11 9
14 17 8
2 7 2
20 22 3
6 9 3
4 7 2
11 14 9
21 23 2
20 23 1
6 9 2
5 10 1
17 22 3
15 20 4
11 13 7
14 17 2
11 13 3
16 20 9
18 20 1
18 21 3
2 6 6
16 20 5
16 18 9
2 4 2
10 14 5
2 7 1
11 13 1
13 16 8
10 14 2
16 17 2
6 9 4
23 2 4
4 9 3
0 4 2
21 23 1
2 4 5
14 18 9
2 7 5
20 22 3
9 11 9
6 9 5
9 15 6
22 0 1
0 4 5
12 16 6
23 2 9
5 7 2
5 8 7
7 9 9
20 22 5
12 16 1
17 20 7
11 13 1
17 22 7
18 22 3
23 3 3
18 23 5
23 3 1
12 14 7
20 22 9
14 17 4
17 21 1
8 12 3
7 10 7
10 13 7
10 13 5
11 14 5
5 10 9
16 18 1
17 20 3
9 12 8
8 12 9
12 16 9
22 0 4
0 4 5
19 19 2
10 15 8
23 2 9
8 12 4
20 22 2
16 19 1
20 0 9
15 18 6
11 14 7
16 19 1
9 11 8
19 22 7
23 3 9
13 15 9
12 17 6
2 5 2
19 22 7
0 3 6
15 17 7
2 7 7
18 22 5
3 6 2
19 22 3
15 19 4
22 1 7
20 0 7
1 5 2
21 1 9
9 10 9
2 5 6
3 7 9
17 20 2
11 14 5
14 15 6
6 10 2
8 10 9
4 8 5
10 14 9
15 17 1
23 3 7
14 17 9
20 0 4
4 6 4
5 9 8
21 1 2
7 9 3
5 8 7
21 0 8
18 20 9
1 4 6
22 1 5
9 9 2
15 17 1
11 14 9
17 17 6
20 22 5
21 1 5
13 15 4
2 6 3
21 0 1
8 10 4
9 11 2
20 22 3
19 0 6
1 4 1
2 5 6
8 12 6
13 15 1
11 14 4
14 17 4
22 3 9
9 12 6
21 0 5
22 1 9
19 21 5
9 13 4
0 4 3
2 6 8
17 19 4
3 7 3
0 2 3
6 8 3
22 2 7
18 19 9
2 4 8
6 9 5
13 15 1
18 22 9
22 2 6
21 1 4
2 5 7
1 3 5
22 2 6
11 14 6
18 20 2
13 17 6
2 7 6
7 9 4
1 5 8
9 12 2
9 11 6
15 19 2
13 18 8
20 23 4
0 3 5
13 15 7
13 17 1
15 18 7
20 23 9
5 8 1
1 3 7
23 3 7
20 0 7
20 0 1
14 17 9
4 7 1
10 13 8
14 18 8
15 16 2
8 10 2
18 22 8
18 21 3
10 13 7
17 21 6
7 10 5
5 8 6
23 3 6
1 3 4
10 12 2
23 2 3
21 0 6
19 23 8
5 10 6
6 8 2
4 8 3
8 11 6
23 2 5
8 12 4
17 19 8
16 18 2
8 10 6
7 10 7
5 9 3
23 3 8
2 6 8
22 1 7
8 10 2
0 3 9
13 15 5
19 22 5
4 8 2
2 6 4
10 15 9
21 1 3
20 23 5
11 14 3
12 14 2
11 11 9
22 0 2
5 8 4
13 17 3
22 3 5
21 2 1
12 15 1
