1100 18
7 8 7 8 7 10 10 8 9 3 4 2 9 3 9 6 9 10 
5 8 2
3 5 18
22 1 6
12 15 18
20 23 14
9 13 3
22 3 13
16 20 2
20 23 3
14 17 18
19 22 16
2 4 14
13 16 18
3 5 11
18 20 7
16 18 3
5 7 16
23 1 8
1 1 7
13 18 1
18 19 1
4 6 4
18 21 3
1 4 18
13 16 12
14 18 6
21 0 16
19 0 4
8 11 8
16 20 15
15 16 12
17 20 4
14 18 18
3 7 10
19 20 13
23 2 12
16 19 17
8 11 2
11 13 17
19 20 2
19 22 13
15 16 6
4 7 15
12 15 10
21 1 14
22 3 15
20 0 1
16 18 11
2 5 1
1 3 10
3 5 17
12 13 8
6 8 17
2 4 13
0 3 9
3 7 7
18 22 3
8 12 10
3 5 14
13 16 14
3 7 4
12 14 1
6 9 11
2 5 5
7 10 15
8 10 18
9 10 12
14 18 6
10 13 17
2 5 17
3 4 10
9 13 12
6 10 8
3 8 18
17 21 6
5 8 17
2 5 13
20 22 7
19 22 14
4 7 1
3 6 7
7 9 1
8 9 5
21 1 18
20 22 11
20 1 17
2 4 13
23 2 9
14 17 13
15 19 12
9 11 3
23 4 15
15 15 1
19 0 17
2 4 9
7 10 9
5 9 4
15 18 18
16 18 17
1 4 2
18 21 7
21 0 6
0 3 5
12 15 1
19 21 1
3 6 11
23 2 7
13 15 5
2 6 2
8 10 16
15 20 4
13 17 10
1 4 15
9 12 6
4 7 18
7 10 7
1 4 8
5 7 17
10 14 15
18 22 11
21 0 5
17 21 17
0 3 17
18 20 10
12 16 6
12 15 13
13 17 8
16 19 7
13 17 12
11 13 13
8 11 5
21 1 12
7 11 1
0 3 16
6 9 7
20 0 3
11 16 2
6 7 16
15 17 11
17 20 2
8 9 6
23 2 2
23 3 2
9 12 11
14 16 18
12 15 3
13 17 1
20 0 18
23 2 12
12 15 17
2 5 12
23 4 6
6 8 12
19 22 17
14 18 13
3 6 1
1 3 14
12 15 8
2 5 5
5 9 6
2 5 14
19 22 6
16 20 2
19 21 7
3 8 5
20 22 18
19 21 10
3 5 2
23 3 10
14 16 16
11 14 4
6 8 2
22 2 10
17 21 6
9 11 1
1 3 18
18 21 13
21 23 13
23 2 7
0 4 3
23 2 18
3 6 13
9 9 10
1 5 1
5 7 11
19 22 11
9 12 8
7 10 13
13 17 16
4 6 13
9 12 6
19 23 4
15 18 10
5 9 3
20 23 4
10 13 10
12 15 5
1 6 12
6 9 2
11 14 13
16 20 8
3 6 9
6 9 8
19 22 13
17 20 1
14 18 4
18 21 14
15 18 2
5 8 11
7 9 11
16 18 5
7 11 2
18 21 2
12 17 2
8 11 4
21 0 13
19 22 15
8 12 9
7 8 7
2 5 2
6 7 5
12 16 14
12 12 3
0 3 8
10 13 9
8 11 15
20 0 5
11 14 7
5 7 15
17 20 3
16 19 15
12 14 14
21 2 2
18 20 18
13 15 8
3 8 17
12 13 17
9 12 17
8 11 16
10 14 6
8 9 18
23 1 17
15 17 3
18 23 12
7 10 3
11 15 13
11 14 15
9 10 2
20 23 18
6 8 10
14 17 13
7 9 17
13 18 7
1 4 4
22 1 17
18 22 9
7 10 9
9 14 2
17 20 6
7 10 1
3 7 15
7 12 9
22 3 8
3 4 16
0 3 6
19 23 14
22 23 14
0 3 7
7 11 18
17 20 18
5 8 2
22 1 16
2 6 8
22 1 10
5 6 5
8 10 12
20 0 9
19 23 3
11 11 15
3 6 5
4 8 12
0 3 18
23 1 16
23 2 16
3 6 13
12 15 5
7 10 2
17 19 4
10 12 9
16 20 17
1 3 17
6 9 9
2 5 17
7 11 16
23 2 15
4 7 5
18 20 7
11 13 10
21 0 17
11 14 8
6 9 12
16 18 13
4 6 15
7 9 11
7 11 12
3 5 16
10 14 9
22 0 18
23 0 5
6 10 13
11 13 10
6 8 10
8 11 2
18 21 5
20 22 8
15 18 15
11 15 7
13 16 4
5 7 10
3 5 5
9 13 3
23 2 2
6 9 15
5 9 16
8 10 18
2 6 10
3 6 10
8 10 9
5 8 15
22 0 5
9 12 11
9 12 12
11 15 8
9 12 8
12 15 8
9 10 2
6 10 16
7 11 18
15 20 1
3 7 4
0 3 2
11 13 8
16 20 18
1 6 11
1 3 2
20 22 8
22 1 2
3 8 1
17 20 18
18 20 17
11 13 9
4 9 10
17 20 1
3 6 1
17 22 4
7 10 6
2 4 14
1 4 13
8 11 6
0 4 16
10 13 6
13 15 18
0 2 12
5 8 16
15 19 8
16 17 14
14 19 10
11 13 5
17 20 2
17 19 2
17 20 10
9 11 11
0 4 11
13 14 12
13 16 13
9 10 15
21 23 5
1 5 7
2 7 1
8 11 13
6 11 10
10 13 13
1 4 5
20 0 14
10 14 7
23 3 8
14 17 11
14 16 9
20 22 10
14 17 11
18 21 14
23 2 18
18 18 5
21 23 11
2 5 16
13 14 12
14 16 10
7 8 2
5 8 2
23 2 9
10 14 5
1 5 14
23 2 6
1 5 8
13 15 4
13 16 11
18 22 11
6 9 3
5 8 9
22 0 15
6 8 5
2 3 8
21 0 2
22 3 17
16 19 12
21 23 17
23 2 15
4 6 7
11 14 11
18 22 18
2 6 10
18 20 7
5 9 4
16 20 14
21 1 9
17 19 12
8 12 4
7 9 13
7 9 7
6 11 9
9 11 5
1 3 12
20 23 7
17 20 15
1 2 11
9 12 12
22 0 3
1 5 12
18 20 14
15 18 10
20 23 13
8 12 3
2 6 12
23 2 15
23 3 9
18 20 15
6 9 15
10 13 11
12 16 18
4 8 3
17 21 14
20 23 16
20 0 9
1 3 17
18 22 2
11 13 7
14 16 18
3 5 12
0 4 16
22 2 2
17 21 7
8 10 10
9 12 8
23 2 14
19 22 17
8 12 2
13 17 11
10 13 5
15 17 4
16 19 11
7 9 6
22 3 6
13 18 10
19 20 5
1 4 16
20 23 3
1 5 6
1 3 5
4 9 14
2 4 17
0 1 9
23 0 3
4 6 10
20 23 6
12 15 6
5 7 10
10 13 18
6 8 16
17 20 6
17 19 4
23 2 14
18 22 11
8 11 11
9 13 18
2 5 2
11 15 18
22 0 6
14 18 12
12 16 1
0 4 4
21 0 15
13 17 15
22 1 17
3 5 14
0 4 4
23 1 2
22 0 15
18 21 6
12 14 3
3 5 17
18 21 6
14 17 8
9 12 9
13 17 13
23 3 11
6 10 2
7 10 2
17 21 3
5 9 9
8 10 5
16 19 15
3 5 15
10 14 5
0 4 13
4 8 13
19 22 18
12 14 18
4 10 11
7 8 13
14 18 1
13 16 6
13 15 16
19 21 14
23 1 11
4 7 4
19 21 6
11 14 2
12 14 5
11 14 16
22 3 17
9 11 12
7 10 8
12 16 10
8 12 8
23 1 11
23 4 13
19 23 1
18 20 4
3 7 4
18 22 12
10 14 10
17 21 3
21 0 17
17 21 13
2 4 18
22 1 6
15 19 12
14 17 12
2 3 4
4 5 17
5 8 8
22 1 17
18 20 9
22 1 17
16 19 15
9 11 2
5 7 13
21 23 18
1 5 6
5 7 13
0 4 15
3 6 9
11 13 8
15 18 18
12 15 9
3 6 10
11 12 12
13 15 6
7 11 14
2 4 1
15 19 5
6 10 6
8 11 7
9 13 5
11 15 15
1 3 12
19 22 8
10 14 6
6 10 8
1 6 5
7 12 18
15 18 1
2 5 7
6 9 10
15 18 15
19 22 12
21 0 16
18 22 3
16 18 2
1 3 12
10 12 16
0 3 9
22 2 11
21 23 5
3 5 9
11 13 7
22 0 12
18 21 11
17 20 1
2 7 9
4 7 10
14 18 6
9 12 15
14 17 1
22 1 7
3 6 9
15 19 16
4 6 7
18 22 12
0 4 14
15 18 14
10 13 5
6 8 7
13 16 9
17 19 8
14 17 4
1 4 14
16 19 8
18 20 6
18 20 8
12 14 14
3 6 2
5 7 7
0 3 11
14 16 11
0 4 3
0 3 3
19 22 10
21 0 4
23 2 2
18 22 14
3 6 11
7 10 5
23 1 4
5 7 14
14 16 18
8 11 10
4 7 16
14 16 2
4 10 1
1 4 10
12 14 6
18 22 8
22 0 9
0 3 7
15 17 5
9 12 7
21 1 14
11 14 17
9 10 17
5 8 13
3 5 5
1 7 1
14 15 11
18 21 3
23 1 4
10 13 16
1 4 17
6 11 18
2 4 7
9 11 18
10 13 5
17 20 4
3 7 14
17 22 11
11 15 3
5 9 13
17 20 13
14 18 9
23 1 18
8 10 4
17 21 3
12 17 5
8 13 5
0 3 9
4 8 10
23 2 4
13 16 16
21 0 14
21 1 15
8 11 6
22 0 4
5 8 7
4 9 17
0 4 1
20 22 16
0 4 2
5 8 11
23 2 14
14 16 4
9 13 7
3 6 17
6 9 6
1 3 3
7 7 13
13 16 16
6 9 18
0 3 6
7 8 7
17 19 5
1 3 11
15 16 6
13 16 15
2 5 3
22 1 5
17 20 16
2 5 9
18 21 5
6 9 1
19 23 16
3 7 10
9 12 5
15 18 17
7 10 18
22 0 15
22 1 15
12 16 16
17 20 8
2 6 7
5 9 13
16 20 2
23 1 16
5 10 10
7 12 10
21 23 18
6 10 8
6 6 6
6 9 14
17 19 3
10 14 3
17 21 11
11 15 12
9 12 18
11 13 6
22 1 16
5 6 18
17 20 9
11 12 1
1 6 9
11 15 1
16 19 17
21 2 4
5 9 15
20 22 8
9 12 8
20 23 8
13 17 15
4 7 12
14 17 18
13 15 3
19 21 4
11 15 11
17 20 18
18 21 8
19 22 3
11 13 4
2 4 14
22 1 4
5 9 9
22 2 10
10 13 2
22 1 6
2 5 10
15 18 7
7 10 14
14 17 3
13 17 6
6 6 2
13 15 17
18 21 18
17 20 7
3 6 4
16 20 5
22 0 3
1 5 4
4 7 18
17 19 1
23 0 4
19 0 5
21 0 5
21 1 8
8 9 17
21 2 3
18 21 1
23 2 18
20 2 9
9 12 8
1 3 17
3 7 14
12 13 16
17 20 15
21 0 10
8 12 17
9 12 10
4 7 10
18 21 16
16 20 9
4 6 8
3 5 5
6 9 16
13 15 14
15 17 12
15 18 6
1 3 12
10 13 3
15 17 17
18 21 11
16 20 18
16 20 17
23 4 10
21 0 15
6 9 13
5 8 16
7 10 5
18 20 7
8 11 1
20 22 9
10 13 3
14 17 15
22 1 8
6 9 16
14 16 10
8 11 8
3 6 8
14 17 3
6 8 3
12 15 10
22 1 1
12 16 4
22 23 15
9 14 6
14 18 6
23 2 16
7 10 12
7 10 18
12 14 9
1 3 16
16 21 9
0 4 7
15 16 11
17 20 1
19 22 14
20 23 10
9 12 17
17 21 10
7 8 1
23 2 9
17 20 12
20 23 15
20 23 15
8 9 8
10 12 8
11 16 5
3 5 17
19 21 16
22 0 16
0 2 7
4 7 2
20 0 8
18 21 12
4 6 3
7 10 11
0 4 11
16 19 3
8 11 16
19 22 14
18 20 14
9 12 3
11 15 16
18 23 6
17 20 18
6 10 17
1 5 18
18 22 16
5 8 6
7 10 2
5 9 11
13 16 8
0 4 4
10 14 18
12 17 7
17 19 18
19 21 5
2 5 15
5 8 15
4 6 16
12 15 10
3 6 9
11 15 16
6 8 8
19 23 11
14 16 10
6 10 10
9 13 17
1 3 3
23 1 12
0 4 8
1 4 5
17 20 13
3 5 8
12 14 11
12 13 13
15 21 15
19 22 12
10 14 1
0 4 10
22 1 16
12 15 2
21 1 5
2 4 9
15 17 15
5 8 2
10 13 10
23 2 10
15 19 15
19 23 9
1 3 7
22 23 10
20 23 2
14 18 9
2 5 3
17 19 14
23 2 6
20 23 16
6 9 3
15 18 14
13 16 9
21 0 2
22 2 10
7 11 17
0 4 13
11 15 10
12 14 8
10 12 6
3 6 7
1 2 2
17 21 13
13 17 18
9 12 12
13 15 9
21 0 1
22 1 14
12 15 1
0 2 11
8 10 16
4 7 4
19 23 1
17 20 13
11 15 7
6 9 6
5 8 7
6 10 1
22 2 7
14 17 16
3 5 2
10 11 18
17 20 16
14 17 7
7 10 7
6 8 16
12 15 12
22 2 4
8 11 10
23 2 1
10 13 16
11 15 16
14 17 17
23 1 16
6 9 1
12 16 7
1 5 3
20 22 18
6 10 14
18 21 3
6 10 11
23 0 14
11 13 11
15 18 5
17 19 2
7 10 4
23 3 11
9 12 13
2 4 13
17 21 7
3 7 9
18 22 11
20 22 7
13 17 4
18 21 10
12 15 3
13 17 9
17 18 1
16 20 3
4 7 2
16 18 18
22 0 13
2 7 12
10 13 2
22 23 18
19 22 8
3 7 18
13 16 2
8 13 7
22 3 17
6 9 4
6 10 11
19 21 18
15 18 13
18 22 6
9 12 4
15 18 2
4 8 17
1 4 17
11 13 2
23 2 1
3 4 17
6 8 3
5 8 17
4 9 15
2 4 12
23 0 5
13 15 12
8 12 7
16 19 17
12 14 18
0 4 7
19 23 6
10 12 17
18 21 2
23 1 5
15 18 6
4 8 13
0 3 10
17 20 17
15 19 13
8 13 17
13 17 10
13 15 2
15 20 9
23 2 11
10 14 8
13 16 16
2 5 3
23 1 12
20 1 3
14 18 8
2 5 6
3 5 13
3 7 11
3 6 10
19 22 16
17 20 5
5 9 6
14 18 17
9 11 18
22 1 16
19 20 17
9 12 1
7 10 17
1 4 16
23 23 13
14 16 2
5 7 17
18 19 5
14 17 15
17 19 7
18 20 6
5 9 13
2 5 13
1 4 5
4 7 17
9 12 6
18 20 9
4 7 12
21 1 8
14 18 3
22 1 4
22 1 7
15 17 15
5 6 12
18 22 9
7 7 7
19 21 6
22 0 11
3 8 11
14 16 10
6 11 1
4 10 6
2 5 5
1 4 7
