1250 10
7 7 9 5 5 9 9 2 2 10 
1 3 7
4 7 8
10 14 4
6 9 5
8 11 10
4 7 2
4 6 10
20 0 6
11 14 8
6 8 5
20 0 10
8 12 1
20 23 2
10 13 3
10 12 4
11 13 6
0 3 10
18 19 2
6 10 2
0 3 4
23 3 4
21 1 1
23 2 5
14 16 5
6 10 9
13 17 10
2 4 10
15 18 3
10 14 1
0 3 5
4 6 1
0 2 1
10 12 4
12 16 8
0 3 3
8 13 10
19 22 6
1 5 5
4 6 8
18 21 1
13 15 2
5 9 9
14 18 6
0 1 5
10 12 5
15 17 6
5 7 8
18 21 1
0 3 5
7 11 3
9 12 8
10 12 3
6 11 2
7 10 4
9 13 7
14 17 9
3 5 2
6 10 2
20 21 2
4 7 2
3 6 9
4 5 3
3 7 5
11 14 7
2 5 10
6 8 5
4 5 5
0 1 4
9 13 5
19 22 10
17 21 2
7 10 2
21 1 10
19 23 10
20 0 1
17 19 10
16 19 8
13 16 9
14 17 7
22 3 3
7 9 7
18 21 5
1 4 3
17 20 8
23 1 7
8 10 3
0 3 7
17 21 3
16 19 6
8 14 6
8 9 6
16 19 4
1 4 3
22 0 8
18 20 9
22 0 4
19 23 5
3 7 8
22 1 9
20 22 4
11 15 6
21 0 10
5 8 1
23 0 5
10 14 5
21 2 8
19 22 1
4 6 10
22 1 8
21 0 3
18 22 5
7 12 10
16 19 3
22 1 9
13 15 3
23 3 3
5 6 8
21 23 7
12 14 2
18 22 1
15 19 4
23 1 5
17 22 3
18 21 1
8 10 6
21 1 2
10 12 5
13 18 9
5 9 2
2 4 2
18 20 5
20 23 4
1 3 10
3 7 5
2 5 8
1 2 4
6 7 1
19 22 9
8 12 5
4 7 2
11 15 5
22 2 1
10 13 1
4 8 1
2 5 1
14 17 7
20 21 8
21 23 2
21 0 2
3 6 7
13 15 5
6 8 9
19 22 1
8 9 8
15 17 10
9 13 3
14 17 8
5 6 7
3 7 1
12 16 6
23 3 9
21 1 2
0 3 2
16 18 10
5 6 9
0 3 2
12 17 7
15 18 6
21 2 7
20 23 4
15 17 1
4 6 4
16 20 2
7 9 9
0 1 4
18 21 6
23 2 3
9 13 9
21 0 8
12 15 8
14 16 10
7 10 6
12 15 9
5 7 6
18 18 5
21 23 3
5 9 2
4 8 1
3 7 3
20 23 8
21 23 3
13 15 7
8 13 1
15 18 3
7 8 7
8 11 7
6 10 8
10 13 5
13 18 7
9 11 9
9 12 4
17 18 1
10 12 4
7 8 5
10 13 10
13 16 9
2 5 7
7 9 1
19 22 5
19 22 6
23 1 4
23 0 2
10 14 2
9 12 9
20 23 1
13 17 6
21 1 3
16 19 3
7 10 6
22 2 2
21 2 1
2 3 6
9 11 8
8 11 1
2 5 4
15 19 6
2 5 9
9 12 5
8 8 6
12 16 1
15 19 5
8 12 1
17 20 7
9 10 2
11 14 9
9 11 4
12 16 7
6 10 4
8 12 5
5 9 3
14 18 1
0 3 4
22 1 1
1 3 4
1 4 2
13 16 2
22 0 4
22 3 4
6 10 1
21 0 9
12 16 6
21 0 5
11 12 10
5 8 8
5 6 6
18 22 3
19 22 6
11 14 3
19 23 5
14 16 8
18 21 2
4 7 9
17 20 7
20 23 3
6 12 3
4 6 1
8 11 10
10 13 9
12 16 8
3 4 4
13 15 10
19 23 5
12 16 8
9 13 8
0 3 8
2 5 4
12 15 2
15 18 9
19 21 1
14 16 5
0 3 8
16 19 4
10 13 5
23 4 10
23 0 9
3 7 3
1 4 9
10 11 6
8 9 4
7 10 5
17 20 6
17 19 9
17 21 5
0 3 10
5 9 4
14 19 5
5 8 10
19 23 5
16 21 3
6 11 7
18 20 4
0 3 2
21 0 6
21 23 1
19 21 3
8 10 2
6 10 5
14 16 2
12 14 3
5 6 7
12 13 3
19 23 7
12 14 4
22 23 3
12 14 9
7 9 6
1 4 6
17 19 8
3 5 2
9 10 5
10 12 8
23 2 9
21 0 2
16 20 10
17 21 4
9 12 3
12 15 6
23 4 2
11 11 6
23 2 3
20 23 7
8 11 10
15 19 5
21 23 3
9 12 4
18 22 7
9 12 5
4 7 1
6 9 8
20 23 9
15 19 9
9 13 8
20 2 2
11 15 9
1 5 9
18 20 8
0 3 7
1 6 5
15 18 3
5 7 8
16 19 3
6 9 7
18 22 3
4 6 9
12 14 2
22 2 1
16 19 1
0 4 10
5 7 1
6 8 10
1 4 9
19 23 3
17 20 10
5 7 4
1 4 7
18 22 2
7 9 9
1 3 10
3 7 5
23 1 3
11 14 2
17 19 3
15 19 7
11 14 7
0 4 1
4 7 7
22 1 4
0 5 8
2 5 3
22 1 2
9 12 3
7 10 6
8 12 10
2 5 6
11 14 2
0 4 10
8 10 10
13 17 1
17 18 3
9 11 5
21 0 5
20 22 8
15 19 7
6 10 7
14 18 9
11 13 8
1 2 2
15 18 9
18 19 4
12 15 4
10 12 1
2 5 4
20 22 9
9 11 1
22 2 7
7 10 6
21 23 1
1 4 3
12 14 7
13 17 6
16 21 5
7 10 10
11 16 8
17 18 6
18 21 9
17 20 1
17 22 8
7 8 9
7 12 3
20 23 9
4 8 8
16 18 5
14 18 6
7 9 7
19 22 5
8 10 3
7 10 4
8 11 7
12 16 4
1 5 3
15 18 7
17 21 1
13 16 8
11 14 7
6 10 10
17 19 1
21 1 7
6 9 1
15 17 4
3 6 7
22 2 8
0 2 10
22 2 9
12 16 5
3 5 6
23 1 5
19 22 4
19 22 1
16 18 8
12 14 6
22 1 10
17 19 5
9 13 2
7 8 7
6 9 2
8 11 3
22 1 3
4 6 5
4 7 2
9 12 9
5 9 2
18 21 6
13 15 3
17 18 1
10 12 1
1 5 1
10 13 9
10 14 5
15 17 8
13 14 3
7 11 4
19 22 5
22 1 5
10 12 5
0 5 2
18 20 4
5 9 9
17 18 8
4 8 8
15 17 1
21 0 9
15 18 4
3 6 1
10 15 1
21 23 5
18 22 8
13 19 7
21 0 2
15 19 7
18 21 9
8 10 6
16 19 3
6 8 9
1 4 10
18 21 6
11 13 2
8 10 4
21 23 4
16 20 3
15 18 2
12 15 4
5 7 4
8 9 1
5 9 2
0 3 8
13 17 6
19 22 9
9 13 8
20 23 1
5 7 7
6 10 8
23 1 4
10 12 2
5 7 2
8 10 3
14 17 4
20 1 5
7 11 3
11 13 1
5 8 4
8 11 7
15 18 5
1 5 4
14 17 5
23 2 10
20 22 8
13 15 6
21 1 6
18 20 2
2 3 8
6 8 2
16 20 7
5 9 6
23 4 9
23 3 5
6 9 6
14 18 10
8 10 5
18 21 9
14 16 9
1 3 8
1 6 2
13 17 9
19 21 2
17 19 7
15 19 9
10 15 1
12 15 3
9 13 6
13 17 6
15 16 2
13 16 10
11 13 9
21 0 4
2 5 9
7 11 5
2 4 1
20 23 10
22 2 8
1 5 6
8 13 3
22 23 3
23 1 10
6 9 7
20 21 7
13 16 3
5 9 8
2 6 2
18 23 8
20 22 7
4 8 5
21 1 5
23 2 9
18 22 2
7 9 6
8 11 10
13 16 1
14 18 4
22 2 7
12 14 7
22 1 6
19 22 8
19 20 2
13 16 2
22 23 8
17 21 10
1 4 8
16 17 7
14 17 5
6 9 10
1 4 10
1 4 6
23 3 6
1 5 3
22 23 6
12 15 6
20 22 4
0 2 5
17 20 7
10 13 10
6 10 10
7 9 1
1 5 5
15 18 2
1 4 2
6 9 1
16 19 6
19 22 7
19 22 7
18 23 2
15 19 2
17 20 3
20 22 8
13 16 4
6 8 3
17 21 2
21 0 6
11 13 5
15 17 1
20 22 3
18 19 7
21 0 10
5 8 7
2 7 8
0 3 2
20 0 3
11 13 2
10 12 8
16 19 8
6 9 3
12 13 5
12 16 9
1 5 10
4 7 5
16 20 8
7 10 5
22 0 5
20 0 9
3 7 7
15 17 7
9 13 4
0 3 7
12 16 1
23 3 8
17 21 1
0 4 4
2 5 8
9 13 6
18 19 5
12 14 10
0 3 5
4 7 9
9 11 8
18 21 9
0 3 1
23 2 5
1 2 2
14 18 1
1 4 4
4 8 10
18 22 5
10 13 9
20 0 1
3 7 2
11 14 5
5 8 7
17 20 2
14 17 2
7 12 7
21 1 2
18 21 2
20 22 10
7 11 6
21 0 6
3 6 2
22 2 3
10 13 5
19 23 10
15 17 6
3 4 10
1 5 6
20 22 8
16 18 9
7 11 1
7 10 10
2 6 10
15 19 3
18 22 8
16 19 1
1 4 3
12 13 8
19 22 5
15 16 4
17 21 10
17 20 3
14 17 6
21 1 4
8 12 3
23 2 4
20 0 8
23 3 1
19 23 6
16 19 2
17 21 7
15 19 5
3 5 2
4 7 9
20 1 10
8 8 8
23 3 2
16 20 3
3 6 5
0 2 1
11 14 6
7 9 9
18 21 6
14 17 8
23 2 1
18 20 9
13 17 3
2 7 1
10 15 10
18 22 4
9 11 6
23 2 8
3 6 6
18 20 2
3 6 5
21 21 4
10 13 8
12 15 9
22 1 3
6 8 7
14 15 6
2 6 4
20 22 7
20 23 1
19 21 6
19 19 4
4 8 10
23 1 1
21 1 5
21 0 6
5 6 2
20 22 7
7 11 6
23 1 6
12 14 3
5 8 3
9 12 4
22 3 1
9 14 10
0 2 7
17 18 9
2 6 5
21 1 6
8 11 1
15 17 6
1 3 9
19 22 8
7 11 5
4 7 4
9 12 8
16 22 4
11 14 1
13 18 4
19 21 5
3 7 4
11 14 9
3 7 5
12 15 5
9 11 8
7 9 3
21 22 8
14 17 6
15 17 9
9 13 7
14 17 1
11 14 3
12 14 8
21 0 1
7 10 5
8 11 10
21 23 5
15 18 7
20 0 9
20 22 4
18 20 1
17 20 6
5 9 1
21 2 3
0 4 8
12 15 2
20 23 6
8 12 2
1 3 4
23 2 10
19 23 8
6 9 1
21 0 8
12 13 1
23 2 9
3 7 2
16 17 1
2 7 1
23 1 8
18 22 7
6 8 8
16 21 6
13 15 2
14 15 4
5 6 8
22 0 5
19 21 9
13 14 8
10 14 4
17 19 4
6 10 6
8 10 4
4 7 3
10 15 4
4 7 6
11 14 5
20 23 5
5 8 5
16 19 7
20 23 4
6 9 8
6 7 8
22 0 6
1 4 6
21 2 9
9 13 9
12 14 9
2 5 10
9 12 5
4 7 3
21 23 2
1 4 5
15 17 8
1 4 2
16 18 5
17 20 10
23 2 7
11 15 10
16 20 6
23 3 1
21 0 4
14 17 10
8 11 10
10 13 7
10 13 7
9 13 1
6 9 9
4 7 5
13 16 8
3 7 5
7 10 10
11 14 3
1 3 3
11 15 2
22 1 3
22 1 4
22 2 3
23 1 3
7 9 10
14 17 6
16 20 1
2 6 3
4 8 3
15 20 7
18 20 9
14 16 6
15 20 6
18 23 6
21 1 1
10 13 4
21 0 2
1 4 6
11 13 6
17 21 10
19 20 10
10 13 9
6 10 7
16 19 5
0 3 9
7 10 2
14 17 5
1 5 10
23 2 10
12 15 1
5 9 1
9 12 1
23 2 1
21 23 6
18 21 8
11 13 9
9 11 8
19 21 1
1 4 10
9 13 10
21 1 6
19 21 4
13 16 7
4 5 4
18 21 1
16 21 7
9 12 10
20 23 1
23 2 4
3 6 1
19 22 9
8 11 1
21 1 3
22 0 5
17 20 6
4 7 8
10 12 4
16 20 8
2 3 2
0 1 5
2 5 7
17 21 4
12 13 2
6 8 7
6 11 1
13 14 3
10 11 3
4 7 1
10 13 1
0 5 4
5 8 8
2 5 6
1 6 2
6 9 3
9 13 4
13 15 3
8 11 1
9 11 9
20 23 7
11 15 7
13 15 7
1 5 5
20 23 7
20 22 7
4 7 1
14 17 6
0 2 2
8 11 7
9 14 6
17 19 5
18 21 2
16 20 2
23 3 5
3 6 1
5 8 2
9 13 1
9 12 5
23 1 2
23 3 9
13 16 9
19 23 9
12 15 5
16 19 4
9 14 5
18 22 2
20 22 2
21 1 3
6 8 5
3 4 4
11 12 6
3 4 7
8 10 6
18 21 3
14 16 10
7 8 3
7 10 3
3 7 9
4 7 8
12 16 7
4 6 1
1 3 4
12 16 4
1 4 3
21 1 7
15 19 5
9 11 2
22 1 1
6 9 8
12 15 3
0 3 10
12 15 5
5 8 2
18 21 5
6 8 6
10 13 9
23 4 4
6 10 3
14 16 4
11 14 7
19 22 10
22 0 9
14 19 1
11 14 4
11 14 10
9 11 9
3 7 5
7 9 6
10 13 10
4 8 8
20 23 3
15 17 1
13 16 9
21 23 6
2 6 1
19 22 9
0 3 8
15 18 4
13 15 3
11 16 4
11 16 6
18 21 2
18 22 7
20 0 3
6 9 4
18 20 4
14 18 1
2 5 8
1 4 7
5 9 5
15 17 7
13 16 9
18 21 2
4 7 4
21 0 9
16 19 7
5 8 7
21 1 8
16 19 9
3 5 3
16 19 1
1 5 7
5 7 6
2 6 9
22 1 6
22 1 1
13 15 2
22 1 9
19 22 5
22 0 9
17 21 5
17 22 10
7 12 4
13 16 1
9 12 1
22 1 3
23 1 2
18 22 4
1 5 10
23 1 6
15 18 7
22 2 6
4 9 2
6 9 1
0 1 7
12 15 3
23 3 10
18 21 7
17 22 10
11 14 8
14 16 5
16 17 8
0 2 5
13 16 9
6 11 10
10 13 9
17 20 2
23 3 4
23 2 6
22 0 1
21 23 5
20 22 6
16 17 1
16 19 8
6 7 6
15 15 5
6 12 8
0 3 6
20 1 6
18 20 8
9 12 7
23 0 7
5 7 4
5 8 4
20 23 10
7 10 1
21 0 2
10 13 9
14 16 8
22 0 9
3 5 7
23 1 8
5 7 10
23 2 1
23 3 5
13 16 10
11 12 1
6 8 10
12 15 4
6 8 2
11 14 4
1 4 9
1 5 10
14 16 5
1 4 2
23 1 10
7 11 8
8 12 4
12 15 2
20 0 9
20 21 9
19 21 6
8 12 1
13 15 10
4 6 4
11 15 8
7 11 7
17 20 9
9 14 3
4 7 7
3 7 4
16 19 4
19 21 5
18 20 1
15 17 2
9 11 3
7 9 4
18 21 7
22 2 8
10 12 7
22 2 6
1 5 4
22 2 5
8 11 2
18 21 3
4 7 6
1 5 8
4 7 9
0 4 2
20 0 6
10 13 2
16 21 9
9 13 4
21 0 7
22 1 8
2 6 5
0 3 7
21 1 9
4 7 9
22 0 3
8 11 1
4 7 5
10 13 7
5 9 6
12 16 6
22 0 8
4 6 1
23 2 2
8 12 4
17 20 2
11 15 10
8 12 1
21 0 5
20 22 7
10 12 3
8 12 5
14 18 10
19 23 4
15 16 5
22 2 7
9 12 5
0 4 1
11 14 10
17 22 5
15 18 7
2 3 2
16 19 9
9 11 7
7 10 10
23 3 10
14 17 3
3 5 4
8 9 7
3 4 7
0 3 5
5 8 10
5 8 9
9 13 5
0 1 8
14 15 8
8 12 4
0 4 6
22 0 9
8 11 3
17 21 6
18 20 7
3 6 9
14 16 9
20 22 3
20 23 3
5 8 2
0 2 3
1 3 3
14 17 6
19 23 5
10 13 4
5 9 2
13 15 9
20 22 7
8 11 8
0 4 9
17 20 5
22 1 5
17 19 7
2 4 3
7 11 7
11 14 7
5 7 3
9 11 7
0 1 9
22 2 9
9 12 5
10 15 8
14 18 7
8 13 9
13 16 9
2 5 2
3 6 2
6 10 4
21 0 9
12 14 5
12 14 3
10 13 1
17 22 2
3 6 3
10 13 9
8 12 8
1 3 9
16 19 5
23 2 3
