100 17
2 10 5 8 5 4 9 10 8 5 2 7 4 4 1 10 9 
8 11 13
19 23 7
17 20 12
15 18 13
1 5 2
18 21 15
21 0 2
6 9 8
22 2 10
0 3 2
12 16 7
0 3 3
14 17 3
11 12 8
7 9 3
10 12 14
16 20 5
17 22 11
2 4 12
18 22 13
5 7 11
8 10 7
15 15 16
23 2 15
20 23 8
9 10 11
5 7 14
18 23 4
20 21 1
12 14 11
21 1 2
16 21 17
17 20 4
18 22 8
7 12 7
19 22 9
21 23 1
17 21 8
20 0 6
11 14 14
14 16 13
12 14 14
13 15 8
3 5 2
20 23 10
4 7 1
19 23 10
10 15 17
4 6 3
5 8 4
21 1 1
17 21 7
17 21 9
8 11 13
15 17 13
0 4 17
14 18 1
3 6 11
13 17 5
17 19 6
20 0 9
19 0 9
7 11 14
1 4 11
9 13 8
7 9 3
4 7 7
14 18 3
10 13 5
15 18 8
21 23 5
8 13 15
14 17 8
0 5 15
15 18 2
5 8 6
22 2 9
3 6 6
5 8 15
0 4 2
22 2 2
8 11 15
22 22 15
6 8 5
22 1 10
21 23 2
16 20 16
16 17 8
11 14 6
4 5 14
8 10 4
19 22 12
18 19 10
8 10 15
7 8 9
3 5 17
10 12 13
13 15 9
13 16 3
15 17 8
