1650 7
2 9 9 5 1 2 1 
9 13 2
11 14 2
9 13 7
14 17 5
13 15 4
13 16 7
8 12 1
15 19 4
10 15 6
19 21 5
17 18 7
20 1 5
7 10 3
11 14 7
22 0 5
0 3 5
12 15 3
16 19 3
8 11 7
22 1 4
14 17 1
0 3 4
22 1 1
16 18 3
6 8 1
12 14 1
11 13 6
13 16 2
3 5 6
8 11 3
4 9 2
12 16 4
22 0 7
13 16 2
13 17 4
0 2 6
3 4 7
16 19 2
6 8 7
21 1 2
13 14 3
16 19 4
17 20 1
22 1 2
17 20 2
22 0 5
9 12 3
14 17 7
14 16 5
6 9 1
10 14 7
9 11 3
16 20 7
1 6 5
10 12 2
13 17 3
12 14 1
21 1 3
0 4 2
17 21 4
15 18 5
9 11 6
12 15 4
10 12 2
9 13 3
9 12 4
4 6 5
3 8 6
16 18 5
22 2 1
5 7 2
1 5 2
19 21 4
8 11 4
12 14 4
11 15 4
15 18 4
9 13 4
12 15 2
3 7 3
10 15 1
23 1 5
6 10 4
12 14 5
10 11 5
11 14 5
22 1 7
7 9 5
8 10 3
7 11 5
13 16 4
11 14 1
1 4 3
16 18 4
7 11 5
2 5 6
5 10 1
20 23 2
19 23 3
1 3 1
6 8 6
22 1 2
5 8 6
19 22 2
10 14 6
21 23 5
21 0 7
18 23 5
9 12 3
5 5 5
12 16 4
23 2 1
13 14 1
17 19 1
6 9 2
21 23 4
6 9 5
3 6 3
3 5 3
1 4 3
15 20 2
3 7 5
7 9 7
2 6 1
21 1 1
11 16 3
16 18 2
6 6 3
18 21 1
10 14 6
8 9 1
9 13 4
3 6 6
3 7 3
15 20 4
22 1 5
12 14 3
0 3 1
18 20 3
2 5 5
14 18 3
14 17 7
23 3 5
3 4 5
17 19 1
15 19 3
19 21 6
14 19 7
14 16 5
8 11 6
20 22 5
20 22 3
20 22 4
18 20 7
13 15 7
7 9 4
12 15 7
7 11 1
0 3 2
20 23 7
7 9 3
23 2 4
15 18 1
22 1 3
8 10 1
0 1 5
21 0 5
22 2 5
0 3 6
2 4 7
8 12 6
10 12 6
9 13 3
3 8 7
15 18 3
2 5 1
13 16 6
10 13 4
16 20 7
9 12 6
7 10 5
15 18 7
19 23 7
16 20 6
13 16 5
12 14 1
1 5 5
12 16 1
7 9 5
6 8 2
20 0 4
1 3 5
8 11 2
18 21 5
16 19 7
23 2 7
19 21 3
22 1 7
9 12 5
21 0 4
22 1 1
18 21 6
3 6 7
6 7 1
6 7 3
5 10 3
8 10 6
4 8 6
20 23 1
11 13 5
14 18 1
6 8 5
19 21 1
12 16 4
22 1 5
20 0 5
18 17 4
22 2 1
22 0 3
14 16 3
9 11 6
17 20 1
9 14 3
14 15 2
19 22 6
14 16 5
3 8 6
5 8 3
4 6 1
17 22 2
7 10 1
8 11 2
2 4 1
1 4 2
0 2 7
18 22 7
15 18 7
2 6 5
3 5 4
19 22 2
16 19 5
7 11 3
0 5 2
20 23 5
14 18 1
6 9 7
10 14 6
17 20 4
9 11 5
5 8 6
0 4 2
7 10 6
5 8 7
12 15 5
7 10 2
22 1 2
16 19 3
14 17 3
17 21 4
17 21 5
4 7 3
0 2 5
0 4 6
13 17 7
3 6 1
20 23 7
20 1 6
8 11 4
0 3 6
20 22 3
2 4 5
9 12 4
6 9 6
7 12 7
4 5 7
4 8 5
13 16 3
5 7 4
14 17 7
4 8 2
8 11 5
8 12 7
23 3 5
2 5 2
21 0 5
0 3 7
9 12 1
14 17 3
9 11 5
20 23 6
11 15 3
2 4 7
15 19 3
17 21 6
7 9 5
19 22 1
17 21 7
2 6 2
18 20 5
15 19 1
14 17 5
18 20 5
20 22 6
10 12 2
7 9 7
21 22 1
5 9 4
1 5 2
18 20 3
16 18 5
4 7 5
16 19 2
6 10 6
17 21 7
14 17 1
0 3 6
20 22 3
7 10 4
14 17 7
20 0 3
22 1 1
15 16 4
15 17 5
5 8 5
19 22 6
2 4 4
14 15 2
4 6 6
11 14 3
2 4 7
11 13 3
23 3 5
4 7 7
19 22 7
12 16 4
8 12 6
22 1 4
15 18 3
7 11 5
4 9 2
0 3 3
0 3 1
9 12 5
12 16 7
12 15 1
4 6 1
19 23 2
19 23 7
20 22 1
19 20 1
2 4 4
17 18 3
22 2 7
21 0 6
19 21 1
13 18 7
21 1 4
6 9 7
18 21 6
6 10 6
2 6 4
15 18 6
23 3 6
16 19 3
0 4 3
10 14 3
4 8 6
20 23 1
23 1 3
11 13 4
7 11 4
23 2 4
4 8 3
16 17 7
21 1 4
2 6 4
6 9 1
22 3 2
16 20 7
7 8 5
22 2 4
22 1 1
12 14 2
0 3 6
12 17 7
13 15 5
11 13 4
14 17 6
3 4 1
6 9 6
7 11 3
21 0 1
23 1 3
11 13 2
8 10 2
21 1 4
5 9 5
4 9 5
15 17 2
3 6 3
23 3 3
14 17 3
6 11 3
23 2 7
13 16 6
21 22 1
10 13 5
15 18 3
0 2 6
12 16 7
6 8 4
6 9 3
19 21 7
16 19 1
3 7 7
4 9 5
13 16 3
16 20 1
13 15 6
11 13 2
20 23 1
4 8 7
2 4 6
6 10 7
2 3 3
15 17 3
18 19 7
12 16 2
10 15 5
1 5 3
7 10 7
23 2 5
22 1 1
8 10 2
12 15 3
20 23 5
22 1 2
3 6 2
6 9 6
1 2 6
8 10 4
20 21 1
20 0 6
14 14 1
4 8 6
5 7 1
9 13 3
8 12 2
21 3 2
12 16 3
23 0 3
23 0 5
15 17 6
16 20 5
7 8 7
17 21 1
13 17 4
7 11 1
5 9 5
20 22 1
21 23 7
14 16 1
15 18 4
11 13 6
5 6 6
5 9 5
10 12 4
5 8 1
2 3 2
20 0 3
7 9 3
0 3 7
20 0 5
10 13 3
3 7 1
18 19 1
9 13 3
11 14 5
11 14 1
23 3 7
9 11 5
11 16 5
4 7 4
11 15 2
23 2 6
23 2 5
8 11 6
5 7 4
2 4 5
8 11 1
0 2 7
7 9 1
10 12 1
5 8 3
19 22 1
18 22 2
13 15 6
7 9 3
16 18 4
23 4 5
17 18 1
7 10 1
2 5 1
8 12 2
20 22 7
17 18 7
10 15 1
17 20 2
1 6 2
12 16 1
5 7 5
22 2 6
4 8 6
2 5 5
12 16 5
15 19 7
4 8 5
1 5 4
22 2 2
10 14 1
22 0 6
6 9 5
21 0 3
7 11 3
8 11 6
23 3 6
21 1 2
6 10 3
20 0 3
1 3 6
2 5 5
18 22 1
11 15 7
20 22 6
5 8 5
0 4 6
7 10 3
3 6 6
18 22 2
10 14 2
6 10 2
3 6 2
23 2 3
15 18 2
13 16 3
6 11 4
22 1 7
14 16 2
14 17 2
12 15 1
15 17 3
9 14 7
20 22 2
5 8 6
8 10 3
3 6 5
6 7 2
8 9 7
12 15 6
23 2 7
9 12 4
21 23 6
0 4 7
5 8 1
21 0 5
14 17 6
13 16 6
6 9 3
6 9 2
5 7 3
5 8 6
6 8 6
9 13 4
10 15 3
19 23 7
18 20 4
6 8 6
20 22 3
11 16 1
18 20 3
9 12 2
1 4 5
7 10 5
13 16 7
22 1 4
10 13 4
9 13 6
22 2 5
15 18 2
10 13 1
0 2 2
12 15 3
21 1 7
2 5 5
17 21 6
18 20 3
14 16 5
7 11 5
21 23 7
21 0 5
18 21 4
9 13 5
20 23 7
4 7 7
3 4 4
19 0 2
14 18 2
15 18 2
18 22 7
11 14 2
8 12 2
17 20 6
6 10 2
12 15 4
15 18 6
4 7 6
3 5 5
23 3 6
4 4 1
23 2 4
2 4 6
20 0 5
11 13 3
5 8 2
14 17 5
16 18 5
2 5 5
18 21 4
12 16 3
1 3 1
4 7 7
12 15 5
7 9 5
3 6 7
16 17 2
18 21 4
8 12 4
3 5 3
16 17 2
13 16 4
21 23 7
8 9 7
11 16 2
19 23 2
7 10 6
0 2 4
16 20 7
2 5 2
19 22 4
23 2 7
0 2 5
19 23 1
2 5 4
16 18 3
4 5 5
5 10 1
11 16 5
14 17 7
3 8 4
10 12 3
10 13 2
11 13 1
9 13 5
12 14 7
12 16 4
10 14 4
4 7 5
14 16 6
4 7 6
9 11 2
16 19 3
3 6 5
4 7 7
19 23 6
13 13 4
18 22 1
9 11 7
5 8 7
12 14 7
3 7 1
2 5 6
5 8 3
11 13 6
17 22 1
12 18 1
1 3 5
21 0 4
4 5 7
10 14 2
5 7 2
18 21 2
22 0 1
3 7 3
12 15 2
13 17 3
18 22 7
17 19 5
13 15 1
0 2 3
17 21 5
22 0 5
21 1 5
14 16 4
11 15 3
4 6 7
4 7 6
12 15 4
7 10 1
6 12 4
19 22 7
23 1 2
1 6 7
19 22 7
16 19 3
13 16 1
17 22 3
13 16 1
23 4 6
12 15 7
18 20 6
1 5 1
4 8 5
22 2 4
13 16 6
1 3 7
3 6 4
8 11 5
13 18 1
18 22 7
5 9 3
6 10 1
8 9 2
15 19 3
11 14 2
22 1 2
7 8 5
4 7 1
8 10 7
9 12 6
17 21 1
5 9 5
17 21 4
18 21 7
18 21 5
11 14 6
23 0 1
1 3 3
16 18 7
17 22 4
13 18 1
22 2 1
5 9 2
23 2 3
17 20 6
8 10 6
8 10 7
14 17 1
5 9 2
7 7 4
22 2 7
18 22 5
13 16 7
15 17 3
5 9 7
2 5 4
12 16 7
9 11 6
16 19 4
7 9 7
3 5 6
10 13 3
14 17 7
10 14 7
19 21 1
23 2 2
17 20 4
21 23 7
23 2 6
8 10 2
15 19 6
4 8 3
22 0 3
9 12 1
11 15 7
4 8 6
11 12 3
10 13 7
3 7 4
11 13 2
17 20 4
2 5 4
10 14 6
4 6 3
9 11 5
2 4 2
10 11 6
5 9 4
20 0 6
9 12 1
12 16 4
13 16 2
8 12 2
10 13 1
15 17 3
4 7 5
9 10 5
1 5 2
18 23 3
15 18 6
5 8 3
9 12 1
17 20 4
22 23 7
14 16 2
8 10 3
23 1 3
17 20 6
8 12 6
6 9 1
10 13 2
22 1 6
1 4 7
20 23 4
19 21 7
1 2 2
7 11 4
3 8 6
23 4 1
23 2 5
2 6 6
14 16 7
9 12 2
2 5 2
13 17 3
3 6 4
0 2 2
22 2 3
16 18 5
21 23 1
7 11 3
23 1 7
22 23 4
11 14 6
22 1 3
19 23 3
5 8 4
22 3 1
1 5 2
0 4 6
18 20 7
20 21 6
19 21 2
18 20 3
0 3 7
1 4 5
8 12 4
19 22 4
13 15 3
14 18 1
18 21 1
12 15 4
16 19 5
21 1 2
12 15 6
13 14 3
22 2 1
16 18 5
16 18 3
6 9 1
13 18 1
21 1 5
21 21 1
10 14 3
8 12 2
11 17 1
16 19 6
13 14 1
12 16 7
21 1 5
20 0 3
12 15 1
18 20 6
19 22 3
6 9 6
18 22 3
17 21 2
15 18 1
20 0 5
1 4 6
2 4 6
1 4 3
21 23 1
0 5 1
10 12 6
15 19 6
3 7 1
23 3 4
22 3 1
7 11 1
19 21 6
9 13 2
1 5 3
0 5 5
8 10 6
13 15 2
16 20 4
7 10 1
22 1 2
11 13 6
15 18 7
11 13 2
21 23 3
10 14 2
4 8 2
7 10 7
7 10 1
4 6 3
2 6 6
17 19 6
22 23 4
1 3 3
0 3 3
14 17 6
13 17 2
11 13 1
19 23 5
11 14 1
14 17 6
13 15 4
13 16 6
12 15 2
10 14 7
13 16 1
4 8 3
20 22 2
12 15 2
22 1 7
5 9 2
8 12 3
6 9 6
12 14 3
1 5 3
20 22 3
23 3 7
4 9 2
15 17 1
10 13 7
8 11 4
18 23 5
19 21 6
4 9 2
3 7 1
0 3 5
6 10 1
7 10 7
14 16 6
5 10 3
0 1 5
4 8 4
9 11 3
22 1 2
19 0 5
17 20 2
10 10 5
5 9 4
11 13 3
14 17 4
18 21 4
9 13 6
11 15 6
13 16 6
21 0 5
9 11 5
17 21 1
8 13 5
10 13 1
22 0 5
20 0 1
12 14 3
12 13 3
15 19 3
7 11 4
1 3 3
8 12 4
3 5 2
7 10 5
9 12 2
16 19 6
9 12 7
23 1 1
11 12 5
13 17 7
0 4 7
3 5 4
15 18 6
12 14 4
19 23 2
14 15 6
12 14 4
6 10 6
12 16 1
7 11 4
19 20 1
12 15 1
4 5 5
1 5 1
14 19 4
20 23 7
18 20 5
12 16 5
12 14 2
7 10 2
17 21 2
17 20 1
15 18 5
23 2 1
6 9 7
10 12 3
3 5 1
11 14 5
9 12 6
20 0 6
15 19 5
15 19 2
3 4 2
23 3 1
7 11 6
2 3 4
16 19 2
5 7 4
9 11 1
5 11 3
13 16 3
16 17 6
2 5 5
16 21 2
8 11 5
16 19 5
8 10 5
21 0 1
13 16 2
5 8 6
8 10 5
1 6 6
9 11 2
16 18 2
0 4 4
13 15 6
18 22 5
15 18 2
12 15 2
12 14 6
6 8 5
23 2 5
7 10 7
13 15 3
4 6 1
12 14 1
7 10 7
23 3 6
18 21 1
21 22 3
10 12 1
11 15 3
4 9 3
12 15 5
2 7 4
6 10 2
10 15 4
13 16 6
17 21 2
22 0 3
7 12 5
22 23 5
15 18 2
4 7 7
16 19 6
21 22 5
3 6 4
6 8 4
17 20 6
18 21 2
11 14 2
4 6 7
1 2 2
20 1 7
4 7 7
4 7 4
11 15 5
16 18 7
14 17 2
18 21 5
15 20 6
11 12 5
15 18 2
12 14 4
19 22 6
16 19 5
9 13 3
16 19 6
20 21 4
21 0 6
11 14 5
21 0 4
1 5 5
9 13 3
22 2 7
18 20 5
11 13 1
5 9 2
16 20 5
21 2 1
13 15 6
3 6 3
17 18 3
16 19 1
13 16 4
14 17 6
21 0 6
5 6 5
6 11 1
4 5 6
9 12 3
6 9 5
21 23 7
12 13 6
6 10 7
1 4 2
1 4 1
15 17 6
1 5 2
6 8 2
5 8 5
12 15 2
20 0 3
22 2 2
2 3 4
4 7 6
6 8 6
7 9 3
18 19 3
22 23 1
10 14 5
23 1 7
5 9 4
22 2 3
9 11 7
2 7 3
21 1 6
16 19 5
4 7 3
23 3 5
12 14 5
17 18 7
22 3 5
7 9 1
17 19 2
10 14 4
23 2 6
20 23 1
2 5 1
1 3 7
19 21 1
15 16 7
1 6 6
11 14 5
13 16 2
9 13 3
6 7 7
11 16 2
20 2 2
12 14 3
23 3 2
14 16 4
17 20 2
1 3 5
9 12 4
15 18 4
19 22 1
20 22 7
10 13 3
20 22 7
5 7 1
8 9 3
15 19 6
21 23 2
13 17 3
0 3 3
6 7 7
4 7 6
0 2 1
13 17 6
1 3 1
1 5 7
5 10 3
4 6 7
15 19 7
1 5 5
9 13 5
14 18 4
18 20 7
13 14 2
2 5 6
1 4 4
9 13 7
6 9 2
16 19 3
21 1 1
13 17 6
5 7 7
15 18 5
12 14 7
5 9 6
5 10 4
4 8 2
13 16 2
4 5 3
8 9 3
22 0 3
23 2 6
21 23 5
17 18 3
0 3 7
3 6 5
22 1 1
4 8 6
1 5 7
1 5 4
1 5 5
15 18 5
21 0 6
14 17 4
22 0 1
17 19 3
21 0 1
18 20 7
4 8 4
7 9 2
2 4 5
4 9 4
15 18 3
12 15 7
3 5 5
17 19 7
11 14 3
12 15 7
21 23 3
9 11 6
9 12 4
4 7 3
1 3 3
9 12 7
21 0 2
16 20 3
15 20 7
2 6 3
6 7 4
10 14 6
5 9 3
4 6 2
2 5 1
19 22 5
23 1 5
16 20 6
16 20 7
21 1 1
3 5 7
1 3 1
20 22 1
3 7 1
2 4 2
1 3 5
7 9 6
5 7 2
19 23 5
12 14 7
17 19 4
1 3 4
13 15 6
5 8 4
23 3 4
5 7 1
21 23 2
1 5 1
13 15 7
19 22 7
5 9 3
7 11 6
2 6 6
2 5 6
21 0 1
9 12 4
20 0 4
9 13 3
11 13 3
15 17 7
21 0 6
3 7 1
9 12 2
0 3 2
3 4 5
21 2 3
1 4 3
16 20 3
0 3 3
23 2 5
10 14 4
1 4 4
23 2 4
14 17 1
1 5 7
16 20 1
19 22 1
4 8 1
0 4 5
13 16 4
19 23 2
17 20 1
21 23 5
4 7 2
10 14 7
7 8 4
18 20 4
9 13 5
15 19 7
20 23 6
0 3 2
2 5 4
11 14 1
1 2 7
22 1 3
10 13 4
5 6 2
9 11 1
14 16 6
10 14 3
17 20 6
14 18 5
1 5 3
2 4 4
18 21 3
0 2 5
21 0 6
2 6 5
13 16 3
16 18 6
15 17 3
2 6 4
12 15 1
14 15 2
16 19 5
19 0 6
21 23 1
4 7 7
0 1 4
23 2 4
20 23 3
18 19 1
7 11 4
16 19 3
3 4 4
16 20 2
3 5 1
15 16 7
4 8 7
6 9 1
2 5 7
7 10 3
17 20 6
12 15 6
1 4 3
11 13 2
8 12 1
11 15 5
0 2 7
10 12 5
21 0 2
3 6 2
2 6 5
3 5 7
16 18 7
14 19 4
0 2 6
9 11 2
3 6 7
10 13 2
2 6 4
6 9 7
6 8 2
14 17 4
18 20 2
15 16 3
4 8 7
1 5 4
8 11 6
0 2 1
13 15 2
15 18 1
15 19 6
5 8 5
5 6 5
9 13 7
3 6 2
9 13 3
6 9 7
5 8 5
2 4 5
11 14 4
4 8 3
18 20 7
14 18 6
13 15 3
14 17 1
0 4 1
0 4 4
5 7 1
16 18 1
0 3 1
4 8 5
23 1 3
8 11 1
21 0 5
18 20 2
3 5 3
8 10 3
8 13 4
3 7 6
17 20 5
11 13 7
16 19 1
5 8 4
9 13 5
16 19 4
11 14 1
8 11 3
10 14 2
7 9 3
19 21 3
6 11 1
3 5 4
0 4 6
1 4 5
23 1 4
9 13 3
11 12 3
1 4 1
12 14 1
4 7 2
2 4 6
1 4 3
13 16 7
15 18 3
1 3 1
23 3 5
17 20 3
18 22 7
2 6 7
12 16 2
10 14 2
17 21 4
4 8 6
20 20 2
0 3 1
9 12 7
4 7 6
19 22 2
5 7 6
18 19 1
21 1 4
22 1 3
14 17 4
3 8 2
7 10 5
20 22 2
15 19 5
22 2 1
13 15 3
0 4 2
14 17 1
4 7 7
20 23 6
7 10 3
4 9 7
20 22 2
7 11 7
7 10 1
18 20 7
5 8 1
0 3 5
18 20 4
4 7 7
0 3 6
1 3 1
7 11 3
23 3 2
19 23 5
12 16 4
4 8 2
22 2 3
22 1 4
9 10 6
4 8 7
8 12 2
0 4 4
5 8 3
3 7 3
20 21 6
19 22 3
13 16 5
14 17 6
20 1 7
14 17 3
2 6 3
6 9 7
22 1 3
19 21 3
8 10 7
3 5 7
11 13 1
10 14 6
15 18 2
21 1 7
18 20 6
20 23 7
16 19 3
21 23 5
11 11 3
20 21 4
4 8 2
3 7 1
4 7 2
12 14 5
6 9 6
9 13 4
0 3 3
7 11 6
18 21 2
12 15 5
20 23 4
17 20 7
5 8 1
11 14 2
21 23 2
6 9 4
5 7 3
6 9 4
15 17 7
4 8 2
10 12 1
6 8 4
0 3 5
12 12 3
7 11 1
1 3 7
5 8 4
16 19 5
16 20 4
17 18 5
3 4 6
16 18 1
3 6 7
20 23 6
5 7 1
2 5 2
19 22 3
21 0 2
5 8 1
0 4 5
23 5 7
10 14 3
8 10 1
19 21 6
20 23 2
16 18 7
5 9 3
7 10 4
20 0 5
20 22 7
21 23 3
2 4 3
14 17 7
3 6 1
13 17 7
10 14 1
20 23 5
18 23 5
0 5 6
3 7 5
19 22 6
19 0 3
2 5 3
19 22 5
4 7 4
3 5 1
7 11 7
3 6 6
7 9 7
1 4 7
11 14 4
19 23 7
14 17 3
17 20 5
9 11 7
5 8 7
11 13 5
20 23 7
2 5 6
11 13 6
14 18 2
15 17 2
8 12 5
4 7 3
2 5 4
22 1 2
2 4 6
22 1 2
14 16 3
9 12 5
14 16 2
14 19 5
9 13 5
18 22 1
5 9 5
12 14 2
9 14 5
17 21 7
8 12 2
1 5 7
17 21 2
9 12 5
15 17 4
21 2 7
19 21 3
6 9 2
23 3 7
4 8 2
14 17 6
6 9 3
6 8 5
15 20 7
17 19 3
21 23 2
16 20 7
8 11 6
2 4 6
23 3 1
21 1 2
13 15 6
21 0 2
8 11 3
