550 13
10 6 4 7 3 3 8 8 8 5 1 5 1 
4 8 9
19 21 4
11 13 10
8 12 9
14 17 5
5 8 2
22 0 3
2 5 9
1 3 4
13 15 12
18 22 8
7 12 4
16 19 13
17 20 13
23 2 9
21 1 13
19 23 3
17 19 7
4 8 11
22 1 11
7 10 1
4 9 5
3 6 3
20 23 13
14 16 11
13 14 4
16 20 10
18 19 9
21 1 6
1 5 10
4 7 3
21 23 12
18 20 9
7 10 6
19 23 6
12 15 13
20 23 1
2 4 13
14 17 3
3 4 13
15 17 4
22 1 2
22 2 8
14 17 9
21 23 8
1 4 4
21 23 9
4 8 2
7 11 2
11 13 2
22 1 9
12 15 12
18 21 8
16 19 6
6 8 6
4 7 10
3 5 3
14 16 3
12 17 8
15 18 7
10 13 7
11 15 10
18 20 4
0 4 12
20 23 13
14 17 12
22 2 10
5 7 7
13 15 12
6 9 13
8 11 11
19 23 5
11 14 9
12 16 4
13 16 5
6 8 8
16 19 3
4 6 5
22 1 2
4 8 11
9 12 3
15 18 5
6 9 7
10 12 13
9 11 1
23 1 12
3 6 11
15 17 4
18 21 12
9 12 6
9 11 9
12 16 9
4 8 3
15 16 4
5 9 13
2 4 9
18 21 5
23 3 4
17 21 11
22 2 6
20 1 10
1 3 2
1 4 10
11 13 3
14 17 10
10 12 4
6 8 9
13 17 9
23 2 2
21 0 2
19 23 2
20 23 8
14 18 10
20 23 12
19 22 6
16 18 4
20 22 4
23 3 10
7 10 3
2 6 4
10 13 10
0 2 9
11 15 5
5 8 2
4 8 12
12 15 2
10 11 13
20 0 7
18 21 1
6 8 11
8 12 9
19 22 12
17 22 4
7 10 9
8 10 3
5 8 13
23 3 12
18 22 4
2 7 10
15 17 4
22 0 3
11 14 10
18 20 6
8 12 1
15 18 11
4 8 4
6 9 11
4 7 2
12 15 13
22 0 7
3 6 8
15 18 12
11 15 5
19 21 10
10 13 5
5 8 12
4 7 7
20 22 1
10 11 10
12 15 3
2 5 4
16 18 10
2 5 2
15 17 2
0 2 7
13 16 12
11 15 10
6 10 5
21 22 10
18 19 10
11 14 7
3 5 10
20 0 3
21 0 13
13 15 3
18 22 13
3 7 1
19 21 1
9 12 2
23 1 7
12 17 6
1 5 4
8 11 13
17 20 8
21 0 8
15 18 8
15 19 13
4 7 9
19 22 8
22 2 12
13 16 5
20 22 2
16 19 12
20 23 12
16 17 6
0 4 4
13 16 13
19 23 10
17 20 1
7 10 11
6 8 1
21 0 6
12 16 11
0 1 12
21 0 5
8 11 2
22 1 6
21 23 2
19 22 6
16 23 8
4 7 5
16 18 8
11 15 5
18 23 11
14 18 7
12 17 4
15 18 1
11 13 12
9 13 5
14 17 3
4 6 12
11 15 7
23 2 3
15 17 11
16 18 3
13 15 12
13 15 6
4 6 12
9 12 11
16 20 2
6 7 5
5 9 10
12 15 2
4 8 7
8 11 13
18 21 11
13 15 6
2 6 11
1 4 13
19 23 11
11 12 4
21 0 4
11 15 8
12 14 2
11 15 2
21 0 7
18 20 9
17 20 1
11 13 1
18 21 4
11 15 6
6 10 4
19 21 9
8 10 1
10 13 2
14 16 12
20 0 9
1 5 4
4 9 2
18 22 2
20 22 6
14 16 5
0 4 5
16 20 7
12 15 8
15 18 13
6 8 6
3 5 13
13 15 12
12 13 4
17 20 7
12 14 13
12 14 9
7 10 4
0 4 9
7 10 12
18 21 4
5 6 5
13 16 4
20 0 6
16 19 12
11 13 12
8 10 4
22 2 12
15 17 7
18 23 12
3 7 7
18 20 12
21 23 5
14 17 1
21 23 7
11 13 9
10 12 11
15 18 2
15 18 9
17 21 13
6 10 7
17 20 10
18 22 6
6 9 4
20 1 7
0 3 5
1 3 12
15 18 12
0 4 8
9 13 4
3 7 7
21 1 10
9 12 12
2 6 8
14 17 1
2 5 2
22 1 7
2 6 13
1 6 4
13 17 1
14 16 1
8 9 13
14 15 9
18 19 10
13 16 7
5 8 8
1 6 11
0 2 1
9 12 5
8 14 1
21 0 8
10 14 3
19 23 9
6 10 3
17 20 3
13 16 9
0 2 6
4 7 11
20 22 11
16 19 3
20 21 9
19 22 12
19 22 13
14 16 12
6 8 5
8 13 9
13 17 6
9 11 5
10 15 8
18 23 8
11 16 7
16 19 5
5 8 10
13 19 8
15 18 13
17 20 2
20 22 10
6 9 2
23 1 8
1 3 11
17 19 2
15 16 4
22 1 13
0 4 9
21 0 1
6 10 3
3 4 3
18 21 12
7 10 2
5 8 8
18 21 3
9 12 9
14 17 13
16 18 1
10 13 8
13 16 5
11 13 4
6 9 13
22 2 12
22 1 12
0 4 10
7 11 4
18 20 8
0 2 13
11 13 3
20 0 2
19 22 9
21 23 6
4 7 11
10 12 4
4 9 9
7 10 7
12 14 6
0 3 4
21 0 4
8 12 2
9 11 8
23 4 2
20 23 13
20 22 8
13 16 13
18 20 9
1 4 4
10 11 10
23 1 3
7 10 13
12 17 13
9 13 4
9 13 1
1 3 8
18 23 3
0 3 5
8 11 4
23 2 13
20 23 8
20 23 9
5 9 7
21 0 5
17 21 2
22 0 5
22 1 7
0 1 4
11 13 8
10 14 13
8 10 12
19 21 13
2 5 7
8 13 4
1 4 1
13 18 4
6 8 4
10 13 6
16 17 11
2 3 2
18 22 5
17 21 11
13 16 2
3 7 2
6 10 11
22 1 5
12 16 10
3 5 6
11 14 11
13 14 11
18 20 9
2 5 8
15 17 3
18 19 1
18 20 12
9 11 3
15 16 9
17 21 2
10 14 10
9 13 13
5 8 3
23 3 1
21 23 4
1 5 8
23 3 6
9 12 12
0 3 8
6 9 8
13 14 9
21 0 7
8 11 9
12 15 3
6 9 11
10 14 4
3 8 2
20 0 9
18 21 5
14 17 12
15 19 3
14 17 1
1 3 3
20 23 7
3 5 9
7 9 7
23 1 9
9 12 11
10 14 5
6 8 1
17 20 11
23 2 3
2 5 12
17 18 11
0 3 9
22 2 12
23 1 7
13 17 3
5 9 4
15 18 9
18 22 2
4 5 6
14 18 12
20 23 8
3 7 10
0 4 5
12 16 13
23 3 9
13 16 11
6 9 7
2 5 7
18 21 8
7 9 7
4 7 1
21 23 11
5 8 10
11 14 2
11 14 1
14 17 5
14 17 13
19 23 7
9 13 10
10 14 11
16 19 13
7 9 8
21 0 3
0 3 11
7 10 13
3 6 11
10 14 1
16 19 10
8 10 12
17 20 1
22 1 5
10 12 5
13 17 6
0 4 12
6 8 11
20 0 13
6 9 8
7 11 2
16 19 4
1 4 9
1 3 1
23 2 10
23 2 3
2 6 5
11 16 12
13 16 2
21 0 4
19 20 12
7 10 11
7 9 1
11 12 2
21 0 6
12 16 12
19 21 8
23 3 2
11 14 9
6 9 4
9 14 5
6 8 12
