1200 14
9 8 5 3 2 9 8 7 6 5 10 10 4 7 
16 20 6
20 23 12
6 10 6
7 8 5
13 17 1
7 11 9
11 15 12
4 9 8
14 16 8
2 5 8
2 5 6
23 3 14
11 14 11
9 13 13
22 23 2
2 6 14
22 1 5
3 4 3
23 2 14
23 2 3
14 16 9
12 16 12
18 22 11
3 8 6
15 17 7
20 23 11
5 7 3
10 14 13
12 14 5
13 16 10
1 5 1
20 0 14
8 11 3
21 1 1
6 9 3
7 10 7
6 9 12
2 5 7
19 0 1
10 12 8
22 2 13
10 14 13
14 18 9
3 6 2
19 20 6
20 0 8
20 22 4
22 1 11
12 16 1
12 15 14
17 22 1
7 11 7
5 9 5
17 21 1
2 5 2
19 22 6
21 23 6
4 10 1
7 10 11
17 21 9
21 1 11
21 0 2
19 23 14
13 16 3
19 23 1
23 1 5
20 21 14
2 6 11
18 21 8
10 14 8
4 8 6
20 23 11
23 1 11
6 10 5
0 2 6
4 7 12
9 11 13
13 17 3
12 15 1
3 3 6
21 23 7
2 4 9
4 8 6
16 20 6
17 19 14
4 6 8
18 21 12
2 3 10
23 1 12
8 11 14
1 4 6
6 10 2
3 8 3
9 12 8
2 5 11
7 9 7
12 15 7
18 23 6
8 12 12
7 10 4
17 21 4
20 23 10
2 5 6
9 11 7
12 14 8
12 14 14
6 9 12
13 17 3
16 19 11
21 1 13
1 3 14
5 8 2
0 4 5
12 15 12
7 11 13
0 2 3
13 16 12
20 21 6
12 16 1
1 3 10
20 23 14
18 20 4
16 18 11
15 19 3
20 0 2
8 12 14
10 14 6
19 22 10
0 4 8
22 0 1
21 0 3
17 20 1
7 11 3
22 1 8
22 0 14
10 13 14
14 17 1
8 11 8
10 13 11
2 5 5
6 8 8
1 3 2
22 0 9
20 23 3
8 12 14
14 16 7
8 13 9
4 7 1
8 11 6
8 11 11
5 8 10
18 22 2
4 7 1
14 17 6
23 2 10
1 5 6
0 2 1
21 23 7
8 10 10
5 8 8
17 20 5
6 10 12
18 21 3
13 19 5
15 20 11
17 20 13
12 15 2
23 2 7
17 19 3
12 15 12
3 7 4
2 4 10
3 7 13
8 9 9
11 12 13
16 17 14
19 21 11
6 10 9
13 16 7
4 7 4
10 14 8
16 20 1
15 18 9
4 6 7
6 8 5
17 21 11
0 3 3
19 23 5
0 3 8
0 3 2
4 7 5
12 15 11
13 15 5
15 19 11
9 12 13
2 5 4
3 6 12
15 19 13
14 18 10
9 11 6
15 19 1
22 3 6
0 3 14
14 17 1
15 19 2
0 3 10
8 12 4
5 8 1
17 20 10
13 16 4
11 14 14
21 1 3
22 0 5
20 23 12
15 17 8
21 1 10
17 21 2
22 0 14
21 0 13
23 2 11
1 5 5
7 11 8
10 12 3
4 8 13
3 3 2
8 10 11
7 11 10
18 21 14
8 11 4
9 12 13
22 23 1
19 22 1
10 12 12
18 23 1
0 2 8
14 17 3
2 5 3
7 10 4
8 12 4
5 8 8
4 8 1
13 15 8
11 15 13
2 6 11
6 9 13
2 6 9
4 5 11
0 3 10
13 15 4
14 18 2
15 18 13
11 13 14
5 8 11
1 5 3
11 15 12
20 22 5
23 3 14
2 6 3
16 18 1
6 8 13
23 0 12
17 20 13
2 4 2
20 23 8
8 11 2
20 1 8
23 2 7
12 16 5
10 12 6
15 17 10
10 14 3
18 21 8
17 21 8
19 19 11
3 7 8
20 22 8
13 15 6
22 2 11
23 1 11
10 14 5
4 7 13
9 12 4
9 13 6
11 14 11
16 20 10
3 8 1
13 16 3
23 2 6
18 21 1
6 10 14
18 22 4
18 20 10
13 16 11
0 3 8
16 18 14
4 7 8
6 11 8
19 21 12
23 1 11
12 14 2
17 21 5
16 19 13
3 5 10
9 10 2
18 20 5
10 14 14
22 0 1
15 18 14
1 4 7
15 18 7
2 4 1
0 3 4
19 23 9
3 5 3
19 20 2
12 15 12
16 19 7
9 11 7
5 7 6
19 22 13
17 19 6
17 18 2
1 3 9
19 22 7
6 10 12
16 20 9
4 7 10
11 14 7
10 13 6
5 8 13
0 4 10
11 15 9
2 4 7
6 8 4
22 0 7
23 2 6
19 22 13
22 0 1
2 5 1
16 20 13
20 0 11
22 1 9
9 11 12
13 14 4
6 8 12
7 12 2
8 11 10
12 16 10
9 12 1
13 13 2
11 13 4
20 0 10
16 19 6
14 16 2
16 18 12
17 19 11
14 18 5
10 14 3
21 23 2
10 13 3
7 9 7
21 2 1
13 17 13
2 5 8
19 20 4
1 4 5
14 17 10
5 10 3
9 12 9
23 1 14
18 20 12
1 3 2
3 4 3
12 15 6
19 20 1
16 19 11
11 14 9
7 9 14
21 0 13
19 22 12
1 3 3
23 0 2
17 19 14
22 2 2
21 1 9
12 16 10
7 9 11
13 16 6
6 10 6
18 20 5
5 9 9
15 18 13
3 6 5
17 20 5
19 23 7
1 3 11
21 23 4
3 6 8
8 9 3
22 1 14
18 22 11
12 16 12
22 1 2
8 10 7
9 12 10
7 11 6
8 12 14
4 6 11
2 5 11
16 19 2
17 21 1
17 20 8
0 2 2
0 3 1
17 20 13
18 21 7
0 1 10
13 17 13
12 13 10
20 22 14
10 14 10
15 17 12
23 2 7
15 19 8
23 2 3
0 1 7
19 23 13
17 21 7
14 17 10
12 15 10
16 19 6
7 9 11
1 5 7
19 21 3
7 10 9
18 21 8
11 13 4
2 5 11
21 0 9
2 6 10
6 9 12
14 17 1
18 19 9
7 10 14
2 6 2
16 21 4
9 13 4
12 16 5
18 20 8
22 2 8
12 16 12
8 11 2
6 10 11
11 14 6
19 21 9
2 6 9
8 11 7
7 9 1
21 22 8
14 17 10
14 18 4
7 11 9
2 5 6
10 13 1
10 11 10
8 10 14
3 6 10
19 22 13
22 3 2
19 22 4
15 16 9
17 19 2
6 8 1
23 2 10
21 1 8
20 22 2
8 12 7
14 18 3
10 14 11
14 15 2
6 8 1
20 23 7
0 4 11
6 9 2
0 4 3
11 15 11
18 19 9
10 11 7
9 12 1
18 21 3
4 7 11
21 22 12
4 5 5
17 20 7
8 12 6
11 13 5
22 1 4
14 17 14
22 2 11
11 15 3
20 22 5
3 7 4
5 9 13
1 2 6
13 15 9
9 13 11
22 0 8
15 18 14
2 6 7
17 21 5
8 11 12
14 18 5
12 14 14
21 1 11
19 22 2
7 11 5
11 14 3
10 13 9
3 6 1
2 5 14
22 23 11
8 12 11
0 4 11
7 10 11
7 10 1
13 17 11
23 2 5
18 21 14
22 23 4
19 21 6
19 22 1
12 16 12
19 22 1
11 16 12
15 18 7
9 12 9
19 21 8
7 10 11
23 3 14
10 12 1
0 3 1
22 2 5
23 2 4
19 22 10
22 23 11
1 3 2
2 6 2
12 14 1
4 9 8
21 23 13
4 6 11
19 22 9
16 19 12
17 21 2
15 20 1
10 10 13
19 21 11
16 18 9
13 15 14
23 0 6
7 10 9
17 19 12
16 19 8
21 0 10
21 1 11
6 11 11
4 7 9
13 14 9
1 4 6
20 22 10
6 10 7
15 19 12
15 17 8
11 15 13
0 3 5
13 16 12
15 18 8
5 6 3
14 17 2
4 8 6
1 3 2
1 4 11
19 21 10
7 11 7
21 1 2
16 19 1
19 20 4
9 13 5
5 5 7
5 8 9
13 19 13
7 9 5
18 21 13
9 12 14
1 5 6
22 1 1
16 19 12
3 7 10
9 12 9
6 8 7
21 21 14
2 5 14
14 16 14
12 16 6
15 19 12
12 15 5
20 23 3
12 15 6
20 1 12
0 2 6
4 9 3
0 3 4
8 13 6
14 17 12
17 19 3
18 19 1
12 14 5
6 7 8
16 16 3
19 23 7
20 21 8
5 9 9
15 19 1
8 10 9
23 3 11
5 8 12
22 2 13
23 2 3
21 2 13
7 11 9
18 23 6
18 21 14
15 18 11
14 18 8
19 23 2
20 22 14
1 6 7
9 12 7
20 23 10
14 16 4
23 1 11
12 14 2
1 3 13
15 19 7
19 22 7
0 2 6
2 4 2
20 22 13
20 21 10
9 10 14
7 11 14
18 20 2
13 15 4
19 20 2
12 14 9
9 11 11
20 23 9
1 3 7
19 23 10
5 9 6
11 15 6
23 3 4
18 20 2
8 10 3
12 16 5
3 7 8
19 22 7
2 4 7
2 6 5
3 6 9
21 0 2
0 4 7
4 8 9
10 14 5
4 9 5
15 16 3
18 21 6
5 7 8
9 12 3
2 5 4
6 9 8
16 18 5
15 19 9
21 1 11
6 8 7
5 9 8
20 0 11
22 0 3
18 21 3
2 4 2
4 8 14
4 8 11
10 13 11
7 10 12
19 20 12
5 9 4
9 13 12
11 14 4
5 7 4
4 7 12
10 12 11
14 16 7
0 1 13
4 8 3
16 20 7
4 8 13
14 17 4
11 12 10
19 22 10
13 16 3
20 23 14
17 20 10
15 19 5
23 3 7
4 7 10
18 21 6
7 10 13
13 17 9
16 18 12
5 9 9
11 12 9
15 18 1
9 11 4
22 1 14
17 19 9
8 12 12
22 1 3
7 8 13
23 0 8
16 19 1
18 20 6
14 18 2
2 7 1
14 17 12
3 4 9
7 9 7
10 13 4
4 7 11
9 12 14
6 10 7
1 4 2
2 4 2
16 20 6
9 11 11
9 12 14
9 12 5
0 5 7
14 16 3
19 23 5
12 16 7
1 4 12
21 23 14
6 8 7
2 5 14
13 16 3
13 18 9
21 0 10
22 4 9
23 2 6
15 16 4
21 23 4
4 7 9
9 13 10
1 5 2
17 20 14
22 1 8
11 14 8
17 21 9
4 9 13
6 11 1
10 12 4
19 20 4
22 0 5
16 18 13
21 0 2
21 0 3
16 19 3
9 12 3
3 5 5
0 4 13
0 4 11
2 5 3
8 10 12
2 6 6
2 6 3
11 15 9
10 13 10
0 3 8
12 13 13
16 17 9
11 14 11
0 3 9
6 9 8
18 21 3
23 4 7
22 2 3
12 15 11
3 6 6
10 13 6
22 0 4
16 20 1
3 6 1
2 5 14
12 15 10
23 0 9
20 23 3
7 9 11
5 7 5
11 12 7
1 5 14
12 14 2
19 22 1
11 15 14
1 5 6
11 14 10
22 0 10
5 8 12
4 7 14
5 8 8
23 1 4
4 7 14
10 12 2
13 15 5
20 23 14
5 7 1
1 5 4
17 19 11
17 20 8
12 15 7
18 21 13
21 0 5
15 19 6
12 14 1
6 10 14
16 18 11
9 10 3
12 15 4
16 19 12
12 15 13
6 10 8
9 13 1
7 9 7
8 12 5
17 21 13
7 10 9
6 9 2
15 17 8
10 12 10
4 6 8
15 19 3
6 8 14
1 4 1
11 15 5
2 5 14
21 0 14
13 17 5
12 14 8
17 18 2
5 8 5
8 11 1
21 0 12
10 11 11
6 9 10
22 0 10
10 13 4
9 13 9
20 23 9
4 7 14
0 3 8
14 18 8
3 6 4
0 4 1
21 1 14
16 18 11
12 14 6
17 19 3
5 6 2
9 13 2
15 18 14
1 2 12
3 6 4
12 13 8
22 0 1
14 17 9
19 22 10
3 8 11
6 10 6
15 15 1
11 14 2
3 5 14
3 6 10
2 7 7
14 18 1
18 21 7
13 17 6
7 11 5
17 21 1
7 11 8
20 23 5
20 1 9
23 2 5
12 15 9
14 17 8
9 11 13
7 11 2
9 12 10
23 3 9
7 10 9
20 23 14
20 1 4
9 13 12
21 0 14
19 22 6
1 4 12
6 9 13
23 2 11
0 2 11
10 13 14
10 11 11
1 4 3
13 16 3
16 20 13
14 19 7
13 16 7
23 2 13
12 15 3
11 14 4
4 7 10
5 8 3
13 15 13
6 11 2
17 20 6
19 20 4
0 3 14
12 14 2
23 3 14
17 19 8
6 7 12
17 21 1
3 5 13
23 2 4
21 1 2
0 3 12
15 18 5
23 2 12
23 1 7
8 11 7
16 19 5
16 19 2
13 17 14
19 22 13
18 22 9
20 21 3
2 6 10
1 5 13
4 7 7
3 5 4
9 12 12
0 4 5
8 11 7
19 22 4
17 21 2
18 20 4
19 23 5
16 19 3
17 22 4
1 5 5
1 5 6
23 3 14
12 15 9
6 11 7
8 11 1
2 5 13
9 11 12
17 19 5
13 16 5
16 18 2
5 7 3
22 0 13
11 13 4
9 11 7
23 4 2
9 12 2
6 10 6
10 13 1
20 0 6
18 22 1
10 12 4
13 15 11
5 9 7
0 3 13
21 0 6
19 23 1
12 16 14
1 4 5
7 11 5
22 23 11
4 6 3
22 2 1
11 14 7
2 6 5
20 23 12
9 10 8
21 23 7
6 8 10
21 0 13
23 2 4
18 22 2
9 13 9
1 3 12
4 8 1
18 21 2
4 9 3
22 23 7
1 2 9
23 0 8
1 4 6
17 20 12
23 2 14
3 6 1
11 14 3
7 9 12
13 15 11
5 8 6
14 17 7
12 15 14
8 12 1
21 0 5
22 1 5
21 1 1
9 11 14
9 11 6
14 16 7
19 22 3
15 17 6
4 8 13
15 17 2
12 14 8
4 7 10
18 19 4
15 19 12
16 20 8
14 16 14
11 15 12
16 20 14
17 19 11
16 20 6
17 21 4
6 9 14
3 7 3
0 2 3
19 23 2
16 20 6
0 2 9
0 1 11
6 10 4
11 15 2
15 18 9
16 19 2
23 3 13
20 23 3
2 5 14
2 5 8
10 13 2
17 19 8
9 11 2
16 20 14
21 23 13
20 0 4
3 6 3
12 18 6
0 1 8
13 18 8
7 10 6
6 9 11
3 5 10
4 7 14
16 18 11
4 7 14
4 8 14
13 15 7
17 19 5
5 7 14
19 22 12
19 21 3
4 8 9
20 20 8
15 17 11
8 12 1
19 21 10
4 6 10
22 1 5
5 7 6
14 18 8
8 13 4
6 9 11
14 18 3
9 13 10
7 10 9
23 2 10
12 14 8
4 8 1
19 22 3
10 14 4
12 14 1
9 12 8
0 3 11
0 4 10
16 19 13
6 10 10
17 21 14
21 23 6
6 10 7
18 22 5
18 21 1
2 5 14
15 18 7
8 11 10
21 22 13
13 16 8
23 1 8
5 8 9
8 11 4
19 23 14
15 18 6
2 6 10
8 11 8
4 5 13
9 11 11
22 3 14
20 22 13
21 0 11
6 8 8
0 2 11
17 19 6
14 17 1
11 16 13
10 13 4
18 20 12
6 9 7
14 19 14
4 7 6
6 8 4
16 20 6
0 4 10
2 5 1
7 10 2
14 18 4
18 21 5
16 20 12
20 22 1
1 4 8
14 17 3
23 3 4
12 18 3
18 21 4
11 14 1
4 6 11
3 6 12
8 11 6
6 8 14
3 5 9
17 22 5
1 2 11
3 6 6
19 22 10
17 18 8
10 13 12
8 11 6
17 22 2
9 13 4
2 5 2
0 3 4
5 7 6
16 19 5
22 1 10
23 3 7
7 10 1
23 0 10
10 12 1
2 6 4
7 12 4
3 6 7
22 0 5
12 15 9
20 1 1
14 17 14
9 14 1
11 12 3
2 5 8
7 10 3
5 7 2
18 20 3
2 5 6
12 16 8
14 18 10
23 1 4
0 1 8
17 19 6
13 14 12
