100 6
6 5 6 10 1 9 
8 11 6
10 14 6
4 5 4
21 0 2
7 9 5
16 19 5
6 8 6
5 8 2
10 14 2
6 9 6
18 20 6
12 14 1
14 18 6
3 7 6
7 11 6
9 11 5
2 6 4
13 17 4
11 15 4
12 16 1
17 21 4
10 13 1
11 14 6
6 10 6
17 19 5
0 1 5
14 17 3
9 12 2
4 6 5
23 2 1
2 4 1
2 5 2
18 22 2
8 11 4
22 0 1
23 5 3
3 6 3
3 6 4
4 8 2
11 15 1
20 22 1
15 18 6
22 3 6
23 3 5
3 7 5
4 7 2
16 21 6
11 14 2
20 0 2
8 11 5
22 1 1
4 9 5
4 7 3
0 5 3
13 15 4
5 8 4
21 23 2
5 7 5
7 10 3
8 11 1
3 4 6
18 21 5
4 7 5
14 16 2
1 4 4
22 1 6
20 0 4
9 13 1
17 19 6
10 13 5
8 11 2
18 21 4
15 18 3
9 11 2
5 6 2
8 11 3
7 9 3
13 14 3
19 22 3
10 14 6
14 18 1
23 2 4
18 21 5
7 10 3
12 14 1
17 19 6
19 23 6
15 19 4
14 18 4
23 3 6
7 9 2
16 20 5
14 17 6
6 11 5
11 16 4
6 7 1
8 10 4
21 22 2
20 23 3
7 11 3
