1250 8
8 6 8 8 6 8 9 10 
21 1 7
1 6 1
19 20 7
11 16 6
3 7 3
11 14 4
0 2 2
2 5 7
17 19 3
2 4 5
22 0 5
11 13 1
17 21 8
0 2 4
3 5 3
8 10 2
20 23 2
1 5 3
5 8 1
23 2 6
9 13 6
0 3 1
5 9 4
1 5 3
22 2 1
9 12 5
22 1 7
2 5 6
12 16 8
13 16 5
3 7 2
22 23 1
13 16 1
22 2 1
7 11 4
12 16 2
1 5 8
2 5 8
12 14 5
0 3 3
21 23 7
19 23 3
17 19 1
2 4 8
21 1 2
10 11 3
1 4 3
15 19 8
23 0 3
23 3 6
12 16 8
22 3 6
9 12 3
7 10 3
13 16 8
19 21 6
2 4 1
2 2 2
20 23 8
7 10 5
23 3 3
23 1 5
19 21 1
0 2 2
12 15 5
17 20 4
3 6 5
5 6 5
23 3 7
12 16 1
17 20 4
11 15 6
6 9 7
13 15 6
15 18 6
13 16 2
3 6 7
9 12 7
23 2 1
7 10 7
19 21 1
12 15 2
13 14 3
6 10 8
6 8 3
15 17 4
16 19 7
1 5 7
4 7 1
22 2 6
11 14 8
12 15 4
13 17 5
23 1 6
2 7 1
18 21 5
23 1 7
21 3 2
21 1 8
1 4 6
15 17 3
7 10 2
14 16 8
19 22 2
9 12 4
4 7 7
20 23 6
10 13 7
13 14 2
23 3 4
2 6 8
4 8 8
10 13 2
3 5 8
11 15 4
10 13 2
10 12 1
19 22 8
6 9 6
12 13 4
5 10 1
2 5 4
18 22 6
8 11 3
6 10 1
4 8 4
21 22 8
2 6 8
0 3 7
2 3 5
8 12 4
9 13 8
18 21 7
7 11 5
2 3 3
12 17 3
18 21 6
4 6 3
22 0 2
9 12 6
17 21 5
10 12 4
10 12 3
12 14 2
7 11 6
10 14 8
13 16 3
22 1 2
14 18 7
7 10 1
20 23 7
15 17 3
17 20 6
4 7 5
7 10 6
8 10 2
23 4 1
9 12 8
3 5 4
3 7 7
0 3 3
19 23 1
22 2 6
21 23 4
17 19 8
14 17 1
17 21 4
3 5 4
23 2 7
13 15 8
15 19 4
21 0 3
6 6 5
1 4 2
6 8 8
3 6 2
3 4 4
7 10 1
7 10 2
2 4 7
21 0 3
4 8 5
21 1 3
11 12 2
20 23 5
8 12 2
5 7 6
22 2 3
20 23 1
5 9 3
3 5 4
7 10 3
8 12 7
3 8 8
3 7 3
21 23 7
1 5 6
8 10 2
19 20 1
0 2 6
9 12 1
17 19 6
7 11 3
16 20 8
18 21 5
4 8 1
13 17 8
17 20 1
3 6 8
15 19 6
14 16 1
14 18 7
23 3 5
10 13 1
15 18 7
15 19 6
10 13 2
20 23 5
16 20 6
0 2 2
20 23 4
7 11 6
21 23 1
11 15 6
1 4 4
10 13 2
4 6 5
3 6 6
19 22 6
8 11 6
7 9 6
8 12 5
1 6 1
16 19 6
7 9 2
20 0 4
16 19 4
23 3 6
16 20 1
19 0 1
0 4 7
11 14 6
2 6 7
20 23 1
4 6 7
13 17 8
0 4 5
18 20 8
22 0 8
9 12 2
11 14 3
3 8 5
15 17 1
9 13 2
16 18 3
23 1 5
16 19 1
4 6 7
11 13 2
11 13 5
6 10 3
20 0 4
0 4 1
15 19 5
7 10 1
23 3 1
2 6 8
8 10 5
13 15 1
14 18 6
22 0 5
2 5 6
23 3 4
23 1 2
4 7 5
19 23 5
8 10 2
19 21 2
10 13 2
6 10 2
18 21 4
19 22 6
18 22 1
4 8 8
21 22 6
22 0 5
13 15 2
14 14 7
7 12 4
10 13 7
7 10 5
21 23 4
2 4 1
19 22 6
19 20 7
0 4 5
4 6 5
18 20 7
10 14 7
3 6 6
23 2 1
7 9 8
4 8 1
7 9 4
8 12 6
0 4 2
18 22 6
8 11 1
12 15 5
19 22 4
8 13 2
9 12 7
6 8 2
21 22 5
0 1 6
9 12 8
17 19 2
2 5 1
18 21 8
19 22 4
13 16 6
11 13 1
17 19 5
18 20 3
0 3 2
11 14 8
23 1 1
1 5 8
4 7 1
23 3 3
13 17 8
18 20 2
13 16 8
6 8 5
6 7 2
8 11 6
4 6 4
6 8 6
2 5 5
5 8 8
18 21 7
6 8 6
22 1 3
16 19 1
21 23 4
23 3 3
7 9 2
21 1 5
11 13 4
23 1 4
12 15 6
5 7 2
3 7 4
12 15 8
11 13 4
8 10 8
18 20 5
10 15 8
5 8 7
3 7 4
11 14 7
9 11 8
22 1 4
21 0 2
23 2 5
6 9 8
19 21 2
18 22 8
14 17 2
16 19 5
4 8 4
6 10 5
4 7 2
15 16 2
17 21 4
15 20 5
6 9 6
20 0 5
7 11 1
4 8 3
14 17 2
6 9 4
13 15 8
4 8 7
15 17 5
4 8 3
0 4 7
0 3 5
22 1 2
12 14 3
22 1 2
19 23 8
8 11 8
1 4 3
5 6 1
23 2 2
2 5 6
5 8 2
20 22 2
18 21 1
21 0 3
15 15 3
15 17 8
0 4 7
16 19 8
10 14 2
19 21 8
17 20 8
16 18 8
2 5 2
17 19 5
23 2 1
5 9 4
3 6 3
18 22 1
22 0 7
0 5 4
10 13 3
16 19 4
15 19 2
22 23 2
14 16 3
6 9 3
11 14 7
2 6 5
14 18 7
3 7 2
16 18 5
13 17 1
20 0 7
7 11 4
14 16 4
17 20 7
6 10 4
8 9 8
19 0 5
15 18 3
6 10 1
19 23 2
7 11 8
4 7 7
5 9 4
9 11 3
21 0 7
10 12 8
12 13 1
14 16 6
14 17 8
9 10 7
2 5 2
6 8 8
23 4 1
8 10 7
1 3 3
14 16 3
21 0 6
22 0 3
17 21 2
8 11 1
11 14 8
17 21 1
8 12 4
17 19 2
5 9 3
2 4 8
20 22 6
4 7 5
16 19 2
5 7 1
19 22 4
16 19 5
15 17 5
0 4 2
16 20 7
21 1 1
2 6 3
4 7 1
17 20 7
20 23 2
16 20 8
18 21 5
22 1 2
12 15 6
7 8 1
10 13 4
2 3 3
16 19 2
21 0 6
7 10 3
20 23 8
16 19 8
7 10 4
20 23 7
4 7 4
2 5 5
10 12 8
12 14 5
20 23 6
9 12 1
6 7 6
15 17 3
3 6 3
3 6 8
17 21 6
7 12 4
18 22 3
3 5 8
5 6 4
15 19 6
11 14 6
22 2 5
1 4 4
2 5 2
14 17 1
14 17 2
21 0 2
15 18 2
3 8 2
9 12 7
2 3 5
2 6 7
16 18 2
20 22 2
1 5 5
2 6 2
16 18 5
4 6 5
2 5 2
20 21 1
23 3 6
7 11 5
20 0 3
18 21 6
5 9 5
18 22 8
8 11 7
8 13 8
18 22 3
6 9 5
4 8 3
11 14 1
15 18 3
23 1 4
7 10 6
12 14 7
4 7 5
23 1 4
19 22 2
10 12 2
20 1 2
9 13 6
22 2 1
8 11 3
22 1 5
2 5 8
14 19 7
5 8 7
2 5 8
22 0 8
6 10 6
0 3 6
22 2 2
14 15 4
3 8 6
16 19 8
7 11 4
18 0 4
10 14 4
18 22 8
7 11 2
14 17 3
12 16 6
19 22 8
15 20 1
16 20 6
14 16 1
8 10 4
20 23 1
7 8 4
17 21 8
22 1 7
1 4 3
8 13 5
18 21 5
0 4 1
13 17 4
2 3 4
1 4 1
22 1 7
10 14 4
8 11 5
2 3 5
7 12 3
9 14 5
18 20 5
16 19 1
9 13 5
2 4 7
16 18 1
16 18 3
0 3 1
1 6 1
18 21 7
15 17 6
12 15 5
20 23 2
2 5 6
23 2 7
23 2 4
3 6 7
18 21 2
17 20 6
5 9 6
13 15 8
19 23 5
9 11 6
5 9 1
5 10 1
2 5 3
5 9 1
14 18 3
14 18 6
12 16 3
6 10 2
20 23 3
4 8 6
7 11 4
21 23 7
23 3 5
3 7 7
15 18 7
9 12 6
7 9 5
5 7 5
21 2 1
8 11 7
12 16 8
19 22 8
9 11 6
9 10 3
9 12 6
15 19 7
17 21 2
17 20 5
21 2 5
13 17 8
21 2 7
6 10 6
5 8 1
8 11 2
17 21 4
10 12 2
5 9 4
1 3 4
17 21 4
15 19 5
21 1 3
3 6 1
0 3 4
2 5 5
4 6 8
16 19 5
5 9 2
21 0 4
3 5 6
20 23 8
0 3 7
19 22 2
18 22 3
17 20 6
10 11 3
9 11 1
12 15 6
8 10 3
3 5 4
8 12 8
13 15 3
20 23 8
21 23 1
23 3 7
17 20 2
8 10 5
12 15 1
23 2 5
1 4 5
2 4 3
6 7 8
18 22 1
2 5 1
5 8 5
12 17 4
12 15 7
14 16 7
21 22 3
11 15 6
19 22 7
13 17 6
17 21 5
12 16 2
6 9 8
12 15 3
14 18 3
8 11 3
5 9 3
19 22 8
11 16 7
15 17 8
17 20 8
1 4 1
22 2 4
22 0 4
22 2 1
19 21 8
8 10 6
8 12 7
3 7 2
17 22 1
1 5 1
14 18 8
14 17 6
1 4 3
17 20 3
10 11 5
7 12 6
22 1 5
5 8 2
6 9 4
10 12 2
10 14 6
2 7 3
8 9 1
4 8 3
21 1 8
5 6 4
19 21 7
19 22 8
3 6 2
3 7 2
4 6 5
12 15 6
18 22 8
22 2 4
3 4 2
3 6 2
11 16 2
23 3 6
15 18 5
16 17 1
1 4 4
6 10 2
9 13 8
12 14 3
18 20 1
19 21 3
9 11 5
14 18 4
19 23 7
7 9 2
4 8 1
23 2 6
19 22 3
12 15 7
8 10 4
0 4 7
22 1 6
0 1 1
14 18 4
10 13 7
15 18 6
10 12 5
19 22 7
17 22 2
12 15 6
17 21 8
15 18 5
16 19 2
8 10 3
11 15 4
16 20 7
11 14 4
14 15 2
12 14 6
13 15 5
22 1 4
14 16 3
6 9 2
18 20 1
7 9 1
11 15 8
23 2 4
13 18 7
0 1 5
10 13 1
15 16 5
8 11 5
14 18 4
16 18 5
1 4 3
10 15 6
22 1 3
22 0 4
22 0 7
5 8 6
21 23 4
15 18 1
3 6 3
5 11 8
22 2 5
18 20 4
8 11 4
13 14 3
0 3 5
2 5 6
18 21 5
18 20 8
8 10 1
22 1 6
8 10 7
6 9 6
8 11 3
6 9 5
6 9 7
5 10 1
17 21 4
14 17 3
16 19 7
23 1 5
8 10 7
4 7 2
19 21 3
3 6 1
0 4 4
20 23 5
9 12 6
11 14 3
14 18 5
17 19 6
4 7 1
8 10 2
8 11 7
17 19 6
15 18 2
6 7 1
17 21 7
7 9 4
21 23 8
3 5 8
3 6 7
21 1 1
3 7 8
14 16 5
1 5 1
15 18 5
20 22 1
9 11 2
13 15 6
18 20 7
19 23 8
11 14 3
12 16 1
6 8 8
15 20 4
8 11 5
21 0 6
20 23 8
13 16 3
18 20 5
9 12 8
23 1 3
23 2 5
23 2 6
8 12 8
4 9 3
17 19 8
18 21 8
11 13 1
22 2 5
22 0 8
6 10 7
7 10 2
18 22 4
4 7 7
2 5 8
3 5 6
1 2 8
18 22 2
14 17 1
12 15 8
3 5 8
22 1 4
6 9 7
17 19 7
1 1 2
7 6 6
12 16 1
3 8 7
23 2 7
1 3 5
12 16 1
13 15 1
2 6 8
4 8 2
6 9 8
22 1 8
9 12 4
11 15 3
6 9 4
14 15 2
18 22 7
0 3 3
13 13 6
19 22 4
3 6 3
10 14 8
14 17 6
20 0 4
0 3 5
2 5 2
15 18 8
12 14 2
11 13 2
10 13 3
3 7 3
1 5 1
9 13 4
1 4 2
4 7 8
7 10 4
9 11 8
18 21 2
23 3 1
1 4 1
0 3 6
15 17 4
12 17 4
14 18 2
2 5 6
16 18 7
13 16 7
14 18 7
12 15 7
7 9 1
2 5 4
11 15 1
4 7 5
8 10 7
15 18 4
23 3 6
2 4 6
14 17 1
16 19 6
22 2 2
11 15 6
21 0 3
11 14 4
12 16 3
4 7 6
21 23 4
15 19 5
8 10 5
22 0 8
17 20 6
4 7 8
3 6 1
11 15 7
7 10 8
13 16 6
12 14 8
18 21 4
20 22 7
0 3 3
21 0 5
3 6 5
23 4 8
22 0 7
15 17 7
5 7 5
17 21 4
7 10 6
4 5 2
7 10 1
12 14 3
4 8 2
7 10 3
23 2 5
18 21 1
3 5 3
16 18 3
0 4 7
17 18 4
11 13 6
22 23 1
6 11 1
10 11 1
10 13 3
0 3 4
9 13 4
20 22 4
23 2 2
5 10 2
22 3 6
23 2 7
21 0 5
15 18 6
8 11 2
10 14 5
10 11 7
9 13 4
4 8 6
10 12 8
16 19 8
4 7 1
23 2 2
13 16 5
1 3 7
9 12 1
22 0 4
14 18 3
3 6 4
8 10 2
12 15 1
21 23 6
14 18 1
21 0 1
0 3 7
14 17 5
15 17 3
8 9 5
23 2 2
9 13 1
0 2 8
2 5 8
20 23 2
11 11 8
17 21 2
21 0 5
11 14 3
21 1 7
22 0 6
23 3 5
11 15 3
6 8 7
1 4 2
22 23 3
9 11 8
5 10 1
11 14 1
3 7 2
21 23 8
10 13 7
6 10 1
6 9 1
17 20 3
21 2 2
6 10 4
0 4 1
5 7 1
15 16 2
22 0 3
9 11 1
4 7 1
10 13 7
8 9 2
17 20 3
14 16 1
9 12 2
22 2 5
15 17 2
18 21 3
10 15 1
0 4 2
11 13 8
1 4 6
3 6 2
13 16 4
1 4 8
10 13 5
23 1 3
13 17 1
3 6 3
23 1 7
12 15 2
7 11 5
15 18 4
22 2 5
12 14 4
19 20 3
4 7 3
9 14 1
21 0 8
10 11 6
17 20 1
8 12 7
15 17 4
7 10 2
13 17 7
20 22 3
5 8 6
7 9 4
6 10 5
13 16 8
7 9 2
18 20 1
11 14 5
9 11 1
4 8 3
11 13 8
5 6 5
11 15 8
21 1 3
22 2 1
5 7 5
20 23 7
15 18 1
0 4 3
18 23 4
10 11 3
12 14 1
18 20 3
20 0 8
4 8 1
23 1 6
8 12 8
15 18 1
6 11 7
21 22 2
17 19 5
16 21 7
15 17 4
21 23 4
4 7 4
23 3 8
1 6 5
12 14 6
21 23 1
6 9 3
16 18 1
7 9 3
7 8 4
2 3 7
9 13 1
5 9 5
14 17 2
9 11 7
1 5 7
20 23 5
19 22 7
14 19 1
9 13 2
15 18 5
2 5 7
9 12 5
12 15 4
12 14 4
13 16 7
22 3 5
15 18 1
11 15 5
14 16 8
17 22 2
18 21 7
2 5 8
6 7 2
6 10 2
22 1 4
9 10 6
14 15 6
3 5 6
6 9 8
18 22 4
3 5 7
22 1 1
12 12 8
21 1 1
8 11 4
3 5 6
23 0 3
15 18 7
2 5 1
5 8 4
21 0 1
14 19 8
2 6 1
8 11 3
15 18 6
15 19 6
1 3 7
22 0 6
22 23 8
5 8 3
9 11 7
13 16 3
5 8 3
8 10 2
4 7 1
15 17 8
19 22 8
4 7 7
5 9 2
16 19 2
21 22 1
22 1 1
17 21 7
22 1 8
3 5 2
9 10 8
21 1 7
19 21 6
12 13 1
14 18 8
6 10 4
4 6 7
22 0 3
3 7 3
9 11 6
8 11 8
1 5 4
13 16 3
11 15 7
14 18 5
19 21 2
20 22 5
13 17 4
3 4 8
5 8 4
15 18 4
17 21 3
1 4 7
6 8 1
12 15 7
20 0 6
23 2 7
6 9 3
23 2 8
0 3 8
4 8 8
14 18 1
4 7 2
19 21 8
15 17 4
5 7 5
4 8 2
21 1 1
15 19 4
22 0 7
4 8 8
7 10 8
10 12 6
10 12 6
14 17 5
