2250 16
1 3 4 6 9 4 8 7 9 8 10 9 7 2 6 10 
11 15 10
17 19 11
0 5 3
20 22 15
12 15 4
15 20 15
5 6 16
0 3 11
16 19 12
21 0 2
12 14 3
7 12 3
10 12 6
7 10 16
23 3 13
19 22 5
5 9 16
13 16 14
8 12 2
14 16 16
0 4 11
10 12 16
12 14 1
22 0 13
1 4 9
6 8 6
13 16 2
1 5 1
21 23 1
6 11 3
6 9 3
17 21 16
1 3 10
22 2 2
19 23 10
16 19 6
7 10 4
9 11 7
0 3 8
15 17 7
3 6 6
6 11 5
23 4 10
1 4 5
20 0 7
12 17 2
19 23 11
3 5 14
18 22 12
16 20 9
6 11 12
9 13 15
21 0 6
13 16 9
23 4 8
9 13 1
18 19 4
4 6 4
14 17 3
16 21 16
11 15 6
22 0 9
20 23 1
15 18 7
17 20 4
2 7 8
16 19 3
15 20 11
22 23 2
18 21 15
2 3 3
10 13 16
9 12 1
6 8 2
17 20 15
5 9 16
22 1 10
16 20 2
11 14 6
5 8 16
18 22 14
17 18 12
12 14 3
10 11 11
3 5 7
19 22 8
12 18 3
16 20 7
16 18 2
5 8 7
1 6 1
4 9 14
3 8 16
2 4 6
7 9 2
18 20 3
1 7 6
19 21 6
19 20 7
20 23 5
23 1 7
22 3 10
19 23 11
18 21 2
7 10 6
10 14 9
2 6 11
3 6 8
1 4 14
4 6 2
13 17 15
14 18 15
18 21 11
21 0 16
6 9 3
7 10 1
17 19 5
8 10 5
7 7 8
3 5 12
7 10 14
5 9 2
18 23 13
16 19 1
12 16 9
4 5 10
19 22 8
21 23 9
3 6 7
21 0 12
18 21 1
9 13 15
8 13 3
0 2 15
2 4 2
11 14 4
13 17 7
15 18 5
18 19 3
16 18 4
19 20 4
4 8 15
21 23 7
22 23 15
7 11 9
12 14 7
6 8 9
21 1 16
1 6 13
19 20 1
12 15 7
17 21 5
5 8 10
22 2 6
1 2 15
22 0 9
22 0 9
10 13 16
10 11 4
14 16 7
14 16 9
7 10 8
20 23 16
21 22 2
1 5 2
12 15 16
17 20 2
22 1 1
7 9 11
18 21 1
1 5 3
22 1 15
21 22 11
2 6 12
5 7 3
19 22 1
1 5 3
17 18 6
22 0 13
14 16 3
21 1 12
10 13 16
6 8 13
20 0 4
2 7 2
22 1 3
19 23 3
5 8 1
16 19 1
16 18 7
0 2 6
7 10 2
11 15 2
9 11 7
15 17 7
5 7 15
10 12 10
1 3 2
18 21 7
21 1 3
8 12 6
1 5 14
12 16 6
18 20 9
10 13 4
9 11 14
4 9 7
10 11 4
9 12 14
10 13 1
0 3 15
10 11 2
13 15 7
18 21 10
23 1 13
1 3 9
23 2 3
8 11 4
11 15 2
21 23 13
10 14 12
17 20 9
16 20 5
23 2 12
8 9 13
10 14 2
13 14 10
4 6 5
20 23 16
20 2 9
17 20 3
0 2 15
8 10 1
8 10 12
7 11 6
17 20 11
6 10 14
22 2 11
10 12 9
15 18 8
14 18 8
14 17 6
17 20 1
14 18 11
22 2 13
5 7 8
4 7 5
4 7 13
7 11 11
21 2 16
4 8 15
20 0 12
19 22 9
21 22 9
10 12 10
0 3 3
6 9 13
2 4 5
15 18 2
4 7 5
22 1 11
13 16 9
22 0 16
1 4 16
20 23 7
6 9 1
13 15 4
23 3 3
3 7 5
10 12 5
11 12 7
17 20 8
1 4 16
16 19 16
9 11 3
20 22 9
8 10 6
4 7 7
7 8 10
9 12 15
21 0 1
2 5 11
3 6 7
5 7 2
17 19 15
21 23 2
7 8 14
23 2 14
15 17 14
16 21 7
4 5 2
14 15 12
10 13 13
9 11 10
22 1 9
3 6 14
7 10 1
20 22 8
14 17 1
3 7 2
21 23 15
21 0 15
16 19 9
14 16 7
9 12 8
22 2 6
1 3 8
14 16 8
3 5 8
13 16 11
15 19 10
13 15 13
0 4 5
14 17 6
17 18 15
5 8 5
15 17 8
3 7 8
16 18 8
16 19 15
10 12 12
14 16 2
2 5 14
21 0 1
15 18 10
13 12 6
21 1 6
0 5 8
10 13 3
16 18 5
21 1 1
21 1 5
22 0 3
3 7 5
9 12 11
3 7 10
22 0 12
12 16 15
4 8 16
5 8 2
5 7 12
13 16 6
13 17 12
11 15 9
11 15 4
19 21 4
23 1 6
12 14 11
14 17 8
4 10 13
15 19 5
7 8 3
22 1 5
22 1 6
21 0 14
7 11 2
4 5 7
17 21 3
7 9 5
4 8 1
20 23 3
2 4 1
5 8 14
4 7 9
20 23 6
22 1 14
8 11 5
4 6 11
5 6 5
0 2 10
18 22 2
0 3 9
19 23 12
5 7 12
18 22 15
23 2 15
10 13 15
7 10 10
22 0 3
4 6 5
14 17 10
5 9 2
12 15 1
22 0 9
13 16 5
20 23 10
10 11 6
2 4 2
12 16 8
7 10 3
3 7 14
3 5 12
20 0 5
3 6 9
20 23 3
17 19 3
13 16 9
10 14 6
9 13 4
18 21 3
9 14 11
8 11 12
10 13 13
10 12 1
7 12 14
19 20 12
6 8 12
23 1 8
8 10 11
18 22 14
15 18 10
4 7 8
4 6 12
23 2 16
10 14 5
6 9 6
9 11 15
13 17 9
1 5 16
11 14 4
3 5 1
1 5 11
3 5 1
16 18 5
15 21 2
14 17 7
1 3 2
5 9 4
19 22 6
6 9 14
6 9 5
7 10 14
0 3 2
11 15 11
19 22 15
1 6 3
5 8 6
23 2 1
12 15 1
1 4 2
0 3 2
0 4 3
0 4 16
15 19 12
10 13 10
7 10 11
19 23 8
5 8 4
7 11 15
3 5 9
13 16 1
12 15 15
3 6 13
6 9 4
8 12 12
4 8 5
16 19 6
9 13 12
12 16 11
1 4 4
22 1 9
16 18 9
20 23 4
9 13 3
1 4 3
3 5 1
6 10 4
1 5 8
4 8 16
15 19 13
15 19 12
22 0 15
9 13 5
4 8 7
10 15 2
3 7 6
6 9 10
19 21 5
18 22 11
10 13 12
13 15 7
6 10 2
5 9 6
14 16 2
0 3 5
11 14 8
23 2 13
20 22 7
20 23 6
0 3 1
13 16 1
9 11 15
9 13 4
22 2 12
7 9 7
8 11 8
0 3 12
20 23 2
16 18 6
15 18 4
23 2 16
0 3 3
9 12 13
3 6 15
12 13 3
12 13 15
10 12 16
3 5 5
14 18 13
10 12 10
3 7 8
19 22 3
13 16 14
11 15 1
5 6 1
21 1 15
3 5 12
20 21 12
12 14 10
16 18 2
20 22 13
8 13 13
5 8 5
15 19 7
16 20 3
9 12 1
20 23 9
7 10 5
13 14 2
3 5 7
21 0 15
7 11 6
16 19 8
19 21 2
19 21 5
6 9 16
1 3 15
8 11 4
7 10 1
14 18 8
10 13 10
14 16 15
7 10 3
23 0 9
12 15 6
0 3 9
15 16 14
12 15 12
23 3 3
16 19 9
10 14 8
5 8 6
23 2 1
21 0 14
9 12 6
20 23 14
12 15 13
19 21 14
0 1 8
9 12 1
19 0 14
9 13 6
1 4 13
12 16 4
14 17 12
6 10 12
14 17 5
18 21 15
3 7 15
16 20 15
5 9 5
10 12 12
19 23 16
20 23 4
14 15 11
18 19 2
12 14 14
11 13 1
19 22 5
21 2 15
1 2 10
16 18 15
5 6 16
7 11 16
6 10 3
5 6 13
10 13 11
7 9 15
2 6 7
13 18 16
17 19 6
10 13 1
3 5 3
7 9 6
19 20 6
22 2 2
0 4 6
14 16 11
6 10 15
10 13 16
18 19 4
4 7 9
1 6 15
4 7 2
10 13 8
22 2 11
19 22 8
14 17 4
0 4 2
11 15 3
0 3 3
9 11 6
23 3 4
5 7 13
7 10 14
4 7 8
21 1 9
6 11 12
18 0 2
16 19 3
13 18 15
18 20 16
6 10 6
15 18 3
8 11 7
6 10 1
15 17 9
3 5 4
10 13 12
4 7 13
12 14 5
9 13 15
7 12 1
21 0 2
18 23 12
7 13 6
5 8 7
21 1 6
4 6 9
13 15 12
5 7 15
9 11 16
5 8 7
6 8 4
17 20 7
23 2 7
14 17 15
16 19 15
20 22 12
16 18 12
23 3 12
13 16 14
12 14 9
2 7 10
12 14 6
15 17 1
9 12 14
20 0 14
7 12 16
15 18 6
0 3 8
1 4 10
1 4 15
7 10 6
8 12 15
2 4 12
14 19 2
1 4 5
12 15 9
3 6 6
10 13 3
1 2 8
18 21 11
16 18 13
15 20 14
1 5 9
22 1 7
3 6 4
0 4 14
6 9 6
0 5 12
6 10 16
10 14 4
16 19 11
8 11 6
0 3 3
21 0 16
18 20 15
8 10 14
13 17 15
10 11 15
22 23 16
9 10 5
9 12 1
17 19 13
13 15 12
18 21 5
17 20 10
7 10 6
13 16 11
15 18 16
19 21 14
23 2 14
16 19 1
9 14 13
4 6 1
21 0 14
15 18 14
0 4 13
2 4 3
4 7 2
2 5 5
15 19 10
19 23 1
3 5 15
15 18 9
4 6 1
7 10 11
16 19 9
4 6 2
6 8 3
16 19 14
7 9 13
0 4 16
10 14 13
1 3 4
12 15 13
22 2 15
2 5 16
1 3 13
0 2 10
7 12 8
8 10 10
11 14 10
11 14 14
21 1 4
9 11 13
20 21 4
5 8 8
18 19 4
13 14 15
4 8 4
7 11 6
22 2 8
11 13 14
12 14 2
6 8 15
15 17 14
5 7 1
1 4 3
11 13 13
20 21 3
13 17 9
6 9 12
1 7 1
21 0 4
11 14 4
20 1 2
16 19 2
20 23 4
8 11 1
8 10 13
2 6 11
6 7 11
20 22 14
6 10 10
12 14 1
17 21 3
20 23 11
18 21 3
11 13 1
22 2 13
11 16 3
5 6 12
19 21 15
7 10 4
7 11 2
8 11 4
14 17 5
7 10 8
18 21 6
18 21 12
6 8 3
14 19 15
16 19 16
9 12 5
13 15 14
23 1 5
17 20 1
18 22 7
8 13 5
5 8 7
5 7 14
9 12 8
4 7 1
4 10 14
9 12 10
8 10 1
15 17 15
21 23 7
23 0 12
1 3 16
16 19 6
0 3 13
6 8 2
9 11 7
21 23 2
20 23 15
5 9 13
11 15 1
2 5 3
5 7 12
8 10 2
21 22 9
23 2 2
10 14 4
18 22 11
15 18 12
5 9 14
2 6 14
21 1 2
22 3 10
9 12 2
4 7 13
19 23 14
11 13 11
18 21 14
7 10 7
2 4 15
14 15 4
21 1 6
14 17 11
23 2 4
7 11 12
18 23 5
22 0 11
15 18 13
5 7 10
5 8 7
10 14 4
2 5 8
16 20 2
4 9 16
18 22 6
3 7 15
3 4 5
16 21 9
8 9 7
5 7 15
21 1 8
4 6 10
10 13 14
8 11 8
18 21 5
9 12 4
23 2 7
20 1 3
10 14 9
2 4 3
23 1 15
12 17 16
0 5 4
11 13 11
19 22 3
6 9 9
19 20 6
1 5 6
6 8 11
22 3 6
7 10 7
7 10 5
2 5 5
15 18 4
5 8 11
13 18 12
21 23 4
15 16 16
16 20 10
14 17 2
20 0 9
2 5 6
17 21 8
9 11 4
14 16 1
5 7 2
11 13 4
4 6 16
22 2 13
3 5 14
9 12 8
10 11 12
18 19 13
17 21 11
2 5 9
10 13 12
7 10 6
19 22 11
21 1 9
19 21 15
6 10 1
4 5 4
2 6 6
8 11 5
14 16 8
9 13 15
0 3 6
13 17 14
16 20 11
17 20 2
11 14 13
22 1 8
6 8 9
16 18 8
7 9 6
19 0 16
20 23 9
23 2 13
6 9 13
13 16 13
9 11 14
3 6 6
6 8 14
10 13 1
0 4 6
18 22 11
22 0 7
18 21 13
12 16 1
4 6 12
21 1 7
2 4 5
20 22 8
2 5 7
9 12 6
23 0 14
11 15 16
22 23 16
10 11 8
17 19 7
10 12 4
20 22 13
2 5 6
18 20 4
12 13 11
1 5 1
0 3 14
22 0 16
3 6 13
5 8 12
21 23 15
1 6 10
11 13 7
22 0 16
6 8 9
0 2 8
15 18 11
20 23 10
5 8 2
15 16 3
14 16 13
0 2 13
1 5 8
8 11 6
22 0 7
4 8 8
13 16 3
9 12 7
21 23 7
7 11 14
19 22 13
4 7 5
20 22 5
13 16 3
20 23 14
0 2 4
1 4 10
2 4 4
5 10 15
9 11 8
1 4 14
10 12 11
7 10 5
21 23 8
7 10 1
22 2 6
22 1 16
15 19 13
8 10 9
7 7 10
23 3 7
5 8 8
11 14 1
8 11 15
21 0 5
9 11 14
23 3 7
16 18 11
6 10 13
16 19 12
10 14 3
19 22 7
21 1 4
20 22 4
2 6 9
5 8 15
18 21 16
18 22 4
23 1 12
8 8 8
13 16 16
3 7 5
10 12 14
17 21 8
5 10 9
23 3 12
20 21 16
4 7 5
17 20 13
2 4 8
19 20 2
17 20 8
0 3 7
12 15 1
6 9 10
8 13 14
17 19 14
17 19 12
10 13 14
16 19 7
14 17 9
16 19 14
0 4 11
0 5 11
0 1 9
15 17 6
16 18 11
20 22 2
1 4 7
3 5 5
3 6 9
20 22 16
0 1 13
14 16 9
23 3 4
19 22 3
6 9 10
20 23 3
10 12 2
0 5 7
18 20 13
18 20 13
4 8 10
10 14 7
21 23 7
13 17 15
2 4 8
17 21 15
0 2 12
1 5 1
19 22 3
12 16 7
20 23 2
0 4 13
5 7 6
7 10 14
8 13 15
16 18 15
22 0 2
4 5 9
11 14 9
22 1 8
21 1 4
17 20 14
3 5 12
17 21 6
13 16 16
2 5 4
9 12 1
18 21 5
11 14 6
18 22 5
11 15 15
10 12 14
9 11 12
22 0 4
20 22 4
23 2 14
5 7 13
11 15 12
0 2 14
18 21 4
21 23 4
17 19 16
9 11 11
15 17 1
9 12 15
2 5 4
14 16 5
20 23 7
18 19 2
6 9 2
1 2 14
16 20 2
17 20 2
5 9 8
11 16 14
5 8 12
15 17 14
5 8 1
20 22 3
23 0 8
20 23 14
3 5 10
0 2 3
9 10 9
3 6 4
3 5 9
16 19 2
22 1 15
2 6 7
1 4 9
1 3 2
7 10 4
19 22 14
6 10 2
13 16 4
18 22 10
13 15 12
12 13 8
12 13 1
9 13 7
0 3 8
6 10 14
9 12 6
22 1 13
18 23 10
5 8 6
16 20 11
12 14 12
16 20 10
14 17 10
2 5 7
22 2 7
7 8 4
23 2 9
5 8 1
15 17 5
21 23 14
15 19 9
6 11 9
0 1 5
9 13 6
7 10 3
16 18 12
6 10 15
14 17 11
17 20 9
8 10 7
4 6 5
3 4 3
9 12 6
19 20 7
6 9 11
10 11 14
6 8 12
6 7 10
5 10 10
2 5 13
1 3 9
10 14 14
10 16 1
12 15 9
11 13 7
10 13 11
0 4 9
1 4 4
6 10 12
20 21 4
8 10 11
12 13 9
3 6 1
9 12 16
6 10 4
1 5 12
10 13 15
7 8 1
15 19 10
1 5 6
0 3 3
1 2 2
13 14 9
14 20 9
19 21 5
13 15 7
11 14 7
21 23 12
20 0 13
1 4 11
8 13 13
23 3 11
14 15 16
7 9 10
3 6 13
15 18 5
22 3 8
0 3 2
7 10 10
14 18 13
0 2 6
9 12 1
1 4 6
0 6 11
13 16 14
21 0 14
3 6 3
15 20 13
13 16 3
19 23 15
4 6 4
2 5 4
1 5 8
19 22 3
14 17 12
11 13 7
20 22 10
3 7 7
19 23 5
11 14 5
14 18 8
20 22 3
7 11 12
23 2 10
6 11 7
18 21 13
2 5 16
21 0 3
15 20 7
16 17 2
21 0 7
2 5 7
15 17 8
19 22 13
11 15 8
13 17 3
3 3 14
0 3 13
17 20 12
0 2 13
12 15 2
2 5 12
21 23 5
3 6 9
21 1 10
21 0 15
10 13 12
9 12 8
7 8 4
13 16 2
22 1 14
18 21 14
19 23 4
8 11 10
16 19 3
15 17 10
18 22 9
13 15 4
6 9 4
16 18 2
18 21 14
21 0 13
13 15 6
14 16 10
3 5 16
2 5 6
22 0 10
12 16 11
9 12 5
23 2 12
0 5 1
4 4 8
3 6 14
23 1 11
11 14 11
7 10 11
23 3 7
14 15 8
20 1 5
6 9 15
4 7 16
17 21 10
15 19 11
1 3 14
10 12 1
15 18 15
19 0 8
7 12 13
3 5 9
13 17 16
12 15 1
17 19 7
14 17 14
4 6 11
6 10 9
0 3 4
14 17 13
3 7 8
17 18 6
0 2 1
7 10 5
9 13 15
20 0 9
16 20 12
6 7 11
5 9 2
23 3 14
18 21 15
11 14 11
9 11 7
5 8 5
18 22 8
1 3 16
11 14 15
8 13 12
2 7 14
17 23 2
23 2 5
13 15 9
19 22 16
9 12 7
13 15 2
5 9 5
22 0 12
0 1 16
9 12 1
4 6 9
22 1 15
3 8 3
11 15 8
9 12 16
20 23 7
14 15 3
14 18 13
6 8 1
11 14 8
16 20 8
19 0 1
5 8 10
23 2 12
10 13 16
20 22 12
18 22 10
2 5 9
22 1 16
11 14 8
2 4 4
22 1 13
9 12 2
7 12 14
3 4 12
11 14 15
12 17 3
22 2 5
5 9 8
22 1 5
12 14 11
23 3 16
13 16 11
20 20 6
0 3 14
1 5 5
20 22 16
22 1 12
21 23 14
16 19 3
17 19 13
18 20 10
19 23 15
8 12 10
7 10 8
2 4 15
1 3 14
14 16 15
6 9 7
12 15 15
13 15 9
5 7 15
17 19 11
9 12 11
20 0 5
2 5 5
20 0 15
14 17 7
4 6 8
1 4 2
1 5 12
19 22 15
13 15 10
1 4 6
2 6 12
14 15 9
18 22 14
8 10 5
17 21 14
17 23 5
18 20 6
2 6 7
13 17 4
1 4 15
20 22 1
18 21 5
17 20 14
22 1 11
3 7 9
23 2 3
5 10 5
23 2 6
23 1 16
15 18 10
18 21 8
17 19 12
12 15 13
11 14 10
7 10 8
11 14 12
0 3 15
17 21 7
19 20 8
0 3 8
1 5 15
14 18 6
4 8 6
20 1 3
8 11 8
16 19 6
1 3 7
12 17 6
10 16 7
5 10 5
21 1 4
11 14 15
22 0 10
9 11 1
22 1 9
22 1 1
21 0 7
18 20 11
13 16 6
12 15 15
23 3 9
9 12 3
5 9 1
9 12 11
12 15 13
8 13 10
11 14 2
5 7 13
4 8 11
20 22 15
10 13 3
13 17 8
7 10 4
23 3 12
15 19 1
20 22 16
20 0 5
16 20 9
7 10 11
5 9 4
17 19 15
1 3 13
11 13 11
20 22 13
6 7 5
7 10 7
16 19 15
16 19 4
16 20 13
8 12 8
11 15 7
13 17 16
4 7 13
5 9 2
4 8 3
21 23 13
18 21 4
5 8 12
13 18 5
4 6 15
23 1 7
2 6 6
9 12 3
6 10 7
12 15 3
21 0 4
23 2 14
19 0 16
23 3 11
8 12 13
15 18 5
22 2 6
11 13 6
5 6 1
14 18 6
20 1 5
2 5 12
0 3 4
0 3 2
11 15 12
15 19 4
2 5 16
10 13 6
15 17 6
0 3 8
19 23 9
16 20 10
1 5 15
21 3 11
11 13 13
16 18 11
8 11 6
5 7 8
7 10 8
1 4 2
23 0 4
19 21 16
15 17 13
17 19 10
22 1 5
16 17 16
3 7 9
1 4 7
21 1 1
9 13 16
17 21 9
16 19 12
18 23 7
15 18 16
9 14 12
22 1 7
4 7 15
23 1 3
19 23 5
20 1 15
18 20 2
18 20 2
23 2 16
2 6 7
19 23 2
7 11 10
2 6 9
11 14 16
9 11 3
4 8 3
9 11 11
9 12 14
9 12 12
3 6 9
2 4 4
12 14 13
0 4 12
2 6 14
11 12 12
10 12 4
2 5 16
16 17 16
19 23 14
13 16 3
12 14 4
21 0 10
4 9 16
20 23 13
9 12 15
12 14 10
11 15 6
8 12 10
21 1 6
8 10 2
13 15 16
6 9 11
11 15 9
16 19 7
17 20 5
7 10 4
1 3 2
12 16 15
3 6 9
15 17 1
8 11 11
5 8 13
10 12 11
12 14 6
9 11 2
14 17 4
22 3 8
6 10 7
4 7 9
21 2 5
1 6 11
4 7 7
8 12 8
14 17 3
2 4 6
1 4 3
10 13 11
8 9 12
2 6 16
17 20 16
4 8 5
6 10 4
18 22 4
7 9 10
6 10 6
23 3 10
7 10 5
13 16 15
5 9 10
6 10 4
12 15 4
15 18 8
3 7 13
23 2 16
18 21 9
23 4 6
13 16 1
19 21 14
22 2 13
14 16 1
9 12 14
18 21 12
11 14 16
21 0 1
4 6 1
5 8 8
8 11 9
16 19 12
10 16 3
4 7 10
2 5 14
10 14 5
2 5 16
10 14 14
22 0 3
20 22 11
13 17 3
22 2 4
10 14 15
13 15 14
18 21 13
7 11 9
13 16 6
16 19 9
23 3 8
10 12 11
14 15 6
1 2 13
2 6 14
2 6 3
19 21 13
7 11 9
20 23 6
7 10 15
1 4 12
23 1 4
13 16 2
16 19 14
9 13 9
2 6 11
15 17 8
15 18 5
15 18 12
5 7 9
13 16 15
5 7 8
2 6 15
14 17 6
15 18 16
7 9 16
8 11 6
16 18 9
7 9 8
5 6 14
13 16 4
22 3 1
16 19 7
23 2 13
3 8 14
15 18 11
18 22 11
11 14 5
23 3 13
2 4 14
7 10 8
10 16 2
5 9 10
14 16 11
5 7 9
7 10 6
10 11 7
11 14 11
6 10 14
4 8 9
13 15 16
23 0 10
21 23 9
10 14 4
3 7 3
1 5 2
10 13 11
22 2 3
5 8 14
17 19 7
23 1 10
6 10 2
12 17 14
11 15 6
10 13 15
13 16 5
20 22 8
22 1 3
15 17 9
11 14 16
11 14 14
2 5 8
20 23 14
8 9 7
2 4 13
0 4 8
16 19 12
12 17 13
4 7 15
15 19 3
9 12 1
10 13 3
1 4 8
17 20 15
12 13 11
11 14 11
6 8 16
15 18 4
20 0 8
9 11 11
21 2 11
18 21 2
13 16 11
3 7 14
13 15 2
3 6 13
16 18 16
17 19 13
9 13 5
8 12 5
19 21 1
20 23 13
14 18 14
1 5 4
3 8 6
23 1 8
3 8 10
6 10 13
13 17 10
22 3 1
21 0 5
7 9 1
10 10 1
9 11 15
1 4 7
1 3 10
12 17 11
8 12 14
7 10 6
17 19 12
5 9 16
11 14 4
8 11 14
12 13 12
16 20 3
15 17 15
4 9 2
9 14 1
18 21 4
20 21 1
12 15 14
1 3 15
4 7 6
6 9 11
21 0 2
19 21 15
22 0 3
20 23 14
9 12 12
14 16 2
22 0 16
10 13 10
8 11 1
17 21 9
12 14 12
17 19 6
3 5 6
9 13 6
15 16 3
23 2 2
5 8 6
4 6 14
14 17 12
23 1 10
23 2 6
7 9 8
16 18 12
7 9 5
21 1 3
23 1 11
6 9 3
23 2 1
17 19 3
18 22 15
12 16 4
13 16 16
9 13 6
21 0 1
23 1 12
12 15 13
19 21 8
3 5 1
18 21 4
1 3 9
9 12 5
6 9 5
2 5 9
3 8 4
12 17 15
16 17 14
21 23 5
23 3 16
16 20 11
5 9 3
22 1 14
11 13 11
7 10 6
7 11 5
14 16 10
23 3 12
13 17 7
22 0 10
3 7 13
20 0 5
21 23 12
0 2 3
22 2 4
9 11 14
21 1 1
20 1 7
2 6 9
9 10 2
12 14 13
9 12 13
16 19 9
23 2 14
7 9 16
8 10 8
6 10 9
21 0 9
8 12 13
1 3 13
14 16 14
0 1 15
18 21 4
5 9 13
8 11 11
5 7 3
10 11 8
10 13 6
23 2 8
5 7 13
1 3 6
13 15 1
8 12 4
12 17 11
17 19 15
5 7 7
17 19 13
2 6 5
7 9 2
17 20 11
11 15 12
17 20 3
8 11 15
6 10 13
12 16 6
9 10 16
4 8 1
9 13 14
21 23 11
9 13 8
17 19 5
5 6 3
16 19 7
15 19 16
10 13 8
6 11 10
9 13 13
19 23 9
11 15 3
6 10 2
7 11 4
14 17 12
22 1 9
7 11 16
13 16 2
14 17 11
23 4 7
11 15 16
22 0 10
5 10 4
18 22 2
15 19 8
20 23 16
7 10 16
2 5 12
14 15 7
9 11 11
8 11 9
1 4 16
10 14 16
10 14 3
23 4 11
22 0 13
4 7 7
8 11 1
20 23 6
15 19 1
3 6 13
19 23 2
9 11 13
21 1 14
20 0 12
17 18 4
14 17 13
13 16 13
2 4 13
1 7 15
15 17 15
17 21 4
17 21 16
20 0 4
8 10 3
20 0 7
16 20 3
19 21 4
14 18 12
19 22 1
14 18 12
5 8 1
1 6 4
13 17 1
1 4 1
2 5 3
15 19 5
13 16 15
10 11 10
21 0 1
1 4 15
12 15 6
7 9 5
8 11 1
23 3 2
9 10 16
12 18 2
7 9 2
20 23 11
0 2 12
8 10 6
17 22 5
21 2 12
1 5 2
18 22 16
21 1 14
14 17 1
16 20 1
18 21 3
2 5 10
8 12 12
11 12 7
21 0 1
8 11 5
10 12 3
1 3 5
11 14 13
18 20 15
4 5 3
7 10 5
16 20 6
20 23 14
5 7 14
8 13 2
6 9 5
22 4 13
16 18 16
8 11 13
21 23 3
11 13 11
18 21 11
10 11 14
9 13 11
3 7 13
8 11 15
4 7 2
22 1 12
14 17 9
6 8 5
9 12 12
10 14 13
10 14 8
6 9 4
7 12 15
5 7 16
1 3 15
23 2 9
12 14 4
20 1 11
12 15 1
12 14 13
3 5 9
21 22 2
22 0 5
20 0 14
17 19 10
1 5 11
10 12 11
21 0 16
19 20 13
11 13 15
19 0 11
4 7 4
8 11 7
23 1 10
9 12 16
4 7 1
11 14 14
22 2 10
11 13 10
6 10 13
12 17 9
11 13 11
8 10 5
6 11 7
7 11 16
23 3 7
17 19 6
4 6 13
16 19 4
9 12 7
22 2 6
1 4 15
11 14 5
16 20 16
6 8 7
15 19 4
11 13 12
19 23 13
6 9 2
13 16 15
21 3 9
5 7 15
8 11 12
12 15 10
22 0 1
17 20 8
0 3 4
23 1 13
6 7 8
11 16 14
19 23 2
10 13 4
10 12 3
10 13 1
1 5 3
0 3 10
8 9 4
10 14 5
23 0 6
19 0 5
20 1 4
20 1 14
1 4 3
23 3 8
22 2 7
20 23 1
8 9 10
6 9 13
7 10 14
16 20 2
6 9 6
1 4 10
17 20 2
1 3 16
0 5 2
4 8 13
15 18 11
21 0 12
15 17 4
20 0 13
11 14 1
12 15 3
20 23 5
21 0 5
0 3 8
15 17 1
17 20 11
11 14 11
7 8 2
21 0 3
9 12 2
0 2 8
15 17 6
21 23 13
20 0 9
16 19 1
17 21 2
17 20 10
23 1 11
1 4 8
15 18 11
22 0 8
15 18 1
11 15 9
18 21 13
0 3 14
23 1 3
19 21 2
5 6 6
20 23 10
22 1 10
11 14 5
8 9 3
17 19 15
12 17 13
15 17 2
6 9 12
19 22 9
6 9 7
0 4 4
22 1 16
1 3 1
17 19 5
11 14 3
5 9 11
15 18 13
13 18 2
14 19 2
13 15 1
2 4 9
8 12 14
5 8 4
4 7 4
1 3 12
8 11 1
6 9 12
4 9 1
8 12 11
18 22 8
0 4 11
14 18 11
11 14 7
13 16 5
11 15 1
15 17 12
3 6 4
1 3 6
4 8 13
19 23 3
23 3 15
0 3 6
12 15 15
4 7 2
11 13 8
19 22 7
16 19 12
2 5 4
8 11 10
17 21 8
5 9 1
16 19 7
15 18 6
13 16 14
6 10 15
22 1 10
14 17 8
14 17 14
21 1 7
5 8 10
8 12 2
9 12 8
15 18 14
16 19 11
2 4 13
23 1 2
23 3 3
20 21 5
23 1 10
17 18 3
4 7 14
23 1 12
22 1 9
7 10 14
2 4 10
7 10 16
21 0 13
14 16 11
7 9 4
12 14 2
12 17 4
19 23 10
5 7 8
3 6 1
2 4 5
11 13 1
14 17 10
2 4 5
14 19 13
1 5 3
9 13 14
3 6 9
2 4 4
9 10 10
18 21 3
16 18 1
3 7 13
4 8 8
13 16 6
2 4 10
4 5 4
5 7 9
19 23 7
7 9 2
21 0 16
14 17 4
0 5 14
8 13 5
8 11 4
17 20 14
3 7 5
12 15 12
20 23 10
9 12 1
23 1 7
6 10 14
2 5 5
10 13 5
5 8 14
18 22 5
