1500 18
3 1 10 6 7 10 7 7 3 7 3 4 6 7 4 7 10 4 
17 17 4
12 16 7
5 9 15
6 7 11
14 15 10
18 0 2
12 15 3
19 21 3
19 23 16
9 13 8
8 10 4
0 2 7
10 12 15
23 3 10
8 10 1
6 8 14
15 18 7
1 5 3
15 19 1
2 4 8
2 5 7
16 20 15
21 0 12
2 6 11
21 2 2
13 17 7
8 13 17
20 21 13
0 6 1
4 7 13
11 14 14
19 22 17
4 9 12
14 15 7
3 6 13
12 14 16
15 20 13
22 1 1
21 0 5
3 4 3
19 0 3
16 20 16
23 2 9
10 12 4
11 14 12
0 2 1
11 14 2
15 19 18
20 22 2
11 12 16
8 12 2
8 11 1
22 0 1
5 8 10
22 2 12
22 1 8
16 19 12
1 3 4
16 21 18
1 4 10
20 22 11
8 12 14
11 15 6
11 14 14
12 16 2
0 4 9
5 8 9
8 9 2
17 19 7
3 5 6
9 12 13
7 10 17
3 6 14
17 20 4
0 4 11
2 5 12
4 7 13
2 5 7
2 3 11
15 17 16
8 10 9
15 17 18
10 12 3
15 16 2
3 6 2
5 9 18
10 12 7
10 13 18
19 23 9
6 10 9
17 20 1
7 9 6
21 23 10
20 0 14
3 8 12
16 19 3
0 2 8
17 19 17
5 8 17
7 9 14
23 3 13
14 17 1
16 19 9
18 19 14
0 3 1
19 0 15
10 11 10
11 14 7
8 14 4
12 15 18
5 9 6
21 23 13
15 17 1
11 15 17
1 5 18
0 4 12
13 16 6
8 10 5
18 21 11
6 8 10
13 17 8
18 21 11
11 13 8
14 17 2
1 5 15
20 23 18
16 19 13
4 8 2
10 12 13
14 17 18
5 7 6
14 16 7
19 23 16
3 4 10
20 22 3
13 17 12
21 1 15
14 17 15
6 12 9
4 7 3
17 20 9
5 6 17
20 23 11
8 12 1
14 16 2
9 11 18
5 7 5
7 9 1
11 16 6
22 1 10
9 12 13
8 11 16
5 8 14
5 11 7
1 5 3
11 13 3
6 9 6
4 6 6
22 1 10
6 9 11
14 16 12
13 16 17
14 18 10
2 6 8
14 18 18
2 5 4
10 14 18
4 7 12
5 9 13
18 21 8
19 22 8
2 4 3
23 2 5
7 12 2
1 5 13
23 3 5
21 2 3
9 11 14
9 12 3
15 17 13
9 12 5
3 5 17
4 7 7
18 21 18
0 3 13
18 21 16
21 1 10
23 4 5
2 4 16
18 21 12
19 22 8
7 11 11
8 11 5
18 22 9
1 4 17
20 23 6
0 3 8
18 22 9
3 6 12
4 7 9
0 3 5
9 12 9
22 1 15
13 18 13
1 2 2
2 6 2
15 18 18
10 13 2
3 7 4
23 1 16
3 5 2
13 15 7
20 22 17
21 0 1
4 7 4
8 11 1
12 15 17
0 3 18
18 20 9
18 22 15
12 13 15
22 1 15
18 23 18
19 21 11
6 9 1
4 6 15
6 11 10
1 4 7
18 19 3
22 2 4
23 2 3
23 4 1
16 20 3
18 20 11
8 12 1
16 18 9
16 18 5
22 2 7
15 19 5
16 17 14
2 3 6
23 1 6
12 17 11
16 19 10
13 16 18
7 9 18
2 4 14
13 15 2
3 7 3
15 18 7
15 19 12
14 18 14
0 4 3
15 18 2
23 2 10
19 23 4
7 10 12
1 5 13
12 15 1
16 19 8
12 14 16
19 23 8
11 13 11
16 19 7
13 16 8
16 18 6
5 8 8
14 17 7
5 8 7
5 6 6
15 19 17
7 11 3
2 4 11
3 7 6
23 1 7
18 21 3
3 6 15
15 17 1
12 13 16
1 4 18
21 1 1
5 7 13
11 13 7
6 8 2
14 18 3
6 9 12
19 1 18
0 2 2
5 7 2
2 5 10
21 23 12
15 16 8
5 10 16
13 14 4
18 22 1
5 6 5
10 13 1
3 6 11
23 2 6
21 1 15
19 22 5
23 3 10
5 8 6
15 17 16
16 17 10
14 18 14
15 18 10
13 19 7
18 20 15
9 13 10
15 17 3
14 17 4
19 21 15
14 17 5
13 17 11
19 22 14
21 1 6
7 9 6
16 17 11
14 17 10
0 3 11
21 1 7
12 15 4
20 0 7
7 9 6
17 20 8
20 22 11
20 0 10
18 21 18
13 17 15
15 18 5
12 16 8
19 0 13
8 11 9
21 0 10
18 23 5
13 15 6
20 22 1
6 9 5
20 0 16
22 1 2
13 16 10
7 10 3
17 21 12
10 13 6
22 1 9
0 3 1
11 14 14
9 11 9
22 0 5
20 1 9
0 4 13
21 0 10
19 23 5
15 19 18
15 20 5
11 15 2
7 11 17
9 12 12
10 13 4
11 13 3
21 0 13
6 9 5
4 7 10
14 17 2
16 18 2
9 13 11
10 12 8
18 22 11
4 6 2
21 0 1
20 0 7
3 5 2
8 11 2
18 20 1
23 1 1
7 8 3
14 16 16
2 4 16
21 23 3
6 10 9
8 11 4
1 5 14
6 9 6
2 6 8
0 4 17
23 2 15
14 17 16
14 18 8
9 12 5
22 1 12
20 23 11
6 8 2
15 19 17
21 1 12
23 2 10
4 6 16
0 3 18
17 19 17
9 11 11
22 2 3
22 2 7
4 5 10
22 2 4
22 1 10
2 4 15
4 8 16
17 21 3
12 17 6
16 19 16
19 22 1
3 6 11
4 7 1
16 19 6
21 1 10
23 1 17
19 23 18
10 13 2
18 19 1
4 6 7
20 23 18
13 16 12
20 22 9
17 20 18
17 19 16
21 2 3
16 18 3
9 12 12
10 12 13
16 19 3
18 21 1
18 19 13
22 1 18
18 21 14
2 3 1
15 18 8
0 2 7
2 6 5
11 13 9
15 18 3
9 11 12
10 14 4
19 23 15
9 10 3
21 0 4
8 13 14
3 5 1
18 22 5
0 4 2
13 18 17
14 18 16
18 20 5
22 2 6
20 0 7
5 9 9
12 15 4
5 7 1
7 10 7
21 0 3
16 17 11
11 13 14
19 20 8
5 7 16
10 14 5
9 11 16
19 21 5
21 1 7
3 7 5
18 21 11
7 11 2
8 11 5
13 16 7
3 7 8
13 16 8
13 15 11
18 20 1
6 9 12
15 19 15
23 2 9
19 23 17
13 17 4
22 1 16
20 1 2
15 18 5
18 21 17
20 23 12
13 17 1
14 15 3
5 7 8
1 4 11
7 12 12
6 7 7
10 14 9
11 13 7
4 9 6
20 22 9
23 0 18
1 2 12
22 1 15
9 12 8
10 13 7
13 14 1
17 20 10
1 3 13
1 4 18
9 13 17
20 23 2
23 1 12
17 22 10
18 21 4
12 14 16
6 8 2
22 2 12
0 2 10
11 14 3
1 5 5
11 15 11
13 15 12
8 9 1
18 21 17
15 19 6
1 6 4
14 18 1
20 1 6
18 22 1
7 10 11
8 10 15
5 9 2
14 17 5
8 13 12
9 12 9
3 6 4
7 10 5
8 12 17
8 11 9
17 22 12
19 21 8
21 23 8
12 14 11
4 8 6
13 18 16
1 4 16
12 13 11
19 23 1
7 10 7
22 1 16
11 15 12
1 5 11
6 8 10
6 10 8
17 20 14
17 20 12
15 17 10
12 15 12
6 10 11
14 17 15
22 2 8
5 8 6
10 14 6
23 3 16
13 14 10
1 2 2
10 13 4
7 10 4
4 7 13
22 0 2
21 1 7
20 23 14
9 14 18
15 19 18
12 14 15
19 21 17
3 6 18
12 13 13
19 21 14
6 8 6
5 8 16
0 4 3
5 9 6
13 18 9
15 18 10
7 11 11
22 1 2
2 6 4
16 19 16
6 8 18
12 15 17
5 9 15
16 18 3
15 19 12
4 8 17
15 18 3
20 0 2
11 15 12
16 17 13
21 23 1
10 12 7
18 22 9
9 12 18
7 9 9
5 6 17
20 21 1
5 7 2
10 14 16
13 16 10
0 3 15
18 19 1
21 22 6
4 8 3
9 11 8
12 13 15
19 22 18
22 2 16
17 21 3
15 18 9
7 10 16
19 21 6
15 19 4
20 23 1
2 5 14
15 17 14
5 7 3
17 21 18
12 15 16
16 17 7
6 7 16
22 2 8
7 12 17
15 18 17
11 14 15
15 18 18
4 8 16
12 14 4
4 7 13
18 23 18
8 12 10
18 23 5
6 9 17
2 5 15
16 20 11
5 8 14
9 13 3
22 0 2
11 15 16
3 4 7
8 12 13
2 4 16
11 13 3
1 4 16
13 16 8
0 5 17
9 13 2
14 18 14
5 8 8
5 9 1
14 15 17
23 2 4
5 8 3
13 14 18
19 22 14
10 15 2
3 6 17
3 4 12
20 21 11
16 19 10
2 4 11
19 22 4
11 15 6
21 23 17
11 14 1
8 11 10
12 16 15
5 7 1
19 23 16
19 0 14
2 6 13
14 18 18
0 3 5
16 19 3
11 15 8
22 22 5
1 7 9
5 9 12
3 6 13
12 14 15
1 3 8
3 4 12
13 17 16
2 6 8
15 17 16
7 10 1
3 6 11
12 15 7
19 22 8
11 14 9
0 3 11
6 11 8
20 22 3
19 23 16
23 2 14
22 0 12
6 10 16
3 7 12
5 7 17
0 1 7
8 10 9
1 4 11
2 5 16
22 2 12
2 5 11
4 7 3
7 11 9
6 9 1
9 10 2
12 15 6
11 15 2
16 19 15
12 14 8
6 8 18
22 2 18
2 5 10
7 9 9
6 9 5
8 12 3
21 3 12
2 5 2
5 5 5
9 12 11
15 17 8
3 6 10
8 12 3
5 7 6
12 17 8
1 4 7
9 11 11
22 1 18
1 2 14
18 21 17
3 6 11
7 11 12
7 10 9
2 4 8
15 18 6
17 22 11
0 3 13
13 17 6
3 5 12
2 6 15
6 10 9
1 3 7
12 15 9
7 10 9
22 1 4
2 7 8
21 0 13
2 5 5
17 19 15
13 17 5
13 15 16
20 23 13
14 17 5
21 23 8
20 22 13
4 6 3
22 23 2
20 23 17
22 1 10
13 15 16
6 8 8
20 21 13
13 15 3
13 17 7
22 2 8
16 18 14
22 3 11
1 4 6
8 11 9
19 20 6
7 10 2
16 20 7
10 11 18
3 8 18
16 18 16
14 17 17
20 23 6
11 16 4
8 10 2
10 13 16
22 0 18
12 15 17
4 7 13
15 17 9
12 15 18
17 19 3
22 1 6
11 14 5
10 12 18
10 12 2
5 7 14
4 7 17
16 19 15
16 19 8
22 1 13
15 17 17
8 10 3
18 22 1
17 20 10
7 8 18
7 10 8
13 16 9
9 10 14
4 9 4
23 3 7
6 8 6
19 23 15
22 23 7
14 16 3
9 14 18
17 19 14
10 13 2
16 18 9
23 2 7
15 19 10
18 20 16
8 11 18
12 16 11
13 16 3
6 11 1
3 6 1
21 1 1
20 23 13
8 12 3
14 15 9
1 3 9
0 3 10
7 10 13
3 6 12
1 4 11
20 22 2
19 22 7
2 5 7
7 10 10
13 14 18
5 8 2
7 11 13
10 14 4
1 2 3
3 5 7
11 14 16
21 1 18
10 13 6
13 16 1
13 16 16
7 9 14
1 5 11
17 19 2
8 11 11
19 21 9
7 11 5
21 0 13
13 19 4
19 23 13
0 4 6
14 17 9
12 15 6
17 21 14
15 18 4
1 4 18
1 6 5
10 13 3
1 3 11
13 16 18
8 12 1
19 23 4
11 12 12
2 7 5
22 2 5
19 22 1
1 4 10
22 1 16
6 10 1
1 4 14
8 10 6
0 4 8
23 2 6
8 11 13
17 18 4
9 13 7
9 12 18
14 18 9
1 4 6
17 21 3
17 19 4
14 18 4
19 20 14
1 6 13
3 6 16
23 1 6
21 23 4
12 15 4
23 1 16
10 12 3
16 18 12
13 17 7
4 6 1
21 2 10
21 23 12
19 22 16
15 17 13
5 9 11
4 7 8
4 6 1
11 15 17
7 11 13
22 1 3
2 5 5
23 3 10
23 2 3
21 0 5
17 19 8
19 22 11
1 6 16
9 13 10
17 19 17
18 21 2
22 2 4
11 13 16
13 18 13
19 22 16
13 17 14
9 13 15
8 11 15
17 22 6
15 19 3
13 16 14
0 3 14
19 21 4
23 2 14
2 7 5
8 12 18
10 14 17
9 13 1
23 3 4
16 19 17
10 12 14
18 19 3
0 3 14
4 7 1
1 5 7
4 7 3
19 23 7
10 12 4
17 20 16
1 3 12
5 9 6
12 13 11
1 3 7
2 4 14
22 1 2
11 15 13
16 18 14
14 18 8
0 5 10
3 6 8
7 10 10
2 4 12
19 23 18
19 23 15
2 6 14
4 7 13
21 0 16
10 11 4
0 3 4
15 17 4
7 10 11
15 18 8
10 13 3
1 5 18
21 0 12
19 22 10
0 2 2
4 8 4
5 8 10
14 17 14
20 20 13
18 21 1
12 15 2
0 3 15
13 16 3
4 7 17
16 20 9
11 14 12
14 16 17
0 3 16
16 18 16
5 8 6
11 13 3
22 1 16
11 15 11
13 15 11
11 14 15
18 19 10
22 1 16
10 14 7
1 6 10
8 11 17
7 10 11
22 1 4
16 20 11
6 10 9
15 18 10
19 22 8
19 22 7
18 22 10
18 20 1
23 3 2
2 5 13
2 6 12
9 11 17
10 12 13
14 18 1
16 20 18
14 17 10
0 1 7
19 23 1
2 3 2
8 9 13
7 11 10
11 13 4
8 11 8
6 7 1
15 18 18
22 23 5
6 9 1
0 3 4
8 10 12
14 16 15
9 12 4
12 13 13
6 9 3
3 6 18
8 10 13
12 14 1
20 22 13
22 1 7
18 21 15
10 14 17
8 12 2
17 21 12
10 11 7
3 5 10
6 9 7
14 18 11
18 21 16
20 0 6
20 23 16
17 18 3
16 18 8
21 1 16
18 21 13
21 23 18
7 11 3
19 0 9
22 0 12
10 14 10
22 0 16
15 20 15
23 1 13
20 21 10
21 23 10
16 18 8
3 7 1
9 12 3
18 22 16
15 18 13
13 17 2
14 17 1
2 5 10
5 7 5
3 6 3
16 19 10
22 3 3
4 6 6
1 3 5
20 22 2
22 2 17
19 22 10
11 16 13
20 0 15
8 12 17
21 1 5
14 17 12
11 14 16
15 18 12
7 10 5
20 1 17
22 2 4
7 10 8
23 4 7
9 11 12
11 13 8
13 17 16
15 16 9
17 21 6
20 0 7
8 13 10
23 2 11
7 11 4
4 8 14
5 9 10
19 22 4
6 9 18
14 18 17
23 3 11
3 4 3
17 19 10
10 12 17
16 19 13
7 10 3
7 8 6
19 21 16
6 9 7
11 15 10
2 5 16
1 2 11
15 17 15
4 7 1
17 20 7
2 5 8
21 0 9
11 15 8
14 16 14
16 19 2
22 1 10
13 15 17
11 13 15
12 16 13
18 21 12
14 17 7
1 4 2
1 5 14
11 13 5
23 3 18
20 23 12
8 12 16
5 7 17
14 16 2
16 19 10
2 5 10
10 14 5
15 17 5
5 9 5
8 11 10
18 21 15
21 22 17
1 5 13
8 10 14
8 10 1
3 7 13
13 16 15
21 1 1
2 6 5
23 3 4
7 10 3
5 9 14
4 6 9
4 7 14
8 14 3
23 2 10
1 5 18
0 3 10
4 9 13
4 6 18
0 3 2
5 8 14
7 11 10
19 23 14
14 16 3
15 18 7
8 10 8
14 16 2
8 10 10
3 6 6
1 4 14
23 1 5
7 10 4
21 0 6
12 16 13
7 10 6
10 13 11
5 8 9
0 2 8
12 14 1
23 2 18
3 4 14
22 1 9
5 8 3
9 13 5
0 3 13
1 5 14
10 14 7
1 5 17
19 21 5
5 7 9
3 5 11
18 21 2
3 6 7
2 4 3
16 19 14
23 2 12
13 15 2
7 10 17
20 21 4
22 1 7
17 20 2
10 12 15
10 15 3
2 7 17
19 20 11
3 7 8
22 0 15
23 2 18
22 3 4
12 15 17
17 22 5
11 14 11
19 22 16
7 11 5
19 22 16
4 8 14
6 8 2
16 19 4
1 5 13
0 3 15
4 7 17
5 9 12
5 9 12
5 9 5
7 10 7
15 18 7
2 4 13
10 15 15
13 17 16
5 7 3
6 7 10
12 15 11
22 0 13
21 23 7
20 23 2
16 18 9
21 23 14
22 1 14
14 19 17
5 7 6
21 23 4
2 5 11
0 3 16
3 4 18
10 12 10
15 19 5
0 3 14
1 5 7
17 19 3
19 21 8
4 8 9
23 2 11
19 20 1
4 6 14
10 11 10
3 6 2
13 16 13
3 5 11
18 20 5
4 7 10
20 23 1
23 2 3
4 6 17
10 13 8
13 16 16
2 6 17
0 1 6
20 1 1
13 15 9
4 7 11
2 5 12
11 13 14
11 13 8
9 13 10
11 14 6
20 20 4
15 20 2
17 21 2
21 23 13
6 9 1
3 5 14
14 16 12
4 5 18
9 12 12
6 9 8
3 5 4
13 17 5
23 1 17
19 23 11
16 21 13
6 8 7
0 2 2
8 11 4
16 18 2
19 22 12
8 12 12
0 4 1
19 23 1
4 7 1
4 9 1
11 14 13
7 10 3
0 2 1
1 4 17
19 23 1
19 22 4
7 10 8
6 9 8
0 2 8
22 2 15
0 6 11
6 8 14
8 11 17
17 18 9
9 15 13
6 9 1
23 1 10
7 9 15
22 0 7
14 18 6
14 18 13
1 3 2
12 13 18
17 19 18
11 14 13
1 3 10
7 10 18
12 15 15
19 21 4
22 1 4
16 17 2
0 3 10
2 6 16
3 7 14
19 21 15
19 22 17
17 22 13
11 14 8
16 19 12
13 16 15
10 12 12
10 14 10
10 13 12
15 18 6
23 0 16
5 9 5
7 10 5
17 20 1
11 14 17
16 20 14
14 19 7
4 6 14
14 17 8
23 0 6
16 20 5
9 12 6
6 9 18
20 22 13
20 22 6
6 11 16
20 22 10
15 17 18
0 3 15
10 13 14
5 9 12
13 17 17
21 23 1
1 5 2
21 22 4
13 17 9
22 0 4
17 18 11
8 10 13
2 4 5
21 1 12
18 22 14
21 0 8
21 23 3
5 6 8
4 7 5
2 6 14
6 8 2
0 3 3
14 15 9
2 4 11
10 15 14
4 8 8
6 7 8
19 0 3
3 5 18
4 6 14
18 21 10
23 3 10
23 4 13
11 15 4
19 23 4
5 8 14
8 10 12
0 2 7
8 10 10
7 11 12
14 17 16
8 8 14
0 2 2
23 2 8
13 16 11
2 6 12
18 21 15
19 22 1
10 12 11
12 17 11
7 10 2
12 15 18
23 3 12
22 3 5
1 4 3
13 15 18
9 12 15
6 9 10
21 1 9
14 16 17
11 15 1
7 9 16
17 21 5
19 22 18
7 10 17
10 14 3
18 21 1
21 0 7
6 11 6
15 17 9
14 18 2
6 10 16
1 4 16
15 18 1
11 14 7
0 3 3
16 19 6
22 2 5
19 21 7
8 12 9
13 17 15
10 12 11
10 12 13
4 9 14
9 13 16
0 2 2
7 11 18
2 5 14
22 0 5
18 21 4
2 6 9
6 10 8
15 16 3
22 2 1
1 4 5
17 19 12
5 7 14
9 13 15
11 15 6
4 7 11
12 16 5
22 1 1
13 15 9
14 18 4
13 14 10
1 5 15
7 9 16
22 1 10
6 8 14
20 23 12
9 12 2
12 14 4
22 2 16
3 5 9
21 1 5
15 17 5
2 4 1
9 11 1
4 8 12
14 17 10
6 9 2
7 9 14
0 3 4
2 6 9
2 5 4
