350 7
5 2 10 2 8 7 8 
6 8 1
8 11 1
15 19 6
8 12 2
14 17 5
20 23 2
0 6 6
22 0 5
0 1 3
7 9 5
6 10 4
7 11 2
7 11 7
19 22 4
7 11 7
10 12 4
7 8 3
14 18 2
18 22 2
23 1 1
13 15 5
20 23 3
17 21 4
22 1 4
7 10 4
21 0 6
5 7 2
13 15 1
9 13 7
6 10 3
3 6 5
5 7 2
19 21 3
13 17 4
8 13 1
17 23 4
8 11 7
10 12 6
20 22 7
13 16 5
16 19 2
4 8 7
5 10 4
23 1 3
20 22 5
5 9 3
3 7 5
21 0 1
14 18 7
6 9 4
8 10 3
16 22 4
10 12 5
13 15 4
10 12 2
16 17 4
8 11 5
12 16 3
14 17 1
15 17 7
5 8 6
8 10 3
21 23 1
14 16 7
0 3 7
18 21 6
9 13 6
12 15 6
4 7 1
7 9 4
18 22 2
7 11 5
22 0 4
18 21 4
23 0 5
6 11 6
10 13 5
7 11 7
22 0 5
5 7 2
20 0 7
18 22 7
12 14 6
7 11 5
21 0 1
11 13 3
9 12 4
1 5 5
11 15 3
0 3 3
16 19 6
3 4 1
20 0 4
0 1 4
11 15 3
23 2 2
20 21 7
11 12 3
10 12 5
6 8 7
0 3 3
1 5 1
15 17 6
18 20 5
14 18 5
8 11 5
13 18 1
10 14 4
7 11 2
7 9 3
18 20 5
7 11 1
11 16 4
18 22 3
23 2 5
11 15 4
8 12 1
23 2 6
18 19 1
10 14 5
15 18 7
8 12 7
11 12 2
15 17 7
15 18 3
17 20 3
11 14 2
10 14 4
1 3 6
22 2 5
10 14 3
8 12 4
6 9 4
2 6 2
3 6 2
18 21 5
10 12 3
0 2 1
8 10 6
17 19 6
22 2 5
17 20 5
16 19 5
6 9 3
9 11 4
6 10 5
14 16 7
22 0 2
19 23 3
4 6 5
6 10 6
4 6 4
22 1 2
13 16 2
14 15 2
10 13 1
0 4 2
19 22 6
21 0 3
1 5 4
4 8 3
14 17 2
7 11 7
6 8 2
21 0 2
7 11 1
10 12 6
17 22 4
19 22 1
14 16 4
20 22 1
22 2 3
12 14 2
14 18 3
3 5 7
23 4 7
17 21 4
2 6 2
14 17 1
9 13 4
2 5 2
0 1 3
12 15 3
10 12 1
18 21 4
14 19 6
23 3 3
8 12 7
7 13 2
16 18 7
2 4 4
16 19 3
7 10 6
3 7 6
16 18 1
23 2 4
10 13 1
21 1 1
4 8 6
12 16 1
17 20 5
22 2 5
21 22 4
10 12 2
7 10 6
1 4 7
8 10 2
4 7 5
19 22 1
4 7 5
5 7 7
18 22 6
12 15 4
6 8 1
7 11 1
10 13 7
7 10 7
1 3 3
3 5 1
8 11 2
0 4 6
7 9 4
11 15 1
8 11 7
6 8 6
20 0 7
18 21 1
15 19 4
6 9 3
9 13 7
18 23 4
0 3 7
8 11 2
3 7 7
8 11 5
16 18 5
5 7 1
10 15 3
17 19 6
0 5 5
8 12 7
7 12 3
4 8 2
20 22 3
10 12 2
10 11 3
8 10 5
2 6 6
3 6 3
2 4 5
2 6 4
15 16 3
13 15 7
0 2 2
23 2 1
13 17 7
19 22 2
13 15 4
20 0 7
14 17 2
19 21 4
1 4 2
3 6 6
19 23 4
2 5 5
9 14 3
2 6 1
1 4 7
6 8 1
4 7 5
3 7 1
6 8 5
22 1 4
1 4 2
0 4 3
19 21 7
5 9 1
12 14 1
3 6 5
1 3 2
16 18 3
6 8 7
16 21 1
2 3 3
9 12 2
4 7 5
19 22 7
12 17 5
3 5 5
10 12 4
0 2 1
12 15 2
18 21 3
5 8 2
8 10 2
17 20 2
17 20 6
20 21 1
5 9 1
19 23 5
3 7 4
22 1 1
18 20 1
23 2 6
3 7 2
1 3 3
11 14 7
1 5 7
10 13 6
8 10 2
10 14 6
5 8 4
10 14 3
16 20 1
3 4 4
23 1 6
6 8 6
18 20 6
7 11 1
1 3 5
18 22 2
23 2 2
2 5 7
13 14 2
11 14 3
15 18 1
7 8 5
4 7 4
15 17 3
20 23 5
5 6 7
16 19 1
17 20 2
14 18 1
0 3 1
11 13 6
15 18 1
19 22 4
18 19 5
5 8 6
1 4 5
1 2 1
2 6 6
11 15 6
11 13 2
9 13 1
21 1 2
0 4 3
16 19 4
5 11 7
