1150 7
8 2 4 3 10 3 10 
19 22 2
13 16 2
6 10 4
15 18 5
6 11 2
2 6 1
3 6 1
8 11 7
22 23 4
5 10 3
2 5 5
20 0 1
18 20 1
3 5 2
0 2 4
0 3 6
11 15 2
9 13 1
23 1 3
18 21 2
11 14 2
5 8 3
19 21 1
23 2 2
4 10 5
17 20 7
11 15 4
4 7 4
3 7 2
8 10 7
8 12 5
20 22 2
3 5 3
16 18 1
4 7 4
0 2 2
1 3 3
17 21 2
23 2 1
15 18 6
19 22 4
20 0 3
19 22 3
12 15 6
19 22 4
16 19 4
7 10 7
6 8 1
16 20 1
3 6 5
5 8 1
10 13 7
15 20 2
22 0 1
18 21 3
6 8 7
8 14 3
20 22 3
18 22 3
13 16 5
16 19 7
8 12 1
6 9 7
21 0 2
6 9 1
14 19 3
0 4 6
16 17 7
2 5 2
21 23 6
6 7 5
5 7 1
12 16 7
8 11 2
12 16 7
23 2 1
9 11 7
8 13 6
7 10 5
14 17 4
2 4 2
8 10 4
13 15 3
20 1 7
9 13 6
0 3 2
0 2 1
13 17 5
0 3 6
21 1 4
13 17 5
22 2 6
14 16 6
11 14 6
3 6 4
9 12 3
13 16 5
2 6 6
5 9 6
20 23 2
17 21 2
22 2 7
20 0 5
0 5 2
8 11 5
5 8 1
17 21 6
22 1 6
14 16 4
22 0 4
18 23 2
7 9 6
8 11 7
7 11 5
9 11 3
21 1 3
19 21 3
16 19 5
8 12 6
1 2 4
0 4 3
21 0 4
9 13 2
10 13 1
18 21 4
12 14 1
9 11 4
14 18 3
17 20 3
0 2 2
11 13 7
6 9 4
12 15 3
9 12 2
13 16 4
16 19 1
9 10 7
9 11 5
13 16 5
19 23 7
20 0 1
5 7 1
8 12 7
19 21 4
17 23 5
13 17 7
19 23 5
11 15 3
7 9 4
13 16 1
13 16 1
5 10 4
22 0 3
11 15 1
7 8 7
10 12 1
22 0 1
4 7 1
20 22 6
19 23 5
5 6 6
16 16 3
10 13 1
8 10 4
22 2 6
23 1 2
4 7 6
16 19 1
5 9 6
15 18 2
1 4 2
17 18 6
2 5 3
23 3 4
16 18 1
20 0 4
22 1 5
4 7 1
1 4 7
3 8 5
15 18 6
7 10 7
3 6 5
13 18 6
22 2 5
6 9 3
10 14 4
7 11 3
11 12 1
21 0 1
20 23 4
4 8 3
10 14 1
12 16 5
19 22 6
22 2 2
5 9 5
12 15 4
10 15 7
3 5 7
20 23 2
21 0 7
2 6 6
3 4 4
19 21 3
5 8 4
22 23 4
5 9 6
19 0 1
14 17 4
12 14 1
11 13 4
10 13 5
4 6 7
5 8 6
3 6 1
2 5 2
16 20 5
7 10 7
6 9 5
9 13 2
8 12 2
11 13 3
8 11 1
9 11 3
5 8 2
19 20 4
18 22 3
6 9 7
21 0 5
22 1 3
20 0 1
0 4 7
1 2 1
21 1 4
15 18 1
9 11 6
21 23 7
19 23 5
12 16 3
20 0 5
11 13 6
3 6 4
22 3 5
0 3 5
18 21 2
11 16 7
19 22 7
18 21 2
20 0 7
0 3 5
22 2 4
0 1 1
17 20 4
12 13 2
14 19 6
20 22 6
9 11 5
23 1 1
3 6 2
18 20 7
15 18 3
14 17 3
12 16 6
20 23 1
11 13 1
3 7 3
23 2 3
14 16 5
5 8 2
2 5 7
11 13 3
1 4 5
13 17 6
6 8 2
11 12 3
9 13 5
19 23 4
11 14 1
9 13 3
22 1 5
17 21 2
0 3 2
20 23 5
19 23 6
0 2 7
7 11 3
17 19 3
12 16 5
15 19 5
8 11 1
14 17 5
3 6 4
10 14 2
2 6 6
10 14 6
9 12 2
23 1 1
8 11 1
19 21 1
15 17 3
12 16 4
7 11 3
7 9 7
18 19 6
19 23 5
22 23 6
10 12 1
22 1 6
23 3 6
0 3 1
22 23 1
18 21 2
6 9 5
13 17 4
5 7 5
23 1 2
1 4 3
19 22 1
2 3 5
0 4 4
10 14 1
18 22 2
14 17 1
14 16 3
23 1 4
5 9 2
16 21 4
10 12 2
2 5 6
18 21 3
10 13 6
11 12 1
17 20 6
5 9 5
0 3 7
1 5 6
11 16 4
0 2 4
16 18 6
17 19 2
13 15 7
10 13 6
21 0 1
12 16 1
19 21 3
17 20 1
1 3 6
12 14 4
19 21 2
3 6 4
14 18 4
9 11 1
21 1 2
15 18 2
2 2 7
6 10 7
6 10 7
22 23 2
0 3 2
18 21 5
15 19 6
10 12 3
15 18 5
12 14 3
2 7 3
14 17 2
8 10 5
9 12 5
22 1 6
15 17 3
6 11 2
17 20 2
2 4 6
17 20 4
15 19 5
2 5 5
5 9 3
18 21 5
23 2 1
0 2 1
3 6 1
0 4 3
16 17 4
4 7 2
23 2 3
8 12 6
16 18 4
20 22 2
9 11 4
9 14 1
11 15 7
6 8 3
14 17 3
15 19 4
9 13 1
14 17 6
16 18 2
22 2 2
18 21 4
3 6 5
12 14 3
10 13 4
19 0 1
9 11 1
12 15 2
20 22 3
17 18 1
3 6 4
20 21 3
5 8 4
0 4 1
22 1 5
22 1 1
2 5 4
7 10 1
1 4 5
9 13 2
5 8 6
12 13 4
19 21 4
16 20 5
3 7 3
7 9 5
12 16 5
10 12 6
18 19 2
14 17 5
0 4 3
18 21 3
4 7 4
21 0 5
11 13 4
10 15 3
1 5 1
18 19 2
0 1 3
23 3 4
21 1 3
9 12 7
9 11 3
23 0 1
3 5 2
19 21 1
21 23 3
15 18 5
1 5 6
7 9 7
11 15 6
13 16 4
4 7 4
23 2 4
5 9 7
22 2 4
8 11 1
5 10 1
9 13 6
10 14 1
14 17 7
5 9 5
8 12 4
17 19 3
7 10 5
0 3 6
21 0 5
16 19 6
3 6 1
3 7 7
22 2 7
13 15 1
12 16 2
1 4 6
3 6 4
8 14 1
9 13 4
19 23 3
5 10 4
13 17 4
18 19 7
9 13 2
23 2 5
21 1 3
13 16 2
16 20 3
15 18 4
18 22 3
12 15 1
15 18 7
13 16 3
19 21 6
6 9 1
5 9 4
12 16 7
22 1 1
0 5 6
13 17 2
10 14 6
18 20 3
4 6 7
2 4 7
6 9 5
5 8 5
2 5 4
5 9 4
8 9 2
17 19 3
20 22 6
1 3 4
11 15 4
18 23 3
6 9 5
23 3 3
23 2 2
12 15 2
12 16 4
18 21 3
20 0 5
9 12 5
21 23 5
0 5 2
11 13 6
17 20 4
1 4 2
8 11 5
8 13 7
6 10 4
23 4 5
13 17 1
0 2 1
3 5 1
8 11 3
9 13 7
6 8 4
19 23 3
13 16 2
5 5 7
19 22 7
1 5 2
22 23 1
6 10 7
23 2 5
22 2 6
21 23 5
23 3 4
12 15 3
15 18 1
4 7 6
11 13 4
14 19 1
12 15 2
19 21 6
12 15 5
4 7 4
5 8 7
11 13 2
13 15 5
15 18 6
16 19 2
15 18 3
3 5 3
17 19 7
13 18 4
12 14 1
13 15 3
10 14 1
20 0 4
10 13 4
6 9 6
17 19 6
4 8 7
11 13 6
20 0 7
18 20 5
16 18 7
16 18 7
22 1 2
5 8 1
21 2 1
16 20 7
6 9 6
1 4 3
16 19 1
20 22 5
16 21 7
10 12 4
19 22 3
11 13 1
19 22 5
16 19 2
19 22 3
2 5 6
2 4 3
16 20 2
15 19 7
2 4 1
14 17 1
5 9 6
17 19 7
8 10 6
16 19 7
21 0 4
3 5 7
7 10 6
18 20 3
20 1 4
15 16 4
7 10 1
3 6 2
2 5 3
18 21 2
4 7 2
1 3 2
22 1 7
0 4 7
20 23 1
18 22 3
7 10 7
10 14 6
3 7 2
0 4 5
9 12 1
20 22 3
8 11 5
15 19 6
15 17 5
16 18 4
4 5 5
18 21 6
12 15 7
1 4 6
14 17 7
8 13 6
10 12 7
23 0 3
1 5 2
10 14 5
21 1 4
4 8 2
8 12 3
22 1 3
18 23 1
16 19 2
21 23 1
6 8 3
6 10 2
0 0 5
2 6 5
2 6 1
6 9 2
2 5 6
19 21 7
17 19 7
7 10 4
6 10 6
16 16 5
5 8 7
10 13 2
1 3 3
5 7 2
3 6 7
7 9 1
12 15 1
12 15 3
5 8 7
0 3 5
13 17 7
23 2 2
14 17 1
18 20 7
14 16 5
7 10 1
18 19 6
17 20 6
8 10 1
12 14 3
23 2 1
7 11 3
14 17 6
8 13 2
14 18 5
4 7 1
3 6 5
2 3 4
10 15 7
23 2 4
11 15 4
3 4 7
12 16 5
7 10 2
13 16 2
13 15 2
15 18 3
9 11 6
1 4 5
10 12 5
3 7 4
7 11 5
7 10 3
11 15 1
18 20 2
17 21 6
22 1 1
15 19 2
7 9 2
14 17 2
14 16 6
1 2 5
9 12 5
8 12 3
5 9 3
13 17 3
2 6 2
0 4 3
23 3 7
8 11 2
19 22 5
19 22 2
4 7 7
2 4 5
17 20 6
13 18 3
21 23 4
17 19 1
7 11 5
13 17 5
13 17 6
13 15 7
11 12 7
16 21 7
22 1 4
13 15 1
22 1 4
19 19 4
1 4 6
16 19 1
22 1 4
15 17 5
23 3 4
3 6 4
2 6 5
5 9 2
2 6 7
21 1 2
3 6 4
19 23 5
7 12 5
20 21 6
21 23 7
16 18 5
1 2 6
11 15 6
8 11 4
15 21 5
1 5 5
15 19 4
20 22 1
10 11 7
20 23 7
20 23 6
7 10 1
5 8 6
12 14 6
19 22 1
5 8 6
4 6 6
4 7 3
9 13 6
8 10 6
23 1 7
21 22 4
9 13 5
15 18 5
9 10 2
9 13 3
13 16 5
19 23 5
3 6 4
14 18 7
8 11 5
12 13 7
12 13 3
20 23 1
3 6 7
3 7 6
11 14 2
8 10 7
12 15 1
18 22 6
6 10 3
14 16 3
16 19 1
9 12 3
2 5 1
11 13 1
0 3 4
18 21 5
21 2 2
0 2 7
4 6 1
0 4 6
17 22 5
23 2 5
8 11 1
5 6 4
11 14 1
18 23 5
3 7 5
4 7 5
6 9 3
20 23 6
16 18 2
19 22 2
18 20 3
18 20 3
7 10 1
23 2 7
15 19 6
17 20 1
0 5 5
6 8 4
20 0 7
23 2 1
17 20 2
16 18 4
4 8 1
11 14 2
22 2 1
18 21 4
18 21 3
14 17 3
16 19 1
19 21 2
2 6 4
14 16 7
10 14 4
5 10 1
8 9 7
9 11 2
20 0 2
0 2 5
16 18 3
9 12 5
7 10 1
11 13 4
16 20 1
2 5 2
6 9 3
9 10 1
1 3 4
22 0 7
23 2 4
12 15 5
23 3 4
14 18 6
5 7 1
21 23 5
10 13 5
4 8 1
12 15 2
4 7 5
6 11 4
6 7 7
22 1 4
0 3 6
2 5 1
2 6 3
18 21 2
20 0 5
16 19 1
18 21 1
16 19 5
4 7 4
23 2 6
12 15 5
7 10 1
3 8 1
8 12 4
18 20 2
11 13 1
1 4 1
23 3 1
1 2 3
18 22 7
23 1 7
10 15 1
16 19 6
0 4 1
23 3 3
22 1 6
10 14 4
3 5 4
13 18 7
0 3 6
9 12 6
20 1 2
22 1 5
2 5 5
15 19 6
2 6 7
3 6 5
2 4 2
7 11 2
19 22 5
8 12 2
15 17 5
2 5 1
9 11 6
23 1 5
21 1 3
6 9 7
8 11 6
11 13 2
3 6 6
17 21 3
12 15 3
10 11 6
12 16 7
6 9 3
14 18 3
22 1 3
20 0 1
23 3 2
0 4 4
20 0 5
8 11 3
0 2 3
0 3 5
10 13 6
14 16 4
9 13 7
1 6 4
5 7 4
18 22 4
2 7 5
4 8 3
11 13 6
2 3 7
12 16 7
20 1 7
13 14 6
5 6 7
8 13 3
20 23 3
23 2 3
15 18 4
21 22 5
22 0 7
20 23 3
14 17 5
23 2 6
2 4 3
10 15 7
2 5 3
6 10 2
19 22 3
19 0 7
8 11 6
8 11 3
9 13 3
0 4 3
2 3 4
4 7 6
18 21 6
11 13 3
2 5 2
8 12 6
10 14 1
2 5 6
11 15 1
11 13 1
11 14 7
5 7 4
12 18 4
0 2 2
13 15 4
20 22 2
13 17 3
15 19 1
8 11 6
11 14 7
15 18 1
16 18 2
21 1 5
14 16 1
23 2 3
1 5 3
21 0 6
4 9 1
10 12 7
23 3 7
0 4 1
11 15 5
14 19 2
21 0 6
0 3 7
15 18 2
16 18 4
9 13 1
8 10 5
18 22 1
6 11 6
15 19 6
11 12 7
12 17 7
5 8 5
15 18 1
5 8 6
8 12 1
23 2 1
10 14 1
17 19 6
18 22 7
1 4 6
1 5 3
2 6 4
14 18 1
22 1 7
3 4 5
20 23 3
22 0 1
5 9 5
15 19 2
15 19 1
3 5 5
4 8 5
10 13 4
7 8 3
10 15 7
6 8 5
7 13 2
16 20 2
6 8 1
21 0 7
8 12 1
3 5 4
0 2 7
20 23 5
8 12 3
14 17 7
12 16 7
11 14 2
9 11 6
21 2 2
4 7 3
3 6 1
17 18 2
16 18 6
18 21 5
0 3 7
17 22 5
15 19 5
13 14 4
5 7 4
4 6 3
8 10 6
3 7 6
10 14 6
0 3 3
6 11 7
3 5 6
4 7 7
10 12 2
21 23 1
2 4 3
2 3 7
19 0 1
7 10 3
2 7 5
9 13 7
2 4 1
8 11 7
1 4 5
21 22 6
8 11 6
15 19 5
1 5 5
21 1 5
20 0 4
1 4 5
1 3 6
22 2 2
11 14 7
19 21 2
8 11 5
19 0 5
5 7 2
12 16 6
14 18 1
19 21 4
3 6 5
6 8 4
9 11 6
12 13 6
0 2 6
3 6 1
21 0 7
20 23 5
22 0 5
23 3 1
20 23 3
14 17 2
14 18 1
9 13 7
23 1 3
17 19 7
1 4 2
7 11 7
17 21 4
22 1 1
1 3 5
3 7 7
22 0 5
1 5 6
21 1 2
3 7 1
19 21 4
21 23 3
22 0 7
18 23 3
1 4 3
6 9 5
10 13 4
14 17 5
22 0 6
20 22 3
4 8 2
14 15 6
8 11 2
6 9 1
0 4 5
4 6 3
23 4 5
15 18 7
1 4 4
12 14 7
4 6 1
9 12 2
4 6 6
22 1 7
1 4 3
20 21 2
0 3 2
6 8 6
23 2 4
19 23 4
4 7 2
23 3 5
8 8 4
6 10 4
7 9 3
