1000 11
6 9 5 8 6 9 3 10 7 3 7 
0 2 2
13 17 5
10 13 10
21 0 3
0 4 6
5 7 1
17 20 10
21 22 4
9 12 3
22 2 2
4 8 4
18 20 10
1 5 9
23 4 5
22 1 9
16 16 5
1 4 8
1 3 6
6 9 11
0 3 1
1 4 9
23 1 6
6 10 9
0 5 4
21 1 11
9 12 5
13 15 5
13 16 5
11 13 3
21 21 3
8 10 4
18 21 6
20 23 10
23 1 3
16 19 2
19 21 5
22 0 1
22 2 8
0 3 1
0 4 5
19 22 6
4 8 8
6 9 6
7 11 4
14 16 5
0 2 1
18 20 9
2 6 10
15 18 7
19 23 2
6 10 6
11 15 10
17 20 5
14 17 3
6 9 3
23 2 7
20 22 4
8 10 9
22 1 5
9 12 10
3 6 8
1 6 1
13 14 4
18 22 9
6 10 7
15 19 9
14 15 7
23 3 5
22 0 3
7 9 9
17 20 3
7 8 4
16 19 10
17 19 11
23 2 7
15 19 1
0 5 4
8 12 7
15 18 11
13 16 8
16 20 6
18 20 5
17 21 6
17 19 6
9 12 1
16 19 6
1 4 3
0 3 11
6 7 4
6 8 6
22 3 6
14 17 2
0 2 3
1 3 2
19 22 9
5 7 3
8 11 1
22 23 2
8 12 9
4 7 5
1 2 3
23 2 4
9 13 10
21 0 10
3 7 3
0 3 3
6 9 6
15 18 8
17 21 11
6 9 9
10 12 4
12 15 9
15 17 1
17 20 2
8 10 1
7 10 1
6 10 4
8 10 9
14 18 5
14 17 9
13 16 6
6 9 1
9 11 11
7 12 8
10 13 1
12 14 9
19 23 8
23 2 6
4 7 1
22 0 3
3 7 4
13 16 7
6 8 11
21 0 9
23 2 1
3 7 11
4 7 8
14 18 4
2 5 7
1 4 2
3 6 10
21 23 1
14 17 8
23 1 9
21 21 11
18 21 9
12 15 4
22 23 6
20 22 11
14 15 6
4 10 6
8 12 9
14 16 11
6 10 2
6 9 6
7 9 7
3 7 4
9 12 10
4 7 1
18 20 6
16 17 6
12 17 9
21 23 2
5 9 8
19 23 3
5 6 1
10 13 11
4 7 10
6 9 1
21 0 4
2 6 4
13 16 6
13 17 2
5 8 10
22 2 4
4 7 8
2 4 2
23 3 11
3 6 11
4 8 1
4 9 11
15 18 9
0 4 10
20 22 2
3 6 2
3 6 5
6 7 5
5 9 1
19 21 4
0 2 7
13 17 5
9 13 1
9 10 4
23 1 9
1 4 11
4 5 5
17 18 3
6 9 6
21 23 10
13 15 4
20 23 5
3 7 10
12 15 2
19 21 8
15 19 11
6 9 6
17 21 3
19 22 9
2 5 10
8 11 1
18 20 6
8 11 1
21 0 7
3 7 1
12 15 10
19 23 3
3 7 7
9 12 7
17 19 1
7 11 9
11 16 10
16 19 11
17 19 8
10 12 11
19 22 3
7 12 4
12 16 9
1 4 2
16 21 1
12 14 9
15 18 2
2 6 11
13 15 8
5 10 3
13 16 9
14 18 8
10 14 5
21 0 2
22 1 2
14 16 11
19 23 1
6 8 2
2 6 9
0 5 2
5 8 3
20 22 1
1 4 2
0 5 9
0 2 5
21 1 2
10 12 11
10 12 10
12 14 6
14 18 7
3 6 4
19 23 10
15 18 11
3 6 11
10 13 11
1 3 8
7 12 9
13 17 4
1 4 6
16 20 8
4 9 4
7 10 10
10 14 1
21 0 4
13 15 9
2 5 5
12 17 1
18 20 8
20 0 9
20 23 4
19 22 8
3 7 7
12 14 7
4 6 9
15 17 9
8 11 11
11 14 10
16 19 5
15 18 4
14 17 1
7 9 6
10 12 1
1 4 2
0 4 9
12 14 1
6 8 5
6 10 6
15 17 11
2 4 2
10 12 4
10 11 2
15 19 11
10 14 1
15 17 7
19 22 6
13 16 6
1 5 10
17 21 1
17 22 10
4 8 9
22 0 7
10 14 3
6 9 2
1 5 2
13 15 5
7 10 2
11 12 7
11 15 2
8 10 1
11 16 6
19 21 10
4 8 1
1 4 1
13 16 1
9 12 6
19 20 7
2 6 6
13 17 3
10 14 10
8 11 5
3 5 6
11 16 4
20 23 4
8 11 6
5 6 3
15 18 8
20 22 8
10 13 9
16 20 4
16 18 3
12 15 9
21 1 5
0 2 8
7 10 3
21 0 4
11 14 1
18 22 1
9 12 9
10 11 11
2 5 1
23 2 8
19 23 9
7 10 10
7 12 10
15 18 11
5 8 6
7 10 9
3 6 3
0 3 1
10 14 1
0 3 11
0 6 5
5 8 10
1 3 7
8 9 10
8 11 10
8 10 6
21 0 6
3 6 5
16 19 1
12 15 4
19 23 3
2 5 8
10 13 7
23 2 10
13 15 5
15 16 1
18 21 11
21 0 5
3 8 8
1 3 3
12 14 11
4 6 8
0 3 3
6 9 8
22 3 3
22 0 9
10 14 10
0 4 3
9 11 3
18 21 6
8 10 5
22 3 7
5 8 8
4 5 6
11 14 9
16 19 11
18 22 3
23 2 10
16 19 5
12 14 5
21 1 9
20 0 5
12 16 8
3 7 7
20 2 10
0 3 10
7 10 6
23 2 5
7 10 9
20 23 4
6 10 9
18 21 4
19 22 2
18 20 10
17 22 11
22 0 3
12 14 2
18 21 10
7 11 4
4 9 7
10 14 7
13 16 5
6 9 3
5 9 9
0 3 7
16 20 8
13 16 10
3 7 7
23 2 10
5 8 4
6 10 3
15 19 6
4 7 10
6 11 1
16 20 7
12 14 10
20 23 6
2 4 6
16 18 6
1 3 3
19 20 4
13 14 9
12 16 11
0 2 10
13 18 11
0 3 6
22 1 8
20 1 2
19 22 8
10 13 4
12 15 4
20 22 4
4 8 7
23 2 2
23 2 10
9 14 3
8 13 2
8 10 11
14 18 4
23 1 7
10 15 9
6 8 10
21 0 5
6 8 2
2 5 7
11 13 11
7 10 5
13 16 3
12 13 8
8 10 5
1 4 4
7 12 1
23 2 4
9 12 7
0 4 4
15 19 11
20 0 5
5 7 4
10 14 9
0 4 8
9 13 9
19 22 5
23 2 2
12 14 9
1 4 2
20 1 10
11 12 3
17 20 4
13 15 5
3 7 8
9 12 11
21 2 1
3 6 6
1 4 10
10 14 2
16 18 10
19 22 2
8 12 2
2 7 7
17 22 6
18 20 3
23 2 8
14 17 11
16 18 2
5 9 8
4 5 4
0 3 1
0 4 10
8 11 5
5 7 5
13 17 5
12 15 1
0 0 7
23 2 11
23 1 5
9 12 6
3 7 10
0 4 8
14 18 5
9 12 7
4 7 11
1 4 11
6 9 3
12 15 7
22 0 1
16 21 9
6 7 10
19 20 5
2 3 4
6 10 11
7 9 7
8 10 7
11 15 1
18 19 2
22 1 6
7 10 11
15 18 5
8 12 8
22 2 7
8 9 9
22 2 3
16 18 7
13 15 10
3 6 8
0 4 9
6 9 4
7 9 9
9 12 1
20 22 11
6 8 5
9 13 2
5 8 6
6 8 10
19 21 2
9 12 3
10 14 9
5 9 4
23 1 8
5 9 3
4 7 2
0 1 4
8 10 1
17 19 2
7 10 4
22 0 7
18 20 8
21 0 8
18 21 2
15 18 7
18 21 9
5 9 3
11 14 5
8 9 7
17 21 6
19 23 6
19 22 5
7 7 4
22 0 3
5 8 1
0 3 7
10 12 1
15 16 11
12 16 6
17 20 1
12 16 3
2 4 8
2 5 4
10 13 1
17 21 7
10 13 5
15 19 7
7 11 6
13 18 9
14 17 4
17 20 11
19 22 5
15 16 6
13 17 10
17 21 11
10 14 10
9 12 2
23 1 5
15 20 1
7 10 9
11 13 5
19 0 7
0 3 7
12 14 4
18 20 4
17 19 2
6 8 11
12 14 4
14 17 2
4 6 7
7 10 9
18 22 8
17 20 3
12 15 3
5 7 11
22 0 11
11 13 9
20 23 11
10 14 9
6 9 5
17 21 3
15 18 9
11 14 8
19 21 1
23 1 8
3 8 3
3 6 11
6 9 6
23 3 3
3 7 11
18 20 6
13 17 4
12 15 6
12 14 3
4 8 2
11 13 8
3 5 6
2 5 11
1 6 4
14 16 11
7 10 4
23 3 9
7 11 4
19 23 11
17 20 10
1 5 2
12 14 11
22 0 3
13 15 4
0 4 10
15 18 9
9 12 8
18 21 7
6 10 11
11 12 11
22 0 2
10 13 7
5 7 3
6 10 3
0 3 7
20 2 5
14 17 7
8 10 11
11 16 1
20 23 1
11 13 3
13 15 1
14 18 2
7 9 2
10 13 9
13 17 1
15 17 1
9 9 10
5 8 5
10 11 6
10 12 8
0 3 4
6 9 7
18 20 10
4 7 10
8 12 1
4 8 6
8 9 11
6 10 5
15 18 3
21 23 1
17 20 5
15 18 6
8 11 6
11 16 6
10 15 6
22 1 9
14 17 2
7 10 10
15 17 5
1 4 7
17 21 7
10 15 7
20 0 7
4 7 10
15 17 6
19 22 7
18 22 4
15 18 9
2 5 11
7 11 4
10 13 3
22 1 5
21 2 11
6 9 2
1 3 8
23 1 4
7 11 11
22 1 7
19 22 2
11 14 6
23 1 4
17 21 1
13 16 7
15 19 9
21 1 3
3 6 6
21 0 1
8 12 6
2 6 10
13 17 1
19 22 1
23 3 2
19 22 7
16 20 7
12 13 7
23 2 7
3 6 9
12 15 6
21 1 1
2 7 6
23 2 2
17 21 10
5 9 7
19 23 3
22 0 9
4 8 2
11 14 10
21 23 7
20 23 4
1 3 7
9 13 8
3 6 8
7 11 8
13 15 9
3 7 4
19 22 11
8 10 8
9 13 4
8 12 1
0 3 11
16 17 2
0 2 8
11 13 11
0 4 8
17 20 11
12 15 9
10 14 5
21 0 9
20 0 4
6 10 6
12 16 9
1 4 11
14 18 2
9 11 3
7 10 10
8 11 7
18 19 4
21 0 6
19 22 4
1 5 11
8 10 1
9 11 10
14 16 3
23 1 11
22 1 8
18 20 6
6 9 4
11 14 6
7 12 11
22 0 6
9 11 2
2 4 3
15 19 7
18 21 4
2 4 4
13 15 9
22 1 2
1 5 1
14 16 10
15 20 3
19 22 1
12 15 3
0 3 8
11 14 5
17 19 9
12 16 2
22 23 3
8 11 7
12 16 6
11 16 1
17 19 5
5 8 10
17 22 1
21 23 1
13 17 3
11 15 3
0 4 8
22 2 5
23 2 11
22 0 10
2 6 7
3 4 1
16 20 1
10 13 9
3 6 6
17 21 4
6 8 6
17 19 1
15 19 7
15 17 9
21 23 9
18 22 1
0 2 9
12 15 8
8 11 11
21 23 9
16 19 7
18 20 7
19 0 1
0 2 5
1 3 5
5 9 2
9 11 8
2 5 5
0 4 4
2 4 6
9 12 7
10 12 8
9 10 7
19 21 10
14 17 2
12 14 9
7 9 7
22 1 9
21 23 7
3 6 4
11 13 10
22 0 2
2 4 1
11 14 2
4 7 2
2 4 6
6 11 10
20 23 11
23 1 8
9 13 1
23 0 3
9 11 9
21 1 10
18 22 7
15 19 9
4 7 7
8 11 2
22 2 11
2 5 9
21 0 4
23 1 5
10 12 3
17 21 8
8 11 9
19 20 8
22 1 4
5 8 3
0 3 4
14 18 2
18 21 5
20 22 4
21 1 9
9 12 3
6 9 6
22 23 5
0 3 10
9 12 7
1 5 1
16 19 8
17 19 4
3 8 5
13 16 10
8 11 10
20 0 4
8 11 6
18 22 11
5 8 8
10 14 3
8 10 6
16 20 11
12 16 7
1 3 2
16 19 9
22 0 6
13 15 8
21 0 5
21 1 5
14 16 8
5 9 3
21 23 2
12 17 1
23 2 8
13 16 4
19 21 2
11 16 7
5 6 5
5 9 4
2 4 11
1 4 8
21 22 1
22 23 4
16 18 3
23 2 8
8 11 5
19 21 7
20 23 4
0 3 1
18 21 11
21 0 6
9 11 3
14 17 4
20 23 8
15 17 9
3 7 3
8 12 4
23 4 11
3 4 9
5 8 11
16 20 8
4 8 8
14 17 2
5 8 4
10 12 1
15 20 9
7 11 8
15 18 4
12 15 11
22 1 1
4 6 3
12 14 6
3 5 1
23 4 1
14 19 3
20 1 8
16 20 11
7 11 4
22 0 3
7 12 9
17 20 8
20 23 9
6 10 4
1 4 7
4 8 11
11 14 10
12 14 9
1 3 9
15 17 3
4 8 6
3 7 6
18 19 9
21 0 6
18 19 8
0 2 2
20 22 3
14 15 6
2 6 3
22 2 8
4 6 8
12 16 5
17 20 5
5 7 10
6 8 4
23 2 6
17 20 3
2 5 4
10 11 1
2 6 7
9 11 1
4 8 6
18 21 7
6 9 10
11 15 3
16 19 10
18 21 11
11 16 5
19 20 2
14 17 2
22 2 10
14 19 8
