950 11
1 6 3 10 7 8 1 5 4 10 2 
20 0 8
18 21 2
23 2 9
16 19 11
19 21 2
15 19 11
19 22 11
5 10 10
13 16 11
4 7 9
13 16 3
3 6 10
2 4 9
18 22 10
19 23 2
8 12 1
13 16 11
15 18 6
18 20 2
20 22 3
18 21 5
9 13 11
3 5 5
16 19 5
22 0 9
10 12 1
18 22 5
17 19 2
7 9 8
15 19 4
0 3 8
12 15 2
9 10 5
13 16 4
10 13 8
15 19 6
19 23 11
18 19 1
8 9 5
16 19 2
18 21 11
12 14 1
17 19 7
14 18 7
1 4 2
20 1 5
11 14 3
23 2 7
18 21 5
13 16 5
8 10 9
1 4 11
7 11 1
21 23 8
1 3 6
17 19 5
17 18 7
22 23 4
13 15 9
15 19 7
10 14 5
1 4 7
12 17 4
12 14 1
20 1 4
0 3 2
3 5 1
15 16 6
21 1 8
23 2 9
6 10 10
10 12 6
8 12 5
10 12 3
5 8 5
9 12 10
12 13 9
10 16 2
21 0 8
21 1 9
2 5 11
10 13 9
12 15 3
9 12 8
7 9 11
5 8 2
21 2 1
9 13 1
1 3 10
21 22 9
23 3 2
17 20 3
14 17 1
23 2 11
16 19 1
22 2 11
4 6 11
6 8 6
10 13 7
18 22 4
21 0 6
8 12 1
4 8 6
3 6 6
7 11 9
20 23 5
14 16 11
1 2 1
21 0 2
7 10 1
10 12 8
10 13 5
14 16 11
1 4 7
0 4 7
10 14 9
20 23 1
17 20 4
2 6 3
14 17 6
6 10 5
1 6 2
13 16 2
13 16 9
17 19 9
18 21 9
12 15 11
16 19 4
14 19 5
15 19 10
15 17 4
16 20 4
4 5 4
15 17 9
14 16 7
7 10 3
23 2 10
1 5 3
9 11 6
7 10 10
3 5 2
6 9 11
7 11 5
9 10 2
23 1 6
8 12 9
17 20 11
21 0 1
2 4 1
10 12 7
2 3 9
1 4 8
8 11 1
23 1 2
17 20 8
10 12 4
11 13 1
19 22 7
0 2 10
15 19 11
16 18 10
19 20 4
4 8 8
1 3 10
5 7 4
0 2 1
4 6 5
14 16 3
19 23 8
17 21 7
21 23 9
8 10 9
17 21 10
20 23 10
15 19 5
16 19 6
7 11 7
3 5 1
9 12 9
6 10 11
5 9 7
17 19 2
21 1 3
18 21 7
1 4 8
14 17 8
15 17 2
22 0 4
10 14 4
6 10 8
10 12 8
8 9 10
10 13 6
18 19 4
8 12 2
14 16 6
18 21 3
18 21 10
10 11 1
6 7 4
10 13 11
19 23 2
17 21 4
16 17 6
1 5 4
17 20 3
1 4 1
19 22 6
5 9 5
21 1 4
21 1 3
15 18 6
9 13 9
23 2 11
10 13 6
13 16 9
7 10 4
21 1 10
15 18 1
4 8 8
19 21 9
19 22 11
6 8 4
6 8 5
17 19 10
16 19 6
8 10 4
20 22 11
11 14 3
0 2 11
5 9 4
2 5 8
4 7 7
23 2 6
8 12 7
22 1 3
5 5 1
8 10 3
4 7 1
19 22 5
5 9 4
9 12 8
9 11 9
9 14 4
19 23 8
20 20 4
1 5 1
19 22 3
12 13 1
17 20 1
6 7 1
14 16 9
6 9 2
18 22 2
23 4 7
0 2 7
5 8 3
7 11 9
2 4 7
19 23 7
19 23 3
11 15 9
23 3 11
8 12 3
23 4 4
0 3 1
4 6 9
1 4 4
5 9 5
9 13 8
13 15 9
4 8 3
15 18 1
2 7 1
9 12 10
14 18 11
19 21 7
3 7 4
22 2 2
19 22 8
21 22 9
1 5 2
2 5 11
7 10 5
23 1 4
3 6 2
7 8 2
16 21 9
12 15 4
2 4 2
4 8 8
10 13 5
18 21 3
17 21 8
19 0 11
7 10 2
17 18 8
11 14 9
12 14 9
4 7 8
5 7 3
12 14 9
2 5 2
18 20 6
16 19 7
9 11 1
21 2 7
6 9 11
14 17 7
20 21 5
3 6 4
19 23 9
6 10 3
17 20 2
2 4 1
8 11 6
20 23 11
23 2 2
1 2 3
7 11 9
5 8 2
18 21 5
23 1 9
2 6 5
12 16 9
3 6 9
0 4 3
6 9 5
17 20 11
3 8 10
8 11 5
19 22 8
3 6 1
9 13 3
2 5 8
16 19 9
8 10 8
16 17 2
1 4 5
22 3 6
19 21 5
7 12 5
9 12 9
16 21 9
20 22 5
21 2 10
19 23 3
3 7 8
9 10 11
8 9 8
8 10 7
10 13 5
0 3 1
16 18 8
16 19 9
11 14 6
0 3 4
16 18 5
3 7 10
6 9 1
19 22 5
21 0 2
0 2 8
23 1 5
6 11 5
10 14 3
8 11 10
21 0 2
17 21 4
21 2 5
12 16 11
23 0 2
8 11 10
2 5 8
8 9 9
7 9 5
18 21 10
8 10 2
5 9 1
4 6 7
12 15 10
5 10 1
18 21 3
21 2 9
14 17 8
14 18 7
3 7 3
21 23 10
0 1 2
22 3 11
14 16 3
12 14 5
11 14 8
7 10 3
12 16 11
1 7 5
22 22 9
20 22 5
1 3 6
15 18 8
23 3 10
0 3 11
14 16 3
0 2 5
4 8 5
23 3 9
20 0 1
0 3 4
19 22 6
15 18 7
0 2 9
6 7 9
10 14 11
21 23 9
17 19 6
4 8 10
6 10 8
22 1 10
11 13 10
7 10 5
1 3 8
12 15 9
8 12 9
0 4 4
8 11 11
20 0 2
7 10 7
16 19 5
8 12 9
21 1 8
9 13 8
13 16 11
8 11 10
23 1 8
12 15 8
15 18 4
13 15 11
7 11 7
7 9 4
8 11 11
3 6 9
20 1 9
2 5 10
2 5 7
7 10 11
3 7 9
11 13 8
4 7 1
11 15 2
12 15 5
16 19 10
1 5 5
20 21 8
17 20 9
9 11 2
21 2 9
17 20 7
9 11 1
10 13 10
5 7 3
3 6 4
19 23 3
5 9 11
14 19 9
4 5 8
11 14 7
20 0 7
8 12 8
23 2 9
9 13 5
7 9 7
22 1 4
8 8 5
0 3 10
13 15 1
16 20 6
23 1 2
23 0 4
18 21 7
8 12 5
4 6 7
8 10 6
22 2 8
18 20 1
14 16 1
16 20 7
3 5 6
8 11 1
7 11 3
22 1 8
23 3 1
13 16 5
13 18 2
9 13 8
11 14 4
0 2 7
13 15 2
14 18 8
22 1 7
8 10 4
18 22 2
13 17 10
8 11 11
9 12 6
11 16 8
3 5 8
1 4 6
20 21 11
18 22 4
12 15 4
2 3 7
0 3 6
13 15 7
12 14 8
23 3 2
11 14 6
16 20 10
22 1 6
8 11 11
6 9 9
16 19 8
17 21 8
3 5 9
0 5 3
19 21 7
15 17 8
4 6 8
8 12 6
23 1 5
14 17 10
1 4 5
8 11 1
14 16 4
4 5 11
14 17 1
15 17 2
6 9 9
18 22 11
17 19 4
5 9 8
5 8 1
8 12 10
10 13 4
18 20 5
3 6 6
4 8 5
4 7 6
9 12 3
11 13 9
11 14 2
22 23 6
17 19 8
18 22 11
13 15 3
15 17 11
14 16 7
12 14 2
19 22 3
16 20 3
14 17 10
8 10 6
0 3 4
1 2 5
23 3 8
22 0 10
3 8 1
0 2 8
17 21 8
23 2 11
3 6 5
7 9 11
17 20 4
2 5 1
9 11 8
21 23 11
9 11 5
7 10 7
22 2 6
11 15 3
19 21 11
21 23 10
0 4 5
12 14 11
2 5 1
18 21 2
17 20 6
1 3 5
23 0 2
1 5 7
7 10 11
17 21 11
4 6 10
7 11 1
23 2 6
22 2 7
1 5 8
15 18 6
4 7 9
16 19 6
19 20 10
21 23 10
3 6 5
12 14 3
12 16 4
19 23 6
23 3 5
8 10 4
17 21 6
23 1 4
7 9 6
3 6 10
14 18 6
17 21 10
13 14 11
18 20 4
3 8 9
13 15 9
15 17 8
5 8 1
15 18 9
5 8 4
13 16 11
7 9 4
8 10 7
7 11 1
23 3 3
19 21 10
23 2 11
2 6 2
15 17 6
21 0 7
2 6 8
6 9 2
3 4 1
15 19 6
4 6 9
18 23 11
9 12 5
21 23 3
7 9 7
11 15 9
19 22 4
9 10 1
5 8 3
18 20 7
7 9 3
9 12 5
13 16 11
20 1 11
10 11 11
18 20 9
19 23 11
0 3 5
16 20 4
1 4 8
14 19 1
5 8 9
3 6 3
2 5 8
7 10 2
17 20 6
10 12 10
22 1 9
4 6 4
20 23 6
15 18 5
23 3 5
8 11 4
6 8 9
14 18 1
19 22 10
15 17 5
4 6 11
22 23 2
20 21 11
4 5 10
20 22 3
23 3 2
5 9 8
10 14 1
23 1 9
11 14 2
14 16 3
9 11 3
5 7 7
23 2 9
10 13 5
1 4 4
16 21 4
13 16 1
4 6 11
9 13 11
16 18 5
18 21 9
23 2 4
20 0 5
19 22 5
8 11 6
10 15 8
11 15 1
6 9 7
0 3 5
4 5 4
8 11 10
11 16 8
22 1 8
0 3 6
21 23 3
1 6 8
8 12 4
8 11 5
10 13 8
5 5 7
8 11 10
14 16 2
4 6 10
16 18 8
1 4 10
22 0 8
7 10 7
17 19 10
8 12 8
1 3 2
4 6 4
13 16 10
2 5 2
19 0 5
15 17 3
3 5 3
12 16 6
4 8 4
12 15 4
16 20 10
17 21 11
13 16 2
21 1 1
18 21 7
16 19 6
8 10 3
3 4 3
4 6 9
13 16 8
22 1 1
11 15 10
16 20 5
9 12 2
17 20 2
2 5 3
8 10 1
21 23 8
8 12 11
14 17 4
13 14 6
8 13 1
13 14 4
12 15 5
11 15 3
17 20 2
11 14 6
2 4 4
5 10 8
10 13 4
18 22 4
0 3 11
19 21 3
15 19 11
19 23 2
13 15 1
10 12 4
9 12 5
23 1 1
9 11 7
5 9 3
8 9 9
23 2 6
5 6 7
0 4 2
7 11 5
3 6 3
1 4 7
1 5 5
13 15 3
6 9 3
3 7 8
21 1 7
6 11 9
1 5 9
7 10 10
23 2 6
1 3 8
8 10 2
23 2 2
6 8 7
10 16 10
5 7 8
11 14 3
3 7 10
22 1 7
18 21 2
20 23 9
15 17 7
14 18 1
5 9 9
16 19 3
0 2 9
17 18 10
14 16 8
16 17 5
14 18 2
16 20 2
19 21 6
3 7 3
19 21 6
2 5 9
10 14 2
19 22 5
20 0 11
5 8 8
6 8 2
1 4 9
6 11 5
22 1 1
11 14 3
17 19 9
4 6 7
22 1 5
0 4 10
5 8 2
19 22 9
13 17 11
17 19 7
8 12 11
2 4 11
1 3 8
2 6 9
23 3 9
6 9 11
10 14 2
22 3 9
7 11 6
5 9 6
15 19 1
15 19 3
14 17 9
5 10 6
10 13 6
12 16 3
23 2 6
19 20 2
20 1 9
19 20 6
2 6 6
7 7 3
22 1 10
2 5 5
15 19 6
16 20 7
0 3 8
9 12 11
0 4 9
18 21 11
8 11 10
13 15 9
5 8 8
4 9 2
9 14 9
5 8 4
22 2 2
12 17 2
8 12 8
19 21 9
20 21 9
7 9 8
0 2 10
6 11 2
18 22 7
4 7 11
4 5 4
3 5 9
17 19 7
2 6 6
15 19 11
18 20 9
17 20 4
1 5 2
3 4 4
20 0 9
15 19 2
23 1 10
9 12 6
7 10 1
5 7 5
15 18 1
5 9 11
4 6 1
21 1 10
0 5 1
11 15 7
9 10 6
3 5 11
6 10 3
15 18 4
20 21 11
9 11 6
9 11 1
1 5 6
12 16 1
3 8 6
6 9 8
11 15 8
2 5 2
19 0 1
19 21 4
3 6 7
7 10 8
7 10 6
8 11 10
10 13 8
17 20 2
10 11 11
19 23 4
11 14 5
19 23 11
14 17 11
20 23 6
2 6 7
0 3 5
20 0 5
3 4 4
17 21 2
23 1 4
11 15 3
10 12 6
19 22 7
16 18 11
9 12 10
14 16 7
7 11 4
5 8 6
12 17 10
8 12 2
7 12 6
22 2 8
3 7 5
5 8 3
3 6 2
6 9 2
2 2 7
7 11 5
8 10 6
