900 10
1 4 7 8 1 1 8 9 9 9 
15 19 4
15 18 9
13 14 10
8 11 10
17 20 6
17 22 8
17 19 7
19 22 1
9 11 10
12 15 8
7 9 8
11 14 8
1 6 2
11 13 8
10 15 9
16 17 3
8 11 6
3 8 6
1 3 9
18 20 5
18 21 2
22 1 2
13 19 2
21 1 9
2 5 6
11 13 10
23 1 4
15 18 5
17 19 1
4 8 9
14 17 2
23 2 4
12 15 10
13 16 4
22 1 6
0 2 5
8 11 7
5 9 3
15 18 10
20 1 8
8 11 4
7 12 8
5 8 4
8 10 10
9 12 2
18 20 1
19 23 5
2 7 1
8 11 9
14 18 1
21 1 1
9 11 1
1 3 1
18 20 10
12 14 1
16 21 4
21 1 4
15 18 1
12 15 2
14 15 6
13 15 5
14 16 4
13 14 7
0 4 2
20 0 8
13 16 10
8 12 2
4 9 10
4 7 3
4 7 1
13 14 2
2 5 4
23 4 1
19 23 9
2 3 10
7 10 9
10 13 2
14 17 9
15 19 3
16 19 1
2 4 7
5 7 2
15 17 1
15 21 6
21 0 4
7 11 2
17 21 4
18 21 10
22 1 7
0 3 4
3 6 9
17 20 4
1 3 5
5 8 1
2 5 2
6 7 1
8 11 8
6 10 10
22 2 9
11 14 1
9 11 10
23 2 1
2 6 2
13 16 2
23 2 3
1 4 2
14 18 10
4 8 8
18 21 8
18 20 9
15 19 5
14 17 2
22 2 5
12 16 3
10 15 2
15 18 4
6 9 7
12 14 1
18 22 6
7 11 4
20 23 3
19 0 6
16 20 3
14 16 10
14 17 7
8 13 7
11 15 5
1 5 5
3 4 5
22 1 3
12 16 5
14 18 2
4 7 9
4 7 8
22 1 9
16 18 2
9 12 2
9 12 8
12 15 1
20 23 5
2 5 3
5 6 7
22 1 4
23 2 10
20 23 10
17 18 10
15 20 10
7 11 9
16 20 10
8 11 6
12 13 3
11 12 7
20 23 4
19 21 5
14 16 8
0 2 7
2 7 9
22 1 10
14 18 3
1 5 6
2 4 7
17 19 8
7 10 7
12 14 6
8 10 7
16 17 8
16 18 8
3 5 7
0 3 5
11 14 5
8 13 4
12 15 10
1 4 10
17 21 5
9 12 6
1 3 8
22 1 9
8 11 4
20 0 8
11 13 7
0 3 6
0 5 8
21 0 2
14 17 5
7 10 3
7 8 8
2 4 5
11 14 1
22 2 8
13 14 5
10 14 6
4 8 3
0 2 9
8 12 1
3 4 1
20 23 10
6 7 2
7 11 7
1 4 2
22 1 2
7 8 6
4 7 3
8 12 8
14 17 10
10 14 2
2 4 2
18 22 10
9 11 4
8 11 9
15 19 8
11 15 1
22 3 1
19 0 8
6 8 9
12 16 6
9 12 3
22 2 6
20 0 7
3 6 7
18 22 1
16 20 5
13 15 1
20 23 7
19 22 9
20 0 10
5 7 1
3 6 4
15 17 5
18 21 4
14 18 6
13 14 8
9 12 3
15 16 9
1 3 2
21 23 10
23 2 5
23 2 6
6 8 10
7 9 3
19 21 6
13 15 8
22 2 5
5 7 4
11 14 1
20 22 4
16 20 1
18 21 2
15 18 3
20 23 3
15 17 1
23 3 9
22 1 7
19 23 8
15 19 5
12 14 8
0 3 5
12 15 7
17 21 5
8 11 8
2 5 4
13 15 3
6 10 10
4 7 8
21 0 7
10 13 6
4 7 6
21 23 4
15 17 7
6 9 1
20 21 6
12 17 10
7 10 8
16 18 6
15 17 8
17 20 8
19 22 2
23 3 7
18 22 7
4 7 6
22 0 5
5 7 6
1 5 5
4 7 7
16 18 4
14 16 4
20 0 4
16 19 9
21 1 8
7 10 10
16 19 1
14 18 6
1 5 5
4 8 5
18 21 7
3 5 4
6 10 10
0 5 6
19 22 7
20 0 2
2 4 8
7 8 10
3 6 6
17 19 7
15 19 9
18 21 10
18 21 7
11 13 6
7 11 5
17 20 1
9 12 3
7 11 10
17 20 3
17 20 4
23 2 7
18 20 7
5 9 2
5 8 7
6 7 8
7 9 9
20 22 1
23 3 5
3 6 4
11 13 3
23 3 8
3 6 2
16 21 2
1 4 4
10 13 5
2 6 4
6 9 3
2 5 7
14 16 3
9 14 9
23 2 3
18 22 4
14 17 1
2 6 4
22 1 4
13 16 5
3 5 7
13 16 9
12 16 3
3 4 6
23 2 6
20 0 7
15 18 5
20 22 8
9 11 6
15 20 6
5 8 10
10 14 5
6 9 10
11 15 10
19 20 10
14 17 9
21 1 3
23 3 10
17 21 9
19 20 3
11 13 2
9 12 7
23 2 1
16 18 9
10 13 9
17 19 10
16 18 4
6 9 3
11 15 10
2 4 2
16 20 8
16 19 9
17 20 1
12 16 9
14 16 3
8 12 1
0 5 1
19 23 2
12 16 9
10 12 10
11 12 3
5 7 7
9 11 1
7 9 3
6 10 8
22 23 10
4 8 7
4 6 3
23 2 1
14 16 2
18 21 6
9 13 3
23 4 1
10 13 2
8 12 10
14 18 3
10 11 9
19 21 4
22 0 5
3 6 6
10 14 3
21 2 6
2 4 3
17 20 7
6 9 8
2 5 8
18 22 9
14 15 1
0 1 7
12 14 2
8 12 1
5 11 8
1 3 10
11 15 2
19 22 6
12 14 2
12 16 3
12 14 2
14 18 4
10 13 2
13 15 6
7 11 7
17 21 4
20 0 9
13 15 6
2 4 8
23 3 1
10 13 4
13 16 4
20 1 5
12 17 1
17 21 5
4 6 2
6 8 6
22 2 3
0 2 8
18 21 10
15 17 5
14 17 7
2 5 5
9 12 6
4 6 4
7 11 5
2 4 5
21 1 9
21 0 2
18 20 6
20 22 5
15 18 9
14 15 1
14 18 7
17 20 7
21 22 8
3 5 5
4 6 8
10 14 10
21 23 5
15 19 3
23 2 5
3 5 10
11 15 2
1 4 6
5 7 1
18 19 9
8 10 5
6 8 5
17 20 10
22 23 4
16 19 2
9 10 2
6 9 4
20 21 6
6 6 5
4 9 7
14 18 3
15 17 4
13 15 7
4 8 10
17 19 5
3 5 8
12 16 8
12 14 7
13 15 3
10 11 2
19 22 6
0 2 3
21 23 6
17 20 5
3 4 2
1 4 9
3 7 8
8 11 9
15 19 6
3 6 2
16 17 10
7 10 3
15 19 10
8 12 1
4 7 10
4 8 9
11 14 3
3 5 4
5 9 2
12 16 1
14 16 5
3 5 9
21 0 7
0 2 9
2 6 5
21 23 2
5 10 10
20 1 9
11 13 2
15 18 3
11 13 1
6 10 1
16 18 4
22 2 1
23 3 2
1 5 3
15 18 1
6 9 7
17 20 6
10 14 8
5 7 5
23 1 6
22 1 8
19 22 9
6 8 9
12 15 7
21 0 8
4 6 2
15 19 7
20 23 5
6 9 7
1 2 6
17 20 4
7 9 6
8 11 9
19 22 10
20 0 4
18 20 5
20 23 3
18 22 2
13 15 4
13 18 10
10 12 6
6 8 1
19 22 5
20 0 7
19 21 3
6 9 9
22 1 9
7 11 5
21 0 4
19 21 1
3 7 9
9 11 2
15 20 2
9 13 9
9 12 10
10 15 2
15 19 4
0 3 4
18 21 5
0 3 2
8 11 3
17 19 8
22 1 10
1 4 2
5 8 10
21 0 1
8 13 3
3 6 5
9 12 2
22 0 10
20 23 5
9 11 1
12 15 2
20 21 9
12 16 1
5 9 5
20 23 7
13 17 8
9 13 5
4 8 9
17 20 3
0 3 9
0 3 6
22 0 2
5 7 2
16 19 2
11 15 5
20 23 6
12 16 10
15 16 8
11 14 9
14 17 3
15 18 3
21 22 6
21 0 8
23 3 7
13 17 8
0 4 3
4 8 6
20 21 6
6 9 3
14 16 6
5 9 10
21 23 1
3 5 8
19 22 6
21 22 2
4 7 8
2 4 2
21 0 3
7 9 9
19 21 7
12 15 8
13 15 4
14 19 10
4 8 4
11 13 5
16 18 4
7 12 10
2 4 9
17 20 5
2 5 10
14 19 8
6 9 9
18 23 6
10 14 3
13 15 6
7 10 2
16 18 8
23 1 1
6 9 7
17 20 7
22 0 5
1 5 6
22 23 3
19 22 3
17 19 8
12 15 4
23 0 1
13 17 6
20 23 2
9 12 7
8 13 6
4 8 1
12 15 10
6 11 10
0 2 7
15 18 8
0 4 3
2 5 4
4 7 6
11 16 4
7 9 3
23 3 6
2 5 4
23 1 3
4 7 6
5 7 6
10 13 3
8 11 2
7 12 6
7 10 3
0 4 1
0 4 10
17 19 7
10 11 9
6 9 7
1 6 7
2 6 9
11 14 8
11 13 10
13 16 1
16 19 10
21 1 6
0 3 1
14 15 8
17 19 10
18 22 9
23 2 4
12 15 6
15 18 8
10 13 4
10 14 6
20 0 1
12 15 7
9 12 10
11 13 8
15 20 2
19 21 1
6 8 5
2 6 10
13 16 5
14 16 2
13 19 5
10 13 4
3 6 3
9 13 5
4 8 10
2 5 2
21 23 10
12 14 2
13 17 1
18 19 8
1 2 1
23 2 1
11 15 2
2 7 3
2 5 2
23 3 2
16 20 4
9 12 8
9 13 7
22 1 8
12 16 1
20 22 6
16 20 2
18 23 7
2 5 7
18 19 10
14 17 2
16 19 1
9 13 8
1 4 3
4 9 9
15 20 1
13 16 3
1 3 1
0 3 8
4 6 6
13 16 1
0 3 9
16 19 2
2 6 2
18 22 8
2 4 1
1 4 4
17 18 2
23 2 3
4 7 5
1 2 10
6 9 2
19 22 1
6 10 5
13 17 1
19 20 9
5 7 10
18 21 8
15 18 1
6 9 7
6 9 4
14 17 5
1 4 5
19 0 4
14 17 6
8 12 10
15 16 1
16 19 7
8 12 2
8 12 6
5 6 5
3 6 9
9 14 2
22 2 7
21 1 1
13 15 7
15 19 10
20 0 4
12 14 8
10 14 10
1 5 10
19 20 2
5 7 2
17 20 6
23 1 2
3 5 4
6 10 3
2 5 3
0 2 6
17 19 7
2 6 7
3 4 1
23 1 7
13 16 4
11 14 5
6 7 9
17 21 5
11 14 7
23 3 2
1 3 3
10 13 3
10 15 6
8 11 10
4 6 2
12 15 2
17 19 9
2 5 3
5 11 5
19 21 10
6 9 10
0 4 10
22 23 8
0 2 2
5 8 7
16 19 2
11 13 7
4 6 9
8 11 1
20 23 5
0 1 5
18 21 2
14 16 10
16 20 9
22 1 6
17 21 9
12 13 5
8 11 5
23 2 7
9 11 9
6 9 4
10 15 2
23 3 4
12 14 8
12 15 4
0 3 4
15 19 3
8 12 1
13 16 1
0 4 6
8 11 3
4 7 8
8 11 2
17 20 8
9 13 2
7 9 8
10 14 8
15 19 3
0 3 5
13 14 6
20 0 2
20 0 2
3 8 3
7 9 6
1 3 3
7 11 8
12 16 8
0 4 10
15 19 7
11 14 2
16 18 7
9 9 1
5 10 3
23 23 2
5 7 6
23 4 4
13 16 4
14 18 2
19 20 1
23 3 5
13 14 9
19 22 9
4 9 2
12 15 1
23 2 6
23 1 2
13 16 1
1 4 9
2 4 6
4 8 6
17 19 9
20 23 7
5 8 2
18 22 3
2 5 4
10 10 1
8 11 9
7 10 3
19 22 8
1 3 6
17 20 9
0 5 4
23 2 2
15 18 3
18 22 9
9 13 10
1 4 3
1 3 8
17 18 7
5 8 10
2 6 9
0 5 6
2 5 6
3 6 2
3 7 8
7 11 8
12 16 1
