850 10
3 7 5 7 5 7 10 8 8 5 
6 7 7
17 21 5
21 0 6
2 5 3
6 9 10
12 16 4
0 2 6
15 18 2
21 23 4
3 7 6
18 20 9
16 21 10
5 8 3
12 15 6
1 4 1
12 14 4
23 2 10
12 15 3
2 6 6
9 13 5
14 17 8
11 14 8
10 11 9
6 9 7
7 10 7
15 19 2
9 12 6
19 21 5
15 18 4
21 0 8
6 8 7
6 10 2
10 11 9
0 2 4
2 6 3
23 2 7
13 17 6
13 17 9
5 8 3
14 16 5
6 10 7
7 8 5
14 17 1
5 10 10
7 12 2
17 19 9
12 15 7
23 3 9
2 5 5
1 6 2
22 1 1
22 23 2
23 2 2
16 19 7
14 16 8
11 13 2
21 0 8
3 8 3
15 19 7
13 17 8
10 14 7
14 17 3
17 20 5
13 16 10
16 20 7
22 1 3
12 15 9
23 2 7
2 3 5
3 6 10
16 17 6
8 12 7
14 17 7
11 14 8
23 1 4
23 2 5
2 5 6
22 0 1
1 4 5
19 22 1
5 7 9
20 23 4
15 18 4
11 14 2
10 14 9
4 8 4
2 5 8
2 5 7
0 4 8
16 19 3
5 8 6
22 2 8
7 10 6
2 4 3
21 23 7
19 23 6
18 22 9
1 5 2
2 6 6
4 7 9
4 6 7
18 20 2
9 11 9
23 3 4
11 13 9
0 1 1
15 19 8
15 18 9
2 4 10
6 8 10
23 2 2
8 11 6
2 4 4
13 16 6
23 3 10
22 1 1
7 12 6
18 20 3
18 21 5
17 21 1
23 1 4
10 14 6
5 7 5
20 22 10
2 6 6
16 19 4
14 15 10
5 8 1
15 18 8
23 3 1
23 2 9
12 14 3
19 21 3
8 11 4
0 5 3
14 17 6
18 20 9
22 0 4
6 9 5
15 18 1
5 7 9
9 12 10
0 3 7
10 12 4
18 20 7
23 2 10
7 8 4
11 14 10
5 8 5
14 17 1
23 2 6
22 0 8
22 1 1
4 6 10
6 10 10
23 2 10
12 15 7
13 15 1
14 15 1
11 14 5
22 1 9
7 10 4
6 8 2
15 18 2
22 1 5
23 2 6
15 20 9
8 11 6
16 20 10
20 23 4
22 0 7
18 22 3
22 3 1
5 7 6
0 3 7
17 19 8
13 15 4
9 13 6
20 0 5
14 16 7
11 15 3
7 11 4
17 20 3
10 11 4
2 5 9
7 9 3
1 3 1
6 9 4
1 4 8
20 0 7
9 12 7
20 23 3
20 23 2
10 12 8
12 16 10
10 13 7
9 14 9
7 9 5
18 22 10
12 15 8
20 23 3
10 13 7
23 1 1
5 8 6
14 17 4
18 21 5
13 17 10
19 21 5
10 11 4
23 3 7
4 6 3
0 3 5
7 11 6
15 17 1
5 9 4
20 22 10
7 10 6
0 2 4
22 3 10
17 20 2
23 3 9
20 22 4
10 12 6
17 20 7
17 21 6
20 0 2
20 22 8
19 20 2
6 10 8
0 3 2
14 17 3
22 1 9
23 2 10
9 11 3
4 8 4
14 17 9
12 15 4
14 17 10
21 1 7
6 9 5
2 4 3
2 3 2
21 1 8
5 8 5
18 19 2
14 18 3
8 10 10
10 13 10
16 21 9
8 11 7
11 14 6
21 1 8
15 20 6
21 23 1
19 23 2
9 13 10
4 5 8
7 10 10
1 5 5
8 11 5
13 16 3
11 13 3
13 18 9
17 21 4
2 5 1
19 1 4
10 14 4
15 18 3
10 13 7
13 16 9
14 16 8
5 9 4
17 20 4
6 8 7
15 18 3
21 0 6
9 13 4
11 13 7
22 2 6
13 15 10
4 7 9
1 5 7
21 0 7
23 2 5
12 16 1
3 6 3
19 21 6
16 18 7
20 23 5
16 19 1
1 4 5
10 12 9
14 16 2
5 9 8
23 2 7
19 21 3
1 4 8
13 16 8
15 19 7
12 12 9
1 3 4
8 10 4
22 1 2
9 12 2
13 16 5
20 0 5
7 9 6
11 16 8
20 22 4
18 20 5
0 4 4
12 16 10
5 8 8
2 5 3
5 8 8
15 18 6
17 20 9
22 0 1
22 1 5
7 9 3
18 21 1
9 13 4
22 4 6
18 20 5
16 21 1
9 13 6
18 19 3
7 10 4
6 8 2
10 12 1
17 19 10
7 9 6
19 22 7
13 17 9
11 13 1
16 20 8
2 5 2
23 4 1
0 2 2
4 8 3
9 13 10
18 20 1
4 8 4
18 20 8
23 3 4
8 11 9
1 2 8
18 21 1
4 7 3
20 23 8
23 2 10
9 12 6
13 17 10
0 4 3
16 19 3
10 14 5
13 16 3
12 14 2
7 11 2
22 1 7
1 4 2
8 13 8
10 15 3
8 12 3
13 17 8
19 22 7
15 17 2
20 0 4
2 5 5
18 19 6
6 8 3
20 0 5
20 2 8
1 5 10
21 0 8
20 23 9
0 5 3
3 4 2
18 23 9
8 11 9
1 3 1
3 6 6
9 9 10
23 2 6
15 17 9
8 10 6
14 17 6
7 10 6
13 16 7
19 22 6
18 22 2
15 19 2
19 23 4
14 16 3
16 20 3
21 23 5
22 2 2
10 13 7
4 7 8
5 9 9
7 11 3
6 9 10
7 11 2
22 0 2
11 14 8
20 23 7
22 1 2
5 7 6
21 22 1
9 11 6
22 2 10
18 20 7
20 23 4
18 20 2
19 23 3
5 9 9
21 1 10
0 2 6
12 15 7
12 15 1
8 11 6
21 0 1
22 2 1
12 15 7
12 14 5
16 20 2
9 13 2
9 13 9
12 15 3
2 4 3
11 14 4
13 17 7
22 1 9
11 16 10
12 16 4
0 3 10
5 9 6
2 6 8
5 8 2
0 3 3
0 4 6
2 5 1
12 15 9
23 3 2
9 12 8
15 17 10
4 6 10
5 8 1
7 10 3
18 20 7
9 13 2
19 22 9
22 2 2
11 14 2
9 13 3
11 13 3
1 3 10
2 5 7
7 12 8
23 3 4
13 16 7
15 19 1
12 15 3
3 6 2
10 13 7
23 1 7
6 9 2
10 12 4
5 6 5
15 18 4
22 23 10
12 14 8
10 14 10
13 17 6
18 18 10
13 16 7
9 12 3
22 0 8
19 22 10
23 1 9
21 0 5
9 13 10
9 10 9
21 23 5
21 0 4
16 19 9
3 7 9
23 3 6
1 3 8
12 15 1
22 2 1
2 7 10
18 21 3
7 11 6
21 23 1
18 22 5
5 8 5
12 17 9
19 22 7
14 17 10
10 13 6
3 4 9
10 13 7
12 14 9
9 11 4
2 4 6
14 18 3
6 7 10
8 12 9
2 7 9
17 20 4
7 9 9
21 1 8
8 11 6
14 17 7
17 20 10
16 19 10
13 14 6
21 23 5
0 6 4
21 0 9
17 20 6
16 22 5
5 5 2
13 16 4
11 15 9
20 0 2
20 23 4
20 23 6
13 17 10
4 5 8
17 20 5
10 12 3
5 8 7
9 12 2
5 8 6
2 5 10
18 21 6
0 3 8
19 21 7
7 9 8
11 14 4
16 20 4
17 19 4
12 15 4
15 18 6
9 12 3
16 19 2
22 0 6
2 6 10
14 18 10
15 20 1
2 5 2
0 4 6
1 5 10
17 18 6
11 14 10
18 21 1
11 13 5
11 15 10
8 11 10
13 19 8
7 10 4
8 13 2
18 21 6
11 13 10
13 15 9
16 19 7
3 6 8
16 19 3
12 14 1
8 10 8
8 11 5
8 11 10
7 10 2
23 1 1
14 17 8
23 2 7
11 17 2
15 18 10
21 22 6
13 15 9
3 6 8
5 8 8
13 16 2
9 14 7
1 4 7
4 7 7
4 7 4
20 22 3
23 3 3
22 0 2
22 0 1
13 15 6
16 18 2
7 10 2
10 14 6
3 4 2
3 5 5
18 22 7
14 16 8
7 12 8
16 18 6
22 0 10
21 23 4
22 0 3
4 8 4
20 23 4
23 3 7
0 2 8
1 3 3
10 14 5
23 3 5
20 0 7
20 1 5
7 9 6
0 3 7
22 0 6
23 3 10
21 1 8
2 6 3
5 7 2
21 0 1
19 21 9
6 9 2
3 5 9
8 11 5
3 6 10
20 23 6
12 14 6
19 22 8
10 12 5
17 20 5
16 18 5
22 1 10
13 14 8
1 3 3
1 5 2
21 0 1
13 18 7
15 17 3
0 5 8
13 15 8
20 23 2
2 6 6
8 11 7
7 11 9
0 4 9
15 17 2
23 3 7
9 14 7
14 17 3
21 0 8
12 15 7
9 12 5
13 15 4
18 20 1
19 20 1
21 1 8
3 5 10
19 22 5
11 14 2
18 18 2
20 23 6
1 3 7
23 4 10
5 8 7
7 8 9
11 14 9
16 18 4
9 14 1
7 12 9
7 10 6
10 13 7
11 14 3
3 7 1
18 18 10
9 13 4
1 3 4
15 17 4
13 16 6
3 5 10
1 4 8
10 14 9
14 17 1
18 21 6
15 18 4
16 18 10
21 0 2
15 17 2
21 0 5
0 2 10
11 14 6
5 7 3
18 22 7
9 10 8
8 10 4
6 8 9
22 1 2
10 13 2
12 16 8
13 16 9
10 11 10
5 10 1
12 17 7
13 15 9
11 14 2
10 13 5
18 19 8
10 14 7
3 7 8
14 17 2
15 20 9
7 12 5
15 17 3
8 12 6
8 10 8
10 13 6
11 12 5
0 4 6
20 21 4
13 16 8
8 11 7
5 8 3
4 6 7
1 3 8
12 15 2
10 13 10
6 11 7
1 4 9
5 7 10
21 1 9
15 18 3
6 10 2
2 5 3
9 12 5
13 16 10
3 4 6
18 22 5
18 21 3
11 15 9
2 5 4
13 16 6
22 23 8
9 12 10
19 22 7
0 2 10
15 17 9
14 17 4
22 3 10
0 1 9
20 22 10
14 20 7
4 8 4
0 2 6
9 11 6
4 8 10
10 13 2
14 17 8
14 17 1
2 5 3
2 4 2
20 23 9
5 8 10
11 14 6
5 9 9
22 1 3
9 12 10
23 1 9
13 16 3
4 8 8
19 22 3
21 23 5
11 13 7
11 14 8
10 14 3
13 16 6
9 11 3
6 10 8
11 14 1
20 22 5
10 13 8
15 17 8
18 20 2
6 8 5
0 4 5
11 15 5
8 10 5
21 1 3
16 19 10
9 12 1
21 1 7
14 17 9
3 7 5
19 23 7
8 11 7
16 21 4
17 19 4
10 13 1
0 2 8
3 7 3
10 15 6
11 15 3
14 17 5
23 3 10
6 9 7
11 14 1
23 1 8
21 1 9
9 12 2
6 10 8
8 12 2
11 13 6
9 12 5
21 23 2
9 12 5
0 2 8
22 2 2
15 18 3
10 13 2
14 17 9
13 16 6
9 11 8
12 15 5
1 3 2
23 3 7
3 7 1
19 21 7
18 20 1
9 11 1
9 12 4
22 0 8
21 1 7
23 1 4
16 21 6
7 10 1
17 19 5
20 0 9
5 7 4
8 11 9
0 3 3
17 19 1
19 21 5
3 6 8
13 17 3
11 15 4
1 4 10
7 11 9
8 10 1
9 11 1
