500 4
1 4 6 7 
22 1 3
5 7 2
16 19 1
3 7 4
9 12 1
3 5 1
4 8 2
7 9 4
14 17 3
3 7 4
11 14 1
7 10 2
15 18 3
2 5 4
23 3 3
13 17 3
6 11 1
11 15 2
3 7 2
14 17 1
16 19 1
23 4 2
0 2 3
5 8 4
3 8 2
15 18 1
22 0 3
21 1 1
11 13 4
1 4 4
1 5 3
10 14 1
13 16 4
8 10 4
10 13 2
14 16 1
10 12 3
9 12 1
9 13 1
10 14 4
0 3 4
8 10 2
22 1 3
19 22 2
11 12 1
14 18 4
9 11 2
16 20 3
10 14 3
2 5 3
2 5 4
8 11 3
16 19 2
9 12 1
15 20 1
12 15 1
20 0 4
14 18 1
4 6 2
3 7 3
18 21 1
21 23 3
9 12 4
16 20 1
1 3 4
19 21 1
15 17 2
0 3 3
7 11 1
23 2 4
21 0 3
6 9 4
22 0 1
19 22 2
2 6 4
2 5 1
16 19 1
9 12 4
2 5 1
0 3 3
23 3 1
5 8 1
13 19 1
14 17 2
22 2 3
13 16 1
20 23 2
16 19 1
20 23 4
3 7 2
1 4 3
6 8 1
1 5 3
20 23 4
19 0 4
23 4 2
13 17 3
10 15 1
6 10 4
14 16 1
17 22 4
10 14 2
0 2 1
16 18 2
16 19 1
7 10 4
18 21 2
0 3 4
10 14 2
5 9 1
0 5 1
0 3 3
0 2 1
21 2 2
17 20 4
21 23 4
12 14 1
0 2 2
1 5 1
21 1 1
13 17 2
11 14 1
21 0 3
14 17 1
12 16 4
10 11 2
15 18 2
7 9 3
1 2 1
22 2 4
20 1 4
8 11 3
23 2 3
16 20 4
13 15 1
9 12 2
16 21 4
9 12 1
12 17 4
17 20 1
1 5 3
20 0 3
21 0 1
10 13 2
20 0 4
11 15 1
4 9 3
9 11 1
10 14 3
12 14 2
13 14 1
5 7 1
22 23 1
0 2 1
23 1 3
6 7 1
11 14 4
5 10 4
5 8 1
16 18 4
11 15 4
13 15 2
0 2 1
7 10 4
1 3 4
5 8 3
19 22 2
16 19 4
12 15 1
7 10 1
8 12 1
12 15 1
16 19 1
3 8 1
12 15 1
1 5 3
12 15 2
4 8 1
0 2 4
17 19 1
7 12 1
22 0 1
20 23 2
15 18 4
18 22 1
7 10 3
10 11 1
23 2 4
7 12 3
11 14 1
14 18 2
19 22 4
2 5 2
6 8 3
10 13 1
12 14 1
18 23 4
8 11 2
22 23 1
6 7 1
2 5 2
23 2 1
16 19 3
7 10 1
14 17 1
6 10 2
1 3 4
8 10 4
9 10 4
17 21 2
11 12 4
21 1 2
17 20 1
16 19 2
9 14 4
15 17 1
3 7 3
0 3 1
20 23 4
16 19 1
5 8 3
10 13 1
18 20 3
4 7 4
4 7 3
22 0 4
6 9 4
1 3 3
12 14 4
19 21 1
14 17 3
15 19 1
2 5 3
21 0 4
3 7 3
10 12 3
9 13 3
6 8 2
2 4 2
14 16 4
5 8 4
3 8 4
2 4 2
23 0 2
22 0 2
12 13 3
2 6 4
21 0 3
13 14 3
9 13 1
9 12 4
4 7 1
0 4 4
2 6 2
13 14 1
13 15 4
20 23 3
12 15 1
10 13 1
5 9 2
16 20 3
15 17 4
18 20 3
23 2 1
22 0 1
4 7 3
2 6 4
7 9 2
21 23 3
13 16 2
17 19 3
22 0 1
10 14 4
13 16 4
21 0 3
15 17 1
8 9 3
22 1 2
16 18 2
2 4 3
7 11 3
17 20 4
14 17 3
23 1 3
4 7 3
17 20 3
9 13 2
17 20 4
20 23 4
5 8 1
23 1 2
2 4 3
5 9 3
4 7 1
4 8 2
23 4 3
16 19 3
23 4 4
11 14 2
0 3 4
10 12 2
21 23 4
10 14 3
14 17 4
2 4 2
12 15 2
15 18 2
6 10 4
11 14 4
17 19 1
20 0 2
23 2 4
3 7 1
6 10 3
15 19 3
20 23 1
7 9 3
20 23 1
8 12 4
21 22 2
19 22 1
23 1 4
4 5 4
4 8 2
13 14 3
17 20 2
10 14 4
14 16 3
20 23 3
22 1 3
4 7 1
9 12 4
4 6 1
14 17 3
23 1 3
18 21 2
19 22 2
21 0 1
10 12 3
17 20 2
3 6 2
18 21 1
12 16 4
2 5 2
18 22 2
16 19 4
4 8 1
18 23 3
21 22 4
10 13 2
2 5 3
19 23 4
22 2 4
14 18 3
20 0 1
17 20 2
12 14 1
9 12 1
2 7 3
7 9 1
22 2 1
14 16 1
19 21 2
19 19 2
21 0 1
2 4 4
20 22 3
0 3 2
22 1 1
5 9 1
7 9 4
12 15 1
18 22 3
19 22 3
20 23 4
0 3 3
10 13 1
18 20 3
12 16 1
22 23 2
16 20 2
8 12 4
19 22 3
22 1 3
3 4 4
14 17 4
21 0 4
20 23 3
16 18 4
21 22 3
4 7 3
10 14 3
13 16 1
23 1 4
22 1 4
21 23 3
0 3 3
14 16 1
1 4 1
17 20 2
21 23 4
15 17 4
10 12 1
4 9 4
4 7 1
19 22 2
21 2 2
21 1 2
7 10 4
1 4 4
16 20 4
12 16 4
22 4 4
17 20 3
10 14 4
21 23 1
5 9 4
15 18 4
2 5 3
14 16 4
23 4 1
19 20 2
5 8 4
17 19 1
13 14 4
8 9 3
10 13 4
10 15 2
7 11 1
11 15 2
13 17 1
19 21 2
14 17 1
23 2 1
13 15 4
1 4 3
7 11 2
14 17 3
21 1 1
17 20 3
15 20 1
2 6 1
14 16 4
20 23 3
19 21 2
14 18 2
20 23 1
11 15 1
19 22 3
21 0 4
23 2 2
13 18 3
1 5 1
1 3 1
11 14 3
8 11 1
7 11 2
17 19 3
13 16 4
15 17 4
16 20 1
11 14 1
18 21 1
0 3 2
14 16 2
13 16 1
2 6 1
12 16 2
7 9 1
16 19 4
22 1 4
15 18 3
15 18 3
11 14 1
3 5 2
16 20 3
2 4 3
5 9 4
3 6 2
2 7 1
15 18 3
8 11 2
19 21 3
9 12 1
10 12 4
17 22 1
2 5 1
16 20 2
20 23 2
2 8 1
21 0 1
18 21 4
1 4 3
20 0 2
9 10 2
4 7 1
20 22 2
3 6 1
2 6 2
9 13 4
