1350 7
10 2 1 5 8 4 2 
16 19 2
12 16 3
4 6 4
3 7 5
4 8 1
2 5 1
12 14 7
18 21 3
9 10 2
4 6 6
12 14 4
7 10 7
14 16 1
11 14 3
16 20 7
5 8 1
6 9 7
2 5 6
20 23 6
17 21 1
1 3 1
18 18 1
18 21 1
12 17 3
0 4 6
7 10 5
10 15 7
3 7 6
2 6 6
11 13 3
7 12 7
9 10 6
14 16 6
3 9 1
1 5 5
7 9 2
19 22 7
5 7 1
5 7 1
15 18 2
13 15 3
23 2 1
14 17 2
10 11 1
22 1 6
3 6 4
18 21 1
3 5 3
16 19 1
18 21 6
15 17 2
20 0 5
16 21 6
0 3 6
14 16 6
15 17 3
22 1 7
9 13 3
7 10 1
19 23 5
5 8 2
17 21 7
21 0 2
2 8 5
6 10 5
16 20 1
2 5 7
1 6 4
12 13 7
22 1 2
22 2 5
5 7 3
15 18 5
8 11 5
3 7 5
14 18 3
2 7 3
4 7 5
1 3 1
9 11 1
3 6 2
13 16 5
10 11 3
11 13 2
10 11 7
6 9 7
13 17 6
8 11 4
17 20 2
14 18 1
22 23 5
21 0 1
15 18 6
0 3 7
10 12 7
10 13 1
22 1 3
14 18 6
4 6 1
1 4 1
0 3 1
13 14 6
14 16 7
16 19 1
14 18 5
11 14 3
20 22 3
21 0 7
1 4 6
4 6 3
8 12 5
14 16 6
3 7 2
9 12 1
9 11 3
0 3 5
6 9 6
12 16 5
10 13 4
9 11 4
7 11 4
9 12 2
0 3 2
17 20 5
2 6 5
22 2 6
16 20 7
12 16 4
20 0 3
16 19 6
14 17 1
14 16 3
1 4 1
17 22 1
12 15 4
8 11 2
10 12 7
21 0 1
14 17 5
14 16 2
18 22 5
5 8 5
9 12 2
0 4 5
20 0 4
2 5 4
10 13 3
17 19 5
7 12 3
4 7 7
6 9 2
15 18 2
11 13 7
6 11 3
6 10 5
23 1 2
0 2 4
12 15 1
10 13 3
12 15 4
15 18 3
19 21 2
8 11 3
2 5 3
16 21 4
16 20 4
6 8 2
12 16 7
10 13 7
0 4 1
19 21 7
5 8 1
16 20 3
13 16 4
15 18 4
20 23 2
23 3 7
8 11 7
22 1 4
14 18 7
14 18 5
22 1 6
5 7 6
7 8 4
17 21 1
4 8 1
6 7 7
13 17 7
23 2 7
17 18 1
13 16 6
9 12 5
14 16 2
17 21 5
8 11 4
6 9 7
22 1 3
9 10 4
19 20 5
9 11 6
22 23 2
16 20 6
15 18 2
23 2 4
4 7 4
17 19 2
20 21 6
8 10 4
17 19 1
11 13 2
13 15 5
1 6 4
4 7 1
8 11 5
17 18 4
21 1 4
16 19 5
11 11 3
13 15 5
9 13 7
8 11 6
7 9 7
8 12 3
4 8 6
2 5 7
22 1 3
13 16 3
13 16 7
0 2 2
8 11 4
2 6 5
22 2 3
12 16 2
2 5 3
4 6 3
17 20 7
18 21 7
18 20 4
12 14 7
2 5 5
4 8 1
14 18 5
18 21 2
19 21 7
1 4 4
7 9 7
1 4 7
7 9 2
17 19 3
2 3 7
8 10 1
18 21 3
23 1 4
20 0 4
13 15 5
14 17 2
15 17 4
18 22 7
18 22 5
7 10 4
20 0 6
16 18 7
11 15 2
18 22 2
15 18 4
10 12 3
6 9 7
13 16 4
3 5 5
20 23 5
6 10 1
7 9 1
4 7 7
22 2 5
3 6 3
5 7 3
23 1 5
14 18 1
10 13 7
7 9 2
2 4 1
21 23 1
18 20 3
23 3 4
21 0 7
10 14 4
4 7 7
3 6 7
20 22 7
17 20 7
12 15 3
23 3 2
13 17 7
11 13 1
14 17 1
7 10 6
6 9 4
10 12 3
1 5 5
16 18 3
9 12 4
23 2 4
14 17 7
14 18 1
9 13 7
4 7 5
11 16 4
15 18 5
11 13 7
8 10 4
18 22 1
18 22 3
10 13 2
20 1 5
5 8 2
13 15 1
17 18 5
11 14 6
7 13 4
16 21 4
17 21 5
18 21 1
14 19 7
14 15 4
6 10 2
15 20 1
14 16 6
1 3 2
8 11 3
10 15 3
13 15 5
21 1 3
10 12 6
14 18 1
18 21 1
10 13 2
16 18 7
12 15 1
23 2 3
18 21 2
15 19 6
19 20 1
3 5 1
16 19 7
23 2 3
12 15 2
13 16 7
13 17 5
15 18 2
3 6 3
8 13 4
6 9 7
9 11 2
4 5 1
9 11 2
2 4 7
11 14 2
13 17 3
12 14 6
0 3 2
11 14 4
23 1 1
15 18 3
9 12 2
0 1 7
7 10 6
6 9 3
19 22 3
10 12 2
11 15 3
5 7 7
21 22 1
2 5 1
16 19 7
10 14 1
22 2 2
12 15 1
1 5 7
12 14 5
0 3 1
23 1 3
15 19 5
3 6 5
0 4 7
3 5 5
19 20 5
2 3 5
14 17 2
6 8 2
2 4 4
1 3 3
23 3 1
21 0 7
0 1 4
8 10 5
13 16 2
22 1 7
2 4 1
21 23 4
18 22 3
13 17 5
11 15 3
10 11 1
9 11 3
9 11 2
20 23 1
18 21 1
6 8 5
8 10 5
11 13 2
12 15 4
15 17 1
1 1 2
20 23 3
1 5 1
22 2 3
9 11 1
22 1 3
19 23 7
5 8 4
22 0 5
6 8 7
22 0 6
7 11 1
19 22 1
2 5 1
19 23 7
7 10 6
22 2 4
17 19 3
20 23 5
14 17 3
3 6 3
14 16 4
20 23 5
4 6 5
1 5 6
0 3 7
5 9 6
1 4 2
18 22 6
7 11 5
11 13 6
9 12 7
2 6 7
19 23 2
4 8 4
9 12 7
2 5 1
22 2 2
16 20 5
5 8 2
2 5 7
8 10 6
14 17 6
23 0 7
0 3 2
10 13 2
13 17 7
22 1 3
2 5 2
4 8 4
19 21 5
5 7 4
3 5 6
22 1 2
13 14 1
22 1 1
8 11 7
7 9 1
5 9 3
9 12 3
20 20 1
6 8 5
1 3 2
21 23 7
2 5 1
0 2 1
17 19 6
16 20 2
8 10 1
12 15 7
23 1 1
8 9 7
2 4 3
11 15 1
18 22 6
18 21 2
0 3 6
17 20 4
19 23 5
17 20 1
1 4 4
20 1 5
3 6 7
17 18 7
21 23 2
11 13 5
13 19 4
13 16 1
22 3 5
18 21 7
22 23 7
12 14 7
22 0 1
23 2 7
0 1 4
16 19 4
10 14 5
12 15 6
16 19 1
3 6 3
3 4 1
19 22 4
9 12 3
22 0 5
12 15 2
15 18 4
5 8 2
6 8 1
9 13 7
4 8 2
3 5 6
12 17 2
14 17 5
22 0 3
11 14 3
7 11 1
3 6 6
6 10 7
5 9 1
4 6 3
17 20 3
14 15 2
19 20 5
23 1 5
22 1 1
3 5 7
10 15 4
16 19 4
0 3 5
1 5 3
22 1 5
20 22 5
14 16 1
7 11 6
23 2 5
2 4 2
21 0 4
10 13 4
9 12 5
2 3 7
5 6 6
16 20 6
13 16 5
12 15 1
9 13 6
6 10 4
2 6 6
3 6 3
22 1 6
21 0 6
18 22 4
15 18 6
16 19 4
0 3 2
21 23 1
20 0 2
16 18 3
0 3 2
7 10 5
12 14 5
3 6 3
22 2 1
5 9 5
1 5 2
9 13 7
0 3 2
17 21 4
21 0 1
17 20 2
9 11 5
12 15 6
23 3 4
20 22 3
7 9 5
15 19 7
3 4 3
2 5 5
23 1 2
12 14 7
3 6 1
4 6 2
4 9 4
14 17 2
21 23 2
14 18 7
0 2 5
21 0 7
11 13 7
3 6 3
0 3 3
5 8 5
7 10 7
23 0 1
0 5 6
3 7 4
19 22 6
19 22 6
7 10 3
19 20 7
4 7 6
9 11 3
22 0 1
0 3 7
4 7 6
1 2 7
22 2 4
3 6 4
19 21 5
4 8 1
16 20 5
13 16 1
15 19 1
12 14 5
1 3 6
3 6 6
21 23 7
10 14 3
11 14 3
22 1 2
5 9 4
20 21 1
7 9 6
23 4 5
3 6 3
10 12 2
19 23 2
9 12 4
7 10 7
23 4 6
15 18 2
12 15 6
19 23 1
3 6 4
14 16 4
20 0 2
12 14 4
23 3 6
14 16 5
13 16 5
0 2 5
10 14 1
4 8 5
10 12 6
14 18 6
23 2 3
19 22 3
1 3 3
11 14 1
13 15 1
9 13 1
15 18 2
21 1 6
3 7 4
3 7 6
11 15 1
15 19 5
8 9 4
20 22 3
3 7 5
16 18 6
22 3 3
10 12 2
5 8 2
21 0 5
13 16 2
4 8 3
10 13 7
17 20 3
1 5 3
4 6 4
10 13 3
15 16 3
7 11 3
6 11 5
7 10 1
21 22 5
19 21 3
4 6 7
3 6 4
20 22 7
13 16 1
5 6 3
22 1 7
14 16 2
6 9 5
19 0 5
21 0 1
6 9 3
11 15 5
4 5 3
8 10 5
19 21 7
18 22 4
8 10 3
3 7 5
12 17 6
9 11 2
13 16 2
21 1 2
13 17 3
8 14 6
5 9 1
8 11 3
0 4 5
15 18 5
22 1 2
6 9 7
16 19 3
22 2 5
16 18 1
3 7 7
17 20 7
8 11 4
1 3 2
3 7 7
11 15 2
0 5 4
3 5 7
23 2 4
3 4 3
5 8 5
9 13 1
9 13 3
13 16 1
22 1 5
12 14 2
19 22 6
10 13 7
5 8 2
14 17 5
13 15 3
20 21 2
22 0 2
22 0 3
2 4 3
8 9 1
9 12 4
21 0 1
22 1 5
8 12 4
10 14 6
6 9 6
1 2 4
2 5 5
5 9 4
12 14 1
13 16 3
6 9 3
13 16 3
15 19 5
15 18 4
2 5 2
0 3 1
10 13 4
16 20 5
12 15 5
20 1 4
12 14 1
23 2 5
17 20 1
11 13 5
2 5 3
4 7 6
6 9 7
22 2 5
16 20 5
14 18 4
16 18 4
19 22 1
15 19 7
17 21 2
7 11 4
21 0 5
2 7 2
0 5 1
6 7 5
4 8 3
12 14 5
7 12 1
21 0 5
13 15 5
9 12 5
2 6 6
16 19 1
22 0 5
3 5 6
20 23 4
9 13 3
6 9 3
21 1 7
9 11 5
2 2 6
22 0 3
11 13 5
0 4 5
14 18 7
22 1 4
1 3 4
2 7 4
18 22 2
4 8 2
19 22 2
23 2 6
11 13 6
22 3 3
8 10 3
6 11 2
7 11 5
6 11 5
15 21 2
1 6 4
1 5 3
9 12 5
23 2 3
2 4 3
18 21 7
2 4 5
12 16 4
14 17 7
3 6 1
2 4 1
14 17 3
9 12 3
21 23 2
1 5 1
14 16 5
14 19 7
23 1 6
5 8 5
7 9 6
9 13 7
3 6 6
16 20 2
5 7 5
14 18 1
23 2 3
1 5 7
1 3 7
7 10 7
20 23 5
8 11 7
4 6 5
21 1 4
18 22 5
8 11 1
16 19 2
16 18 1
3 6 3
20 0 5
5 9 6
4 6 4
8 10 6
15 18 2
12 16 5
2 4 3
20 23 3
14 18 3
7 10 2
6 8 1
8 12 5
3 5 2
15 18 1
3 6 4
23 2 7
7 9 1
18 22 5
4 8 6
7 10 7
8 11 6
9 12 6
1 4 6
3 7 7
17 20 1
21 0 2
17 21 6
18 22 4
10 13 6
9 12 7
13 16 4
11 15 7
9 12 2
11 14 7
15 17 7
14 16 7
22 2 3
14 17 7
13 16 2
12 14 3
4 5 6
8 12 1
11 16 3
12 16 4
9 12 5
17 19 1
17 21 2
13 16 7
20 23 4
11 14 4
6 9 3
23 2 5
17 19 4
17 20 4
0 4 5
14 18 4
16 18 5
7 12 1
21 2 4
9 12 6
17 21 1
7 10 1
20 23 7
21 2 2
3 4 7
3 5 1
20 23 7
19 22 3
22 2 3
0 5 3
10 14 6
16 19 2
12 15 1
11 15 4
17 19 2
18 22 4
22 2 6
0 4 7
14 19 7
9 12 7
14 17 4
23 1 7
9 11 6
18 22 3
9 12 7
22 1 5
19 22 6
12 13 4
1 5 5
6 11 7
7 8 1
16 18 5
0 3 2
0 5 3
18 20 1
2 6 4
15 18 1
12 16 6
10 14 6
20 23 2
5 9 1
22 0 6
19 22 7
11 15 2
11 13 4
0 3 7
7 10 4
21 23 5
9 14 1
0 3 5
20 23 4
4 6 5
17 21 6
4 8 4
18 20 3
23 1 5
13 17 3
22 23 7
3 8 7
13 15 1
19 0 3
9 12 2
21 2 2
19 22 7
2 6 3
4 8 6
4 7 5
17 20 1
21 0 7
10 13 5
3 7 6
4 6 2
9 12 2
11 15 3
10 14 1
0 3 5
20 23 4
17 19 6
2 4 5
10 14 7
14 17 4
19 21 1
9 12 3
9 13 1
19 21 2
15 17 6
11 13 4
16 19 7
12 14 3
18 21 5
7 8 4
2 7 3
20 23 6
22 0 1
11 14 3
3 8 7
5 7 5
4 7 4
22 2 6
1 4 2
3 4 4
7 10 6
16 19 6
19 22 4
1 3 1
21 0 6
18 22 5
4 7 2
14 16 6
6 9 7
12 14 1
6 11 6
20 0 3
4 8 6
5 8 1
14 18 1
12 15 6
23 2 3
16 17 4
10 15 5
21 23 6
13 16 4
22 0 7
12 14 5
21 0 6
7 10 7
10 13 4
5 8 5
11 15 6
21 23 7
19 22 4
14 18 6
1 6 3
19 20 4
3 6 3
0 4 3
7 10 1
14 17 2
17 19 7
15 17 7
17 20 1
5 7 7
12 15 6
0 2 2
6 10 4
0 4 6
13 17 6
5 7 2
13 17 2
16 18 2
18 20 6
5 9 6
15 18 3
8 12 2
18 21 2
21 23 1
18 22 5
2 5 4
18 21 3
18 20 3
9 12 6
20 23 1
21 0 1
16 20 5
17 19 5
6 9 2
9 12 5
11 15 1
17 20 5
15 19 7
19 23 6
0 4 6
5 10 7
21 0 7
22 1 2
5 10 5
4 5 5
7 10 1
20 0 4
9 11 6
13 16 3
4 6 1
9 12 5
15 18 1
15 19 7
9 10 2
3 6 1
1 4 7
2 4 1
21 1 5
20 0 7
7 10 6
22 2 4
3 7 4
14 17 1
1 4 3
10 12 6
5 8 2
5 9 3
10 14 1
18 21 3
4 7 5
8 12 6
1 4 4
2 4 3
10 12 4
14 17 3
8 12 2
4 7 7
14 18 1
9 11 4
9 12 5
21 23 7
21 23 2
6 10 6
8 11 3
11 16 5
13 17 7
20 23 5
12 14 5
12 15 4
10 12 3
8 12 4
19 0 1
7 11 2
3 7 4
19 22 3
23 1 7
16 19 4
20 22 2
11 14 1
21 1 7
10 13 2
20 0 5
23 1 2
4 7 2
13 17 5
18 21 4
18 22 2
7 10 3
13 16 5
19 22 6
20 1 7
13 15 6
22 1 5
17 20 6
15 18 2
14 16 7
1 3 1
6 10 5
23 0 3
7 11 4
8 10 1
7 11 7
21 1 4
18 21 1
22 0 5
21 1 2
7 11 5
16 18 1
10 14 5
13 16 7
23 2 4
0 4 4
8 10 4
10 10 5
4 6 1
11 15 5
22 1 2
12 14 2
7 9 7
21 0 2
12 14 3
19 21 6
13 17 7
3 6 2
16 19 4
15 18 4
7 12 4
13 16 6
16 19 3
16 18 5
7 11 2
13 15 7
8 13 3
11 13 3
21 1 3
12 16 7
6 8 4
15 19 2
19 23 4
19 21 7
15 17 6
14 17 6
0 4 4
6 9 2
23 2 5
15 17 1
19 23 3
18 22 4
14 17 2
9 12 4
1 1 3
23 1 4
13 18 3
3 6 7
3 7 3
9 12 6
3 7 5
1 4 6
18 19 7
10 12 6
7 11 4
3 6 3
16 20 1
11 14 1
0 3 6
14 17 7
10 12 7
17 21 7
23 1 7
18 21 7
7 12 3
9 12 6
17 20 4
11 14 2
23 1 5
23 1 7
22 2 6
1 5 4
23 1 1
9 12 7
6 11 6
13 15 1
15 18 7
0 3 7
13 16 7
15 17 7
11 14 1
8 11 5
17 21 2
22 1 3
4 7 6
1 3 3
11 13 2
15 16 6
3 6 4
9 12 1
15 18 2
10 13 7
17 20 3
19 21 1
18 22 4
22 1 1
19 20 6
15 19 2
19 21 1
23 2 5
3 6 2
5 8 7
9 12 1
21 23 5
0 4 3
18 20 4
7 11 5
21 23 6
22 22 6
12 15 6
23 1 2
6 10 3
22 0 6
22 1 1
10 12 7
18 21 6
0 3 3
5 9 7
14 19 4
1 3 6
0 4 2
4 8 4
11 15 4
1 5 6
23 3 6
20 23 5
14 18 2
7 11 2
13 16 2
4 7 3
10 14 4
0 3 5
16 19 5
7 9 3
3 6 7
9 12 4
21 23 1
17 20 5
5 6 1
5 8 4
2 6 7
19 20 5
14 16 1
3 5 6
15 17 2
1 5 7
18 20 4
22 1 4
3 5 6
12 14 5
5 8 6
12 14 3
1 5 4
9 13 3
19 22 1
2 5 7
15 16 7
3 6 6
22 22 1
14 17 7
17 21 4
5 9 6
15 19 5
8 12 6
1 5 7
0 3 2
16 19 1
10 14 7
11 14 1
5 8 1
14 19 3
13 17 4
