750 17
5 1 5 8 3 6 6 4 4 10 3 9 9 8 6 6 2 
20 0 14
7 10 4
23 2 2
1 4 13
10 14 7
16 21 9
13 15 17
15 17 13
7 10 5
6 9 6
5 8 3
19 23 16
5 6 2
19 22 1
4 7 15
23 4 9
15 18 12
4 9 17
22 1 4
8 11 16
16 19 13
3 6 12
6 10 7
17 19 5
23 1 3
10 11 15
16 20 6
6 9 8
0 5 9
10 13 7
0 2 10
0 3 9
7 10 11
2 4 13
1 6 9
3 6 5
10 14 1
22 1 15
20 23 16
3 7 5
2 3 15
20 0 16
14 18 11
2 5 1
14 17 13
13 16 14
11 14 3
9 11 17
13 15 4
11 16 13
8 12 4
4 8 12
9 12 6
12 15 6
11 14 4
20 23 3
5 8 3
8 10 11
22 1 13
6 8 10
9 13 12
4 5 1
16 18 7
14 18 1
20 23 6
0 3 10
16 18 5
8 10 8
21 22 16
6 7 7
6 9 13
17 19 4
0 2 5
15 16 2
5 7 5
8 11 11
12 15 14
1 4 15
0 3 6
16 20 2
20 22 12
1 4 16
3 4 14
22 2 13
16 17 15
19 23 3
2 6 12
19 23 7
3 6 14
5 10 2
14 17 9
6 7 9
0 2 8
22 3 8
5 7 16
13 16 11
11 15 14
11 13 8
14 16 7
13 16 10
16 21 4
6 8 11
16 19 7
14 18 6
13 17 9
22 1 1
16 19 16
22 2 9
19 21 5
13 15 15
9 11 16
18 21 2
8 13 8
11 14 12
8 13 15
6 8 14
3 6 2
9 10 9
7 10 17
22 1 9
9 13 8
14 16 16
14 19 6
21 23 12
16 18 17
9 12 4
1 5 3
0 4 13
5 7 17
12 15 9
6 9 6
3 6 15
7 12 11
13 14 5
18 19 5
19 21 14
11 13 13
6 9 1
9 13 17
22 1 16
17 20 3
13 17 6
12 16 3
10 14 6
6 10 4
8 11 10
13 18 13
5 8 2
12 14 12
19 22 4
19 1 13
2 4 4
9 12 3
2 6 6
15 19 15
18 21 5
21 0 12
16 19 13
3 6 8
13 17 10
3 6 4
16 19 10
21 0 13
15 19 1
9 12 10
10 14 6
6 9 3
22 2 6
18 20 11
5 8 6
17 20 2
1 4 4
3 6 4
4 6 4
2 5 15
0 4 15
16 19 13
11 14 6
3 6 11
20 23 4
9 13 16
17 21 2
5 8 8
1 3 12
22 0 12
0 2 7
1 4 10
19 23 10
0 3 9
12 14 11
14 16 11
18 20 16
7 10 2
14 17 10
4 6 17
18 21 11
12 14 2
17 21 5
1 6 6
7 11 8
17 20 1
8 11 13
11 14 17
17 20 4
16 20 10
19 22 14
20 22 17
20 23 10
12 14 1
22 1 16
11 12 14
3 5 1
9 11 10
13 16 5
5 9 6
22 0 7
0 2 15
21 1 6
1 5 1
19 22 10
10 11 5
5 9 12
3 5 6
2 4 8
13 16 11
22 1 17
20 22 4
11 13 3
6 8 15
19 23 5
14 17 3
6 9 3
14 17 3
12 16 6
1 4 9
19 22 5
11 16 8
14 16 2
20 22 3
19 23 1
23 3 8
15 18 13
17 19 16
4 6 13
0 5 5
17 19 13
20 23 15
13 16 12
20 23 1
12 16 3
8 11 5
10 13 4
9 12 15
10 12 6
2 5 8
8 10 16
13 16 7
7 9 3
22 0 1
5 8 16
5 8 8
19 0 7
1 4 15
3 5 11
20 22 12
2 7 1
7 10 8
20 23 16
9 13 2
20 23 16
3 5 5
15 20 9
12 16 5
11 13 5
23 2 7
21 0 3
15 19 14
20 23 6
4 6 14
12 13 4
8 11 14
20 22 14
13 16 6
14 17 4
20 23 4
7 9 17
17 20 1
16 19 10
7 13 10
14 17 16
17 20 2
22 2 5
7 10 14
23 1 5
11 15 6
13 17 7
4 7 8
22 1 15
5 8 4
15 19 8
10 13 6
4 7 7
23 3 6
14 18 17
2 6 3
11 14 11
9 13 7
20 0 6
9 14 11
13 15 12
16 19 4
22 0 14
4 8 7
8 11 11
18 21 12
6 11 15
12 15 16
9 13 15
0 4 15
22 2 7
17 20 2
9 13 7
11 14 8
17 20 7
13 16 16
14 18 8
3 4 15
8 11 8
0 5 8
0 0 7
17 21 7
10 13 12
6 9 15
21 0 7
12 13 9
9 11 6
16 19 6
20 0 4
15 19 7
18 20 1
21 0 6
10 13 7
15 17 13
6 8 2
6 9 15
20 23 15
3 8 16
0 2 11
13 15 6
8 12 8
18 22 15
11 14 17
7 11 15
18 21 6
3 6 4
4 7 3
18 20 11
0 3 5
1 4 3
6 9 7
17 19 15
19 23 2
12 16 15
17 21 4
7 9 7
20 23 15
20 23 5
18 22 3
5 9 4
16 19 17
9 11 15
3 5 12
10 13 13
23 1 17
14 19 6
21 0 14
12 14 13
20 23 13
1 2 12
6 8 11
6 8 12
17 20 11
21 2 12
11 15 5
22 1 3
14 17 10
3 6 7
21 22 11
10 13 1
2 6 3
11 15 2
12 15 3
12 14 5
14 17 15
9 13 1
20 1 14
6 9 10
4 9 2
20 22 8
6 7 3
2 4 7
15 17 7
9 13 15
22 1 12
19 22 10
1 4 1
12 14 10
2 4 1
1 3 16
1 6 2
4 7 1
6 8 7
7 11 11
9 13 15
16 19 4
23 4 13
3 7 14
20 0 12
14 17 15
10 12 8
12 14 10
10 12 7
1 3 14
5 10 3
23 1 7
6 8 5
8 12 7
20 22 16
14 18 4
21 0 15
5 7 1
6 9 7
11 14 16
6 9 15
5 9 8
9 12 16
10 13 5
16 20 13
7 11 3
6 9 1
21 0 1
12 14 12
21 0 7
16 19 16
19 23 6
19 22 10
1 4 3
22 1 7
21 23 6
1 6 1
11 14 4
20 23 13
12 15 16
21 0 12
10 13 14
6 9 2
4 7 9
22 1 6
10 12 16
1 3 2
19 23 4
3 5 17
10 12 17
13 15 10
4 8 3
8 11 2
11 14 10
14 16 11
13 17 15
12 14 8
16 19 11
13 15 16
0 4 3
22 0 2
21 1 13
3 5 13
6 9 14
21 23 14
5 8 11
16 18 6
9 13 6
15 18 2
18 20 3
14 17 14
19 22 1
17 19 14
18 21 14
9 11 7
16 19 12
11 16 11
23 1 11
5 8 4
19 21 6
20 23 1
3 6 14
12 14 6
20 23 6
19 23 12
20 23 4
4 7 10
18 22 12
2 6 12
6 8 4
3 7 17
11 13 7
18 22 1
17 20 4
20 23 12
4 7 2
11 13 3
9 12 6
7 13 5
9 11 11
0 3 16
11 14 8
8 9 16
8 12 13
0 4 15
17 20 5
5 7 4
7 10 11
21 0 12
3 6 10
6 10 9
11 13 5
19 22 15
12 14 17
9 11 1
9 13 17
2 5 6
3 5 14
19 22 9
8 12 4
2 6 11
18 20 6
8 11 10
1 4 4
17 19 2
8 10 17
2 4 2
10 12 7
16 19 2
15 17 17
20 23 15
23 0 8
4 7 8
12 15 5
8 13 9
4 6 11
14 17 15
5 9 16
9 11 4
16 20 13
21 22 7
23 3 2
16 21 16
11 15 11
3 8 8
4 5 3
9 12 12
11 14 15
22 3 17
9 11 9
12 16 11
11 13 16
11 14 10
3 4 8
6 11 6
1 4 17
16 20 5
3 6 17
19 22 16
22 0 8
12 15 3
7 10 9
17 21 2
10 14 9
17 19 17
7 9 15
4 8 3
21 22 8
11 15 15
23 2 15
9 12 4
2 5 15
14 18 11
11 14 11
6 11 2
6 9 6
18 22 17
6 10 4
11 14 1
23 2 15
9 12 6
15 18 7
5 8 6
8 10 17
11 13 14
15 17 14
1 4 1
3 4 12
10 13 1
18 21 7
18 22 14
0 2 5
13 16 2
18 22 10
17 19 2
18 23 6
8 12 17
23 3 15
9 11 8
20 23 9
1 5 11
14 17 4
20 1 17
4 7 11
17 21 12
9 11 14
11 13 9
15 18 14
7 10 3
16 20 16
5 10 4
5 7 17
15 18 9
16 18 11
5 10 6
20 1 14
7 11 4
3 8 5
17 20 16
12 15 4
13 17 8
14 15 13
21 1 7
6 7 15
3 8 6
12 17 16
9 13 17
16 19 4
20 23 1
0 1 7
3 8 15
22 2 10
20 23 15
11 13 15
22 0 5
8 10 6
18 22 4
11 15 3
1 5 13
3 6 16
21 0 13
21 0 17
1 2 10
13 16 3
16 20 4
8 12 12
18 22 3
6 9 9
14 17 14
17 18 12
23 1 1
20 22 8
16 19 8
11 15 13
17 21 10
13 15 11
9 13 7
8 11 4
0 4 7
2 4 8
21 23 4
12 16 8
4 6 9
7 11 4
20 23 3
8 11 13
7 11 9
17 20 8
17 20 15
6 9 16
10 13 5
15 18 8
8 11 1
21 1 12
3 6 3
14 16 1
5 8 8
15 17 8
16 19 3
5 8 15
11 14 11
10 12 8
9 13 16
20 22 14
7 10 4
13 17 3
22 1 1
5 10 6
3 8 17
9 12 12
0 3 1
18 21 8
21 22 11
6 8 2
23 2 11
0 2 2
15 19 4
0 3 5
10 12 1
3 7 7
15 18 12
13 17 9
12 14 13
21 0 16
17 20 6
6 8 8
3 6 3
2 5 12
4 7 8
2 4 17
8 10 8
13 17 12
23 3 14
23 1 15
2 4 9
23 1 5
22 1 2
11 13 10
14 17 12
15 19 15
23 2 16
22 0 10
7 9 11
8 12 2
16 19 12
19 22 16
12 15 1
7 10 7
14 16 8
10 12 15
8 11 9
10 12 3
21 23 11
8 9 10
18 21 1
14 16 2
14 18 5
