3550 19
1 1 9 2 10 2 5 3 3 7 4 3 1 7 4 8 9 3 8 
3 6 10
3 5 1
15 17 3
20 22 8
23 2 9
0 3 9
3 6 12
2 5 8
18 21 9
20 23 14
12 17 18
17 19 4
7 9 2
7 10 18
6 10 4
16 21 9
9 12 7
5 8 2
16 18 9
15 18 16
10 14 11
10 12 2
8 11 17
4 8 15
10 13 17
1 4 4
21 3 1
22 1 3
21 2 12
13 16 5
22 1 13
2 5 3
15 17 19
19 23 10
4 8 13
10 13 3
12 14 8
10 15 1
6 9 5
11 13 18
18 21 2
11 15 12
14 16 4
22 1 3
7 9 16
6 9 14
14 16 19
20 20 12
8 12 9
9 13 3
18 21 17
3 5 19
19 23 11
6 10 14
17 21 12
23 1 14
17 20 4
16 16 5
23 2 15
5 8 14
22 2 11
2 6 5
15 19 14
12 15 12
8 9 1
3 7 8
1 3 7
22 0 9
20 23 9
20 22 8
23 2 17
21 1 14
14 17 14
16 19 10
8 13 15
19 22 18
9 13 7
4 7 19
10 13 17
23 3 18
6 8 12
13 18 8
13 18 7
20 22 19
5 8 4
13 15 5
20 21 14
10 13 1
1 4 15
20 23 18
2 7 14
2 5 6
16 19 3
19 21 17
6 9 16
18 21 11
21 0 7
22 3 18
5 8 2
11 14 9
10 12 13
12 14 15
23 3 12
14 19 19
3 4 4
1 3 9
8 10 4
15 19 16
17 18 10
17 21 16
14 16 13
23 2 9
9 11 11
5 7 2
9 10 6
16 18 13
23 3 3
23 2 7
13 16 2
9 11 6
15 17 15
23 4 12
23 2 11
13 15 18
8 11 15
6 10 16
17 19 10
19 22 13
20 23 2
11 15 7
12 15 10
15 18 12
8 11 7
6 12 17
4 6 15
18 21 7
11 14 8
11 14 13
11 13 1
1 3 10
22 1 5
21 1 18
0 3 17
21 1 4
16 19 13
10 13 1
13 15 3
19 22 11
4 6 7
4 6 6
16 20 3
23 1 2
21 0 19
0 2 3
13 16 2
23 3 16
4 7 8
7 9 5
10 13 1
13 16 16
1 5 11
20 1 7
20 22 16
17 20 12
2 3 8
9 11 16
4 7 15
13 15 8
21 0 5
6 10 9
19 23 13
21 23 8
8 11 19
0 2 11
3 6 15
10 12 4
1 4 14
13 16 18
21 2 11
5 9 14
6 7 2
14 16 17
3 7 16
7 10 13
7 11 13
14 17 4
16 18 16
0 2 14
14 17 18
19 21 10
15 18 12
3 8 14
16 17 17
22 0 12
16 19 7
1 3 9
18 22 4
13 16 7
11 12 12
15 19 10
20 22 6
20 23 13
0 4 15
11 15 5
9 11 9
17 20 6
8 10 4
4 9 9
5 9 16
5 6 11
3 5 14
6 9 1
0 3 6
10 13 9
1 4 15
13 18 6
2 4 15
19 20 9
22 0 10
12 16 7
8 10 16
7 10 5
3 6 8
17 18 18
21 1 1
20 0 3
4 8 5
12 16 18
5 9 17
8 11 9
16 18 2
3 7 5
1 4 19
17 22 8
6 9 1
9 12 17
11 14 9
1 4 1
5 8 4
17 20 5
5 8 12
9 12 9
6 9 7
6 9 6
17 21 10
7 10 12
4 8 9
23 1 7
12 15 17
19 21 7
11 15 5
18 22 14
12 14 8
11 16 5
8 13 12
16 18 9
7 10 16
7 10 18
14 17 12
5 9 4
2 4 9
7 11 10
14 16 5
1 4 1
19 21 2
5 6 3
3 7 17
22 2 17
1 4 8
20 23 9
20 23 15
10 12 11
16 19 15
16 18 10
12 14 7
15 16 14
4 7 6
12 15 4
20 21 12
0 1 7
22 0 12
19 22 4
20 23 9
2 5 13
5 8 16
19 22 7
14 17 19
2 5 12
6 11 15
16 18 8
12 16 4
20 23 13
12 15 15
16 19 12
9 12 19
12 14 17
19 23 13
18 22 8
22 1 19
12 15 10
2 6 17
0 2 5
7 9 4
11 12 4
16 19 10
14 17 6
9 11 9
12 14 7
10 12 7
17 20 18
7 10 6
22 0 18
11 14 11
2 6 2
11 14 2
17 21 10
6 12 9
14 16 12
17 22 19
15 18 12
11 16 6
12 16 1
14 17 8
18 20 5
2 5 17
9 14 4
21 0 14
19 22 9
15 17 10
16 19 11
17 20 12
20 23 1
3 5 9
13 16 6
10 13 13
5 6 17
3 6 8
7 11 14
5 8 3
18 20 9
15 18 13
11 13 14
2 7 19
19 0 7
7 10 13
20 0 5
14 19 17
4 8 14
18 20 2
14 17 15
17 18 6
6 9 2
11 14 3
8 11 18
9 11 17
4 7 1
8 9 4
17 21 2
20 23 1
10 13 18
19 22 6
1 4 2
9 13 1
11 14 11
13 16 16
5 9 6
23 1 9
10 11 5
4 6 13
2 5 13
6 9 19
19 23 13
18 22 4
10 14 19
6 12 13
17 20 4
6 10 13
19 22 2
20 23 12
1 4 8
9 11 8
8 9 12
7 8 4
20 0 2
16 18 14
8 11 4
19 23 4
13 16 4
12 14 6
7 9 13
4 6 8
9 11 18
10 13 9
8 12 9
17 21 12
3 6 14
12 15 4
13 17 11
2 4 8
0 3 3
8 10 15
18 21 5
5 6 18
9 12 18
0 1 5
23 3 2
8 13 12
4 7 11
7 13 4
5 6 3
20 23 17
2 6 18
7 10 15
6 10 5
0 1 6
16 18 19
17 21 7
23 4 11
15 20 17
5 8 6
9 12 15
3 6 3
9 12 16
10 13 9
2 4 8
9 14 18
18 21 16
20 21 13
23 1 11
15 18 17
0 4 2
5 9 10
5 8 14
23 3 15
10 14 10
18 21 19
9 10 19
20 23 7
7 9 13
3 5 13
9 12 15
20 22 16
12 15 5
10 13 17
18 21 10
17 20 19
4 7 17
15 17 19
6 9 19
23 1 2
9 12 3
5 9 4
1 4 11
19 22 15
7 10 3
2 5 2
7 9 12
18 21 9
8 10 7
3 7 7
2 5 1
22 2 13
3 7 10
21 0 17
14 18 4
8 9 9
11 14 2
10 15 2
20 23 11
17 20 18
3 6 6
19 23 19
14 17 5
13 17 4
10 12 15
10 13 11
22 0 15
19 22 16
23 2 18
15 17 12
21 23 1
8 11 4
19 21 10
6 11 15
3 6 14
18 20 12
4 7 18
21 1 3
11 12 2
21 1 1
12 15 5
23 1 14
2 5 19
1 5 12
8 10 5
17 19 6
14 16 11
17 20 10
14 18 1
11 12 6
23 2 16
20 21 9
13 17 18
2 6 8
20 22 17
1 5 9
10 13 17
13 17 6
14 17 7
9 15 14
13 16 2
22 1 17
4 7 11
7 9 4
10 12 16
22 1 6
8 9 12
5 8 6
14 17 14
1 2 4
6 10 11
16 17 8
10 12 14
14 17 19
6 10 16
9 12 4
12 13 15
2 5 6
21 23 7
13 17 3
15 16 6
0 3 19
12 14 12
9 10 9
20 22 11
0 3 2
11 14 16
7 10 8
6 8 9
20 0 10
21 0 1
8 11 16
8 10 6
11 15 17
5 8 7
18 20 5
1 3 14
21 1 15
16 21 1
21 0 1
19 21 2
15 18 7
21 1 1
6 9 17
6 9 3
13 15 7
12 15 18
2 4 3
19 22 9
2 4 16
16 20 7
7 9 8
15 17 4
1 4 11
11 15 6
8 11 14
8 10 4
7 9 15
14 17 11
8 11 12
22 2 18
23 3 2
0 2 10
1 4 9
11 15 13
10 13 1
16 20 8
10 13 5
12 16 6
9 12 4
15 17 12
8 11 9
1 4 12
15 19 12
0 2 9
10 13 13
4 8 8
5 8 11
13 16 17
12 16 13
2 4 10
17 21 6
18 21 14
19 0 6
13 16 17
6 9 15
1 5 8
4 7 2
2 5 4
13 17 5
13 16 17
12 15 1
1 4 3
22 0 8
18 22 2
9 13 10
10 12 19
3 5 5
4 7 1
9 12 4
12 17 4
6 9 5
16 18 1
7 10 14
11 13 6
8 10 17
7 11 5
19 22 11
10 15 2
10 13 1
1 5 18
3 4 12
10 15 5
12 16 4
20 23 6
5 7 1
20 23 14
23 0 15
9 11 19
21 23 14
3 6 18
7 10 5
6 9 14
14 19 14
22 0 15
16 18 10
22 1 19
7 9 3
8 13 18
6 8 1
5 7 7
11 14 13
0 2 12
15 17 10
9 14 19
12 16 17
9 12 13
7 11 5
14 17 1
8 13 17
11 13 10
10 13 17
17 20 1
12 17 2
14 17 17
4 6 12
17 20 13
11 15 5
14 17 17
12 15 7
12 14 18
18 20 12
21 0 1
17 19 2
7 10 12
22 1 13
4 8 8
16 19 2
4 7 2
10 11 19
22 3 10
7 10 11
1 3 5
2 6 2
21 1 13
12 16 11
7 11 9
14 17 19
3 5 6
6 6 9
20 23 3
2 6 17
15 19 12
16 18 10
5 8 1
7 9 3
4 8 19
18 20 9
9 11 9
15 19 15
20 23 6
20 23 8
8 12 10
23 3 1
13 15 6
10 12 11
11 14 14
1 4 7
7 11 4
7 10 10
1 4 6
20 23 11
18 20 14
22 0 7
4 7 14
0 5 18
9 11 15
4 6 17
21 22 3
3 7 8
3 5 7
22 2 19
9 13 9
10 15 12
11 13 7
2 5 14
6 8 6
3 5 13
12 15 18
19 21 3
20 0 11
4 9 13
13 15 18
4 8 15
14 17 5
11 14 12
21 2 13
11 13 2
6 8 18
15 18 19
2 5 15
1 4 5
19 23 7
19 22 7
12 13 16
6 8 14
7 8 8
23 3 8
2 5 10
22 2 19
8 9 1
5 9 17
6 9 2
9 12 19
15 17 4
9 11 10
18 21 12
14 18 16
21 0 9
15 20 3
8 11 9
1 3 9
16 20 4
4 8 11
20 21 17
11 13 1
11 14 9
6 8 9
4 6 1
11 15 12
1 4 8
20 23 3
13 16 5
20 0 19
2 5 4
17 21 3
15 17 17
4 8 8
19 22 4
18 22 12
15 16 13
12 15 6
20 21 3
2 5 9
17 21 18
6 9 14
12 14 8
22 2 17
16 19 14
14 16 7
12 14 17
23 2 13
2 4 3
2 6 11
22 1 16
23 2 8
3 5 11
3 6 9
17 19 1
17 20 13
12 15 11
4 7 14
15 19 12
13 15 13
8 10 10
19 20 13
15 18 10
14 18 1
10 13 5
19 21 6
3 5 3
1 5 2
23 1 3
1 3 9
9 14 6
19 23 6
0 3 16
15 19 18
21 2 17
10 14 1
5 9 11
17 19 13
23 2 15
23 1 17
1 2 9
15 19 5
14 17 4
4 8 18
6 11 9
12 15 8
3 6 15
17 22 16
13 16 10
9 14 7
19 22 1
21 22 8
16 19 8
10 12 4
15 17 12
19 20 11
5 7 6
10 13 2
19 23 18
5 8 7
1 4 13
11 15 6
12 14 18
7 8 16
17 19 10
15 18 7
16 19 3
1 4 9
9 10 13
10 14 14
8 12 10
15 18 13
20 1 9
13 15 13
0 4 18
1 3 2
20 23 18
15 18 17
17 20 9
20 0 14
18 21 9
2 3 10
15 19 6
16 20 3
1 5 11
19 23 19
4 8 7
17 23 4
23 2 11
9 12 8
10 13 14
17 19 14
2 6 2
13 17 7
6 10 6
12 17 11
23 3 10
7 9 13
22 1 17
20 23 8
10 14 12
7 9 14
21 0 7
4 8 15
12 16 17
10 13 9
9 13 1
23 0 1
21 0 3
18 21 5
21 1 4
11 14 1
17 18 4
10 12 17
0 2 9
19 22 7
7 11 5
19 21 11
21 1 5
1 4 5
19 23 8
17 19 13
18 21 8
11 14 13
10 14 1
14 18 16
6 9 11
19 23 19
14 16 13
11 14 7
5 8 2
0 3 16
2 8 8
2 5 3
3 6 3
14 17 19
12 15 3
21 1 6
3 6 2
23 0 5
7 8 11
19 23 16
16 18 17
23 1 19
22 1 2
13 18 10
19 20 1
12 14 18
20 23 4
9 13 15
18 21 2
8 11 16
4 6 4
2 5 1
1 4 16
7 11 8
5 8 10
15 18 17
10 11 17
18 21 4
7 9 11
7 9 13
6 10 6
23 2 19
21 1 5
8 10 8
14 17 2
10 13 9
17 21 8
3 5 8
6 9 16
19 22 12
0 3 18
12 15 16
11 15 14
20 23 5
9 13 19
21 0 12
15 19 10
19 22 1
0 4 1
4 9 13
12 15 17
2 4 16
7 10 3
10 13 1
18 22 11
15 17 15
0 3 12
4 7 17
12 15 17
23 3 1
18 20 14
1 4 15
15 17 15
20 1 1
9 14 7
15 19 8
13 16 6
5 7 2
2 2 7
4 8 19
19 21 1
2 6 2
5 8 4
3 6 18
2 6 5
9 11 12
7 9 11
2 5 18
21 1 5
3 5 16
0 2 7
3 5 12
4 7 3
8 11 14
4 8 6
8 12 14
21 0 4
12 15 14
6 9 10
14 17 14
11 14 10
19 0 5
16 18 19
10 13 18
10 15 15
8 11 5
3 5 16
1 3 11
22 2 9
7 9 13
7 8 11
10 13 12
13 18 10
12 15 11
6 8 18
12 15 11
13 16 4
18 23 17
21 23 3
4 7 11
22 0 17
19 22 11
2 4 17
22 3 16
8 12 15
13 15 15
22 2 10
18 21 7
6 9 13
19 21 3
5 8 11
23 1 18
6 8 4
10 13 6
16 19 15
3 6 15
21 0 7
23 4 6
7 9 18
12 16 14
17 21 10
19 20 6
15 21 11
4 7 3
10 13 1
14 17 1
4 7 9
12 15 13
9 10 17
12 14 5
4 7 11
12 17 10
23 2 5
6 11 2
8 13 2
12 16 4
14 18 12
21 1 3
2 6 6
10 13 6
6 8 12
2 5 13
5 8 13
13 16 5
13 18 11
13 16 2
17 19 14
10 13 5
10 14 17
19 22 14
4 6 19
3 6 15
18 22 10
17 21 17
19 22 11
23 2 2
8 11 1
2 7 12
0 3 16
14 18 9
22 0 2
0 1 12
8 12 5
2 5 19
9 10 16
4 7 18
22 1 14
21 1 2
14 17 12
20 0 15
11 15 15
23 1 12
13 15 9
19 21 14
9 11 13
3 7 16
22 1 18
22 2 17
15 18 6
23 3 5
16 17 8
1 4 19
19 22 15
18 20 6
0 5 17
23 1 17
23 2 15
20 0 4
17 20 16
2 6 17
4 8 4
22 1 17
1 5 1
13 17 11
4 8 3
12 16 16
18 19 5
13 16 7
4 7 19
20 23 2
13 17 6
6 10 4
9 14 6
23 4 18
6 10 5
17 20 12
3 6 1
13 16 10
7 11 10
23 0 4
16 19 7
11 14 7
9 11 5
3 6 13
10 13 7
21 23 9
15 19 10
3 4 8
19 21 13
9 11 12
17 20 7
3 6 14
18 21 14
8 11 16
19 22 11
0 2 1
14 18 16
17 19 3
13 16 16
18 22 16
8 12 5
0 3 14
0 5 9
5 7 4
21 0 6
22 0 9
9 12 1
22 1 8
10 14 2
20 22 16
21 0 13
15 19 5
17 21 9
6 9 14
11 14 8
19 20 19
18 20 16
22 1 9
20 22 10
18 22 4
20 0 1
18 21 15
20 22 13
10 12 17
20 23 13
12 15 2
23 2 16
0 2 4
6 8 2
1 6 14
4 7 19
13 16 16
10 14 9
4 7 10
13 16 18
7 9 14
8 11 18
20 23 7
7 9 16
14 15 19
5 9 5
6 8 6
19 22 8
12 16 6
10 12 8
20 23 2
12 15 14
14 18 16
15 18 10
2 5 18
13 17 4
1 3 9
11 16 8
23 1 10
20 22 4
23 2 12
7 9 12
21 1 5
14 16 17
5 8 17
6 9 14
15 17 16
7 10 6
21 22 1
1 3 16
14 17 14
10 15 15
21 0 11
6 9 4
3 6 16
21 1 18
16 19 13
23 2 11
22 2 18
10 13 1
22 0 12
21 0 1
17 19 16
2 5 9
3 6 3
13 15 18
6 10 16
5 8 6
11 14 2
1 4 13
16 19 9
5 9 17
13 14 11
18 20 14
15 18 17
13 15 9
7 11 12
5 9 18
16 19 16
19 23 10
19 22 18
6 11 5
2 5 13
4 7 10
6 10 7
12 16 3
20 22 16
22 2 14
23 2 7
15 19 17
20 22 15
19 23 1
10 15 2
20 0 3
2 5 18
17 19 14
22 1 13
0 3 15
22 2 13
14 19 11
19 21 13
22 2 12
0 3 11
6 9 17
4 7 1
15 19 10
7 10 12
19 1 18
23 23 13
14 18 8
14 18 18
5 7 15
2 5 11
8 11 18
16 19 19
7 10 12
16 18 12
4 8 7
13 17 19
8 10 18
19 20 13
10 12 1
14 17 13
9 14 17
9 13 14
19 22 5
22 4 17
1 4 17
22 0 5
22 1 19
9 11 15
1 5 15
5 9 13
15 18 5
2 4 17
23 2 4
0 2 1
20 22 14
5 9 15
22 1 10
13 16 10
18 21 17
4 7 12
13 17 4
10 13 2
11 14 12
5 7 4
1 4 10
5 7 1
6 9 2
1 5 2
1 3 7
6 9 2
18 20 5
15 17 14
6 8 4
8 10 10
19 23 11
0 4 18
9 11 16
1 3 4
5 9 19
3 6 7
22 0 1
15 18 18
12 15 13
14 18 1
5 8 10
18 21 18
14 18 5
23 1 7
2 4 3
4 7 12
11 13 2
5 6 19
3 8 19
12 16 14
9 11 6
11 15 18
15 18 12
4 6 6
6 5 2
7 12 6
9 13 1
22 23 19
11 15 16
15 20 3
3 7 12
16 19 17
23 4 4
20 22 7
14 18 4
5 9 15
15 18 5
0 2 19
7 10 11
6 8 1
15 17 10
2 5 6
13 15 3
6 9 6
6 8 5
14 16 13
8 11 2
9 11 11
10 13 11
21 1 17
7 10 1
14 18 6
12 16 12
18 21 19
3 7 12
11 13 4
10 11 2
18 21 14
9 10 13
23 2 2
4 8 17
1 4 12
12 14 1
5 8 12
18 19 9
10 13 6
2 5 1
21 23 19
15 18 5
16 20 14
6 10 17
12 15 13
9 12 13
23 1 16
7 7 17
3 8 3
18 20 5
4 8 13
1 4 14
18 20 9
0 4 8
10 13 11
0 1 19
22 0 3
5 7 3
4 8 6
5 8 17
8 10 3
19 22 14
4 8 2
20 23 10
21 0 7
16 19 1
21 1 6
10 14 5
13 15 6
7 11 7
18 22 5
3 6 15
19 22 13
6 8 1
23 2 11
7 8 14
17 21 19
12 15 11
11 15 17
19 23 15
13 17 10
23 1 5
8 11 6
3 6 16
22 3 12
1 3 11
12 14 18
18 21 7
23 3 18
12 15 7
19 22 8
8 10 7
13 16 6
21 1 4
10 14 18
5 8 7
3 6 13
21 1 5
14 19 18
5 10 18
10 13 14
14 17 8
0 3 17
10 12 4
22 1 17
20 0 3
14 17 8
11 12 3
4 6 2
6 9 13
9 11 16
1 3 2
0 2 16
0 1 18
8 11 10
17 21 10
19 22 13
3 6 16
23 2 2
9 12 14
21 0 13
21 1 4
17 18 15
15 18 15
23 3 16
17 20 16
18 20 3
21 23 13
3 4 3
18 22 6
17 21 9
6 8 5
21 23 10
0 6 2
17 20 7
23 2 3
11 15 11
4 9 5
4 7 6
19 22 5
21 1 16
9 11 6
0 2 11
18 20 19
4 4 14
12 13 16
6 11 17
0 4 19
18 22 9
22 1 10
14 17 18
4 7 6
12 15 6
15 17 9
17 22 11
23 3 15
9 11 4
14 18 19
8 11 7
14 18 18
10 14 3
8 11 17
11 14 7
17 20 15
8 9 18
5 10 2
6 10 10
23 3 18
20 21 7
2 6 14
6 8 7
12 13 9
18 22 16
20 21 9
9 12 15
7 9 17
11 15 16
1 3 15
11 15 15
14 18 15
5 8 17
22 2 15
17 19 12
2 7 9
19 0 3
21 1 2
3 5 11
17 20 12
11 14 6
2 5 5
23 3 11
2 6 16
13 17 15
2 5 4
16 19 9
16 18 3
13 16 15
20 23 7
7 10 5
23 3 13
0 4 1
21 0 6
17 18 12
3 8 6
7 9 7
7 10 13
5 7 9
3 9 5
19 23 7
19 22 14
4 7 16
18 22 9
19 22 14
11 13 14
19 21 4
7 12 10
12 15 7
5 8 8
14 16 12
15 18 10
12 13 13
9 13 5
21 0 12
8 11 2
8 10 4
21 0 9
5 9 1
18 20 13
15 16 3
4 7 15
7 11 15
2 4 8
18 21 12
13 17 5
15 19 2
20 1 11
4 7 5
4 8 12
1 5 2
9 10 16
13 18 6
11 14 16
20 0 14
0 3 18
4 7 7
22 1 2
20 2 17
18 21 11
20 22 18
18 21 12
20 23 1
4 7 5
9 12 9
21 0 14
23 2 2
3 6 3
6 10 1
17 19 15
16 20 11
6 10 19
21 0 18
11 15 16
16 19 2
22 2 16
5 8 13
20 0 2
22 3 9
22 0 19
1 4 17
23 3 10
7 8 3
15 17 6
5 8 2
19 21 19
15 18 4
20 23 11
18 20 15
12 15 7
11 14 2
14 19 19
17 19 14
1 5 17
17 20 16
7 9 17
6 8 12
19 21 7
6 8 10
20 22 13
19 23 18
22 0 10
10 13 17
10 13 16
8 9 18
0 1 12
17 21 14
16 18 6
7 10 8
7 10 17
4 7 16
18 21 3
8 10 8
10 12 1
13 16 18
19 21 13
21 23 16
11 16 8
9 12 8
8 11 10
3 6 11
14 16 19
5 8 10
21 0 6
21 22 14
13 16 15
3 5 2
8 11 3
14 17 1
18 22 8
19 22 3
19 23 8
18 22 3
12 15 16
5 9 5
5 8 18
5 9 18
8 11 8
21 2 18
14 17 6
15 17 7
13 16 1
8 10 18
6 10 18
11 15 8
16 19 6
23 3 6
13 17 4
19 21 8
5 8 1
9 12 12
0 3 11
4 8 18
7 9 13
8 11 14
20 23 11
21 0 5
19 22 1
14 18 13
21 1 10
15 18 16
20 0 19
5 10 12
1 3 16
8 10 4
10 12 13
11 15 6
21 22 15
12 16 11
15 20 10
13 16 8
15 16 17
19 21 10
2 5 11
6 10 15
22 2 8
16 20 8
4 7 17
9 12 7
9 12 5
19 23 5
0 2 19
11 14 2
11 13 8
22 2 9
16 19 18
22 1 8
13 16 19
8 11 14
6 9 17
10 13 2
21 1 3
2 5 17
9 12 15
2 6 10
21 23 17
17 21 5
13 16 10
21 0 8
0 4 7
3 6 10
5 8 11
11 14 7
8 11 1
15 19 17
2 5 18
4 5 8
8 12 5
19 22 13
13 16 16
2 5 7
15 18 8
7 10 19
10 13 8
1 5 16
23 1 12
15 18 7
17 21 2
6 9 10
4 7 10
12 15 8
16 17 19
17 19 12
12 14 14
3 5 8
14 17 11
4 6 11
14 16 15
14 18 10
23 2 6
1 4 16
6 8 14
6 9 14
20 23 7
15 16 10
15 19 17
22 2 14
9 12 10
2 5 7
22 0 14
11 15 3
20 23 16
8 11 2
10 13 15
4 6 5
8 9 4
19 23 15
2 4 19
19 22 2
11 14 7
23 3 11
8 12 4
15 20 4
16 19 4
17 20 14
8 12 5
10 12 9
14 17 5
10 13 6
1 4 2
18 20 12
18 20 6
15 20 10
11 14 17
12 17 1
11 15 8
9 12 8
13 15 13
21 0 11
16 19 8
7 10 4
20 0 12
14 17 11
6 12 13
2 5 10
3 6 6
9 14 10
2 5 15
16 19 4
2 7 18
20 21 18
11 13 2
10 12 12
7 11 16
2 6 1
17 18 10
6 9 18
21 23 15
19 20 15
18 22 4
4 5 3
10 13 9
18 21 13
9 12 19
2 3 13
21 22 5
4 8 14
20 0 12
9 13 12
6 8 16
18 19 4
13 16 13
8 12 18
3 9 11
6 9 4
12 16 18
22 1 1
5 8 18
5 9 2
11 14 18
23 2 18
1 3 2
6 10 8
17 21 1
18 19 12
17 20 13
8 14 2
15 19 13
20 22 4
10 12 17
8 9 1
10 14 4
0 4 7
18 21 1
15 18 9
4 7 16
18 20 10
6 9 14
18 21 9
8 11 15
11 15 5
20 22 10
6 9 1
2 4 2
20 23 14
0 4 13
16 21 16
14 16 18
14 17 5
17 23 10
5 7 8
19 21 11
15 17 19
22 0 6
17 18 11
13 15 6
23 2 17
0 4 7
23 1 4
17 19 9
7 12 11
5 7 1
22 1 4
9 11 1
9 13 13
4 7 2
5 7 3
22 2 6
9 12 8
9 11 11
21 1 9
13 18 3
15 18 3
5 8 12
18 21 10
10 12 1
6 10 13
15 18 10
2 4 12
8 10 11
6 9 8
11 14 3
20 23 9
23 3 16
1 3 14
16 19 1
11 15 5
21 0 9
7 8 15
15 18 3
8 10 14
14 17 2
18 21 15
3 7 13
7 11 8
10 13 14
5 7 10
16 18 2
17 22 14
7 9 2
16 19 13
21 0 8
1 3 11
17 20 16
9 11 13
8 10 7
16 20 5
18 19 11
11 14 10
13 15 17
2 5 11
1 3 15
8 11 13
14 18 8
19 22 17
2 6 14
21 23 2
17 22 18
17 19 15
0 3 16
18 20 17
19 22 6
19 23 7
3 7 2
11 14 2
5 8 2
14 18 17
20 23 2
13 16 13
6 8 7
7 13 11
12 14 3
1 1 4
11 13 3
8 11 12
21 1 8
20 22 4
0 2 5
0 3 6
18 21 19
4 6 19
10 15 11
10 13 7
19 23 11
19 22 9
12 15 3
19 22 15
7 11 10
14 18 11
18 20 3
21 1 18
14 16 10
5 9 11
7 10 5
13 19 8
7 11 7
14 19 19
16 19 9
12 15 17
0 3 19
4 8 11
11 15 8
9 11 17
8 13 10
14 18 19
18 21 10
6 9 19
18 20 6
6 8 19
3 7 17
23 3 13
6 8 19
14 16 1
19 22 15
13 16 6
14 18 14
2 4 16
23 1 17
4 8 1
23 3 6
14 17 10
17 19 10
22 1 15
9 14 15
11 15 14
16 20 15
3 6 16
12 15 13
18 20 4
3 4 15
11 13 19
17 22 9
18 21 3
21 0 8
15 17 16
8 9 5
18 22 15
17 19 8
9 13 10
16 18 11
23 3 8
0 2 15
1 5 5
12 15 2
20 22 19
18 21 12
21 1 3
18 21 18
3 7 8
5 9 9
23 1 1
18 21 19
0 4 14
1 3 13
9 11 1
18 22 18
15 19 6
0 3 18
6 9 12
3 5 3
3 6 13
8 11 9
9 11 18
23 4 15
20 23 3
5 8 13
19 0 10
16 20 4
22 1 14
13 16 14
5 8 6
19 21 14
17 20 3
6 10 4
3 7 13
8 12 18
1 4 9
20 20 8
7 11 15
17 20 19
3 6 17
18 22 8
7 9 9
14 18 11
21 2 10
20 0 14
21 0 5
23 3 7
19 22 15
16 19 16
7 10 8
13 14 18
11 13 17
4 7 19
5 7 4
2 5 9
15 18 1
3 5 17
10 13 12
21 0 8
16 19 16
9 13 5
1 3 4
18 22 10
10 12 14
8 11 19
0 3 17
20 22 1
14 15 5
17 19 12
12 14 14
17 21 9
1 5 2
16 17 5
15 19 12
4 7 4
4 7 9
19 21 3
1 4 17
17 22 1
0 3 2
1 6 4
3 6 14
9 12 5
0 1 15
9 11 15
20 23 9
17 19 19
4 8 2
21 22 9
12 15 2
23 2 8
12 14 8
6 8 11
9 11 5
3 6 2
6 9 17
5 8 17
15 19 19
21 1 10
19 23 4
9 11 8
9 13 4
11 14 19
20 0 4
9 13 13
23 2 1
4 8 7
8 12 17
23 2 2
11 15 4
2 5 4
12 14 18
6 9 18
17 19 7
13 16 9
7 8 12
17 22 16
11 15 10
2 6 9
16 20 1
22 3 17
10 14 14
17 20 13
20 23 13
11 14 15
8 10 15
12 15 15
18 19 2
2 6 16
4 6 5
5 8 15
20 0 15
0 4 13
12 14 9
19 22 17
20 1 12
23 4 6
23 3 7
15 18 19
23 3 3
12 15 13
12 14 13
15 17 18
3 7 3
15 17 14
21 0 10
6 10 18
0 3 8
18 21 13
7 8 2
18 20 2
17 21 12
8 10 3
10 13 11
9 11 3
18 21 2
18 20 3
8 10 12
7 10 9
22 2 14
15 17 8
15 17 13
12 13 9
18 22 4
18 22 9
20 23 3
3 6 9
16 19 9
17 20 9
21 1 17
22 23 1
20 23 14
21 1 7
20 23 14
8 11 2
7 11 9
22 1 5
5 6 2
19 22 8
23 2 14
13 17 17
12 16 5
1 3 13
18 22 3
13 16 10
3 6 3
21 23 2
16 18 1
7 11 3
19 22 16
19 22 8
10 13 4
17 21 7
6 8 5
14 17 10
15 19 14
20 22 15
21 0 15
17 20 8
5 10 16
6 9 12
8 12 3
10 12 10
19 21 5
5 6 1
19 21 2
4 8 19
17 20 7
3 6 13
4 7 16
10 14 12
10 13 1
3 5 17
23 0 7
23 3 3
15 18 6
19 0 19
15 18 14
15 19 10
13 18 4
11 14 12
21 0 2
9 11 9
9 14 15
19 0 3
10 11 11
20 22 4
21 1 11
10 14 12
22 2 14
2 4 8
22 1 16
7 11 2
11 11 11
12 16 6
23 3 18
11 15 5
22 1 16
2 4 16
10 14 11
10 12 19
18 20 7
22 3 4
9 11 5
23 2 11
17 18 10
1 4 14
4 6 4
18 21 9
6 10 11
10 14 2
17 20 13
4 8 5
17 19 17
18 22 6
5 8 10
13 16 9
2 5 12
19 21 19
1 3 7
4 6 11
18 20 5
13 14 10
12 15 1
11 14 8
8 10 14
19 21 12
4 7 11
5 8 15
21 1 5
6 8 5
2 7 7
19 21 6
14 17 11
12 14 16
20 22 10
22 1 17
5 9 9
21 23 17
6 9 2
2 4 10
5 8 15
11 12 17
23 2 9
9 13 15
22 2 11
21 23 5
3 7 13
20 0 4
6 8 13
11 16 4
15 20 4
2 4 2
13 16 7
19 20 1
7 10 16
5 7 13
19 21 16
10 12 10
8 9 2
20 23 7
9 12 14
13 16 13
11 15 13
10 12 6
21 0 6
22 0 6
12 14 18
9 12 16
19 22 8
3 5 9
12 14 3
12 15 1
18 20 13
5 7 2
0 5 11
23 2 17
15 18 9
10 12 1
0 4 17
6 9 8
6 7 4
4 6 8
22 2 19
5 7 1
22 23 2
15 17 6
18 22 13
12 16 16
20 1 9
21 1 3
1 4 14
15 18 10
4 7 18
2 6 5
16 19 9
8 10 2
18 21 17
14 16 13
14 17 5
23 1 17
9 12 19
8 11 3
15 17 1
3 5 2
6 9 8
7 9 1
6 10 14
3 6 14
10 12 19
4 4 8
9 12 12
11 14 8
12 16 8
14 16 6
2 5 12
21 0 9
18 23 14
3 4 3
20 23 3
14 16 12
19 23 11
16 20 15
18 22 1
6 9 19
20 0 7
18 22 8
20 0 6
17 19 18
1 2 7
18 22 7
18 23 5
21 0 11
22 1 13
23 1 19
19 0 9
22 1 5
0 3 8
8 11 19
4 8 5
21 1 9
14 17 3
0 2 6
12 14 10
16 18 1
2 5 1
14 17 14
20 22 16
20 22 13
20 23 13
22 1 15
5 9 19
13 16 9
18 22 16
8 11 15
12 14 5
10 12 1
21 23 3
23 0 13
17 21 5
18 23 6
22 2 4
5 7 8
5 9 7
4 8 1
9 11 18
7 12 17
23 1 14
22 2 3
19 23 11
21 0 8
20 1 10
22 2 1
0 2 13
18 21 9
0 4 13
0 4 15
23 1 16
10 13 14
4 7 8
18 21 14
8 11 12
18 22 6
4 7 10
17 19 1
20 23 6
20 21 11
8 12 18
12 15 18
5 7 7
18 21 9
7 10 6
2 5 9
15 19 2
10 13 10
17 19 5
16 19 13
17 18 10
11 14 3
0 2 12
17 19 13
2 5 10
0 2 10
21 0 15
15 18 10
15 17 11
8 10 16
0 4 1
4 7 9
14 16 12
3 5 7
19 22 14
20 22 19
22 23 3
20 0 3
20 22 15
21 23 1
15 18 5
16 19 14
5 9 10
2 5 4
7 12 3
13 15 13
2 5 19
3 6 13
3 6 13
1 5 16
10 12 2
15 17 3
10 15 15
21 1 12
7 9 9
0 3 12
21 1 5
1 5 3
8 11 8
18 22 10
2 6 10
23 1 6
13 16 16
22 2 16
22 2 2
14 17 17
21 0 16
23 2 11
9 12 8
16 20 8
19 23 14
22 1 7
8 11 2
13 16 18
11 12 15
22 1 15
6 9 9
12 13 1
3 6 8
5 5 1
20 22 1
21 0 16
12 15 14
10 14 6
5 7 4
22 0 1
13 16 11
8 11 5
17 19 3
23 3 15
6 9 8
3 6 2
8 10 8
10 13 15
20 0 5
8 9 18
15 18 10
8 12 9
0 4 9
14 17 4
15 17 4
11 16 12
11 14 9
6 9 17
1 5 16
19 22 12
12 16 18
13 19 19
21 0 4
16 20 7
3 5 8
18 23 9
19 22 8
22 0 3
21 0 3
23 2 15
11 14 7
12 15 3
9 13 3
11 12 19
14 17 9
7 10 11
19 23 1
19 23 6
8 11 5
13 15 4
12 15 1
12 16 18
4 6 15
20 23 1
17 20 6
3 6 11
10 13 11
8 11 12
19 23 2
2 4 2
17 21 15
21 0 9
22 0 1
14 16 11
16 19 12
0 3 4
8 11 16
12 13 12
0 2 5
7 11 15
16 20 11
22 1 7
17 22 8
6 10 5
13 16 18
23 4 12
8 10 7
21 0 18
20 23 14
13 16 16
16 19 11
10 14 6
10 11 12
12 14 1
21 0 4
13 14 17
6 9 2
1 5 13
5 7 7
14 19 7
1 5 17
7 9 11
12 15 16
12 16 12
8 12 3
7 10 14
23 3 10
10 12 4
17 21 3
0 5 19
4 6 7
0 4 15
20 23 2
8 10 18
23 2 7
11 13 1
7 11 14
5 9 4
10 13 11
17 21 14
21 1 8
15 18 13
9 12 14
12 15 9
11 15 4
9 11 17
9 12 6
23 2 5
13 16 19
10 13 11
16 19 14
0 4 6
1 3 7
8 10 11
23 1 18
22 1 5
15 18 17
10 14 3
0 3 12
21 1 15
9 13 1
18 21 3
21 23 15
23 0 6
6 8 5
11 15 1
16 19 9
6 9 1
15 19 7
3 7 12
12 15 14
0 3 6
19 22 11
19 21 16
1 5 1
13 15 9
14 18 17
1 4 14
8 12 8
0 3 4
4 8 17
20 0 19
21 0 11
5 8 18
23 1 7
6 9 10
16 20 8
17 20 9
8 12 7
9 12 18
15 19 5
20 0 16
18 22 2
17 21 7
8 11 6
0 3 18
4 7 15
7 12 16
7 11 10
1 2 2
5 6 2
9 12 1
15 18 15
13 17 17
3 5 11
1 6 19
10 13 1
22 1 14
7 9 13
7 12 3
15 18 1
2 6 2
13 15 13
4 7 13
23 4 8
17 19 15
7 10 6
11 14 17
2 5 11
15 17 4
9 12 11
4 7 15
3 6 1
13 14 12
10 13 14
10 14 11
2 5 19
10 14 1
22 0 14
7 9 3
20 0 16
1 3 12
11 13 3
1 6 5
12 16 8
1 5 4
10 11 16
11 14 15
23 1 17
11 12 12
9 12 7
9 13 2
5 7 7
17 20 2
22 2 6
22 1 6
12 16 10
22 0 7
12 15 19
12 14 3
23 3 12
23 3 6
6 10 4
4 8 1
3 6 4
18 20 3
19 23 5
21 23 13
20 23 10
0 2 3
13 18 15
1 6 6
11 14 11
16 19 3
6 9 1
22 1 3
12 15 18
11 13 19
8 11 12
11 13 4
19 21 10
10 13 9
10 12 14
4 8 8
10 13 19
12 16 14
18 21 1
15 16 18
6 9 7
17 21 18
19 21 16
11 12 6
15 18 15
12 15 9
19 23 14
5 9 14
19 22 3
8 11 15
19 21 3
0 4 17
19 23 2
1 4 14
13 15 17
2 5 19
1 4 2
22 2 17
5 8 19
12 16 3
15 16 2
16 21 11
12 15 14
19 23 7
13 16 17
8 10 8
13 18 9
17 18 4
5 8 5
1 3 19
5 6 7
5 8 4
22 2 6
21 22 8
23 1 7
1 3 18
0 1 19
15 20 12
1 4 2
20 23 3
4 9 9
21 22 3
20 22 10
15 18 9
23 1 7
17 20 6
9 11 9
16 18 10
3 5 6
21 22 16
21 23 15
13 14 5
12 16 2
7 11 9
17 18 1
4 9 1
7 10 11
16 20 4
17 19 19
15 16 4
13 17 17
17 20 2
9 11 18
12 16 16
15 18 10
18 22 18
4 5 15
5 9 5
18 21 16
4 8 9
8 12 9
11 14 11
3 6 12
0 3 2
1 5 19
4 8 14
13 16 6
6 9 2
21 0 12
0 4 19
23 2 4
0 5 14
8 11 7
1 2 8
8 11 8
20 23 18
18 20 16
20 23 14
14 18 3
12 12 5
11 13 8
21 0 7
1 4 15
3 6 16
4 8 9
21 1 16
12 15 8
12 15 8
5 7 10
16 19 4
14 18 8
23 4 11
5 8 4
14 16 14
13 18 6
16 19 12
18 23 9
22 2 4
2 3 6
19 22 2
6 10 19
11 14 6
19 21 15
22 1 11
12 17 19
14 16 7
17 21 14
8 11 3
1 6 10
22 0 4
5 9 1
8 11 13
10 13 19
6 8 4
5 7 16
10 12 9
0 3 4
22 2 15
17 18 15
7 9 1
22 0 8
12 15 4
4 10 2
21 1 4
5 9 16
4 8 8
1 4 14
11 14 5
2 6 3
14 17 2
2 5 2
21 1 18
3 4 8
11 15 3
1 6 1
17 20 10
8 11 14
10 14 14
8 11 5
17 21 4
1 4 4
6 9 6
7 11 16
15 16 4
6 8 1
18 22 4
12 15 5
20 0 16
7 10 8
2 6 18
11 14 13
4 6 11
15 17 7
17 20 2
8 11 1
8 10 8
17 20 8
14 18 15
23 3 11
6 10 14
9 11 14
13 15 19
18 20 17
10 14 15
0 3 7
20 23 17
7 9 11
18 20 14
22 2 4
13 15 9
6 9 14
19 22 5
1 6 4
1 5 9
2 7 17
9 11 17
11 13 8
10 13 14
3 6 19
7 10 14
21 0 18
14 16 15
12 14 8
6 9 10
13 15 2
0 2 18
20 22 16
15 20 5
17 19 16
11 13 13
22 1 12
4 8 12
3 5 13
12 16 5
16 18 16
17 19 13
15 18 19
7 11 13
11 14 5
7 9 1
9 13 18
10 14 9
11 13 12
11 15 9
0 5 2
23 2 18
9 12 15
12 15 14
10 14 3
11 14 14
20 1 14
12 16 8
5 9 13
17 21 1
9 11 10
19 22 10
5 8 2
1 5 3
14 19 16
7 11 10
23 3 19
3 6 3
6 7 13
17 21 16
2 6 12
18 21 6
21 2 14
8 11 10
16 18 6
0 2 11
6 9 12
14 16 15
16 20 2
17 21 2
2 6 10
20 22 16
6 9 10
15 18 10
11 13 1
23 1 14
14 17 16
8 11 9
21 0 3
16 20 19
3 5 6
14 17 6
11 13 18
10 13 12
19 23 10
23 4 10
3 5 14
19 23 9
7 10 4
6 8 7
4 8 1
10 13 13
15 19 18
19 21 2
17 20 9
18 21 14
0 2 13
5 8 14
18 20 13
3 9 14
14 17 10
8 9 16
2 4 7
15 19 1
20 22 15
5 9 2
18 20 17
22 2 11
15 18 11
14 18 7
6 9 12
2 4 8
22 22 15
22 1 12
5 8 17
8 11 6
15 17 11
9 10 2
7 11 4
15 18 1
23 3 5
1 5 6
2 6 11
18 22 9
10 14 6
7 9 19
7 10 14
13 18 16
12 15 4
0 4 19
0 5 15
18 20 7
11 14 9
21 22 19
3 4 7
14 18 8
10 15 17
19 21 8
8 11 1
7 11 8
17 21 1
5 9 19
16 18 3
23 2 15
22 1 17
17 22 5
5 9 5
14 17 6
10 12 13
7 10 4
6 10 4
16 17 12
5 6 12
11 15 2
1 4 8
21 0 7
14 17 14
23 2 16
8 10 5
3 8 17
21 1 3
0 2 4
10 12 18
6 9 17
19 21 17
15 19 19
18 21 18
6 9 4
10 13 13
9 9 10
3 6 19
7 10 14
13 17 11
5 8 8
12 16 9
11 13 4
13 16 2
16 19 4
23 2 6
4 7 5
8 13 10
21 1 16
0 3 11
5 6 3
22 2 10
2 5 13
13 16 6
19 23 2
8 11 4
3 7 11
22 2 15
2 6 10
11 14 6
21 23 12
1 4 4
12 15 3
17 20 9
8 13 19
17 21 10
13 16 10
22 1 12
1 3 19
2 6 13
13 15 2
0 4 14
6 10 6
12 14 15
2 5 11
10 13 13
21 1 15
10 12 16
6 8 10
20 22 6
5 8 4
8 10 3
2 7 3
13 15 16
14 19 2
16 19 5
15 17 17
2 4 6
13 17 14
13 18 9
14 17 1
9 13 14
15 18 14
10 13 18
19 23 1
11 13 1
3 4 18
20 22 17
12 15 1
14 18 1
9 12 16
1 2 15
1 4 1
20 0 16
5 6 14
8 11 9
11 14 5
13 17 1
23 4 3
17 20 14
5 9 3
21 1 13
14 17 16
2 6 18
13 16 16
2 4 13
9 12 1
17 20 13
6 8 6
4 8 13
2 6 6
21 0 9
14 17 16
6 8 1
11 14 14
15 17 13
4 7 10
3 6 13
12 16 7
14 17 11
5 9 17
14 15 4
20 0 13
19 22 13
15 18 18
4 7 3
21 0 3
21 0 17
17 21 3
9 12 7
22 2 19
19 21 5
17 20 11
3 4 17
11 14 7
10 12 14
6 9 7
10 12 6
11 13 3
16 20 19
14 19 6
6 9 6
7 11 3
15 18 8
8 13 3
13 16 2
4 6 7
14 18 9
18 20 2
8 12 3
14 16 9
5 8 14
18 20 7
12 14 5
0 2 13
11 14 19
0 3 1
23 1 4
8 11 15
9 12 11
8 14 9
9 12 11
21 23 8
5 8 10
22 1 18
5 7 15
23 2 18
19 23 1
14 16 7
15 20 17
7 10 3
16 19 15
17 21 2
17 19 12
14 16 1
5 6 10
16 19 9
17 20 8
16 19 10
12 15 2
20 23 17
16 16 4
23 1 16
12 16 10
3 5 8
1 2 9
22 0 17
11 14 18
16 18 4
22 1 6
14 16 11
16 19 7
20 23 15
7 11 8
21 0 11
11 15 5
3 6 10
22 1 15
3 6 10
18 22 12
1 3 11
23 2 17
17 21 18
22 0 4
14 14 2
18 22 9
1 5 7
1 4 2
1 2 15
20 1 5
5 9 10
2 6 11
17 19 3
19 23 10
9 12 4
18 21 9
4 6 18
22 1 2
23 1 19
2 5 6
13 16 13
23 2 5
11 15 13
21 0 13
3 6 15
13 16 14
15 19 14
6 8 4
10 15 7
8 11 13
8 11 3
21 1 19
6 8 9
17 20 16
7 8 2
18 21 5
13 16 9
22 1 6
10 15 15
9 14 2
10 14 18
21 1 1
5 8 10
14 15 5
22 2 13
17 21 11
0 3 8
15 17 13
13 15 17
23 2 16
17 20 2
7 9 7
12 16 12
2 5 15
6 9 19
21 23 11
13 16 17
21 0 18
15 17 2
9 13 6
20 1 11
11 14 4
6 9 10
21 1 16
0 3 2
2 4 16
5 9 15
17 19 3
9 12 14
9 12 19
19 22 7
5 9 5
7 10 13
22 1 16
18 21 10
18 21 19
4 6 6
12 14 5
22 1 3
16 18 10
1 5 11
11 13 12
2 6 5
22 0 17
2 5 1
14 15 13
0 4 5
17 23 7
4 7 14
22 0 6
8 12 17
6 10 4
9 11 11
23 1 8
7 10 5
21 1 5
11 12 19
1 5 15
3 5 17
12 17 9
0 4 6
8 11 7
22 1 16
17 19 17
8 11 2
18 20 3
11 13 6
7 11 12
2 5 9
15 18 9
15 17 9
11 16 1
22 1 9
19 21 16
23 2 4
21 1 11
4 9 16
20 23 5
2 6 4
9 11 13
20 23 15
7 11 15
16 17 11
14 18 11
13 17 16
2 6 4
23 2 8
16 19 11
23 0 5
11 14 2
5 7 17
20 1 12
1 6 10
4 6 2
7 11 4
11 15 12
14 17 6
11 14 15
21 0 11
21 22 6
13 15 14
3 5 6
13 16 14
14 17 6
17 20 4
20 0 11
0 3 3
7 11 1
14 18 7
5 7 4
6 8 18
10 12 10
16 20 3
18 21 6
22 2 1
8 11 2
14 16 18
15 18 11
23 1 10
3 7 13
21 22 1
5 7 12
19 0 12
11 15 7
11 15 4
13 15 14
6 8 18
18 22 11
1 4 18
5 8 2
12 17 12
12 14 15
8 10 15
1 5 5
11 15 1
5 8 17
18 22 4
5 8 6
23 4 15
23 2 1
14 16 5
4 6 13
22 1 8
17 20 4
15 18 5
2 7 10
13 16 18
11 14 15
10 13 16
15 17 12
22 23 18
8 12 11
7 11 6
15 16 10
13 18 11
23 2 5
22 3 12
4 6 12
20 22 3
14 18 12
3 6 8
12 16 11
7 11 1
23 3 12
19 22 18
2 3 17
12 14 15
3 4 13
11 14 8
3 5 19
3 5 13
21 23 12
1 4 4
14 18 9
6 9 18
5 9 5
1 5 15
15 21 17
16 19 8
4 6 11
17 19 16
15 17 14
22 2 15
14 17 2
3 7 19
10 13 13
6 9 2
14 16 16
3 7 6
3 5 19
3 7 4
21 0 4
13 17 8
21 0 8
19 23 17
1 4 16
3 7 8
18 20 19
9 13 6
13 16 18
19 22 4
2 4 10
20 21 12
4 9 15
10 12 15
17 21 7
4 5 14
17 21 10
2 5 10
17 18 19
3 5 14
10 14 15
12 15 7
16 19 13
11 15 19
11 14 3
10 13 6
20 22 16
10 14 14
2 6 8
1 3 9
14 17 17
19 23 16
13 16 19
15 18 4
18 21 18
5 9 10
11 13 11
