250 12
6 5 7 10 3 7 1 5 8 3 2 6 
7 9 7
1 3 8
10 14 6
18 21 10
22 1 2
15 16 6
2 5 5
10 14 9
7 13 4
3 7 6
2 5 5
11 16 9
11 13 6
12 15 2
4 7 8
1 5 5
22 0 3
1 4 12
13 17 8
18 22 9
22 2 1
8 10 12
6 11 2
14 17 11
11 14 11
2 4 8
6 8 12
9 13 1
12 15 9
7 11 11
14 15 7
9 13 5
19 22 2
10 13 2
6 9 12
13 16 6
8 11 5
12 15 11
15 18 1
3 5 7
22 1 8
3 6 11
19 22 8
5 9 11
10 12 1
23 3 2
5 9 4
20 23 8
2 5 7
0 4 5
20 23 11
17 21 8
6 10 6
14 17 11
8 10 7
23 3 10
23 2 10
0 3 6
16 19 6
9 12 3
8 11 1
4 7 2
22 2 4
10 14 2
4 9 7
4 5 8
8 12 5
11 14 9
14 15 3
13 16 3
13 16 1
7 9 10
17 20 5
13 18 6
16 18 12
13 17 1
12 16 12
20 0 7
5 8 5
9 14 1
17 19 2
23 3 4
15 19 5
16 20 9
5 8 12
9 13 11
9 10 6
22 0 5
5 8 4
23 3 8
17 20 3
13 17 10
4 6 11
0 3 2
4 7 8
16 18 3
11 16 10
22 1 10
17 19 12
8 10 8
12 13 11
17 21 11
0 3 9
20 23 5
18 21 11
1 3 5
5 8 12
20 22 1
9 13 3
11 15 5
9 12 2
12 15 12
16 19 11
12 14 11
2 5 12
1 4 12
5 9 11
17 20 9
16 20 10
9 14 7
7 9 12
4 7 5
19 22 12
15 16 6
18 19 1
10 12 6
6 9 8
8 10 3
16 20 7
21 23 3
3 4 10
9 12 10
21 23 1
18 21 9
13 16 10
20 21 1
20 23 7
18 23 2
12 15 1
22 1 9
3 6 12
20 23 3
3 6 11
23 4 2
8 10 9
10 14 3
10 13 3
12 14 9
23 2 3
7 11 3
7 10 4
10 11 2
15 18 7
22 1 12
2 5 5
0 4 5
1 4 11
22 2 7
15 17 9
21 1 7
8 12 10
9 13 1
13 15 4
15 17 7
8 11 4
15 16 11
1 2 4
21 2 6
8 10 12
18 21 8
12 17 10
9 13 3
4 6 7
18 21 4
1 4 4
6 9 7
13 15 12
9 12 10
8 11 9
11 14 5
22 22 11
12 13 10
20 23 5
4 7 1
21 1 5
12 16 4
9 13 6
15 21 10
15 19 12
14 18 6
8 9 12
17 18 6
20 1 9
23 3 2
5 8 2
15 18 7
11 14 8
18 23 5
13 17 12
21 0 10
5 9 1
13 15 5
0 4 6
7 11 1
21 0 7
16 18 6
22 1 3
6 9 2
10 12 9
8 10 12
6 9 9
11 14 4
21 0 12
4 8 10
11 15 3
3 6 10
9 13 5
22 1 9
17 21 12
15 17 6
13 16 6
17 20 10
17 19 6
0 3 9
13 16 5
12 13 4
15 20 11
20 23 3
13 16 4
2 5 3
10 11 8
21 0 5
19 21 5
16 20 4
9 10 6
21 23 1
1 3 12
14 18 4
8 13 3
10 12 9
21 1 11
18 22 2
2 5 9
23 2 6
12 16 6
18 21 1
18 20 12
17 20 11
17 19 10
19 22 2
