500 10
7 7 9 4 10 9 7 3 10 2 
9 12 4
1 3 9
17 18 4
20 23 8
3 5 7
3 6 9
22 1 2
4 6 5
2 6 1
0 2 8
6 8 4
9 13 5
16 18 5
12 15 7
22 0 8
22 1 1
23 1 9
1 4 2
12 15 5
0 4 2
13 14 10
14 17 3
6 8 6
11 13 5
11 16 5
8 12 10
6 9 7
11 13 8
19 1 1
1 4 5
2 5 3
23 3 3
0 2 9
19 23 1
9 11 4
5 10 4
3 4 5
8 10 10
5 7 3
2 6 3
9 13 3
16 19 8
8 12 10
11 14 1
3 7 2
11 14 9
8 10 10
7 11 7
5 9 8
7 9 9
17 20 6
3 5 9
6 8 2
8 10 1
11 13 2
6 6 1
12 16 9
11 15 9
4 7 9
2 5 3
9 9 2
0 4 6
20 0 5
23 23 4
23 2 5
13 18 10
23 2 3
17 20 3
2 5 8
6 8 3
23 3 7
5 8 7
7 9 1
13 16 8
11 16 4
20 0 8
12 14 9
17 20 5
3 6 10
5 9 5
4 6 1
15 17 2
12 16 8
23 2 5
16 21 7
9 11 1
10 13 3
16 20 1
20 23 1
10 15 4
21 22 9
17 20 9
4 7 9
2 5 8
11 13 6
0 2 9
14 17 5
23 1 10
15 17 1
17 19 7
23 2 5
1 4 7
9 13 3
19 23 3
14 17 10
17 19 2
3 6 7
14 18 2
22 1 7
8 11 1
23 1 2
15 18 9
22 23 1
20 0 10
3 6 1
6 9 4
17 21 9
13 17 7
0 5 5
0 3 5
6 9 10
10 13 6
10 14 7
23 4 10
3 6 7
11 12 1
7 10 1
7 11 10
12 13 8
16 20 9
20 23 2
19 23 7
6 8 8
23 1 8
18 20 5
16 19 8
0 3 3
2 4 9
10 13 4
6 10 8
5 9 1
2 5 6
0 4 6
17 19 10
5 7 8
17 21 1
7 8 5
1 4 4
10 13 7
5 9 7
5 7 5
3 7 2
6 8 5
11 14 2
10 14 7
18 21 10
16 19 9
9 13 4
22 1 2
19 21 6
2 6 2
5 10 5
12 16 9
21 1 8
20 0 7
9 12 10
3 6 2
22 1 1
8 12 9
5 8 3
14 15 1
23 2 9
14 17 1
10 12 8
10 14 7
10 15 7
6 9 6
23 3 2
20 21 10
6 9 3
6 10 6
1 3 1
2 5 1
14 15 9
3 9 10
3 6 7
3 6 5
5 9 7
11 15 3
9 13 4
9 13 10
1 5 5
2 3 3
3 6 6
20 23 6
4 8 3
2 5 1
10 12 4
11 14 3
6 10 2
2 5 1
10 14 4
5 7 9
2 4 8
13 17 2
7 10 10
16 18 6
20 1 3
10 14 7
0 3 1
8 11 8
14 17 8
21 23 7
21 1 9
15 19 8
21 1 6
13 15 9
14 18 5
0 4 4
5 9 4
5 9 10
23 1 6
16 18 6
16 17 10
10 11 4
17 21 1
5 6 4
8 11 8
5 9 1
10 13 5
15 20 6
9 11 9
16 19 6
6 9 6
22 2 5
0 4 3
0 5 4
22 1 8
0 4 3
9 12 4
20 1 9
14 16 3
0 3 1
17 20 9
14 18 10
21 1 9
12 15 10
23 3 8
22 1 5
5 9 10
12 15 7
18 20 7
23 3 10
16 19 6
4 7 9
16 20 5
23 2 9
3 5 7
13 16 7
7 11 1
14 16 4
18 21 6
20 22 2
3 5 5
0 3 4
14 18 9
18 20 7
1 3 5
10 13 5
11 14 2
0 2 2
11 13 6
6 9 2
7 8 3
10 13 4
6 10 6
21 1 2
5 7 8
7 11 10
19 22 1
2 5 8
11 14 6
4 7 9
21 0 7
14 15 3
11 14 2
13 17 1
23 1 1
10 15 8
21 0 5
19 21 6
18 20 3
14 18 2
18 20 9
5 8 10
10 12 5
20 1 9
21 0 5
21 0 3
19 21 4
1 5 9
5 7 7
8 10 9
17 19 9
9 12 9
0 5 8
18 22 3
1 2 7
18 22 6
11 15 8
21 23 1
22 2 10
1 2 8
7 10 4
3 6 4
23 1 8
0 3 5
1 4 7
14 17 6
18 20 3
13 15 2
21 23 2
4 6 8
22 1 8
20 23 7
6 9 3
23 3 1
0 3 2
14 17 8
0 2 8
13 15 7
22 2 3
4 6 10
3 7 7
7 10 3
17 21 9
15 18 8
12 15 4
16 20 3
0 3 2
21 1 1
4 7 8
2 5 3
0 3 7
19 23 2
4 8 3
4 7 5
21 0 5
0 4 5
6 8 9
3 6 7
16 20 4
7 10 6
14 15 6
4 8 9
8 11 3
15 17 2
6 9 6
10 14 7
23 3 9
2 5 4
15 17 4
19 21 5
4 8 5
14 18 2
8 10 6
21 0 4
11 14 6
17 20 10
15 18 6
22 2 2
18 21 10
17 20 9
7 12 10
4 9 9
3 7 4
19 22 3
3 5 2
14 18 2
0 4 1
23 2 8
20 0 3
8 11 10
18 21 2
3 9 7
0 3 1
5 7 8
10 12 2
10 11 6
9 12 6
17 18 2
19 22 4
18 22 9
15 18 3
12 15 2
23 3 6
13 17 2
8 10 6
23 3 4
7 11 1
18 22 6
16 20 4
9 13 7
15 18 8
15 19 4
20 23 7
3 5 8
20 21 9
3 5 5
10 13 5
22 2 5
11 16 5
21 23 1
22 2 2
3 5 6
12 16 9
10 11 3
0 4 6
0 3 2
9 11 7
16 19 10
16 20 9
8 13 4
16 18 9
13 16 4
0 2 2
21 23 7
23 23 4
14 18 9
4 7 1
10 13 3
13 16 7
15 16 1
13 16 5
13 15 6
6 11 3
10 13 7
16 19 8
17 19 5
21 23 1
14 15 4
7 10 8
14 16 6
7 10 7
8 11 5
7 9 4
8 12 1
15 17 9
0 2 3
4 6 9
9 12 9
2 6 8
21 23 7
13 16 9
23 2 10
21 0 8
12 16 6
16 19 9
1 4 2
0 4 8
3 7 6
18 22 4
22 0 10
19 23 1
22 1 7
12 14 7
2 7 9
21 23 2
1 3 9
7 7 10
5 8 4
23 2 5
5 11 10
2 5 7
17 20 7
7 9 9
11 15 1
12 15 4
7 11 6
19 22 2
1 4 1
0 2 2
8 10 2
0 3 1
7 10 6
14 17 2
20 0 9
20 22 3
16 18 9
17 19 1
6 10 1
17 20 9
5 8 8
2 5 4
19 1 6
6 8 2
5 6 5
0 1 9
19 22 5
3 6 2
