100 9
1 7 1 8 5 8 10 5 3 
21 0 7
15 18 1
20 22 4
17 19 6
14 16 9
5 7 3
7 10 7
3 5 4
19 23 1
16 19 6
10 12 1
17 19 5
21 0 2
7 8 1
14 17 1
17 19 8
7 11 6
12 16 7
6 9 1
19 22 1
2 5 3
9 12 6
7 10 4
14 15 3
18 22 3
20 22 1
21 23 2
14 15 7
22 1 4
20 23 4
19 22 6
11 14 6
12 13 4
21 0 1
16 20 6
15 17 9
0 2 4
14 16 2
7 11 3
7 10 3
23 0 1
13 16 1
18 20 5
1 6 3
16 18 7
0 3 5
1 6 8
23 4 7
5 8 3
4 8 7
21 2 6
19 20 1
12 15 6
7 10 2
15 17 1
16 18 8
20 21 7
3 6 2
18 20 7
1 4 3
15 18 6
9 13 9
2 5 9
18 21 8
15 19 1
9 12 3
9 12 2
2 6 1
16 17 8
14 19 8
2 5 9
23 1 5
9 13 8
9 13 2
9 9 3
17 19 3
17 21 9
20 23 7
14 16 6
9 13 1
6 7 9
4 9 4
22 23 2
3 7 5
0 4 6
15 17 1
1 4 8
23 2 6
22 1 6
23 2 1
15 20 8
23 1 2
14 18 6
13 15 7
12 16 4
11 14 7
13 18 8
20 23 6
19 21 7
15 19 8
