950 14
1 8 4 7 1 3 7 2 3 7 9 9 3 10 
5 8 14
21 0 8
10 14 10
23 1 10
22 2 6
14 18 13
22 1 9
14 17 8
16 19 1
14 17 3
17 22 3
1 4 9
14 18 6
22 3 14
18 20 4
5 9 6
20 22 14
15 17 5
19 22 10
12 15 6
9 13 10
10 11 6
22 2 11
17 19 1
15 20 11
12 16 8
5 8 9
16 20 11
14 17 6
3 7 5
4 6 9
1 4 11
9 12 7
17 20 1
14 17 13
3 5 6
16 20 11
3 5 10
12 17 1
21 1 6
5 7 10
19 21 9
13 17 12
19 22 1
15 17 1
3 5 1
13 16 10
14 15 7
13 16 2
13 15 13
19 21 13
17 20 5
3 7 9
18 20 10
15 17 7
3 7 9
6 9 6
0 4 7
19 22 9
8 11 8
13 15 5
7 9 4
0 2 1
6 10 8
7 10 7
11 14 9
17 22 14
20 23 7
15 18 14
16 18 4
21 23 4
4 7 12
5 8 11
16 21 7
8 11 8
17 19 7
8 11 8
2 4 4
8 11 8
8 11 9
9 10 9
6 7 6
6 9 4
4 6 14
16 19 2
22 2 6
4 9 5
6 9 12
13 17 3
22 0 1
6 8 13
19 21 14
17 21 13
15 19 11
11 13 2
0 4 9
6 9 14
7 11 8
7 12 4
23 2 11
18 18 12
2 4 3
7 9 9
20 21 8
7 11 14
3 4 10
6 9 12
8 10 4
8 11 7
12 15 10
18 20 1
17 19 4
5 8 10
20 1 1
16 19 11
18 21 9
23 3 13
10 12 13
22 1 13
14 17 3
21 1 6
18 22 4
22 1 12
16 19 14
21 23 7
14 15 12
12 15 13
7 12 12
18 23 5
16 20 3
18 20 7
10 14 14
3 6 3
22 1 12
14 17 2
8 12 6
17 19 13
12 14 6
13 15 11
18 21 4
7 10 8
6 11 11
8 11 7
8 11 14
21 0 4
2 5 8
11 14 7
19 22 11
14 19 7
0 1 8
15 18 9
2 5 5
9 13 14
14 19 11
23 2 6
5 7 9
17 20 2
4 8 6
11 15 14
13 16 5
9 11 2
10 12 12
16 20 12
18 23 13
6 10 6
4 6 3
11 13 12
6 8 1
9 11 13
15 19 12
19 23 11
10 14 12
20 1 11
13 16 14
16 20 14
10 13 11
17 20 5
14 16 13
16 17 14
0 4 13
10 12 4
18 22 6
1 3 1
14 16 6
19 21 5
21 23 5
23 3 8
7 10 6
19 23 11
20 0 8
8 13 4
3 5 9
16 19 2
9 14 10
23 2 5
16 19 9
7 10 13
2 5 11
20 22 3
12 15 1
15 17 14
0 3 9
7 10 6
19 20 5
22 1 6
12 16 2
20 0 7
17 20 13
11 13 4
0 4 6
10 12 6
14 16 14
19 22 6
10 12 7
18 20 11
6 8 10
9 11 6
20 23 8
12 14 8
7 10 12
19 20 3
19 21 1
19 21 11
3 5 14
5 9 5
11 15 2
6 7 10
2 6 12
22 2 9
0 3 2
0 2 3
6 9 10
8 11 4
6 11 9
1 6 9
1 4 2
6 8 4
9 11 3
18 22 11
22 0 3
0 3 13
11 13 4
7 9 12
15 17 13
4 7 9
7 10 14
16 18 2
23 2 3
13 16 4
23 2 7
17 21 11
22 2 5
22 2 4
15 17 4
2 4 13
3 5 10
17 20 7
6 8 1
3 5 2
10 14 6
19 21 10
21 1 3
18 21 12
21 1 10
15 20 8
11 13 1
9 14 9
5 7 9
8 10 7
17 20 12
9 11 4
3 7 1
3 6 9
2 5 14
11 14 6
23 2 10
13 15 10
21 2 13
10 13 13
10 11 1
2 4 11
19 23 11
18 21 9
14 18 11
23 3 10
22 0 1
9 12 7
2 7 2
0 2 10
8 10 7
23 3 6
20 22 10
7 10 13
4 7 1
6 8 7
7 8 12
9 11 7
15 18 8
13 16 6
16 19 12
0 2 10
4 6 4
12 15 5
3 5 14
14 19 9
19 23 5
3 6 9
18 22 14
10 12 9
12 14 7
18 21 8
18 20 5
1 3 11
10 13 12
14 18 8
4 8 8
22 0 7
2 4 11
20 22 5
4 7 5
3 6 11
22 2 14
10 15 2
23 1 3
6 8 10
9 12 13
20 22 14
11 16 1
9 12 2
10 13 14
16 19 4
16 19 7
0 3 2
18 21 12
1 5 4
12 14 9
22 1 10
22 1 14
2 5 3
21 23 8
8 12 3
6 8 12
0 3 4
11 14 14
4 7 4
14 18 4
20 22 8
16 19 7
20 23 2
6 9 6
5 9 8
19 21 4
12 15 3
15 18 2
1 4 7
13 17 6
8 11 6
5 8 10
9 13 1
19 22 12
6 10 3
22 0 7
17 20 14
6 10 3
19 22 11
5 9 4
3 5 5
22 1 8
22 3 4
22 0 1
9 12 2
18 18 6
1 4 6
11 14 14
5 9 4
16 18 4
18 19 12
1 5 5
17 22 9
21 0 7
5 8 12
16 19 6
7 11 8
0 0 11
15 19 14
21 0 2
21 0 6
12 16 7
19 22 9
9 11 8
21 22 10
17 20 10
23 2 5
6 10 11
12 16 6
16 18 7
7 8 13
3 7 2
0 4 4
7 10 9
13 15 2
3 5 5
22 23 4
19 23 9
4 7 11
23 2 2
13 16 9
15 17 6
13 17 10
6 8 12
0 2 4
13 17 10
5 9 4
11 12 5
15 17 4
13 17 9
2 6 1
23 3 13
14 17 8
8 12 1
5 7 9
6 9 1
11 14 11
15 19 2
19 20 7
0 4 14
23 2 4
12 16 4
0 2 14
16 19 2
15 18 2
20 22 3
10 13 1
9 11 8
21 23 12
2 6 1
3 5 1
12 16 10
0 2 1
12 15 12
14 15 8
7 10 3
11 13 12
22 23 9
16 19 14
1 4 13
19 23 4
20 22 6
14 19 8
23 1 2
2 6 13
18 22 8
10 12 13
22 0 12
16 18 12
15 18 11
14 19 13
18 20 5
12 14 1
7 9 10
4 7 1
15 16 7
20 22 6
23 2 1
15 18 14
21 2 9
14 17 13
19 23 9
12 14 9
20 23 5
22 2 7
1 4 13
12 15 12
20 1 1
9 12 3
3 7 12
8 10 4
11 14 7
3 4 6
2 5 14
5 8 12
21 23 13
21 22 13
12 16 14
8 13 8
18 23 9
21 1 8
17 21 3
12 14 1
11 15 3
15 18 8
0 3 7
21 23 1
18 21 13
4 7 6
2 4 5
4 5 4
11 14 8
13 16 12
16 18 1
6 10 2
10 13 7
6 7 5
5 8 10
1 3 14
7 10 14
20 23 5
22 0 13
9 11 5
14 16 3
20 23 8
21 0 13
1 5 12
4 7 6
10 12 1
4 7 12
15 18 10
20 21 9
3 6 9
18 20 4
1 4 5
22 2 1
0 5 14
8 12 11
22 0 3
0 3 13
1 2 6
18 22 13
21 0 7
21 4 10
7 10 4
2 4 13
21 0 10
6 7 12
1 5 11
8 10 13
8 10 5
22 23 9
0 3 5
18 23 9
10 11 1
2 5 4
11 13 14
6 9 6
4 5 2
21 0 3
7 11 9
2 4 5
18 21 8
0 3 6
0 4 2
9 11 6
14 19 13
14 19 13
23 2 11
18 20 9
0 3 14
13 16 6
2 5 13
5 8 7
19 22 14
23 3 6
10 14 4
6 8 2
23 2 12
11 14 4
12 16 2
8 11 11
0 3 6
0 2 11
20 23 12
22 0 2
17 19 8
4 8 8
10 13 11
22 0 14
3 6 10
9 12 5
19 21 9
6 11 12
18 21 9
14 17 7
9 11 13
2 4 9
3 6 10
18 18 3
2 5 4
13 17 11
23 0 7
19 22 13
0 3 1
23 1 2
10 14 12
17 20 13
22 3 7
8 10 13
17 20 12
20 0 6
16 19 7
9 13 2
5 8 14
22 1 11
20 2 4
13 17 6
10 12 11
19 23 7
9 10 9
10 14 11
4 8 8
13 17 6
22 1 10
11 13 13
7 11 7
23 1 6
6 10 13
12 16 1
8 11 6
5 7 2
5 8 9
0 4 7
1 3 14
0 2 6
8 12 1
15 19 4
4 5 2
0 2 3
7 12 5
6 8 14
0 3 7
17 19 6
4 7 7
1 3 10
18 22 10
17 21 8
16 18 1
20 23 8
2 7 8
8 11 13
21 0 9
20 1 9
11 15 9
21 1 1
20 0 6
14 15 2
20 23 11
14 18 4
17 20 3
1 4 8
19 22 5
0 5 14
20 1 5
9 12 1
18 20 1
6 7 11
10 14 8
4 7 7
8 10 1
9 11 12
8 11 14
10 14 4
11 14 8
16 20 9
10 11 9
18 20 13
10 12 13
19 23 13
14 18 5
20 22 11
16 17 11
18 21 4
14 18 13
9 11 8
17 21 4
21 23 2
3 5 12
22 1 5
12 16 9
13 17 5
7 10 10
4 8 12
19 22 2
6 9 4
4 7 9
2 5 5
17 20 5
19 22 1
7 11 14
7 11 13
19 22 2
13 16 14
16 19 1
6 10 3
9 10 6
0 3 2
9 12 1
18 20 1
12 14 4
20 23 13
11 14 8
12 16 4
14 17 2
12 15 13
13 16 12
2 5 5
10 12 14
9 12 5
2 3 13
1 2 10
7 9 11
15 18 7
19 22 14
11 15 1
4 7 6
11 15 12
22 2 10
11 15 12
7 11 14
4 5 13
4 6 9
0 3 5
7 12 5
3 6 6
18 21 1
11 13 1
5 8 8
21 0 3
10 13 14
3 5 1
3 6 6
3 4 2
0 3 3
11 14 3
23 3 11
8 12 13
7 7 7
12 15 14
15 17 13
12 14 14
16 18 5
15 19 5
0 3 3
12 15 4
9 11 5
7 11 13
20 23 13
6 10 2
13 14 6
14 16 5
19 22 12
15 19 14
7 11 5
0 3 4
20 23 9
5 8 11
5 6 4
13 16 3
13 16 6
11 12 11
15 18 11
9 13 14
10 14 3
22 1 10
9 13 10
14 17 7
16 19 1
19 23 11
10 12 6
9 12 5
14 17 11
8 12 14
16 20 14
22 2 13
3 6 4
10 13 13
6 8 2
0 2 1
20 23 8
15 20 2
6 10 11
11 14 1
10 10 12
15 17 7
18 20 8
11 13 4
10 13 12
7 11 2
15 17 14
10 12 4
7 9 4
15 18 1
13 18 8
19 22 7
12 14 2
22 0 10
2 5 11
20 23 11
21 0 8
22 3 9
21 23 12
23 1 3
11 13 2
22 1 2
20 23 9
1 3 8
21 0 11
6 8 13
7 10 3
6 9 11
8 9 9
3 5 10
16 19 4
4 6 10
15 18 2
4 7 9
16 18 1
23 3 9
7 9 10
12 15 8
3 6 14
21 1 12
5 10 14
14 16 10
21 23 13
1 5 9
5 7 7
3 5 10
7 10 8
22 1 8
10 14 14
23 2 13
20 22 8
2 5 5
4 8 6
20 23 13
17 20 11
3 7 13
22 2 10
23 2 3
23 3 7
22 0 4
3 6 5
16 19 8
17 17 11
10 12 12
5 8 10
2 5 13
9 13 13
11 14 14
16 17 12
13 17 3
18 22 4
3 5 12
1 5 5
23 1 2
0 4 4
14 16 10
2 4 10
11 15 8
0 2 4
0 3 8
19 22 5
15 19 3
18 21 1
7 11 12
1 3 13
20 0 5
21 0 3
8 11 8
3 6 4
18 21 9
14 18 1
15 18 7
19 22 12
23 4 13
21 1 4
13 14 3
18 21 12
9 14 4
23 0 12
15 18 13
9 12 11
11 12 7
11 15 1
21 23 6
2 6 7
9 14 2
1 4 8
13 16 8
8 12 2
1 3 10
3 4 1
11 15 1
18 20 1
10 14 8
2 3 7
22 0 1
23 2 7
9 12 12
12 15 13
13 17 2
18 20 5
23 3 10
13 16 6
16 19 1
20 1 1
19 22 3
3 8 11
16 18 9
4 5 13
13 15 14
18 22 5
8 10 1
0 2 10
0 1 5
6 10 4
15 20 13
21 23 1
4 7 7
6 9 14
5 11 1
8 11 12
2 7 7
0 3 5
10 15 7
13 16 1
7 11 8
10 14 9
12 15 4
15 18 2
6 10 2
13 16 7
23 4 6
16 19 11
16 19 1
16 18 1
23 2 14
7 10 3
16 19 3
6 9 7
22 2 14
7 8 4
23 3 5
12 14 8
10 14 14
10 14 4
17 20 9
14 19 5
23 1 12
7 10 4
21 0 2
