1350 16
2 8 9 3 5 1 9 4 9 1 5 5 2 6 1 9 
11 15 16
12 15 2
16 20 10
6 10 12
10 13 11
0 2 9
1 4 2
18 21 5
10 12 12
19 0 9
7 11 12
21 22 2
12 15 13
13 17 8
1 4 10
20 0 8
2 5 7
20 23 15
17 21 13
21 2 16
18 20 5
14 17 4
6 9 16
18 23 13
4 8 15
2 5 16
9 12 15
15 17 1
2 3 14
20 0 11
9 12 5
21 23 16
10 13 15
8 12 16
17 19 9
19 1 16
15 18 14
15 20 4
14 16 6
16 19 4
8 10 6
1 5 1
3 7 11
22 1 12
15 19 13
6 9 11
15 19 8
1 4 5
23 3 4
12 15 6
18 20 16
15 19 8
8 10 8
12 12 7
15 18 14
6 11 4
0 1 2
21 1 8
8 10 16
7 9 13
7 9 4
9 12 14
22 0 2
18 21 9
13 16 6
11 12 15
16 20 5
20 23 7
13 15 10
10 13 2
13 16 2
2 5 6
17 21 10
13 16 6
8 12 8
20 22 16
4 6 1
23 1 1
13 16 4
0 2 4
6 12 15
6 8 6
5 8 10
9 12 10
4 7 14
11 16 11
20 23 13
1 5 9
15 19 16
16 18 8
15 19 5
23 5 16
7 10 12
19 22 4
1 5 10
5 8 9
17 21 2
17 21 1
20 23 8
11 13 13
6 10 12
8 10 2
22 2 8
12 14 5
17 21 6
7 9 5
7 10 10
18 21 7
18 21 16
16 19 4
12 16 6
5 8 4
12 15 10
18 22 5
2 5 12
18 20 4
23 3 12
20 22 14
22 0 9
17 20 4
12 18 11
14 17 6
18 20 12
13 16 15
17 20 6
13 15 7
17 19 2
10 14 11
1 3 3
18 21 11
11 12 3
5 8 5
8 12 11
21 23 5
1 3 1
11 13 11
15 18 5
20 23 9
5 7 2
7 10 6
1 4 7
22 0 2
13 15 7
20 22 13
9 11 3
15 19 10
9 13 1
17 19 11
17 19 2
9 12 16
9 12 7
18 21 12
9 12 10
18 21 10
15 18 13
3 6 10
8 12 7
4 8 6
7 10 9
15 19 16
19 21 10
9 13 6
8 11 10
19 23 11
8 12 11
13 15 5
3 7 1
12 13 6
21 0 6
2 5 11
7 11 15
22 1 16
16 19 10
5 8 5
1 5 10
2 5 16
9 11 4
2 5 11
6 10 6
18 20 4
18 21 12
13 16 3
10 12 12
12 14 12
0 3 10
5 8 11
3 6 8
14 17 4
12 15 4
5 7 13
17 20 1
0 3 6
22 1 1
11 13 7
21 3 10
8 13 2
14 16 5
13 16 2
16 21 13
14 16 5
12 14 15
13 15 3
18 20 1
5 8 8
10 12 1
4 7 11
13 16 12
3 6 8
3 6 6
9 12 4
3 6 13
18 21 14
12 15 2
15 18 6
3 7 8
19 21 9
3 3 3
23 1 7
12 16 5
16 19 10
11 14 4
15 20 7
21 23 14
3 6 14
14 17 16
1 4 13
22 0 7
2 6 10
19 22 15
4 6 13
1 2 10
16 19 9
14 17 14
0 5 9
18 22 14
9 12 12
20 22 1
23 2 6
17 21 4
11 13 10
7 10 13
17 20 10
2 5 11
20 22 8
20 23 5
3 4 4
10 12 5
10 13 7
3 6 9
10 13 14
4 8 11
18 21 11
14 17 3
12 15 1
0 3 2
15 18 8
23 2 2
6 7 8
8 11 1
1 3 11
11 13 8
2 5 14
12 14 14
6 8 8
13 17 6
16 20 5
2 7 9
1 3 15
18 21 7
3 6 5
3 6 1
18 22 10
15 19 4
3 7 9
20 0 2
12 13 16
17 19 9
1 4 2
1 6 3
2 4 13
14 16 7
6 10 13
0 4 2
18 22 12
4 7 14
23 3 11
11 12 7
2 5 7
1 5 5
20 23 6
22 0 11
8 12 2
22 2 9
18 22 4
10 13 5
6 9 8
2 5 2
14 17 5
6 8 16
11 14 4
16 19 12
9 11 4
9 13 11
16 18 11
15 16 10
21 2 11
22 2 9
14 16 12
3 5 3
15 17 13
12 15 15
19 23 6
5 7 8
14 15 4
21 1 11
2 4 9
5 10 15
2 5 7
9 13 2
2 6 1
22 0 13
10 12 16
17 21 2
9 13 9
6 9 11
20 0 9
10 11 4
22 0 9
23 2 16
2 5 11
11 14 10
21 22 14
22 2 1
16 20 7
23 3 5
12 15 11
6 8 4
20 0 8
14 16 15
2 6 3
11 14 9
23 2 9
19 22 9
10 13 7
4 7 4
4 8 12
11 14 3
11 14 16
0 5 3
0 1 12
16 19 11
13 17 16
16 20 7
23 2 3
0 2 11
10 14 6
11 15 10
19 21 2
11 14 11
1 6 4
19 22 15
19 22 11
23 0 12
12 15 12
22 1 1
2 6 8
22 0 8
21 23 13
16 19 3
3 7 13
15 17 12
1 4 1
21 23 11
12 15 9
22 1 11
18 21 3
17 22 3
10 13 16
20 23 3
4 7 8
1 3 13
21 23 8
8 11 4
15 18 3
10 13 5
9 11 6
5 7 15
10 14 11
16 18 16
21 0 6
22 1 9
18 23 11
20 22 9
17 21 12
3 7 9
1 3 15
13 16 11
12 15 6
11 13 4
15 16 15
10 13 8
8 10 5
15 20 2
3 6 14
13 15 7
5 8 13
14 14 11
22 2 10
15 17 14
2 5 11
20 23 15
23 3 10
15 16 4
18 21 9
22 0 2
14 18 5
17 20 7
9 13 15
23 0 8
7 10 7
14 16 13
1 5 3
20 23 7
18 23 6
13 15 13
0 4 15
15 18 12
4 7 11
0 2 9
23 2 10
13 16 12
6 8 16
8 11 6
1 3 4
0 3 13
11 13 15
16 22 1
17 22 13
4 6 5
16 19 13
20 22 11
22 1 13
12 14 15
11 15 10
11 13 3
5 8 3
0 2 7
7 11 15
10 14 10
4 6 11
20 23 12
8 11 16
11 15 1
19 23 6
17 19 16
10 12 10
18 20 6
20 22 12
10 13 7
1 4 9
19 21 1
17 19 6
19 23 10
0 3 13
8 9 2
19 22 10
6 9 13
9 12 2
4 8 1
13 15 1
14 17 1
11 14 3
21 0 16
11 14 3
19 23 14
21 0 7
7 9 4
14 18 13
20 23 3
20 23 16
3 5 12
0 5 5
14 19 12
16 19 16
13 15 12
5 8 4
1 4 6
10 11 3
11 14 16
11 12 6
16 19 8
5 6 4
18 22 4
19 22 6
23 3 11
9 11 4
15 18 10
18 20 15
1 4 8
15 18 1
13 16 11
10 12 13
6 10 7
22 2 12
20 0 5
7 9 11
17 19 14
2 5 7
20 1 1
14 16 11
10 12 3
16 20 10
16 19 4
10 14 4
22 23 14
20 23 4
19 22 15
3 7 14
8 10 12
3 7 10
5 8 1
23 2 8
7 10 6
16 19 10
21 23 12
7 10 6
10 13 7
16 20 5
5 8 5
7 10 1
9 11 6
21 0 6
5 10 11
2 5 16
4 7 1
3 7 5
10 14 2
3 6 11
4 8 1
18 22 6
11 14 5
1 4 12
23 3 16
23 4 12
7 10 9
16 20 7
9 12 10
15 19 2
11 14 13
8 11 3
11 14 15
13 15 5
5 9 1
2 4 15
20 0 7
21 0 11
21 0 16
1 3 6
17 21 14
20 0 12
3 6 2
1 5 4
20 0 3
6 8 14
17 19 14
15 18 8
13 18 1
8 12 7
12 15 10
7 9 10
16 20 13
5 9 14
16 21 14
15 20 16
19 0 4
16 17 14
8 12 4
3 7 3
15 19 9
13 15 8
15 17 7
17 20 2
14 17 4
5 10 13
4 5 15
5 7 12
20 22 11
7 12 2
22 1 12
4 8 11
4 6 1
9 13 2
10 14 16
22 2 4
17 21 10
22 2 16
6 6 3
7 9 8
10 12 12
20 22 3
23 0 13
9 11 2
6 9 10
1 5 3
0 3 10
2 3 12
23 0 9
6 9 7
17 20 13
15 17 16
15 19 5
21 23 15
0 3 3
7 9 5
6 9 13
11 15 2
22 1 2
14 18 9
12 15 1
7 12 3
12 14 9
1 4 14
15 18 3
8 11 11
16 20 5
8 11 15
12 13 15
6 9 2
9 13 14
22 23 5
15 19 2
3 7 10
3 5 15
14 18 9
9 13 2
9 12 14
16 18 6
1 6 5
11 14 9
3 6 1
17 18 3
4 9 16
10 13 3
10 12 10
16 22 3
7 11 8
12 13 7
18 20 10
13 17 1
8 11 2
6 10 1
23 2 7
2 3 8
15 19 16
22 1 6
0 3 1
0 1 13
16 19 2
0 3 9
12 14 16
6 8 16
14 19 15
10 12 5
13 17 3
0 4 15
22 0 6
23 3 4
23 3 5
6 9 1
0 2 3
7 10 15
22 1 7
19 22 1
7 9 3
12 13 15
7 9 16
15 18 7
12 14 12
23 2 4
3 5 7
18 21 8
9 12 3
18 20 6
13 15 15
15 20 14
0 3 13
10 11 8
16 20 16
15 19 1
4 5 6
6 10 9
21 0 6
19 22 4
1 3 7
14 18 2
2 5 4
15 20 4
21 0 5
8 10 9
17 21 10
21 0 9
7 10 7
22 2 6
18 22 7
9 13 12
17 21 9
16 20 3
18 22 7
23 4 15
16 20 1
23 4 7
14 17 3
6 10 5
13 18 7
1 2 8
8 11 6
19 23 15
3 6 14
7 10 5
19 23 3
17 21 15
13 16 12
17 21 7
3 6 9
12 15 2
0 4 15
18 21 10
2 6 13
8 12 15
13 15 4
20 22 9
23 1 10
3 5 10
15 18 11
11 16 2
2 5 15
11 13 9
18 21 7
12 15 8
10 13 10
14 17 15
20 23 12
12 17 12
23 3 8
20 0 13
16 19 9
14 17 6
18 21 2
23 2 7
21 0 1
16 20 3
0 1 4
15 19 16
7 9 2
16 20 15
2 5 4
20 1 3
8 9 8
3 6 12
2 7 7
15 19 11
23 3 4
8 10 10
13 16 5
10 13 16
14 16 12
23 2 11
6 10 7
15 17 15
8 11 14
10 14 3
8 13 6
15 20 11
7 10 1
13 15 13
15 17 11
4 8 12
9 12 11
1 3 15
16 20 13
9 12 3
16 19 2
18 22 8
16 20 10
11 12 1
20 0 1
9 11 13
17 21 14
16 17 10
14 18 13
7 9 8
16 19 10
14 16 6
8 13 6
6 9 5
15 17 9
10 12 7
13 17 1
23 1 12
15 19 5
19 22 13
4 6 8
5 9 8
23 3 7
11 15 16
6 8 2
7 11 5
15 20 16
20 0 12
15 17 13
6 10 7
14 16 5
6 8 12
14 15 2
11 14 15
10 13 15
19 22 3
2 4 10
19 21 4
8 9 5
8 10 15
11 12 4
13 18 14
13 15 14
5 7 3
22 1 3
10 12 3
14 17 1
17 20 3
8 12 3
22 0 15
11 14 7
23 2 9
10 14 13
13 15 15
5 9 12
15 17 15
15 16 8
22 1 2
0 3 3
11 14 16
0 2 6
14 19 10
0 2 13
8 11 10
0 2 11
14 17 2
18 21 4
22 2 4
15 18 14
5 9 12
14 18 15
4 7 15
10 12 4
0 4 4
15 18 9
15 18 16
19 22 5
13 17 6
16 20 1
2 4 15
18 21 13
4 6 3
3 6 16
14 18 7
20 22 12
16 20 4
0 4 14
19 23 11
18 22 2
14 17 10
10 14 2
19 22 9
22 1 3
21 0 9
22 1 16
5 9 7
8 10 10
0 1 6
21 23 12
5 7 2
5 10 14
1 3 7
23 1 6
11 15 5
15 18 3
5 8 9
7 10 13
6 10 4
18 20 2
21 23 16
16 19 7
5 7 10
18 21 1
21 23 4
16 20 13
0 3 12
3 6 14
17 21 10
15 18 14
19 23 14
20 22 12
14 19 9
19 22 8
9 12 10
23 2 3
22 1 8
7 9 1
11 15 6
0 4 1
19 21 15
20 0 3
13 16 7
17 18 16
18 19 10
7 11 1
7 10 14
18 21 6
8 12 6
16 19 7
12 14 1
22 0 16
21 0 3
21 23 13
20 23 6
13 15 10
13 14 14
12 15 13
22 23 11
21 23 11
11 14 9
12 17 9
19 22 6
10 14 15
17 22 7
5 8 11
23 2 5
5 9 1
19 21 12
11 15 5
7 10 7
1 3 16
9 11 14
12 14 10
21 0 1
13 16 16
15 19 3
11 13 8
2 4 14
13 17 10
8 11 1
19 22 2
14 17 7
20 22 15
22 1 11
15 18 4
19 23 3
8 8 8
3 7 9
3 3 1
4 7 2
0 2 14
18 21 10
12 14 8
0 5 4
10 13 13
20 23 14
21 1 14
22 2 16
2 6 10
19 21 9
9 13 4
5 8 14
20 0 12
13 16 2
2 5 13
8 11 6
12 14 9
3 7 7
10 12 1
16 19 1
9 9 13
2 6 14
1 5 12
22 3 14
10 12 3
15 20 16
14 16 12
15 17 4
20 22 4
10 13 8
16 17 7
20 0 1
16 20 16
19 23 3
16 19 11
22 2 6
10 14 3
22 1 12
9 11 10
21 23 4
6 8 7
7 10 3
13 16 7
22 1 14
20 23 10
10 11 1
20 23 8
11 13 6
8 10 9
22 0 11
6 8 16
0 3 4
23 2 14
4 7 11
12 16 9
21 0 15
6 9 1
21 0 3
5 9 13
13 15 2
10 12 12
11 13 12
12 15 3
23 2 3
22 23 11
0 2 12
11 13 8
6 7 13
21 2 10
18 20 13
18 22 9
20 23 9
9 13 9
22 0 3
2 4 16
2 6 5
9 13 9
3 8 14
18 22 16
21 0 5
12 17 8
19 1 8
17 21 7
6 9 5
7 9 10
14 18 16
23 3 5
9 14 12
11 15 2
23 2 14
20 0 3
3 6 12
4 7 15
20 23 9
16 18 16
8 12 6
16 19 7
4 8 12
6 7 12
0 3 9
17 20 6
3 7 10
22 1 8
8 9 9
14 16 6
10 11 5
22 0 16
8 11 8
23 2 12
14 16 7
2 7 11
23 1 13
7 11 2
12 14 6
2 5 4
4 6 1
19 22 7
13 18 2
7 11 15
7 9 9
4 7 9
11 15 14
11 14 10
2 5 6
16 20 2
15 19 11
13 17 8
2 3 13
12 14 11
13 17 13
16 19 7
10 13 10
21 0 6
7 10 13
18 21 3
12 15 8
23 1 7
6 9 1
9 13 7
23 1 15
6 9 8
12 16 5
14 17 16
14 17 9
18 22 13
7 10 13
7 9 5
4 7 14
8 12 11
1 2 10
7 10 16
7 11 7
10 13 2
10 13 13
20 21 3
7 10 7
15 19 8
3 6 16
10 15 7
9 12 7
12 16 13
19 22 5
5 9 2
23 3 10
4 7 4
14 17 10
2 5 1
19 21 12
13 16 14
22 2 9
4 8 10
18 22 7
21 0 5
16 19 11
15 18 9
1 6 15
14 17 7
8 11 8
5 8 15
10 13 7
2 6 10
12 16 14
19 23 15
10 15 9
6 10 8
10 15 10
0 5 15
22 2 1
10 12 1
6 8 11
11 13 10
6 9 7
11 15 7
7 10 12
11 14 10
7 11 4
0 3 12
22 2 14
0 3 12
19 23 12
11 12 13
20 22 9
20 23 16
11 15 2
0 3 8
21 23 6
9 12 16
23 1 2
20 21 12
5 7 6
9 12 6
15 20 2
14 17 12
13 16 9
15 17 7
20 22 10
13 16 14
13 17 5
16 21 16
9 10 1
8 10 8
7 11 2
21 22 6
14 18 14
13 17 2
11 14 6
14 17 7
8 10 12
11 12 1
17 19 9
12 15 9
13 16 12
12 14 13
17 21 10
14 16 15
9 12 7
11 15 12
14 17 7
4 8 11
13 17 6
10 12 11
17 20 6
14 17 2
12 14 1
2 6 3
3 7 13
8 12 6
21 1 7
20 0 2
14 17 11
14 16 7
11 14 12
12 14 7
19 23 16
3 7 15
6 9 1
19 23 9
18 21 8
2 4 16
3 6 13
14 16 3
3 8 1
17 20 14
7 11 13
20 0 8
15 18 10
10 13 5
7 9 11
6 7 9
21 23 7
23 2 6
0 4 9
11 15 16
9 12 6
16 18 12
22 1 11
13 15 16
21 0 3
19 21 14
7 10 13
7 11 8
9 13 16
14 16 6
13 17 16
3 8 4
18 22 6
6 7 5
6 11 2
0 2 2
18 20 7
11 16 3
23 2 2
15 17 15
13 15 12
9 13 6
15 17 13
10 14 1
19 22 13
18 22 13
21 3 4
11 15 13
2 5 15
13 15 5
12 16 5
3 7 15
13 15 13
12 17 6
18 20 2
1 6 7
23 2 16
13 17 3
7 10 3
21 1 8
7 10 8
23 2 9
19 23 2
21 0 6
9 11 4
12 15 11
2 6 1
18 21 9
17 20 3
13 17 2
7 11 9
15 18 9
0 2 6
4 6 15
7 11 4
13 15 7
16 19 2
13 16 11
9 12 8
11 16 1
0 2 2
4 8 1
8 11 3
0 3 13
21 0 1
1 3 10
6 9 9
3 6 8
15 17 12
21 0 13
15 19 1
8 11 14
6 9 1
4 6 16
17 20 6
13 16 7
5 7 8
23 1 1
15 21 4
3 5 8
11 16 2
10 14 5
3 5 2
13 17 7
14 19 7
4 7 16
10 13 5
3 7 7
2 7 13
8 12 15
11 13 3
6 8 14
6 9 6
2 6 8
0 2 10
14 18 6
20 22 5
2 6 11
2 6 2
8 10 13
3 5 16
16 19 7
23 1 4
16 20 16
9 11 14
11 12 10
3 8 3
0 3 15
0 4 8
6 9 8
11 13 8
23 1 5
19 21 1
10 14 8
9 13 11
13 14 5
