1750 10
10 10 7 8 5 2 8 7 6 10 
21 1 5
22 1 5
18 21 2
11 14 9
12 14 8
0 4 5
11 14 5
20 21 7
9 12 8
10 12 8
19 21 8
16 19 7
15 18 1
6 9 3
9 12 9
22 1 3
18 23 10
11 13 1
7 11 10
7 11 2
6 9 1
17 19 9
21 0 2
13 16 9
16 20 8
18 23 8
11 14 1
12 15 10
18 21 6
21 1 7
4 4 3
15 19 7
20 23 6
18 21 2
23 4 10
2 5 9
5 8 2
18 19 7
3 7 8
22 1 1
2 3 3
16 19 1
13 16 5
9 10 9
8 12 9
13 17 7
1 5 4
13 17 3
21 0 10
3 4 1
13 13 10
3 6 1
8 11 8
4 5 8
5 8 7
6 8 7
15 17 6
6 10 7
1 5 7
20 0 3
23 1 1
3 5 7
21 23 6
3 7 1
10 13 10
14 17 8
20 22 7
12 14 9
16 18 7
6 11 8
10 12 4
4 6 2
18 22 8
10 13 5
7 11 10
16 20 7
3 5 5
12 16 9
13 16 3
5 8 8
0 3 6
8 9 8
23 1 6
16 18 2
16 19 5
19 22 2
7 11 2
13 16 8
21 23 7
16 18 8
16 20 7
22 3 2
5 8 4
18 21 6
21 23 4
7 10 1
11 14 2
22 1 5
21 22 9
15 18 8
10 14 5
8 12 9
23 3 3
17 19 6
3 6 2
13 17 8
6 9 4
22 2 9
16 19 9
1 4 6
2 4 7
13 18 3
8 12 2
3 7 7
18 20 10
3 6 10
10 13 5
7 12 8
20 22 10
23 2 3
18 22 3
13 16 10
18 21 5
19 21 2
2 5 9
1 4 2
1 3 3
17 20 2
14 18 9
1 5 3
14 18 7
15 19 8
0 2 4
22 23 2
18 21 5
16 17 8
21 0 8
17 20 2
16 19 6
2 5 10
2 5 9
15 17 6
13 17 8
21 23 1
11 15 6
3 6 2
12 15 10
9 13 5
0 4 1
13 16 10
9 13 10
20 0 9
16 18 6
12 15 3
1 5 4
19 20 5
20 23 1
3 6 3
21 23 4
3 5 8
14 17 2
23 2 2
8 11 9
2 4 10
6 9 1
14 16 5
23 4 6
20 23 2
11 15 9
18 20 5
22 2 9
21 0 6
17 20 8
18 20 4
11 14 4
8 11 8
21 0 8
23 2 6
16 19 1
12 15 8
11 17 2
4 8 3
18 21 9
6 10 2
18 20 3
9 12 6
11 13 6
10 13 2
1 3 7
15 19 9
4 6 9
11 13 4
18 23 1
2 5 1
7 11 2
8 11 8
7 9 8
19 21 5
21 0 5
21 0 6
19 20 8
14 17 7
15 18 10
20 22 9
3 6 5
13 16 2
19 21 2
9 10 9
7 10 2
4 7 3
20 23 4
11 15 8
10 13 10
3 6 9
15 17 5
8 11 2
21 23 6
3 5 4
7 8 9
7 11 10
14 16 2
4 7 4
23 3 3
1 4 1
7 9 5
21 23 3
4 6 2
5 10 9
8 12 1
8 11 7
19 21 9
18 19 10
1 2 10
22 2 5
2 5 7
18 21 8
14 18 9
4 6 2
16 19 4
14 18 3
21 1 10
23 2 10
20 23 10
13 17 5
23 1 1
22 0 1
13 17 9
2 4 8
16 19 2
9 11 2
5 10 10
2 4 4
7 11 5
14 15 7
14 16 2
10 13 9
19 21 8
6 8 4
5 9 2
6 8 3
17 20 3
12 16 4
23 2 8
0 3 9
17 20 8
20 22 8
14 17 6
13 17 3
4 8 4
17 19 5
3 6 10
8 10 8
2 7 10
13 17 6
10 14 2
23 3 2
13 16 8
23 2 7
19 0 3
18 19 9
17 19 2
4 6 10
20 0 9
10 12 6
12 17 1
17 19 7
1 3 5
21 1 9
8 11 4
14 17 2
18 20 9
14 16 7
17 20 2
3 6 2
22 1 3
2 5 1
5 6 2
3 4 5
22 1 1
4 8 7
21 23 6
0 1 5
23 4 8
4 6 8
5 8 10
4 5 4
10 12 7
1 3 1
12 14 8
15 18 3
14 16 4
6 11 7
14 17 4
21 23 10
23 3 8
0 3 9
10 15 6
11 14 2
0 3 3
15 17 9
10 14 2
4 5 3
21 23 3
15 18 3
15 17 5
18 19 6
19 21 2
5 8 3
17 20 3
15 16 7
19 21 6
4 6 10
2 4 10
0 3 4
2 4 6
20 22 9
18 21 4
4 7 1
8 11 10
16 20 5
13 15 7
10 12 8
19 0 7
3 5 8
3 6 2
2 5 10
10 14 3
20 23 5
23 3 8
14 18 10
0 2 1
21 0 8
21 23 4
5 9 10
13 14 7
3 6 10
13 15 5
3 6 8
0 4 6
8 11 5
18 21 2
15 19 8
3 6 5
0 3 2
13 15 8
15 19 6
19 22 3
13 15 3
7 10 2
13 16 7
13 14 1
21 0 7
15 18 4
17 21 3
13 16 1
3 5 9
4 6 10
9 12 7
14 16 4
13 16 2
12 14 7
12 16 7
12 17 3
4 7 7
20 22 1
16 18 5
11 13 6
0 3 3
4 7 6
20 23 9
21 22 4
13 17 4
9 13 3
4 6 2
21 0 9
15 20 1
17 19 8
2 6 8
12 17 10
1 5 8
2 4 9
13 16 10
18 21 10
7 11 10
12 16 8
22 2 7
18 22 1
21 0 8
7 9 9
2 6 9
23 2 6
6 8 3
10 15 5
5 8 1
10 12 6
16 19 1
3 6 5
11 14 7
9 13 9
14 17 8
16 19 10
3 6 3
1 4 5
6 10 1
14 17 10
12 15 10
22 23 3
23 3 9
17 21 9
8 12 9
14 16 1
15 16 1
12 16 3
0 2 8
13 16 5
3 4 2
10 14 8
7 10 6
22 0 4
10 12 6
1 6 6
13 14 3
18 22 10
20 22 10
19 21 9
18 21 10
14 18 10
0 3 9
10 14 5
2 5 9
23 1 10
22 1 7
16 20 8
0 3 1
18 21 8
3 5 10
15 18 1
20 21 9
22 1 3
15 17 6
5 7 10
15 18 2
23 3 10
16 18 2
12 15 4
19 22 6
15 18 8
23 1 1
23 3 9
5 8 8
13 17 3
12 16 1
1 4 4
1 4 1
3 5 1
1 4 2
15 18 6
17 21 1
21 23 4
9 15 5
5 7 7
4 8 10
18 21 4
6 9 1
3 6 4
6 9 8
20 23 8
6 9 1
10 13 7
10 14 9
7 9 2
17 20 4
11 13 6
14 18 5
1 5 1
3 7 7
9 12 7
13 16 3
22 2 10
13 17 8
14 17 2
14 18 4
21 0 9
16 18 9
19 22 5
13 15 10
16 19 7
10 12 6
4 8 9
14 16 10
4 7 6
11 14 5
4 6 8
21 1 3
16 20 1
23 2 7
13 15 4
6 9 6
23 3 9
3 7 4
5 9 9
10 13 8
18 20 7
7 12 6
21 22 7
22 0 7
21 1 9
17 21 4
3 6 4
1 3 8
11 14 4
0 3 7
19 21 3
5 9 5
2 5 1
10 12 10
1 3 10
11 13 7
4 7 2
23 3 2
3 6 6
2 3 5
23 2 4
1 5 10
3 4 6
10 13 3
0 2 5
6 7 5
4 7 5
20 1 4
11 13 7
9 13 4
14 18 5
19 23 3
12 14 10
23 2 7
9 11 7
21 23 6
21 23 5
22 1 10
21 0 4
4 7 2
9 11 10
23 4 3
3 5 1
7 11 6
21 1 7
13 16 2
6 8 4
10 13 5
17 21 10
11 12 1
11 14 1
19 21 1
11 15 7
1 2 2
17 21 9
6 8 5
1 4 6
1 6 5
5 9 1
10 14 8
1 4 9
17 20 6
6 11 2
10 12 4
3 6 4
13 16 4
23 2 3
5 8 2
9 14 5
16 20 8
21 0 9
0 2 6
13 15 9
3 6 4
23 0 5
4 8 3
18 22 2
16 19 9
0 2 4
0 4 2
13 16 9
0 4 4
7 10 5
2 5 9
14 19 2
7 10 5
22 2 9
18 22 5
18 22 7
4 7 7
8 11 7
18 22 6
11 15 4
13 14 1
22 1 7
6 10 8
19 23 1
4 7 2
6 10 6
14 19 8
12 16 1
3 6 1
5 9 2
10 15 9
2 5 9
21 0 4
13 15 4
12 17 3
5 8 9
21 1 6
4 8 6
7 11 10
0 3 6
22 0 10
14 18 6
8 12 5
0 5 7
9 12 8
20 22 5
5 8 7
0 3 2
9 9 6
21 1 4
13 16 2
11 14 6
10 13 9
10 13 7
4 7 4
20 22 8
4 7 2
5 7 4
8 11 4
2 6 1
20 23 4
8 11 3
22 1 2
9 13 8
23 3 4
8 10 2
21 0 4
22 0 2
15 18 8
19 22 1
6 8 1
9 14 8
17 20 4
6 9 3
9 10 10
10 12 8
10 11 9
6 10 1
9 12 6
21 1 9
0 4 7
9 13 7
14 17 3
9 13 10
21 0 2
8 10 9
16 18 3
23 3 3
11 13 6
5 9 1
15 18 3
21 0 7
19 0 9
11 13 5
0 3 1
20 21 10
3 6 6
20 22 4
12 16 1
2 5 1
10 14 6
14 17 1
11 14 2
10 13 10
13 17 10
16 19 2
19 22 3
2 4 6
2 6 10
3 6 6
16 21 2
11 15 8
9 12 6
13 16 6
18 22 9
19 23 7
15 16 3
14 17 10
2 6 1
18 21 1
6 8 7
15 19 6
13 15 9
6 7 5
23 2 5
8 12 8
22 1 3
22 0 8
4 6 7
14 17 9
19 23 6
15 19 10
23 4 2
3 6 6
19 21 8
7 9 4
15 18 1
1 3 9
23 3 7
19 20 4
14 16 8
16 18 8
13 16 5
20 0 2
1 4 1
20 0 9
21 1 6
2 5 5
12 15 4
19 21 8
0 4 9
17 21 3
23 4 4
21 2 5
4 7 3
15 18 9
10 12 6
7 11 4
21 1 5
17 21 4
11 13 1
6 9 10
13 17 4
6 12 1
18 21 7
11 13 4
14 18 6
4 7 5
22 1 2
14 17 9
5 8 5
18 20 4
21 0 5
7 9 7
10 12 2
15 19 4
0 4 8
5 9 7
10 13 7
5 9 10
2 4 6
7 11 5
23 4 7
1 1 5
4 6 2
10 14 2
4 7 6
9 12 10
23 0 8
4 4 6
13 18 2
21 1 4
21 22 5
18 19 2
5 7 6
8 10 1
2 4 10
6 9 4
16 18 8
6 7 9
3 5 3
12 13 6
23 2 5
14 16 7
4 8 10
14 17 10
3 6 9
22 1 5
15 18 9
0 3 10
7 9 1
16 19 2
0 1 7
18 21 6
16 18 2
9 13 9
11 13 4
16 20 2
7 10 5
19 21 1
5 10 6
13 16 4
1 3 3
13 15 4
23 3 6
1 4 4
3 5 6
6 10 6
2 5 8
1 3 8
0 3 9
13 16 7
22 2 1
15 18 7
5 10 3
22 2 3
3 7 6
16 20 8
15 18 5
2 5 4
23 1 4
7 11 8
15 18 2
1 4 8
4 7 2
4 7 6
17 19 10
1 6 10
18 22 1
8 12 5
12 15 10
12 15 1
5 8 8
6 10 8
8 10 7
11 16 9
15 16 6
11 13 8
13 17 4
13 16 5
13 17 8
23 1 5
1 5 10
15 18 1
3 6 8
11 13 1
12 18 1
22 0 2
12 14 1
19 22 3
6 11 7
16 19 10
4 6 1
16 19 1
4 7 7
10 13 2
7 10 7
6 10 6
18 22 4
21 0 2
12 14 6
16 21 8
1 3 6
2 6 4
3 6 4
0 3 5
19 22 7
22 1 3
20 22 8
21 23 3
3 7 1
15 18 5
8 12 6
18 20 6
3 7 7
13 16 4
2 3 4
6 9 4
13 16 2
22 0 8
21 0 6
15 18 2
17 19 7
15 18 8
22 1 6
10 11 6
11 15 6
11 14 9
18 20 1
6 10 8
4 5 10
19 23 10
16 19 10
11 13 6
9 13 3
1 4 5
11 12 8
22 1 1
0 3 8
15 18 5
18 20 6
16 19 4
4 7 8
19 23 5
14 17 5
2 6 1
1 4 2
11 14 9
23 2 8
21 0 9
17 20 2
15 19 5
6 10 8
22 2 6
2 5 8
11 13 4
3 6 3
18 19 9
22 2 2
2 5 4
10 12 2
21 23 4
18 21 7
18 21 4
11 13 1
21 2 10
21 3 5
6 9 8
8 13 3
11 15 7
4 9 8
22 3 8
21 2 5
1 4 8
5 8 2
1 5 2
5 10 8
6 9 8
18 21 8
1 3 2
9 11 1
12 15 6
6 7 2
7 9 6
20 0 3
7 10 10
20 23 8
16 20 7
23 2 2
23 0 9
13 15 1
3 6 9
15 17 4
22 1 9
7 9 1
6 8 10
1 4 1
21 1 2
14 17 2
4 9 4
22 1 6
16 19 5
17 21 1
19 21 1
23 1 6
16 20 10
11 14 8
0 2 9
7 10 4
10 14 4
10 16 8
8 10 6
5 8 1
23 1 8
20 23 2
21 0 7
2 4 1
9 14 9
16 19 7
6 10 5
14 16 3
20 0 10
9 12 5
12 15 9
21 23 7
13 16 7
4 9 3
17 20 2
22 0 9
16 18 9
5 9 3
3 7 6
19 23 1
3 7 9
3 6 3
2 6 4
19 21 1
17 18 6
8 11 1
8 11 4
23 3 3
17 19 1
13 16 8
16 18 9
5 10 4
4 7 4
14 16 4
5 8 4
3 6 2
15 19 3
15 19 6
0 4 4
7 11 5
15 16 7
7 9 2
5 6 10
11 13 7
10 13 6
13 15 10
15 17 3
0 2 9
15 19 10
10 13 8
9 13 1
2 3 2
3 4 1
14 18 1
17 20 6
22 1 7
10 13 3
17 20 6
16 19 10
15 17 10
19 23 3
9 13 3
20 0 2
17 21 2
14 17 2
14 17 5
16 19 5
15 20 2
17 19 4
17 18 7
2 6 10
17 19 10
1 4 8
6 10 5
23 3 3
8 12 10
18 21 4
13 17 3
20 23 7
16 19 3
21 1 7
12 15 10
0 2 3
6 9 1
9 11 8
0 3 2
10 14 7
17 20 3
6 9 9
8 10 6
22 1 5
6 11 1
3 5 8
21 23 4
6 9 4
23 2 2
2 7 6
19 19 9
16 19 1
6 9 1
16 19 1
1 3 9
3 7 7
2 5 7
4 9 6
9 11 6
15 19 7
3 6 1
4 6 6
7 8 5
23 2 10
7 8 8
3 6 5
1 5 3
1 6 10
16 19 10
17 17 5
8 12 3
14 16 10
2 5 7
1 4 9
1 5 9
11 15 10
18 22 7
17 20 4
14 17 3
6 10 8
15 19 1
9 12 9
22 1 1
0 3 10
8 13 4
21 23 7
13 16 10
6 10 7
8 12 8
12 16 4
22 23 3
12 16 7
18 23 6
16 20 2
22 1 1
21 0 4
4 7 2
19 21 4
10 12 4
22 2 9
20 22 4
1 3 2
15 18 8
23 0 7
20 23 7
6 9 6
1 4 7
4 7 6
10 13 4
13 15 3
1 4 7
21 23 10
18 21 3
21 1 8
11 14 10
13 17 7
13 17 2
22 1 4
21 2 3
16 20 6
12 16 9
10 13 6
12 15 3
6 9 4
21 0 4
23 2 6
22 3 7
15 17 2
20 22 1
14 18 3
17 21 3
20 23 9
15 16 2
14 17 10
13 16 1
12 15 9
3 6 1
18 20 10
5 9 7
11 16 2
19 0 1
17 21 7
0 3 10
23 1 1
5 8 6
12 15 3
19 21 5
16 19 4
6 9 4
17 20 3
3 9 6
4 7 3
12 15 6
13 16 6
12 15 9
14 17 7
20 23 3
21 0 3
13 16 8
4 8 4
7 10 3
22 2 7
7 10 7
5 7 3
13 13 3
2 6 5
4 8 9
23 2 5
4 8 3
12 14 9
22 0 9
1 7 1
1 3 6
7 9 2
16 20 5
16 19 3
17 20 5
1 4 2
18 20 7
19 22 2
19 23 7
20 23 10
14 15 4
20 0 6
12 14 2
5 9 9
7 11 1
9 12 9
1 3 6
9 11 1
10 13 1
8 10 4
7 10 6
15 18 3
7 10 1
10 12 6
3 6 2
18 20 1
23 2 3
2 6 7
0 3 5
6 9 10
20 22 5
6 9 4
14 17 1
23 2 9
0 4 10
1 4 7
12 15 4
9 13 4
8 10 8
18 21 6
0 0 2
17 21 10
8 12 8
21 0 2
13 16 5
3 5 8
10 13 8
8 10 2
22 3 2
1 4 9
14 18 4
10 13 10
3 6 5
20 23 2
19 0 1
7 9 8
9 12 10
18 21 4
9 14 5
22 1 2
12 16 1
1 2 3
15 19 1
10 14 8
6 9 9
14 18 6
16 20 7
16 20 6
21 23 10
3 6 6
18 21 3
7 11 1
2 7 4
8 12 7
21 0 10
8 12 6
3 4 2
10 13 7
4 8 5
5 8 1
2 6 5
12 13 1
2 5 6
3 7 2
13 16 8
5 10 5
8 11 7
7 10 10
10 13 8
2 5 1
19 21 1
4 8 2
9 11 9
1 4 9
5 8 5
1 2 10
21 0 6
16 18 9
22 1 6
11 15 1
9 12 9
2 4 7
20 23 2
5 8 1
9 12 5
20 1 6
23 2 8
21 1 3
19 23 3
15 18 2
3 7 5
17 19 5
19 21 9
17 20 9
14 19 7
4 6 9
21 0 1
14 18 4
20 22 1
3 4 4
20 22 5
7 11 6
2 6 8
12 15 4
23 1 4
8 11 6
20 23 4
12 14 5
20 0 6
17 20 7
2 6 7
9 13 8
9 12 4
2 6 4
21 22 7
18 21 4
7 11 6
20 21 4
5 9 1
0 3 8
19 1 7
6 8 8
21 23 9
6 8 2
23 2 10
23 1 9
5 8 8
8 10 2
23 0 6
19 23 8
19 1 6
20 1 6
7 9 4
6 9 2
15 18 4
3 7 7
14 17 3
20 23 8
16 19 9
12 15 5
13 15 9
9 10 3
22 0 10
21 0 2
6 9 4
18 21 7
14 18 8
12 13 8
22 0 9
18 20 4
5 7 2
14 15 8
17 21 2
17 20 7
6 9 6
16 19 1
7 9 3
22 1 3
2 4 8
14 17 7
9 12 4
23 2 4
8 11 1
16 19 1
20 21 5
11 14 10
21 22 9
20 21 7
14 19 3
20 22 9
0 2 1
5 8 2
9 14 9
0 3 2
14 17 5
13 16 2
23 3 3
19 22 3
16 18 2
8 9 3
18 22 10
11 15 4
0 3 5
7 9 3
17 21 4
0 4 6
2 4 2
12 15 10
10 13 5
19 20 6
9 11 10
12 15 5
13 15 4
19 23 1
18 22 1
0 5 9
21 22 3
1 2 4
7 11 2
5 8 5
4 7 5
16 17 4
19 0 4
6 9 1
14 18 3
23 2 7
12 15 1
16 17 1
11 16 7
4 8 8
18 20 9
22 1 8
16 20 7
5 7 10
3 7 3
18 20 2
1 2 3
23 2 8
18 21 5
16 20 6
23 3 1
13 16 8
10 13 3
17 19 2
4 8 3
20 23 9
7 10 3
22 1 10
0 3 9
17 18 1
23 1 5
12 15 6
15 19 8
21 22 8
9 11 6
23 0 5
14 18 4
21 1 5
19 21 1
14 17 6
23 1 6
1 3 6
3 6 1
8 11 7
9 13 9
2 4 10
19 20 6
10 15 3
7 11 4
16 19 8
23 3 5
12 14 9
11 13 9
4 6 5
3 5 5
21 23 1
6 8 5
22 2 7
11 15 6
10 13 5
10 14 10
5 6 6
14 16 4
19 21 8
11 14 4
9 12 6
2 4 10
11 14 1
18 22 7
12 16 3
10 13 8
1 4 8
20 23 9
14 17 2
9 12 6
18 23 4
4 8 4
14 17 5
20 0 9
15 18 7
13 16 10
7 10 2
18 19 1
11 15 4
20 23 9
23 2 6
16 18 1
21 22 9
2 6 9
3 5 1
15 20 7
21 0 2
7 10 6
16 18 7
5 10 5
8 12 10
5 7 3
3 5 7
15 19 1
6 8 4
8 11 8
8 12 8
9 11 10
15 18 2
19 22 6
1 5 1
7 8 6
18 20 8
13 16 8
18 21 2
13 16 6
20 22 1
23 3 4
7 10 5
11 13 10
1 5 7
11 15 8
13 16 6
15 18 5
22 1 1
6 9 2
7 10 2
16 20 1
13 15 1
0 2 1
17 21 10
23 2 5
18 20 1
12 15 2
18 22 10
23 3 7
18 21 8
11 14 2
10 13 7
9 12 10
21 0 10
20 0 6
1 6 1
15 18 3
9 13 10
9 13 6
1 6 3
2 5 1
21 0 5
2 6 9
10 12 7
4 8 1
23 1 7
21 0 7
15 18 8
13 17 10
8 10 4
14 16 8
20 23 1
12 15 3
17 19 3
0 2 8
5 8 10
23 2 10
12 15 2
9 11 8
22 1 4
7 9 4
7 9 8
22 0 5
14 17 5
19 23 6
0 3 1
17 20 10
17 21 2
4 8 3
14 17 10
2 5 3
19 23 10
14 18 10
18 22 8
14 16 10
10 12 10
23 1 9
7 9 3
21 1 8
16 19 4
17 20 8
12 15 1
11 13 9
15 18 3
18 21 2
7 11 8
2 5 5
7 10 3
18 23 9
23 3 4
18 22 8
20 0 5
18 21 5
15 18 9
4 8 7
0 4 6
9 12 2
23 1 9
2 4 7
8 12 5
13 17 6
20 1 8
6 9 10
12 15 4
1 5 1
15 18 10
9 11 8
7 9 9
16 20 8
10 12 2
10 12 5
1 3 3
18 21 2
4 7 5
14 15 5
19 22 3
8 11 8
4 8 7
12 16 1
2 7 9
4 7 8
5 7 1
0 4 10
9 13 3
0 3 3
15 17 1
3 5 5
1 5 8
12 15 3
21 1 5
6 9 7
5 8 2
0 4 5
22 1 8
14 18 1
20 23 2
19 23 6
11 14 7
1 5 10
11 14 3
5 8 5
11 13 5
18 21 4
2 5 5
5 8 5
1 3 2
21 1 10
22 23 3
22 1 1
12 16 4
17 21 9
9 14 7
17 19 4
20 23 3
12 14 5
1 4 8
5 9 9
3 5 7
21 1 1
7 8 10
14 17 6
1 4 3
2 6 8
12 15 9
19 22 7
17 22 4
3 6 6
3 8 7
22 2 9
2 6 4
3 6 4
11 14 6
3 5 6
3 6 8
15 18 6
17 19 3
19 22 6
18 21 1
20 23 3
1 4 6
11 14 8
14 16 7
16 19 8
13 17 6
13 15 5
16 19 10
12 14 7
4 8 2
15 18 9
22 2 4
3 6 6
15 19 4
4 8 4
13 15 6
18 22 3
0 2 9
1 4 3
8 11 7
0 4 3
10 12 5
5 7 4
6 11 7
11 16 9
19 22 6
7 10 6
13 17 4
18 21 1
23 3 3
18 20 2
21 0 1
5 8 6
16 19 7
4 6 1
22 0 10
1 4 2
2 5 1
6 8 6
16 18 4
18 21 4
14 17 1
20 22 1
