2050 12
6 7 5 10 8 5 10 6 5 9 7 2 
3 7 7
8 11 4
7 9 8
21 23 2
6 10 5
2 5 7
15 19 11
15 16 5
11 14 3
15 19 9
6 9 9
18 19 3
6 9 12
22 1 3
21 0 11
4 7 9
4 7 1
6 9 12
9 11 3
13 17 11
12 14 9
22 1 3
0 1 9
22 0 3
14 16 4
19 21 11
0 3 12
6 11 11
20 23 8
12 15 5
4 6 11
13 17 9
13 17 11
14 18 1
4 7 9
13 17 9
12 18 8
23 2 7
1 6 7
6 9 3
8 11 11
2 6 6
8 11 10
15 18 7
20 23 5
3 6 11
7 10 11
21 1 11
0 3 4
12 16 8
1 1 9
18 21 3
22 23 8
8 11 5
16 19 2
16 18 3
11 13 3
16 17 6
13 16 6
6 9 11
6 12 3
1 5 8
20 23 9
14 17 7
8 11 9
9 11 2
0 4 9
18 22 1
15 19 6
0 2 5
4 6 9
18 20 1
5 9 1
6 10 2
3 9 2
21 0 7
21 1 7
22 2 4
5 9 11
20 23 3
10 13 7
16 19 2
1 4 9
14 18 4
6 8 1
4 7 9
5 8 12
19 21 6
7 9 12
7 10 5
7 10 5
17 20 4
13 17 8
16 18 3
20 0 11
14 16 9
23 2 5
6 8 7
16 18 7
21 23 2
21 0 7
13 16 10
5 7 12
16 20 3
7 9 8
1 4 2
21 22 7
2 6 11
22 3 12
7 11 6
16 20 10
3 5 8
10 16 6
15 18 7
17 22 8
4 8 10
21 0 4
22 1 7
10 13 3
14 17 6
10 13 12
23 3 2
17 20 12
0 2 6
3 6 10
14 16 4
19 22 1
23 2 2
11 14 4
4 7 2
18 20 5
17 19 9
10 12 1
12 13 5
18 20 12
17 20 9
2 6 5
2 5 1
10 13 12
15 18 1
10 11 4
15 19 8
17 20 2
7 11 8
4 6 12
5 7 4
21 0 8
2 6 11
20 22 3
10 12 5
2 4 7
0 4 1
1 4 1
15 19 11
3 5 2
12 15 4
12 14 2
8 11 9
22 23 12
21 0 10
9 13 3
1 5 4
11 14 4
22 2 3
16 21 11
15 19 2
22 23 9
4 8 1
11 15 9
2 6 1
5 8 2
16 20 9
3 6 6
18 20 10
10 12 10
23 3 9
13 15 10
9 13 7
17 20 1
4 8 4
1 5 3
2 5 4
3 8 10
2 4 3
20 22 8
3 6 9
9 11 8
23 3 8
21 0 1
6 10 5
6 9 4
22 2 10
6 10 7
10 15 4
8 11 12
9 13 8
13 16 12
17 21 4
8 13 3
6 8 2
23 1 2
23 0 10
12 14 4
9 11 10
7 11 2
18 21 8
12 16 1
12 13 7
22 2 11
20 0 12
15 16 11
11 14 5
12 14 4
1 4 8
16 19 7
8 12 11
15 18 11
14 18 8
8 12 4
1 3 8
4 7 11
3 6 5
1 4 10
14 16 4
13 17 7
10 13 6
5 9 4
12 17 1
1 3 3
21 23 3
0 5 6
0 3 4
14 18 4
14 17 8
12 15 6
18 21 6
21 1 7
3 6 5
12 14 6
17 19 2
22 3 9
14 17 7
22 0 5
18 23 7
17 20 6
9 12 10
11 15 2
12 16 5
6 8 11
16 20 11
14 18 1
1 4 6
8 10 7
0 4 4
8 12 5
21 2 1
11 13 6
2 5 1
14 16 10
4 8 3
9 12 3
21 0 12
17 19 9
3 7 2
8 10 10
6 8 2
22 2 1
18 21 5
20 22 10
6 8 2
17 22 11
14 18 12
7 8 5
13 17 12
8 11 5
11 15 12
20 22 7
23 1 12
19 21 12
21 0 11
16 19 1
21 1 3
18 21 7
7 9 4
8 12 10
20 1 2
11 14 11
13 15 4
10 12 1
12 16 2
7 9 9
20 0 4
22 3 10
19 23 12
9 12 11
0 3 9
15 18 1
7 10 4
19 23 5
7 9 1
10 12 8
22 0 5
8 12 1
7 10 6
15 18 7
15 18 3
4 8 4
3 7 5
5 7 5
23 1 1
7 9 6
15 17 6
6 10 9
12 16 10
23 3 8
11 13 5
16 19 10
10 13 5
18 21 4
7 12 8
16 19 8
10 13 1
14 18 12
7 9 10
21 0 10
2 6 5
0 3 2
5 7 8
18 22 2
14 18 9
18 20 3
7 11 11
4 7 11
15 18 3
20 0 12
11 14 5
2 7 9
4 8 11
17 20 6
16 19 7
23 1 12
12 16 2
2 5 3
11 14 2
20 1 1
22 1 3
18 21 11
13 15 5
10 13 4
22 23 4
5 6 1
22 1 8
15 18 6
0 3 2
2 6 6
11 13 7
20 0 8
15 17 7
10 13 2
6 10 1
3 3 12
8 11 6
21 23 6
18 21 6
13 15 10
19 23 9
6 9 6
5 8 12
4 7 2
10 14 10
20 23 7
23 1 5
9 9 4
21 0 11
16 19 6
5 9 9
9 12 2
12 15 8
21 23 10
0 3 2
10 13 4
5 8 2
2 6 10
1 4 1
5 8 12
17 19 2
19 21 1
8 11 8
21 23 5
3 6 11
13 19 11
23 4 5
23 3 3
18 21 4
4 9 9
10 11 5
5 8 11
21 0 2
9 13 6
12 15 2
7 10 4
13 17 12
14 15 1
7 10 10
20 23 7
18 20 4
3 6 10
17 20 7
3 7 4
9 10 1
2 5 3
6 9 8
15 16 4
21 0 9
0 4 12
2 4 9
0 4 9
21 0 4
21 0 9
21 1 4
10 13 1
7 10 7
15 19 5
23 2 1
19 22 7
10 13 10
9 13 6
13 16 7
10 14 5
6 9 8
11 14 8
20 23 9
5 8 9
9 13 7
7 9 2
1 4 7
11 14 12
2 3 10
21 23 7
11 15 2
9 12 11
12 15 4
18 20 1
9 10 9
16 20 8
7 11 9
3 5 8
20 1 3
4 5 12
20 22 10
14 18 12
19 23 7
12 15 8
22 1 4
8 9 4
19 22 5
2 5 10
18 22 2
23 1 7
17 18 5
0 2 10
18 21 2
18 21 1
10 12 6
22 0 12
17 21 12
17 20 12
12 15 10
10 12 7
15 19 6
21 23 5
17 20 4
23 4 12
11 13 5
15 18 10
16 20 7
13 15 12
19 22 11
0 3 7
9 12 5
1 3 9
8 11 2
7 10 3
16 21 4
21 1 10
23 2 5
11 13 4
1 5 6
3 6 2
11 14 10
15 18 10
14 16 10
16 20 2
7 10 7
2 6 8
7 11 4
10 12 12
22 0 2
11 15 12
21 0 1
15 18 5
19 21 6
6 9 10
16 19 5
3 6 11
22 0 11
11 13 5
1 4 2
20 21 12
1 4 3
13 15 11
6 8 3
1 4 9
22 3 5
17 18 5
3 7 4
20 23 11
0 4 5
22 2 12
10 12 9
0 4 11
2 5 7
8 12 7
8 12 5
9 11 12
1 2 5
22 0 10
8 10 2
15 18 6
18 22 3
17 19 11
1 5 2
3 7 5
15 19 4
20 0 10
1 4 5
0 3 1
20 23 8
20 1 7
4 8 7
9 11 8
4 8 11
20 0 3
23 2 12
0 2 8
23 0 3
21 23 8
17 21 3
11 15 12
6 11 7
3 4 4
19 22 11
3 5 1
2 7 2
13 16 12
21 0 12
12 15 9
3 5 5
20 23 1
13 16 2
8 10 7
18 21 6
15 18 5
6 9 5
2 5 1
4 8 3
10 12 11
0 2 10
9 13 9
4 9 3
21 0 11
10 13 6
0 3 11
11 14 12
19 23 3
20 22 2
12 14 5
15 19 4
22 2 2
7 10 6
12 14 10
17 22 9
7 9 12
19 21 12
14 18 6
22 23 4
1 4 11
1 6 8
10 14 2
21 23 5
13 16 10
10 12 7
8 12 7
20 23 8
0 3 5
8 11 12
20 23 1
12 14 7
14 18 10
22 2 5
11 15 4
23 2 11
0 2 6
9 12 8
7 9 8
3 5 6
23 2 9
6 9 6
13 17 7
8 13 4
18 22 11
19 22 8
6 9 10
3 5 11
3 5 10
22 1 6
1 3 12
1 4 4
18 21 2
17 20 4
8 11 4
6 9 9
8 11 5
16 19 2
17 20 3
11 14 2
12 15 11
20 23 4
14 18 8
15 18 4
5 7 9
15 17 12
1 4 5
20 20 12
1 4 10
16 20 3
2 5 2
7 10 12
23 1 3
16 19 2
7 10 4
3 7 2
9 12 7
13 17 9
11 16 1
21 23 11
14 17 1
13 16 9
2 5 4
21 0 11
17 19 11
15 18 1
15 19 7
14 15 10
22 1 9
16 19 11
6 8 5
11 13 6
17 20 5
21 1 3
5 9 4
5 8 6
8 11 12
2 5 6
2 6 3
16 20 8
8 11 7
8 9 2
0 5 6
21 22 10
5 9 3
10 12 6
22 1 3
23 2 12
0 3 8
12 16 6
5 7 6
11 14 8
3 7 10
12 15 4
8 11 10
10 13 10
10 14 3
10 14 8
6 9 8
8 11 5
15 18 7
10 12 4
10 11 2
14 17 4
21 0 5
6 8 1
8 11 8
16 17 8
10 12 7
10 13 5
14 17 12
16 18 11
17 19 8
9 12 11
10 14 7
17 20 5
22 0 6
13 16 2
11 15 1
10 11 5
23 3 12
2 4 4
0 3 12
5 9 2
21 0 7
21 23 3
8 12 9
22 0 7
14 16 5
18 20 12
0 5 8
0 3 12
20 22 4
15 17 2
10 13 6
12 15 9
12 15 3
19 20 11
22 2 12
10 14 5
8 12 6
0 3 3
23 0 8
13 16 6
5 8 3
6 10 9
19 20 10
2 4 7
16 18 11
21 0 12
2 6 4
4 6 7
6 11 1
2 5 11
23 3 3
23 1 3
4 7 8
6 8 11
3 6 8
6 9 12
6 10 4
13 15 6
3 4 11
2 6 1
21 2 11
9 13 5
0 3 10
3 5 7
11 16 8
1 2 12
14 17 8
3 6 1
2 5 4
18 22 4
23 1 9
0 3 10
12 14 9
14 18 7
19 21 12
21 22 8
11 12 10
10 13 3
6 9 10
11 14 5
15 18 3
6 9 2
12 14 12
19 23 3
20 0 5
23 3 9
0 3 1
0 1 10
17 20 9
11 13 10
5 8 12
8 11 12
23 3 1
8 9 1
6 10 12
8 13 2
23 2 3
1 3 6
13 16 11
16 18 9
3 4 5
13 16 3
2 6 9
7 10 8
4 7 2
8 11 10
3 6 3
9 10 12
12 14 12
5 8 1
16 19 8
15 17 12
10 13 10
0 3 6
18 23 12
15 18 2
22 23 6
23 1 6
7 10 10
7 10 10
18 22 5
19 23 6
1 5 7
3 5 10
8 12 4
19 21 5
2 6 9
1 6 10
13 16 10
15 20 7
3 6 5
14 18 3
18 21 10
9 12 6
20 23 10
8 13 4
3 6 8
1 4 2
15 18 3
10 14 7
11 13 8
23 3 3
15 18 9
1 6 1
11 14 6
19 0 6
21 0 9
6 8 1
0 2 6
4 7 5
8 10 11
12 14 12
14 17 4
13 17 8
15 17 12
8 11 12
17 18 3
17 19 6
22 4 9
22 1 5
9 13 2
17 20 4
1 4 5
15 19 3
19 0 5
1 4 3
23 1 6
7 10 4
11 13 9
15 19 5
6 9 8
9 11 7
2 6 12
13 15 7
5 6 6
21 23 9
18 21 9
14 16 1
13 18 5
0 2 7
16 19 12
23 1 6
20 22 1
17 19 10
20 22 10
10 13 3
14 18 12
5 8 10
0 4 2
14 17 7
16 20 9
7 9 3
17 19 12
21 1 2
17 21 4
1 6 7
19 22 10
2 5 6
6 10 6
19 22 12
0 4 12
7 10 8
6 9 10
11 15 8
20 22 2
9 13 3
1 4 12
19 22 9
8 9 9
18 21 9
5 8 9
8 11 12
13 16 7
2 4 4
8 10 1
2 3 5
1 6 11
12 16 12
1 4 4
6 10 11
13 17 7
0 3 4
12 16 2
14 17 6
6 8 5
10 14 2
10 12 4
4 7 3
17 19 5
10 12 1
4 5 9
21 1 2
7 10 2
12 13 9
3 4 9
21 23 8
10 14 4
9 12 6
2 5 4
21 0 11
11 13 9
19 22 11
20 23 5
2 5 3
17 20 4
11 15 8
1 4 6
15 17 8
10 13 1
17 20 7
8 10 2
14 17 3
17 20 9
17 18 4
21 0 8
5 7 4
2 5 10
20 0 8
10 13 7
7 10 4
22 2 10
2 5 1
17 20 10
19 22 5
7 11 8
5 9 2
14 18 2
3 7 10
23 2 10
12 16 10
19 23 11
2 4 4
3 7 2
3 6 8
22 1 11
0 4 1
10 14 11
7 9 2
6 8 5
0 4 6
21 1 6
20 23 4
16 20 10
23 2 8
8 12 11
6 8 4
8 12 2
9 14 5
2 5 5
12 14 4
18 23 10
22 1 6
10 12 9
7 10 5
12 18 4
13 18 12
7 10 11
13 16 8
10 9 12
17 20 9
23 1 7
5 6 7
11 15 11
17 21 7
6 9 11
19 22 9
11 14 6
9 11 7
18 21 2
4 7 12
17 20 9
3 7 7
0 3 8
3 5 1
7 11 11
12 14 5
6 7 12
11 13 10
3 7 12
6 8 1
4 8 6
9 10 8
15 18 11
18 20 2
20 0 10
23 0 3
21 0 9
7 8 10
11 13 10
3 6 1
15 18 4
8 11 5
19 22 7
4 6 2
21 23 12
15 17 2
2 6 9
15 19 7
5 7 12
17 20 4
23 2 7
10 13 11
21 1 1
11 12 2
14 18 8
18 22 11
22 22 12
12 16 9
18 21 1
22 1 5
0 4 9
16 20 3
17 23 7
18 18 4
8 11 8
9 13 1
12 17 12
17 19 7
22 22 8
14 17 5
22 1 8
9 13 9
10 13 2
7 11 5
1 3 7
10 14 6
16 19 7
21 23 4
6 8 1
4 7 2
5 8 6
5 8 8
14 15 6
15 19 8
22 2 8
6 8 11
1 5 10
8 10 8
4 8 12
6 9 10
17 22 8
2 7 4
6 10 10
2 5 9
7 9 9
22 1 11
22 1 6
20 23 2
20 23 12
16 20 6
14 16 2
19 21 3
4 6 3
6 9 3
20 23 8
15 19 11
6 9 6
14 18 5
0 3 1
8 11 6
20 22 8
19 21 5
17 20 2
4 6 9
13 16 2
18 21 10
11 14 10
20 23 5
15 17 7
7 9 7
6 8 7
19 22 10
0 3 3
19 22 4
16 19 2
7 10 8
20 22 9
14 17 2
1 5 5
14 18 12
22 1 8
5 8 5
16 18 3
23 2 7
15 19 2
6 11 9
5 7 1
16 19 4
20 23 12
5 8 4
22 1 2
6 11 6
22 1 10
20 23 11
7 9 7
14 17 2
4 8 1
4 7 8
13 15 12
6 9 3
9 12 2
14 16 2
10 12 10
14 19 6
9 11 9
11 13 8
18 22 5
7 10 2
19 22 2
18 0 6
3 6 12
19 0 5
2 6 11
4 6 5
22 0 4
12 13 8
19 23 12
9 12 8
3 7 9
9 11 12
7 9 2
15 18 8
19 20 8
2 5 7
10 10 4
17 20 5
4 6 8
16 20 10
7 10 1
3 6 4
3 6 4
16 19 4
1 3 10
3 8 1
9 11 3
3 4 10
18 21 3
20 23 2
21 1 8
11 14 7
19 22 12
15 20 9
23 3 3
23 5 7
22 1 5
3 5 11
6 9 1
19 22 11
13 17 2
20 23 8
5 7 5
19 23 3
5 8 7
18 20 6
23 2 10
20 0 2
20 23 8
15 19 1
21 0 11
21 0 12
17 19 8
21 23 1
18 21 9
16 19 8
6 8 5
5 9 6
7 11 1
2 5 1
17 18 6
6 9 2
21 0 6
6 8 4
7 9 2
22 2 7
0 1 8
21 22 1
0 5 6
21 1 12
0 3 8
2 5 12
23 1 7
12 16 3
13 16 1
4 6 3
9 13 6
7 10 7
16 19 1
5 7 12
3 5 12
0 3 1
2 6 1
10 14 8
20 23 8
21 23 7
23 1 11
19 22 11
7 9 4
22 1 5
4 8 8
15 18 8
11 12 12
4 7 3
7 11 1
22 2 10
11 14 3
4 8 11
2 6 7
5 9 8
14 17 10
14 17 9
16 19 10
6 11 8
21 22 10
6 8 1
14 16 10
7 10 2
8 11 1
18 22 6
1 4 7
17 20 1
18 21 4
0 3 11
10 14 2
2 5 9
18 21 8
6 8 3
12 14 7
21 2 2
0 3 6
23 3 2
11 13 2
14 17 12
7 10 3
0 3 1
4 7 2
20 22 10
8 10 2
5 7 12
17 21 1
10 13 7
14 17 5
1 4 4
21 1 3
9 12 10
16 20 1
11 15 7
6 9 3
18 22 8
4 6 4
10 13 11
20 0 7
5 11 6
18 22 12
6 9 4
15 18 11
12 16 3
10 15 2
18 22 4
20 23 11
4 7 9
6 9 1
16 20 4
14 18 1
15 18 10
22 1 8
5 7 6
0 3 4
11 13 4
20 21 4
6 11 7
16 19 3
5 9 12
8 10 10
22 1 10
16 19 11
19 0 12
19 22 2
14 19 10
7 11 7
4 8 8
12 16 5
13 15 5
3 5 3
7 10 2
1 5 4
23 2 5
20 23 12
13 16 8
0 4 4
23 2 7
13 16 3
12 15 1
11 14 10
18 22 12
22 1 11
15 17 6
13 16 4
21 23 8
8 13 11
2 6 10
12 16 5
5 7 6
9 11 10
12 15 4
14 17 11
1 4 2
1 4 6
16 20 11
4 6 9
4 7 3
22 23 1
0 4 6
18 21 1
5 7 5
2 4 3
0 2 10
11 14 11
7 9 7
16 19 8
4 7 2
8 10 12
23 1 2
0 2 10
1 5 7
11 14 2
17 20 2
1 4 2
15 18 7
8 11 8
13 17 6
19 22 12
19 22 2
4 6 7
22 23 4
13 14 12
17 21 3
22 0 8
9 12 3
9 13 6
16 19 7
4 6 6
23 3 12
7 10 1
18 22 2
12 16 1
8 10 3
7 10 6
15 19 1
23 2 3
13 17 3
12 15 3
16 20 12
11 13 6
17 20 4
16 20 8
1 5 9
9 12 1
0 3 7
13 15 7
13 16 11
11 15 5
8 9 10
22 3 1
11 14 6
6 10 5
18 22 1
23 2 1
11 15 11
22 1 7
6 9 11
18 20 3
14 18 7
20 0 8
8 11 7
9 13 9
22 1 1
0 3 8
4 7 1
15 18 6
21 23 8
1 3 1
10 13 11
17 20 7
9 12 12
13 17 4
0 3 4
9 13 8
19 22 7
14 18 6
22 2 3
23 3 7
12 16 10
22 0 3
2 5 8
5 8 2
3 8 10
5 8 10
5 8 5
0 4 4
22 0 12
21 2 6
13 16 11
20 23 12
1 4 8
21 2 4
5 10 6
10 14 1
12 14 7
12 14 9
2 5 7
23 2 1
0 3 8
17 18 5
11 15 11
3 5 4
14 16 4
17 21 5
4 7 12
0 2 1
23 2 11
17 21 2
2 5 4
1 2 9
23 4 10
16 17 7
3 6 8
11 14 6
2 4 5
14 17 12
23 2 10
5 8 11
23 3 2
9 12 2
17 19 4
14 17 3
4 7 5
19 22 4
4 7 9
13 16 8
15 18 2
3 4 5
17 18 12
6 8 7
23 2 5
22 1 10
16 19 12
20 23 11
22 0 10
14 18 12
19 22 1
2 4 1
20 2 12
4 8 6
8 11 12
19 23 5
5 7 1
16 20 11
10 12 2
20 22 6
23 1 3
3 6 3
2 5 3
5 7 12
19 22 12
13 16 11
16 20 7
17 21 11
13 16 3
19 22 12
8 11 9
15 18 8
14 18 2
13 18 6
3 6 12
4 8 7
15 18 8
0 3 9
14 16 10
21 0 6
22 2 3
18 19 1
5 8 7
3 7 12
9 12 7
4 7 2
17 22 4
17 19 2
23 1 10
19 22 11
18 20 10
8 11 10
8 12 9
15 16 9
2 5 3
21 23 3
0 3 2
14 18 2
10 14 8
8 11 11
21 1 10
13 17 2
15 18 12
3 4 7
21 0 9
11 15 12
19 21 2
13 16 2
8 11 12
0 3 3
7 10 7
1 5 6
21 1 8
21 0 10
17 20 5
1 4 8
6 11 6
9 11 3
18 20 5
13 15 6
16 17 2
22 0 9
11 15 10
2 5 1
14 18 5
20 21 8
12 14 5
17 22 12
17 20 10
9 11 1
8 11 2
5 9 7
3 4 12
2 4 6
12 14 4
13 16 4
9 12 10
7 10 11
0 4 2
22 1 6
1 4 5
6 8 8
13 16 7
8 13 4
2 4 12
4 6 4
11 13 12
8 12 12
22 0 2
10 14 5
15 18 2
12 15 1
7 10 10
1 3 6
22 0 10
10 13 2
6 10 8
7 9 3
9 12 4
0 2 5
8 13 10
18 22 2
5 7 6
22 0 6
9 11 8
13 17 11
22 0 11
2 5 8
15 18 3
11 16 6
19 23 6
4 7 7
18 20 3
6 8 2
2 5 4
0 1 3
1 4 4
14 17 7
6 11 10
4 6 4
1 4 5
12 16 6
0 3 5
11 12 6
15 18 4
17 21 8
23 3 11
18 22 2
7 10 9
9 12 5
10 14 4
16 21 1
6 9 6
6 7 7
22 0 9
19 0 3
1 4 5
9 11 1
17 20 5
16 19 8
0 3 4
22 0 3
18 21 4
13 16 4
21 0 4
11 16 1
12 14 10
14 17 4
9 12 7
13 16 2
13 16 8
6 8 12
14 19 2
9 13 5
0 3 3
23 2 7
15 18 3
3 7 9
1 4 8
15 18 7
3 7 6
15 18 6
14 17 2
2 4 7
1 2 10
0 5 10
5 8 7
0 4 2
12 16 3
22 0 1
20 23 2
7 9 11
18 21 10
2 6 9
7 7 3
14 17 11
17 21 2
0 3 10
4 7 12
5 8 1
12 15 8
7 8 6
12 14 11
12 17 7
17 18 9
14 16 4
1 5 6
4 7 5
17 20 5
22 1 2
9 12 8
18 21 12
16 17 5
21 22 11
22 2 8
3 7 11
10 11 4
5 9 11
12 16 8
20 21 2
19 20 12
19 21 7
16 19 10
8 11 12
15 17 7
17 20 2
1 4 9
22 1 3
9 13 2
7 10 2
0 2 6
13 16 1
1 5 8
20 22 1
23 1 10
11 11 8
0 3 6
21 22 8
23 2 9
11 15 2
18 21 12
16 18 6
22 2 6
18 21 12
10 13 1
14 17 1
0 2 5
18 21 4
6 9 10
1 4 6
20 22 2
6 8 10
11 15 7
12 17 2
0 2 4
23 2 5
12 15 11
3 6 9
13 16 11
21 1 7
23 2 7
11 15 4
21 0 2
12 15 2
0 4 2
8 11 5
20 0 1
9 13 7
21 0 11
7 10 3
0 3 6
0 2 11
17 20 6
6 8 4
14 17 11
8 12 10
13 18 12
19 22 6
19 23 11
0 2 7
5 9 2
18 22 8
21 1 4
21 22 5
19 22 9
13 17 10
17 20 11
14 17 4
9 14 3
20 23 9
3 6 2
23 3 9
1 3 10
2 5 3
2 6 5
2 3 7
20 23 2
7 8 3
22 1 6
16 19 2
0 3 6
1 5 11
14 19 8
1 6 9
13 14 11
5 7 10
19 22 5
6 9 8
8 11 9
14 15 6
16 18 1
21 1 12
15 20 1
20 22 10
5 10 3
2 6 10
0 3 6
13 15 4
11 13 11
23 2 12
5 9 2
8 11 8
0 3 9
11 13 12
8 12 11
19 22 8
20 22 8
17 20 10
18 20 7
9 12 8
16 20 3
2 5 1
3 4 2
16 19 6
8 11 5
16 18 3
17 21 12
11 14 1
9 12 11
20 22 12
18 22 6
4 6 2
2 3 11
1 2 11
3 6 5
2 3 9
13 16 4
14 17 11
10 12 12
6 11 8
12 14 6
7 9 3
3 5 4
0 3 10
23 3 11
18 22 5
6 9 11
17 22 4
20 22 10
4 7 7
18 21 3
19 23 9
4 7 9
19 23 5
22 1 10
7 12 3
15 18 5
3 7 4
21 22 1
5 9 4
15 19 11
13 15 6
3 4 5
14 16 12
19 23 6
5 8 10
11 14 8
22 1 3
10 12 12
7 10 8
7 10 7
23 2 8
20 23 12
11 14 11
11 15 7
15 17 6
11 13 4
12 16 5
12 15 12
14 18 10
10 12 5
2 4 5
5 7 2
11 14 8
16 19 11
12 13 8
12 17 11
1 5 7
13 15 11
14 16 2
21 0 6
21 1 9
17 20 11
16 19 9
9 15 2
15 18 3
5 9 2
11 15 5
9 14 6
12 14 4
16 18 10
17 20 4
3 6 8
10 14 6
12 14 8
6 9 6
18 20 3
17 19 6
5 9 10
23 2 1
23 1 1
1 4 1
19 23 5
11 15 12
9 10 1
19 23 8
5 7 1
11 12 3
0 2 12
9 11 5
0 2 7
4 5 6
13 17 11
14 16 8
11 15 10
0 2 1
12 16 5
21 1 6
23 2 1
1 3 8
13 15 10
21 0 4
9 12 2
15 18 11
18 20 1
8 13 11
19 23 2
12 15 3
19 21 5
11 14 5
1 4 4
14 17 3
18 19 9
2 6 1
2 5 10
20 0 3
15 18 8
22 2 10
3 7 2
21 22 2
20 22 9
2 5 2
3 6 7
17 20 3
15 19 6
5 9 6
10 15 9
10 14 12
12 14 5
22 1 9
21 0 5
7 11 9
12 15 5
9 11 5
9 12 2
12 15 9
17 20 2
16 18 2
3 6 6
14 17 4
4 6 6
22 1 11
1 3 4
19 22 4
17 20 11
20 22 10
14 17 3
19 23 6
8 10 11
21 0 3
1 4 4
12 15 3
22 2 4
7 10 9
11 14 11
9 13 5
4 6 10
10 13 1
23 1 10
10 13 9
17 21 4
8 10 6
0 4 6
15 18 1
10 12 7
18 22 9
6 8 1
20 23 4
21 0 7
7 9 10
12 16 1
8 11 9
7 10 8
23 0 5
13 15 10
0 2 6
3 6 5
8 12 6
20 22 6
5 7 10
23 3 11
23 3 4
11 14 9
0 6 4
3 5 10
11 14 2
3 8 5
12 15 4
5 8 4
0 4 7
13 16 10
16 19 3
16 19 9
1 3 5
21 1 5
10 13 4
0 2 8
12 16 9
22 2 8
0 2 12
11 15 6
19 21 1
13 15 4
2 5 12
18 21 2
22 1 4
6 8 4
11 15 9
23 4 7
17 20 4
6 9 7
4 6 1
18 22 7
1 5 5
5 7 2
9 14 12
12 14 6
2 5 12
3 7 12
8 11 7
9 12 8
13 13 6
19 0 11
6 9 2
11 14 1
22 2 11
2 6 3
6 8 12
10 13 9
1 5 11
22 2 3
5 9 1
23 1 3
8 12 9
6 9 11
16 20 7
18 20 9
23 2 11
19 23 4
9 12 11
6 9 4
