250 19
2 4 2 5 8 2 9 9 6 7 4 2 7 6 2 1 6 7 4 
11 13 15
9 12 7
8 12 13
4 7 3
11 15 6
0 4 2
14 16 10
22 1 10
4 9 19
7 9 16
13 17 6
5 9 19
1 4 7
20 22 8
0 3 11
5 8 10
7 10 8
5 8 18
7 10 6
21 1 5
15 17 14
9 14 9
5 9 3
10 16 16
8 12 18
7 10 4
2 6 11
21 23 1
19 22 8
4 6 1
14 17 5
23 2 10
19 21 6
2 3 15
20 0 14
10 13 7
7 10 16
2 5 4
22 1 2
5 9 12
17 20 4
23 2 17
3 5 9
2 5 5
9 12 18
23 3 2
19 21 16
6 10 13
2 5 14
12 16 12
17 18 8
14 19 6
9 11 17
0 4 16
4 7 13
9 13 6
9 12 7
3 6 10
12 16 19
17 18 18
12 14 19
1 4 5
19 22 3
21 23 9
14 18 6
22 3 6
18 20 4
16 20 19
23 2 11
5 7 10
22 1 19
19 22 11
8 11 16
16 18 10
18 20 1
19 21 1
4 7 10
1 4 19
16 20 12
19 22 17
11 13 2
12 15 17
19 22 11
2 6 6
7 11 17
12 16 2
20 23 12
17 19 3
17 21 8
5 9 3
4 6 14
23 3 8
7 12 19
14 16 14
21 1 2
8 12 4
11 14 11
10 13 11
23 2 17
8 10 14
7 10 1
22 2 4
3 7 3
2 6 19
2 5 18
2 5 18
9 12 11
19 0 15
20 23 14
12 16 13
21 0 11
6 10 10
15 19 5
0 3 7
13 17 14
17 19 3
16 21 15
7 12 5
22 1 11
20 22 8
4 5 18
22 2 16
17 20 19
14 16 10
0 4 5
17 20 7
14 17 1
20 21 10
8 11 12
13 15 13
13 16 19
12 14 2
0 2 1
5 8 16
4 6 6
23 1 15
3 6 13
13 15 2
22 1 18
2 5 17
21 1 16
10 14 4
16 21 13
17 19 4
0 3 19
20 0 5
21 1 2
22 1 12
11 14 5
4 7 4
6 8 15
23 2 14
13 14 6
19 22 8
23 2 4
21 0 17
5 7 13
19 22 8
3 6 4
16 17 1
9 12 13
17 19 14
0 5 13
0 3 13
13 16 4
0 3 11
14 18 19
4 6 1
17 20 19
15 20 10
6 9 2
6 11 14
1 5 6
9 12 17
13 15 6
14 17 18
15 19 1
22 23 11
2 6 1
6 9 18
14 17 10
4 7 18
10 13 10
5 8 17
21 1 13
3 5 6
13 15 14
12 16 5
20 1 11
4 6 1
7 9 13
15 18 10
20 1 2
6 11 16
8 10 8
19 22 14
18 20 14
8 11 13
13 18 17
21 22 5
14 15 19
14 15 8
16 20 7
3 6 13
10 14 16
18 22 9
10 14 3
20 0 1
5 10 8
10 13 3
7 10 2
17 20 1
20 1 9
5 7 11
6 10 2
6 10 11
11 15 1
9 11 12
1 3 17
21 23 10
2 5 5
9 10 11
13 19 14
2 5 3
5 9 6
14 17 4
23 1 10
10 13 17
11 14 7
10 13 17
22 1 13
2 4 5
19 21 8
19 23 12
19 22 1
19 23 15
2 6 8
22 0 19
23 4 19
14 16 13
23 2 19
1 5 13
12 14 6
6 9 3
15 20 5
0 4 4
12 15 11
20 23 2
4 8 16
14 17 15
