300 4
2 8 6 3 
2 5 2
7 10 2
5 8 4
3 6 2
12 14 3
0 4 3
22 2 3
0 3 2
20 22 2
4 6 1
1 4 4
1 2 3
2 8 1
9 11 1
1 5 2
5 8 2
3 7 4
10 14 1
9 13 3
22 1 2
14 16 4
14 15 1
2 4 1
15 19 3
6 10 3
0 5 1
12 16 3
22 0 4
10 12 2
20 23 4
15 17 1
16 18 2
11 16 2
5 7 2
20 22 4
5 11 1
3 7 4
10 12 3
13 17 3
21 23 3
7 10 3
1 3 2
2 7 1
19 21 1
11 15 3
13 16 2
2 4 2
2 5 4
19 23 1
2 3 1
15 18 1
14 18 1
7 9 4
19 22 2
18 21 2
20 23 4
1 6 2
2 7 4
6 9 1
4 8 4
15 18 2
21 22 4
0 4 2
1 4 1
10 12 2
9 13 1
7 10 3
19 22 1
10 13 4
17 21 4
10 13 3
8 13 3
14 17 3
19 22 3
9 12 1
5 9 4
16 17 3
12 15 4
2 5 4
0 3 1
1 4 4
11 15 2
22 0 4
16 19 1
6 10 2
7 11 1
1 4 3
4 8 2
15 18 3
0 4 1
23 3 3
0 2 1
14 16 3
8 11 2
11 13 3
13 16 4
9 12 4
6 9 1
23 5 3
23 1 2
3 7 4
8 11 3
4 6 2
2 7 4
12 16 4
4 8 4
12 15 3
9 12 3
5 9 4
3 6 4
3 7 4
13 15 2
12 15 1
2 6 3
21 0 2
14 15 4
22 1 1
12 16 2
18 21 2
18 21 2
21 23 3
21 0 2
12 14 1
6 10 4
18 21 2
23 0 4
20 23 1
16 21 2
10 13 3
18 20 4
11 15 3
3 7 2
21 0 1
21 23 3
0 2 3
17 20 1
15 16 4
10 12 4
1 3 2
8 9 1
21 0 3
4 7 2
14 18 2
14 17 2
11 13 1
13 18 3
8 11 3
15 19 2
13 15 1
23 1 4
4 8 2
21 23 2
21 2 2
18 21 1
18 22 4
14 17 1
5 8 2
15 17 2
23 1 4
10 13 4
5 9 3
12 16 3
8 12 4
13 14 2
2 5 1
14 15 1
20 0 3
11 14 1
3 4 2
12 16 2
18 22 4
5 8 3
7 10 1
0 2 3
16 19 1
0 3 4
12 15 4
6 7 3
23 1 3
21 0 3
3 6 3
23 1 3
21 23 2
3 8 2
10 12 3
23 2 1
10 15 4
20 0 1
11 13 4
17 20 1
21 0 3
17 21 1
13 17 4
23 4 2
8 10 2
3 5 3
5 9 4
16 20 4
8 11 4
4 9 3
4 6 1
4 8 2
22 0 2
23 2 2
18 22 3
21 0 1
21 23 3
12 16 3
13 18 4
0 3 2
11 15 3
22 0 2
10 13 4
13 18 1
6 10 3
0 1 4
6 9 3
21 0 1
7 10 1
18 20 4
1 2 1
13 16 2
6 10 1
18 23 1
0 2 2
13 16 4
5 8 3
12 15 2
2 8 4
4 8 4
4 8 1
23 2 3
15 17 3
2 6 3
12 15 3
8 11 2
18 20 1
5 7 2
20 0 2
1 6 4
20 23 3
23 1 2
3 6 4
15 17 2
9 13 3
12 17 4
1 4 4
4 7 4
1 4 3
14 19 1
5 7 1
15 18 3
5 9 2
7 10 4
14 17 3
10 12 4
5 8 3
22 0 2
14 18 2
4 7 3
13 15 1
17 19 3
1 5 1
21 23 1
23 2 3
10 12 4
20 0 2
4 8 4
2 4 3
21 1 3
11 14 1
19 22 1
1 3 3
17 20 1
22 2 3
16 19 4
23 3 3
12 14 4
8 11 2
18 22 3
19 23 1
20 22 4
22 2 2
13 15 2
13 17 2
13 15 2
1 5 2
21 2 1
2 5 1
13 16 2
22 2 4
18 20 1
8 9 1
20 0 3
13 18 2
6 9 2
2 5 3
2 5 2
20 22 4
17 19 1
