300 16
3 5 4 3 6 3 5 8 10 10 9 9 6 1 2 4 
10 12 1
5 8 15
11 16 12
11 14 14
0 4 3
14 17 5
8 11 7
12 14 14
17 21 9
12 15 1
22 1 12
9 13 3
3 7 15
20 23 2
8 11 3
7 9 6
8 10 1
23 2 1
16 20 3
19 23 2
15 21 13
8 12 16
12 16 11
5 9 11
5 7 9
13 15 9
14 18 9
19 0 9
20 23 7
13 15 14
18 22 5
18 21 1
12 13 12
15 19 13
20 1 7
20 22 16
5 7 1
11 12 1
3 5 9
12 15 15
19 23 3
21 0 7
12 15 16
20 0 11
23 0 1
19 22 7
14 16 4
6 10 14
1 4 6
7 10 6
17 20 16
14 18 3
9 12 1
2 7 14
20 23 8
12 16 7
10 14 16
22 1 5
20 0 8
21 23 15
16 20 7
10 12 12
0 3 13
15 18 13
1 5 12
20 22 7
12 15 16
22 2 5
3 5 8
5 9 14
12 17 1
5 6 10
8 9 2
17 19 6
11 14 11
5 7 6
14 17 16
13 16 6
15 19 5
12 14 7
2 6 8
8 11 2
1 6 13
15 19 8
10 12 8
14 16 12
17 21 7
13 17 6
3 6 15
4 7 7
0 4 11
4 7 16
7 9 7
21 0 5
14 17 14
16 19 6
13 17 1
4 7 10
13 16 9
12 15 10
8 11 12
4 8 7
23 1 3
11 15 3
12 14 2
21 0 13
0 4 11
0 3 16
4 6 12
16 19 8
7 10 16
10 14 16
1 4 7
22 1 1
13 17 15
12 15 3
5 9 9
22 1 10
22 1 15
15 18 8
11 14 14
12 14 3
6 10 3
15 19 3
19 21 11
13 15 9
9 13 7
17 19 16
6 11 1
3 5 13
11 13 6
20 22 4
15 18 16
7 11 15
14 18 13
21 2 3
18 21 10
9 13 3
8 11 16
0 3 6
18 21 10
17 19 16
18 20 5
8 11 5
4 7 11
22 0 12
11 13 12
1 4 16
2 5 12
7 10 6
9 12 11
6 11 16
4 8 7
10 13 14
4 9 8
10 13 16
17 19 8
4 6 1
16 19 1
19 0 14
23 2 6
23 2 13
5 9 16
8 13 9
9 13 1
0 3 5
0 3 10
16 19 2
16 20 10
10 12 12
1 4 4
7 9 16
11 13 1
11 12 9
4 8 3
21 1 4
14 17 2
22 1 12
13 17 5
10 11 7
7 10 1
19 22 16
4 5 5
17 20 7
1 4 10
21 2 16
9 13 2
3 6 10
7 11 15
1 5 7
1 1 11
16 18 16
1 4 15
5 8 10
15 19 16
4 6 10
10 12 5
1 4 2
19 21 11
9 12 9
9 12 7
22 1 10
20 0 8
2 6 12
3 6 3
22 1 1
13 17 5
4 8 14
13 17 6
3 6 4
1 4 2
20 0 16
11 16 16
12 16 15
23 0 9
22 1 8
13 16 15
22 0 14
20 22 4
2 6 6
9 10 13
11 13 16
14 17 11
19 22 5
10 12 16
21 1 13
23 3 1
8 11 9
14 17 6
0 2 11
18 21 8
11 14 9
20 0 2
20 22 14
14 18 11
1 4 7
7 12 2
21 0 1
8 10 11
17 19 16
18 22 12
19 23 11
4 8 9
14 17 12
13 15 8
12 14 1
13 15 14
20 23 11
22 0 3
16 20 4
13 16 12
19 20 15
19 21 2
9 12 3
21 1 13
12 15 6
9 13 3
2 5 3
18 22 14
11 13 6
17 21 5
8 11 9
13 17 5
15 17 8
12 14 10
16 18 8
5 7 12
17 19 13
17 20 11
21 1 9
15 19 12
8 12 2
12 15 4
13 17 13
13 16 8
21 0 3
18 21 7
7 9 16
17 21 11
2 5 2
10 14 6
1 3 13
19 22 8
8 10 4
5 7 5
6 8 10
10 13 12
1 6 13
6 9 4
12 14 1
8 12 8
13 15 16
21 0 9
16 17 10
1 4 4
1 4 10
16 20 13
7 9 14
8 10 16
21 1 12
