1250 17
10 6 4 6 1 1 5 1 7 6 6 3 1 8 7 6 2 
15 17 4
15 19 2
16 18 3
16 19 16
22 1 5
1 5 11
20 0 2
5 6 3
11 14 10
4 6 7
13 16 15
14 18 6
8 10 15
17 20 13
4 7 3
15 18 11
16 20 7
17 20 17
1 3 8
3 6 12
4 8 14
4 9 3
6 10 16
19 23 5
14 17 15
17 21 10
20 23 10
6 8 15
21 0 5
15 20 4
2 5 4
11 14 1
19 1 16
8 12 17
18 22 16
8 10 4
16 19 12
20 21 1
2 4 6
10 13 11
18 20 14
6 8 12
7 10 5
14 18 11
9 10 3
9 11 10
20 23 11
1 3 11
6 9 4
10 14 13
6 9 12
16 20 5
19 23 10
19 23 6
7 8 15
16 19 5
15 18 6
5 7 10
3 7 13
5 9 9
23 1 12
22 1 17
20 23 9
16 20 14
5 8 4
0 3 12
3 8 9
9 12 16
10 13 16
9 10 17
9 14 15
7 12 11
2 5 11
1 5 5
16 20 17
10 13 7
19 23 15
19 21 16
6 8 13
22 1 7
19 0 13
8 9 3
10 14 6
19 21 14
11 14 15
1 3 6
23 0 12
18 19 13
4 7 11
2 7 16
22 0 6
4 8 12
17 20 8
16 19 17
0 3 5
6 6 16
16 20 13
9 13 13
21 0 8
12 16 1
18 21 5
18 21 12
16 18 10
0 3 2
7 9 17
4 6 4
12 15 7
5 8 1
13 15 14
4 6 12
21 0 14
21 1 17
4 5 17
20 21 4
18 21 16
18 22 12
18 21 11
12 16 16
19 22 8
10 12 12
3 5 11
22 0 5
2 7 12
15 17 8
3 6 13
10 15 14
23 0 10
13 18 14
21 0 10
19 22 14
21 23 10
0 3 15
7 9 6
21 1 8
17 21 1
5 8 11
11 14 1
16 18 15
13 17 9
2 5 9
6 8 11
12 17 2
21 1 8
7 8 11
5 10 9
2 5 16
22 0 17
6 10 15
4 8 6
9 10 4
21 0 14
2 5 10
3 7 7
3 7 5
0 4 16
11 16 4
12 15 16
13 15 5
5 9 11
15 16 11
4 6 13
8 10 8
1 6 14
11 14 12
18 22 13
9 12 8
8 12 11
6 10 3
12 14 1
17 20 8
22 1 16
2 5 13
16 20 14
19 22 11
12 17 17
7 11 1
22 23 12
4 9 12
14 17 11
10 13 8
23 1 9
6 9 1
17 20 12
7 9 3
1 3 2
19 23 4
19 23 16
0 1 3
8 11 3
13 16 11
14 17 17
15 18 6
2 5 4
3 4 5
13 17 5
6 8 1
16 19 5
6 9 1
9 13 10
8 10 12
16 20 10
9 12 12
10 13 17
5 10 8
8 11 9
7 9 4
4 7 16
5 8 4
9 14 15
6 8 15
21 0 10
8 11 15
9 12 8
21 22 1
6 10 17
9 15 2
14 16 3
23 2 15
22 1 9
23 2 4
9 11 4
0 5 16
5 8 3
23 3 15
21 1 8
0 2 9
12 15 7
0 3 2
17 20 5
20 21 7
6 9 5
10 12 16
16 17 13
8 11 15
17 22 15
19 22 2
1 3 14
11 17 5
18 20 7
14 15 2
15 18 4
5 7 14
12 14 1
8 13 4
13 15 6
1 5 8
9 11 2
14 16 7
10 14 11
19 23 1
17 21 14
1 4 7
4 6 7
20 22 5
19 22 2
11 13 7
3 6 13
23 1 1
0 1 11
18 20 7
18 21 2
15 18 16
5 8 17
17 17 7
17 21 13
9 12 8
14 19 4
19 21 12
20 21 15
2 6 1
15 19 17
12 14 2
19 23 9
16 19 11
9 10 16
17 20 3
9 12 6
17 19 14
16 18 12
12 13 10
20 0 2
0 5 5
2 6 8
6 9 13
8 12 3
13 14 12
22 1 11
9 11 1
19 22 12
17 19 10
2 4 11
8 11 3
20 0 2
21 23 8
21 22 15
7 10 14
10 13 4
12 16 2
13 15 6
12 14 13
9 12 10
16 19 13
13 15 1
1 4 2
15 19 4
4 6 4
17 19 2
16 21 17
9 11 9
3 4 7
18 20 10
11 14 3
16 16 10
7 11 2
8 10 9
10 15 16
17 21 3
10 13 9
18 21 7
14 17 4
22 0 5
0 2 2
12 15 7
18 21 14
3 6 11
22 0 7
1 3 9
12 17 11
12 16 8
19 0 8
19 22 1
17 18 14
14 18 17
20 0 9
21 0 11
17 20 12
3 5 12
23 3 11
17 20 7
15 17 10
4 7 5
14 17 9
12 14 15
2 3 14
13 14 13
0 3 9
5 9 17
20 22 10
23 3 12
8 12 13
16 20 3
21 2 10
7 11 14
15 18 14
17 21 14
4 6 5
20 23 17
22 1 2
21 0 10
8 10 13
3 6 8
6 9 6
23 2 9
8 9 17
18 19 17
16 19 12
1 3 16
10 13 7
20 23 13
15 20 8
7 9 2
19 21 7
8 13 15
22 1 10
13 16 11
17 18 7
20 1 7
16 19 16
1 5 3
0 2 15
7 9 12
6 9 15
16 20 1
4 9 17
12 16 16
18 20 2
20 23 17
5 9 8
7 10 15
18 21 4
16 19 12
1 4 6
7 8 1
9 13 6
15 17 8
4 5 11
3 5 1
14 15 1
1 3 5
7 9 8
10 13 8
7 10 13
23 2 15
4 8 13
22 1 13
14 18 16
17 20 8
15 18 16
12 16 9
4 7 14
19 0 11
21 2 8
16 21 1
14 17 14
12 14 12
13 15 1
10 12 4
21 23 2
9 9 1
15 18 10
4 7 17
15 19 17
8 13 1
3 6 1
19 22 4
7 8 7
10 13 10
21 1 9
8 10 7
7 9 2
12 15 12
22 2 8
1 4 7
9 13 14
16 19 17
5 8 7
17 21 16
11 14 7
9 15 17
14 18 3
7 11 15
11 13 13
17 20 10
20 22 2
10 13 17
11 13 11
12 15 13
3 5 15
3 7 14
0 3 6
12 14 8
5 8 7
3 8 15
20 23 5
3 6 12
21 0 10
3 7 12
8 10 14
19 23 9
15 20 2
14 17 13
12 15 7
21 23 1
4 6 8
20 22 15
8 10 11
4 7 3
11 14 10
19 23 1
5 7 3
7 11 4
23 1 2
6 10 8
9 13 7
0 3 15
6 8 3
2 6 12
4 8 9
14 17 17
10 14 4
7 11 5
14 16 6
17 20 11
19 20 10
21 0 8
6 10 10
21 0 14
17 21 5
22 1 13
8 12 10
22 3 2
8 12 14
11 14 5
5 9 14
22 2 16
3 6 11
15 17 12
0 3 12
21 23 15
22 0 4
6 9 8
0 2 7
22 1 7
4 6 8
0 4 16
13 18 12
18 20 7
18 21 1
21 1 5
17 20 14
1 5 10
4 7 5
6 10 6
16 18 5
22 1 2
17 20 2
13 18 1
5 8 8
23 3 8
0 2 4
15 18 6
0 2 5
22 1 7
19 21 13
18 19 6
8 11 6
18 22 16
15 18 17
16 21 14
14 17 13
6 10 1
2 4 14
23 2 2
19 23 4
16 20 2
9 12 14
2 5 11
15 18 15
3 6 12
0 4 6
20 23 16
11 13 12
7 10 14
9 12 17
16 18 15
6 9 6
5 9 1
16 18 2
11 14 5
6 10 8
14 16 17
14 17 3
5 8 1
2 4 7
18 20 8
14 18 13
11 14 17
0 3 11
21 1 6
15 18 16
16 18 6
20 0 3
21 23 12
14 18 13
17 20 14
1 5 4
3 5 3
5 8 5
7 9 10
10 13 11
23 1 6
4 7 7
1 4 17
5 9 16
14 17 1
12 15 13
8 10 3
3 8 11
18 20 3
7 9 11
13 17 3
9 13 9
11 15 10
2 6 15
23 1 1
23 3 16
13 14 13
14 17 12
21 1 6
20 23 6
2 5 1
21 23 17
0 2 15
6 10 9
16 19 11
1 3 12
0 2 13
23 2 13
23 2 17
4 6 15
20 21 5
16 21 11
6 7 4
15 19 17
11 14 1
14 17 13
16 21 4
21 0 15
6 8 17
0 1 6
16 20 10
12 14 11
19 22 17
4 6 9
5 10 9
11 14 10
19 23 17
6 9 9
20 21 7
13 18 2
3 5 12
3 8 14
5 8 8
15 17 10
9 13 6
11 14 16
16 18 15
10 13 15
14 18 3
11 14 5
1 4 10
10 12 16
19 22 5
16 18 9
5 7 5
18 21 15
19 22 7
8 9 1
4 6 13
3 7 10
3 4 12
15 19 10
16 19 7
23 0 12
1 4 17
9 13 8
11 15 6
2 6 11
0 3 6
22 0 14
6 9 17
14 17 8
2 6 13
17 20 15
1 4 17
16 20 10
12 14 2
22 2 9
14 16 8
4 8 11
23 2 6
1 4 2
3 6 1
21 0 3
18 20 1
7 11 9
10 14 8
23 3 8
17 18 4
21 1 2
8 10 13
13 16 13
16 20 9
9 12 12
0 2 13
17 22 5
2 4 6
5 10 13
11 14 14
3 6 2
1 6 4
2 3 5
0 4 2
6 9 13
1 3 6
10 12 12
12 15 5
7 9 8
9 12 4
4 7 6
15 18 12
19 22 4
10 14 16
15 19 16
23 3 9
23 1 16
21 0 6
17 20 1
20 0 5
12 14 5
14 17 11
19 23 2
19 0 12
10 13 8
3 7 2
12 16 9
20 22 5
14 17 4
16 20 3
17 21 12
17 20 3
21 1 12
19 21 6
1 6 9
19 22 12
11 14 17
12 14 1
13 16 17
19 22 7
10 15 13
1 2 10
8 10 2
4 6 1
7 7 4
10 12 11
5 8 5
14 18 16
5 8 16
1 5 10
5 8 1
14 19 8
21 1 10
14 16 8
23 4 15
20 23 10
1 4 10
3 5 10
11 13 7
5 10 17
8 12 4
18 19 9
17 19 5
3 6 10
20 23 12
23 1 12
4 6 8
23 1 15
18 20 12
7 9 3
10 12 8
9 13 17
17 20 7
12 15 1
21 23 11
21 1 1
17 21 12
21 23 12
2 6 15
21 23 1
7 11 10
16 18 12
6 8 4
13 17 9
10 13 2
2 6 4
6 7 16
5 8 1
21 0 13
22 1 6
16 19 4
20 0 1
11 13 5
21 0 12
13 15 2
2 6 4
18 20 2
15 19 3
17 19 3
1 4 16
17 22 12
22 2 4
15 19 17
4 7 12
9 11 2
18 21 2
17 20 6
14 18 8
9 10 15
17 19 15
20 22 2
20 1 6
11 13 16
19 23 15
17 19 16
7 11 7
21 0 7
19 23 11
16 18 14
14 17 5
23 2 5
21 1 5
0 4 14
11 14 11
12 14 1
22 1 13
22 2 9
10 12 4
11 12 17
19 22 13
16 17 2
2 4 15
14 18 2
19 23 8
22 0 2
7 11 16
10 14 1
16 20 16
8 11 13
5 8 1
21 0 9
13 18 6
14 17 2
12 16 17
22 2 3
23 1 17
9 14 6
20 23 8
18 21 10
17 19 2
15 17 2
23 2 15
23 2 10
18 0 2
4 7 7
19 23 14
14 16 9
11 13 3
22 23 3
13 16 17
5 6 17
10 12 12
4 5 6
21 22 15
21 0 5
15 18 11
10 13 5
5 8 8
14 16 15
22 3 16
7 12 5
18 21 10
8 11 10
4 8 5
12 15 1
8 9 5
23 2 10
7 8 3
0 4 16
1 2 6
8 10 6
22 2 10
23 2 7
18 22 4
5 10 8
23 3 14
19 23 4
2 6 13
12 15 6
11 15 7
16 21 11
5 7 2
23 2 8
9 13 15
18 22 6
9 12 13
11 14 2
3 5 16
3 6 4
12 16 9
23 3 9
16 20 8
23 2 1
15 17 12
10 13 6
6 11 13
11 15 16
14 17 8
1 4 17
6 8 3
18 21 8
5 7 2
9 12 13
21 0 13
14 17 5
23 2 13
13 16 16
8 11 16
1 4 17
21 23 13
1 3 8
20 0 14
3 5 15
4 8 6
9 13 14
20 22 3
17 20 1
10 12 13
4 6 9
2 5 9
4 6 17
13 16 14
21 0 4
23 2 8
4 6 12
8 12 11
7 10 7
6 10 15
22 1 17
0 3 5
18 21 13
2 5 14
18 21 7
21 0 5
22 0 6
20 0 14
15 17 13
11 15 6
19 21 7
15 19 14
23 2 17
2 5 17
4 8 5
6 7 12
8 11 7
10 14 14
13 15 5
1 5 11
16 20 3
8 12 13
5 7 13
0 4 17
20 0 2
17 20 17
22 3 3
5 8 6
14 18 3
15 19 11
10 13 4
18 20 12
6 8 8
16 20 15
9 13 17
6 9 13
12 15 3
3 7 11
23 2 15
4 6 6
13 16 2
17 22 11
23 2 5
8 9 9
9 11 9
22 2 5
7 10 9
22 1 3
21 23 15
16 18 15
21 0 3
5 8 10
23 1 1
14 16 16
13 16 4
18 20 16
1 4 12
20 22 11
4 5 9
6 9 10
2 5 7
7 11 15
15 19 7
23 4 13
21 23 7
6 10 3
8 12 13
12 15 1
3 5 2
11 15 16
11 15 13
17 20 11
20 22 7
9 13 3
18 21 7
23 3 2
12 15 17
6 9 9
5 8 16
21 22 14
23 2 9
20 23 6
4 8 13
6 9 15
22 0 2
20 0 10
17 20 1
18 20 15
8 11 14
4 6 7
0 4 2
6 8 8
8 11 11
1 4 12
11 15 10
17 20 13
9 11 17
0 5 7
14 16 3
2 4 11
11 13 16
8 11 11
0 4 13
16 19 4
23 2 14
4 9 6
21 2 2
0 4 2
1 5 14
13 14 7
21 22 12
3 7 8
17 20 16
1 2 15
3 6 2
1 5 14
22 1 10
7 10 10
3 5 4
16 19 2
1 4 13
13 17 13
5 8 11
16 17 5
3 6 4
8 10 16
0 3 16
21 1 2
1 4 5
13 14 6
17 21 15
12 17 7
8 12 17
13 15 5
13 15 10
21 0 17
4 6 2
17 21 14
16 18 11
22 2 7
12 16 13
16 17 7
15 17 3
9 15 4
6 9 11
23 3 3
6 11 6
18 20 10
15 17 1
19 23 17
9 13 6
5 7 11
8 11 9
9 13 6
14 16 8
3 6 17
16 16 6
17 21 10
14 18 4
21 1 7
12 15 10
18 21 10
3 7 17
5 8 3
15 19 16
4 8 4
15 18 5
17 21 2
22 1 8
7 9 6
18 22 11
19 23 12
16 20 5
23 4 1
6 9 17
13 15 4
2 5 10
13 16 3
20 23 9
20 22 5
17 20 17
8 12 5
12 15 8
0 2 1
23 2 2
20 0 17
5 10 16
1 5 3
17 22 9
7 13 4
17 20 4
12 16 13
17 22 1
23 2 8
4 7 10
18 21 7
9 12 13
12 15 10
8 11 13
1 3 16
20 23 3
1 4 6
8 12 3
12 13 8
3 5 12
3 6 4
22 0 6
11 14 5
8 12 16
2 5 7
9 11 13
1 5 16
0 5 9
7 10 16
20 22 6
9 13 6
0 2 3
1 3 12
0 3 17
14 15 14
7 10 5
3 7 5
7 10 6
6 10 17
14 16 5
9 13 17
17 19 8
20 0 1
15 18 10
8 12 8
1 4 16
22 2 11
5 6 5
17 21 4
20 22 5
11 14 4
15 18 11
13 16 8
19 22 13
20 22 7
3 6 10
16 18 8
9 12 13
3 6 5
19 23 10
22 1 13
7 10 5
12 16 12
12 15 15
19 20 5
15 18 16
13 15 1
16 18 7
20 23 13
3 6 4
17 19 12
5 8 14
22 0 6
14 17 3
19 21 8
17 20 2
0 4 6
15 19 6
10 13 3
17 20 6
4 8 9
8 10 10
8 10 7
4 9 8
2 5 2
2 5 15
15 18 4
16 19 6
8 11 17
6 8 7
7 9 1
15 18 2
12 16 10
18 20 1
20 22 1
0 2 15
19 22 17
14 17 12
0 2 17
22 1 2
15 19 5
2 6 12
14 17 15
15 17 4
22 1 14
13 17 16
12 15 6
16 21 16
12 13 3
12 15 2
16 19 7
12 15 4
20 0 3
11 14 8
17 21 13
7 11 11
23 3 14
23 2 7
8 12 5
23 3 5
7 11 13
22 1 1
3 7 3
20 22 1
22 1 9
4 8 10
17 19 6
13 16 9
2 5 13
1 4 12
18 21 11
0 3 17
13 15 1
7 8 8
20 0 15
22 0 9
9 14 2
16 22 14
23 2 2
9 13 12
12 17 8
14 18 8
12 15 16
0 3 4
14 19 7
22 0 9
23 1 12
13 17 8
