350 8
4 8 10 5 6 3 3 2 
8 10 3
2 5 4
0 4 8
20 23 7
23 2 6
19 21 1
19 21 3
14 18 7
19 22 1
18 21 7
1 3 1
6 11 4
11 14 1
5 7 8
1 4 1
0 4 4
5 8 8
4 8 3
6 9 1
6 8 6
20 23 3
14 17 8
8 12 4
2 5 6
13 16 8
20 23 3
1 4 8
11 13 7
6 11 6
6 7 8
5 9 7
17 20 1
9 11 8
4 8 3
7 10 1
14 17 5
6 8 4
6 11 6
15 19 5
11 14 7
6 9 8
18 21 8
3 8 1
11 13 2
11 13 2
5 8 5
21 23 7
15 17 1
18 21 2
19 21 2
6 10 1
16 19 2
5 6 8
1 2 4
16 20 1
22 1 3
23 2 1
7 12 7
3 6 2
14 18 6
4 8 3
4 9 4
9 14 8
3 7 3
5 9 5
6 10 8
6 10 6
0 2 5
11 14 2
0 3 3
17 19 4
12 15 8
9 14 4
19 22 3
13 16 1
9 14 6
15 18 1
15 18 1
14 16 7
6 10 8
15 17 2
20 22 3
20 0 4
18 22 7
11 14 7
15 17 5
22 2 3
19 22 1
16 19 6
9 12 3
11 13 3
5 10 5
2 6 1
5 8 6
16 21 5
14 17 4
8 11 1
20 23 1
14 17 4
1 5 1
2 4 6
12 13 3
0 2 3
11 13 6
3 4 7
22 1 5
11 13 2
2 5 8
20 22 6
8 11 4
2 6 8
21 23 5
21 23 6
8 11 7
5 7 1
0 4 6
14 18 1
13 16 2
15 19 1
6 10 3
22 2 7
15 17 5
2 7 8
0 2 5
18 21 7
13 16 2
21 23 4
2 4 4
15 17 3
15 16 7
15 21 6
5 7 4
12 16 5
15 19 8
20 0 7
14 18 6
19 23 5
15 19 2
18 20 4
14 17 7
3 5 8
1 5 5
18 23 4
16 18 3
7 11 5
13 17 7
1 3 8
13 15 6
18 20 5
21 0 2
10 11 2
8 11 5
4 7 6
9 13 6
7 12 2
22 0 3
14 14 3
5 7 3
16 19 2
19 22 1
10 14 2
10 13 8
4 6 5
20 21 8
7 10 2
15 21 7
5 9 7
11 15 3
9 10 4
21 1 4
16 19 1
17 19 5
9 14 1
23 0 4
22 2 8
23 0 3
17 20 3
13 17 1
22 1 2
16 18 4
12 17 3
5 8 7
1 4 7
8 12 5
20 0 7
16 18 3
10 13 2
21 1 7
6 10 1
20 23 4
9 13 8
17 19 6
21 0 3
13 16 4
23 2 1
0 2 1
13 16 7
3 6 7
0 2 6
7 11 5
11 12 7
2 4 6
13 15 8
15 19 3
4 7 2
5 9 7
23 1 8
20 23 3
3 6 8
6 9 2
11 16 1
19 22 8
6 9 1
7 12 4
10 12 2
17 21 5
6 10 8
17 20 5
6 10 2
20 21 7
22 0 8
14 17 7
2 5 3
3 7 7
14 18 2
12 16 6
12 15 8
2 6 6
19 22 2
20 23 3
10 12 7
21 23 2
0 3 6
21 0 3
20 21 4
0 1 3
23 2 1
15 19 8
21 23 8
9 12 5
22 2 2
16 18 2
7 10 4
15 18 5
21 0 6
3 6 5
22 0 2
11 13 6
8 11 2
2 4 4
19 23 6
8 10 5
10 14 2
14 18 8
15 18 8
15 17 4
16 19 4
19 23 1
21 1 1
14 18 8
12 14 1
19 22 7
15 19 5
21 0 8
12 15 8
23 4 6
14 17 4
3 6 5
12 15 8
2 6 3
3 8 2
23 3 1
16 18 8
22 23 6
16 19 4
4 8 7
23 0 3
9 13 2
3 6 2
2 5 6
5 9 1
5 9 5
17 20 1
1 4 4
1 3 4
9 12 2
2 6 1
6 11 5
13 16 7
9 10 8
10 12 3
8 13 2
11 15 4
1 6 8
15 18 6
11 14 5
6 9 1
5 7 5
18 23 4
8 10 7
14 16 7
16 19 1
14 17 5
11 14 4
12 15 5
16 20 1
17 20 2
8 12 7
21 1 5
15 19 1
2 6 6
5 8 2
14 18 6
17 19 8
9 13 5
3 8 1
18 21 6
10 14 6
20 0 2
22 3 1
18 21 5
7 10 7
20 21 7
14 16 8
3 6 7
15 18 5
3 5 2
23 2 4
16 20 1
12 14 6
8 10 6
22 2 1
10 13 3
18 22 6
9 12 6
19 23 4
18 21 4
8 12 5
19 23 3
3 6 2
3 8 7
20 0 1
14 16 2
4 10 8
23 1 4
4 8 7
10 12 6
22 3 7
2 6 4
20 22 1
