200 16
5 2 9 5 1 10 9 8 2 3 1 8 4 5 4 10 
20 0 3
4 9 3
19 22 13
4 6 15
13 17 6
15 18 16
12 16 9
20 23 1
14 17 14
20 0 3
6 8 5
10 13 12
14 15 15
1 3 11
16 20 4
6 9 13
12 15 11
5 8 7
18 22 7
0 2 3
19 22 2
17 22 9
12 14 7
21 0 15
8 10 12
4 6 6
18 22 7
19 21 8
18 21 8
0 3 14
14 17 14
14 18 14
13 15 2
5 7 13
3 6 13
23 4 9
17 19 10
13 15 5
17 20 8
19 23 9
21 0 12
22 0 15
11 14 1
20 23 14
18 19 11
0 4 6
6 9 2
11 13 13
9 12 15
12 16 2
5 8 3
20 22 2
10 14 14
2 5 5
22 1 1
2 4 8
1 2 3
9 12 6
9 10 16
2 4 11
3 6 13
8 12 15
10 14 7
10 13 11
16 17 9
8 11 1
5 8 6
14 17 9
15 17 15
2 6 9
22 3 1
21 22 13
22 1 1
7 10 3
18 21 15
1 6 8
18 21 15
9 11 3
21 23 15
3 6 13
0 2 2
8 11 15
22 0 3
7 11 4
22 0 13
12 15 3
16 20 15
3 5 10
22 1 3
0 5 3
19 20 12
9 12 11
4 7 14
10 13 1
6 8 8
11 16 4
2 6 9
9 10 3
7 12 10
9 11 16
20 23 10
7 10 16
20 22 4
18 21 14
5 8 11
5 8 15
13 15 11
14 17 7
8 10 7
5 8 11
13 15 2
14 16 3
15 20 10
9 11 14
13 13 14
10 12 14
15 18 2
5 8 11
17 19 14
12 15 15
1 4 6
21 1 2
1 6 9
8 11 6
16 18 13
6 8 2
7 10 3
19 23 13
20 0 14
11 12 1
21 22 16
11 14 12
10 14 16
2 7 6
9 11 5
19 23 9
1 3 9
19 22 5
20 23 15
7 9 6
0 3 7
4 7 12
14 17 8
20 0 2
7 10 15
10 13 3
16 18 6
0 2 16
20 22 7
1 5 2
14 17 7
1 4 11
8 10 6
19 21 4
2 4 16
19 22 1
4 7 4
11 14 4
6 11 4
11 13 8
23 2 7
12 16 11
13 16 1
3 5 2
19 0 2
6 10 11
9 11 4
1 3 2
1 4 3
5 9 12
2 4 10
7 11 4
17 20 13
23 3 9
7 9 7
21 1 15
22 0 10
1 4 1
8 10 11
11 13 14
4 7 16
10 14 2
3 5 6
13 17 9
17 19 1
0 3 14
23 1 11
23 3 4
16 20 10
22 2 3
9 13 14
0 3 1
20 23 10
13 15 5
20 22 5
21 1 4
16 21 4
8 12 15
7 11 10
15 19 5
