550 14
8 10 8 8 10 1 2 4 6 5 4 6 5 7 
15 18 4
21 0 8
15 18 12
22 2 3
12 13 4
11 15 10
18 19 8
9 13 8
4 5 8
16 20 14
8 11 12
8 11 2
6 9 13
4 6 11
18 22 13
20 0 11
11 13 13
0 3 13
22 0 14
13 16 13
9 13 3
9 12 10
14 17 5
4 6 4
12 14 12
21 0 13
22 1 7
14 17 4
12 13 7
0 5 13
16 19 10
19 23 7
18 20 14
7 11 7
23 2 13
8 13 6
17 18 14
12 14 3
9 12 6
7 13 9
3 7 14
10 13 1
8 12 3
19 20 7
13 18 6
3 6 2
1 5 4
7 10 1
7 11 10
3 6 1
21 1 3
17 20 13
23 1 3
9 12 2
7 11 14
2 5 6
5 7 1
22 1 3
8 11 13
22 1 1
7 12 9
19 21 2
3 6 10
14 16 1
18 23 6
5 7 13
1 4 3
10 12 4
7 9 1
14 17 11
5 6 14
20 0 9
2 4 14
16 20 10
2 5 9
18 22 5
9 11 6
22 2 8
5 6 4
17 20 5
4 5 12
21 23 9
22 2 7
4 7 4
23 2 12
22 0 4
23 2 1
2 7 4
18 21 11
11 15 11
14 18 3
22 3 6
1 3 1
1 3 1
23 2 9
11 14 6
9 11 4
1 3 11
14 16 13
8 10 14
1 4 12
0 3 4
18 20 3
14 17 5
6 9 12
2 5 7
6 10 5
23 3 14
19 0 8
1 6 2
22 0 14
19 19 5
12 16 4
18 20 10
0 2 8
22 1 2
20 23 3
3 5 1
1 4 3
18 21 2
3 6 10
4 6 10
15 17 4
8 12 1
12 16 13
6 10 6
3 9 13
23 1 4
15 18 3
18 21 8
17 20 2
4 7 13
2 5 14
21 0 1
10 13 4
12 16 12
14 16 6
21 23 4
6 9 4
7 9 3
18 20 6
12 15 1
11 12 3
22 23 1
17 20 9
2 5 14
11 13 11
20 23 10
7 10 3
11 15 1
15 19 2
3 5 8
21 1 6
3 5 11
9 12 2
6 7 2
9 11 13
15 18 10
15 17 6
18 21 14
16 20 1
5 7 12
9 14 6
9 13 6
11 13 13
15 18 10
20 0 9
1 5 7
0 3 4
12 15 13
5 7 10
2 6 5
14 17 12
8 12 2
8 11 5
7 10 8
11 13 1
18 20 9
17 20 8
8 11 14
12 15 10
20 0 8
12 14 12
15 19 14
18 22 8
8 12 7
2 4 8
2 4 5
17 22 4
3 6 12
12 16 13
14 16 12
4 9 12
20 21 2
12 14 6
14 18 6
19 23 11
9 12 5
21 0 9
16 19 14
20 23 3
19 21 4
0 4 2
21 0 5
13 15 6
16 19 5
19 23 14
0 4 6
16 18 11
19 23 3
10 14 1
12 16 13
6 8 14
5 7 13
4 6 14
2 4 4
16 18 12
20 22 7
18 21 3
8 11 12
16 20 5
12 14 13
4 8 10
9 12 3
19 22 6
10 13 9
18 21 1
13 15 10
10 15 12
18 23 8
1 4 1
9 12 4
8 10 14
5 10 11
21 0 8
1 4 6
16 19 13
16 19 4
3 8 5
3 6 6
19 21 2
17 18 6
8 13 6
7 11 1
1 4 5
2 5 1
22 0 6
0 2 1
16 17 9
5 8 4
19 21 2
8 10 4
10 10 10
3 5 6
11 14 2
14 17 5
4 6 8
21 1 8
18 20 5
19 23 8
6 9 1
8 13 14
22 1 6
22 23 13
6 9 14
10 11 7
12 14 7
6 9 12
21 0 14
17 20 1
6 10 5
17 21 5
17 21 4
9 12 13
3 6 8
8 11 7
18 23 14
2 6 4
19 22 5
0 3 5
11 14 4
14 15 3
6 9 9
19 22 8
6 9 2
12 16 2
13 16 13
11 15 11
3 6 8
7 11 9
6 11 3
19 21 14
0 5 13
8 12 8
14 17 14
23 1 12
11 14 7
13 16 9
19 20 3
16 19 13
0 4 7
7 10 14
21 0 14
5 9 5
22 2 14
9 12 8
20 23 10
16 18 7
17 20 12
8 10 13
22 1 12
15 18 1
15 16 14
21 1 13
8 12 8
12 14 14
1 5 11
1 4 10
19 21 13
9 12 3
9 13 10
12 15 3
17 20 9
12 15 4
0 2 3
2 6 3
16 19 6
5 9 5
10 13 11
17 21 5
13 17 1
0 4 7
7 11 10
20 23 14
4 6 11
23 0 7
16 18 12
20 22 8
12 16 5
7 10 4
23 4 4
3 6 14
15 17 9
23 3 3
13 14 7
4 6 9
17 21 1
11 14 5
20 23 4
0 4 11
2 6 3
4 6 14
17 21 12
12 15 8
7 9 4
12 15 2
13 16 1
9 12 6
7 11 4
6 11 6
22 0 6
3 6 10
0 4 1
12 14 11
4 7 9
0 4 10
14 19 7
6 11 13
9 13 4
22 23 11
4 8 9
2 7 4
19 22 5
14 16 13
18 20 2
13 14 6
21 1 13
12 15 10
22 2 10
12 17 7
2 6 8
14 18 7
20 23 11
13 17 3
5 7 4
15 18 3
6 9 12
14 15 9
10 11 10
11 14 3
12 14 13
10 12 7
0 3 10
19 23 7
9 11 13
14 19 8
10 13 3
16 18 6
0 3 12
23 2 3
23 2 5
9 12 3
14 16 1
21 2 6
8 11 13
14 16 13
21 23 2
13 17 2
5 8 14
18 19 12
8 11 9
16 19 13
20 23 1
15 16 7
12 14 10
23 0 4
15 19 7
5 7 12
7 10 1
2 4 2
3 4 14
0 2 4
4 8 4
22 0 5
13 16 7
17 20 9
4 7 4
12 15 7
20 23 2
1 3 5
12 16 12
7 12 14
8 10 1
13 16 1
18 22 2
11 16 3
8 10 8
5 9 4
5 7 13
17 20 1
22 0 12
6 8 14
8 12 14
10 13 13
13 16 6
21 23 7
1 7 10
12 17 1
6 10 5
14 17 8
10 14 3
2 4 6
18 21 1
3 6 8
19 20 9
2 5 13
9 12 14
5 8 13
21 23 10
12 15 13
11 14 7
22 3 8
12 15 3
19 22 3
8 12 8
16 16 9
13 18 2
3 8 10
0 3 5
8 11 12
6 9 2
6 8 3
21 23 3
0 1 13
15 17 6
16 20 1
20 1 13
19 23 2
23 1 2
5 8 12
20 21 9
22 22 5
13 15 3
10 11 4
9 13 3
18 22 5
10 13 1
20 0 5
23 23 9
4 7 2
9 11 11
5 7 14
10 15 12
12 14 14
8 11 12
22 1 9
2 4 9
11 12 9
3 6 11
21 1 9
8 12 3
22 2 12
7 10 3
12 14 1
23 2 9
13 15 6
1 2 7
8 11 8
9 12 10
14 18 14
21 2 5
15 20 7
18 23 5
12 13 4
22 1 9
15 18 7
9 11 14
20 0 13
18 18 6
1 3 12
13 16 11
2 3 11
21 23 6
17 18 10
9 12 7
5 9 3
22 1 11
10 14 9
14 17 12
0 3 2
13 16 13
15 16 6
12 15 13
4 8 1
3 7 14
4 6 11
3 6 1
12 15 1
19 21 3
13 19 1
3 6 3
19 23 3
5 7 3
7 10 14
3 6 10
18 21 4
10 13 7
6 10 13
21 0 10
7 9 13
