1850 18
8 3 6 9 9 5 2 2 10 6 9 10 3 5 3 4 7 3 
1 4 11
2 3 1
7 11 8
16 19 16
13 17 16
16 19 11
20 22 18
20 23 4
8 11 12
8 12 1
4 8 7
10 13 4
18 21 3
18 22 15
3 8 18
2 7 9
7 9 2
0 4 11
5 7 4
20 22 15
1 5 14
20 23 18
2 4 17
3 6 1
5 8 12
18 21 8
5 10 2
0 4 7
3 5 2
11 14 4
5 9 9
19 22 7
0 2 3
15 17 17
7 10 15
12 15 17
19 22 4
12 15 3
5 7 14
9 12 8
18 22 2
2 3 17
12 17 15
20 0 10
2 4 16
11 14 17
23 4 11
14 16 13
5 8 12
18 21 5
8 12 1
18 19 12
22 0 16
6 8 15
6 11 16
3 5 5
6 10 15
12 15 3
1 4 3
11 15 9
23 2 2
15 19 7
19 22 15
11 15 5
21 0 9
12 15 1
9 13 6
11 14 14
6 9 2
0 3 10
18 19 14
9 12 3
11 14 14
23 3 5
0 2 9
11 13 1
13 15 16
1 3 2
11 15 14
0 3 17
23 3 12
8 10 2
9 11 18
6 9 7
23 1 14
7 9 11
20 22 4
9 12 14
21 22 18
4 6 14
17 21 13
17 20 11
15 19 3
4 7 7
7 9 16
7 9 3
8 11 13
22 1 8
9 12 12
17 19 17
18 22 1
6 7 5
4 6 7
4 7 6
15 20 12
17 19 17
18 23 13
6 9 7
3 6 3
11 14 5
9 11 18
6 8 4
2 5 7
5 10 3
7 11 3
21 23 7
11 14 11
9 13 15
4 9 15
4 7 9
12 15 14
7 12 12
1 6 9
21 0 14
1 3 2
14 18 4
12 16 18
10 12 11
10 13 4
8 11 6
17 19 3
23 1 17
8 11 4
3 8 3
7 8 7
7 9 8
20 0 1
21 1 16
11 13 13
16 19 13
16 18 8
10 14 6
12 16 13
10 14 10
16 18 5
0 2 18
21 22 9
16 19 5
17 19 15
12 16 16
15 18 16
19 22 7
4 7 10
8 12 10
22 2 15
15 16 6
3 5 12
10 11 15
9 12 7
13 17 7
16 21 3
9 11 1
20 23 15
3 6 5
13 17 6
15 18 8
9 13 9
6 9 6
19 22 6
13 16 18
5 9 11
13 16 9
13 17 1
13 16 11
10 12 16
20 0 16
3 6 5
14 19 5
23 1 5
2 4 11
11 14 2
19 21 4
19 22 13
11 14 18
11 13 4
23 1 11
11 15 1
18 21 17
21 1 3
2 4 3
22 0 6
15 19 13
6 11 17
22 1 3
22 1 7
18 22 10
18 21 15
20 21 7
21 23 4
0 4 5
10 14 1
12 16 9
11 14 4
2 4 13
16 21 15
17 20 13
20 0 17
20 22 1
16 19 7
2 4 10
17 21 15
3 6 16
11 15 6
11 14 1
10 14 1
3 6 16
5 8 18
0 3 15
5 7 10
7 11 17
8 11 4
1 4 8
13 15 5
8 11 16
6 8 17
8 11 5
15 19 6
8 10 16
4 6 4
15 17 4
15 18 9
8 11 5
0 3 16
19 21 3
11 15 3
14 18 14
17 20 11
2 4 16
13 17 12
20 23 11
0 3 11
13 14 7
8 8 10
2 7 3
10 13 3
6 10 2
4 6 16
5 7 12
10 14 1
23 2 12
12 14 7
14 17 16
7 9 14
7 9 9
8 11 12
8 11 6
6 10 1
2 6 3
13 17 10
21 0 12
5 7 2
4 8 12
15 16 5
4 6 4
11 14 13
19 22 10
0 3 7
22 1 12
19 21 11
0 4 6
9 12 3
19 22 1
11 13 10
18 21 5
4 6 5
22 1 7
9 14 9
22 2 6
14 16 16
4 8 16
22 1 12
10 13 17
19 21 1
18 22 14
0 4 8
15 18 8
10 13 7
6 8 1
10 12 18
16 21 9
4 6 15
14 16 13
14 17 14
15 18 2
14 17 12
20 0 18
11 15 8
11 15 2
21 22 1
12 15 16
16 21 4
18 21 6
4 7 5
8 11 10
21 2 15
1 4 2
5 9 12
12 15 6
18 22 5
1 6 8
19 23 10
22 1 2
20 22 5
5 8 7
4 8 12
22 0 5
12 15 15
13 18 15
1 4 13
0 3 17
16 18 12
5 8 6
9 11 14
14 17 2
4 8 15
11 13 16
17 20 4
20 22 4
19 22 3
3 7 14
18 20 5
8 11 12
3 7 15
7 11 4
8 10 15
22 1 2
9 12 17
23 2 11
10 14 13
23 2 7
4 5 9
16 18 9
5 7 9
5 8 18
23 3 14
2 5 1
13 16 13
11 14 9
5 7 2
19 23 9
22 3 5
19 22 5
14 17 5
15 19 2
6 10 17
6 7 16
19 23 3
10 14 11
9 11 5
3 7 11
22 1 17
5 9 2
8 11 8
20 23 7
12 14 12
2 6 11
4 6 15
6 9 13
19 22 10
14 18 5
9 11 14
13 16 8
22 1 13
19 21 2
17 20 14
6 10 12
4 8 2
5 8 4
11 14 4
19 21 18
18 22 12
6 10 10
12 16 4
0 2 15
2 5 13
16 19 11
6 9 12
12 15 7
8 11 15
1 4 3
8 11 12
18 23 4
11 14 16
3 7 1
2 4 9
0 3 7
6 9 4
22 2 4
12 15 6
13 17 11
20 22 10
17 20 5
13 14 9
2 6 7
10 13 5
3 7 3
23 1 12
21 1 2
22 3 8
14 16 2
11 14 18
23 2 11
7 9 15
19 22 4
8 10 10
18 21 6
20 0 3
16 20 11
20 0 2
14 18 11
20 23 6
0 2 4
5 8 7
15 16 11
5 8 8
0 3 1
5 8 18
9 11 17
10 14 5
8 11 7
12 15 7
12 17 14
13 16 8
20 21 8
18 20 6
21 0 12
8 10 10
19 21 4
18 20 5
17 21 3
9 13 15
23 3 16
17 20 8
3 7 14
16 17 18
14 16 4
13 16 1
21 0 16
2 5 2
5 7 13
19 21 6
14 17 7
21 22 17
6 9 1
21 23 17
2 3 17
10 11 9
3 6 12
3 5 16
11 14 7
4 7 12
1 2 15
3 4 16
1 4 4
0 2 13
4 10 15
15 21 14
12 13 8
11 14 3
20 0 13
21 0 1
16 19 6
8 11 9
16 19 18
15 17 7
0 4 13
9 12 3
4 9 10
22 0 13
6 9 16
2 7 4
22 2 12
8 11 8
12 14 4
21 0 4
2 6 16
17 19 15
19 20 8
15 18 7
0 2 17
22 0 14
16 18 2
11 15 15
17 20 5
13 16 4
5 6 16
10 14 14
11 15 13
21 23 3
21 0 11
11 15 1
20 23 9
9 14 9
23 2 14
7 10 12
8 12 3
12 16 12
2 5 2
4 7 4
2 6 8
23 3 6
18 22 10
0 2 17
10 13 2
8 10 14
18 22 12
4 7 18
2 5 13
13 16 13
22 23 12
19 22 7
5 7 1
3 7 9
22 2 10
4 8 11
12 14 14
1 8 3
13 16 7
20 0 3
21 22 1
15 18 7
7 10 17
7 12 2
15 18 3
2 6 17
10 14 7
9 13 13
12 15 17
10 15 4
11 14 6
3 5 6
20 23 11
17 21 9
7 9 1
12 16 18
22 1 17
14 16 15
5 7 9
11 14 15
8 11 11
15 18 16
2 5 18
1 3 4
20 22 12
6 6 4
13 15 3
13 16 1
17 20 13
1 2 7
0 1 10
5 9 6
18 21 16
7 6 5
18 22 6
15 18 2
17 21 11
8 11 18
0 3 5
23 3 11
4 7 15
23 2 3
0 3 13
19 23 14
8 11 6
16 20 2
21 0 7
23 3 15
22 1 18
10 13 2
23 2 11
20 23 14
8 11 16
10 14 12
10 15 3
2 3 5
19 22 14
9 12 15
19 23 3
23 3 3
10 13 17
16 19 10
3 7 17
17 23 16
8 11 16
9 13 17
7 9 5
6 10 11
21 0 6
12 15 15
17 20 16
21 1 9
5 7 5
17 20 15
2 3 4
3 8 15
4 7 10
22 0 11
0 4 15
13 15 12
11 12 14
4 6 16
23 2 11
17 21 17
6 8 9
1 3 2
18 20 8
0 3 7
7 10 8
12 14 6
22 1 9
5 7 9
11 13 12
13 16 5
13 17 4
7 10 16
18 21 5
9 13 3
5 7 10
23 1 18
7 12 12
19 21 5
21 1 15
15 17 4
6 9 6
11 13 18
6 10 17
6 9 18
20 23 4
13 15 12
8 10 10
16 19 7
18 22 4
18 20 17
14 17 1
8 12 12
17 21 12
3 6 8
0 3 14
23 1 4
2 6 9
2 5 8
0 3 10
20 23 8
13 17 5
18 22 14
8 11 15
3 6 11
1 5 17
1 2 9
1 3 16
6 9 2
16 19 9
20 23 12
1 2 11
19 21 2
15 17 18
18 20 8
7 11 15
3 7 17
9 13 2
21 23 9
9 14 14
18 21 1
5 6 16
6 9 16
6 9 8
6 9 14
2 4 9
10 14 5
6 10 12
9 13 14
16 19 13
10 13 14
14 17 4
6 8 14
0 4 18
23 3 7
0 5 7
7 7 10
22 2 13
20 0 6
12 15 3
1 4 5
7 9 10
10 14 8
11 13 16
20 23 11
17 21 8
22 2 10
15 16 1
18 21 18
7 11 3
3 6 14
10 14 7
1 3 2
14 18 2
13 17 3
1 5 9
18 21 3
6 10 2
1 5 7
15 16 18
23 2 9
18 23 1
6 8 11
3 7 8
19 21 18
7 10 9
19 21 9
10 14 15
8 10 7
12 17 9
4 7 12
4 5 9
0 3 5
19 22 11
2 5 8
22 0 6
10 11 1
19 20 5
12 14 15
0 3 13
3 7 17
17 21 6
9 14 9
12 15 13
9 12 17
14 18 18
18 22 11
3 6 16
4 6 13
2 4 12
2 4 1
1 4 1
16 18 4
10 13 11
17 20 4
9 13 1
2 4 3
13 15 14
11 15 16
23 2 11
22 2 9
11 15 8
7 11 7
9 13 4
2 5 18
22 1 2
17 20 7
21 0 10
20 0 11
0 4 17
0 5 6
4 6 7
10 14 13
0 3 10
8 10 11
1 5 5
19 22 18
8 11 4
5 7 2
19 20 3
18 21 9
9 13 5
23 1 8
7 9 16
10 13 10
11 12 1
1 4 9
15 19 8
15 19 12
3 6 6
1 5 8
16 19 6
7 8 3
0 4 13
13 16 13
14 18 15
0 3 9
2 6 4
20 23 11
11 14 13
9 13 10
23 0 2
5 7 14
21 23 2
8 13 11
13 16 15
21 1 5
6 9 17
18 22 14
22 3 4
18 22 11
3 7 15
17 19 6
7 9 7
14 17 16
6 8 8
21 0 16
3 6 3
3 6 4
23 2 18
12 15 3
1 4 15
10 15 13
3 6 15
10 13 4
16 21 15
7 13 3
23 1 5
15 19 6
22 0 6
0 3 16
20 23 18
16 18 3
10 9 16
8 10 14
7 10 10
11 15 13
16 19 9
14 17 5
10 14 2
5 7 2
11 13 5
12 15 10
11 15 18
1 4 4
23 2 14
3 7 8
23 2 6
21 0 17
19 21 11
22 2 12
20 22 16
0 2 15
17 20 11
8 11 18
19 22 9
20 23 2
9 11 2
19 22 5
13 15 3
11 12 12
18 21 7
17 19 7
5 8 13
11 14 1
19 21 5
12 15 11
13 16 12
12 15 2
22 1 16
4 7 15
15 19 16
6 9 5
23 4 17
12 15 13
5 10 5
19 22 5
13 18 12
15 18 1
19 22 16
0 5 7
15 18 14
3 5 7
22 1 18
4 8 16
19 21 16
23 2 11
5 8 16
14 18 13
3 5 18
3 6 11
21 0 11
23 2 11
19 22 10
10 15 7
11 15 14
6 8 3
19 21 14
20 23 5
1 3 14
14 17 2
14 18 12
9 12 14
14 19 14
0 5 17
3 5 13
17 22 17
10 13 3
22 23 14
7 10 13
23 2 2
23 3 2
11 13 10
4 6 10
2 5 2
16 18 1
0 2 18
19 0 9
5 6 8
23 2 10
12 15 6
5 8 9
5 9 10
0 3 17
9 12 6
16 18 6
8 10 11
3 5 10
12 14 3
18 20 9
17 19 2
8 11 5
17 19 1
5 9 3
23 1 14
0 3 4
14 16 15
1 4 8
23 3 4
6 9 15
12 14 3
9 10 17
7 10 6
11 14 16
14 17 4
19 22 8
6 11 16
21 1 13
16 19 11
7 9 16
20 0 18
23 1 17
9 14 7
5 8 9
14 18 12
2 4 16
9 13 1
20 0 12
8 10 10
11 12 8
14 16 8
10 15 18
11 14 11
2 5 1
18 20 14
2 5 14
4 7 8
8 10 5
0 3 2
18 21 2
10 12 7
16 18 14
13 16 14
23 3 18
4 10 4
0 3 12
11 15 6
22 1 5
1 4 8
22 0 15
19 22 3
13 17 9
18 22 5
17 18 3
22 2 11
11 13 9
1 3 1
11 13 5
5 8 2
10 14 12
0 3 1
21 23 13
7 10 12
8 12 13
5 10 8
4 6 13
14 18 8
0 4 6
17 20 13
7 9 17
21 0 16
13 15 2
15 18 8
13 15 1
4 8 15
1 5 12
13 16 2
10 12 3
23 1 12
4 7 1
7 8 13
15 20 15
10 14 2
12 14 18
20 23 2
22 0 7
1 4 4
23 1 18
23 1 10
4 7 1
2 4 15
0 4 14
5 6 10
0 5 13
13 17 2
15 19 17
19 23 14
12 14 7
5 9 2
14 17 12
13 16 4
17 22 6
23 2 5
13 16 1
0 3 14
1 4 6
23 3 5
18 22 8
11 14 1
12 14 15
1 3 5
14 18 15
18 22 18
20 0 4
18 20 12
23 2 15
12 15 12
7 12 8
9 12 6
16 19 7
15 19 10
19 21 7
15 19 3
22 2 17
20 21 18
17 20 2
18 21 18
4 6 5
11 14 7
3 5 5
14 16 13
11 13 6
19 23 14
22 1 13
20 0 10
5 8 4
10 13 2
13 15 6
3 4 2
22 0 14
7 10 14
2 6 6
5 8 5
1 4 17
6 8 4
17 19 2
11 14 2
17 18 18
11 12 6
19 21 18
1 3 7
22 0 4
22 1 18
15 19 8
4 7 2
9 11 10
5 8 18
1 2 2
0 3 8
18 22 8
11 15 1
1 4 8
12 16 8
2 6 15
4 7 1
21 23 10
0 4 16
13 16 6
13 16 17
3 6 6
14 16 3
6 9 6
17 22 3
15 18 4
8 10 8
12 15 2
10 13 4
14 17 9
18 20 13
21 0 8
22 2 17
22 1 12
10 12 16
5 9 1
23 4 4
17 19 10
16 19 6
7 12 17
14 16 5
16 18 2
13 15 11
18 21 6
13 16 13
17 21 14
9 12 17
5 8 2
17 21 13
3 6 7
4 7 11
1 7 3
1 5 6
0 2 6
12 15 4
3 6 4
0 3 3
3 5 18
19 21 5
23 4 4
12 15 16
4 6 4
18 22 8
15 18 7
0 3 2
8 9 4
12 16 7
13 15 4
11 13 12
6 10 13
11 16 2
21 23 17
8 11 16
20 22 7
13 16 6
1 4 12
3 6 10
20 22 1
21 23 2
14 16 18
13 16 6
10 12 3
1 4 4
12 15 16
0 2 9
4 8 5
16 20 18
8 12 13
1 3 12
4 8 16
11 13 17
12 16 1
23 3 14
10 13 11
23 3 6
17 20 17
23 0 5
7 10 13
23 2 13
7 11 14
0 3 16
21 0 13
0 3 1
14 18 5
16 21 18
14 17 15
13 16 8
15 18 18
21 0 12
14 16 7
22 0 8
9 12 17
12 15 14
20 23 1
10 13 17
9 14 1
11 13 17
20 0 15
23 1 4
16 20 14
6 11 6
13 17 11
21 21 3
19 20 14
7 10 12
5 7 6
8 10 8
19 23 14
11 14 12
20 23 5
5 9 8
7 12 9
2 4 15
3 7 17
13 17 4
19 22 8
21 0 17
21 0 14
9 12 16
2 6 7
18 21 1
3 7 10
2 4 6
13 16 11
3 6 10
13 17 16
13 17 4
16 19 1
22 0 10
22 2 6
15 17 6
17 22 17
4 7 14
9 13 10
1 3 1
12 14 10
11 12 14
6 11 14
7 9 7
5 7 18
2 5 16
0 3 15
1 5 4
7 10 15
20 22 8
2 6 8
12 14 12
4 7 4
2 6 8
23 3 14
18 20 4
3 6 4
16 18 9
4 7 12
23 3 8
2 6 16
2 3 15
7 10 7
20 23 11
10 13 15
10 12 11
0 3 12
7 10 10
21 0 3
6 9 9
17 19 18
16 18 7
2 4 2
14 16 16
13 17 8
12 16 9
22 1 9
1 3 5
0 4 9
5 9 5
0 3 7
3 7 7
1 3 9
13 17 8
12 14 7
16 20 11
8 12 16
23 2 12
15 18 18
18 22 17
5 8 15
11 15 12
3 5 18
6 10 2
19 21 9
20 0 12
11 13 8
6 7 9
4 8 5
14 17 2
2 4 11
17 20 15
16 20 13
10 12 9
18 21 3
13 16 15
17 18 15
11 13 6
2 5 18
23 2 6
7 9 2
12 17 9
14 18 2
13 14 9
5 7 6
15 18 4
3 5 7
11 16 16
7 11 16
10 11 10
10 12 6
4 6 11
2 5 9
14 16 3
22 3 4
22 0 12
4 7 13
10 14 10
9 14 9
13 17 15
5 8 5
14 17 8
12 15 7
9 11 7
4 7 10
10 14 2
10 12 14
2 5 9
5 8 14
9 12 15
18 21 14
8 12 7
19 23 8
22 1 3
4 7 18
11 15 1
4 7 3
11 14 14
16 21 12
22 2 11
0 4 9
23 3 12
17 19 9
5 8 14
8 11 17
5 8 7
7 11 8
22 23 16
9 12 8
6 8 17
17 20 10
15 18 3
23 1 11
12 16 4
9 10 11
3 6 4
21 1 11
21 0 7
0 2 8
4 6 8
2 6 18
22 2 11
20 23 4
18 20 15
2 6 16
17 20 2
3 6 5
0 4 10
15 20 13
6 7 11
5 6 17
14 17 14
21 23 14
18 22 15
22 2 12
1 5 11
11 14 9
9 11 2
16 20 3
21 22 14
13 16 1
3 5 8
5 10 14
2 7 2
20 0 15
19 21 12
21 1 8
7 10 14
15 19 1
6 8 1
0 4 17
6 9 5
20 22 16
2 5 1
13 16 16
6 8 18
16 19 4
20 23 14
1 2 1
3 6 3
18 19 8
16 19 1
15 19 12
19 23 4
16 20 1
20 23 15
6 8 16
9 12 6
13 16 6
23 1 12
19 23 2
14 17 12
6 9 9
21 0 8
4 7 15
15 17 18
4 7 12
3 5 18
3 6 12
11 14 7
22 0 13
0 2 12
10 13 15
22 1 12
10 13 1
23 2 7
19 20 14
1 4 15
17 21 2
7 10 10
2 4 9
1 3 13
17 22 10
3 6 18
1 4 14
6 11 17
22 1 15
13 16 18
15 18 5
10 13 12
12 14 17
20 22 14
17 21 7
20 0 3
10 13 3
15 17 4
1 3 16
13 17 11
19 1 10
22 2 16
18 19 4
13 15 12
12 15 15
8 12 11
23 2 11
16 17 17
6 9 9
21 23 8
20 23 6
17 21 14
23 3 8
6 10 12
3 7 8
0 4 18
13 17 7
7 10 2
12 15 5
10 14 17
8 11 17
11 14 18
15 18 9
19 21 14
4 7 16
17 21 17
15 16 4
1 6 16
22 2 6
7 8 8
17 20 3
7 9 9
1 4 14
19 23 1
11 15 6
10 13 12
18 22 9
19 23 3
6 10 16
15 19 18
3 5 7
13 16 18
5 8 16
6 9 3
5 8 1
17 21 3
1 4 7
2 3 15
21 2 13
20 23 16
14 17 1
15 17 10
4 7 6
6 11 13
7 10 7
11 15 10
1 4 5
19 20 15
16 19 17
20 22 8
2 5 5
2 5 12
15 18 11
18 22 6
9 12 9
4 8 7
20 22 17
16 18 17
10 12 12
14 15 13
2 4 7
12 16 16
14 17 11
10 12 13
17 21 3
6 10 9
23 2 10
4 7 18
21 0 2
22 1 11
18 23 11
13 17 10
22 0 1
15 17 16
23 2 12
11 14 16
16 20 15
23 2 7
19 22 10
9 10 17
12 14 7
3 6 7
5 8 5
10 13 9
7 11 7
7 10 4
16 20 3
4 10 13
0 2 3
8 11 18
23 3 10
8 10 9
8 11 10
6 10 5
23 2 7
21 0 16
9 11 12
4 7 17
21 23 2
3 7 3
0 3 4
20 21 3
20 1 4
6 8 11
17 18 1
15 19 9
0 2 3
2 6 8
8 12 16
4 7 1
9 11 11
1 3 1
14 16 6
4 7 8
22 2 13
19 23 15
23 1 11
4 6 3
8 11 11
0 4 13
7 10 18
21 1 14
1 5 18
11 16 3
22 0 13
13 13 14
22 1 15
16 19 8
17 21 7
21 1 16
4 7 16
3 6 17
8 12 15
14 17 6
0 2 5
7 10 1
9 12 14
9 13 5
16 21 4
4 6 7
1 5 12
23 2 2
10 14 14
0 3 15
12 15 7
7 9 2
15 17 5
12 16 4
15 19 9
18 22 4
7 10 9
17 21 2
22 2 9
8 12 18
15 16 11
6 9 7
19 22 16
22 2 2
1 6 11
12 14 14
23 2 8
16 20 15
23 1 11
11 14 9
22 2 11
19 22 14
5 7 16
15 17 16
17 19 7
21 0 12
3 5 16
4 5 3
15 18 18
15 18 5
21 0 15
7 13 6
1 4 16
17 20 2
7 10 16
13 17 1
4 7 8
5 8 15
20 0 7
7 13 6
12 16 1
23 2 6
7 10 10
18 22 7
22 2 1
8 12 17
22 1 14
3 7 15
4 8 9
21 23 18
11 14 6
23 2 5
3 7 11
15 17 5
16 17 12
10 14 5
3 7 8
5 7 6
3 5 5
13 17 9
19 22 14
5 8 4
22 4 16
4 7 7
19 22 13
15 16 2
1 4 9
12 15 15
18 21 14
0 2 9
10 13 10
7 11 16
19 0 11
5 8 6
13 15 9
5 6 15
21 23 13
4 6 18
4 6 6
21 2 2
9 11 3
11 13 10
15 18 12
16 19 10
4 7 1
16 19 10
8 13 7
1 4 12
15 20 16
2 4 14
5 7 9
14 17 18
16 19 12
1 4 9
22 1 18
16 19 17
14 19 12
20 23 8
20 22 13
6 9 6
9 13 11
16 21 3
21 0 17
8 10 15
5 8 7
0 3 10
10 14 17
16 18 16
16 21 12
12 15 1
19 23 3
14 17 11
0 4 9
15 18 1
4 6 6
19 23 6
9 13 14
13 15 5
14 15 5
11 14 13
0 1 18
8 11 5
10 14 11
0 3 16
20 1 4
10 13 9
16 18 14
15 16 5
12 13 11
12 15 16
15 17 7
5 6 9
6 7 15
7 11 4
11 16 6
4 6 6
4 8 17
15 18 6
7 11 16
17 21 10
13 17 18
4 9 18
5 10 3
15 18 4
20 22 13
20 23 5
4 10 10
15 17 8
6 9 4
21 22 1
8 10 18
11 13 14
6 9 17
5 9 10
20 1 11
2 5 10
23 0 15
16 18 14
21 0 4
7 10 13
19 22 2
9 12 6
16 20 14
12 15 12
22 23 14
20 23 3
20 1 7
17 20 8
13 14 8
3 8 2
7 10 11
20 0 4
1 3 2
14 16 12
18 20 7
8 10 14
22 2 7
12 13 5
9 12 12
22 2 11
11 14 16
22 2 16
12 17 3
23 2 18
3 5 3
5 8 1
13 16 11
17 19 5
4 7 1
0 1 14
5 8 18
19 23 3
7 11 16
11 12 1
13 16 1
4 7 18
12 15 9
17 21 5
10 12 6
1 5 10
13 16 16
2 5 1
17 21 17
11 14 7
13 16 16
21 0 7
17 19 12
0 3 16
5 8 15
7 9 5
9 11 18
15 19 4
3 6 12
12 16 4
9 11 16
2 5 6
7 10 8
1 6 7
20 23 12
8 10 16
22 2 12
22 1 10
13 16 6
13 15 10
21 0 18
16 20 2
12 16 16
3 6 9
1 3 9
20 22 10
1 6 11
3 6 5
3 7 18
9 12 13
17 21 6
10 10 13
12 16 11
3 5 4
17 21 7
9 12 9
19 23 1
4 7 7
15 18 3
7 10 4
23 1 14
13 16 8
4 8 1
6 8 6
10 13 10
18 20 4
23 2 6
12 17 9
9 11 7
