600 17
10 1 8 1 10 10 5 7 8 9 5 7 1 4 3 6 7 
7 11 8
18 21 5
13 16 4
20 0 10
20 21 2
12 15 11
7 8 13
18 21 4
19 22 2
14 18 6
2 5 10
7 11 4
18 23 15
9 13 14
16 19 11
19 21 11
21 1 8
18 20 2
6 9 2
0 4 16
8 11 13
11 13 5
14 15 17
23 2 12
20 23 2
20 23 1
5 8 3
1 6 7
19 23 10
6 9 8
1 3 2
19 21 2
3 6 7
18 20 6
8 12 14
22 4 15
2 4 11
3 5 10
10 13 14
23 4 2
19 23 2
11 14 15
1 4 15
7 8 11
22 2 14
9 13 12
23 3 14
15 19 2
21 2 8
21 1 9
0 2 11
1 3 11
5 7 10
1 4 3
11 13 15
3 6 4
9 15 5
11 12 17
11 14 11
11 13 15
2 6 15
5 10 7
18 21 6
14 16 9
23 2 7
1 3 13
0 4 2
1 4 15
3 7 7
11 13 6
13 16 8
13 17 12
0 3 4
19 21 17
10 14 16
23 2 14
18 21 6
11 14 13
5 8 10
12 13 4
2 6 17
4 8 4
7 10 16
11 12 12
5 8 14
11 15 4
21 1 3
15 18 11
2 5 6
18 20 16
0 3 3
4 6 5
15 18 9
7 9 2
5 7 4
17 20 2
18 19 1
2 5 13
3 7 9
19 23 14
1 4 6
18 22 1
21 0 9
20 0 1
3 7 2
10 13 11
21 2 8
2 6 9
20 23 11
23 1 12
21 1 3
4 5 2
2 3 8
16 19 8
0 3 17
1 5 1
18 20 13
12 17 1
8 12 16
8 13 17
19 21 16
17 20 16
17 21 11
22 2 5
20 22 13
19 21 17
3 6 17
17 20 10
23 2 17
22 2 3
22 2 15
22 1 14
9 12 14
2 5 17
8 11 8
0 3 11
6 9 14
4 7 4
21 1 6
10 12 17
10 14 4
0 4 11
12 17 7
21 0 16
3 5 9
17 19 7
3 7 13
10 13 8
1 4 5
7 7 15
12 16 1
8 11 11
5 9 11
13 16 15
8 11 4
20 21 5
6 8 6
4 6 8
11 14 4
4 6 12
16 19 6
11 12 9
7 10 13
11 15 4
19 21 6
2 5 14
14 17 11
14 15 16
12 17 3
12 15 5
17 21 8
17 21 4
23 2 2
13 18 2
4 6 14
13 16 2
22 0 10
18 21 6
13 16 13
20 21 11
19 0 11
3 7 4
19 20 7
7 12 12
3 5 9
0 2 2
15 19 15
13 16 11
20 23 9
0 5 10
10 13 11
22 1 13
6 11 13
11 14 11
18 22 12
23 2 2
5 9 1
14 18 2
12 13 8
13 18 8
3 6 15
21 1 1
14 18 14
5 9 15
5 8 8
8 12 10
20 1 11
11 15 5
9 12 8
6 7 4
19 21 8
20 23 11
11 14 3
3 6 13
15 18 2
11 15 11
0 3 5
8 11 1
11 13 12
20 23 16
12 17 17
3 6 8
23 2 17
7 9 4
21 0 17
21 0 5
9 12 12
7 9 13
22 0 10
5 7 8
5 9 4
18 21 17
11 15 12
0 3 1
19 22 11
19 21 6
3 5 16
9 11 6
1 3 4
1 3 12
1 4 14
22 2 2
9 13 3
21 23 2
23 2 17
20 21 1
17 21 9
15 17 1
3 6 13
18 22 10
12 13 8
8 8 7
0 2 10
3 4 7
12 16 15
18 22 3
8 12 1
3 6 10
5 6 10
11 14 3
4 6 13
9 11 10
10 15 5
15 20 4
18 20 5
23 1 12
22 1 3
2 5 5
8 11 7
13 18 1
16 18 17
21 22 16
13 15 3
5 8 7
6 10 13
1 4 15
22 1 12
17 19 14
4 8 15
8 11 16
0 4 9
12 14 17
0 4 10
0 3 2
19 20 16
18 22 9
19 22 4
5 9 2
20 23 9
10 14 7
11 16 7
1 3 11
11 14 15
13 17 10
3 7 16
7 11 3
12 15 13
7 9 12
22 23 3
19 23 3
6 10 16
20 22 1
23 2 3
20 0 15
10 13 17
11 15 7
5 8 17
1 3 3
13 16 17
11 15 12
16 21 11
17 19 9
20 23 8
2 6 17
4 6 13
17 19 17
12 14 12
20 0 13
7 10 6
12 13 9
18 21 9
14 18 4
13 14 5
6 7 14
9 14 11
5 8 10
3 6 16
13 14 17
14 17 3
14 17 1
7 10 9
6 7 11
5 9 11
2 4 13
0 4 12
9 12 15
1 3 16
9 13 7
6 8 2
3 5 13
21 1 15
1 3 3
3 6 6
11 14 9
17 19 7
17 20 5
14 18 16
12 15 16
14 16 9
2 5 10
23 3 2
9 12 12
16 20 15
4 5 9
20 1 7
2 6 3
19 20 15
12 14 10
9 12 1
21 0 13
13 17 1
4 7 17
18 21 10
1 5 6
2 4 11
23 2 17
15 19 8
16 20 17
23 1 16
13 16 7
13 16 5
13 16 7
0 2 16
14 15 7
19 22 3
23 2 6
0 2 1
17 21 16
1 3 9
11 13 13
23 2 9
3 6 9
15 18 14
7 12 7
5 8 16
16 19 3
13 17 5
18 21 13
17 21 17
20 23 12
2 5 12
21 1 4
8 9 14
20 23 4
18 22 14
22 0 17
19 23 4
20 23 11
23 2 16
11 15 3
21 0 2
13 14 9
22 0 11
1 3 16
18 21 14
6 7 17
23 4 7
11 14 6
12 15 7
16 20 3
19 23 5
2 4 9
4 8 3
9 13 6
3 6 1
17 19 10
23 1 2
5 9 17
9 12 4
23 3 12
10 12 2
23 3 9
21 22 8
18 21 5
18 21 6
15 18 7
5 7 8
22 0 17
16 20 16
15 18 4
9 11 5
8 10 11
10 12 11
2 5 12
21 1 15
11 13 8
7 9 13
11 15 13
17 20 17
16 18 16
0 4 1
12 16 3
15 20 16
1 4 8
2 5 15
5 8 2
15 18 2
1 4 16
20 22 4
1 2 10
4 6 2
6 9 16
10 14 14
4 6 1
12 15 2
9 12 5
12 15 11
4 8 14
5 9 7
3 5 10
6 11 1
3 5 11
21 0 14
8 10 12
21 0 4
20 0 9
21 0 16
5 6 8
16 18 4
6 8 3
22 2 2
13 16 13
6 8 17
23 1 12
16 20 15
8 10 3
7 10 15
7 10 6
7 8 13
5 9 9
22 0 14
7 10 11
22 3 11
21 23 2
16 20 12
7 10 17
0 3 5
11 13 13
8 11 3
0 2 5
13 15 14
18 22 7
11 15 2
10 12 5
9 12 7
9 11 9
19 23 12
10 13 1
21 0 8
13 14 3
21 2 3
22 0 7
2 7 16
10 13 15
16 18 3
9 11 9
2 5 3
10 12 3
8 11 12
16 19 2
1 4 12
13 16 11
20 21 9
12 15 17
11 15 2
21 0 12
14 17 17
8 10 6
3 6 3
14 17 9
22 1 15
14 18 2
20 21 14
7 8 13
5 8 9
9 12 2
6 9 10
19 21 5
22 2 7
13 16 11
10 14 2
3 6 16
17 21 3
8 9 8
16 20 16
11 15 4
3 6 2
3 5 3
5 9 12
20 22 7
1 4 17
9 11 1
12 16 13
6 8 15
0 3 9
20 0 11
4 8 1
11 14 6
0 3 12
22 2 8
10 12 10
5 8 14
22 1 1
20 23 8
23 1 11
17 19 4
1 4 1
22 1 3
1 5 10
11 13 11
20 23 17
15 18 17
23 3 3
18 22 6
4 8 1
12 15 4
1 5 7
9 12 4
22 1 7
12 14 12
1 4 15
4 7 14
23 0 4
2 5 1
17 21 10
6 10 8
6 9 2
6 9 2
16 20 10
20 23 4
4 6 10
14 17 8
9 11 2
20 1 15
23 0 12
10 12 7
18 22 1
1 5 13
4 8 5
4 8 17
15 18 11
16 19 9
13 17 3
13 15 11
17 20 16
15 20 13
14 17 4
14 16 15
22 1 17
21 1 12
