450 17
8 2 10 3 1 4 7 3 4 6 1 5 5 6 10 10 10 
5 7 10
2 7 15
2 6 10
20 0 6
21 0 2
16 17 2
2 5 17
20 22 3
10 12 15
22 1 4
9 12 12
2 3 12
19 22 10
11 15 14
1 4 2
9 12 2
14 18 8
3 7 14
1 4 8
4 7 6
0 2 16
6 8 16
10 12 3
1 3 6
14 16 14
9 12 15
6 8 10
22 1 4
20 22 2
17 21 12
8 12 7
1 4 15
8 11 7
4 6 13
18 23 4
20 22 11
19 22 4
16 19 6
16 18 9
19 23 17
19 22 16
7 11 4
22 0 17
13 15 2
20 0 9
10 14 7
4 8 14
17 18 17
11 13 3
16 19 15
15 19 7
17 20 14
15 19 2
5 8 10
20 21 16
13 16 7
10 14 10
14 17 1
15 18 12
11 14 1
9 12 3
7 11 4
23 2 6
10 14 17
19 21 17
3 8 15
15 20 14
9 11 12
23 1 9
13 16 2
2 5 1
1 4 13
3 7 17
16 20 2
0 4 15
0 4 12
22 23 15
17 19 1
2 5 5
11 15 13
5 8 13
11 16 1
8 10 3
7 11 3
19 23 15
9 13 15
3 6 17
12 15 6
18 21 3
11 13 17
8 13 2
0 4 8
9 13 3
22 0 12
14 17 6
18 20 6
19 0 2
12 15 4
11 14 8
17 19 13
2 6 9
7 11 14
1 3 17
23 1 4
5 8 11
18 21 8
6 10 15
11 15 3
5 7 5
19 21 8
15 18 8
17 20 5
6 9 6
7 10 7
6 11 7
0 3 8
21 0 4
3 7 10
17 19 12
7 10 4
13 15 3
6 8 10
6 9 14
23 4 13
19 21 12
10 13 8
18 19 3
6 10 7
22 2 16
17 21 11
0 4 6
7 10 4
5 6 17
0 1 11
17 20 3
9 12 7
4 6 8
16 20 16
11 14 6
13 17 6
13 15 14
23 1 10
14 17 6
19 22 12
17 19 4
23 4 12
8 11 8
3 7 10
21 0 12
5 8 12
21 23 4
1 4 1
12 15 14
10 14 8
21 0 16
20 0 16
5 8 10
2 4 8
4 6 13
14 17 11
12 17 16
9 11 1
5 8 13
16 20 2
22 3 13
22 2 17
16 19 2
11 14 5
20 0 9
15 17 15
17 20 3
3 7 6
2 5 6
9 12 8
22 0 15
19 22 10
5 8 3
20 0 3
12 14 17
14 17 1
22 1 6
21 1 9
12 17 9
17 18 15
17 20 7
0 3 16
15 19 17
13 14 8
2 6 13
1 4 9
16 19 10
5 8 11
0 3 7
3 6 17
6 8 3
13 16 2
22 1 8
17 21 8
13 16 3
18 20 1
7 10 2
15 19 11
13 17 1
8 11 1
3 6 14
18 22 13
10 14 10
11 13 7
0 4 6
10 15 6
12 14 10
6 7 1
1 4 6
13 16 2
11 14 3
12 17 17
22 1 15
3 5 13
7 9 9
9 12 5
11 13 10
14 19 1
1 5 10
21 23 5
12 15 9
16 19 3
14 17 15
19 23 13
11 15 10
8 11 8
9 13 3
21 0 5
12 14 2
16 19 12
3 5 13
22 2 15
4 7 12
6 9 5
5 8 14
19 21 3
8 11 9
12 15 12
3 6 6
18 21 17
16 20 13
6 8 16
2 5 4
23 3 10
22 0 6
5 8 4
8 12 1
11 15 11
22 0 13
12 16 17
2 4 4
22 2 1
7 11 7
15 18 5
0 1 16
0 2 11
16 19 7
19 22 3
0 5 4
3 6 6
4 7 16
5 7 2
15 18 13
17 20 10
22 2 2
14 17 11
0 3 3
22 0 14
16 19 7
12 17 6
7 11 6
9 12 17
23 1 2
6 11 12
0 2 2
1 3 12
2 6 17
1 3 11
11 12 16
20 23 6
7 11 15
18 20 5
21 0 12
20 23 9
7 11 7
18 22 17
15 18 13
10 15 17
8 12 2
1 4 1
20 0 11
15 19 8
0 1 15
10 14 15
19 22 12
15 18 17
7 12 14
6 10 15
9 10 16
9 12 2
2 8 16
6 9 6
15 16 9
8 11 13
6 9 7
1 4 13
5 7 13
3 7 4
2 7 11
20 22 4
1 5 12
9 10 12
16 19 17
12 16 16
3 6 16
14 18 15
8 12 1
10 13 4
7 12 14
2 4 4
6 8 15
6 8 16
13 16 2
16 18 16
9 12 6
15 17 2
19 21 6
10 11 8
7 10 15
8 10 12
22 0 17
11 15 17
11 14 2
23 3 14
20 0 4
16 19 9
3 6 15
6 8 5
16 19 1
22 2 7
10 15 17
2 5 15
0 3 17
20 22 4
3 6 4
7 10 7
1 4 10
5 7 3
11 14 16
5 8 3
6 9 4
23 0 7
3 7 17
4 8 5
5 7 3
7 9 16
5 9 17
4 6 7
19 22 11
16 18 8
15 19 7
1 4 2
14 18 16
14 17 6
1 6 10
22 2 11
0 3 1
1 4 3
22 2 2
1 4 7
8 13 13
8 12 6
9 12 16
21 0 3
18 23 9
8 10 7
4 6 14
23 2 9
6 7 15
15 17 7
19 21 3
0 3 14
21 23 4
17 21 13
12 16 2
20 23 9
18 20 4
15 18 7
20 23 17
20 0 5
0 3 11
23 2 8
4 8 1
7 10 3
23 2 12
8 11 14
11 13 7
8 11 7
8 12 17
13 13 5
20 0 1
15 18 15
11 13 16
0 2 5
12 16 15
10 14 9
9 12 7
21 23 11
19 22 17
9 12 7
5 7 8
11 14 8
3 7 11
11 16 2
14 16 16
11 15 1
0 3 7
13 16 10
6 10 2
11 13 12
1 4 5
5 9 11
11 14 13
20 1 7
4 5 8
14 18 6
3 5 11
10 13 11
8 12 11
3 6 16
10 15 14
12 15 15
13 16 14
6 8 13
1 4 4
2 5 16
18 20 16
19 22 9
15 19 8
13 15 17
18 22 9
2 7 5
17 18 13
18 21 6
19 22 10
4 4 14
