1850 9
8 4 2 5 1 7 5 4 5 
2 5 6
5 7 5
6 10 3
2 5 6
20 23 1
4 9 3
15 18 6
12 16 8
21 0 6
17 18 3
12 15 1
21 1 5
0 3 1
22 23 4
6 10 1
11 15 5
16 19 5
2 5 7
22 3 6
2 6 4
1 5 1
10 13 9
17 19 1
1 3 5
23 2 3
23 3 7
11 15 8
16 21 8
4 7 8
14 18 9
10 12 1
9 13 1
13 17 6
9 11 8
21 0 2
11 15 7
10 14 6
15 17 7
21 0 4
6 10 9
7 10 4
7 11 4
22 23 3
14 17 2
2 5 1
22 2 8
7 10 8
5 8 5
11 14 6
1 3 8
5 10 1
20 22 4
18 0 8
20 0 5
23 2 2
19 22 1
17 18 1
8 10 7
14 18 9
3 6 9
22 1 2
16 19 4
19 22 8
13 17 1
11 14 9
14 16 1
23 4 2
6 10 2
1 4 9
19 20 8
1 5 2
9 12 1
22 1 4
11 15 5
0 3 2
10 13 4
13 15 7
17 21 6
10 12 9
0 2 2
0 3 3
3 8 7
1 3 7
6 9 6
17 18 8
5 8 3
16 20 7
16 18 2
5 8 7
16 19 8
19 22 8
12 16 3
2 5 7
3 6 5
6 9 9
4 6 6
13 17 4
4 6 4
22 1 2
23 3 8
8 9 6
12 15 3
23 1 5
22 0 2
17 20 3
21 0 1
7 11 4
18 22 2
16 18 7
17 20 3
10 13 4
18 19 3
20 21 3
23 2 3
12 13 1
3 5 2
10 12 3
23 2 7
2 4 8
4 8 3
5 7 4
17 21 3
5 6 2
21 0 4
3 7 9
4 8 4
19 23 1
5 6 6
12 15 2
17 20 9
20 23 1
17 19 7
19 22 8
2 5 5
13 17 4
10 15 4
6 9 9
11 14 6
5 8 7
3 7 9
10 13 2
10 13 9
6 10 1
1 4 4
5 8 2
19 21 5
21 23 6
22 0 5
4 8 4
6 10 3
5 8 8
23 3 5
23 4 4
12 16 7
12 14 4
21 0 3
15 17 2
11 12 4
17 19 8
20 23 2
12 12 1
3 7 1
8 9 8
14 16 6
12 14 1
19 22 4
0 4 5
12 13 8
6 9 9
11 15 7
3 6 4
10 13 4
14 15 5
21 1 6
7 10 4
4 8 4
0 5 5
10 13 6
1 4 2
1 5 2
20 22 3
12 15 9
19 22 9
13 16 8
19 22 2
3 7 4
7 9 3
22 1 3
12 13 3
17 18 8
11 14 2
3 5 6
0 2 3
15 19 1
0 3 5
16 22 8
10 14 3
3 4 5
7 9 2
15 18 1
16 20 5
13 16 1
14 17 6
20 22 1
8 11 1
18 21 6
3 6 8
20 22 5
10 13 4
1 3 7
6 9 9
0 5 5
4 8 7
9 12 7
21 0 4
16 20 1
23 1 4
7 10 7
16 18 3
5 8 7
21 0 4
17 21 4
10 13 8
23 4 8
11 11 2
18 20 3
3 8 1
16 18 2
19 21 5
15 18 5
20 23 7
0 3 8
0 5 3
1 3 6
11 14 1
0 4 6
2 5 2
5 10 6
20 1 4
12 16 7
7 7 9
18 21 8
10 13 5
23 4 1
10 13 8
9 13 2
21 23 5
19 21 7
12 15 7
17 21 2
8 11 6
13 15 4
1 3 9
6 9 7
15 19 3
20 21 6
14 15 8
16 19 2
0 4 5
19 22 4
9 13 9
20 21 3
4 7 1
19 21 8
9 12 2
15 19 1
4 9 3
3 7 1
7 9 6
15 19 2
22 2 1
2 5 2
7 9 8
9 13 3
14 18 7
13 16 9
7 10 9
15 17 6
10 15 7
7 8 2
20 23 5
2 6 8
18 22 6
1 4 4
15 18 6
6 10 5
8 11 7
15 17 4
20 22 5
7 8 5
12 14 2
19 22 4
4 7 9
9 13 8
3 6 4
8 10 2
13 15 7
9 12 7
22 0 7
16 21 4
19 22 3
19 23 3
17 19 8
2 7 6
16 19 9
23 3 1
7 10 2
7 10 3
0 3 1
9 12 6
4 8 7
2 6 3
5 9 9
13 16 8
15 19 5
10 13 7
0 3 1
8 11 9
7 8 5
3 7 1
8 12 6
14 17 6
19 21 8
18 23 4
14 17 7
21 23 6
22 0 9
10 14 8
21 22 5
13 16 7
16 18 9
12 16 8
9 13 8
10 13 6
23 1 4
4 9 4
4 6 3
16 19 7
2 4 6
6 7 5
17 20 3
10 14 5
5 8 9
22 0 3
21 23 4
1 4 1
4 7 1
4 8 1
23 3 5
20 23 4
18 23 9
16 20 3
2 3 7
11 14 7
20 23 6
0 4 7
11 14 1
0 3 6
0 3 3
1 4 2
8 11 2
19 21 4
21 1 5
22 0 1
16 20 4
20 0 5
7 9 7
13 16 7
3 6 9
1 2 4
6 10 7
14 16 9
5 8 8
0 2 5
4 8 3
12 13 1
19 1 5
2 7 1
11 13 4
21 0 6
5 8 6
3 6 6
10 13 4
5 8 4
12 16 5
13 14 6
21 0 9
2 5 2
9 11 7
1 4 3
19 23 5
18 22 2
19 23 1
22 1 9
10 14 9
11 14 2
15 18 5
10 12 7
19 23 7
15 18 2
12 14 3
23 2 7
21 0 7
0 5 6
16 18 4
15 17 5
18 20 8
16 19 6
10 15 2
6 9 8
21 23 1
0 5 2
13 15 3
5 7 4
1 3 7
12 13 9
2 4 3
0 4 6
4 6 2
18 20 2
22 0 7
15 16 5
16 20 9
16 17 2
20 23 6
5 8 4
20 0 3
12 15 9
20 23 2
18 21 6
4 8 8
1 3 8
6 8 2
5 9 4
20 22 9
0 2 9
0 4 3
4 5 5
20 23 5
19 22 5
15 18 1
14 17 7
23 2 1
15 18 3
10 13 3
17 20 3
10 15 6
8 11 6
22 2 1
8 10 7
20 23 3
17 21 1
16 18 8
23 1 6
7 11 3
10 14 3
8 13 3
2 4 3
23 3 9
13 17 1
19 22 3
11 13 6
13 18 5
4 7 3
1 4 8
21 0 4
22 1 7
23 2 1
20 0 1
21 2 9
5 7 3
17 19 9
6 11 4
6 9 1
8 12 2
6 8 8
15 18 4
14 14 7
10 15 3
12 14 9
21 1 3
4 8 5
18 22 7
3 6 7
8 9 6
20 0 6
21 23 7
13 16 2
7 11 2
9 11 8
0 4 7
20 23 3
9 11 3
5 9 2
14 16 1
19 22 6
7 8 5
1 5 6
8 11 4
13 16 2
16 18 3
15 17 7
20 22 3
18 22 6
8 11 8
23 1 4
0 3 3
6 11 7
4 9 9
7 9 8
4 9 8
23 3 4
23 2 9
21 0 9
0 4 3
6 10 5
10 13 8
16 20 6
10 12 7
9 10 7
1 4 1
10 12 3
6 9 3
23 2 8
1 6 8
5 8 8
21 0 1
15 17 3
2 6 6
18 22 7
12 15 3
8 13 3
12 16 2
8 10 1
6 8 6
0 3 8
21 1 5
20 23 8
5 7 5
18 21 4
5 8 7
3 7 1
1 4 8
0 4 8
23 2 2
17 21 4
19 21 1
1 2 4
13 17 2
14 18 7
3 7 8
7 10 1
11 12 2
23 2 1
6 7 6
22 1 4
7 11 6
23 4 3
22 2 8
11 16 5
18 21 6
11 15 6
3 5 1
5 8 9
19 22 2
5 8 1
16 18 5
18 20 2
2 5 3
23 1 7
5 8 9
8 10 9
21 0 9
22 2 7
2 7 8
9 13 4
12 15 9
21 0 4
3 6 1
4 7 2
10 12 4
13 17 9
6 9 3
19 22 5
4 6 8
22 0 1
21 0 1
7 10 9
10 13 7
8 10 4
20 22 2
4 5 5
15 18 7
8 11 7
6 8 5
19 21 8
21 23 2
1 5 1
7 11 9
22 2 1
7 9 4
17 18 9
17 22 3
12 15 9
15 19 2
20 22 8
7 11 9
9 12 9
10 14 7
23 3 6
10 14 7
10 14 6
23 0 1
10 12 2
13 15 1
0 1 5
23 2 4
23 3 9
14 16 5
8 10 1
5 7 6
6 8 1
14 16 3
20 1 7
19 21 1
4 6 3
4 7 4
22 2 8
3 8 3
17 21 7
18 21 8
13 15 5
15 17 1
21 0 7
9 12 9
1 5 5
17 19 1
3 7 8
12 16 4
20 1 1
8 10 9
19 22 6
13 17 1
18 21 5
11 14 4
3 8 8
14 16 2
3 7 1
17 21 9
0 1 4
14 16 7
3 6 7
3 6 5
4 8 6
20 0 1
17 20 4
3 5 4
16 20 7
1 4 4
17 20 4
8 12 9
15 19 2
11 13 5
2 6 6
1 2 3
16 19 6
11 13 4
17 20 5
20 22 5
13 14 1
3 8 7
21 0 9
22 1 8
18 20 6
23 2 2
6 8 5
14 20 1
13 16 1
18 20 8
15 18 5
12 15 8
0 3 4
9 11 1
23 3 1
19 22 8
4 8 2
21 0 1
19 22 7
1 4 1
7 9 3
15 17 1
6 10 4
9 13 6
19 20 6
16 19 1
22 2 5
16 17 3
16 20 1
5 8 9
6 10 6
6 8 1
19 22 9
17 21 2
19 23 4
16 18 4
11 13 5
4 7 4
18 21 4
21 0 9
0 3 3
10 11 2
22 0 8
0 4 5
10 14 9
6 9 3
20 0 3
1 3 3
15 18 7
1 4 3
2 6 7
22 2 4
10 14 5
9 14 7
9 15 4
14 17 3
15 17 8
13 16 3
6 8 3
10 13 8
16 19 6
0 2 2
11 15 3
2 4 3
3 5 2
21 0 1
21 0 2
9 14 9
17 21 9
7 11 2
6 8 7
16 18 6
13 15 3
21 1 7
16 19 1
11 14 2
18 0 9
21 23 1
6 7 3
0 2 8
10 14 3
13 14 2
19 23 3
15 18 8
6 9 5
9 12 5
10 13 1
23 1 4
11 14 1
21 0 3
4 8 8
19 21 1
19 22 6
14 17 3
9 11 4
6 10 8
1 4 7
1 3 8
22 3 3
14 20 8
20 0 3
16 20 2
5 9 8
8 13 3
8 12 7
22 2 9
11 13 8
22 2 9
8 10 1
6 10 3
22 1 4
5 7 9
20 23 7
17 20 2
5 10 2
18 20 6
17 19 9
18 23 9
3 7 8
3 5 8
11 15 5
10 14 4
15 18 5
19 22 8
23 0 5
2 6 6
8 12 6
14 17 4
22 2 4
22 2 2
2 8 2
3 6 5
12 16 7
2 5 3
13 16 4
15 18 8
12 14 2
21 0 4
16 19 9
23 3 7
18 20 9
18 22 3
21 23 1
13 16 2
8 10 9
21 1 5
10 12 8
19 19 3
5 10 4
0 2 2
15 17 3
10 13 4
12 16 7
21 0 1
10 13 6
8 11 5
11 14 3
8 11 6
13 15 8
15 19 4
8 12 5
6 9 7
4 8 6
1 4 4
10 12 6
2 6 8
19 23 6
16 20 7
5 9 6
13 17 7
11 14 1
9 11 1
4 7 7
11 16 4
18 19 4
0 2 2
14 16 2
15 18 6
2 4 5
20 1 5
10 12 2
12 17 2
3 6 7
15 18 4
12 16 6
3 7 4
0 3 2
16 19 8
5 6 1
5 8 6
3 3 7
10 13 9
23 2 9
6 7 5
6 8 7
1 3 9
16 20 7
23 2 6
22 0 9
23 2 2
20 0 9
5 8 3
10 12 4
16 18 9
13 17 5
11 12 3
6 6 5
23 0 3
4 8 1
9 14 7
14 17 3
2 4 3
11 11 6
2 6 1
16 20 5
16 20 8
16 18 8
8 9 6
2 3 7
16 19 9
17 21 7
7 10 1
12 16 7
5 8 5
10 12 1
1 3 3
3 6 8
19 21 7
1 4 5
10 14 9
19 23 4
8 10 3
13 15 7
0 3 6
19 22 6
14 16 4
0 4 5
13 14 3
1 4 7
8 11 5
11 15 3
21 23 2
11 13 1
14 18 7
16 19 3
10 14 4
3 7 6
20 22 2
9 11 7
5 8 7
22 2 5
19 22 9
0 4 7
0 3 6
23 0 3
14 15 1
8 12 7
14 16 2
12 13 9
15 19 3
17 19 7
21 0 3
7 10 2
18 23 9
0 2 4
9 11 2
4 8 1
18 20 9
16 19 3
23 3 1
5 9 6
14 16 2
5 9 8
23 2 8
3 7 5
22 0 5
10 12 6
15 17 8
13 16 6
15 16 7
23 1 8
3 5 1
4 7 6
20 22 8
5 8 2
22 1 1
17 20 3
4 6 1
8 12 1
7 10 1
6 9 5
3 6 4
13 15 7
18 20 4
1 4 1
0 1 5
12 15 7
15 19 9
15 18 9
23 2 7
9 11 3
12 15 2
1 5 9
23 1 1
1 5 8
12 15 1
14 17 2
7 11 2
8 12 5
18 21 9
9 12 6
13 18 5
10 14 1
2 6 9
15 19 9
15 19 3
3 5 8
11 15 7
0 2 6
9 11 6
6 11 9
0 3 6
18 19 5
2 5 4
6 10 4
15 18 3
11 13 1
7 8 4
22 0 8
10 12 9
23 1 8
22 23 2
20 1 5
23 2 3
13 16 4
12 15 2
0 4 2
20 23 6
21 23 7
13 16 4
5 9 7
13 16 1
16 19 5
21 0 9
9 10 2
11 12 4
3 5 4
7 10 1
4 8 5
23 2 9
4 7 9
2 5 6
20 1 2
22 2 9
15 18 2
0 4 7
3 7 6
1 4 2
3 6 1
15 18 4
5 10 1
13 18 8
7 12 4
0 3 9
20 23 7
17 20 5
3 6 5
10 12 1
23 3 5
14 18 3
14 19 8
16 20 2
13 15 5
9 13 9
7 12 7
16 20 1
19 22 8
5 7 8
18 21 4
6 7 5
3 5 5
0 3 9
4 7 4
10 13 8
9 12 1
4 8 3
14 18 7
13 17 2
3 5 9
0 3 4
0 3 2
6 9 1
7 10 9
5 7 6
16 20 8
19 21 6
1 1 2
12 15 9
18 21 1
3 6 5
14 17 7
22 0 4
22 2 9
11 14 7
23 2 4
5 8 9
11 12 2
2 5 2
18 22 2
6 9 3
12 14 8
11 13 4
2 5 5
18 21 1
10 14 4
3 7 2
21 1 7
6 8 4
2 6 4
1 4 3
4 7 6
15 17 3
9 14 1
19 21 1
7 10 4
2 5 4
17 19 5
4 8 9
2 5 5
17 19 2
10 15 6
9 12 6
21 1 9
15 19 6
0 3 8
4 8 8
11 14 7
3 7 8
21 23 7
9 14 4
0 2 2
22 23 1
8 11 4
15 19 9
22 2 9
1 3 1
21 23 9
23 2 7
13 14 5
20 0 2
9 11 4
3 5 3
6 12 7
19 21 2
12 15 8
0 0 9
1 4 8
21 23 7
18 21 3
6 7 5
15 18 3
6 8 3
3 7 7
10 12 6
15 19 1
2 4 9
8 12 8
21 0 8
23 2 1
3 7 9
21 0 3
5 7 4
20 23 7
20 23 2
1 4 7
23 1 3
12 14 8
11 14 8
15 18 8
9 12 2
3 5 1
1 4 1
8 12 2
14 17 6
3 6 8
11 15 2
11 12 4
17 20 6
18 22 1
4 7 4
18 23 9
13 17 4
23 1 7
15 18 1
20 23 5
10 12 2
2 6 8
18 22 1
12 15 5
0 3 1
12 13 1
12 17 3
20 22 1
19 21 8
9 11 6
19 23 2
12 14 9
10 12 3
18 20 6
22 4 1
0 2 5
7 11 3
3 6 5
22 0 6
14 17 3
21 0 2
7 11 8
19 0 8
1 5 9
3 5 2
12 15 9
14 16 1
23 1 2
13 17 4
11 13 8
9 12 8
0 4 1
3 7 1
3 5 9
7 10 7
7 9 6
7 10 2
19 22 1
18 21 5
0 3 8
17 20 8
9 13 2
11 15 2
1 5 8
3 4 7
6 9 5
22 2 9
15 17 8
11 13 2
7 10 4
0 2 8
15 19 7
14 17 5
7 9 4
22 0 2
16 19 1
16 21 6
11 14 2
5 8 3
14 17 9
21 1 9
9 13 5
23 2 4
4 8 9
5 10 4
23 2 5
11 13 7
18 21 9
18 21 1
15 18 4
12 15 6
1 7 3
6 7 7
8 12 5
7 11 1
17 19 1
21 2 2
14 15 3
12 16 6
9 13 9
20 23 2
22 23 5
11 11 6
16 20 4
23 2 6
9 12 6
12 15 2
4 8 8
9 12 3
13 16 2
15 19 9
17 21 6
8 10 8
2 3 7
16 17 5
2 5 3
5 7 8
22 2 1
11 14 2
3 5 4
22 1 7
7 10 4
20 23 4
18 23 2
6 10 8
3 7 7
12 17 2
19 23 2
20 23 7
4 7 2
3 5 2
3 6 7
13 17 9
17 20 7
18 20 6
2 6 4
21 23 6
7 10 3
1 5 3
14 16 8
14 16 4
18 20 8
9 13 2
1 4 3
22 23 5
14 17 6
14 17 8
17 20 5
9 11 9
2 5 8
0 3 5
17 21 8
7 10 9
0 2 1
19 22 5
9 11 4
23 2 3
2 5 6
6 9 1
10 14 6
2 6 9
23 1 1
17 21 6
5 7 4
21 3 1
16 19 2
20 23 3
3 6 5
7 9 6
1 3 1
4 7 3
17 20 3
9 9 8
4 6 5
4 6 5
5 7 4
16 19 4
23 3 9
15 17 2
18 20 2
7 10 4
20 0 7
3 4 9
21 0 9
4 6 1
13 16 7
0 2 3
10 15 1
21 1 5
10 14 5
15 17 6
9 11 3
3 7 5
11 14 6
8 13 5
11 15 2
11 15 2
2 5 4
10 15 5
9 13 6
0 4 9
11 13 7
14 17 5
8 11 2
12 14 8
6 8 5
18 20 8
17 21 7
21 22 2
5 10 2
0 4 7
13 16 6
1 4 8
0 2 6
9 12 1
8 11 9
6 9 7
2 5 5
16 20 5
22 23 7
23 3 5
7 10 4
11 12 7
22 1 1
2 5 1
0 2 7
17 20 4
2 4 1
23 3 3
2 5 6
18 23 9
2 5 7
13 17 6
19 23 1
20 1 4
8 12 6
8 10 8
2 5 6
3 5 3
9 12 8
14 17 6
8 9 9
6 9 5
1 4 4
22 1 5
21 23 4
18 20 5
16 18 5
17 19 8
13 18 3
13 16 8
10 13 6
7 11 5
22 1 1
4 6 5
4 8 3
16 19 6
13 17 4
1 4 8
11 14 6
6 7 4
20 23 5
0 4 4
10 14 5
16 19 1
3 5 2
23 1 1
8 11 5
9 10 8
9 11 3
13 16 7
23 2 9
5 9 8
9 13 8
14 17 6
6 8 6
2 4 2
8 11 9
6 9 3
20 22 6
14 16 1
8 12 9
22 1 8
18 21 1
22 0 4
1 5 3
2 3 5
11 15 6
18 22 8
12 16 7
17 20 8
17 19 2
1 5 9
9 13 6
11 14 6
0 4 8
19 23 7
14 17 1
17 22 5
12 15 6
5 8 3
4 8 7
2 5 3
10 12 3
21 23 9
19 21 8
0 4 1
6 10 1
18 21 6
15 18 6
14 17 3
10 13 4
19 23 3
23 0 6
23 2 6
19 22 9
6 10 6
13 16 8
6 9 1
20 22 1
3 7 4
21 23 1
6 11 3
23 1 5
0 2 3
0 2 9
4 6 5
13 16 7
7 11 2
14 16 3
6 10 6
3 7 8
23 3 2
16 19 2
8 11 3
9 13 3
17 19 5
6 9 2
23 1 9
0 4 7
8 10 5
1 3 6
0 3 8
17 22 2
21 1 8
0 4 2
0 3 1
12 16 7
0 3 9
17 19 6
4 7 2
3 7 4
9 12 9
6 9 9
23 0 5
3 7 7
17 20 1
22 1 1
22 4 6
7 9 3
7 10 9
1 3 3
2 5 6
23 2 8
11 12 2
21 23 6
16 20 3
23 2 4
10 13 4
2 5 9
0 3 3
16 20 4
18 21 6
20 0 8
23 2 4
9 12 3
17 20 9
13 17 5
18 20 6
15 19 9
18 20 5
21 1 8
15 18 7
16 20 3
20 0 3
3 5 8
14 17 8
20 22 5
9 11 8
20 23 2
8 11 8
18 20 7
18 21 8
16 18 1
11 13 7
12 15 4
19 23 5
1 4 9
9 12 4
2 4 3
16 17 1
9 13 8
14 19 1
20 21 4
4 8 1
1 4 8
3 7 8
7 11 9
12 17 7
5 9 4
0 1 2
16 19 1
5 7 8
8 9 3
13 15 2
10 12 2
12 14 8
11 13 2
9 13 2
7 13 4
14 18 7
8 11 8
16 20 9
12 15 1
22 2 2
2 6 4
19 20 3
22 23 3
7 10 1
6 9 6
0 3 2
14 16 6
1 5 6
18 23 3
19 23 4
0 2 8
16 20 5
11 12 8
10 14 8
14 16 6
17 20 1
6 9 2
1 3 5
9 13 5
6 8 9
19 1 5
17 18 9
15 16 2
3 6 1
2 2 6
2 6 3
12 14 7
16 18 1
4 6 8
15 18 4
16 19 4
11 14 2
12 13 1
8 10 2
20 23 3
2 3 7
23 1 7
6 9 4
16 18 9
22 2 3
6 10 8
1 5 8
14 18 2
18 21 5
12 17 8
20 22 9
3 9 4
14 16 9
3 7 7
1 4 7
4 6 4
21 3 6
15 18 7
13 16 2
1 4 8
12 14 9
6 9 2
6 10 2
9 13 9
10 11 9
21 0 5
14 18 6
22 23 6
13 14 6
16 19 2
3 6 2
8 12 9
19 21 5
5 10 7
16 19 9
0 2 3
21 22 4
17 20 8
16 20 5
3 7 5
15 19 2
6 10 3
4 6 6
14 18 2
21 23 2
8 10 1
13 16 1
1 5 1
8 9 1
6 10 4
20 0 3
5 9 4
17 21 1
7 10 3
10 13 5
10 14 8
6 11 1
17 20 3
16 18 4
15 19 4
2 6 7
14 17 7
16 21 4
7 10 2
23 2 5
6 8 8
16 18 8
23 2 2
5 8 8
22 0 6
23 1 2
9 11 8
22 2 5
11 14 4
21 23 3
12 16 3
7 11 7
13 15 7
15 17 2
10 14 1
21 0 2
14 17 4
21 0 2
8 11 2
13 17 1
10 12 4
8 10 4
2 7 2
20 0 1
10 14 9
8 12 2
18 20 2
17 21 1
9 13 1
14 16 9
4 8 5
3 6 1
11 15 5
19 21 3
10 12 3
10 13 6
1 3 4
21 0 1
9 13 8
16 19 1
22 2 8
20 21 5
18 20 2
18 21 5
6 11 6
11 14 3
13 16 3
11 14 9
22 2 7
15 19 3
17 19 6
3 7 1
10 12 4
8 10 2
14 17 4
0 3 8
20 23 1
16 19 9
0 4 6
5 8 9
23 2 5
2 5 2
1 4 2
21 23 7
4 7 3
19 21 5
18 20 5
16 21 3
19 21 6
23 2 5
6 8 6
16 19 6
11 13 5
3 6 2
8 10 5
23 1 9
19 20 5
7 11 7
11 15 6
8 10 7
16 19 6
14 15 2
13 16 7
18 22 6
20 23 2
11 15 7
2 6 9
16 20 6
4 6 8
2 5 4
7 11 5
1 4 1
14 18 7
14 17 5
7 10 8
18 22 1
2 5 4
3 6 6
0 4 2
6 8 1
22 1 8
16 20 6
1 5 1
22 3 5
14 17 9
22 1 4
20 22 6
13 15 6
19 21 1
8 12 7
20 23 4
10 13 7
13 15 5
23 0 5
4 6 4
8 12 1
14 16 1
12 17 2
23 2 2
22 2 1
9 13 6
11 12 8
7 11 1
18 22 3
12 14 7
4 6 4
8 12 7
1 5 7
22 0 6
20 22 9
12 14 7
7 9 1
16 19 7
1 4 8
12 16 3
7 10 6
15 18 2
23 1 7
13 14 7
10 12 7
22 0 6
12 14 3
17 18 8
17 20 6
7 8 7
1 5 9
16 20 5
13 16 8
13 16 3
5 7 1
15 18 1
18 23 6
21 23 1
8 10 3
0 5 6
1 3 6
14 16 5
5 9 5
15 19 3
11 14 6
9 12 3
5 8 6
2 7 3
2 4 2
16 21 7
7 9 8
12 16 6
17 21 1
16 21 3
0 3 2
22 1 5
11 12 1
11 14 9
10 14 8
13 15 7
10 13 7
15 17 8
14 17 5
16 19 9
17 21 2
8 12 1
