300 7
8 7 8 9 8 2 7 
22 1 3
1 4 3
19 21 5
23 2 4
9 10 3
17 19 6
17 21 6
8 11 2
0 3 7
8 9 7
18 21 5
13 17 2
0 4 7
16 19 6
3 6 7
10 12 2
14 15 3
10 13 7
16 18 5
8 10 4
19 22 5
9 12 5
11 14 3
19 23 2
0 3 3
14 17 3
3 6 7
6 9 1
17 19 3
23 3 1
5 7 5
15 18 1
18 21 2
20 23 4
18 21 1
8 12 1
18 21 7
19 22 2
3 5 4
12 15 6
11 14 7
9 12 3
14 16 5
20 22 1
2 5 7
23 1 1
18 22 1
13 15 4
6 9 2
17 19 7
21 0 5
17 20 2
20 1 2
19 21 2
12 14 7
15 17 6
3 5 7
3 5 1
3 5 6
19 21 4
22 1 2
8 12 6
13 17 7
6 7 5
14 19 2
23 2 3
15 19 5
14 17 6
0 3 3
19 21 2
18 22 5
17 20 7
3 6 1
5 9 4
14 17 6
8 12 4
22 1 1
9 13 6
14 18 6
6 10 7
11 14 7
22 0 4
4 6 5
5 8 5
20 22 6
18 22 4
18 21 1
20 22 1
2 5 1
22 2 5
0 4 6
14 16 3
3 7 5
13 15 3
14 16 3
20 1 2
0 3 4
14 15 3
22 1 5
19 22 4
14 17 2
15 18 1
22 2 2
12 15 5
3 6 1
0 3 7
3 4 3
1 4 5
17 21 4
2 4 6
1 5 7
11 13 7
20 23 5
10 13 2
1 3 3
15 17 2
20 1 1
6 9 7
7 11 3
20 23 4
11 14 5
18 22 1
17 19 7
16 20 6
16 19 2
9 11 7
16 18 2
4 5 1
11 15 1
22 2 4
9 13 6
18 21 5
21 23 7
20 0 3
2 2 1
21 0 1
5 9 3
2 5 7
2 6 3
8 12 7
18 21 5
3 6 4
9 15 3
19 23 4
7 10 4
20 22 4
5 8 7
8 10 6
23 1 5
14 18 1
16 17 5
22 3 5
8 13 6
3 7 5
12 15 3
21 0 1
18 21 7
21 0 3
18 21 3
8 11 2
20 21 1
0 3 5
18 19 4
19 21 3
9 11 5
1 5 3
10 14 1
16 18 1
12 15 1
19 0 5
23 1 7
9 12 6
12 15 6
0 4 6
6 9 1
16 17 5
14 17 3
2 5 7
5 7 5
23 3 2
13 17 1
5 7 6
12 16 6
13 16 7
10 12 5
4 8 5
17 19 6
3 6 5
10 12 6
20 22 5
7 10 4
18 20 5
22 0 3
8 11 2
2 8 4
5 9 5
13 15 6
9 11 7
2 6 5
3 5 3
5 6 3
11 13 7
2 6 3
6 9 3
11 17 7
17 19 7
2 5 3
2 6 2
19 22 3
18 22 4
18 21 4
16 18 3
10 12 7
6 7 7
4 7 4
21 23 1
13 16 3
2 5 6
3 7 3
4 7 7
5 7 2
5 8 5
1 5 2
0 3 7
18 20 5
22 2 7
3 7 1
5 8 4
19 23 6
23 2 2
18 19 2
16 19 4
15 18 5
13 16 1
4 9 3
18 21 7
6 8 2
6 8 1
20 0 3
18 21 3
0 4 2
4 7 1
21 1 1
17 19 4
1 2 5
16 19 6
7 9 2
18 21 2
12 15 5
18 20 1
20 0 4
8 11 2
15 19 6
19 21 4
20 21 3
2 5 7
15 17 3
4 8 2
15 19 5
7 10 3
22 3 4
3 5 3
16 18 3
19 22 3
23 2 1
18 22 5
4 8 6
9 11 4
18 21 1
18 21 3
8 12 6
2 3 6
1 6 2
23 2 1
4 5 3
4 7 5
0 5 5
2 6 5
8 10 5
20 0 6
16 19 1
16 19 2
0 3 5
12 14 3
11 14 6
6 8 5
16 18 1
19 22 5
17 21 2
18 20 6
6 8 5
14 18 5
23 1 3
23 2 5
20 22 7
20 23 1
1 4 3
19 20 5
21 1 5
4 8 1
