1800 10
7 2 2 7 7 5 4 8 1 2 
13 15 4
15 18 1
3 5 7
21 0 6
19 23 6
5 7 7
22 0 4
7 9 3
23 4 6
9 12 10
1 4 6
0 4 8
22 23 6
10 13 3
7 10 6
8 10 1
22 0 8
22 1 1
1 4 1
2 6 10
10 12 5
0 3 3
20 23 3
23 1 8
23 2 4
21 23 5
22 1 2
4 6 10
6 8 7
0 3 8
9 12 4
2 6 4
22 2 5
11 14 5
21 0 5
18 21 4
4 8 2
3 5 4
9 12 8
8 10 2
5 9 7
17 20 3
4 8 4
20 0 8
1 6 2
2 4 9
5 7 3
17 18 2
21 0 7
13 16 5
1 3 10
18 22 6
12 14 4
11 14 2
11 14 8
23 2 9
21 0 10
8 12 5
9 11 1
12 16 9
14 16 3
1 3 2
6 8 9
2 4 10
18 20 5
7 12 1
8 11 10
8 12 7
18 21 2
1 3 2
1 5 9
1 3 3
5 8 2
18 20 8
15 18 7
21 0 9
2 5 6
8 11 8
17 21 3
3 7 6
7 11 2
6 9 3
6 9 3
17 19 10
15 17 10
21 1 1
15 17 6
11 12 7
3 6 9
23 2 2
15 18 7
22 2 6
12 16 9
13 15 8
1 4 5
10 13 5
10 14 1
15 19 4
0 2 8
10 13 10
4 8 8
3 7 5
6 9 2
20 0 3
15 17 5
2 6 9
2 5 5
1 2 2
23 2 9
13 16 6
21 0 9
2 5 5
10 12 1
9 11 10
15 19 4
8 8 10
0 4 4
15 18 7
23 2 1
19 23 2
9 11 3
14 17 6
7 9 10
10 13 7
16 17 6
23 2 4
2 5 1
11 14 10
23 3 7
0 1 6
15 19 8
22 2 10
23 2 1
12 16 10
16 19 4
14 17 7
15 18 10
16 20 6
8 11 10
10 13 8
0 4 9
4 7 9
1 3 4
19 22 9
14 16 6
15 20 2
16 19 5
0 3 8
17 21 6
11 16 6
0 2 1
18 22 8
3 6 3
16 19 9
1 3 8
23 2 3
20 22 10
21 0 1
22 1 8
22 1 5
17 20 7
17 22 2
4 7 1
15 18 4
7 10 7
11 15 6
1 3 2
4 8 4
2 4 5
11 14 2
20 0 1
14 16 7
11 13 6
17 20 9
19 22 10
17 20 3
16 18 2
21 23 10
23 0 2
9 13 10
9 12 4
16 18 5
23 0 3
17 20 9
22 1 9
10 13 10
6 6 6
11 15 6
10 13 10
6 10 10
16 21 9
3 5 5
8 10 8
12 16 8
4 8 7
20 23 9
20 22 9
13 16 10
1 4 3
7 11 3
1 5 4
17 20 7
19 22 10
7 10 1
8 11 5
3 7 3
4 7 7
22 0 7
16 18 6
17 21 8
0 4 4
8 10 8
18 19 5
16 20 7
1 5 9
0 1 2
2 5 9
1 4 4
17 19 1
18 21 9
17 19 10
13 16 6
4 7 7
8 11 7
11 14 6
6 8 4
5 8 7
9 12 3
7 9 1
15 20 1
8 11 2
0 2 10
21 1 5
22 4 8
3 5 7
15 18 8
17 19 8
4 6 2
6 10 7
6 10 9
10 12 3
14 17 2
10 13 1
2 5 9
17 19 6
4 7 5
11 15 6
23 2 8
2 6 10
20 23 10
7 9 2
16 18 4
13 17 1
21 0 5
14 18 5
15 18 10
23 0 8
1 2 3
21 1 2
8 10 2
12 15 10
8 11 5
5 8 4
9 12 3
4 7 7
22 1 5
4 8 4
9 11 5
1 4 6
9 14 10
1 3 5
23 3 4
12 16 8
12 16 6
11 13 10
10 14 8
19 22 1
15 19 6
22 2 5
15 17 3
9 14 10
23 2 9
13 16 2
11 12 6
0 2 9
18 20 2
1 4 3
15 17 7
4 8 8
1 4 2
0 4 9
22 2 2
2 7 9
20 1 10
2 2 10
16 19 8
8 12 10
15 19 10
9 11 1
21 1 4
9 14 7
23 3 7
6 9 8
14 17 5
22 2 8
4 6 1
5 9 8
19 22 2
0 3 1
14 17 4
0 3 7
5 8 8
17 20 1
16 20 9
23 3 8
14 18 1
12 15 5
6 10 10
14 18 8
13 14 4
18 23 5
9 12 9
22 2 9
20 21 3
3 5 10
14 15 3
4 6 6
3 6 10
2 4 3
11 12 2
20 0 6
8 12 6
9 12 4
9 12 7
7 10 7
1 3 8
13 17 10
18 21 10
7 11 2
16 18 5
17 22 3
11 15 7
11 15 10
1 4 3
10 13 2
14 17 1
22 1 2
16 19 10
6 9 7
23 3 2
12 15 8
8 10 10
8 10 10
22 1 3
16 20 3
18 21 8
13 16 6
7 7 2
10 15 1
9 12 7
15 18 6
21 23 4
13 17 5
23 2 4
8 10 1
3 5 1
3 5 4
19 22 5
10 13 8
3 5 5
10 13 6
7 12 1
16 20 1
16 19 3
3 7 2
20 23 7
4 7 10
14 17 1
2 4 3
18 21 2
22 0 3
8 10 8
6 8 2
4 7 9
2 4 10
18 21 6
7 10 5
17 19 10
12 15 10
22 3 2
21 2 6
19 23 9
9 12 4
3 6 7
16 19 1
6 10 1
9 11 8
15 18 9
17 20 8
17 20 4
0 4 1
22 2 3
5 8 3
4 6 1
3 6 2
8 12 8
11 15 8
22 1 6
6 10 9
11 14 3
15 17 7
7 10 8
20 1 4
13 16 7
22 1 3
6 9 3
18 21 7
13 13 2
23 2 7
7 10 3
17 20 8
13 15 8
9 13 7
16 20 4
4 8 4
5 7 3
1 4 6
14 15 2
5 8 2
16 19 10
2 3 2
21 1 4
10 12 8
13 16 8
6 8 1
20 23 6
16 20 5
13 15 2
3 7 3
4 6 5
2 5 3
13 17 6
1 5 9
15 17 2
6 7 3
21 1 6
9 14 3
15 18 5
2 7 7
9 12 9
8 11 2
4 7 5
23 1 1
9 12 9
3 7 6
22 1 2
2 5 9
23 2 5
18 20 1
12 15 3
3 6 1
19 21 6
10 14 3
11 14 8
14 16 8
6 9 9
11 13 8
12 16 6
22 1 9
9 13 9
20 22 9
21 0 5
14 18 8
3 5 4
5 8 4
5 9 5
8 11 10
12 14 6
23 2 2
21 1 6
9 10 6
21 0 7
16 18 10
0 3 6
12 12 1
6 9 10
11 14 3
13 15 1
8 11 7
20 1 4
13 16 2
10 14 3
4 6 8
14 16 2
3 5 5
14 18 9
12 14 4
2 7 4
12 16 5
7 11 9
21 0 4
11 13 5
2 6 4
6 10 2
16 20 8
6 10 9
16 19 9
9 9 5
1 4 9
5 8 3
4 7 9
0 2 6
0 4 10
6 9 9
14 15 3
3 6 8
9 13 9
6 10 7
1 2 8
10 14 1
8 11 7
0 4 4
5 9 7
19 21 8
3 6 2
3 5 6
1 2 4
13 17 9
17 21 10
22 2 8
19 22 9
21 0 6
0 2 6
23 3 1
13 16 2
20 23 1
11 14 3
22 23 9
17 20 3
14 17 2
6 9 10
8 11 8
19 21 5
5 8 7
9 13 7
3 5 1
16 19 2
4 7 2
2 5 6
23 2 6
0 1 4
14 16 8
17 19 6
21 23 1
19 22 4
6 8 4
6 8 5
23 1 3
1 5 6
1 2 1
8 12 10
17 21 6
14 16 4
7 10 3
4 6 6
7 8 1
4 6 6
14 17 8
16 20 2
3 6 4
4 8 3
17 19 7
3 6 1
19 20 7
8 11 3
22 1 5
20 23 5
6 9 4
10 14 8
7 10 1
0 3 10
4 8 7
13 16 5
1 3 9
6 8 3
16 19 1
7 10 9
19 23 7
20 0 1
18 22 10
18 21 8
10 12 7
0 1 9
4 7 5
15 17 5
0 3 9
22 1 6
17 18 7
17 19 6
22 0 9
7 10 10
3 6 5
12 14 5
5 7 1
14 18 7
6 8 5
19 22 1
3 7 9
13 16 4
18 21 8
17 20 8
1 4 10
22 3 10
17 19 6
17 20 2
9 14 5
9 11 9
7 9 5
22 2 6
11 14 3
1 3 5
10 13 6
17 21 7
11 15 1
21 23 1
3 8 2
8 12 1
12 15 9
0 3 8
19 21 4
19 23 5
5 9 1
18 21 1
18 20 9
21 23 6
9 12 3
10 13 10
7 9 8
18 20 5
12 16 1
6 10 4
11 14 2
20 22 4
10 14 5
10 11 6
13 16 9
15 18 7
7 10 4
20 23 5
14 17 1
20 23 6
11 15 6
2 6 8
3 4 3
4 6 8
21 23 4
13 17 3
1 3 3
21 0 8
14 16 6
20 23 2
3 8 5
20 23 5
15 17 3
10 14 8
2 4 1
6 9 5
4 7 9
7 9 1
16 18 5
23 2 1
6 9 2
14 14 5
13 16 6
8 12 1
4 6 7
10 11 6
10 11 7
2 4 7
15 19 7
21 0 8
8 11 6
17 20 10
10 14 5
9 11 6
22 1 7
17 20 3
8 11 8
11 15 4
8 12 7
9 11 10
4 8 8
12 13 4
11 13 6
4 5 7
23 3 10
0 2 5
12 15 4
5 8 4
13 16 3
1 4 5
6 6 10
22 2 10
23 1 5
2 6 3
19 21 7
20 22 4
20 0 2
10 13 6
11 13 10
17 23 6
23 2 3
20 23 1
5 10 5
21 0 9
7 9 9
14 17 9
0 2 10
22 1 3
8 10 7
16 20 10
5 7 1
22 0 4
5 8 2
11 12 4
20 22 5
23 0 7
21 1 7
2 5 10
14 17 10
1 3 6
16 20 3
18 21 2
2 4 4
0 3 9
0 5 10
11 15 5
8 12 6
17 20 4
19 22 4
1 4 9
10 13 10
19 22 9
16 20 10
3 5 5
16 19 5
18 21 3
19 23 3
3 5 8
9 12 3
9 11 3
2 6 8
17 22 3
2 3 3
19 22 8
22 0 10
12 13 6
16 19 3
22 22 4
0 3 7
12 15 5
5 7 10
19 23 2
15 17 7
23 2 1
17 20 5
23 2 1
11 16 8
8 12 9
11 14 4
16 19 9
0 3 9
22 1 3
21 1 5
3 5 1
20 23 5
5 6 1
1 4 2
18 21 3
23 1 7
12 14 7
6 8 6
14 17 6
0 4 2
5 7 5
13 17 5
7 10 2
10 12 9
13 15 2
22 1 9
9 13 10
18 19 1
13 17 9
17 19 7
12 15 8
8 11 4
14 17 2
13 18 1
11 13 2
14 17 5
10 14 4
16 19 3
14 17 9
13 16 9
21 0 10
12 15 4
13 17 7
9 11 4
2 3 2
9 13 8
9 12 4
23 2 4
12 15 10
7 12 5
8 10 6
1 5 5
7 9 3
1 5 8
12 15 4
21 1 1
18 21 6
22 0 6
17 20 6
19 22 8
11 13 5
13 17 7
4 9 4
20 21 7
23 3 4
15 19 2
14 18 9
8 11 4
8 9 9
17 17 6
19 21 1
3 7 1
6 11 4
13 15 4
22 0 6
17 19 6
3 5 3
4 7 5
13 17 6
5 6 1
0 1 9
6 8 8
2 5 7
13 17 4
11 15 9
16 17 3
16 19 5
5 9 6
15 18 3
9 12 5
10 14 1
4 8 6
20 0 9
20 23 10
9 12 6
6 9 6
7 10 8
3 4 3
11 15 5
12 15 9
9 12 4
11 13 5
11 13 9
5 9 5
18 22 7
9 12 5
21 0 7
14 17 10
13 16 1
19 22 7
17 19 7
16 19 3
0 2 3
22 0 5
22 0 8
14 17 2
22 1 4
22 2 8
8 10 3
10 13 9
0 3 6
7 11 9
16 20 3
3 7 2
11 15 3
19 23 1
1 5 9
16 21 6
3 6 10
18 21 9
19 22 1
12 17 6
10 12 2
21 2 4
13 14 2
0 2 1
9 12 10
9 13 3
0 1 9
0 1 5
9 13 4
10 14 5
16 20 3
23 2 2
5 7 8
19 0 8
16 20 7
19 21 5
19 20 1
10 13 9
2 5 8
2 5 9
2 5 2
22 1 6
23 2 9
8 12 7
1 3 6
23 2 6
13 15 7
10 14 10
3 7 7
6 9 4
3 6 9
15 18 10
9 12 5
3 5 6
22 4 3
9 12 5
1 4 1
12 15 9
13 15 10
9 10 3
2 4 1
17 19 1
20 0 10
6 9 7
7 11 1
2 6 9
22 0 5
5 7 7
12 15 3
19 23 3
12 15 6
17 20 10
6 9 2
1 5 3
10 13 3
2 4 8
13 17 8
14 18 9
9 12 1
12 13 6
19 21 1
22 1 6
2 5 7
8 11 5
4 6 3
15 19 5
23 1 6
6 10 1
10 13 1
23 1 2
2 4 9
10 13 5
18 22 6
23 3 2
20 1 9
17 21 1
9 10 4
19 21 6
20 0 5
10 13 9
4 6 2
17 20 3
13 16 3
14 16 3
14 15 5
10 11 2
11 14 6
17 19 10
9 12 9
10 14 5
1 4 3
16 19 2
14 16 6
17 21 10
0 4 1
19 22 10
12 15 1
5 8 8
19 21 2
5 8 7
2 5 7
8 10 5
4 6 4
18 22 3
19 22 2
23 1 3
3 5 6
5 10 10
21 23 1
17 22 1
5 9 1
3 7 3
22 1 10
2 5 7
6 10 6
11 15 1
18 21 7
9 13 3
21 23 7
14 18 9
3 5 6
21 23 4
2 7 6
3 6 9
1 4 9
19 21 9
19 0 4
9 12 1
6 9 9
7 10 6
6 10 9
21 23 8
12 16 6
6 9 9
22 0 5
14 18 9
14 18 4
7 10 10
18 23 3
15 18 4
2 5 3
13 15 5
16 19 2
6 8 4
16 19 7
6 9 6
16 18 9
14 16 2
3 9 5
4 6 2
7 10 7
16 18 2
23 2 5
22 1 2
10 15 7
1 3 8
10 13 6
14 17 2
0 4 5
11 14 4
13 15 9
11 15 2
11 15 8
7 9 10
23 2 5
17 19 6
17 20 2
6 10 9
5 9 7
10 13 3
21 1 3
9 13 1
9 11 3
12 15 7
5 9 2
16 20 10
2 5 7
18 21 6
2 5 4
18 20 7
9 14 7
15 17 4
2 4 10
16 20 3
14 18 10
13 14 5
14 17 4
12 17 3
23 0 2
7 9 7
2 5 2
20 0 9
7 10 8
16 18 2
21 0 1
21 1 4
15 18 2
21 3 2
10 13 3
11 15 7
10 14 7
21 1 1
12 15 9
17 23 4
2 6 1
12 17 8
1 3 1
15 19 2
14 17 4
2 6 1
22 3 1
3 6 2
21 1 7
14 20 4
10 12 9
21 23 6
14 18 7
18 19 6
8 13 4
10 14 9
10 14 10
3 6 2
22 1 8
12 16 7
22 0 9
16 18 8
20 22 1
14 19 7
18 20 10
2 4 6
8 11 3
20 23 4
9 13 5
20 0 5
6 8 4
21 0 10
3 4 1
19 23 1
18 20 5
19 22 10
15 18 2
17 22 7
2 5 9
10 11 3
10 13 5
18 20 5
11 15 4
4 7 7
13 15 10
18 18 10
0 4 9
7 10 6
1 5 2
3 7 10
19 23 1
1 3 10
9 12 1
6 11 10
18 21 9
8 10 5
7 10 3
21 1 2
9 13 1
12 15 3
4 6 7
5 8 7
0 2 5
10 12 10
15 19 1
20 22 8
17 18 10
11 13 7
21 0 6
4 6 5
23 2 1
7 9 3
5 7 1
22 1 5
5 10 3
2 8 8
10 14 10
17 20 5
6 7 10
11 13 4
15 18 4
10 12 1
20 23 4
10 12 1
18 22 6
12 16 4
20 22 6
16 17 10
15 18 10
9 14 10
13 14 10
20 0 10
13 16 2
10 14 9
10 14 2
2 4 2
13 17 9
7 8 2
0 3 6
18 20 10
14 17 3
15 17 10
16 17 8
19 21 7
9 12 2
3 5 2
23 2 10
13 14 5
23 2 8
19 21 5
15 18 5
5 9 7
19 22 8
4 8 3
18 21 1
5 6 6
7 9 7
16 18 8
17 20 6
14 17 9
4 9 10
19 0 7
16 19 7
12 14 1
1 5 1
22 1 10
17 19 7
4 7 8
0 3 1
8 10 7
11 15 8
3 5 5
11 16 10
11 13 10
19 22 4
20 23 4
19 22 9
17 20 2
18 21 9
2 5 3
7 10 10
21 0 5
3 6 4
16 18 3
6 10 6
3 6 7
16 16 9
13 16 5
19 21 6
20 23 1
1 4 6
0 4 4
7 11 9
9 12 2
2 6 9
3 5 1
15 18 9
5 8 5
1 4 1
23 4 6
13 16 2
17 20 2
21 0 10
6 7 1
20 23 2
7 10 8
19 22 3
7 11 5
7 9 3
1 3 8
5 9 2
2 5 10
7 11 8
22 23 1
13 14 1
6 9 4
0 3 3
14 17 5
6 10 4
3 7 2
8 13 9
17 21 7
17 21 10
8 13 8
9 12 1
16 19 3
12 13 8
5 8 7
10 12 1
5 9 1
9 11 9
21 23 10
17 20 3
6 9 10
7 9 2
23 0 5
11 13 7
17 21 1
16 17 5
4 8 5
19 22 7
14 18 2
16 20 9
10 13 3
1 5 2
15 18 1
2 5 1
18 23 5
7 9 3
2 5 10
14 16 6
1 4 9
0 3 3
17 19 1
21 1 4
20 23 9
9 12 3
21 0 6
0 3 8
22 1 1
13 16 2
13 15 7
1 4 5
3 5 4
11 14 9
13 16 5
21 1 9
9 13 4
12 13 6
15 18 5
3 4 1
22 2 2
3 6 8
16 21 8
21 0 5
13 16 4
22 2 9
20 0 5
6 10 1
12 16 9
20 0 8
9 13 8
4 7 3
1 3 7
12 15 10
17 20 1
3 4 9
20 23 2
17 19 2
10 13 3
18 20 5
20 22 4
8 11 8
12 15 2
7 9 6
5 9 2
19 23 7
4 8 8
20 0 5
12 16 4
11 14 2
12 17 2
10 12 4
22 1 3
8 12 1
7 11 9
17 22 7
3 7 8
18 21 2
8 13 4
6 9 10
18 21 5
9 14 2
5 7 3
7 11 6
6 9 7
22 2 3
10 13 7
20 0 6
2 4 7
17 21 7
8 11 6
9 11 10
11 15 1
9 12 4
2 6 9
23 1 7
7 8 4
23 1 7
1 3 8
9 11 10
17 21 7
0 2 8
21 23 10
1 5 7
18 22 2
8 11 3
18 21 10
5 8 3
18 22 6
14 16 7
7 10 6
18 22 5
17 21 3
3 6 5
13 18 6
10 15 1
7 9 5
10 14 7
3 4 4
2 5 7
15 17 2
19 23 3
7 10 4
8 10 5
11 15 2
6 10 4
7 7 9
0 3 2
13 17 4
15 17 3
22 1 6
21 22 5
19 0 7
16 19 10
8 12 7
3 5 10
6 8 2
16 20 1
13 16 10
11 14 3
9 12 2
11 15 7
5 9 2
2 5 7
12 16 6
23 2 5
12 15 4
20 23 9
5 10 2
0 4 2
21 1 6
20 22 3
13 18 10
22 23 6
17 20 6
7 10 5
8 14 9
17 19 4
12 14 9
11 14 9
9 12 9
19 23 7
2 5 6
3 4 2
10 12 9
17 21 10
15 19 3
22 1 1
20 22 5
13 16 7
12 15 5
12 14 6
5 8 1
23 3 8
8 10 1
1 3 2
5 5 8
1 4 3
7 9 10
19 22 1
9 12 4
20 22 4
23 2 5
13 17 1
6 10 9
4 7 6
15 20 3
20 0 2
14 15 2
1 5 6
4 6 7
9 12 1
21 0 5
20 0 9
9 12 8
17 19 2
0 3 7
1 4 8
1 4 8
7 10 10
9 11 10
21 0 9
15 18 6
15 20 1
3 5 4
23 1 9
7 9 1
3 5 3
7 10 9
22 2 1
0 4 7
9 13 9
7 10 3
7 8 3
13 16 5
9 11 8
0 2 5
16 19 2
10 12 4
14 17 10
7 9 6
8 11 8
10 13 10
20 23 5
11 16 10
19 0 2
22 1 8
16 20 1
21 1 2
9 12 4
10 14 1
8 12 10
3 3 5
20 22 9
8 11 7
7 9 4
23 2 10
16 20 7
21 1 2
22 1 7
5 7 6
17 21 3
4 8 9
6 9 9
20 23 4
14 17 9
7 9 10
12 14 1
0 4 4
20 22 7
3 7 2
23 23 3
2 5 6
11 15 4
23 3 5
19 22 2
19 21 10
6 9 8
5 8 2
10 13 4
11 14 6
15 19 5
2 5 10
13 16 5
20 23 6
11 14 3
7 10 9
5 9 9
9 13 8
11 14 6
16 19 8
17 19 9
23 1 2
19 23 7
7 8 9
17 21 10
23 1 9
21 0 7
17 20 10
19 23 4
23 3 6
4 8 6
6 9 8
7 11 1
19 23 2
1 4 10
8 10 3
10 12 9
23 1 2
1 3 3
9 13 8
20 22 1
16 20 4
4 5 1
3 6 1
13 17 6
11 14 8
12 15 6
14 15 5
9 12 3
22 1 9
18 20 1
22 1 6
20 23 4
8 10 10
17 20 3
14 18 5
0 3 5
18 20 1
2 4 3
21 0 4
22 1 9
23 2 4
20 21 1
7 11 1
2 6 3
19 23 6
16 17 9
22 1 1
7 10 2
8 11 6
14 16 9
5 6 5
6 9 9
13 16 7
0 3 4
19 21 9
10 12 10
2 3 4
7 11 4
3 5 10
13 17 8
7 10 6
0 3 2
20 23 10
10 12 1
0 2 8
20 23 2
6 9 1
5 8 10
18 21 4
2 7 3
13 16 5
22 0 2
10 12 10
14 17 2
15 19 8
1 4 10
6 8 8
11 14 10
4 7 3
5 7 9
17 18 8
16 19 10
22 2 7
14 19 9
19 21 8
7 10 8
18 22 10
3 6 10
13 18 8
8 13 1
5 7 9
2 6 8
19 0 8
1 5 9
8 12 7
9 12 2
5 9 2
20 23 9
6 9 9
5 8 10
7 11 9
22 1 10
23 1 4
10 15 7
17 20 3
7 10 5
14 19 7
8 12 4
17 20 3
14 16 7
0 3 9
12 15 6
17 19 1
3 5 10
18 22 7
17 21 8
6 9 10
15 20 5
21 0 1
22 1 8
3 7 5
10 12 8
9 11 4
10 13 3
7 9 7
23 1 9
11 14 3
11 15 10
3 7 9
0 5 2
17 20 3
3 5 3
1 5 4
9 12 8
7 10 10
21 23 9
3 6 2
14 17 6
10 14 7
10 12 2
23 2 10
23 2 6
13 16 10
7 10 1
8 10 3
5 7 7
5 7 5
6 10 2
11 14 5
4 6 2
19 21 10
22 2 5
3 6 1
22 2 10
4 7 4
18 22 4
1 4 5
21 22 8
2 6 3
1 3 9
17 21 1
14 15 10
10 15 7
6 10 1
4 9 8
14 14 7
3 6 1
19 22 6
3 5 10
22 1 6
10 14 6
12 17 7
8 10 7
15 18 3
11 15 2
7 10 7
2 5 1
5 9 1
14 16 2
9 12 10
6 9 3
9 13 7
8 12 8
14 16 1
22 1 10
5 9 9
10 13 1
3 6 10
22 1 6
10 14 7
13 16 10
22 1 10
11 14 8
22 2 9
10 12 5
10 15 4
10 12 4
11 15 9
4 7 6
9 12 3
21 2 6
20 22 8
8 10 5
18 20 3
9 13 4
1 6 6
10 12 6
12 15 7
21 23 9
21 23 1
6 9 6
3 4 10
3 8 5
17 19 10
18 23 3
7 11 1
3 7 8
13 16 4
0 4 7
10 12 1
9 10 7
16 19 8
18 23 7
12 16 4
17 20 4
18 21 7
13 15 2
9 14 4
11 15 2
20 22 8
12 15 8
11 13 4
1 4 9
10 13 7
21 23 9
13 15 1
12 15 7
