650 4
4 1 6 1 
19 0 3
8 11 4
12 14 4
22 1 4
16 19 3
15 17 3
0 3 4
10 14 1
14 17 4
14 17 3
15 18 1
2 5 2
8 12 2
1 4 2
12 16 4
8 11 4
7 10 2
19 21 4
16 19 2
13 18 2
14 16 4
19 22 1
5 9 3
0 1 3
23 1 3
12 14 3
15 18 4
14 15 3
23 4 3
16 19 2
17 20 2
8 10 4
23 2 2
4 7 4
2 4 2
9 12 1
17 20 4
23 2 3
18 21 3
0 3 1
12 15 4
18 22 1
9 12 3
19 23 1
13 17 3
1 3 3
4 7 2
12 16 4
16 17 3
20 0 2
10 12 4
20 0 4
3 5 2
22 0 2
0 3 1
23 2 4
13 15 3
12 15 2
8 12 2
18 20 2
8 10 4
11 14 4
20 23 4
0 3 4
9 14 1
7 10 1
20 21 2
10 13 2
2 4 4
4 7 3
8 11 2
20 23 4
10 14 4
4 7 3
6 9 4
18 21 1
1 4 3
23 2 3
9 12 3
7 10 1
19 22 3
20 23 4
6 9 4
12 14 4
1 6 1
20 22 1
11 14 2
9 13 4
20 0 2
9 12 4
3 6 4
15 17 2
15 18 3
11 14 3
21 0 2
6 8 1
11 12 4
13 17 1
16 19 3
6 9 2
0 1 3
1 3 2
10 13 2
6 8 4
7 11 1
14 18 4
1 4 4
1 4 1
9 14 3
4 6 2
8 12 2
10 12 3
6 10 3
11 12 4
15 18 2
10 14 1
22 0 1
10 12 1
20 23 2
4 7 1
12 14 4
7 10 3
23 3 1
3 7 1
11 14 4
18 21 1
12 15 4
19 22 1
19 21 2
18 21 2
5 8 3
12 16 2
0 2 3
3 7 1
13 15 1
11 13 3
0 4 2
12 13 3
20 0 1
3 6 4
15 20 1
21 0 3
12 15 1
18 22 1
3 5 4
19 23 4
21 23 2
14 17 1
14 16 3
3 6 4
17 19 3
11 14 1
14 17 1
14 17 2
21 0 2
17 21 4
12 16 4
15 17 2
0 4 2
16 19 3
3 6 4
10 12 4
13 16 4
5 8 1
9 11 2
16 19 3
21 0 4
19 21 1
5 6 2
6 9 2
14 17 4
21 23 2
21 0 4
12 16 2
12 14 4
8 13 4
23 4 3
9 12 1
16 20 2
18 21 2
20 23 4
18 23 4
10 13 4
9 12 2
22 0 3
15 18 3
14 18 2
12 16 4
15 19 3
19 22 2
16 18 3
17 20 4
11 14 3
5 7 2
22 0 2
6 10 2
16 19 2
8 11 3
23 3 1
17 21 1
12 14 2
16 20 1
3 5 1
6 9 2
20 23 3
6 8 2
2 6 1
4 7 4
0 4 4
22 3 3
13 18 1
3 6 3
7 10 4
3 6 4
3 5 4
12 14 1
16 19 3
15 20 3
16 19 2
0 3 3
22 1 2
13 16 4
9 11 3
4 8 4
13 17 2
5 9 4
7 11 3
10 13 4
22 1 3
15 17 2
18 0 2
18 21 1
14 17 2
3 6 2
7 10 3
15 19 4
3 7 4
5 9 1
17 21 2
5 8 1
15 20 1
19 23 3
2 5 2
19 21 1
3 6 4
19 23 4
2 4 2
14 17 1
15 19 2
7 12 2
16 19 1
22 22 1
22 3 3
14 17 1
2 5 2
17 21 1
11 11 1
18 22 2
0 2 1
7 9 2
21 23 3
16 19 1
18 21 1
14 19 3
0 3 3
10 11 3
6 9 2
14 17 2
14 15 1
15 16 1
0 3 3
11 13 3
16 21 3
23 3 1
1 6 3
16 19 3
20 23 3
21 23 2
10 13 4
7 10 1
22 2 2
5 7 1
1 4 3
14 16 3
6 9 2
14 18 3
10 13 4
0 3 1
11 17 2
21 1 2
1 5 2
18 21 3
20 23 4
15 21 4
16 18 2
12 16 4
6 10 1
14 17 1
21 23 1
21 1 2
15 18 4
16 18 4
22 0 4
0 4 3
5 9 4
5 9 3
15 18 4
8 12 1
20 23 3
8 11 4
17 21 1
0 2 1
21 0 4
8 10 2
20 22 1
17 20 4
13 17 1
10 14 4
20 23 3
10 13 2
17 21 3
12 16 2
23 2 4
2 6 2
5 7 4
2 3 4
3 6 1
9 11 2
15 17 1
12 15 2
23 2 3
12 16 2
11 14 2
7 11 4
19 1 2
15 18 3
20 22 1
13 15 4
10 14 2
9 12 3
21 0 2
9 13 1
13 16 4
16 18 4
8 11 1
23 3 3
23 3 3
0 3 3
0 3 1
15 17 3
23 3 4
7 9 4
20 23 4
9 13 4
20 0 1
13 16 1
11 14 2
23 3 4
16 20 2
8 10 1
7 11 3
16 17 3
3 7 1
15 18 1
19 22 1
5 7 2
16 20 3
4 7 4
22 2 4
1 4 3
6 8 3
6 9 2
2 6 2
17 21 2
20 23 2
0 4 1
3 5 1
23 2 2
16 17 2
4 7 1
5 8 3
21 0 1
1 4 3
10 11 3
23 2 3
7 9 4
8 11 3
16 20 3
1 4 2
4 9 1
11 15 3
19 22 3
21 0 1
0 4 4
4 6 3
3 6 2
16 19 1
2 5 1
23 1 2
14 16 1
19 23 4
13 17 3
5 7 2
2 5 2
0 3 2
5 7 1
10 11 1
22 1 4
16 19 4
11 16 3
9 12 3
9 12 4
3 7 3
4 8 1
10 14 1
2 7 4
5 9 4
10 10 4
7 9 1
2 5 2
0 2 2
12 15 1
5 9 1
10 13 2
8 12 1
15 17 3
13 15 4
15 19 3
4 5 3
18 23 3
1 4 4
14 18 2
12 15 3
7 11 3
2 4 4
22 23 4
16 20 1
10 13 4
1 4 2
13 15 3
22 2 4
17 20 1
18 22 2
13 16 3
16 19 2
5 8 1
5 8 4
10 12 2
21 0 3
5 9 2
17 20 1
9 14 3
6 9 2
5 8 3
3 7 1
8 11 2
10 11 1
22 2 1
14 18 2
22 0 1
17 20 4
6 11 1
3 6 2
4 7 1
0 3 4
20 22 4
10 14 2
18 21 4
2 5 4
9 10 3
21 1 1
10 13 3
10 13 2
1 5 3
1 4 4
22 1 4
0 3 2
9 14 3
8 13 3
5 6 1
0 2 2
3 4 4
9 11 1
13 16 4
6 11 3
22 1 1
14 16 4
5 9 1
5 7 1
22 2 3
9 14 3
8 11 4
21 0 1
19 22 3
0 4 1
17 20 2
7 10 2
16 18 4
2 5 2
3 8 3
4 7 3
11 16 2
5 6 3
1 5 1
20 23 1
12 14 3
9 13 4
3 5 4
5 8 3
12 14 3
12 15 4
8 11 1
9 12 3
9 12 4
16 17 4
14 16 4
0 3 3
13 15 3
15 16 2
7 11 3
17 19 2
18 21 3
0 3 3
9 12 2
1 3 2
4 6 4
13 16 4
22 1 1
6 8 2
20 22 4
5 9 3
11 14 2
14 15 4
21 0 2
9 12 4
21 23 1
16 17 4
0 3 4
3 5 4
3 6 3
21 23 1
5 7 1
18 20 2
13 17 3
7 8 4
8 12 4
10 14 1
6 9 3
20 23 1
7 10 3
15 18 3
1 4 1
1 4 4
19 22 3
11 15 4
3 7 3
6 7 3
9 12 2
0 5 3
14 17 3
15 19 1
16 21 3
2 4 2
22 2 2
12 15 1
10 13 3
16 18 2
17 21 4
19 22 3
4 8 3
19 0 1
11 16 4
12 16 3
4 8 1
8 12 2
5 8 4
13 17 2
15 19 1
19 23 4
13 18 2
22 1 1
11 14 3
0 4 2
1 5 4
9 11 3
7 10 3
7 10 4
13 17 1
8 12 3
16 19 2
20 22 1
2 5 1
10 13 4
13 16 4
9 12 4
8 11 3
19 21 3
14 18 4
10 15 4
5 7 4
18 20 4
6 7 2
14 17 4
6 8 4
12 16 1
5 8 1
1 4 4
23 5 3
15 17 1
5 8 3
7 12 4
9 12 4
9 11 4
19 20 3
6 8 4
19 21 4
7 10 3
21 0 2
23 1 4
7 10 4
2 6 2
7 9 4
21 0 1
7 10 4
22 1 4
5 6 1
20 22 2
6 10 4
16 19 1
10 12 1
19 22 4
8 10 3
11 17 2
7 9 1
7 8 1
16 19 3
21 22 4
23 2 2
3 4 2
4 6 2
10 14 3
15 19 4
10 13 1
22 2 3
3 9 1
4 6 3
12 15 2
10 12 4
21 0 1
22 2 4
