1150 15
6 10 9 8 9 6 10 2 2 3 1 5 4 3 5 
17 20 9
3 6 13
2 5 6
8 13 3
4 8 14
5 9 10
12 14 5
1 3 5
8 12 7
16 19 14
1 5 7
15 18 8
22 1 6
18 22 8
1 5 8
19 22 7
1 3 8
8 10 2
19 23 13
6 9 5
17 21 1
6 10 10
9 12 2
18 22 5
2 6 11
2 6 4
4 8 2
14 17 5
23 2 5
5 6 15
2 3 14
1 4 3
18 21 9
1 4 8
8 12 1
19 22 6
9 11 7
3 7 8
5 9 6
19 21 3
20 23 5
12 15 13
16 20 1
13 16 6
5 8 3
12 14 6
3 7 7
13 16 12
12 15 6
8 10 12
11 14 8
23 0 1
19 23 15
11 13 14
0 4 7
23 2 8
23 2 15
11 15 12
22 1 10
8 12 6
19 23 4
3 6 7
22 1 5
12 13 3
22 2 5
12 14 2
0 5 5
21 0 11
1 7 2
7 10 15
23 2 12
11 14 14
23 2 5
4 6 7
2 6 1
0 3 5
19 22 13
22 1 3
7 10 8
8 11 10
12 15 14
9 10 3
12 16 15
4 6 9
21 1 10
23 2 5
18 19 14
22 2 4
1 4 2
3 6 7
10 12 12
0 2 14
1 5 3
18 22 1
3 7 6
12 15 11
6 8 6
21 23 1
22 0 11
21 0 5
17 22 14
4 7 4
16 20 2
2 6 7
11 14 3
19 21 11
19 22 4
8 13 10
6 8 5
11 14 15
7 10 13
5 9 11
0 4 4
1 3 2
4 7 7
4 6 9
1 5 14
16 20 10
5 9 7
2 4 14
13 15 6
18 22 10
16 21 5
7 10 4
8 11 10
7 8 3
1 7 11
13 15 1
9 14 15
6 9 8
23 1 12
18 23 13
19 23 11
7 10 7
4 7 5
9 11 7
11 16 10
19 23 6
17 20 6
4 7 4
4 8 5
3 4 5
14 17 5
0 1 8
9 13 8
15 16 15
16 20 3
9 11 14
5 7 4
22 1 2
8 9 10
14 17 8
9 13 7
12 15 14
5 9 15
9 14 2
17 22 13
12 13 1
22 2 10
11 13 3
18 21 14
8 11 10
16 19 1
1 5 10
11 14 11
13 16 7
20 23 15
4 6 5
21 0 5
19 23 13
1 4 5
4 8 14
10 12 7
8 11 6
19 20 2
7 11 6
4 8 9
5 8 1
19 22 13
2 6 15
20 23 11
9 11 14
20 0 10
18 20 15
13 18 11
23 3 7
9 12 14
18 20 2
16 19 7
18 21 5
9 12 14
18 20 7
10 14 6
21 0 10
8 10 10
2 4 9
17 21 6
7 9 11
21 1 5
7 11 9
11 14 7
8 12 14
1 5 4
5 8 13
9 11 14
0 2 2
12 15 2
8 12 2
6 11 3
22 2 5
16 20 12
16 20 3
12 15 12
16 18 7
12 15 15
22 0 12
10 14 3
4 9 12
13 17 14
11 13 6
5 8 14
7 11 13
22 1 9
13 17 12
18 22 15
9 12 15
1 5 10
19 22 6
15 17 1
16 20 14
12 14 2
8 12 11
10 11 10
2 4 14
3 4 14
9 11 6
13 17 7
6 10 8
11 14 13
21 0 11
12 16 15
16 20 2
9 12 6
1 5 3
19 23 10
5 8 8
14 17 9
23 23 4
14 19 12
12 15 5
0 3 14
0 3 13
22 0 13
2 4 11
19 22 11
0 3 2
2 4 6
11 14 12
3 6 3
7 9 10
18 21 9
18 22 6
0 4 10
21 0 11
19 0 15
5 8 13
5 7 4
14 18 6
20 23 7
14 17 13
0 3 10
22 2 9
1 4 12
0 3 8
6 10 2
15 19 10
7 10 4
1 3 2
2 4 10
10 13 3
14 16 12
0 4 2
8 10 11
19 23 2
15 16 14
8 10 4
8 10 7
17 21 9
13 16 2
8 10 4
22 1 6
6 9 9
7 9 2
22 1 7
15 18 2
11 15 5
21 23 14
20 22 13
3 6 8
8 9 12
2 6 6
3 6 13
22 0 4
2 4 12
12 15 10
2 6 14
22 0 11
3 6 13
2 4 6
10 13 8
22 0 6
16 19 5
15 20 9
3 5 3
17 20 1
19 22 5
0 3 4
3 7 5
12 13 6
19 23 11
0 3 9
2 6 8
7 11 11
11 14 11
16 18 3
19 22 4
9 13 10
9 12 5
5 7 7
4 8 9
23 2 8
22 0 13
14 16 1
22 2 9
0 1 14
4 8 8
13 16 2
21 0 12
8 12 5
20 22 6
2 5 11
13 16 15
8 9 8
9 11 15
6 9 2
13 16 3
9 13 4
23 2 2
13 15 2
6 8 15
9 12 6
21 0 1
6 9 8
15 17 4
2 6 15
5 8 4
1 5 7
21 0 10
22 0 6
10 11 13
4 7 1
14 19 10
12 16 6
2 5 4
2 5 1
21 23 13
8 11 7
21 23 9
19 22 10
16 19 3
0 3 1
6 10 15
15 18 11
12 15 6
6 9 9
10 13 6
10 10 15
3 7 15
4 7 15
16 18 8
20 22 11
4 6 1
14 17 13
18 22 7
23 2 8
2 6 1
3 5 2
10 15 2
16 20 11
1 5 11
15 18 4
20 23 13
13 15 6
8 10 1
6 9 8
3 7 12
12 15 12
5 6 7
22 2 15
19 22 1
16 18 4
21 23 6
12 16 11
4 9 6
4 6 5
9 11 3
13 17 1
9 11 11
12 17 2
16 20 5
19 23 8
17 21 9
13 17 14
16 16 1
6 9 5
11 15 3
14 16 13
14 17 4
2 7 9
22 1 11
14 17 5
0 3 4
6 9 11
9 14 11
14 17 3
1 2 4
11 13 14
5 8 3
8 10 11
7 10 15
17 22 11
10 13 4
17 18 8
5 10 5
14 17 4
13 17 13
22 1 5
16 18 7
8 8 7
21 0 12
13 16 5
7 9 7
5 8 4
18 21 10
17 22 6
1 4 9
1 3 3
17 19 15
15 18 9
0 4 10
11 14 12
15 18 14
12 16 6
2 5 14
18 20 2
18 20 11
0 1 15
1 5 10
13 16 1
15 18 10
7 9 1
16 19 10
0 3 7
1 2 9
5 8 14
0 3 4
14 17 5
11 14 5
1 4 11
15 17 1
14 19 12
15 19 2
5 9 1
23 2 2
17 21 15
1 4 8
9 13 8
10 15 15
6 9 6
23 4 9
19 22 10
7 11 14
20 0 15
5 7 4
14 17 8
3 7 5
13 17 5
7 11 2
18 20 3
17 21 3
8 9 6
6 9 3
6 11 13
12 17 9
18 20 13
4 6 14
14 17 7
11 14 11
16 18 4
1 2 2
4 7 14
10 14 15
8 10 3
0 4 14
20 23 5
7 10 1
14 16 7
12 15 15
5 7 10
14 17 9
7 11 3
4 8 14
0 4 10
0 3 13
9 13 2
17 20 13
11 15 3
17 19 9
18 22 1
12 14 15
22 2 8
11 14 2
4 8 1
3 8 13
3 7 2
0 4 6
2 5 6
14 17 11
7 10 9
19 22 7
9 12 6
22 1 1
21 23 12
10 12 15
3 6 7
10 14 10
21 23 11
11 15 2
6 9 13
21 1 2
12 15 1
16 19 1
17 19 14
1 4 8
8 13 1
12 16 3
2 4 11
13 16 2
5 9 4
0 4 6
1 4 10
5 7 1
1 4 6
10 14 4
17 20 9
6 9 15
19 21 10
15 18 1
4 6 5
4 6 11
18 22 7
2 3 12
0 4 3
21 23 12
17 18 7
11 14 2
2 6 15
13 16 8
13 15 5
20 22 6
18 20 13
22 1 15
20 0 8
11 14 10
3 4 1
18 20 3
23 2 10
21 23 4
20 0 8
3 6 15
21 0 3
6 10 6
19 21 13
22 23 11
5 9 15
2 6 11
4 7 5
2 6 11
12 15 7
9 12 3
14 16 7
6 8 13
17 19 10
17 21 15
19 22 4
0 3 12
22 1 2
0 2 5
11 16 3
6 9 8
21 23 2
7 11 4
10 14 3
7 9 15
3 6 8
10 13 13
22 1 14
20 23 14
12 16 8
22 1 15
0 4 3
17 21 10
20 23 5
22 4 2
15 17 8
12 14 5
8 11 13
4 6 9
16 19 11
8 10 10
6 8 6
17 19 14
10 13 7
1 5 15
20 0 12
12 15 2
21 0 7
0 1 14
7 9 1
2 5 11
8 11 5
4 7 2
23 3 13
14 15 9
4 7 11
9 13 15
22 1 7
17 20 11
8 11 10
10 12 4
7 11 3
11 14 3
19 22 5
9 13 6
11 14 9
16 19 3
3 5 14
14 17 7
21 1 5
2 6 10
22 2 6
19 0 4
15 17 4
0 3 10
17 18 10
11 15 10
13 18 4
12 14 15
5 7 7
5 8 4
12 15 11
2 6 10
23 1 10
13 15 13
1 4 14
15 16 4
7 9 11
4 9 8
21 1 10
5 8 11
12 15 12
14 16 3
12 15 10
7 12 4
12 15 1
16 20 9
6 9 11
21 23 11
9 12 5
20 22 3
14 17 3
4 6 2
2 6 10
2 5 4
3 6 2
9 12 11
13 18 14
9 13 3
5 8 11
0 2 6
20 22 7
4 6 12
15 19 5
6 9 10
23 1 6
2 4 9
15 19 3
5 9 15
19 22 10
0 2 14
0 2 1
21 0 4
18 20 11
20 23 10
5 8 12
13 16 4
4 8 4
11 14 3
11 14 7
5 8 12
0 2 14
8 10 9
2 7 5
18 0 8
8 11 14
12 16 7
0 3 5
14 18 5
5 8 7
8 11 3
17 17 11
21 1 6
22 1 1
10 13 13
16 20 12
0 2 2
3 7 13
19 0 4
18 21 11
6 8 10
8 11 10
13 17 6
11 15 2
8 11 7
13 15 15
1 4 8
4 7 14
0 3 9
4 9 4
5 7 1
10 13 7
21 2 1
22 2 5
14 17 12
21 2 13
20 22 8
7 10 8
16 18 4
2 3 11
15 18 7
7 10 10
19 21 1
23 2 15
22 3 14
2 4 2
12 16 1
11 14 10
1 4 5
17 21 8
21 0 6
16 19 13
23 3 15
16 19 1
16 18 3
14 19 14
23 1 6
17 22 10
2 6 7
19 21 8
14 18 2
12 14 6
1 4 12
16 19 7
4 8 5
23 5 5
13 15 5
23 4 15
11 13 9
17 19 8
3 7 1
16 20 13
0 0 8
14 15 14
14 18 5
0 2 11
0 2 1
10 13 8
0 2 2
23 3 14
22 2 12
9 10 14
11 14 14
1 2 13
5 7 2
2 6 13
1 3 15
1 5 1
19 22 7
22 1 4
8 13 10
8 11 11
3 6 1
20 23 15
10 12 14
12 14 11
22 1 8
2 4 3
21 0 13
12 15 13
5 8 1
19 23 7
14 17 2
8 11 9
5 9 13
13 18 1
17 20 3
3 7 3
11 14 12
10 13 10
17 21 5
21 23 10
3 6 1
10 12 9
2 6 14
8 12 7
17 21 3
3 6 5
1 3 10
13 17 13
10 15 15
16 20 14
5 9 10
6 8 9
19 21 12
10 13 12
7 10 1
18 22 2
2 5 9
0 2 4
22 1 1
9 12 15
3 7 15
15 18 9
2 4 1
19 21 9
4 7 13
3 5 12
23 2 11
7 10 12
19 23 12
12 14 3
7 8 3
9 13 14
11 14 5
15 18 11
0 4 10
12 14 11
16 19 11
11 13 2
9 11 11
23 2 9
22 1 2
3 8 10
3 6 12
12 14 15
15 18 4
20 23 10
5 8 5
12 13 14
11 16 9
21 22 14
12 16 3
23 3 6
8 12 13
19 21 10
13 15 2
23 4 9
6 9 9
4 9 3
5 7 4
13 16 12
16 19 8
2 7 4
8 11 13
9 13 10
13 16 1
20 1 13
20 1 6
15 19 9
15 16 15
7 9 7
18 22 11
10 13 9
8 10 2
1 2 10
9 12 10
16 18 5
18 23 3
11 14 11
12 14 13
1 4 13
7 10 1
18 20 8
17 19 2
3 6 11
11 13 9
23 0 8
3 7 13
20 23 12
10 13 4
4 8 12
14 17 5
1 3 11
4 8 12
14 17 8
21 1 4
19 21 12
1 4 15
19 21 5
2 5 11
3 5 8
3 6 14
14 16 14
4 8 14
3 6 3
7 10 9
1 6 8
10 14 4
8 10 7
17 21 8
23 1 6
19 22 15
0 3 3
19 21 3
6 10 8
19 23 1
15 18 6
9 12 13
4 6 10
16 18 2
13 15 9
19 23 1
1 4 6
1 5 5
0 3 10
15 19 8
21 0 7
16 20 8
18 19 8
0 3 9
20 1 11
11 15 10
11 13 12
9 13 15
21 0 8
16 18 7
2 6 9
15 19 2
22 0 8
9 12 9
3 6 15
23 3 6
10 13 14
13 14 3
23 2 14
18 20 1
15 18 15
12 16 12
18 21 9
14 18 9
23 2 12
20 22 7
16 20 1
13 16 10
8 11 8
7 10 13
11 15 7
17 20 9
23 3 9
5 8 1
0 3 8
13 18 13
10 10 12
2 4 3
13 16 12
1 3 1
22 0 2
9 13 6
3 6 9
2 6 15
7 11 1
6 9 15
4 6 4
11 13 8
8 11 9
4 6 5
23 3 8
18 20 4
23 1 3
16 19 6
19 23 2
4 8 3
11 15 9
2 5 15
7 8 7
18 23 11
18 21 13
2 4 1
15 18 13
18 21 3
0 4 8
18 22 15
9 11 9
20 23 6
13 17 7
19 23 1
7 11 1
11 14 12
23 3 9
1 5 5
14 16 13
16 19 4
15 17 13
9 13 5
6 10 3
16 18 7
4 8 7
0 3 9
20 0 4
0 6 3
23 1 1
15 19 14
10 12 7
22 1 15
10 14 12
5 8 12
3 6 8
23 2 13
17 21 10
7 11 6
19 21 3
14 18 11
15 18 14
0 3 14
7 9 14
14 18 2
8 9 9
9 11 14
12 16 15
2 4 8
20 22 1
4 6 9
7 11 7
18 21 12
20 0 12
13 17 15
5 6 8
17 22 5
21 1 2
23 3 7
17 21 9
3 7 3
16 19 8
15 19 12
1 5 10
20 0 9
13 17 13
10 14 6
2 6 8
19 22 1
15 19 8
20 20 3
0 3 13
16 20 11
22 1 9
3 6 12
11 15 2
1 2 6
15 19 7
17 19 10
2 5 1
11 12 8
18 20 2
0 4 15
14 15 4
10 12 14
19 21 6
6 10 13
23 5 11
11 14 14
17 20 13
9 10 1
21 22 10
16 19 5
18 22 10
22 1 5
2 6 15
7 10 9
6 9 15
2 5 15
5 9 11
17 22 9
6 8 12
3 5 7
13 16 4
12 13 1
1 3 2
20 0 2
15 17 10
22 2 6
4 7 5
22 1 2
10 12 10
20 23 15
22 3 13
15 18 13
19 21 10
3 4 11
4 8 12
23 2 10
0 4 2
9 11 8
0 3 8
0 2 5
1 4 1
16 19 13
15 17 2
8 9 5
18 20 5
0 4 13
1 5 2
1 4 5
16 19 4
18 21 9
6 9 1
18 21 8
1 4 6
6 9 13
19 21 9
10 12 10
6 9 5
17 21 10
18 20 10
15 18 4
19 22 13
11 14 13
17 19 1
16 19 2
5 8 1
11 14 10
