1000 18
8 9 1 10 2 9 6 10 10 10 8 1 10 2 8 1 3 10 
21 0 17
16 20 4
15 19 9
8 12 17
6 9 9
15 17 12
1 5 18
6 9 2
0 2 13
19 20 2
3 7 12
20 23 9
10 13 10
17 22 9
1 4 4
3 7 13
4 7 16
23 2 17
9 13 7
7 9 13
7 9 14
23 2 10
21 23 14
8 11 13
13 16 3
17 18 14
8 11 11
6 10 13
7 9 15
6 9 2
3 5 14
19 21 5
14 18 18
2 5 17
4 8 16
6 8 8
21 1 1
9 12 17
17 20 2
12 16 12
16 21 13
22 0 8
23 1 14
5 7 18
22 3 10
15 18 9
14 17 5
1 3 18
18 20 11
8 11 9
18 21 11
21 0 15
12 15 7
16 19 10
4 7 2
20 23 10
9 12 11
15 17 13
10 12 3
23 2 11
13 16 12
14 16 4
3 4 18
18 22 18
2 5 6
22 1 1
10 12 13
16 17 1
19 21 7
16 19 2
15 17 6
8 10 15
8 9 13
17 20 4
6 8 6
16 18 17
12 15 8
15 18 2
16 19 11
9 13 15
13 16 9
9 12 10
6 9 17
16 19 4
0 1 4
2 4 18
0 3 10
0 2 2
20 23 7
9 12 9
3 6 14
21 22 12
19 22 8
10 13 13
18 20 16
17 21 12
21 23 14
2 7 5
3 7 17
21 2 18
3 8 13
23 2 4
19 23 3
5 7 16
4 8 12
23 2 4
13 16 9
17 20 11
10 13 2
17 18 13
19 0 15
15 19 10
18 21 6
22 1 7
17 20 12
0 1 10
0 2 9
6 9 8
6 8 18
7 11 7
16 19 13
4 8 10
20 22 18
11 12 7
8 12 12
8 10 8
2 4 16
8 10 1
17 21 9
9 12 18
12 16 11
0 4 8
17 19 3
7 10 13
9 11 3
2 6 11
8 12 5
9 11 5
1 4 4
8 11 5
23 2 4
23 3 10
22 0 4
20 22 4
10 13 17
9 10 14
16 19 5
11 14 12
23 3 16
22 2 4
13 15 5
16 20 2
14 19 13
0 3 8
11 15 14
19 23 3
8 9 2
5 7 9
3 8 12
12 15 17
8 10 1
23 2 14
18 19 15
13 16 8
10 14 13
20 22 12
0 2 4
22 0 9
4 8 1
9 13 15
1 6 14
5 8 18
3 6 7
6 8 3
22 1 10
20 23 8
17 18 8
8 9 13
17 19 3
10 14 3
7 10 13
18 21 5
16 19 10
0 2 8
11 14 6
2 4 13
15 17 9
16 20 15
7 10 16
13 16 13
1 6 15
12 16 6
0 3 17
2 5 8
6 10 2
3 4 4
17 21 6
6 8 13
22 1 9
2 6 1
16 19 17
2 7 7
16 20 15
4 7 13
8 11 17
21 3 12
4 5 3
12 14 4
14 16 6
22 1 12
11 15 16
23 1 16
22 3 9
16 20 2
14 17 4
11 14 18
18 21 1
8 11 7
2 4 3
5 8 6
21 0 10
20 21 7
1 4 9
13 16 2
21 1 16
18 20 11
23 2 10
4 6 13
18 21 5
19 21 4
1 4 10
3 5 9
18 19 16
23 1 16
14 17 5
13 18 7
11 14 11
8 12 17
20 23 3
7 11 7
20 22 14
22 3 14
6 8 8
14 17 17
22 0 7
6 8 18
2 4 15
12 16 7
0 3 14
8 12 13
15 19 7
14 17 5
13 15 8
2 3 13
22 1 2
5 8 14
7 10 6
20 0 15
1 4 7
5 8 16
4 9 15
1 5 12
13 16 14
14 17 1
14 17 7
2 5 9
4 7 14
19 21 16
10 13 17
17 18 15
17 20 14
22 3 11
5 8 5
23 3 10
21 1 11
5 9 11
14 18 13
5 8 7
23 4 2
10 13 13
19 23 18
6 9 12
15 17 4
22 1 9
0 3 3
8 11 16
20 23 3
18 19 14
5 10 13
12 16 13
7 10 8
1 3 18
10 14 9
7 12 12
11 14 17
17 19 16
10 14 16
16 18 17
2 5 5
0 5 8
6 8 5
14 17 15
20 22 4
3 8 14
8 10 17
10 13 8
13 17 1
10 12 10
0 4 15
2 6 2
10 12 1
3 7 7
22 1 1
23 2 11
7 10 18
1 6 13
19 22 7
8 10 1
23 0 18
6 11 11
10 12 18
13 16 10
13 17 10
21 0 17
15 20 10
13 17 3
7 10 9
19 20 10
8 11 6
4 6 6
3 6 18
2 5 6
7 9 3
18 22 7
14 15 5
6 8 9
5 8 10
13 16 6
19 21 3
22 1 12
7 9 9
11 15 11
9 13 15
9 12 13
15 17 4
3 8 16
10 14 11
12 13 17
18 22 6
10 13 8
3 7 6
10 12 6
15 17 16
5 8 7
4 7 3
7 12 1
17 21 4
23 3 4
22 0 1
3 5 11
12 15 10
4 6 15
3 6 15
23 2 4
17 19 8
6 9 13
12 17 12
15 18 9
9 12 11
11 13 12
1 4 7
4 6 13
12 15 18
7 8 9
3 6 4
16 19 17
8 11 12
12 15 10
9 12 4
7 11 1
13 17 10
7 10 18
16 19 3
20 23 7
0 3 16
0 2 14
13 17 11
5 7 7
2 5 8
2 4 8
20 1 7
18 21 14
13 16 11
23 3 8
16 19 1
13 15 8
7 8 14
5 7 12
1 3 8
20 23 2
0 3 4
21 1 16
12 16 9
23 1 16
13 17 10
3 6 4
20 23 16
5 10 16
7 10 3
7 11 12
7 10 10
9 12 12
19 21 12
11 15 10
0 3 5
17 20 5
19 21 7
12 13 10
1 6 8
3 7 1
23 2 11
8 12 8
1 4 1
13 17 17
7 11 15
16 18 5
15 18 12
11 15 9
17 19 10
23 2 13
10 11 7
7 10 18
15 16 16
13 17 11
20 22 14
11 15 1
16 20 10
13 18 1
5 8 1
19 21 18
4 8 3
13 15 13
3 6 7
15 19 8
12 13 11
5 8 4
2 4 14
4 9 17
3 6 1
13 17 8
22 1 12
21 1 10
2 5 4
19 19 10
12 14 6
9 11 9
19 23 15
7 9 18
4 7 15
6 9 12
2 3 15
8 10 10
6 9 17
14 16 9
2 6 3
21 1 11
5 7 16
19 22 11
23 1 18
6 8 2
2 5 11
2 7 3
15 17 10
1 5 2
20 2 15
10 12 7
6 9 12
3 5 4
19 21 13
16 20 3
2 6 15
10 13 1
18 23 4
13 17 15
22 2 3
3 6 4
1 3 5
7 10 16
23 4 6
6 9 15
23 2 10
5 7 9
18 22 17
23 0 12
5 8 13
4 6 12
10 13 3
19 1 6
22 1 5
18 20 6
15 18 2
5 9 16
7 10 9
0 2 5
14 17 5
14 17 6
19 23 18
23 0 5
20 22 5
5 8 14
18 21 8
17 20 9
22 1 16
14 20 5
4 9 3
10 12 16
17 21 16
18 21 1
23 3 12
6 8 9
5 7 10
14 17 7
5 7 7
22 2 6
0 3 5
1 5 8
1 4 15
9 12 9
17 21 13
10 14 12
15 16 15
10 13 10
16 20 5
1 3 7
8 9 10
18 20 14
16 19 1
8 11 15
10 13 2
4 6 9
13 15 18
13 14 4
17 20 14
0 3 1
9 12 15
7 11 6
4 7 1
18 21 13
14 18 13
11 14 4
3 5 5
5 8 7
10 15 4
7 12 6
23 4 3
11 14 1
18 21 18
16 19 16
11 14 10
21 0 7
20 0 9
18 22 4
15 17 9
5 9 9
1 4 16
22 2 6
9 14 10
18 22 2
7 9 13
12 14 4
9 12 8
7 11 6
4 7 11
15 17 16
15 19 12
14 18 12
6 8 2
17 20 2
0 2 11
8 10 7
9 12 3
14 15 17
22 2 4
1 4 12
2 5 8
8 13 11
18 21 7
19 0 16
21 0 7
18 21 2
23 2 10
22 1 14
14 18 3
21 21 6
8 10 7
8 11 11
23 0 7
6 9 2
17 19 8
13 17 3
2 6 15
9 11 12
18 22 8
16 19 4
11 14 14
5 8 4
20 0 7
2 6 7
21 23 16
16 19 7
22 0 5
23 3 15
13 17 10
21 23 4
3 8 5
22 2 15
5 9 10
16 18 16
15 19 8
2 6 6
11 14 16
1 3 10
21 0 5
20 0 2
22 1 17
3 7 10
9 11 3
19 22 1
5 8 1
2 6 14
5 9 10
3 5 12
6 9 7
9 10 3
5 8 14
6 7 4
11 13 18
7 9 12
22 1 6
9 13 10
13 17 11
10 13 8
2 4 9
9 13 1
14 19 5
0 3 12
23 1 12
23 0 13
19 21 18
17 19 13
10 13 13
4 5 8
13 15 16
18 22 10
4 6 15
13 16 7
4 6 10
22 1 2
21 0 10
16 19 18
5 6 14
2 5 4
17 20 10
23 4 16
18 20 11
6 9 1
7 10 4
19 21 9
0 2 3
4 6 8
22 0 2
19 21 4
21 23 13
6 7 2
21 1 17
5 9 7
3 7 10
8 11 5
10 15 2
2 4 5
3 4 10
6 10 6
22 0 7
0 2 17
8 11 17
11 15 3
18 21 15
18 20 12
9 14 5
15 16 1
10 13 16
16 18 17
23 3 3
17 20 13
16 19 9
0 1 10
23 0 16
11 11 12
20 23 2
22 0 16
0 3 7
10 14 2
16 20 14
15 20 10
1 3 3
1 6 10
18 21 1
2 5 9
14 17 18
2 6 10
0 4 10
21 0 7
20 22 3
3 7 15
23 2 9
1 4 10
10 14 5
11 13 17
22 3 5
5 9 11
7 11 11
4 8 3
23 0 11
14 19 11
23 2 12
3 6 6
5 9 14
11 14 9
13 16 9
20 22 13
8 12 5
16 19 8
17 20 11
3 7 17
8 10 11
15 18 5
5 8 18
21 23 6
2 2 7
21 23 1
21 1 13
17 20 10
13 18 1
10 14 7
2 4 1
12 15 18
18 22 17
16 18 3
15 17 3
13 17 1
11 16 13
10 12 10
8 11 3
2 3 7
17 19 13
6 12 10
0 4 6
20 0 7
15 18 13
3 4 16
13 18 4
19 22 12
15 18 11
22 2 18
15 18 15
18 20 4
8 10 6
9 12 13
11 14 3
1 3 16
13 16 8
11 14 2
19 22 18
10 13 2
4 7 16
15 19 15
9 14 5
19 0 6
5 10 5
11 15 10
1 3 18
15 18 16
4 6 18
3 6 14
17 19 8
8 10 3
20 23 12
11 14 3
8 10 14
6 9 9
17 20 17
18 21 13
16 18 6
18 22 14
4 8 11
6 7 6
20 0 9
17 20 16
4 8 2
2 5 4
8 11 3
7 8 12
5 8 4
23 1 17
1 3 18
14 18 4
2 7 4
2 5 13
9 10 8
22 3 9
9 11 1
1 3 15
1 4 6
1 5 17
4 8 10
12 13 5
4 6 5
14 15 10
17 21 12
5 8 8
5 9 12
16 19 10
11 13 1
18 21 2
16 21 1
22 1 3
5 10 12
21 23 16
10 11 16
4 7 9
19 21 2
0 3 1
0 2 4
22 0 1
20 22 8
15 18 13
8 10 3
9 13 13
0 1 18
3 5 1
6 9 17
1 4 9
10 12 11
19 22 14
10 11 14
0 2 10
21 0 8
17 19 4
5 7 5
13 17 12
8 10 14
8 12 6
10 13 18
23 1 10
14 16 12
17 20 12
4 8 14
3 7 11
11 14 14
9 12 18
13 15 9
10 12 10
18 21 13
11 14 14
1 4 10
23 1 15
15 19 2
4 7 8
11 15 10
15 18 18
16 19 17
18 21 9
5 8 16
0 1 17
8 11 6
2 6 8
10 13 16
11 15 18
7 10 17
1 2 16
22 1 17
16 19 4
11 14 18
10 13 3
12 15 2
14 16 17
12 16 4
3 6 2
17 18 9
9 11 13
3 5 14
20 0 3
20 0 9
6 10 17
8 12 2
7 11 14
22 2 6
18 21 5
0 2 5
9 13 12
14 16 13
5 9 6
4 7 2
0 3 9
12 15 12
7 10 11
16 19 10
8 10 16
23 2 18
21 23 3
1 5 5
13 17 10
12 15 9
4 7 13
12 16 3
3 7 9
5 10 5
13 15 10
13 15 6
21 0 6
13 17 8
14 16 13
6 10 17
13 13 16
18 20 11
21 1 6
17 20 17
14 19 2
22 23 17
8 12 8
9 13 4
9 12 10
21 1 2
17 19 15
16 20 15
4 8 18
8 11 18
1 5 15
22 22 12
1 4 8
19 21 8
3 5 6
12 15 10
15 18 7
14 16 3
1 2 7
20 22 5
16 18 4
5 7 16
17 21 12
1 5 16
2 5 18
20 23 1
7 12 16
16 18 15
13 17 9
14 17 1
7 11 15
11 14 8
11 14 13
14 15 5
1 2 15
7 10 15
16 19 16
23 23 16
9 13 3
8 13 5
10 12 16
20 0 17
9 10 15
13 16 1
9 11 2
15 18 3
12 16 16
1 4 2
9 12 17
13 18 16
23 0 9
7 10 9
12 16 1
19 1 14
5 8 11
15 17 5
10 13 10
20 23 4
22 0 9
0 4 12
9 14 2
18 20 2
16 19 13
4 4 7
2 3 12
18 21 4
15 18 4
17 20 4
16 20 9
0 4 13
23 2 13
23 2 14
12 14 10
