1050 13
5 6 10 5 1 6 8 9 2 7 2 9 9 
18 22 9
17 20 4
14 14 8
15 15 1
19 22 10
7 10 13
13 16 13
22 2 3
13 17 12
3 6 8
7 8 10
15 18 10
21 1 1
19 23 12
3 4 11
22 1 13
23 3 8
13 16 7
2 5 9
22 1 13
6 10 3
15 17 1
9 14 11
14 18 3
18 19 9
21 1 10
8 12 8
16 18 4
1 5 7
9 11 6
19 22 2
0 2 7
20 23 6
2 6 3
8 10 5
12 16 6
0 3 12
9 11 5
22 2 4
11 13 7
9 11 4
20 22 13
7 12 3
16 19 8
2 6 7
11 14 12
16 18 1
19 23 9
15 17 2
22 2 10
7 12 7
1 3 2
6 8 13
21 0 12
13 15 3
6 9 13
18 20 7
16 19 4
5 7 8
8 11 9
16 20 12
11 14 5
13 17 4
0 2 12
3 5 1
16 20 13
15 19 4
3 6 9
3 7 8
3 6 4
20 23 4
8 10 13
18 21 13
4 8 3
16 19 6
22 0 12
3 7 3
1 5 13
8 11 5
21 1 3
19 21 10
18 21 1
16 20 6
3 7 11
11 13 13
10 14 8
18 22 3
8 13 12
17 18 10
3 7 5
17 21 1
5 6 3
4 7 4
15 17 3
21 22 2
3 6 9
15 17 7
8 9 3
9 12 4
21 0 4
4 7 4
22 1 6
2 5 5
1 4 9
0 4 4
21 23 3
11 15 11
14 18 3
2 5 10
3 5 6
10 12 13
11 14 10
9 13 8
8 11 2
18 20 7
14 19 13
3 4 4
17 20 12
15 18 10
18 23 1
12 14 4
14 16 3
0 3 1
20 23 1
9 10 3
23 2 1
18 23 3
8 11 13
10 13 8
21 23 7
5 8 7
13 16 3
22 2 2
6 9 6
10 15 10
7 9 8
22 2 12
5 10 7
22 23 12
21 21 4
7 11 11
2 7 5
8 12 2
11 13 8
8 12 10
20 23 9
23 2 7
8 10 6
0 3 2
5 7 8
17 20 4
15 18 11
23 1 5
8 11 9
0 2 2
18 19 4
5 9 1
17 19 12
1 5 3
11 13 6
19 22 2
20 23 6
8 11 4
8 9 5
21 1 3
17 19 1
10 12 12
15 19 1
4 7 12
5 8 3
23 2 6
23 2 8
9 12 4
2 4 13
14 20 3
17 21 11
8 10 2
10 14 7
20 23 2
18 21 13
20 0 10
3 5 4
19 23 10
22 0 5
8 12 4
10 12 11
15 18 3
3 8 11
19 22 3
13 16 8
5 8 9
22 1 10
15 16 13
14 16 12
8 12 10
6 9 6
5 9 2
21 1 5
10 13 7
20 1 11
9 11 8
5 8 4
8 11 3
8 11 2
5 10 4
11 13 8
0 4 3
6 8 3
23 3 10
4 7 13
0 3 3
13 17 10
5 6 10
8 11 12
7 9 13
1 3 1
4 8 11
17 21 11
2 5 6
10 13 11
21 23 11
6 9 1
3 6 9
3 7 3
20 23 11
11 14 2
10 13 2
6 9 13
1 4 6
6 9 3
7 12 1
19 22 3
8 11 5
1 3 2
20 23 8
1 3 12
9 11 3
3 6 12
0 1 8
0 3 3
8 10 5
2 7 8
2 6 13
9 14 11
18 23 4
13 16 13
1 4 3
8 11 11
21 0 6
12 15 7
22 2 2
1 2 11
2 3 2
16 19 10
19 20 13
2 5 2
16 19 9
4 6 12
8 12 3
6 9 4
7 10 2
8 11 3
4 6 9
8 10 4
12 15 3
3 6 7
11 14 6
9 13 13
18 21 4
15 19 3
18 22 5
8 12 2
7 12 2
10 13 11
17 22 9
10 13 12
5 9 4
16 19 6
22 2 10
10 16 6
0 0 11
9 13 11
14 18 4
1 7 11
10 12 4
15 19 9
3 6 10
9 12 3
12 16 10
0 1 7
12 15 6
13 17 2
3 6 4
8 10 1
15 19 10
3 8 10
12 16 8
2 4 8
8 11 8
18 20 8
12 14 6
6 9 9
22 1 9
14 16 2
13 17 4
4 9 13
10 14 9
18 23 3
9 13 6
19 23 1
7 11 7
20 23 10
2 5 8
17 19 4
13 16 2
20 22 1
10 13 6
12 15 6
18 20 2
21 1 5
19 0 7
20 22 3
15 17 3
21 0 13
7 10 1
18 22 13
16 19 11
12 15 2
16 18 7
3 6 1
21 0 13
18 20 6
15 16 5
1 4 12
10 14 5
13 15 11
11 14 10
6 11 11
6 10 11
14 17 5
16 19 2
22 1 13
21 1 4
19 22 5
6 8 11
7 11 5
13 15 7
16 17 11
7 9 8
8 11 9
10 14 13
4 7 10
9 10 12
18 21 3
22 2 2
22 2 1
12 14 4
20 23 3
0 5 11
23 3 13
13 14 3
2 5 7
4 7 12
6 8 7
3 4 6
21 0 13
20 23 4
11 13 8
15 19 8
4 6 13
6 10 10
15 19 8
19 21 2
6 9 2
9 13 8
16 19 1
13 16 2
3 7 11
6 9 2
15 18 3
18 21 9
6 8 9
23 3 2
15 18 11
5 7 5
14 16 2
3 7 12
20 22 4
4 7 10
17 19 5
21 2 10
13 15 1
16 18 3
13 14 10
6 10 9
6 8 2
17 22 3
5 7 3
15 19 3
15 19 10
14 17 9
9 13 3
22 1 10
20 0 5
9 11 9
0 3 3
23 3 7
14 17 1
7 11 13
10 15 5
3 6 10
5 8 3
7 11 9
21 1 4
15 19 8
7 8 10
0 3 9
8 9 13
1 2 5
10 14 4
1 3 2
0 3 3
2 4 10
0 4 1
10 13 12
0 3 2
22 0 11
0 3 11
23 2 13
18 21 10
8 10 2
0 2 6
9 11 3
12 16 13
14 17 7
12 14 11
5 8 13
5 9 8
16 18 8
22 0 11
11 14 1
21 0 9
22 0 11
17 20 8
10 12 11
22 0 13
18 21 9
3 5 1
13 17 10
20 22 6
1 4 3
6 8 1
16 19 8
13 16 7
22 23 2
8 12 7
1 3 5
3 6 2
13 18 6
19 22 3
6 8 7
23 2 1
20 0 4
15 18 3
7 9 6
21 0 4
0 4 8
9 12 10
7 9 4
5 9 1
14 17 10
5 7 11
21 1 10
8 13 8
7 9 8
18 22 9
23 2 9
20 23 7
11 14 13
5 8 10
7 9 3
15 18 10
5 7 4
18 21 6
18 20 8
21 0 8
12 14 11
11 15 11
16 19 5
5 8 9
11 15 1
6 11 6
17 20 12
5 8 8
8 12 6
16 18 6
5 7 5
5 7 1
12 16 7
3 6 12
4 6 5
3 7 10
18 20 13
19 23 12
20 21 5
8 11 1
8 10 11
18 21 12
23 4 13
14 19 10
23 2 9
0 4 10
20 23 9
10 13 7
12 14 8
16 20 11
7 10 8
17 18 11
0 3 10
8 12 2
8 10 6
8 12 2
11 14 13
7 11 7
15 17 12
14 17 11
2 4 12
18 22 4
20 23 13
20 0 7
2 5 13
17 22 13
17 20 10
5 9 9
16 21 10
13 13 9
11 13 8
16 18 5
15 17 8
19 21 9
17 20 11
19 0 11
10 13 5
5 8 12
20 23 7
21 22 9
19 22 12
13 17 12
23 2 8
18 21 4
19 22 1
12 15 10
1 4 12
2 4 11
11 13 1
15 18 5
3 7 10
21 0 12
15 18 3
5 8 11
16 20 7
12 14 4
21 23 9
4 7 6
6 8 3
13 14 6
16 19 5
2 5 3
4 7 11
23 3 5
14 18 9
23 2 9
14 17 9
1 5 4
21 0 12
15 19 9
1 5 3
7 9 4
13 15 6
3 6 7
6 8 8
10 14 5
20 0 13
7 10 7
6 9 9
7 8 6
13 16 3
20 0 7
21 22 3
23 2 3
1 3 12
6 8 10
7 10 12
18 22 12
21 0 13
12 15 1
1 3 1
12 15 12
8 12 3
4 6 6
6 9 4
3 6 7
6 8 9
15 19 11
0 5 2
14 17 12
1 3 9
13 16 6
9 13 13
0 2 1
16 20 6
22 1 5
14 18 1
10 13 2
19 23 8
23 2 9
23 1 8
8 10 4
2 6 7
6 10 11
9 12 5
19 23 12
11 14 11
7 12 5
10 13 3
4 6 3
0 4 1
5 8 7
23 3 1
14 17 10
7 10 6
7 10 4
14 18 13
3 5 8
1 4 4
10 13 4
19 21 12
18 21 12
23 3 2
9 13 3
3 5 11
3 7 1
2 5 1
10 13 11
13 16 5
22 1 10
22 2 5
6 11 11
5 9 5
17 20 6
8 10 10
13 15 9
20 23 3
0 2 9
22 1 8
15 19 10
10 14 5
2 4 7
6 10 6
13 16 5
3 6 8
12 16 3
16 18 2
3 5 5
0 1 6
13 16 7
13 15 3
18 22 5
11 14 11
16 21 5
7 11 1
1 3 11
13 15 6
20 23 7
0 3 10
15 19 4
22 0 5
9 13 12
9 12 5
14 17 8
22 1 4
15 20 1
9 12 6
3 8 3
11 14 1
8 12 8
1 5 8
4 7 6
22 0 5
11 14 8
0 3 9
23 2 3
6 10 8
0 2 11
11 15 13
0 4 4
13 17 1
6 8 7
12 16 1
22 2 6
18 22 11
21 0 7
14 17 8
1 3 3
16 16 13
1 5 11
13 16 7
21 1 10
4 8 11
10 13 13
17 20 11
9 12 4
12 13 4
21 0 5
15 16 8
11 14 6
18 20 7
21 23 2
13 18 4
15 19 12
18 20 13
19 22 6
15 17 6
22 23 10
14 17 2
5 8 9
20 0 7
5 9 4
20 21 13
22 2 2
7 8 12
2 3 3
17 21 12
14 17 10
13 16 5
12 15 8
3 7 1
3 5 6
11 14 4
9 11 4
7 11 12
1 4 12
19 23 7
16 20 8
23 3 4
0 2 13
6 9 10
18 20 11
2 4 5
20 23 7
18 21 9
21 22 8
0 3 3
8 12 5
11 14 2
8 10 4
18 21 10
14 19 4
19 21 10
7 8 9
18 23 2
6 9 10
10 13 8
12 14 11
10 12 7
16 19 7
7 10 12
6 9 6
5 6 6
4 7 5
1 5 9
10 15 6
4 8 3
20 0 3
9 14 9
17 21 9
9 14 5
14 17 10
2 5 7
18 20 7
20 22 9
23 2 8
23 2 4
13 17 11
5 10 3
3 6 4
5 8 11
22 0 6
3 7 9
10 13 11
17 19 8
7 9 3
12 16 9
13 16 10
11 15 13
7 11 10
15 19 9
3 5 9
17 20 4
15 19 9
14 18 1
6 10 12
14 16 8
19 22 5
10 15 1
11 15 3
19 22 10
2 5 4
12 15 2
18 20 10
12 15 8
5 9 5
18 21 7
6 10 6
4 6 10
5 7 4
12 16 1
6 7 1
13 17 7
11 15 4
7 11 7
17 21 1
2 6 12
2 5 4
11 14 8
9 12 13
0 3 13
2 4 2
5 9 7
18 21 1
14 15 1
19 22 8
11 16 7
5 8 10
19 23 4
19 22 9
0 4 11
18 20 5
14 17 7
5 9 3
11 15 7
15 21 9
23 2 5
15 18 7
18 19 2
9 13 6
11 15 10
15 17 8
7 8 13
4 8 6
4 9 12
8 11 12
13 17 2
15 19 7
18 21 4
12 15 1
19 22 3
8 11 3
18 20 4
21 23 11
13 12 4
14 16 1
12 16 6
19 22 6
19 23 5
20 22 8
8 10 3
7 10 13
6 8 6
10 11 2
0 3 6
23 2 6
23 3 1
7 9 12
9 10 5
17 21 6
10 13 1
9 12 12
4 7 11
20 23 11
5 8 3
4 7 9
9 11 10
6 8 12
14 17 9
7 11 12
3 5 8
19 22 3
0 3 8
21 0 2
12 13 10
9 10 9
5 7 11
7 9 7
15 19 7
10 16 10
6 11 6
13 17 6
17 20 11
0 2 5
3 7 7
12 15 11
22 0 12
18 19 5
14 18 10
19 20 9
4 8 10
4 6 5
16 19 2
14 17 1
0 5 11
7 11 5
17 19 3
20 23 3
17 21 11
0 1 13
0 2 6
0 2 2
15 20 1
7 10 5
18 21 9
20 22 12
10 12 10
15 17 3
15 18 8
19 23 3
0 1 3
3 6 11
15 18 7
4 9 4
18 22 1
15 18 9
8 12 12
3 5 3
1 5 2
18 21 1
1 5 6
5 9 8
11 14 1
19 21 1
17 19 11
0 4 6
11 14 8
15 17 12
19 22 12
11 13 9
0 3 6
10 13 4
2 5 3
9 13 10
11 14 2
21 1 8
2 3 5
6 10 11
8 10 7
4 6 10
18 21 2
3 6 3
15 17 13
21 0 9
23 2 9
8 11 12
2 6 10
15 17 3
15 19 2
23 2 9
2 4 8
19 21 6
12 16 13
18 22 6
20 23 4
5 7 10
5 8 4
20 0 9
18 21 9
18 20 8
21 23 4
7 12 3
3 5 8
12 15 5
12 16 12
21 2 8
23 3 13
11 14 6
16 20 3
1 4 9
21 1 1
4 6 11
15 18 2
3 5 3
11 15 4
13 16 9
11 15 1
2 4 6
22 1 4
12 15 1
1 4 13
15 18 4
14 17 9
3 8 3
15 16 1
2 6 12
10 14 13
17 19 9
0 3 3
14 17 12
1 6 10
12 14 10
20 23 11
20 0 7
21 0 7
19 23 8
6 9 3
13 16 1
2 4 10
9 13 13
2 5 11
12 17 11
16 18 9
17 19 9
12 15 7
23 2 10
11 13 10
19 0 10
18 20 4
15 17 13
10 13 10
11 14 8
16 19 1
8 11 11
5 6 9
18 21 12
3 6 2
16 19 7
21 1 13
12 14 3
0 3 3
20 23 6
16 20 2
21 1 6
19 23 11
2 4 2
21 23 12
13 17 1
17 21 2
8 11 3
7 11 8
0 2 6
23 1 3
3 6 2
