1100 14
3 2 6 10 10 2 8 4 9 9 6 7 8 7 
9 11 3
5 8 4
8 11 11
5 7 2
10 11 3
0 3 6
15 17 14
15 18 13
22 1 8
15 18 5
2 4 11
5 7 1
21 1 11
20 23 13
1 2 7
10 13 6
19 20 7
8 12 9
14 17 4
8 11 7
22 0 11
23 1 9
21 1 1
19 0 6
1 5 4
10 14 13
5 8 4
23 2 11
17 19 13
14 16 10
23 3 13
22 1 13
15 17 5
22 0 6
8 10 3
11 13 12
20 23 8
22 0 1
1 4 8
19 23 9
3 6 1
6 9 1
10 12 2
0 3 7
11 15 7
5 6 13
15 18 5
12 16 4
5 8 5
20 21 9
4 8 2
13 14 4
7 10 12
7 11 10
1 4 8
10 13 10
14 15 4
5 8 12
23 1 10
14 16 5
6 9 1
4 7 6
6 9 3
16 19 3
4 8 5
14 16 11
14 20 5
23 2 7
23 2 13
0 4 9
23 2 10
7 11 5
12 14 1
2 3 13
7 9 11
15 16 4
22 2 11
0 3 2
3 7 14
15 17 9
4 8 7
16 19 8
13 14 12
19 22 13
19 21 7
3 7 1
5 8 12
0 2 1
3 6 13
14 18 6
17 20 7
6 8 13
2 3 6
6 11 1
11 14 4
18 22 13
4 7 14
16 20 6
15 16 1
9 11 5
9 13 10
11 14 5
4 7 4
8 12 7
19 21 11
22 0 7
14 19 8
10 14 1
0 3 8
17 19 13
22 3 7
16 19 6
1 5 10
14 20 5
10 12 1
15 18 13
15 19 4
2 6 14
6 8 4
23 1 2
16 20 3
11 13 5
10 12 7
16 19 4
10 13 14
18 23 9
23 1 3
21 0 12
23 1 3
12 15 1
0 3 6
6 8 14
13 15 6
8 11 11
22 4 1
14 16 11
1 5 4
13 16 9
12 16 9
12 15 7
13 16 10
19 20 2
6 9 2
20 0 9
3 7 13
1 3 5
17 22 14
19 21 14
7 11 1
10 14 4
2 5 10
10 12 13
20 22 8
22 2 7
18 23 1
23 4 14
13 17 5
5 9 8
3 7 3
4 6 11
8 12 5
12 15 13
22 23 1
12 17 7
6 8 10
6 10 13
4 8 6
20 21 5
12 14 10
13 17 1
7 10 5
21 1 5
3 5 13
23 3 12
19 22 9
18 23 2
1 2 8
6 9 8
1 4 7
13 15 6
17 19 4
7 8 3
1 2 3
0 3 8
21 1 5
20 0 12
20 22 4
6 10 5
7 11 1
20 21 10
16 19 13
8 10 1
22 1 4
22 1 1
15 17 4
1 4 7
9 13 10
1 4 2
16 19 12
18 20 14
15 17 12
1 3 9
7 9 2
18 22 8
16 20 11
10 15 7
16 20 5
17 19 3
4 8 2
8 12 3
23 3 7
3 7 9
2 5 9
17 21 7
0 2 8
23 3 7
5 8 6
14 17 2
4 7 5
11 13 3
13 15 13
18 22 12
17 20 3
12 13 12
13 15 8
9 14 14
20 23 10
6 10 2
21 23 1
19 21 1
4 6 14
3 7 14
4 6 5
12 16 7
12 14 11
21 0 2
17 20 14
7 11 10
16 19 4
20 0 6
3 6 8
0 2 10
17 20 1
22 2 12
20 23 1
14 17 9
17 21 12
14 17 10
8 11 1
23 3 7
21 0 2
23 2 4
8 9 12
12 15 3
7 10 12
1 4 3
23 1 7
0 3 7
4 6 6
11 13 8
13 16 11
21 0 14
19 23 6
14 17 13
1 4 11
20 22 1
8 12 10
3 5 8
0 3 7
6 10 1
18 23 7
14 19 12
13 15 14
19 22 12
20 23 5
13 17 4
19 21 2
13 15 9
22 1 7
18 22 8
2 5 14
12 14 9
5 10 11
17 19 4
18 22 2
16 18 5
17 20 4
18 21 9
16 18 12
22 2 11
9 12 6
3 5 3
2 5 4
21 0 5
11 14 5
15 18 11
5 9 4
3 6 3
7 10 14
16 18 14
10 13 4
17 19 9
22 23 7
5 8 9
6 9 6
3 5 9
15 19 3
14 17 12
1 5 13
23 2 7
0 3 1
8 12 7
13 16 1
18 20 2
1 4 6
14 17 11
15 20 9
21 0 14
9 12 10
4 8 1
0 4 1
1 4 13
17 19 9
4 7 6
23 2 7
18 22 14
17 21 13
14 17 3
20 23 8
1 5 8
9 12 6
12 15 6
4 6 14
22 2 10
10 14 8
23 0 11
8 11 9
16 18 8
13 17 11
5 9 2
2 4 13
5 8 14
0 3 11
20 23 12
6 8 11
7 11 4
23 2 4
22 1 1
12 15 14
22 0 2
15 17 9
0 4 2
13 16 14
18 21 14
11 13 4
14 18 11
1 4 10
20 0 9
0 3 12
10 13 14
17 19 8
15 18 6
3 6 2
4 8 11
8 8 10
7 12 6
16 20 7
11 14 6
19 22 10
11 13 7
17 21 13
18 21 5
22 2 12
9 13 3
20 22 11
1 3 7
14 16 1
23 2 10
13 17 1
20 23 6
11 12 7
22 1 8
4 7 1
0 3 12
22 0 14
21 22 13
11 13 7
16 18 3
8 11 11
19 22 13
22 1 12
21 0 1
18 22 6
11 15 12
17 18 8
18 20 1
6 9 5
3 5 14
17 17 12
16 19 10
0 3 7
9 13 1
6 9 8
2 6 9
19 23 14
14 18 4
16 20 6
8 12 8
5 8 4
20 23 14
7 9 3
8 11 11
18 23 14
12 15 8
21 1 2
13 16 12
5 8 12
5 10 6
16 19 10
6 9 14
4 6 10
6 9 5
9 11 3
22 2 7
6 10 6
14 17 12
0 4 10
6 9 5
17 21 10
18 21 5
14 17 2
21 23 9
9 12 4
21 23 7
4 7 14
10 12 3
2 6 3
14 18 6
8 10 14
6 8 10
4 7 12
2 7 10
8 10 1
23 2 1
8 12 2
18 21 13
20 23 10
15 16 6
9 11 4
15 19 4
8 11 14
15 19 6
22 1 1
2 5 11
23 1 1
0 4 4
1 4 6
8 11 10
18 22 13
4 7 3
9 13 12
17 20 10
2 6 8
8 12 8
11 15 8
0 4 10
8 10 1
7 11 14
14 16 11
9 13 13
21 0 11
8 13 4
23 2 12
17 21 13
10 13 14
16 19 6
19 22 2
20 22 13
15 18 8
10 12 9
22 0 7
8 12 4
1 4 9
12 16 8
15 18 7
10 13 7
8 12 12
22 2 9
0 3 13
12 15 8
2 6 5
6 10 5
12 14 6
7 10 1
15 18 9
4 7 10
13 16 11
22 1 8
22 2 7
19 23 5
14 19 10
6 10 13
5 8 8
15 19 4
19 20 14
4 7 14
15 18 10
18 22 11
10 12 10
6 10 2
1 5 3
20 23 1
4 7 1
4 6 13
7 11 5
8 10 1
8 10 9
12 17 4
20 23 9
16 18 2
4 6 4
11 14 9
2 6 9
2 4 7
6 10 12
9 13 7
5 8 6
11 12 6
14 17 4
23 2 13
3 6 1
20 0 3
3 6 8
13 16 5
2 4 5
11 15 2
6 9 7
23 2 11
13 19 4
4 6 13
9 11 6
12 17 3
3 7 10
9 11 5
23 3 2
9 12 3
21 23 11
11 14 6
10 12 6
4 6 9
5 10 8
17 20 13
4 7 1
1 3 2
21 1 12
7 9 1
20 23 10
4 7 10
2 5 3
12 15 13
1 5 14
14 17 12
8 11 12
0 4 11
11 16 9
13 17 12
18 20 5
4 7 14
13 16 4
20 0 4
10 12 13
2 4 10
5 8 3
1 4 2
14 18 11
10 14 10
18 21 6
22 1 6
17 21 13
13 16 8
16 18 12
0 5 3
7 11 5
16 19 9
19 20 14
22 1 2
13 16 6
16 19 13
3 8 4
13 16 4
4 9 7
16 20 9
22 1 12
12 15 3
15 20 13
2 5 9
21 22 14
18 21 14
3 6 2
21 0 8
5 9 12
22 1 6
23 2 3
23 1 10
17 22 3
13 15 11
6 10 2
2 5 13
6 9 3
11 14 6
10 12 7
9 12 6
8 11 14
15 19 12
20 1 5
2 5 6
0 3 6
10 14 8
10 12 3
21 2 14
7 11 10
6 12 14
5 8 1
22 0 11
18 21 14
12 16 9
19 21 11
15 18 4
0 2 4
1 4 8
9 14 10
12 15 12
17 21 14
21 23 8
0 3 14
8 11 3
11 14 6
14 16 2
21 3 6
19 23 8
18 22 7
11 14 3
10 13 1
3 3 9
17 22 5
1 4 9
14 17 4
10 15 8
9 12 8
6 9 4
3 6 3
6 9 11
5 9 1
0 5 3
4 6 8
15 19 12
20 22 14
7 10 1
11 15 11
2 4 6
21 1 5
9 11 1
12 15 2
14 18 14
23 3 7
7 10 7
1 5 8
12 15 3
7 11 2
6 9 1
22 3 8
22 2 9
8 11 3
11 13 13
23 2 5
19 0 5
2 6 14
15 18 12
16 20 8
15 17 12
10 12 7
10 15 13
6 10 1
23 3 5
5 9 11
0 3 10
13 16 10
22 3 5
0 4 5
21 0 4
5 9 13
2 5 7
8 11 4
17 22 4
19 22 8
6 10 12
13 16 4
21 0 8
15 19 5
19 22 4
14 18 8
3 6 1
6 9 11
17 19 5
11 13 9
2 6 2
17 21 5
1 4 12
14 16 14
21 1 8
0 2 9
4 8 13
16 19 8
13 16 2
11 11 3
13 17 1
8 11 4
6 11 2
20 23 14
0 4 5
22 2 1
12 14 7
5 7 9
3 5 4
8 12 4
10 13 2
13 17 1
3 6 10
22 2 6
23 1 9
19 23 5
7 10 13
17 21 4
21 21 2
10 12 12
2 6 11
2 4 14
5 7 1
5 8 7
12 15 6
9 13 9
12 17 5
18 23 3
13 15 14
20 23 14
9 12 3
9 12 10
3 6 12
17 20 5
23 1 7
4 7 14
22 1 14
14 16 9
1 3 11
1 2 11
21 2 10
8 12 5
5 7 12
9 11 12
0 4 4
12 15 14
20 2 3
3 6 12
23 2 6
20 23 5
17 20 9
22 1 2
20 23 5
20 22 2
13 14 10
7 9 3
18 21 2
23 2 6
15 19 5
2 4 4
23 3 2
7 9 11
20 23 3
12 14 2
20 23 11
8 11 8
20 22 2
2 5 5
9 11 3
16 19 6
9 11 4
10 14 8
18 22 6
14 16 2
8 11 10
1 5 9
3 7 10
20 23 4
5 9 12
15 17 14
1 4 11
6 7 14
1 5 7
8 12 6
4 7 6
0 3 14
0 2 12
12 14 12
3 7 8
15 16 2
14 16 13
17 21 8
17 21 3
10 13 12
22 2 10
3 5 7
17 20 10
5 10 11
8 11 14
4 8 14
14 18 12
2 6 2
9 11 14
20 23 2
18 22 4
2 7 5
11 13 1
5 7 1
17 21 12
4 7 9
9 13 8
5 9 7
15 18 12
15 19 13
20 22 8
9 11 14
11 15 1
8 13 8
7 10 13
16 19 5
22 1 12
10 15 5
9 11 10
8 12 5
2 4 5
1 4 11
9 12 14
22 1 11
13 15 7
0 4 5
15 18 3
22 1 6
14 16 13
8 9 1
19 23 12
1 5 13
2 5 10
23 23 5
20 21 13
12 17 5
11 13 1
10 13 8
3 7 6
21 22 8
18 21 4
12 14 5
12 15 5
23 2 2
19 0 14
4 6 1
19 22 13
23 2 7
17 21 11
18 20 9
3 6 8
8 11 2
2 5 13
2 6 10
6 9 9
2 5 11
20 23 6
5 8 3
7 10 13
14 16 4
5 9 3
15 16 6
17 19 3
4 8 11
9 12 1
9 11 7
18 21 14
10 13 1
7 12 8
5 7 13
2 8 7
16 20 5
20 23 6
19 21 13
3 5 6
21 1 9
2 4 6
6 9 2
11 15 6
9 11 13
17 20 10
4 8 13
21 23 5
14 17 14
14 16 3
16 18 12
6 9 12
8 12 14
17 20 12
9 13 7
7 10 4
23 4 9
5 9 8
18 22 5
18 21 13
15 18 2
10 12 2
1 4 14
1 5 10
2 5 4
17 21 3
12 16 14
18 19 12
7 9 12
15 19 13
5 8 6
6 8 5
23 2 11
10 12 11
10 13 2
4 6 10
11 13 1
8 13 12
16 20 6
7 10 1
4 7 6
5 6 14
8 12 4
0 3 8
11 14 1
9 12 14
9 12 6
8 10 12
13 17 6
3 6 5
6 9 2
23 1 10
20 1 1
4 6 13
3 6 10
22 1 6
19 21 2
18 19 7
2 6 7
14 16 9
12 15 7
0 3 1
0 3 13
15 17 12
11 14 1
4 8 1
2 5 7
23 3 1
5 8 1
13 15 11
7 10 10
4 6 3
3 6 8
1 4 4
2 7 9
5 7 11
1 4 10
0 3 12
4 6 2
17 19 4
20 22 2
6 9 3
3 6 10
19 22 3
6 10 11
9 11 9
6 9 14
1 3 6
16 17 11
2 5 6
2 5 6
16 19 4
8 13 5
7 10 11
17 22 9
4 8 4
23 4 7
20 23 2
19 23 10
19 20 4
4 7 5
20 23 14
0 3 4
23 1 8
15 19 11
1 5 1
16 20 9
1 5 7
6 10 2
23 2 1
12 16 13
11 13 10
16 17 8
2 6 1
18 20 12
19 22 14
5 9 7
22 0 3
22 2 3
20 23 5
1 3 2
7 10 14
22 1 2
6 10 6
15 19 10
22 1 6
1 3 14
21 0 4
1 3 4
8 10 7
20 0 12
0 4 8
19 23 10
7 10 10
1 3 7
5 10 13
17 20 2
1 4 9
9 12 13
1 5 6
0 1 4
16 18 6
4 8 13
8 12 1
16 18 12
13 15 12
7 9 14
10 12 12
22 1 10
7 12 6
7 10 10
20 23 14
16 18 6
17 21 13
1 4 8
9 14 9
17 20 3
9 11 6
14 18 6
6 10 4
14 17 4
5 9 9
11 13 7
18 20 12
7 9 14
13 17 10
23 1 5
13 17 9
10 14 4
11 13 2
3 8 4
12 16 4
3 5 4
19 23 3
14 18 11
23 3 1
2 7 3
9 13 4
8 11 11
3 8 7
7 10 1
6 8 11
22 0 10
1 6 8
12 15 8
0 5 2
11 15 9
18 21 9
23 2 14
21 22 12
15 19 11
15 18 10
12 14 7
18 21 6
2 5 13
9 11 11
13 15 14
7 12 7
15 17 10
4 8 2
0 3 13
19 23 2
22 3 11
18 21 12
23 2 11
22 1 9
