450 13
5 3 10 9 8 4 5 6 5 7 4 4 6 
17 20 3
23 3 6
22 1 8
12 15 5
3 6 8
22 2 9
15 18 1
14 16 2
1 3 2
13 16 11
13 16 6
0 4 5
21 1 9
18 21 13
12 16 7
10 13 5
12 15 5
20 23 3
2 7 13
8 11 2
22 23 3
3 6 12
13 17 9
6 9 3
3 5 12
17 21 1
1 4 4
19 21 13
5 7 13
13 15 9
18 21 6
16 18 5
22 2 1
10 14 4
22 1 13
21 0 4
23 2 6
3 4 3
0 1 5
15 19 3
3 7 3
6 10 13
8 11 1
3 6 10
5 8 13
12 16 10
13 16 3
17 20 2
8 11 3
8 12 2
1 4 6
9 13 5
14 17 1
18 20 12
3 6 9
17 19 7
7 9 5
5 8 4
0 4 9
19 20 7
11 13 12
16 19 10
20 0 13
3 3 4
20 0 9
9 13 3
10 15 7
14 17 5
17 19 2
8 11 8
15 19 2
18 20 11
2 3 12
21 1 8
3 7 13
9 13 3
23 2 3
8 9 10
19 20 7
19 22 10
2 6 1
0 3 9
9 12 10
17 21 4
19 23 1
11 12 11
2 7 6
18 23 7
4 6 12
16 19 1
8 12 2
4 8 13
9 12 3
5 8 8
2 4 4
20 0 4
10 12 13
17 20 12
21 2 11
21 1 13
7 10 9
20 22 5
9 11 3
21 0 9
15 19 10
2 3 11
16 20 13
17 21 12
20 0 1
7 10 7
15 18 3
14 18 1
17 20 12
0 3 10
5 8 2
22 1 13
2 5 3
22 0 7
5 9 10
3 6 3
13 16 13
5 9 9
12 16 8
21 23 10
8 12 4
11 14 10
13 16 3
21 22 13
7 11 8
11 14 10
17 21 5
6 8 4
6 8 2
2 6 9
0 3 5
18 22 4
13 15 11
7 11 11
19 22 12
18 21 11
5 7 9
14 16 6
18 21 4
19 23 11
2 4 10
15 18 2
11 16 10
1 3 10
9 12 2
4 8 7
20 23 1
15 17 13
9 13 5
12 14 5
0 3 1
0 3 11
20 22 7
12 16 1
7 9 10
14 18 2
18 22 12
3 7 2
22 1 12
6 8 8
8 10 13
7 10 8
6 9 6
18 22 5
1 4 9
8 12 8
4 7 4
2 6 12
5 6 3
18 21 8
10 13 10
21 0 10
15 17 6
7 9 4
8 12 1
13 16 4
3 6 3
4 7 1
6 11 7
6 9 5
8 12 8
7 8 8
6 10 7
3 6 3
5 8 1
17 19 1
9 12 2
22 2 2
10 13 10
16 21 4
17 21 8
18 22 2
12 14 13
3 6 5
15 19 13
2 6 3
12 14 9
11 15 8
2 4 11
1 4 3
20 0 10
4 6 13
17 20 4
19 21 6
0 3 3
16 19 12
21 22 10
23 2 1
12 16 4
16 21 6
13 14 3
12 16 5
19 23 10
7 9 8
15 18 5
10 13 11
2 4 5
20 0 2
19 22 9
10 13 8
6 11 12
13 17 6
5 9 5
16 21 12
22 1 2
5 11 2
23 4 1
8 9 1
15 17 13
23 3 12
13 16 5
19 22 9
6 8 11
19 20 9
17 19 11
3 6 8
12 15 6
12 14 4
7 10 3
1 3 1
23 3 2
8 12 3
7 10 4
11 14 9
0 2 4
14 17 3
11 14 4
0 4 6
7 10 1
3 8 5
1 4 8
21 1 2
22 2 10
0 3 6
17 20 4
18 21 5
5 7 10
16 19 3
17 20 6
14 18 3
13 16 13
7 11 2
8 12 3
6 9 9
22 1 10
11 14 9
18 20 7
19 22 12
8 11 12
7 10 8
6 8 9
15 18 2
17 21 2
14 17 9
15 19 12
10 12 10
9 13 2
4 6 6
19 22 5
19 22 6
4 5 2
17 21 10
6 9 6
15 17 10
4 7 9
0 4 2
0 4 4
11 14 5
5 10 12
8 11 9
21 21 12
19 22 5
21 0 5
2 4 4
10 11 3
7 9 1
11 16 6
18 21 5
3 6 1
21 22 11
17 20 9
11 14 11
16 19 12
7 11 8
3 7 12
7 10 12
3 6 5
10 13 8
19 23 3
18 20 1
5 9 10
18 21 8
0 3 4
7 12 4
22 0 3
3 5 6
23 1 10
0 3 4
6 11 2
13 16 9
4 8 12
13 16 4
20 22 10
11 14 6
3 5 9
5 9 5
22 1 12
11 13 8
15 19 2
13 15 7
12 15 12
4 6 4
19 21 11
21 0 8
3 6 7
20 0 9
22 0 8
2 6 5
7 11 1
23 1 12
6 9 1
22 1 1
22 0 7
8 13 1
0 2 10
2 5 10
10 12 1
5 9 3
22 2 4
18 21 7
4 9 5
11 15 10
15 18 4
7 8 7
8 11 6
1 3 2
16 18 12
19 22 8
16 20 3
4 8 6
2 5 9
14 16 11
20 22 10
4 5 9
8 10 10
7 8 12
12 14 9
1 4 5
23 1 11
14 17 3
1 5 1
13 17 5
5 7 6
22 1 3
9 11 7
0 3 9
22 2 2
14 17 1
7 10 4
14 18 13
13 17 5
15 18 1
19 23 6
5 7 11
8 12 9
10 15 7
17 22 5
17 21 13
20 23 3
4 5 9
5 9 11
5 9 9
13 15 6
18 21 6
15 18 12
8 12 9
17 20 5
17 21 4
2 6 9
2 2 11
5 7 7
22 0 12
21 0 2
20 1 2
15 19 11
1 5 1
10 15 2
7 9 5
11 13 1
10 13 7
1 4 10
19 22 13
11 14 4
13 16 6
13 17 7
4 6 12
16 17 10
22 1 6
13 15 3
23 3 1
7 11 13
16 19 5
0 3 1
21 23 2
4 7 12
22 2 9
21 23 13
14 16 6
4 7 3
18 21 12
8 10 5
4 10 8
15 18 12
22 0 12
13 18 9
19 23 3
4 8 4
22 1 5
15 18 13
10 15 11
4 8 10
3 7 5
20 23 2
6 9 13
16 18 12
6 10 5
