1250 11
8 9 8 7 1 1 2 2 6 2 3 
10 12 9
18 20 8
4 6 8
9 14 5
23 1 10
22 3 10
15 17 7
11 15 2
20 0 8
22 2 3
7 11 1
14 18 3
2 7 6
1 4 2
0 4 4
4 5 10
3 6 9
0 3 11
13 15 9
23 4 3
17 19 8
11 15 2
9 12 4
20 23 7
4 6 1
7 10 10
12 15 5
1 4 5
14 16 10
3 5 11
20 0 1
11 14 5
0 3 9
20 0 6
21 1 1
18 21 2
19 22 1
4 7 2
13 16 8
14 15 11
14 16 8
2 6 7
6 8 5
4 6 9
13 15 5
16 18 11
5 9 7
18 21 7
23 2 8
3 7 4
4 8 3
12 14 8
3 7 4
22 1 3
14 17 7
19 23 3
15 17 11
11 13 8
7 10 11
6 11 3
0 4 10
5 8 1
7 11 3
13 16 10
8 11 5
18 22 10
19 23 6
17 20 8
5 9 11
3 7 4
23 2 8
19 21 8
3 6 9
12 15 6
18 21 5
11 12 9
9 12 6
23 3 6
14 16 2
23 0 10
1 3 6
20 22 6
10 10 8
11 12 4
6 9 3
20 23 3
19 21 11
3 7 2
19 23 6
12 16 2
16 19 9
19 20 7
9 12 11
13 16 7
9 12 4
23 2 7
10 14 5
14 18 11
11 14 10
7 10 6
19 21 7
17 19 10
3 5 3
21 2 8
22 2 11
18 20 2
11 12 3
22 1 7
2 5 2
13 18 6
3 5 4
12 15 5
6 8 9
5 8 5
16 17 8
5 7 2
8 13 9
1 5 11
4 7 9
16 18 10
10 12 4
18 22 4
15 18 4
12 15 11
19 20 9
11 14 8
4 7 4
3 5 5
2 5 1
3 7 8
17 21 2
18 22 6
12 14 10
13 16 8
9 12 7
3 6 6
14 17 1
13 16 4
23 1 1
4 8 5
17 19 8
9 12 6
7 9 2
17 21 2
17 21 11
10 11 6
9 11 4
17 19 6
21 0 6
5 9 5
2 4 3
18 21 2
11 14 9
2 5 5
8 12 1
4 7 6
6 8 2
10 13 4
4 6 3
17 19 2
5 8 9
12 14 11
10 15 4
23 2 6
9 12 3
7 12 1
17 20 5
9 12 7
20 0 3
13 16 7
17 21 4
11 13 7
8 10 3
3 4 1
3 6 4
2 5 1
14 16 6
17 20 2
8 11 11
3 6 5
18 19 2
8 9 8
6 8 9
9 12 9
4 7 6
0 5 9
9 12 3
14 15 1
9 11 5
1 3 1
12 14 6
18 21 8
20 23 8
22 23 4
14 17 2
4 8 9
20 22 10
14 17 6
16 19 2
8 10 6
4 7 7
23 2 9
8 11 9
18 19 11
23 2 10
1 4 5
17 20 5
14 15 10
2 3 4
6 10 3
10 13 3
15 17 10
16 18 1
23 3 6
13 16 10
8 12 6
6 9 10
18 21 3
7 11 7
20 23 5
0 3 11
19 20 4
9 13 11
20 0 9
7 11 4
17 21 11
10 13 2
5 8 5
17 19 7
15 19 8
22 0 6
7 11 1
6 10 3
9 12 5
9 13 3
13 16 11
3 3 9
2 4 11
3 6 6
21 22 8
1 3 3
15 18 7
4 7 9
11 12 11
14 16 10
3 5 9
9 12 3
23 7 8
15 18 4
7 11 6
11 13 9
5 7 5
19 22 5
20 21 6
20 0 10
16 19 1
6 9 4
15 19 3
11 14 1
23 2 9
17 21 7
16 19 7
3 7 3
1 3 8
23 3 2
0 3 10
5 7 6
22 2 2
8 10 10
19 22 10
20 23 1
5 7 11
3 7 5
15 16 6
22 0 3
13 17 1
5 9 11
22 1 7
17 21 8
16 20 4
21 0 6
3 6 2
4 8 2
10 12 10
8 12 7
2 5 10
7 10 2
2 6 2
21 2 1
6 8 6
0 4 8
6 10 1
12 16 4
20 23 9
12 14 11
9 12 8
23 3 2
8 12 1
5 7 9
5 9 2
18 21 6
7 9 5
16 19 10
10 12 9
6 9 7
7 9 11
12 14 6
15 19 4
13 17 1
15 19 3
15 19 6
2 6 4
18 21 3
8 10 2
17 18 2
23 3 6
2 4 5
13 16 7
6 10 1
11 15 9
3 6 9
3 8 11
15 18 7
19 23 3
3 7 7
9 12 10
12 14 7
17 20 9
18 21 4
2 5 1
0 3 6
13 14 3
18 21 3
6 7 1
16 17 5
1 4 7
19 23 10
18 21 10
22 23 1
13 14 2
12 14 6
17 18 2
10 15 6
8 11 6
21 0 3
9 10 2
11 13 2
7 9 8
18 20 8
4 5 8
7 11 8
7 10 1
8 12 7
17 20 10
2 5 1
7 11 1
21 1 5
0 3 5
11 14 7
22 3 6
6 10 3
1 4 9
22 1 6
14 17 9
7 9 5
9 12 1
16 18 8
23 2 3
14 15 5
0 2 5
10 12 3
0 2 3
20 23 8
22 1 8
10 13 1
9 12 1
16 20 5
3 5 1
17 20 9
10 13 6
11 15 3
12 15 10
3 6 9
21 0 8
12 14 10
15 18 11
8 12 9
3 6 11
15 17 3
14 16 1
2 5 11
2 5 4
21 0 7
22 1 11
0 2 10
3 6 8
8 12 9
23 3 5
1 3 4
17 20 3
13 17 3
11 14 2
6 9 11
10 13 4
0 4 8
21 23 9
18 21 3
9 11 5
6 11 10
19 22 8
17 22 11
12 14 5
2 7 6
4 6 6
5 8 1
6 8 2
11 13 4
21 0 9
3 7 4
1 4 9
4 8 9
21 1 7
9 13 3
12 13 1
5 8 5
7 9 2
21 0 11
1 4 6
3 5 2
1 4 8
14 17 3
22 1 8
10 12 3
21 1 5
19 22 8
17 20 1
0 2 1
21 23 4
12 15 9
0 3 1
10 12 11
18 21 10
4 7 11
17 22 8
7 8 9
5 8 8
18 21 4
12 16 9
8 12 9
0 3 7
13 16 2
7 12 2
18 21 10
4 6 4
1 4 2
13 16 3
16 19 6
22 2 8
3 6 9
4 6 9
7 10 2
7 10 11
6 9 7
21 2 8
12 17 4
21 2 4
17 18 2
20 23 3
6 8 3
1 4 2
2 4 8
16 19 5
3 6 9
11 13 3
8 9 8
8 13 8
6 8 11
10 13 4
18 21 11
8 11 8
13 14 1
9 12 5
21 0 6
17 20 7
0 5 4
17 20 7
8 13 4
23 3 1
21 1 4
5 9 6
0 4 4
19 22 9
18 20 7
23 2 8
12 14 6
1 4 10
5 7 4
0 4 10
10 13 8
15 18 7
18 21 1
16 18 4
10 14 3
14 16 8
13 15 7
15 16 4
1 3 8
16 19 5
7 9 4
23 1 11
20 0 5
6 7 5
12 16 6
12 15 9
6 8 3
2 4 3
20 22 7
22 1 1
10 14 5
21 0 7
4 8 10
12 15 3
14 18 10
10 11 10
7 10 6
20 23 3
1 3 7
0 3 6
3 8 11
22 1 7
5 8 6
10 14 7
7 11 5
17 21 9
19 21 1
18 22 9
2 6 9
0 1 9
2 5 3
17 19 11
3 8 3
3 7 10
16 19 3
21 0 9
6 9 2
6 7 7
17 20 5
21 2 8
5 8 4
3 8 8
21 0 3
0 4 11
0 3 9
6 9 3
4 9 9
3 6 5
0 3 3
10 13 2
8 11 4
0 4 10
22 1 3
3 7 6
13 17 9
15 18 8
3 4 2
7 10 1
16 20 1
16 17 6
22 1 6
13 17 5
5 8 10
18 19 9
13 16 9
17 19 4
19 23 4
22 0 9
13 16 8
9 13 5
1 3 7
17 21 1
9 13 4
17 20 2
0 4 6
1 4 3
4 6 5
14 17 7
13 16 10
6 9 9
18 22 3
8 9 11
11 14 3
1 4 11
21 23 9
16 17 9
20 23 6
17 20 2
2 4 6
22 1 6
7 10 10
13 15 6
13 16 8
4 7 5
22 1 8
16 20 4
13 18 4
0 4 1
11 15 8
23 3 7
15 18 1
2 4 8
1 5 8
12 15 7
15 18 10
4 8 7
11 13 2
13 15 2
13 16 1
15 18 1
15 17 9
18 23 3
9 11 1
23 0 6
21 1 5
9 12 7
4 7 9
16 20 6
21 1 3
18 21 1
23 1 11
22 0 3
7 10 8
20 0 5
2 4 7
6 10 4
19 1 3
10 13 3
4 8 2
11 15 2
5 8 7
17 22 1
6 8 3
5 8 1
11 15 8
11 14 2
20 23 1
19 0 3
2 4 10
0 1 1
23 1 8
3 5 11
20 22 9
11 15 4
14 16 11
14 17 2
23 2 9
7 10 4
8 9 7
19 0 5
16 18 5
20 23 11
1 5 8
22 23 5
22 1 7
6 8 3
3 5 3
6 8 1
3 6 8
15 17 5
18 22 1
11 15 10
3 7 4
2 5 6
21 2 8
20 0 4
14 16 1
14 17 11
15 19 6
2 4 4
22 2 10
4 7 4
23 0 6
3 6 6
5 7 8
19 21 9
3 4 2
6 8 9
3 6 11
11 12 9
9 13 5
3 7 5
10 12 4
17 19 7
19 21 1
19 22 10
9 10 4
18 20 6
12 15 4
15 19 6
1 4 1
2 5 1
10 13 5
21 1 5
22 0 5
1 3 7
7 9 7
7 10 11
3 5 1
1 3 1
12 13 9
23 3 1
10 13 11
4 6 1
18 21 9
6 9 4
13 18 9
7 11 8
15 17 9
1 3 10
8 12 2
1 3 10
17 20 10
4 8 8
13 16 2
3 5 4
22 1 11
0 3 11
22 1 10
10 12 6
14 18 11
17 22 9
21 1 2
14 16 5
2 5 7
20 0 11
8 12 2
21 1 6
9 11 6
16 19 3
15 17 10
22 2 4
11 14 2
21 23 4
1 4 6
12 14 6
20 0 11
1 3 11
0 4 10
7 8 6
22 1 9
17 21 1
8 12 9
20 23 11
9 11 1
1 3 10
21 22 2
16 19 5
21 1 4
14 18 3
2 5 1
10 14 11
7 10 7
5 7 7
23 2 5
13 14 1
10 13 7
9 11 10
23 1 9
2 4 1
22 1 1
1 4 7
5 10 6
1 4 1
23 2 1
0 3 11
1 3 6
21 23 1
12 16 5
21 1 4
20 0 4
3 7 7
22 23 11
10 13 3
12 16 1
18 21 2
22 1 8
19 21 2
18 21 4
5 10 5
16 18 6
18 21 3
13 16 10
6 10 7
9 13 7
10 13 1
20 23 8
1 4 4
13 15 6
15 16 10
10 14 2
9 12 11
22 1 1
0 2 1
18 20 9
7 10 4
2 4 6
0 3 11
16 18 5
4 7 1
0 4 10
9 12 7
12 13 5
15 18 5
16 20 5
22 1 6
20 23 4
22 0 6
13 15 10
19 21 1
2 3 3
11 12 8
14 16 11
22 2 11
23 3 2
9 14 5
20 23 10
20 23 7
4 6 10
14 16 4
0 2 1
15 19 5
17 20 3
13 16 8
3 5 7
5 9 2
13 16 5
14 16 8
14 18 10
16 17 1
18 23 7
5 9 1
0 4 2
20 0 5
9 13 8
13 15 1
6 10 6
21 23 11
2 5 6
22 2 8
1 4 8
21 23 10
19 23 3
5 8 3
6 8 6
16 18 11
6 9 7
1 3 8
12 15 3
15 19 7
17 20 8
3 7 7
7 10 3
18 21 1
5 9 1
4 8 9
6 7 1
15 17 6
16 20 6
4 5 8
10 14 10
3 7 11
4 6 3
10 11 8
0 3 10
18 23 10
14 18 1
1 6 8
14 15 1
13 17 3
21 0 7
22 1 11
9 11 8
10 12 8
5 8 8
11 14 7
20 22 11
16 20 7
12 14 6
16 19 9
6 8 5
11 14 8
1 5 6
4 6 10
0 4 10
23 3 4
12 15 11
19 0 10
22 1 5
18 21 2
2 6 3
6 9 1
14 17 7
2 5 8
3 6 2
22 0 1
7 10 8
19 23 9
21 1 5
19 1 2
7 10 7
2 4 7
23 2 9
11 15 8
8 11 5
20 22 7
15 17 7
14 18 8
13 16 2
11 13 1
1 4 1
11 13 8
14 15 11
12 14 2
4 8 7
11 13 7
22 0 9
20 22 7
11 13 8
2 5 6
11 14 6
18 23 8
22 0 5
14 17 9
19 22 9
12 16 10
23 2 5
21 0 1
8 10 1
23 2 1
17 20 6
13 15 4
0 2 6
9 11 4
7 8 5
18 21 4
2 5 6
10 14 9
8 10 5
1 4 3
16 19 8
3 6 6
12 15 6
1 3 1
21 1 3
3 6 4
12 14 6
12 15 1
6 9 4
1 3 3
9 12 4
20 0 3
17 18 3
7 10 9
6 9 1
12 15 2
19 21 7
8 12 2
16 20 4
19 21 6
19 23 2
2 7 10
13 15 8
3 7 11
1 5 9
1 2 6
12 15 10
3 7 4
16 20 3
2 5 10
9 13 9
10 13 5
16 20 11
18 21 4
2 5 1
17 22 8
5 9 8
2 5 10
6 9 5
2 3 2
0 2 5
5 9 4
6 10 2
8 9 2
14 19 7
16 19 11
18 22 8
10 12 7
11 14 10
1 4 1
0 5 3
20 23 1
12 17 9
21 1 7
18 22 11
4 6 2
22 1 6
7 12 10
4 7 9
0 3 8
15 19 2
10 14 10
21 0 1
5 7 3
15 18 2
3 6 3
7 9 11
14 17 9
7 10 11
6 7 10
10 13 4
16 20 9
16 19 5
12 15 11
7 9 11
14 16 6
8 11 2
20 23 3
16 17 7
21 23 5
16 19 5
20 22 10
22 2 5
12 15 8
18 19 6
3 5 7
8 11 3
16 19 9
7 10 5
3 7 6
6 9 1
14 16 7
14 17 6
18 0 8
8 12 11
0 2 1
12 14 8
5 8 7
11 12 8
22 22 7
0 2 11
6 9 6
8 11 7
15 17 8
9 11 11
11 15 7
16 19 9
10 13 11
2 4 4
3 5 5
7 12 3
1 6 11
7 9 9
21 0 7
17 19 8
4 9 7
7 11 5
20 1 1
9 11 1
12 15 6
17 20 2
17 19 4
13 14 5
8 11 2
1 4 10
5 9 5
21 23 5
22 3 4
5 9 3
17 20 9
14 16 7
4 8 4
20 23 8
9 12 11
1 5 1
21 23 2
17 19 9
9 12 5
18 22 6
3 6 5
9 12 1
11 14 6
14 16 9
4 8 1
0 3 5
11 15 9
10 12 6
21 1 1
8 10 4
8 10 5
5 8 1
15 17 1
7 9 8
16 18 4
20 1 9
14 16 8
6 11 10
21 0 9
1 5 1
17 19 9
23 1 4
23 2 6
21 1 2
14 18 10
23 1 7
4 8 2
14 19 8
17 21 9
14 19 5
21 2 6
23 1 7
21 23 10
16 20 4
9 13 4
22 1 10
3 3 3
9 12 10
16 19 1
6 8 9
21 0 11
8 12 9
18 20 4
9 11 9
0 4 1
9 13 9
22 1 10
12 16 6
2 6 6
11 15 6
18 21 3
10 13 6
11 13 10
12 15 6
0 3 11
23 0 9
11 14 6
1 4 10
17 22 7
14 16 2
1 4 10
1 4 1
0 1 8
22 1 8
21 0 5
8 11 10
12 15 1
0 4 1
4 7 1
13 17 2
0 3 1
22 1 9
23 1 8
20 2 6
2 4 1
18 21 11
1 3 4
21 23 10
22 0 10
7 10 8
5 9 10
0 0 1
11 15 11
11 15 10
6 8 1
14 18 8
3 6 2
21 0 3
5 7 3
12 13 5
4 8 10
10 12 8
3 5 6
7 9 6
11 12 11
6 9 9
0 2 5
22 1 5
22 2 3
21 23 11
1 5 2
0 4 5
13 14 7
0 4 2
22 1 5
12 16 7
22 0 5
2 6 10
1 4 7
18 20 9
0 3 7
12 16 10
2 4 2
7 10 3
2 6 3
22 0 5
14 18 8
18 21 11
11 15 1
5 7 1
14 19 2
3 6 3
2 5 10
20 23 3
21 0 2
4 7 2
17 18 10
21 23 1
7 10 1
18 21 7
16 20 7
5 9 9
8 12 10
18 23 1
16 21 9
3 7 3
20 1 5
19 22 10
9 14 6
19 20 2
2 4 4
10 13 10
21 0 5
22 2 1
7 8 11
1 3 6
17 21 2
0 4 3
3 5 11
12 15 9
8 12 8
5 8 8
1 3 1
12 15 8
21 1 6
2 4 11
1 5 8
22 1 3
11 14 9
20 22 6
12 16 11
14 17 9
5 7 5
