100 15
3 3 2 9 6 9 9 1 1 9 3 4 1 3 2 
8 12 13
6 10 3
1 7 14
22 2 2
21 0 2
7 9 13
16 19 14
23 2 11
2 6 5
7 11 1
11 14 12
8 11 15
23 2 14
3 7 2
6 8 15
5 8 4
12 14 4
19 22 15
19 23 4
1 5 9
14 16 3
12 15 3
9 14 1
16 18 5
2 6 13
16 20 8
20 23 14
15 17 13
6 12 12
22 1 2
23 3 10
4 6 9
0 3 11
16 19 10
22 2 13
14 18 2
19 21 3
17 21 2
9 12 11
12 14 9
23 2 3
5 9 4
13 16 14
22 2 4
14 19 4
5 7 13
23 1 12
17 20 15
1 3 13
21 23 4
17 20 5
18 21 10
21 1 9
22 0 15
16 18 7
13 16 10
11 15 1
5 7 4
6 8 10
21 1 9
22 3 5
2 4 11
0 4 9
14 17 5
14 17 6
18 23 3
14 16 10
0 4 2
8 11 13
5 9 9
14 16 5
8 10 8
10 13 3
0 3 15
14 18 10
9 13 6
15 18 14
14 16 13
12 15 6
21 23 5
7 11 15
11 15 14
5 6 14
0 2 4
19 22 11
10 14 7
13 16 7
14 14 3
22 1 15
20 23 2
2 4 13
0 2 1
3 7 12
19 22 4
15 18 3
20 0 4
2 5 9
20 23 8
9 12 7
6 9 9
