400 10
1 3 2 3 1 2 5 8 8 4 
4 7 10
14 18 8
21 23 3
11 15 10
1 5 5
14 16 8
7 11 3
3 7 1
19 23 10
19 22 2
3 6 6
15 16 2
21 0 9
4 8 3
12 15 9
23 3 7
15 17 2
7 8 7
13 15 2
12 15 7
19 21 1
13 14 3
6 9 10
3 6 10
19 20 4
13 17 10
2 5 1
6 9 8
14 17 9
8 12 5
6 8 1
11 15 2
19 0 10
1 7 5
12 15 3
10 13 10
21 0 3
14 17 2
3 6 3
5 9 3
6 9 5
19 23 9
21 23 4
9 11 9
20 23 5
0 2 10
17 20 10
22 1 6
15 19 8
6 11 8
8 12 4
15 18 2
19 23 5
16 19 3
14 17 5
21 22 3
10 12 10
19 23 7
12 14 10
17 22 3
9 12 10
2 4 10
17 22 8
23 4 9
11 13 7
3 9 8
18 22 6
4 6 7
1 3 8
21 0 6
15 17 4
18 22 9
4 9 4
11 13 7
9 13 3
8 10 3
12 14 1
19 22 5
5 7 6
0 3 5
3 8 8
19 23 9
11 14 2
17 20 4
0 3 2
9 12 6
17 20 5
12 17 3
3 6 4
18 20 5
15 17 9
2 5 1
17 20 7
11 14 1
2 3 8
0 4 8
1 5 10
6 9 5
7 10 8
5 9 9
6 9 6
5 7 7
6 10 8
17 21 10
18 19 5
22 1 4
13 14 5
18 22 3
1 5 3
3 7 9
16 20 7
7 10 9
16 21 1
15 17 1
1 4 3
4 8 10
12 15 1
11 14 4
20 23 4
8 10 1
17 21 2
14 19 8
0 3 1
9 12 3
12 14 1
22 1 2
2 7 10
11 14 1
5 8 2
6 10 7
18 23 8
5 9 7
11 15 5
15 19 10
23 3 6
19 21 7
4 6 10
23 1 2
4 9 2
14 18 8
12 15 8
19 22 8
2 5 8
18 21 5
9 10 6
16 17 4
9 11 7
18 22 3
9 12 8
20 0 6
20 23 10
23 2 5
13 15 9
23 2 1
14 16 8
0 4 3
7 8 10
17 20 10
9 11 7
10 14 9
10 15 7
11 15 8
16 20 9
16 19 8
7 9 2
18 20 10
19 22 1
16 18 1
3 7 3
21 2 9
8 10 8
4 8 9
11 15 4
14 17 5
12 14 7
19 22 7
15 18 3
20 0 1
23 0 1
8 13 10
12 16 3
1 4 9
8 9 5
14 19 2
10 14 6
3 5 7
5 8 2
12 16 6
22 1 7
1 3 2
17 21 4
18 22 3
18 20 3
22 1 4
13 16 5
16 19 1
1 6 4
8 13 8
1 3 4
7 9 5
11 13 2
9 12 1
11 12 1
23 3 6
9 11 6
15 18 5
5 8 3
3 5 6
15 17 2
10 13 5
16 20 9
7 12 9
3 7 2
19 22 4
18 21 1
12 16 2
10 13 6
13 16 5
16 20 9
18 21 8
12 14 5
20 21 9
22 2 9
18 21 2
23 3 9
17 20 1
20 23 10
5 7 8
12 14 4
17 20 2
9 11 7
0 5 6
1 4 7
21 23 5
8 9 5
17 21 5
5 9 5
11 13 5
13 14 2
16 20 1
17 19 5
23 1 1
4 7 9
20 22 1
11 15 7
15 17 3
4 8 6
5 7 9
11 14 4
20 1 7
8 10 1
13 16 6
4 7 9
19 22 10
15 18 10
5 7 7
3 5 2
6 8 5
19 21 8
5 10 1
1 5 1
17 21 10
2 3 10
23 2 8
12 15 8
1 3 3
6 9 4
7 11 2
9 12 6
12 15 4
2 6 6
8 11 8
0 3 2
12 16 9
15 19 6
22 1 5
15 18 2
13 13 8
9 14 5
3 6 1
4 9 3
19 20 9
2 4 3
10 13 5
21 0 1
14 17 8
20 22 3
15 18 10
10 14 7
21 23 7
6 10 4
14 18 6
0 2 2
3 6 8
18 22 10
8 11 6
20 23 4
12 16 3
22 1 3
1 4 5
2 5 4
3 6 9
19 22 9
23 0 5
22 1 3
1 3 6
21 23 2
9 12 8
7 10 7
0 3 6
17 21 4
5 7 1
15 18 5
10 13 9
16 18 3
5 7 4
11 13 8
15 18 8
13 15 4
18 20 8
17 19 3
3 6 8
23 3 7
7 9 2
1 3 5
0 1 8
15 18 10
5 8 6
11 13 5
8 11 6
6 9 4
14 17 6
14 16 2
0 1 8
13 14 3
11 14 6
4 5 6
7 10 1
14 17 4
15 17 7
5 8 10
23 1 2
4 6 6
20 0 1
22 23 4
5 9 9
10 12 4
19 23 1
17 21 9
23 3 7
8 11 7
5 8 7
6 10 2
21 23 4
17 20 5
8 9 7
15 17 5
7 11 5
3 7 1
8 13 2
5 7 3
10 14 7
2 5 8
17 21 2
1 4 3
22 1 4
5 8 7
5 8 5
14 16 3
9 13 7
23 2 6
16 20 4
17 19 7
23 3 3
22 1 3
23 1 1
11 13 3
17 19 10
3 5 2
0 1 4
5 6 4
19 23 5
9 12 4
14 15 5
8 10 4
11 14 7
0 2 10
11 16 6
21 1 6
19 21 10
6 10 9
0 2 5
1 3 9
21 1 1
2 6 7
11 14 7
5 9 4
18 21 9
10 13 4
1 3 7
