750 16
4 1 7 7 9 6 1 7 3 10 6 7 4 1 1 2 
16 17 14
23 3 16
22 1 4
14 16 3
4 8 14
2 5 8
15 18 4
19 23 7
0 4 12
12 15 7
9 13 10
20 22 13
7 9 16
23 3 8
20 1 2
22 23 2
14 18 5
23 0 11
9 11 15
21 23 8
20 23 12
3 6 14
20 22 7
20 22 7
15 18 3
0 3 7
4 8 15
9 13 2
9 10 1
1 4 9
13 15 9
20 22 4
17 21 10
14 17 8
2 5 15
16 19 9
13 17 4
11 15 12
19 2 3
8 10 16
4 7 3
13 17 6
7 9 3
18 21 13
10 13 13
14 17 8
18 20 5
8 10 10
1 5 7
13 15 10
15 19 9
4 7 1
0 3 16
11 14 16
3 5 7
0 2 10
21 1 1
3 6 14
2 5 11
5 8 7
17 22 6
14 17 7
7 9 13
3 5 12
16 19 14
23 1 5
12 15 7
10 14 2
17 21 13
16 20 7
18 20 5
15 17 2
12 15 13
7 11 7
9 10 15
9 12 1
19 23 6
2 3 10
13 14 1
20 23 4
11 14 9
9 11 4
0 4 13
15 16 15
19 23 4
20 1 10
9 13 3
6 7 13
4 8 3
5 8 2
11 14 10
6 10 12
17 20 4
5 9 7
15 17 1
19 21 4
14 17 12
0 5 15
17 21 12
8 12 1
8 11 6
17 20 11
12 15 2
6 10 9
9 11 11
14 18 8
20 23 6
16 19 13
21 23 4
5 8 4
11 14 15
8 11 12
16 20 12
17 18 10
17 20 11
15 19 6
8 11 5
11 15 15
3 8 13
7 11 14
15 18 12
4 7 1
14 18 11
21 0 2
7 11 12
18 22 8
15 16 2
3 7 10
4 6 1
3 4 12
0 5 14
20 22 16
11 14 5
0 1 11
1 5 15
8 11 13
11 13 15
8 12 3
21 0 12
8 10 7
12 16 2
12 14 8
17 21 12
14 17 3
4 5 9
21 0 13
18 20 3
2 4 4
12 14 10
5 7 3
10 14 8
18 21 14
16 19 4
23 3 4
15 18 6
10 13 13
14 17 6
23 3 11
15 18 8
9 13 4
23 3 6
11 15 5
23 2 3
3 7 5
2 4 2
4 6 1
23 1 11
9 11 11
20 22 7
0 4 5
2 6 5
8 11 9
15 17 13
17 20 3
12 15 13
0 4 11
21 0 16
7 9 7
13 16 8
5 8 10
23 2 5
4 8 4
6 6 16
5 7 16
17 21 11
11 14 6
19 23 4
12 17 4
15 18 15
7 10 6
23 2 7
22 1 11
7 11 3
23 2 5
10 13 15
22 23 6
19 0 4
9 12 3
16 18 5
11 13 10
0 2 7
22 1 15
11 14 9
0 3 9
19 23 5
10 13 14
18 22 12
2 4 10
22 0 4
23 1 12
8 11 12
11 14 12
21 0 7
9 12 3
11 14 16
21 1 13
8 10 4
3 5 11
8 13 5
3 5 1
23 1 13
9 12 8
1 3 1
6 9 2
11 14 16
15 19 16
5 7 8
9 14 5
20 0 3
2 4 1
14 17 13
2 6 10
21 0 6
23 0 1
7 12 5
8 11 10
11 15 7
22 0 9
19 22 13
8 12 7
3 5 6
15 19 12
12 16 8
22 0 10
0 2 6
19 0 12
2 6 2
3 5 3
8 11 8
10 14 15
9 11 5
6 10 10
5 10 16
4 8 12
3 7 12
6 8 13
2 6 12
17 21 3
23 2 13
11 14 14
20 23 1
14 18 5
22 2 4
21 0 16
19 22 5
4 8 14
21 1 10
22 1 16
11 14 11
20 0 9
9 14 3
20 1 2
13 17 2
23 3 10
5 8 4
0 2 12
6 9 11
4 7 8
15 16 8
12 14 12
2 5 3
15 17 4
18 20 5
19 22 13
16 18 15
13 16 14
5 10 1
14 18 3
8 11 15
14 16 16
9 11 13
2 6 2
4 9 5
8 12 13
5 9 8
9 12 1
5 8 15
19 21 12
18 21 12
18 20 9
23 1 16
14 16 4
11 13 8
9 10 13
15 17 8
15 19 10
16 18 13
15 18 6
7 9 9
14 17 16
6 8 9
4 6 2
7 10 1
3 8 4
21 1 15
10 14 14
2 6 10
7 11 10
23 3 7
11 13 16
1 4 10
23 1 8
18 21 1
8 11 6
5 9 1
14 18 6
4 7 2
19 19 14
17 19 3
14 18 7
1 4 8
13 15 2
20 23 16
12 16 9
0 2 1
23 2 12
18 23 4
9 12 16
23 2 5
17 19 11
19 0 8
8 10 10
0 3 8
15 18 2
3 5 15
2 5 2
14 16 4
17 22 11
4 7 11
7 11 10
14 19 5
4 7 4
1 3 13
15 18 12
3 6 16
7 9 10
6 11 6
6 7 13
18 22 13
11 14 13
22 2 6
15 18 4
15 17 2
16 19 7
11 13 12
3 6 11
13 16 15
5 8 15
17 19 8
3 6 1
3 6 2
8 10 6
13 16 16
1 5 2
10 12 14
2 6 14
10 13 16
3 4 13
3 5 10
6 9 3
4 8 13
15 17 10
21 1 5
4 6 3
18 21 8
11 13 9
20 22 6
14 15 15
2 5 16
13 17 14
1 5 12
22 3 6
13 16 13
12 15 7
15 19 8
12 16 3
4 8 14
12 16 13
15 18 8
5 8 5
8 12 11
20 23 1
15 18 11
2 5 1
11 14 14
10 14 4
10 13 1
18 19 14
23 2 14
3 7 5
0 3 11
19 22 10
15 19 4
10 15 8
20 23 7
5 8 16
18 23 8
20 0 2
12 15 2
17 20 10
23 2 6
5 7 5
15 17 1
15 17 10
19 22 11
5 8 13
19 23 16
11 12 12
17 19 14
21 0 3
20 23 16
17 23 15
21 0 1
22 0 10
7 11 5
19 21 16
7 10 2
23 2 8
14 16 2
2 6 11
8 9 3
4 7 13
11 13 6
4 7 5
20 21 15
19 22 14
17 20 15
23 3 5
3 7 13
9 12 5
2 4 9
5 9 2
22 1 3
9 13 13
5 9 12
17 19 4
18 20 5
7 10 7
20 0 3
23 3 5
4 8 9
10 13 13
13 16 12
9 11 7
10 14 13
23 1 11
11 14 3
16 18 13
22 1 5
0 3 5
7 10 15
22 2 4
4 7 2
13 16 5
11 14 2
2 6 10
20 0 2
22 2 4
22 2 10
23 1 13
3 9 13
3 6 16
9 12 13
12 14 11
15 18 16
13 16 4
7 10 11
2 3 4
13 16 3
23 4 13
8 9 11
14 15 9
5 8 13
12 16 13
5 8 2
9 12 14
7 9 15
15 17 2
15 19 10
8 11 3
12 14 6
0 2 15
8 11 6
7 10 11
11 15 7
5 7 5
9 12 15
23 2 16
13 15 3
22 1 6
12 16 13
23 2 8
18 22 15
4 8 8
11 14 12
9 14 16
11 14 15
18 23 13
11 13 1
9 13 14
8 11 14
0 4 15
0 4 5
0 4 12
9 11 6
20 21 4
22 2 11
19 22 10
7 10 7
3 5 14
15 18 12
17 21 7
1 3 12
6 9 5
1 4 9
15 17 4
19 0 9
2 6 14
21 0 3
22 0 9
10 13 14
11 16 11
6 11 9
1 4 6
0 2 8
20 22 14
8 13 1
21 1 7
16 18 1
11 13 2
12 15 2
19 22 2
6 8 13
0 4 12
20 23 9
14 18 11
15 18 3
4 6 2
11 15 9
11 16 8
5 10 14
7 10 5
5 7 4
7 9 4
2 5 8
18 22 10
15 17 2
6 8 16
4 8 3
21 2 8
10 13 5
2 4 6
17 19 6
5 9 6
17 21 3
8 11 7
8 10 1
23 3 6
23 1 14
18 21 13
12 16 16
12 15 13
13 17 16
9 11 15
9 13 6
3 5 12
6 9 8
20 23 15
2 4 5
2 5 5
3 5 3
23 3 9
7 10 13
3 5 11
8 12 4
11 14 14
21 2 4
8 12 8
4 7 5
23 3 5
14 16 13
12 16 13
13 18 4
13 16 16
23 3 3
16 20 5
17 20 8
7 10 14
14 17 8
21 3 15
16 19 3
20 23 15
9 11 14
9 13 1
18 20 3
5 8 1
4 8 8
20 0 2
0 3 7
7 8 14
16 19 16
14 19 1
18 21 10
20 0 15
12 17 9
14 17 13
9 11 3
10 14 12
8 10 6
17 20 9
3 6 15
4 8 13
16 19 11
19 21 15
10 14 4
23 2 1
5 9 14
11 14 16
15 17 9
6 10 14
19 22 12
20 0 4
18 21 12
2 4 7
5 8 8
7 10 16
14 18 14
22 0 5
17 20 10
14 15 12
14 16 8
8 10 15
4 9 10
14 18 3
0 1 1
23 2 15
2 6 11
6 9 10
8 10 8
11 13 10
3 6 9
21 23 13
18 19 7
23 1 6
1 3 10
13 17 5
5 10 7
0 3 8
18 21 15
4 9 16
16 18 9
19 20 2
1 3 11
2 6 14
12 16 16
17 21 14
20 0 16
14 17 1
0 3 6
3 5 9
15 18 8
3 6 10
21 1 11
13 17 12
23 2 1
18 20 6
19 21 8
8 12 8
12 14 3
1 5 7
16 17 5
13 14 13
5 7 5
20 22 9
19 23 2
9 12 4
11 14 9
2 6 12
6 9 1
10 14 16
0 2 2
6 8 5
14 18 14
17 21 6
6 10 10
22 2 13
7 10 6
17 21 10
11 14 4
5 8 12
21 1 3
4 8 3
7 9 3
7 12 6
21 1 14
6 9 4
23 3 2
0 3 4
10 12 9
10 14 7
9 13 5
16 17 7
20 22 1
1 5 9
9 13 8
15 18 1
23 2 9
13 17 11
16 20 7
19 22 8
4 6 8
18 20 12
0 4 5
11 13 2
15 18 10
22 0 1
16 18 12
1 5 10
6 10 1
14 18 6
15 18 2
13 18 3
17 20 12
14 17 14
4 8 13
8 10 12
7 9 9
7 9 6
1 4 5
14 17 16
