1550 19
9 7 6 4 8 5 4 3 5 3 1 4 10 4 3 9 10 9 5 
18 22 9
0 3 15
1 4 10
22 0 7
8 11 2
12 15 12
22 0 16
17 21 15
21 1 4
8 10 14
1 5 15
4 7 9
2 6 10
17 19 14
4 8 5
3 6 7
16 18 14
19 23 8
19 23 16
9 12 7
18 20 14
8 12 5
14 17 17
23 1 7
12 16 5
13 17 1
16 19 15
3 6 19
2 5 15
4 7 17
9 11 3
10 13 15
16 19 4
11 15 6
22 0 7
7 10 13
12 16 18
5 8 11
23 2 11
5 7 8
7 9 18
16 19 4
14 16 18
8 9 9
4 8 3
7 11 10
5 8 9
1 4 16
20 0 10
16 20 4
8 11 7
11 14 15
13 18 19
18 21 19
6 9 8
10 13 16
18 21 19
2 6 18
0 3 15
0 3 19
9 12 3
2 7 4
2 5 8
4 6 8
12 15 4
14 17 5
23 2 6
20 0 14
21 23 7
13 14 5
10 13 18
14 16 11
18 22 10
5 8 10
19 21 17
19 23 14
9 12 3
15 16 15
5 8 6
12 13 3
20 23 17
6 9 6
10 12 7
13 14 16
2 6 5
17 22 10
2 6 18
8 11 15
5 10 5
3 5 6
11 15 13
7 10 3
17 20 8
22 1 10
23 2 19
11 15 5
0 3 2
23 3 6
2 4 9
14 18 17
8 12 16
0 3 10
5 7 9
6 8 3
21 23 1
1 3 15
4 6 11
6 11 13
1 3 7
19 22 2
20 22 10
15 19 17
13 16 11
9 11 14
3 8 16
14 17 17
19 22 4
14 17 17
11 15 16
22 0 1
10 13 9
9 13 9
4 5 1
16 19 16
13 14 11
11 15 13
7 10 16
4 7 5
9 12 6
0 1 13
17 19 2
22 2 10
16 21 12
22 1 11
3 5 16
2 5 11
11 15 5
11 13 5
13 20 13
23 2 9
22 1 17
7 11 9
12 18 14
14 16 15
6 10 13
9 12 15
21 22 16
2 5 13
18 22 6
23 0 5
3 5 19
9 13 4
8 11 18
22 0 13
20 23 7
6 9 11
11 13 15
15 18 4
20 23 4
3 5 6
6 9 5
22 0 2
22 1 6
14 18 15
5 8 13
3 5 2
14 17 13
18 21 7
13 14 9
21 2 2
19 21 11
7 10 3
17 20 17
18 21 15
12 15 3
4 9 17
8 10 17
2 5 11
12 15 16
5 7 5
1 4 5
16 20 19
17 19 9
5 8 3
5 9 15
1 4 19
19 0 13
7 8 16
2 4 15
11 14 9
17 20 5
17 21 19
2 4 14
0 3 16
6 9 19
10 12 10
21 23 9
21 23 12
5 9 7
15 18 18
20 22 18
16 23 7
2 4 14
4 6 10
10 12 1
16 20 11
11 13 9
20 23 16
23 3 11
14 18 3
1 4 3
9 12 19
2 4 1
11 14 3
10 13 15
12 15 10
3 7 4
9 12 5
22 1 14
17 20 17
10 13 1
4 10 5
14 16 16
19 22 16
23 3 19
22 0 16
8 9 10
20 22 14
18 20 10
9 12 4
6 8 8
16 18 5
7 10 4
13 17 19
23 2 9
10 12 12
20 0 17
6 9 19
11 14 6
10 12 10
9 13 18
12 15 8
7 9 18
11 15 17
0 2 14
16 20 3
17 22 17
18 20 4
15 18 9
17 21 1
19 22 15
14 17 17
14 17 13
4 8 10
14 17 1
22 0 6
19 22 5
20 0 16
20 0 13
15 17 13
21 23 6
10 13 13
0 3 11
9 13 2
1 4 8
7 9 9
14 16 4
19 22 8
17 19 12
19 21 7
18 19 15
6 10 3
2 6 12
12 14 7
5 9 2
2 4 13
4 7 11
21 1 19
17 22 5
3 8 12
20 22 2
13 16 5
22 2 2
14 20 11
4 7 16
2 4 15
9 11 13
10 13 8
22 0 6
19 23 14
13 17 2
10 13 8
21 1 19
1 4 9
7 10 16
22 0 4
22 0 7
13 18 17
11 15 9
17 19 7
13 16 5
19 23 19
1 3 4
16 18 4
1 4 8
6 7 2
6 9 14
20 21 16
10 14 2
12 15 15
10 13 4
20 22 1
3 5 3
17 19 17
23 1 13
6 8 4
16 19 9
13 17 6
22 23 16
23 3 15
5 9 11
1 5 3
10 14 1
14 17 19
14 17 14
8 11 9
22 1 7
17 20 6
2 4 12
4 8 18
8 11 11
12 15 13
9 11 19
18 21 4
5 8 8
15 16 3
23 2 12
22 2 10
20 0 5
16 20 13
1 4 6
23 1 5
6 8 11
7 10 17
2 5 13
9 12 1
0 3 17
22 3 10
10 14 7
15 19 12
15 19 2
1 5 2
3 8 15
5 8 17
1 4 2
2 5 7
0 3 13
12 16 3
16 20 11
23 3 17
18 20 4
5 7 19
14 17 14
4 8 11
20 0 1
12 14 19
14 17 11
22 2 12
13 14 19
11 15 7
1 5 13
11 13 3
10 12 10
2 3 2
7 10 13
17 19 17
23 1 4
16 22 5
7 9 16
12 15 7
2 5 1
6 9 8
6 10 15
6 11 9
6 10 1
0 4 8
13 15 16
10 13 15
9 12 14
12 15 15
8 11 3
1 3 16
1 4 5
3 5 3
23 1 19
3 7 11
3 4 15
0 4 6
14 16 19
23 2 5
20 0 1
9 11 7
0 3 13
3 6 7
18 20 14
22 3 14
12 15 13
21 23 18
3 8 5
8 11 11
18 20 17
11 13 16
20 1 5
3 6 12
14 17 17
4 6 11
0 3 14
15 19 18
20 22 7
22 1 6
20 0 17
4 7 7
2 4 5
5 8 4
9 11 7
23 1 16
3 7 5
2 5 3
16 20 19
21 0 15
18 22 15
8 11 6
21 1 12
1 4 6
19 22 19
10 14 6
17 22 19
22 1 6
4 5 13
17 18 18
8 11 11
9 10 1
19 22 10
8 9 1
20 22 3
10 12 11
8 10 19
9 11 9
5 6 5
22 4 18
13 16 19
3 6 7
6 7 6
0 2 11
20 1 14
6 10 1
18 22 6
8 8 12
13 16 15
3 6 10
5 7 1
9 12 13
3 7 15
12 16 8
22 0 19
13 16 6
11 16 14
0 2 4
13 15 13
6 10 17
0 2 4
0 3 17
10 13 6
10 13 19
22 3 5
15 18 4
4 7 12
2 5 1
19 21 10
7 9 17
3 6 11
2 4 19
18 21 13
16 20 12
4 9 4
11 14 13
21 0 19
12 17 10
19 23 5
0 4 17
3 5 16
15 21 14
0 4 10
23 2 6
2 3 6
9 12 17
14 16 4
21 23 8
0 1 10
20 0 9
12 13 13
3 6 18
19 23 5
20 22 16
20 1 3
1 4 1
16 17 17
10 15 19
14 17 17
16 18 6
18 19 9
14 15 19
6 9 12
4 7 5
18 23 6
21 0 13
5 8 2
11 14 14
8 11 5
2 4 6
18 20 4
19 21 11
5 9 11
18 21 10
8 11 18
21 23 14
13 15 9
5 8 6
13 16 10
3 5 18
17 20 3
21 0 12
2 7 18
20 23 16
7 10 15
8 9 9
8 10 8
18 22 8
1 3 7
9 11 17
22 1 6
18 22 19
10 13 14
7 8 17
13 15 9
16 20 11
12 16 15
16 19 9
4 6 5
17 21 1
22 2 18
7 10 14
1 4 10
2 4 3
14 17 15
19 22 8
0 5 11
22 2 17
21 23 13
17 21 14
21 1 18
4 6 17
15 19 8
22 1 19
22 1 12
11 14 14
6 10 8
11 12 5
16 19 16
23 2 11
15 18 12
0 2 4
7 9 10
3 7 5
3 4 11
2 4 11
20 0 8
11 15 9
22 1 7
14 18 19
21 0 8
13 15 8
15 18 14
23 2 8
10 12 3
19 22 11
21 0 9
7 11 14
17 19 1
6 7 11
18 22 10
5 9 13
22 1 6
16 20 16
18 21 11
6 11 19
5 8 10
17 19 6
0 5 11
8 11 12
19 22 9
23 1 9
1 5 19
22 0 5
4 8 17
17 19 8
3 7 7
10 14 19
21 0 3
1 3 17
2 4 19
8 11 14
12 13 3
20 23 6
11 14 13
18 20 1
0 3 11
15 20 8
20 22 17
19 22 3
8 11 2
8 11 6
4 8 1
15 18 13
23 3 15
2 5 3
13 16 3
8 11 4
13 16 6
8 12 17
16 19 4
8 10 9
18 21 5
8 11 17
23 2 9
14 20 7
10 15 4
10 12 19
9 11 15
5 8 3
12 16 5
12 16 17
1 5 5
6 7 14
13 16 5
7 8 14
4 6 1
0 2 8
6 10 2
4 7 13
13 16 13
18 22 12
1 4 14
16 21 18
20 23 8
11 15 4
6 9 6
22 2 1
21 1 3
7 9 12
19 23 5
16 19 8
0 3 9
14 16 11
1 4 1
2 6 1
13 18 17
14 18 16
5 8 16
23 2 4
8 9 6
21 0 10
5 8 2
2 5 17
12 14 14
7 12 6
1 5 9
15 19 18
2 4 8
19 22 2
2 4 11
0 3 4
21 23 8
5 7 7
10 12 6
21 3 2
0 4 8
17 20 2
21 1 3
15 19 15
3 7 6
22 1 16
4 9 10
17 19 12
1 4 14
8 10 11
10 15 14
15 18 14
23 3 12
1 5 1
11 12 12
9 10 4
17 22 17
9 11 13
6 9 1
0 3 14
10 13 13
14 16 10
13 18 1
16 19 1
18 21 2
22 2 8
10 13 4
8 11 1
4 7 2
5 8 18
16 21 1
12 14 13
19 22 6
17 20 4
14 17 13
8 10 7
1 3 2
20 23 7
17 19 19
1 4 1
2 3 15
16 18 7
11 14 1
5 6 11
7 9 18
5 7 14
3 6 2
0 2 16
12 14 9
13 15 13
20 23 5
2 6 19
20 23 8
10 11 3
17 20 3
21 1 11
17 20 18
4 8 1
6 10 10
3 4 7
18 21 6
18 21 10
4 8 10
11 14 6
11 13 18
13 15 14
8 12 6
4 6 4
22 2 14
19 22 12
19 21 11
15 18 14
3 6 18
9 11 11
19 22 3
4 6 5
17 19 15
3 7 18
7 12 6
16 19 16
2 5 8
18 21 1
2 7 6
3 8 13
19 22 10
23 2 10
21 1 11
15 17 9
4 7 7
12 15 14
7 9 9
16 20 7
1 4 17
7 12 6
23 2 9
14 18 18
19 21 8
17 21 12
9 14 11
5 10 4
13 16 12
5 7 5
7 10 14
8 11 18
2 3 1
18 21 3
5 8 15
0 3 7
1 3 17
19 22 5
18 21 7
10 12 3
22 2 15
7 10 1
5 9 17
15 17 1
0 5 15
18 20 15
6 9 9
12 14 2
6 10 3
4 7 16
7 9 1
1 6 1
12 16 17
11 13 10
5 7 1
5 9 16
17 20 2
3 6 4
13 15 10
15 19 9
0 3 2
23 2 15
10 12 13
13 17 19
23 0 8
5 8 19
1 2 4
0 4 7
8 11 6
12 15 16
13 15 1
12 14 8
13 16 2
18 21 5
10 14 18
22 1 12
16 20 7
13 17 3
4 10 2
14 19 2
12 16 14
14 16 9
14 18 11
6 8 3
4 8 12
17 19 9
22 2 15
2 4 7
7 11 18
11 13 5
23 1 8
15 20 9
3 6 7
12 15 2
5 8 13
13 16 17
12 17 19
6 10 14
10 14 4
9 13 19
9 10 9
16 19 17
15 20 4
0 3 18
0 4 13
12 16 1
8 11 3
21 23 18
10 12 17
16 20 2
8 13 18
11 13 10
16 18 17
17 18 1
13 16 15
4 6 7
17 19 9
12 15 4
2 7 13
7 9 1
23 2 13
1 2 18
19 23 15
16 19 3
16 19 7
23 3 18
23 2 3
20 23 18
5 4 19
3 5 1
12 15 11
9 11 5
6 8 5
19 0 12
9 12 12
10 14 4
0 4 19
19 21 8
6 8 11
19 22 15
13 15 6
23 1 10
16 19 14
20 0 18
0 5 1
15 17 17
13 17 15
10 14 16
8 11 5
0 2 5
16 20 2
2 7 17
22 2 7
5 8 4
0 4 13
3 7 17
13 15 19
9 13 8
21 0 11
4 6 8
20 22 1
22 3 13
22 1 10
3 4 9
16 19 6
7 12 19
0 3 7
18 21 8
17 19 11
3 6 2
6 8 15
7 10 12
19 1 5
12 15 11
19 22 6
5 8 9
9 12 12
18 21 6
23 2 15
9 11 8
14 17 2
2 4 10
4 8 17
8 12 9
1 3 9
13 17 17
1 5 10
16 18 14
18 20 1
20 23 11
14 17 16
7 10 6
0 3 11
0 4 10
19 21 19
19 22 16
4 7 15
20 21 12
15 20 14
12 15 13
17 20 1
15 18 4
9 14 4
13 16 18
19 21 6
10 13 13
20 23 3
21 0 3
14 17 18
13 15 14
5 9 6
21 0 18
11 13 2
17 20 16
6 8 1
16 19 6
18 21 14
16 19 6
0 2 15
18 22 18
5 11 10
8 12 10
6 10 12
11 12 8
23 3 6
15 18 4
13 19 17
22 0 8
8 11 11
10 12 4
19 22 17
8 12 18
0 5 10
16 21 15
23 1 12
0 3 5
4 8 2
13 16 15
15 17 11
23 2 3
6 9 8
7 10 6
23 4 18
11 16 12
14 15 9
6 9 19
11 13 5
15 18 13
17 21 1
0 3 4
11 14 9
21 0 7
7 11 17
3 6 18
23 2 12
4 7 14
14 17 5
7 11 8
11 14 6
11 15 5
14 17 8
11 14 12
14 18 7
1 5 8
0 6 19
13 15 4
5 10 5
16 20 15
5 8 16
3 3 13
23 2 16
0 3 2
6 10 19
1 4 9
22 1 3
3 6 2
9 14 13
8 13 18
6 11 12
21 23 12
10 12 13
22 1 4
7 8 7
18 21 16
18 19 13
0 3 13
16 19 12
5 8 19
10 12 18
16 19 14
10 13 11
11 15 4
6 9 1
17 21 12
10 12 10
20 22 2
1 5 10
9 12 8
21 2 16
23 2 19
14 17 16
22 2 19
15 17 14
23 2 8
16 19 12
6 11 17
17 20 12
14 17 8
9 12 19
8 11 7
4 7 14
5 7 3
20 22 8
16 21 18
17 20 4
6 7 10
1 5 15
18 19 3
18 20 9
2 6 19
3 4 8
13 14 17
4 6 13
4 7 9
21 2 14
5 8 7
0 3 4
23 3 15
5 9 15
1 4 13
19 22 2
22 0 3
17 19 18
3 7 18
18 20 10
17 20 13
10 13 11
3 7 18
10 14 15
0 2 11
6 11 7
22 0 14
16 21 3
15 17 15
14 16 1
19 23 16
2 5 4
7 9 2
23 1 5
0 4 10
12 16 16
17 19 16
23 4 4
23 3 14
17 20 14
0 2 13
18 22 5
15 20 5
8 11 18
5 7 12
9 13 3
8 11 2
23 1 1
22 2 6
21 0 3
16 20 16
6 8 16
8 10 13
3 5 12
6 10 11
21 0 8
6 9 17
23 2 9
13 17 8
4 8 17
5 8 12
4 8 11
14 17 12
23 1 14
7 11 10
19 22 9
23 2 19
20 0 15
22 2 3
5 9 16
6 8 1
3 5 19
21 2 15
5 10 7
18 21 8
23 3 15
17 21 13
8 10 6
5 8 1
0 3 9
15 18 2
3 7 9
0 2 19
4 8 18
7 12 12
5 7 16
16 18 6
5 10 4
22 2 2
8 9 5
4 9 3
15 19 9
19 21 15
0 3 19
12 16 4
3 5 5
23 2 14
10 12 3
11 15 13
6 9 19
21 2 14
21 1 11
10 13 12
16 20 11
18 21 7
8 12 12
3 8 12
15 19 13
4 7 15
5 9 10
2 5 8
20 23 7
10 13 19
10 13 9
3 5 8
11 14 10
1 5 1
13 17 16
12 15 1
14 16 17
2 5 13
7 10 16
19 0 7
20 21 15
21 0 18
23 0 8
18 22 17
18 21 16
5 8 6
13 17 5
9 11 16
23 2 4
23 2 6
16 20 13
6 9 16
6 9 6
0 2 19
1 3 12
3 6 2
2 5 5
19 20 5
16 21 1
10 13 3
2 5 8
5 9 9
5 7 17
18 21 18
2 4 15
13 16 15
3 5 3
3 7 5
15 18 3
5 7 8
16 19 14
10 14 2
20 22 10
10 13 6
22 1 1
18 20 7
18 22 1
6 9 16
13 16 10
2 4 16
9 10 2
21 0 1
4 6 8
12 15 10
23 1 17
8 9 4
3 7 13
23 2 6
13 15 13
12 15 9
21 0 7
9 12 18
9 12 19
3 7 14
11 16 5
19 22 5
7 9 10
1 5 8
10 12 16
14 16 2
4 7 1
13 17 16
2 4 17
17 21 5
15 20 16
4 5 18
16 20 15
0 3 8
21 0 17
3 5 7
19 21 17
14 16 6
2 3 7
20 23 10
22 1 4
11 15 17
18 19 2
16 18 1
0 3 12
17 21 6
14 19 4
10 15 9
6 9 12
15 16 15
3 7 6
23 1 19
7 10 5
20 23 14
20 23 8
23 23 14
1 4 8
17 21 1
3 5 3
3 7 19
13 17 18
17 20 14
13 17 12
18 22 15
23 3 1
13 17 19
8 12 10
5 7 16
9 13 14
13 16 10
11 13 9
23 3 12
12 17 10
23 2 17
20 23 15
18 22 2
5 8 10
7 11 7
8 11 3
15 17 1
0 4 7
4 8 7
20 23 14
13 16 16
19 20 5
15 18 16
8 10 15
23 1 4
0 4 5
8 11 4
7 10 2
16 19 15
12 15 19
19 23 7
23 1 8
13 16 2
20 0 8
16 19 4
15 20 19
0 3 14
19 22 15
1 4 13
18 22 14
13 17 17
7 10 1
13 16 19
8 11 8
13 15 13
16 18 13
12 17 7
13 16 5
0 4 14
2 4 1
6 9 3
12 16 12
11 14 6
16 19 3
23 2 3
5 6 15
10 14 17
14 17 6
9 12 2
13 16 3
1 3 2
10 11 13
3 5 8
0 4 8
3 6 4
15 20 6
21 23 2
22 2 8
13 17 8
0 3 19
12 14 19
13 17 6
0 1 18
21 0 6
12 17 8
1 4 6
2 5 4
7 10 15
17 21 3
2 4 19
5 7 10
23 2 6
12 16 13
4 5 13
5 8 18
19 22 3
1 3 8
8 11 8
2 5 6
21 23 4
22 1 7
3 5 3
17 19 10
21 23 17
21 0 19
6 9 14
0 2 10
12 15 19
18 20 13
12 16 13
11 12 16
15 20 3
10 12 8
4 8 19
2 3 1
7 11 16
22 0 17
1 4 16
22 1 7
6 9 1
7 11 9
10 15 8
2 5 17
23 4 17
16 19 13
20 22 2
2 6 7
1 3 8
19 23 15
13 16 4
19 21 19
5 7 10
16 20 1
20 23 19
0 5 18
7 10 15
3 6 6
0 3 11
9 10 17
14 16 13
16 21 6
8 12 16
8 10 10
16 20 16
18 22 3
0 3 3
20 23 19
16 18 8
9 11 11
5 6 3
11 14 5
20 23 7
17 20 18
23 2 2
17 20 16
13 16 14
12 15 2
1 5 16
22 0 16
23 1 7
6 8 5
8 12 13
22 2 10
3 3 11
16 19 15
9 13 17
20 22 3
6 9 14
13 16 12
15 17 18
21 0 8
12 17 3
9 14 5
5 6 12
8 9 18
13 15 2
20 22 8
20 23 7
13 15 12
12 14 17
5 8 7
2 6 12
22 1 4
4 7 13
5 8 13
8 10 11
14 17 11
15 19 2
12 13 5
8 12 6
17 19 7
2 5 10
23 3 11
16 18 2
23 4 9
22 3 15
10 12 3
3 6 7
17 21 16
2 5 15
6 9 6
14 18 4
9 12 5
14 16 13
9 11 7
3 6 2
20 22 1
9 12 19
14 15 13
7 9 16
17 19 10
15 19 5
15 18 12
2 4 3
0 4 14
18 21 11
20 0 14
17 17 10
12 12 16
5 9 17
22 1 7
9 13 11
18 21 4
12 16 17
16 20 18
10 13 8
7 11 17
19 21 9
17 20 13
15 17 14
16 19 6
9 11 12
9 13 3
7 10 7
16 18 16
6 7 5
22 1 5
17 20 15
11 13 13
23 3 18
20 0 12
17 20 6
21 2 4
0 4 14
15 20 14
19 21 18
7 9 15
9 11 6
0 2 12
5 9 19
4 9 3
12 15 7
19 22 13
4 6 6
15 18 3
10 13 17
13 17 18
2 3 2
6 8 18
8 12 8
9 12 2
0 1 14
10 13 13
7 10 12
16 19 12
4 6 13
15 18 16
