150 14
10 3 5 9 7 8 2 8 6 1 1 4 4 4 
17 20 10
10 14 12
10 12 1
15 18 11
11 13 6
21 1 3
2 4 1
8 11 6
19 21 2
17 21 3
1 4 2
19 21 10
13 16 10
9 13 5
21 1 9
19 20 9
2 6 9
19 21 10
0 1 11
18 21 6
5 8 10
17 19 11
6 6 5
1 5 12
16 18 5
1 4 14
5 9 6
16 20 5
2 4 13
7 10 5
5 8 9
4 7 8
16 19 5
8 12 4
2 7 8
17 21 2
2 5 12
5 8 2
10 14 9
0 3 14
2 6 2
6 8 3
20 0 7
23 1 14
0 3 6
3 8 4
0 3 6
21 2 12
15 18 12
21 23 1
5 8 6
15 19 14
5 10 3
18 22 5
23 3 11
21 0 11
11 14 8
13 16 9
23 2 13
6 9 4
10 14 1
6 9 11
18 22 8
1 4 14
17 20 3
22 1 5
16 18 4
17 20 14
14 18 11
12 16 12
5 7 5
9 12 9
10 14 13
15 17 6
3 5 7
0 4 12
15 18 2
20 22 9
14 19 7
22 1 6
7 9 3
14 16 8
8 9 10
0 2 13
16 21 10
20 0 10
6 9 4
1 2 1
0 4 10
4 8 10
23 1 13
9 12 13
11 15 1
15 17 9
5 8 11
18 23 3
13 17 2
6 9 13
23 3 8
10 13 13
5 7 2
4 6 6
7 11 1
19 22 11
2 6 5
21 0 8
18 23 4
12 15 14
16 19 1
15 18 10
1 4 5
12 15 8
21 0 3
22 2 4
17 18 9
7 12 1
12 15 8
4 8 1
15 18 6
22 2 8
5 6 7
18 23 14
8 11 14
4 8 5
23 2 7
15 19 10
11 14 12
20 23 12
15 19 2
13 15 7
11 15 12
8 12 6
4 7 6
13 16 9
8 10 3
3 7 2
5 7 6
18 22 11
19 23 6
15 17 11
4 6 4
22 1 14
0 1 13
3 6 1
17 21 2
7 10 4
18 20 12
11 13 13
22 1 14
18 20 2
