150 16
10 8 5 10 6 6 1 8 4 2 7 8 3 4 4 5 
9 12 6
4 5 12
11 12 4
6 10 2
4 8 15
10 12 10
7 10 3
9 13 6
9 11 16
10 14 2
16 19 13
22 1 14
1 6 1
5 9 4
3 6 16
6 9 3
9 9 16
7 10 16
1 5 12
12 14 2
13 15 8
13 16 13
15 18 13
12 16 12
20 23 3
15 19 9
21 21 5
14 16 11
20 22 11
6 9 14
23 0 9
23 3 9
17 22 11
16 18 14
7 10 2
11 15 13
21 23 15
1 3 15
21 1 15
11 14 2
12 14 6
15 17 6
6 10 14
22 2 3
20 0 1
6 9 11
15 18 16
15 19 7
3 5 6
15 19 12
21 22 7
16 18 9
3 5 16
8 12 11
0 4 12
5 7 14
6 9 14
17 23 6
2 5 9
16 20 16
9 11 10
3 7 4
21 23 16
15 18 9
14 17 7
5 7 8
5 9 13
4 6 1
18 21 1
5 8 7
13 16 11
1 2 7
20 0 13
20 22 7
3 6 16
8 11 12
23 1 14
19 22 11
7 11 10
21 1 9
18 22 11
12 16 2
11 13 3
0 4 3
18 21 12
9 12 14
11 15 9
17 21 8
22 1 15
12 15 6
9 11 1
1 5 1
16 19 12
7 10 13
6 8 9
3 5 7
1 4 4
1 5 15
11 16 16
4 7 13
5 7 14
10 14 1
22 1 2
8 11 12
4 6 4
8 12 11
17 21 7
17 21 6
9 12 12
19 23 9
16 19 13
5 9 2
22 1 16
16 20 5
16 21 1
19 21 13
6 9 9
14 18 9
5 8 7
3 5 6
18 20 13
8 11 14
15 18 11
18 20 4
4 6 6
23 1 1
23 23 14
6 10 15
21 1 1
11 15 4
3 7 11
0 3 4
21 1 10
9 12 12
15 19 10
18 21 15
10 13 12
21 1 2
7 10 16
20 22 16
3 6 14
4 8 10
23 2 5
16 18 11
12 16 15
11 13 7
14 18 10
22 0 8
22 0 14
19 23 2
