3050 17
7 10 6 10 9 3 7 5 3 4 10 2 3 8 4 9 3 
22 23 10
20 23 14
20 22 6
4 8 14
5 8 13
1 5 7
15 18 16
10 13 5
6 10 17
0 1 6
10 12 6
13 18 13
17 21 17
15 20 5
16 19 2
3 5 5
23 1 7
19 22 15
15 19 9
8 11 10
9 11 13
13 17 1
1 4 11
19 22 10
0 4 15
4 9 15
18 21 3
9 12 15
3 5 3
13 16 15
16 18 15
5 8 11
20 0 8
1 5 5
19 23 6
0 3 1
22 1 4
6 7 13
9 12 8
2 4 2
3 8 16
1 6 8
7 9 6
15 18 13
6 9 4
8 12 7
9 12 5
8 10 6
3 6 17
23 2 7
18 23 8
16 18 3
8 12 2
21 0 3
19 23 6
0 3 16
5 7 4
17 21 12
1 4 15
11 16 6
10 11 8
5 8 3
1 5 12
3 6 11
11 14 5
7 11 16
4 8 13
3 7 16
14 17 1
21 0 5
3 4 17
19 22 16
4 7 10
12 14 2
11 13 4
7 10 10
17 22 3
19 22 7
20 1 4
7 10 9
10 12 11
21 0 5
19 23 2
13 17 9
10 13 7
5 8 13
11 14 7
0 5 2
22 0 9
7 11 8
21 1 13
4 7 5
4 8 11
17 20 14
9 12 6
7 9 17
15 16 6
8 12 16
8 13 15
4 8 8
0 3 14
19 22 8
5 10 10
17 21 14
11 14 9
3 5 12
12 17 17
2 5 3
14 17 16
1 4 1
23 0 8
13 16 12
23 1 2
11 12 8
9 12 11
18 20 1
2 4 9
9 10 5
13 16 6
23 2 3
15 18 3
6 8 3
1 5 7
20 21 11
10 15 13
9 11 1
4 7 15
17 20 2
2 6 13
6 8 10
6 10 11
4 6 12
12 15 12
1 4 4
21 0 17
7 9 17
12 16 3
2 4 12
2 5 2
8 9 2
1 3 7
21 23 4
18 21 5
8 13 13
11 14 2
3 5 3
4 8 4
10 14 10
6 9 15
18 22 12
5 8 17
17 22 16
21 2 15
15 17 7
0 4 11
6 9 15
21 0 12
3 6 9
3 7 4
23 2 11
5 8 3
19 21 15
5 8 10
0 1 3
18 22 6
22 2 1
11 13 12
5 7 7
10 13 12
20 23 12
12 16 5
18 20 7
19 21 5
11 14 7
5 8 8
1 4 12
21 1 10
6 9 15
22 1 16
3 5 11
16 18 1
7 10 8
4 9 15
16 18 12
10 11 15
3 6 9
23 2 16
12 14 7
14 17 17
18 20 14
17 21 4
2 5 17
11 13 6
20 23 14
18 21 4
6 9 12
15 19 14
21 1 14
3 8 7
15 17 7
22 3 14
6 8 13
11 14 2
10 12 1
0 3 13
13 17 17
14 15 11
23 3 12
15 17 9
6 9 3
21 23 13
23 1 12
16 19 5
15 18 3
23 3 4
1 6 3
0 1 9
4 7 10
5 5 17
20 0 8
5 10 16
0 4 14
14 16 16
13 16 13
0 2 15
23 3 15
16 20 16
8 9 1
10 13 13
23 1 9
4 7 7
3 6 15
16 20 2
21 1 15
23 1 6
8 12 11
10 11 2
18 22 6
10 12 14
10 11 16
0 2 5
14 19 10
17 20 14
16 18 17
2 4 16
4 8 13
18 20 4
22 0 2
5 8 15
6 9 5
17 19 16
10 13 14
22 2 5
10 12 5
15 17 13
15 18 11
21 22 11
19 20 8
18 20 11
16 19 16
12 16 3
21 0 2
21 1 1
18 19 8
22 2 15
16 19 3
10 12 16
6 8 8
0 4 4
12 16 6
11 13 14
7 9 11
10 12 5
5 7 13
5 7 16
16 19 15
13 18 16
15 18 2
4 8 13
8 11 14
10 12 11
5 6 3
11 13 11
14 17 15
11 14 2
4 7 8
23 2 9
10 13 11
23 2 4
17 21 3
9 13 2
19 22 14
0 3 15
5 7 8
14 17 2
1 4 1
8 12 8
2 7 5
16 19 15
16 21 15
3 7 12
5 8 17
13 14 13
23 3 6
13 13 1
13 17 12
18 20 15
4 8 9
14 17 7
3 5 10
21 0 3
18 22 12
23 2 17
7 10 13
20 0 6
16 18 7
5 9 17
21 0 13
9 13 15
5 8 5
2 4 4
14 18 1
16 18 15
4 8 7
22 2 8
18 21 12
15 19 1
14 17 8
12 16 10
12 15 11
12 16 13
5 9 14
22 1 7
9 11 8
8 11 8
19 21 5
3 6 4
15 18 2
14 17 17
4 7 3
7 11 9
13 17 15
23 4 3
15 19 9
9 11 6
17 20 1
14 17 15
17 19 10
13 16 11
4 9 14
7 10 13
2 6 5
14 18 6
22 1 5
2 4 12
9 11 13
7 11 16
8 11 9
0 2 6
23 2 6
21 2 14
22 0 10
20 0 14
19 19 2
23 3 8
2 4 7
0 1 11
15 17 12
9 10 12
4 6 6
5 7 12
21 0 8
6 7 15
9 12 9
6 8 15
8 11 10
14 17 7
11 14 9
3 5 14
18 19 2
19 23 16
16 19 5
4 9 15
0 4 3
22 1 9
23 2 4
4 6 5
22 0 3
7 10 4
3 6 17
23 3 12
1 5 4
16 17 1
1 4 1
1 6 7
6 8 4
0 4 7
0 4 7
11 14 4
3 6 15
22 1 16
5 8 3
5 10 12
20 22 12
13 15 12
19 22 8
18 20 14
3 6 17
10 13 16
2 6 11
11 13 2
11 13 6
2 5 14
5 7 16
3 6 8
16 17 6
3 7 16
19 22 16
22 1 3
14 18 17
12 14 8
18 21 15
10 12 17
1 2 10
13 17 6
0 3 17
17 20 4
4 10 5
9 12 14
8 10 13
9 12 4
9 11 7
1 3 2
21 23 9
13 16 6
8 13 3
11 13 7
18 21 3
17 20 15
7 11 1
4 8 4
20 0 11
14 17 4
10 14 3
18 22 15
10 14 13
11 13 1
8 12 1
21 1 14
16 17 4
13 17 5
4 7 8
16 20 16
16 21 1
16 18 14
22 1 2
6 10 3
2 5 11
23 2 1
6 8 9
23 1 11
15 17 10
15 18 4
17 20 1
3 6 11
15 19 8
5 8 12
20 0 7
16 18 15
22 1 15
1 2 17
23 3 17
1 5 9
19 21 9
12 15 1
17 22 14
0 1 12
22 2 10
20 23 15
7 10 5
16 18 12
14 16 13
22 1 4
21 1 16
7 11 7
20 0 12
8 13 5
17 20 17
8 11 13
12 14 2
18 21 12
15 17 3
5 8 17
8 11 1
18 22 1
16 20 10
19 21 12
21 0 12
12 14 9
8 10 16
12 16 7
16 21 8
11 15 5
23 2 4
10 14 11
7 10 2
4 8 6
15 18 13
13 15 7
8 11 16
11 15 17
14 16 12
23 2 10
23 2 4
17 21 3
15 16 1
19 22 4
1 4 14
15 16 9
7 9 6
0 5 2
0 2 14
20 0 8
3 7 7
20 23 9
1 5 12
1 5 13
0 1 15
12 14 1
2 6 13
22 1 7
4 6 5
10 13 5
4 7 13
6 7 10
18 19 6
7 10 4
20 23 1
2 5 5
20 23 5
18 21 11
6 10 8
7 10 6
8 10 8
8 10 14
4 8 3
1 3 13
5 8 7
16 18 1
23 3 11
10 12 2
6 9 4
22 2 16
3 2 6
0 4 4
21 0 15
10 13 9
2 5 15
5 9 16
9 12 6
11 15 13
5 9 5
23 3 11
11 15 3
12 16 11
8 12 3
18 20 10
0 3 14
7 9 13
3 5 3
11 15 4
16 18 11
19 22 4
22 3 9
9 11 6
17 19 13
17 20 7
9 12 8
20 21 13
21 0 7
14 18 8
19 22 7
7 9 9
22 1 14
20 22 11
6 10 16
6 7 15
4 7 8
19 22 9
17 22 12
15 17 8
9 12 2
2 5 10
5 10 2
4 7 7
13 16 7
23 0 2
11 14 11
17 20 8
15 20 7
7 11 17
4 8 6
9 14 7
3 6 10
14 16 9
16 19 5
21 2 2
16 18 1
7 9 6
14 17 6
5 7 3
15 18 7
2 4 3
4 7 5
1 6 13
20 22 5
8 11 10
14 18 8
6 12 17
4 6 9
11 13 5
15 18 7
5 6 3
15 17 6
1 4 5
18 22 3
14 18 12
8 11 14
14 16 10
17 20 16
5 8 4
1 3 15
11 15 3
17 20 16
21 0 1
22 2 11
16 18 15
16 19 7
17 20 3
18 21 3
14 18 4
17 21 6
15 19 10
12 15 3
3 6 7
13 14 9
0 5 16
8 12 14
6 8 17
17 20 7
3 6 2
9 13 15
12 17 1
22 2 11
18 20 6
6 10 15
23 1 8
17 18 8
3 7 7
19 22 5
10 13 6
5 7 4
1 3 16
17 23 16
4 8 7
12 15 3
15 15 4
3 4 3
21 1 8
1 3 8
8 11 3
9 12 11
21 1 6
3 6 13
2 5 12
0 3 16
19 22 6
19 21 4
9 11 17
17 19 1
12 14 12
21 23 16
21 1 10
14 16 4
8 11 11
15 18 13
13 18 14
13 16 12
21 0 14
8 12 7
20 0 4
5 7 11
2 4 17
18 21 12
16 20 12
6 9 9
10 13 4
4 5 5
12 13 16
3 5 8
16 19 7
2 3 5
9 12 4
7 10 4
19 21 16
0 3 2
16 18 10
9 12 14
16 17 6
22 0 7
6 9 14
20 0 17
22 1 1
11 13 3
5 10 16
12 15 2
5 8 15
17 20 7
13 17 11
21 1 1
17 22 6
22 2 6
11 13 4
5 10 12
17 21 11
1 4 16
9 12 17
19 23 9
7 9 17
0 5 4
1 3 11
14 17 6
4 6 1
8 12 13
10 13 11
0 3 6
12 15 7
8 11 8
4 6 11
14 17 6
19 0 3
0 4 8
5 10 1
10 12 7
9 14 11
16 20 13
8 11 7
6 9 10
10 12 11
3 7 13
19 23 12
0 3 16
23 1 5
17 19 13
18 22 15
11 15 3
23 3 4
11 13 7
16 21 15
5 8 15
4 7 16
16 19 5
10 14 15
20 22 11
10 13 2
20 23 16
3 5 5
20 22 7
1 1 13
15 17 14
11 13 9
18 21 4
6 9 8
13 17 6
21 0 10
6 10 1
5 8 12
16 18 15
19 23 3
9 11 13
15 17 5
18 21 12
7 11 17
6 8 2
17 19 10
6 8 14
15 17 6
2 5 17
20 1 4
0 4 6
12 14 11
12 15 3
6 10 5
5 7 14
6 9 3
11 13 6
22 0 4
6 8 5
9 10 10
2 5 12
13 16 14
5 8 5
7 11 12
21 0 9
7 10 16
9 13 1
4 7 15
8 11 5
0 2 5
17 20 2
10 14 1
1 5 15
15 18 2
20 22 2
5 8 1
3 6 6
13 14 9
10 12 11
9 12 11
22 1 4
3 6 10
9 12 14
8 12 7
3 5 16
9 12 1
3 6 9
5 8 13
17 20 7
4 9 15
1 3 3
7 11 1
22 0 14
11 14 8
3 5 15
3 5 14
16 20 2
23 1 14
7 11 14
19 22 3
0 4 3
5 9 16
21 0 15
20 0 13
3 5 17
4 8 16
13 19 3
3 6 2
16 19 3
17 20 13
22 22 17
5 9 17
0 4 17
12 16 7
14 16 5
8 10 9
16 20 6
13 17 15
16 20 17
10 14 5
22 0 17
13 15 16
23 1 14
15 19 8
22 1 17
13 17 7
0 1 2
21 23 4
6 8 6
7 11 10
15 18 15
19 22 9
4 7 7
18 20 6
0 1 8
23 2 3
7 9 17
21 0 4
17 20 4
0 3 6
17 18 8
7 10 13
6 9 16
1 3 14
12 16 2
12 16 8
22 0 7
12 14 14
14 18 4
1 4 10
8 10 4
19 22 12
9 13 12
17 19 4
8 12 9
17 22 6
16 20 3
13 16 8
12 14 15
3 5 14
19 21 6
0 2 5
11 13 4
3 6 7
20 0 14
9 12 16
0 2 9
15 16 5
7 9 13
22 1 15
16 19 9
1 3 10
13 14 8
5 9 6
2 7 1
9 10 17
11 15 8
0 2 1
18 21 12
15 17 6
10 14 7
3 4 6
10 14 9
8 10 7
3 7 8
21 1 10
5 6 17
5 6 10
23 3 2
7 10 9
3 6 2
2 4 11
2 4 5
20 21 13
17 21 2
2 6 16
6 9 16
19 23 6
3 8 15
12 16 2
16 20 9
20 23 2
8 12 11
2 4 3
12 17 1
6 7 14
0 2 4
14 18 15
2 5 1
4 9 8
16 19 11
22 1 11
11 16 16
19 0 6
12 14 15
21 0 10
14 16 3
3 6 7
11 15 2
0 3 12
21 1 9
16 19 3
13 16 1
3 8 7
16 18 6
14 17 11
23 2 10
2 5 12
1 6 1
17 20 14
14 17 9
19 21 8
19 1 4
23 4 1
14 17 14
9 11 6
18 20 2
16 20 6
7 12 5
4 7 16
9 12 8
19 21 17
3 5 17
14 17 3
21 1 11
2 5 10
11 13 2
16 20 13
18 22 8
14 17 17
9 14 8
8 11 11
10 14 2
22 1 1
9 12 9
22 2 4
5 9 6
4 8 16
22 1 15
20 23 2
23 1 2
1 4 5
13 17 15
22 2 1
4 8 15
20 21 14
6 9 10
11 16 3
21 0 9
12 15 11
16 20 13
7 10 3
6 9 2
3 4 3
6 9 7
7 10 16
2 5 3
13 17 13
11 15 5
20 22 14
21 0 4
5 9 17
4 8 14
7 9 8
23 1 12
9 12 10
10 13 10
18 21 13
8 9 17
13 16 13
6 8 7
21 1 12
15 18 3
16 19 10
13 17 7
20 22 17
20 1 2
1 5 15
18 22 15
19 23 12
19 22 13
16 21 8
11 15 5
2 5 3
6 8 8
13 16 16
7 10 13
16 19 1
10 13 16
11 13 13
14 16 14
16 19 9
6 11 8
5 7 9
13 15 17
11 15 5
20 0 13
19 22 7
13 15 4
9 12 9
12 14 15
22 1 16
9 12 6
2 6 16
4 7 16
23 3 10
6 9 6
17 21 13
10 13 8
21 0 6
16 19 5
9 10 15
6 9 14
3 4 10
14 17 1
4 7 7
5 8 2
15 20 17
18 22 11
14 17 9
8 12 9
8 11 2
2 6 6
14 18 5
8 10 16
22 1 15
6 9 16
18 23 10
9 13 12
6 8 11
2 4 2
7 9 15
22 0 15
0 3 15
21 2 14
0 4 1
17 20 4
10 13 1
4 7 4
18 20 12
14 17 1
3 6 9
4 8 11
7 13 17
0 2 1
8 10 16
10 13 2
2 4 6
19 22 17
3 4 15
22 2 10
9 13 2
6 8 4
21 2 12
13 16 9
15 19 16
10 13 12
16 18 3
1 6 17
10 14 6
16 20 16
22 2 14
22 1 15
22 2 1
3 5 14
5 8 16
10 14 13
12 16 6
14 16 9
9 11 5
16 20 13
13 16 15
4 7 1
3 7 11
5 6 11
4 6 8
0 1 15
3 6 6
1 5 13
19 22 7
5 7 3
18 22 11
20 0 3
17 21 16
17 20 8
11 13 9
15 17 15
13 17 10
9 12 5
8 11 16
16 19 12
18 21 16
6 8 11
17 22 5
20 22 4
4 6 11
8 11 11
13 16 10
16 19 11
21 2 13
16 20 12
2 4 10
15 16 10
20 22 9
19 21 8
0 1 9
16 18 16
1 5 5
7 8 6
5 9 4
21 1 17
2 5 7
9 12 4
9 12 10
18 20 6
12 15 5
5 10 13
4 7 15
21 1 12
10 13 11
7 8 6
22 2 8
7 11 11
0 2 17
8 12 15
17 19 13
15 18 16
18 21 5
6 10 12
12 15 1
11 15 4
14 19 3
11 15 8
18 22 3
0 3 14
0 2 2
19 22 7
20 0 1
12 16 14
8 11 10
7 11 17
23 1 14
8 13 13
3 4 4
13 18 13
9 12 17
19 22 7
23 4 7
19 22 13
19 21 10
10 15 5
11 15 9
21 23 11
3 5 6
16 19 9
21 1 16
11 15 2
8 12 15
18 23 9
19 19 13
20 23 9
19 22 6
10 11 17
15 15 9
11 14 4
20 23 16
8 10 15
5 8 14
17 18 11
9 12 9
3 6 1
15 18 17
23 2 4
8 10 2
4 7 11
23 2 10
19 22 7
12 16 17
17 20 10
13 17 11
10 15 3
2 5 7
17 21 5
5 9 12
16 20 10
11 15 8
13 16 17
22 0 15
17 20 4
4 6 10
15 18 11
21 22 6
20 22 12
22 3 15
18 20 15
15 17 5
3 6 4
10 12 11
1 1 1
20 21 9
11 15 3
3 7 3
6 10 12
19 21 16
10 12 11
17 19 5
17 19 10
15 18 8
22 0 4
4 8 8
20 23 4
20 23 11
18 20 13
10 14 4
3 5 1
6 9 7
21 1 4
11 15 10
6 8 14
18 22 5
11 13 9
23 1 3
5 9 7
15 22 12
8 9 8
15 19 16
23 1 9
5 9 8
13 15 9
20 0 13
20 22 17
0 4 7
2 3 2
5 8 14
17 19 13
11 15 1
3 6 3
20 23 11
10 13 8
15 19 11
4 7 4
11 12 13
13 15 1
18 21 6
8 11 8
12 15 15
10 13 13
10 13 6
22 1 4
12 15 10
8 9 3
6 9 17
16 19 7
4 7 14
1 4 6
1 4 12
11 14 8
2 4 9
12 14 15
13 16 12
10 15 4
2 4 16
20 0 17
21 23 17
9 13 9
5 8 13
23 3 7
3 6 10
10 13 17
7 10 14
10 12 5
8 10 5
3 6 3
15 17 14
14 16 10
5 9 1
3 5 4
15 19 14
21 23 17
3 4 6
23 3 12
11 13 16
2 4 13
3 6 1
10 12 1
19 22 2
23 4 5
13 16 3
3 6 2
11 15 9
8 10 16
9 12 8
9 11 13
16 19 8
14 17 6
20 22 17
10 13 5
2 4 1
21 22 7
5 9 7
5 7 3
22 0 2
3 7 11
8 12 2
6 8 3
22 1 15
6 7 5
10 11 11
11 15 12
16 22 10
0 3 8
1 4 4
0 3 5
10 14 14
16 20 17
1 2 17
12 13 12
18 23 5
16 18 16
15 19 8
4 6 17
8 11 4
21 22 13
23 2 2
10 15 10
13 15 11
21 1 8
16 20 15
22 1 17
13 15 11
1 1 17
7 10 8
22 2 11
2 5 10
23 3 15
0 3 14
16 20 12
8 10 14
6 8 11
23 0 5
1 3 5
0 4 13
22 2 8
19 22 2
17 20 17
8 11 7
19 23 11
23 3 17
22 1 8
21 0 4
22 2 16
7 9 2
0 4 1
23 1 12
8 12 11
1 5 12
19 22 5
16 18 7
11 15 13
13 15 16
4 7 9
17 20 11
22 2 1
7 10 11
2 5 17
13 15 14
12 14 11
21 1 4
22 2 9
0 3 10
19 22 6
19 23 11
3 6 11
12 14 7
12 14 2
11 14 16
8 10 14
3 6 11
15 19 7
19 22 13
13 15 5
5 9 8
10 13 16
7 9 8
4 7 14
8 11 7
8 10 3
19 21 2
16 18 6
16 19 3
20 23 3
5 10 15
22 1 14
20 0 8
7 11 17
14 15 7
11 15 10
19 21 14
20 1 8
7 10 10
23 2 5
20 0 16
10 14 13
17 19 16
15 17 2
5 8 8
2 4 3
20 23 12
3 5 2
1 3 14
7 11 13
23 2 17
10 12 5
21 1 2
1 5 1
2 5 14
7 10 6
4 9 11
23 2 12
14 17 16
6 11 11
12 15 15
15 16 2
20 23 8
23 2 1
6 9 12
21 1 16
16 19 8
14 19 6
6 8 10
10 12 4
3 6 12
16 18 1
13 14 10
12 16 1
19 22 2
21 23 7
15 17 11
9 12 6
19 22 6
11 15 13
13 18 3
10 13 7
18 23 6
7 10 3
6 9 3
8 10 12
9 11 10
20 22 5
12 15 8
6 9 16
17 17 4
0 4 17
18 20 8
15 18 6
14 16 5
0 2 4
17 21 3
3 6 7
4 7 17
22 0 16
12 14 2
12 14 16
16 19 9
19 20 5
18 22 9
22 0 1
12 14 2
21 23 7
7 9 5
5 8 6
22 1 13
14 18 6
11 13 3
12 16 16
12 16 14
16 20 16
22 2 13
16 17 17
14 17 12
9 12 9
3 6 6
8 11 17
11 14 1
11 15 4
7 10 9
7 8 8
11 13 4
19 20 1
20 23 11
7 9 14
9 12 10
16 19 6
6 9 15
2 5 9
5 7 7
12 17 16
6 10 14
6 10 10
14 18 3
2 4 6
1 5 15
2 6 14
3 5 6
0 3 11
8 11 5
9 12 2
23 0 8
4 6 7
7 10 1
22 2 9
22 2 15
0 3 17
1 5 3
17 19 12
3 5 15
20 23 11
5 9 10
11 14 11
0 4 7
21 0 14
16 19 10
5 9 13
10 12 7
18 22 1
14 16 15
19 21 7
18 21 17
5 8 9
1 4 8
5 6 2
4 6 14
7 11 2
0 4 16
23 1 10
20 20 16
20 0 12
13 16 15
23 2 6
14 17 17
12 14 15
20 23 14
11 15 1
16 21 15
0 1 8
0 2 8
17 19 1
4 8 5
6 9 2
18 21 8
19 23 9
4 9 7
20 0 10
7 11 13
0 2 9
21 1 17
18 21 14
15 18 16
14 17 3
4 7 12
21 2 16
14 17 8
3 5 15
5 9 3
3 6 6
6 7 9
16 19 4
13 15 2
13 18 17
14 19 17
13 15 9
12 16 11
1 3 15
23 2 15
20 22 5
4 7 2
1 4 8
16 18 7
5 10 8
6 10 1
11 14 10
4 7 16
9 12 17
7 12 6
15 18 15
7 11 17
19 22 16
16 19 12
13 15 12
21 23 7
2 5 14
0 3 13
4 9 2
3 7 17
1 4 12
19 21 8
8 10 16
15 19 4
11 14 13
11 16 16
2 4 11
12 15 15
5 8 10
15 17 14
1 4 13
15 20 14
1 4 2
8 10 2
16 18 16
20 23 13
8 12 15
4 9 11
8 13 8
6 9 10
12 15 6
8 10 13
3 6 4
7 8 10
10 12 13
11 14 2
7 8 13
18 23 2
11 15 7
4 6 7
5 6 17
8 9 8
9 14 15
1 4 8
9 12 14
19 22 11
18 20 17
11 14 9
15 18 16
12 15 15
13 17 1
11 14 5
13 16 2
5 8 1
17 19 5
18 21 9
19 22 2
19 22 17
2 5 13
1 3 1
16 18 8
23 2 16
18 21 1
3 4 13
4 7 15
1 3 11
12 15 16
5 9 12
7 10 12
23 2 9
13 16 16
14 16 4
5 7 17
4 8 10
20 1 2
6 8 5
18 21 6
12 15 7
14 17 14
12 16 6
11 14 10
0 2 1
5 6 11
23 2 1
15 18 4
13 18 17
2 4 8
8 11 9
10 12 2
0 4 13
5 7 7
0 4 1
13 16 16
11 14 7
17 21 9
2 5 7
21 1 17
16 18 5
3 6 4
7 12 2
3 6 15
10 12 4
23 2 17
15 17 3
1 4 6
2 7 12
11 14 7
20 0 3
6 8 17
10 12 8
16 20 3
22 0 6
9 12 5
7 10 10
12 15 13
17 19 3
8 12 2
1 3 12
19 23 16
6 9 4
6 8 2
15 19 4
21 1 8
5 8 6
23 4 3
21 0 2
4 8 8
0 4 8
18 21 4
3 7 3
9 14 1
0 3 10
18 21 13
8 9 14
5 5 1
4 7 5
19 23 1
3 4 17
0 3 13
23 2 5
3 8 14
17 19 7
1 4 4
6 9 1
13 15 17
1 4 11
4 7 5
5 8 15
17 19 12
18 21 14
10 13 16
15 18 11
11 12 7
13 16 11
18 19 10
7 10 3
9 13 2
3 5 14
8 11 14
13 16 16
14 17 10
17 21 16
19 21 5
14 16 3
2 6 15
3 5 2
7 11 11
22 2 1
0 1 8
9 12 15
17 21 7
15 18 17
4 5 14
21 1 2
8 11 9
22 0 8
6 8 17
12 15 17
0 3 3
7 10 17
12 16 1
13 17 11
9 12 17
1 4 9
15 18 5
4 7 17
16 20 13
12 15 16
17 22 6
20 0 15
23 3 3
12 15 5
23 1 4
6 8 15
14 19 11
1 5 16
13 17 13
23 3 8
8 10 7
16 18 8
23 3 7
10 13 17
7 10 13
2 4 10
12 15 11
6 8 13
3 6 7
12 17 5
1 4 6
13 15 7
19 0 13
1 4 12
17 21 10
23 3 5
20 23 16
0 4 7
16 19 4
14 18 6
9 12 10
11 14 8
11 15 2
0 5 6
13 18 16
3 5 2
22 1 17
2 4 11
22 1 12
21 1 7
18 23 7
7 10 2
15 20 8
4 7 8
0 2 2
16 20 8
9 13 10
11 15 15
21 22 5
17 20 3
17 21 17
11 13 11
1 3 10
3 5 1
23 2 4
18 21 5
20 23 5
6 11 14
10 13 13
9 13 17
19 22 8
13 15 5
18 21 8
0 3 17
13 16 10
21 2 5
16 18 14
21 22 12
15 19 13
11 14 7
0 4 13
2 4 9
12 15 12
10 13 15
14 18 17
1 2 7
21 3 2
9 12 1
1 4 11
20 23 13
20 23 12
9 12 15
2 5 9
7 10 14
10 12 4
18 21 15
22 2 10
17 21 14
7 9 17
13 15 10
6 9 5
8 10 1
0 3 15
18 22 11
3 8 4
2 6 4
5 9 10
17 20 6
18 20 9
3 6 12
19 22 13
13 17 6
1 5 7
8 10 2
22 0 3
5 9 6
13 16 12
1 3 17
17 18 8
12 14 2
9 13 13
11 12 9
5 10 11
3 6 9
21 1 1
6 9 14
5 7 17
13 18 10
20 22 6
19 22 3
20 23 16
18 21 9
4 8 5
13 18 2
1 3 11
7 10 6
0 3 1
0 2 1
20 23 14
4 8 11
2 7 7
6 10 11
6 10 10
10 14 12
5 8 10
7 11 11
11 13 17
21 1 10
10 13 10
1 4 1
0 4 6
19 22 1
9 12 14
9 11 2
5 8 13
19 22 5
11 15 14
15 19 6
8 10 10
0 4 9
6 10 2
12 14 8
19 21 8
22 23 3
18 20 14
6 10 2
18 22 16
18 21 9
21 22 16
23 2 8
6 8 9
13 17 12
17 19 17
22 1 8
15 19 10
23 2 8
18 21 3
12 15 7
16 17 11
9 13 14
4 7 7
9 12 15
16 18 14
3 5 1
12 15 2
20 0 5
22 1 8
7 12 9
1 4 12
9 13 17
19 22 7
17 19 8
3 6 12
12 14 9
9 11 10
5 7 12
0 3 3
11 14 9
1 2 3
13 15 16
8 13 10
4 7 3
11 14 3
16 18 16
16 20 2
15 17 13
17 19 5
13 17 7
3 7 2
12 13 14
14 15 6
3 6 3
3 5 12
17 19 13
3 5 6
23 3 9
22 1 11
10 14 10
10 14 6
1 4 16
5 8 13
3 5 9
22 0 5
19 23 1
4 6 2
5 7 10
10 12 4
15 18 14
14 17 2
10 11 12
16 18 2
14 18 14
20 22 11
7 10 4
9 11 3
18 21 2
6 11 8
23 2 16
9 13 14
16 19 7
10 13 14
8 12 5
13 16 7
1 4 10
12 14 13
7 11 8
16 18 11
13 16 7
20 0 1
16 18 11
18 20 1
17 20 7
4 8 2
13 16 11
16 19 1
7 9 7
13 16 5
13 16 17
14 17 2
16 22 3
0 3 13
6 8 9
16 20 1
9 10 1
11 15 5
2 4 9
21 0 13
13 16 7
23 3 9
6 10 1
1 3 5
5 6 8
16 19 11
11 13 11
2 5 10
13 17 10
15 17 3
4 7 6
1 4 15
23 1 9
7 12 11
13 17 7
16 20 3
22 0 17
15 21 1
18 20 14
13 17 17
4 8 12
21 23 10
6 8 9
18 19 8
15 17 16
1 3 10
10 13 13
7 9 16
21 0 13
5 10 7
3 6 17
13 15 14
10 11 4
7 8 7
18 23 8
0 3 15
11 15 2
20 1 2
8 11 16
5 6 5
9 11 16
5 5 12
18 22 6
20 0 11
3 4 3
3 5 1
23 2 5
14 18 13
17 18 6
16 20 10
8 12 6
2 4 15
4 8 16
13 18 8
11 15 9
3 4 7
7 8 11
0 2 12
10 14 15
7 10 3
6 9 15
15 17 3
6 7 11
8 12 9
22 2 15
3 5 2
0 2 8
18 1 11
22 23 17
3 4 6
21 22 13
18 22 5
20 22 5
3 5 10
7 11 8
2 5 5
12 18 4
13 16 12
1 4 13
2 6 11
15 18 14
20 22 16
8 11 17
0 1 6
4 6 9
6 11 7
9 11 11
18 20 14
23 0 2
0 3 10
14 17 5
18 22 6
13 16 11
12 14 1
9 13 2
20 0 14
20 22 11
18 21 15
2 4 15
1 4 17
18 22 15
14 17 2
16 21 12
3 6 10
0 5 15
8 11 2
0 4 5
16 19 17
16 18 2
13 15 3
19 20 2
23 2 6
11 12 1
18 22 15
11 15 10
0 4 11
22 0 1
1 4 12
15 19 10
3 7 16
11 14 11
10 13 6
0 2 6
8 11 14
0 3 3
3 4 5
10 12 11
21 1 1
10 13 4
22 0 5
14 17 2
18 20 8
3 6 7
7 11 17
13 16 7
20 23 17
23 0 13
20 22 10
22 0 12
5 8 5
11 13 7
1 3 4
8 10 11
15 19 5
4 5 16
2 5 17
19 22 2
9 12 6
7 9 8
13 15 17
21 1 16
23 0 8
9 11 8
20 22 14
22 23 1
19 20 5
10 13 8
22 1 13
1 6 8
19 0 9
15 19 2
16 18 9
17 20 4
18 20 14
11 13 7
14 17 6
1 3 2
21 23 5
4 7 7
5 10 14
22 0 14
9 11 8
3 5 16
17 21 16
23 1 2
18 21 8
6 10 2
4 7 7
19 20 7
17 22 10
22 1 13
3 6 3
18 22 9
5 9 10
16 18 13
23 1 10
4 6 11
16 21 2
5 9 14
1 3 11
12 15 17
9 10 2
2 6 9
1 5 16
6 8 2
4 9 13
22 2 2
11 14 13
23 3 7
16 20 8
21 23 1
4 6 9
19 23 15
2 4 4
22 2 2
14 18 3
10 14 3
19 22 10
19 22 15
12 14 12
14 18 12
4 7 5
5 7 17
14 17 5
15 18 17
14 16 11
14 17 8
8 12 1
22 1 3
1 2 13
8 10 8
12 16 8
3 6 2
19 23 16
5 9 4
11 14 10
17 21 5
19 22 4
17 19 9
7 10 1
21 0 3
5 8 10
5 9 2
21 1 2
7 10 1
1 3 2
9 12 13
12 15 12
6 9 6
4 8 2
5 7 13
13 16 7
19 0 6
11 13 2
15 19 6
6 11 12
19 22 4
21 1 15
23 0 8
16 18 1
20 23 13
9 13 8
4 7 17
17 19 6
11 14 15
21 0 9
21 1 16
11 14 14
14 16 3
11 13 17
9 12 16
13 17 7
11 14 12
12 14 8
4 6 2
16 19 16
7 12 2
2 6 10
20 0 8
17 20 10
7 11 16
7 10 1
10 12 15
16 19 14
20 0 12
3 5 16
14 17 12
0 3 15
17 18 1
8 10 7
5 9 9
15 18 9
21 2 11
7 11 10
9 12 4
11 13 5
22 2 1
6 7 12
23 1 2
19 23 9
15 17 7
1 5 7
22 23 14
8 11 15
18 21 7
14 18 10
11 13 13
6 8 7
0 3 1
4 5 3
15 18 15
13 16 13
13 16 14
1 3 6
12 14 16
0 2 6
21 2 8
3 8 7
8 12 5
9 13 2
21 23 9
20 21 4
23 2 4
4 9 2
14 19 14
9 12 17
1 4 2
3 7 10
21 0 13
3 5 9
12 16 2
19 23 8
23 2 3
20 23 12
18 20 14
4 6 2
19 20 7
4 6 4
8 10 11
9 13 2
15 19 13
2 4 4
1 3 15
9 13 17
3 7 14
3 6 14
3 6 4
15 18 11
4 7 17
12 14 4
15 18 4
3 5 5
8 12 5
10 13 9
23 2 5
4 7 10
5 8 14
10 12 7
15 16 16
12 14 3
6 11 7
7 11 3
10 11 8
22 3 5
19 21 17
3 7 3
15 17 12
15 18 7
19 22 7
22 0 8
2 6 7
23 2 5
13 18 10
0 2 11
5 8 7
3 7 14
1 3 7
20 22 15
10 12 7
22 1 8
2 4 10
21 1 8
18 21 14
4 6 1
8 10 9
13 15 5
16 20 13
0 2 3
16 19 7
10 12 5
6 9 11
7 9 11
19 21 11
10 13 3
20 21 1
20 22 8
1 3 4
19 22 17
9 12 10
17 21 1
9 11 11
6 9 5
10 14 7
4 7 10
23 3 14
5 8 16
22 1 7
12 15 10
16 19 5
12 13 5
16 18 3
12 15 11
8 11 3
13 17 11
0 4 8
18 19 12
10 13 6
19 22 6
8 12 12
20 0 9
7 11 14
5 9 5
19 23 11
10 14 14
2 5 16
7 11 9
22 1 16
23 0 6
22 4 16
9 12 16
6 9 4
2 5 9
4 7 15
23 2 10
7 10 9
6 8 16
13 16 12
10 11 3
6 11 12
13 18 14
16 19 17
22 0 15
9 12 10
13 16 4
4 8 6
6 9 13
15 18 6
3 5 11
12 16 14
16 21 13
20 23 11
5 8 14
23 2 14
3 7 10
19 21 6
13 16 10
0 3 6
11 15 15
16 19 1
23 3 13
22 2 6
12 13 16
23 4 2
2 3 14
13 15 7
19 22 12
22 1 17
7 8 8
4 6 3
5 7 4
18 22 7
13 15 1
22 1 10
15 18 1
13 16 1
17 19 7
12 14 14
20 0 7
4 7 5
0 4 12
23 1 1
17 20 3
8 12 8
1 4 9
16 20 10
11 16 17
19 0 10
20 22 5
16 19 9
18 22 17
12 15 9
20 0 1
17 21 5
1 4 12
10 14 11
16 18 12
8 11 6
7 9 1
9 10 12
13 17 9
8 12 6
9 11 7
1 4 4
7 10 5
10 14 8
15 19 13
21 2 1
18 22 15
15 17 15
18 20 11
2 5 3
9 12 6
3 6 6
9 13 9
6 9 11
18 23 1
15 17 14
21 1 9
21 23 15
14 17 14
13 14 13
15 18 5
16 18 2
5 8 16
15 17 1
3 7 12
9 12 13
22 1 14
1 4 9
4 7 10
21 23 2
7 8 6
21 22 6
8 11 9
11 14 4
16 20 9
20 21 1
6 9 8
2 5 1
23 2 15
3 7 16
9 13 8
13 15 8
0 3 17
2 5 8
16 19 9
11 13 8
12 15 6
15 17 11
7 8 11
23 3 2
11 14 16
2 4 8
13 17 11
2 6 10
13 16 8
21 1 7
20 22 2
12 13 6
12 16 9
0 3 13
6 10 12
15 18 15
22 1 4
21 0 9
7 9 5
22 1 2
4 7 9
16 18 5
13 17 16
9 12 14
17 20 11
16 18 16
7 10 13
23 3 11
19 21 15
22 23 9
12 17 10
19 22 14
6 10 11
13 15 6
14 18 2
21 1 16
1 4 2
11 14 2
0 4 12
23 1 8
13 17 3
17 22 7
3 7 4
8 12 17
13 16 15
14 18 4
1 4 14
19 23 1
20 22 7
12 12 12
13 17 12
0 2 16
15 18 12
19 21 9
21 1 14
19 22 16
6 7 10
12 15 8
3 6 3
10 14 3
2 6 8
21 23 16
3 5 9
2 6 7
22 0 16
14 17 4
3 6 17
18 22 12
4 7 7
20 23 1
13 18 10
5 7 12
6 10 6
7 9 17
19 0 13
4 8 4
9 12 2
4 7 4
17 19 11
21 1 4
4 7 13
16 19 2
9 11 15
4 7 17
4 7 17
1 6 15
6 8 13
12 15 2
12 12 15
19 20 11
3 8 1
13 17 6
15 19 14
3 6 14
4 7 3
23 2 4
2 3 2
6 7 17
1 3 17
7 6 11
1 4 12
21 1 15
23 3 7
19 23 8
15 19 1
4 5 7
7 10 9
4 8 16
19 22 5
7 11 9
19 20 2
4 7 15
7 10 14
10 13 4
18 21 6
3 6 9
2 7 3
5 8 4
16 20 17
1 5 2
13 18 15
1 4 6
22 3 6
6 9 11
12 16 3
13 18 7
21 23 6
14 16 4
13 16 7
12 14 11
7 9 14
1 3 5
16 20 3
1 4 8
13 18 7
3 6 16
14 18 8
6 6 10
22 1 10
20 23 4
3 7 13
21 23 5
1 5 5
1 4 7
2 4 9
8 11 4
0 4 6
14 17 11
4 7 1
23 2 10
18 21 12
14 17 17
4 5 16
0 2 11
6 11 10
4 7 13
13 17 1
8 11 14
6 8 1
22 3 8
4 6 15
15 19 8
22 23 11
21 0 14
12 14 13
12 14 9
21 0 17
5 7 5
4 7 5
15 17 7
20 23 11
15 17 3
2 5 2
12 14 17
9 12 12
12 14 13
16 18 13
2 6 11
2 7 14
0 3 17
16 18 16
1 3 3
4 8 1
8 10 17
7 11 1
1 5 11
5 9 10
0 3 10
14 17 11
6 9 1
20 23 1
15 18 6
22 2 8
15 20 1
8 11 10
19 23 5
6 10 7
4 7 6
2 3 17
10 13 11
9 12 7
21 1 6
16 20 11
22 23 13
3 5 4
14 17 7
22 1 13
18 22 15
1 6 3
22 0 5
6 10 9
23 1 3
5 9 1
22 1 14
13 17 14
8 13 8
0 4 12
23 1 9
16 19 6
16 18 11
17 21 8
10 12 3
0 5 5
0 3 11
0 4 4
15 15 7
17 20 15
2 5 14
8 11 5
15 19 4
18 21 9
8 10 6
23 1 4
16 19 12
18 22 13
16 18 7
3 6 16
0 3 6
21 2 15
22 1 10
23 3 3
4 7 5
18 20 13
17 20 10
1 4 2
8 12 16
4 8 17
1 3 14
15 19 16
6 10 15
11 15 16
0 3 8
22 1 4
10 14 14
12 16 4
9 13 12
7 10 1
17 19 8
13 17 15
21 2 6
12 14 16
22 2 3
21 22 17
10 14 17
14 19 13
13 16 13
11 13 5
22 2 15
14 16 6
14 19 12
4 8 16
17 20 12
1 5 1
18 21 6
17 22 14
18 22 1
23 0 9
1 4 1
17 18 11
17 20 12
8 13 12
17 21 13
9 11 3
13 15 10
19 21 16
14 18 6
9 12 13
15 18 16
17 20 15
17 20 1
21 0 11
19 22 1
2 4 10
5 8 8
23 2 14
1 4 8
0 1 4
14 16 8
18 21 16
16 20 7
8 12 13
18 19 15
4 7 17
19 0 9
17 19 1
21 0 15
22 2 14
4 8 8
6 8 15
8 11 9
19 22 14
14 17 3
15 18 1
20 23 14
12 14 3
12 14 11
16 18 17
8 11 9
8 10 17
12 15 7
2 5 16
11 15 15
14 16 6
19 20 8
6 9 17
12 15 6
14 17 1
0 5 14
22 1 16
10 12 17
17 19 5
14 17 13
15 16 15
0 3 6
19 22 16
2 5 4
17 20 16
2 3 3
23 2 10
1 4 15
22 1 15
4 7 13
20 23 8
13 17 16
9 11 15
3 5 9
17 19 10
3 6 7
8 12 8
15 16 7
4 7 11
3 6 16
11 15 7
21 1 12
19 21 4
2 4 10
18 20 14
4 6 10
2 5 12
15 19 3
10 15 11
5 9 5
5 8 3
21 23 10
3 6 11
20 23 15
14 16 9
10 16 13
8 10 10
12 16 8
10 13 10
19 23 1
5 8 2
10 13 15
13 17 13
11 14 7
14 17 7
5 8 13
7 10 11
9 10 1
20 0 15
12 15 10
11 14 14
17 21 11
1 5 9
22 0 13
22 1 17
17 18 16
1 6 17
11 16 17
18 21 2
12 13 16
21 0 4
23 3 1
13 15 8
17 20 1
21 0 16
0 4 12
19 23 15
16 18 8
12 15 7
17 20 5
9 12 11
4 6 5
22 3 7
19 22 4
7 8 2
14 19 16
4 5 8
8 10 1
22 1 11
17 19 17
9 13 11
15 17 17
0 2 6
2 5 7
1 4 17
20 23 4
7 9 6
17 20 4
21 1 10
13 16 13
17 20 5
4 7 4
13 15 17
