1650 19
7 10 8 9 10 1 8 1 9 6 3 7 2 2 2 7 9 5 2 
16 19 7
5 7 19
19 22 19
0 2 2
21 0 12
4 8 12
21 0 1
3 8 17
8 10 16
4 8 16
23 2 6
20 22 1
15 18 1
10 13 17
19 22 7
19 21 9
1 4 11
5 7 15
13 15 3
22 1 8
6 9 4
10 12 15
20 0 5
21 2 15
9 10 8
5 7 7
16 19 4
23 1 10
14 16 17
11 14 12
13 16 8
20 23 13
12 16 10
8 11 14
5 8 5
2 6 13
2 3 11
3 6 7
11 13 14
15 19 15
21 1 16
12 16 18
5 8 17
8 10 7
7 9 5
1 4 7
15 16 8
2 5 3
7 10 6
6 9 16
6 8 11
1 4 15
13 17 9
12 16 16
2 7 8
17 21 11
6 10 7
18 20 4
18 20 10
6 8 13
15 17 17
9 13 3
3 5 7
3 6 17
1 4 14
13 15 1
12 15 13
9 11 5
11 14 2
12 15 9
2 5 1
13 16 16
21 2 8
21 22 10
15 19 15
13 17 16
14 19 8
15 16 16
8 11 8
13 16 15
9 12 18
16 20 9
16 20 18
7 9 12
4 8 3
8 12 5
13 16 19
20 22 8
23 3 12
20 23 2
8 9 15
21 0 12
18 21 7
16 19 16
5 8 9
9 10 11
21 23 11
17 20 2
7 9 14
1 4 9
6 9 17
15 17 4
11 13 17
14 19 1
1 5 13
20 22 13
4 7 1
23 2 4
4 7 8
14 17 8
14 18 18
6 10 13
3 7 16
4 7 4
22 23 18
23 1 18
12 15 9
16 18 15
6 9 10
20 22 13
8 12 7
7 11 8
3 7 18
23 4 4
17 19 3
14 17 9
0 2 9
21 2 11
20 23 18
0 0 13
8 13 15
1 7 18
16 20 9
5 9 12
7 10 16
17 20 12
18 21 19
3 5 1
1 2 2
19 21 14
14 18 7
7 11 12
19 22 14
3 6 17
16 19 1
3 7 13
23 0 14
22 1 4
3 5 2
9 13 3
10 14 1
23 0 15
2 5 7
9 14 8
12 15 19
16 20 19
3 5 16
17 19 19
0 2 6
7 10 3
7 9 6
16 20 15
19 21 15
1 4 18
0 4 14
0 2 12
9 12 16
5 9 10
4 7 8
17 21 4
7 9 14
19 0 10
17 20 18
21 3 18
23 2 17
12 14 7
8 9 8
11 13 18
20 23 8
13 15 10
2 5 9
11 12 8
1 2 7
8 11 13
6 10 13
23 1 17
6 10 8
20 23 4
10 12 3
13 17 5
14 17 15
17 21 3
19 22 4
7 10 3
20 23 7
13 16 1
13 16 14
14 18 18
12 16 17
19 22 10
16 20 11
18 21 18
18 23 13
14 18 17
10 12 11
7 7 3
20 23 1
9 12 9
23 2 16
2 4 10
13 17 8
21 1 13
9 13 3
2 5 10
22 23 3
12 15 6
14 15 17
15 19 13
10 15 11
16 18 15
2 6 14
16 20 18
1 5 8
19 21 2
14 18 9
8 11 18
14 19 8
9 13 8
1 4 7
11 14 15
13 14 19
10 13 5
13 16 18
5 7 14
13 15 16
10 15 7
13 14 7
21 0 14
16 20 16
1 4 4
10 12 11
13 17 15
14 17 6
0 1 5
14 17 7
23 2 5
20 22 19
5 8 4
11 12 13
0 3 18
5 9 1
4 7 7
12 16 15
13 15 18
13 16 12
14 17 17
8 10 6
18 22 13
12 16 9
2 3 13
10 12 4
5 9 16
19 23 7
20 1 4
2 4 13
2 6 17
9 12 14
16 19 18
12 14 1
11 14 14
21 23 15
1 4 1
17 20 12
23 3 13
21 0 11
23 2 9
22 1 18
7 11 2
11 12 18
7 11 10
2 6 9
23 2 8
2 4 1
11 15 12
20 0 10
22 3 11
20 23 14
3 6 8
8 11 6
0 4 1
12 15 6
18 20 2
17 21 5
18 22 13
3 5 6
2 5 13
7 10 5
7 9 15
6 11 19
5 8 12
12 16 16
11 14 2
23 2 11
8 11 3
3 5 14
2 7 7
0 3 3
19 21 12
18 20 1
19 23 18
7 9 19
17 20 13
13 15 14
7 12 12
10 11 1
20 1 11
1 5 5
2 4 8
16 18 19
10 13 10
22 1 4
16 20 10
2 5 11
2 7 15
5 8 2
10 14 2
11 14 19
7 9 9
1 4 12
14 18 15
20 0 9
17 21 11
21 0 15
20 0 15
19 23 6
7 10 13
10 13 1
21 23 6
4 7 1
9 11 16
5 7 9
6 9 14
15 18 17
1 3 9
23 1 17
7 11 4
13 16 7
10 15 10
17 20 19
4 7 14
0 3 12
22 1 5
8 12 9
11 14 9
23 4 9
14 17 18
12 12 10
10 12 12
1 5 18
20 21 6
0 5 15
3 6 3
15 19 14
23 2 11
3 5 1
13 16 18
19 0 1
7 11 19
8 12 15
21 23 19
14 18 4
0 4 6
5 9 6
4 8 13
15 17 11
20 23 9
21 0 10
14 18 19
18 22 2
8 13 17
23 1 13
14 16 18
8 12 19
8 14 4
8 14 16
13 15 12
4 7 12
20 23 19
22 1 14
23 1 10
4 7 10
11 15 8
17 19 1
9 10 15
18 21 4
4 6 3
17 21 5
11 14 2
20 21 15
0 3 1
0 2 6
12 15 13
2 5 8
6 7 9
13 17 18
9 11 8
15 18 14
23 3 4
8 12 12
23 1 8
9 12 2
10 13 16
21 1 1
14 15 4
4 7 18
7 10 11
17 20 17
20 0 19
12 15 1
20 23 5
2 3 4
8 10 14
9 11 9
20 0 9
8 11 3
6 9 6
0 3 11
3 4 1
2 5 13
9 14 18
7 8 7
15 18 18
18 21 1
7 9 6
6 10 15
10 13 10
21 22 5
15 19 17
21 0 9
3 8 19
4 5 8
1 5 17
9 12 7
10 14 12
2 5 6
16 20 2
5 9 16
20 23 12
16 20 9
19 21 9
5 8 14
2 5 5
11 15 2
18 20 13
0 3 17
0 4 5
9 13 16
20 23 11
16 19 18
12 15 13
5 7 7
17 20 1
2 5 16
7 11 7
23 1 2
17 21 4
4 4 13
6 8 11
23 3 14
10 12 8
12 16 14
2 6 12
4 7 11
22 1 5
23 4 7
18 21 11
15 17 11
15 17 3
13 15 11
7 9 1
16 20 14
4 5 19
9 13 10
11 13 7
21 0 2
21 23 4
10 11 11
22 2 7
23 3 14
14 17 8
17 20 16
3 5 11
14 16 14
4 7 3
16 20 18
18 22 4
18 21 11
13 17 18
3 6 5
17 21 9
7 10 6
14 18 15
0 2 13
20 22 19
13 16 3
22 0 19
12 15 8
11 14 2
22 0 9
22 2 19
0 3 6
10 14 6
6 11 11
7 8 2
22 23 14
13 15 8
7 10 9
20 0 12
1 1 1
2 5 12
21 0 6
23 4 2
21 0 8
6 9 19
0 3 19
11 15 9
18 22 19
16 19 15
19 23 2
23 4 9
6 10 11
18 19 9
13 17 12
21 0 8
8 11 14
9 13 13
10 12 16
19 22 5
15 17 1
1 3 4
22 1 6
14 17 6
2 4 3
5 10 17
1 4 9
7 10 2
0 4 19
22 0 14
22 0 19
2 4 15
6 8 19
12 14 2
0 3 16
3 5 4
11 15 12
22 3 10
15 18 13
15 19 3
3 7 1
6 10 12
19 23 12
17 21 16
20 0 9
1 4 12
1 3 9
17 22 5
21 0 16
16 18 2
7 10 2
4 9 12
14 17 10
19 21 1
14 17 8
5 9 11
21 0 16
15 17 15
8 11 9
7 11 13
14 18 16
19 22 16
2 6 2
5 8 8
0 2 10
14 18 1
9 11 17
3 6 6
2 7 12
23 3 7
15 18 8
8 10 14
15 17 15
23 0 17
4 6 2
14 18 19
0 4 19
8 8 18
0 2 12
1 5 3
9 12 11
2 4 3
6 9 2
12 14 16
15 20 4
19 23 15
3 6 3
3 7 5
1 5 16
21 23 12
21 22 4
21 1 4
22 2 10
12 16 4
3 5 10
3 6 12
18 20 18
17 20 5
20 22 18
1 3 1
15 17 7
17 21 4
5 8 9
17 21 16
18 0 15
10 13 18
22 1 14
11 14 6
5 8 13
4 6 17
2 4 12
14 16 4
7 10 19
8 13 19
6 7 19
21 22 14
21 0 12
19 23 17
15 17 16
1 4 2
20 23 10
11 16 14
0 2 5
14 17 8
11 15 10
2 4 6
23 1 5
6 10 1
3 6 16
20 22 3
19 21 16
8 10 8
12 14 10
1 4 1
17 20 1
17 20 13
22 1 8
2 4 4
22 2 7
14 18 19
16 19 19
3 6 9
15 18 14
0 2 12
0 2 6
14 16 15
8 12 5
12 15 11
12 14 13
17 18 19
20 21 8
18 21 5
10 15 3
7 10 7
22 1 18
23 1 13
18 20 13
19 23 14
23 1 18
8 11 13
9 12 9
6 7 2
11 14 3
19 0 19
7 11 11
8 11 19
7 10 10
13 16 10
8 12 17
3 7 17
3 4 13
8 12 14
16 17 13
2 5 17
8 12 7
2 4 9
2 6 6
3 7 5
22 1 18
12 16 1
19 22 14
15 17 11
17 20 4
13 14 14
15 17 9
9 12 5
2 6 18
18 21 11
11 14 12
22 0 8
20 23 9
9 14 16
1 4 19
7 11 1
18 21 13
6 7 6
5 8 10
23 2 16
0 4 10
19 0 17
12 17 11
18 19 14
10 14 13
4 7 12
20 0 17
17 21 13
17 19 16
8 12 12
19 22 15
7 10 5
19 0 16
6 11 11
8 13 15
15 18 11
20 23 1
9 12 11
2 4 12
6 11 18
17 20 2
2 5 14
23 2 2
12 15 11
2 5 16
20 22 15
6 10 6
4 7 1
6 8 1
14 18 8
10 12 1
22 1 4
13 14 10
12 15 19
13 18 13
21 23 14
6 8 2
13 18 6
19 21 10
12 15 16
10 14 18
14 17 6
6 9 9
10 13 19
21 0 17
18 21 15
16 20 7
15 19 16
23 2 19
22 1 3
12 16 1
0 3 14
22 23 6
21 23 2
12 17 11
9 12 8
1 4 16
22 0 5
20 22 2
5 8 1
6 9 9
7 11 8
3 6 1
3 6 12
4 7 19
14 17 10
4 6 12
7 9 14
20 23 1
20 0 10
18 21 18
17 20 3
5 10 4
3 5 12
15 20 8
22 1 11
1 4 3
18 21 5
16 19 7
10 12 8
10 13 4
6 9 16
19 21 19
15 17 19
23 2 12
6 8 14
10 12 4
4 6 16
8 11 6
0 4 6
3 6 19
7 10 6
6 9 9
0 4 19
19 22 15
22 0 4
5 6 6
6 9 15
18 21 10
6 9 2
16 19 9
16 20 19
5 9 9
1 5 4
9 12 6
21 23 13
12 13 5
16 19 10
23 1 3
20 0 14
5 9 6
10 14 8
20 23 13
10 14 6
5 7 16
16 20 11
9 12 8
2 5 11
15 20 10
16 21 7
11 14 17
9 13 3
10 12 15
3 6 1
17 18 4
12 16 1
0 3 14
21 1 17
12 15 11
18 23 16
22 1 8
8 11 7
2 4 3
0 3 6
10 14 8
5 9 8
4 5 2
16 19 19
11 13 5
19 23 4
5 7 4
1 4 11
2 7 11
16 20 7
4 6 18
3 6 16
20 0 15
23 2 18
0 2 5
12 15 5
12 15 7
15 16 19
22 1 11
20 1 18
3 7 16
14 17 17
3 7 19
8 11 14
5 8 9
0 3 2
1 4 4
20 23 17
17 20 9
15 17 17
7 12 10
16 19 18
0 2 19
5 8 17
13 16 6
5 7 5
22 2 11
22 1 12
20 20 8
6 9 5
12 15 17
1 3 7
3 6 6
3 7 1
10 13 7
13 15 19
22 1 5
22 23 18
7 10 14
7 11 4
7 10 14
6 10 1
17 20 4
6 9 3
2 5 10
4 6 9
12 15 14
13 16 14
20 0 14
4 7 11
17 20 11
23 2 13
22 2 1
9 12 14
12 16 12
21 0 15
0 4 3
18 22 12
11 13 10
20 0 9
11 14 7
10 13 18
16 19 4
2 4 13
15 18 2
16 18 13
7 9 12
7 10 11
10 14 15
23 3 10
2 6 12
7 10 11
11 14 13
20 22 18
6 8 13
11 14 4
15 19 5
22 3 18
0 3 19
13 15 19
10 13 14
7 9 16
0 4 10
11 12 15
22 2 14
3 5 4
10 14 10
18 21 4
4 8 19
4 7 13
18 0 17
22 0 12
3 6 8
19 22 15
21 0 9
8 12 14
12 12 7
12 16 16
16 19 7
5 8 11
4 7 13
12 15 4
13 15 16
10 14 16
11 13 4
21 1 8
13 17 3
14 16 6
21 0 17
8 12 12
7 10 13
14 17 1
12 15 13
17 20 13
0 4 6
3 7 15
5 5 12
5 9 9
2 5 1
18 22 17
16 19 12
15 20 19
13 17 5
7 10 8
19 0 9
18 22 15
12 17 15
2 6 3
21 0 12
20 0 16
17 21 2
20 23 2
13 16 3
4 8 3
16 19 19
1 4 17
18 22 10
11 15 13
20 23 6
22 2 3
16 20 2
17 20 3
15 19 4
23 3 13
4 7 7
0 3 19
20 23 17
19 22 14
11 13 13
7 10 9
1 4 11
21 0 17
13 16 10
6 9 9
15 18 8
3 8 6
7 11 11
2 5 1
10 14 1
19 22 7
7 10 17
10 17 9
4 7 17
3 7 3
13 16 4
1 5 3
11 13 7
12 15 13
5 8 11
14 18 9
17 19 7
18 23 17
17 19 1
14 17 15
9 13 5
2 7 7
12 16 15
12 14 16
6 10 8
17 21 10
7 9 14
6 10 12
3 6 10
17 20 10
14 17 12
4 7 15
7 11 3
10 14 18
11 14 17
9 13 11
17 18 10
8 10 6
2 3 14
6 9 2
3 6 17
15 18 8
0 3 19
5 9 6
2 5 6
22 1 19
18 21 11
4 7 11
6 7 3
7 10 5
19 20 16
17 20 5
20 23 13
11 13 19
18 20 8
6 8 9
15 17 18
6 8 10
7 8 3
13 16 1
6 9 13
16 20 2
5 8 6
10 12 2
15 17 18
16 18 4
5 8 19
1 3 3
2 5 3
17 21 15
9 10 16
20 22 3
15 18 13
3 6 13
5 11 2
6 10 7
15 17 12
2 5 2
7 11 9
5 9 6
3 6 13
14 17 8
0 3 4
8 10 19
2 5 7
13 15 3
5 8 16
2 5 8
0 3 11
3 6 7
4 7 17
5 7 19
10 11 19
15 18 15
4 6 12
14 18 11
9 11 15
9 11 19
6 10 1
17 21 10
17 21 14
13 14 6
5 8 8
20 23 5
8 11 13
10 13 1
22 0 12
8 12 3
11 13 8
23 0 1
12 13 9
15 19 4
2 5 15
1 4 5
14 17 7
3 6 12
13 16 10
18 22 15
4 7 12
0 4 13
21 1 8
20 22 4
16 18 13
11 13 9
17 19 16
4 7 7
6 9 2
5 7 10
9 12 3
0 2 9
23 2 10
2 5 10
14 16 9
7 9 4
8 11 9
22 1 1
5 8 18
18 21 9
2 5 3
4 7 3
14 17 6
5 8 19
10 13 9
9 13 19
9 12 2
5 6 9
17 20 4
12 14 1
16 18 5
11 14 10
6 9 10
1 4 12
20 0 3
0 3 19
19 21 5
23 4 1
11 13 11
3 6 6
12 16 19
10 12 3
5 9 14
7 11 13
18 22 13
6 7 14
11 15 16
4 7 19
7 10 3
17 21 14
5 8 18
3 9 17
19 22 6
17 19 10
22 2 2
23 2 19
15 18 3
7 11 18
8 11 10
16 19 12
2 4 16
20 23 16
8 9 19
8 12 2
4 8 18
0 3 15
6 8 18
22 0 6
10 11 1
4 7 11
10 14 9
6 10 12
6 9 3
18 21 19
13 17 2
23 1 11
6 9 3
0 5 1
23 4 12
2 4 6
22 0 6
13 16 12
11 13 6
2 5 15
21 1 5
1 3 14
17 22 3
19 21 7
14 18 6
23 0 2
16 18 9
21 2 18
8 10 6
11 14 15
19 23 7
22 1 17
16 18 1
10 12 3
1 4 16
9 11 6
6 10 12
12 16 4
8 11 17
11 14 5
10 13 9
6 9 15
20 23 9
22 23 4
7 10 16
11 15 16
1 4 17
19 23 5
15 18 8
19 0 3
6 9 13
8 12 11
16 21 13
16 19 18
14 17 5
6 10 12
12 14 9
6 9 14
9 11 16
19 22 14
14 17 13
9 13 13
19 22 7
18 20 14
21 23 15
8 11 18
15 17 19
17 20 12
21 0 4
1 3 5
3 8 15
14 19 11
13 16 17
23 3 14
8 11 10
8 12 7
17 18 12
10 14 9
11 15 5
12 16 4
21 23 13
19 23 2
11 14 7
21 0 18
23 1 4
3 6 11
10 14 9
20 22 8
22 2 13
21 1 3
16 18 8
19 21 17
17 21 4
3 7 3
15 16 17
22 2 9
1 3 15
2 5 2
18 20 9
6 10 18
4 9 17
17 20 1
13 15 8
22 23 4
17 20 14
2 4 4
7 9 9
20 21 19
16 22 6
14 18 14
3 8 4
14 15 12
10 12 6
15 19 9
18 22 9
2 6 8
13 19 8
3 5 1
14 17 14
18 22 3
18 21 18
23 1 2
13 17 16
9 12 6
1 4 6
8 10 13
19 0 15
19 22 9
0 1 9
20 23 18
17 21 7
6 10 7
3 7 18
8 12 4
15 19 12
21 2 19
20 0 2
1 4 1
17 20 12
13 17 10
12 14 18
22 2 6
5 7 17
17 19 15
1 4 12
5 9 15
5 7 8
10 15 3
2 5 10
16 19 14
6 8 13
21 23 9
1 4 10
20 22 14
6 9 6
3 5 11
21 0 2
0 3 16
3 6 2
21 0 12
5 8 2
16 18 11
17 18 3
9 12 13
21 23 10
7 10 19
9 12 14
14 15 11
20 23 16
5 9 19
14 17 4
14 17 7
21 0 4
21 22 10
18 19 13
20 22 14
8 13 2
7 10 10
7 8 1
22 2 17
23 1 8
2 5 9
16 19 6
19 23 5
20 0 9
0 1 17
20 23 13
18 22 14
11 15 11
12 15 4
10 14 10
2 4 2
8 11 4
13 16 17
5 8 14
4 6 17
10 13 3
15 19 19
6 10 6
5 9 13
14 17 3
21 0 2
6 9 18
21 1 7
22 1 7
15 18 7
8 11 9
12 14 9
21 0 18
4 8 10
16 19 13
23 3 3
15 20 19
3 4 18
22 23 16
22 0 9
16 19 3
9 12 1
16 19 8
6 9 17
10 12 9
13 15 8
21 2 1
22 1 16
4 7 5
6 10 6
21 23 19
9 11 13
8 14 8
12 16 4
8 10 3
22 2 7
0 5 9
10 14 8
20 22 17
3 7 4
10 14 8
10 13 19
4 7 19
0 2 13
23 3 19
17 20 10
2 5 16
22 2 12
7 12 11
5 7 4
21 22 19
15 19 3
10 13 3
1 4 10
10 11 14
22 3 7
16 20 5
20 23 19
16 20 3
12 16 11
20 23 12
10 13 3
4 7 8
6 7 17
6 9 1
22 1 6
7 10 6
11 15 7
2 6 9
2 6 8
10 14 2
12 15 4
18 21 10
6 10 6
8 10 8
4 5 5
12 13 5
10 12 11
21 0 6
12 16 3
11 15 3
6 8 14
14 16 10
7 12 6
2 4 17
17 22 1
1 3 11
3 7 17
9 12 1
19 22 7
14 16 18
16 18 12
23 2 14
17 18 13
6 10 16
2 5 3
10 11 11
3 7 15
3 7 4
13 16 19
21 22 12
0 3 14
11 14 10
1 4 6
17 21 16
10 13 8
23 2 2
5 8 5
20 1 15
9 13 17
2 6 18
8 13 9
17 19 10
5 9 14
20 1 4
8 10 6
14 16 12
15 17 11
19 23 4
1 5 6
7 10 2
11 14 14
9 13 18
22 1 10
7 11 1
23 4 10
23 2 5
2 7 8
10 13 19
22 1 4
5 8 19
13 16 14
11 15 12
0 3 5
22 0 8
12 17 4
20 22 12
22 1 5
12 14 4
10 11 2
20 23 15
19 22 12
23 0 9
23 3 16
13 16 7
0 3 10
1 4 16
21 22 17
8 12 4
19 22 14
5 7 2
6 10 1
3 5 15
2 6 16
12 17 2
1 3 2
21 0 10
0 3 8
6 10 18
11 14 1
21 0 6
13 17 9
19 21 1
6 10 16
22 3 5
2 5 15
4 9 2
2 6 14
21 1 6
12 15 19
2 5 12
22 2 9
21 0 15
3 5 14
19 22 10
17 19 4
10 12 11
20 23 8
3 7 12
9 13 14
2 3 8
4 7 1
14 16 12
12 15 5
10 14 17
6 8 10
18 22 14
22 0 1
2 5 10
21 1 15
11 16 17
6 8 1
3 6 1
21 23 1
23 3 11
17 20 6
20 20 19
16 19 7
10 12 17
9 11 9
21 23 12
3 4 19
15 18 17
13 16 5
18 22 8
3 5 13
3 6 6
1 3 1
1 5 15
7 9 15
21 0 9
8 12 9
18 20 14
13 16 5
18 20 8
7 11 3
15 18 12
15 18 19
18 22 10
3 7 11
16 19 6
20 23 11
23 2 11
4 6 9
8 11 1
7 10 3
4 9 16
19 20 10
4 8 15
1 4 16
8 9 6
13 16 11
2 5 5
14 17 10
13 17 4
6 9 5
20 23 19
18 19 16
2 3 19
0 4 15
8 10 14
6 8 12
0 2 3
9 11 16
23 1 13
13 16 6
19 22 16
10 12 19
19 22 2
14 15 17
2 4 10
3 5 15
22 1 1
20 23 9
0 4 16
23 1 13
16 20 4
14 17 4
