1100 17
10 1 8 4 4 8 9 2 3 6 6 3 5 3 3 1 1 
7 9 2
20 0 3
14 15 5
14 16 8
0 2 10
13 15 10
23 4 3
20 23 12
8 11 17
23 1 14
0 3 1
18 21 14
15 19 8
20 23 5
14 18 17
9 12 14
22 23 6
14 18 12
9 12 1
15 18 2
22 0 4
10 13 16
20 0 10
5 6 3
1 6 10
17 21 7
21 23 9
14 16 15
2 5 15
22 23 5
15 19 8
22 2 16
11 13 7
5 9 14
6 8 9
2 5 12
16 18 6
13 16 15
11 12 1
18 21 1
3 7 16
2 4 15
14 17 5
14 18 10
5 8 3
15 19 17
14 17 15
19 21 8
21 23 5
19 0 15
15 18 5
13 16 13
19 19 5
14 16 13
2 4 17
13 17 13
14 15 12
20 0 13
14 16 8
23 2 2
16 19 15
19 20 11
12 15 2
4 6 9
19 21 11
15 20 17
3 6 2
6 9 11
16 19 2
11 13 10
22 2 9
10 12 15
12 16 15
20 23 1
21 0 11
8 11 16
12 17 7
13 15 13
5 7 3
6 9 15
5 9 1
7 10 3
12 16 3
10 14 5
9 12 6
10 12 3
4 7 8
7 10 6
19 22 3
5 7 2
2 5 13
19 23 10
3 5 16
17 22 2
20 23 2
19 22 9
21 23 4
0 4 13
1 3 12
9 13 8
20 23 6
19 23 15
18 21 6
2 4 9
1 5 4
5 9 9
19 23 2
17 21 2
7 10 1
19 23 7
10 14 3
8 13 3
20 0 11
4 7 6
6 12 5
8 10 7
9 11 13
14 18 17
14 18 3
23 0 14
6 9 13
8 12 10
21 0 14
3 6 4
8 11 8
13 16 10
14 16 9
4 7 16
15 19 2
0 1 5
13 16 4
2 4 15
6 9 8
16 19 11
23 2 14
16 19 7
18 21 14
8 10 11
16 18 7
16 19 8
0 3 10
8 9 9
6 11 9
20 23 3
6 7 6
0 2 7
12 15 2
15 18 17
8 10 9
14 18 15
7 13 13
6 9 8
0 2 13
23 2 3
8 11 16
9 13 4
13 16 8
0 0 9
15 19 15
17 22 3
17 21 6
0 3 4
9 12 8
3 7 12
16 19 16
7 10 8
14 16 17
3 6 9
18 22 11
18 21 9
9 11 3
5 7 4
19 21 6
17 20 16
23 1 15
20 23 14
22 0 6
18 23 10
6 10 14
22 3 13
7 9 1
5 9 15
15 18 5
16 20 13
16 20 13
22 1 11
4 8 14
4 7 14
18 19 10
9 11 16
17 20 4
9 12 1
0 4 5
2 6 17
9 12 7
21 2 10
3 6 5
17 20 2
11 13 13
21 0 3
18 22 9
13 16 5
23 3 11
14 16 11
18 22 17
15 17 1
7 10 12
18 21 10
10 16 16
14 17 1
7 12 11
8 12 16
23 0 15
18 21 17
3 6 5
12 15 2
4 7 14
18 22 8
10 12 17
8 10 12
13 15 2
15 18 6
7 11 8
12 17 8
21 23 4
14 17 13
20 0 17
10 12 10
16 19 11
12 16 17
20 22 10
20 0 12
19 21 13
14 17 1
6 11 2
13 15 16
19 20 1
20 1 13
23 1 9
22 23 13
15 20 2
3 7 11
23 2 14
12 16 16
20 22 16
1 3 6
12 15 9
3 6 17
19 22 1
12 15 15
11 14 12
14 17 14
15 18 13
5 8 7
12 14 5
2 5 1
10 12 10
18 19 4
23 2 3
11 14 3
7 9 9
13 18 16
4 8 3
6 9 17
7 11 11
12 15 13
0 2 12
6 7 4
20 23 17
15 19 13
22 0 4
9 13 1
10 11 14
3 7 11
19 23 14
11 14 3
12 16 16
9 13 16
22 0 11
12 16 1
14 17 5
16 19 4
15 17 11
11 13 4
18 20 7
17 22 12
21 1 13
21 1 9
5 9 6
22 2 15
16 19 5
11 15 4
23 2 3
3 8 5
10 13 4
5 10 17
0 2 16
18 20 3
7 8 11
15 17 1
4 6 10
2 4 5
16 21 3
11 13 17
14 17 13
3 5 11
13 16 3
8 12 14
4 7 1
3 7 12
21 1 16
19 23 8
17 21 7
16 18 17
22 2 8
14 18 11
19 22 11
21 0 2
23 2 13
11 15 15
13 17 13
16 20 5
5 7 9
17 18 12
5 10 14
18 21 7
11 14 5
13 16 14
1 4 16
18 23 10
6 9 10
10 13 10
11 15 13
17 22 17
3 7 12
23 1 10
1 4 11
16 20 9
12 15 2
1 3 11
1 5 6
11 16 13
8 10 16
15 17 8
5 9 2
15 18 17
19 20 10
23 1 2
19 21 11
7 9 7
10 10 1
19 20 11
8 12 8
3 6 17
0 4 16
11 14 7
13 15 6
4 5 13
8 13 5
3 5 11
15 18 8
18 21 17
16 19 1
14 16 7
19 22 3
6 10 2
14 17 9
11 14 16
7 9 11
16 19 2
2 3 10
2 5 9
22 0 5
22 1 1
15 18 15
2 6 6
22 23 8
18 21 6
7 9 12
9 12 4
17 21 3
6 10 5
9 12 1
15 20 6
22 0 15
10 13 7
10 12 2
11 14 13
17 17 16
12 14 11
14 16 2
13 16 2
20 23 10
6 10 2
2 4 3
0 3 2
23 1 8
17 19 17
8 12 7
7 9 3
13 16 6
3 7 10
18 20 5
0 4 1
4 6 10
14 17 7
15 18 4
10 13 13
10 12 11
18 22 6
16 17 8
2 3 16
16 18 1
4 6 11
9 12 11
23 3 9
16 18 6
10 14 6
9 10 13
5 8 12
13 16 6
15 18 3
11 14 10
0 3 9
17 20 11
2 5 16
0 4 2
13 16 16
22 1 4
22 0 6
13 16 6
21 1 17
10 12 10
2 5 17
19 22 1
19 22 14
8 10 4
4 6 1
10 12 4
17 19 6
9 11 1
2 4 6
4 7 9
14 17 2
23 2 3
8 11 2
1 5 11
1 5 16
13 18 1
4 7 11
17 18 4
18 20 2
14 17 16
10 14 7
14 17 8
2 5 12
7 12 11
2 4 11
4 6 9
10 13 11
4 8 7
13 15 5
23 1 15
17 18 1
10 12 1
3 7 11
1 2 14
14 19 7
10 13 15
20 23 7
21 23 2
7 10 14
1 4 9
15 17 4
7 9 4
14 16 17
0 2 11
22 3 1
16 19 5
8 12 13
23 2 3
8 11 7
5 8 9
13 16 15
18 21 11
4 8 1
18 19 13
1 3 6
13 16 4
23 3 3
13 17 1
20 0 11
12 14 5
19 21 9
4 7 2
7 11 10
15 18 10
15 18 11
0 3 13
16 18 4
11 16 17
2 5 6
21 0 15
5 6 6
8 10 12
15 17 12
21 1 11
19 22 14
2 6 7
5 7 14
22 0 12
12 16 16
16 19 15
13 16 14
8 9 16
23 1 10
8 10 17
10 13 17
7 9 17
6 7 17
6 8 3
22 23 9
5 7 9
1 6 17
11 15 2
4 8 2
3 6 16
1 5 10
5 7 7
6 8 1
6 9 8
3 4 17
7 11 10
23 1 8
13 16 8
16 19 14
7 9 7
22 2 14
3 6 4
23 1 15
6 7 15
18 21 7
7 10 6
7 12 7
3 8 7
12 13 12
21 2 9
3 6 16
5 7 9
9 13 12
10 13 14
23 1 2
21 22 4
12 15 6
12 14 13
4 9 12
2 5 7
2 6 11
22 23 14
3 7 11
22 1 9
21 23 7
19 1 10
23 1 5
10 12 15
7 10 8
0 3 9
5 7 8
20 23 17
6 10 13
19 22 2
8 12 5
18 20 2
7 10 10
5 8 2
23 2 6
18 21 5
6 9 1
17 20 6
14 16 5
7 9 11
1 4 6
5 10 17
11 15 15
18 22 7
1 6 17
15 19 6
5 7 1
23 0 17
16 18 13
21 23 3
13 14 5
15 18 16
6 9 17
9 11 4
18 22 9
16 18 14
7 9 13
17 19 8
13 17 7
2 3 7
3 6 17
0 4 2
0 3 16
19 22 3
18 20 14
20 0 5
22 2 5
10 13 10
17 20 2
11 14 4
10 11 6
2 6 2
14 17 11
19 22 15
16 19 5
14 17 9
8 12 3
13 15 3
2 5 7
15 19 15
0 3 1
9 11 11
22 0 7
7 10 12
2 6 5
9 13 13
1 4 8
17 21 13
11 14 5
20 23 2
2 5 12
23 1 2
20 1 6
1 3 3
10 14 1
3 9 6
21 23 3
11 12 2
23 1 17
1 4 8
19 23 12
13 16 5
17 20 8
16 20 4
14 17 7
4 7 11
19 21 7
21 0 12
22 0 17
2 5 8
8 11 2
5 9 10
11 14 16
20 0 11
12 15 7
4 5 5
10 14 6
8 11 12
9 12 16
10 12 11
0 1 10
22 2 2
1 5 11
18 20 2
14 16 15
5 7 17
0 3 14
21 23 14
0 3 9
23 2 8
3 7 4
0 2 11
9 12 16
4 6 1
21 0 12
13 14 7
4 5 7
18 19 6
15 16 5
18 21 9
20 23 6
4 6 17
22 1 15
12 16 4
9 12 17
14 18 11
7 11 11
6 10 3
10 13 8
2 6 16
20 23 14
7 8 7
2 4 1
21 1 7
20 0 17
10 13 4
5 7 3
1 2 14
6 7 13
1 5 15
3 6 13
10 13 17
6 7 17
15 19 10
15 17 14
19 23 2
11 14 6
21 21 5
18 20 13
7 10 1
13 16 1
14 17 3
1 4 16
1 4 17
1 3 9
1 2 9
16 19 12
3 7 2
3 6 13
11 15 9
11 14 4
6 8 7
18 21 7
14 18 2
23 1 10
17 19 3
18 21 17
11 15 13
5 7 3
21 23 8
22 1 7
14 17 8
7 9 8
10 12 3
7 8 12
10 12 15
2 5 2
12 15 4
5 9 9
14 16 9
6 9 11
14 18 6
20 23 4
6 9 9
6 9 14
4 7 1
12 16 7
17 20 12
2 6 17
18 21 14
14 17 2
21 0 6
6 9 2
10 16 6
12 14 10
15 17 4
18 21 6
3 6 16
2 6 5
7 10 2
12 14 5
13 16 11
13 17 2
6 9 12
5 8 8
1 5 17
19 21 8
3 6 12
10 12 3
12 15 7
19 21 16
3 4 8
21 0 13
18 21 3
21 0 8
7 10 12
21 1 13
5 7 4
18 21 4
11 14 6
17 21 1
13 15 7
15 19 10
14 18 9
4 8 6
1 2 1
10 13 17
16 18 5
17 19 1
16 19 6
12 15 6
9 11 11
10 13 17
10 12 16
3 6 10
11 14 7
11 12 6
16 20 17
22 1 10
10 13 2
15 17 12
10 12 2
3 7 8
17 21 7
14 18 10
3 5 12
22 1 7
9 13 4
6 9 10
1 5 9
4 8 16
21 0 13
2 5 2
17 18 3
0 4 2
6 9 5
16 19 12
4 6 8
6 7 14
14 16 5
6 9 11
11 15 7
2 5 17
12 14 3
14 17 7
0 2 12
6 10 1
0 3 13
16 17 7
18 23 11
4 6 1
12 15 15
14 18 7
5 7 11
2 5 5
19 22 4
12 16 10
14 18 16
15 18 1
1 5 4
7 11 1
9 11 10
4 6 15
7 9 12
7 10 15
15 17 16
4 7 3
10 14 2
5 8 4
15 18 14
12 15 8
1 4 2
12 13 15
13 16 6
12 16 17
11 13 12
2 5 2
4 8 12
8 9 13
5 8 1
20 0 17
12 14 6
22 0 11
8 10 8
13 17 7
5 8 16
21 2 13
4 7 5
0 5 15
4 8 12
11 15 5
21 0 17
2 5 1
7 10 3
15 18 7
20 22 11
13 15 5
18 22 1
15 19 1
12 15 3
10 12 17
12 14 8
21 23 2
2 6 4
19 21 8
19 22 9
16 19 7
10 13 16
22 23 17
13 17 2
4 6 11
0 3 2
11 13 10
5 9 4
7 9 5
21 22 15
10 14 15
6 10 7
15 19 17
3 6 2
4 9 16
15 19 8
9 12 5
17 20 10
11 14 16
4 8 2
21 0 8
1 5 8
19 23 1
2 5 10
19 22 9
19 22 5
16 19 1
5 10 11
20 0 13
11 13 14
3 5 6
16 19 16
16 19 8
5 8 11
17 18 14
20 23 16
13 15 11
9 12 6
17 21 6
15 18 5
3 5 4
22 2 13
18 20 13
1 3 2
23 2 4
20 1 8
13 14 6
22 1 2
11 15 4
19 22 13
23 3 16
20 23 17
23 1 2
9 13 8
2 6 13
1 3 13
16 19 16
15 19 11
17 20 12
6 10 9
10 14 14
19 22 12
20 0 7
21 1 10
20 0 12
6 9 12
17 19 15
12 14 10
8 10 11
2 4 1
2 5 5
8 10 7
23 1 12
22 1 1
2 5 8
10 14 9
0 3 14
21 0 3
5 7 14
20 1 11
16 19 8
19 21 1
1 5 13
13 16 16
0 3 9
2 5 17
6 8 1
4 7 8
21 0 1
21 1 5
22 1 6
18 21 1
22 2 16
6 11 12
8 11 10
3 5 6
15 17 3
23 1 5
9 12 8
6 9 8
4 6 17
5 7 12
15 17 8
15 17 4
7 11 15
12 16 10
8 11 5
5 7 15
7 9 9
19 23 1
15 17 17
6 9 8
21 0 11
4 8 3
8 12 2
23 4 1
19 22 17
9 12 14
3 7 12
16 20 16
6 10 4
13 15 1
23 2 2
4 6 8
17 19 6
13 17 6
9 12 5
14 17 8
5 7 15
11 12 11
1 3 6
22 2 2
9 11 12
17 19 17
14 18 17
2 5 11
5 7 11
16 20 7
18 22 2
12 15 11
21 0 1
23 1 13
11 14 4
12 16 3
6 10 2
22 1 15
19 23 3
14 16 13
0 2 16
0 4 13
22 0 16
22 1 6
1 2 2
13 17 8
13 15 6
23 2 7
2 5 7
8 10 8
8 13 17
5 9 15
3 7 10
2 5 13
19 21 14
6 8 17
20 0 11
13 17 12
2 5 16
12 16 13
1 3 16
11 15 12
2 5 2
1 5 2
19 0 14
16 19 1
9 12 5
9 12 9
9 11 8
8 11 11
13 15 2
9 13 7
13 15 16
13 16 2
18 22 3
14 17 7
3 7 15
2 5 14
9 13 15
16 19 8
9 12 16
10 12 7
2 3 17
13 17 1
14 16 8
21 0 17
2 4 12
15 17 13
3 6 16
5 7 4
1 4 17
13 15 2
17 21 14
17 19 12
13 15 10
22 1 2
5 7 1
17 20 2
8 13 4
11 16 10
23 2 4
12 14 2
0 2 14
1 4 9
0 2 16
