1200 6
4 3 10 9 1 8 
1 3 6
11 14 1
0 2 6
19 22 2
17 19 4
1 5 2
8 11 4
5 8 5
0 4 3
19 22 3
16 17 3
16 19 2
10 11 2
6 8 1
10 13 4
21 23 2
12 15 2
6 8 5
16 18 4
5 8 3
7 9 6
19 21 6
15 20 3
18 21 6
1 5 3
18 22 4
18 23 5
18 20 5
1 3 2
19 22 2
18 22 2
0 2 6
20 22 5
9 13 1
11 15 3
15 19 1
4 7 4
4 6 1
10 13 2
2 6 4
19 0 2
15 18 5
12 16 4
3 7 5
22 3 4
6 11 1
18 21 6
5 9 6
18 21 6
4 8 6
23 1 5
1 3 1
17 20 5
7 11 6
3 6 3
8 10 5
3 6 2
9 13 5
11 15 3
22 1 5
14 18 5
16 18 2
22 1 1
7 8 6
8 12 4
3 5 6
1 3 1
4 7 6
22 3 4
10 13 2
11 13 6
2 5 6
11 13 3
15 19 3
10 11 2
3 4 1
22 0 4
13 15 6
17 20 2
3 6 2
3 6 5
14 18 4
8 11 3
21 1 1
4 7 2
2 5 1
6 8 6
15 18 6
10 14 4
8 11 3
20 23 3
4 8 1
1 4 3
13 15 2
8 11 4
6 8 4
23 2 2
18 22 4
0 3 5
15 17 1
15 19 4
15 18 4
19 0 6
21 2 3
18 22 1
12 16 2
6 10 5
23 3 4
17 19 4
1 6 5
12 15 6
7 10 3
3 5 1
21 23 4
4 7 6
12 16 2
11 14 3
13 16 3
8 11 4
2 7 4
9 12 2
12 14 4
10 13 6
20 21 1
22 2 6
5 6 1
15 19 5
19 21 2
12 14 4
17 21 2
13 15 5
11 13 6
22 3 4
1 4 6
17 21 3
23 1 5
10 13 5
3 8 2
4 7 4
12 15 3
4 8 6
11 14 3
18 22 1
4 7 3
22 2 6
16 21 5
23 3 6
5 9 4
2 3 2
4 8 1
7 10 5
6 9 4
15 19 3
4 8 5
2 4 3
18 21 2
3 7 4
12 15 4
7 11 4
2 6 2
4 6 2
15 17 1
4 8 5
3 5 4
21 0 2
8 9 6
11 15 6
20 23 5
0 3 1
7 10 5
3 6 1
8 10 2
11 14 4
12 16 1
3 7 4
3 4 5
21 23 6
7 11 4
17 19 1
13 17 3
10 14 4
15 18 2
7 10 2
11 16 2
21 0 2
3 5 3
1 3 2
2 6 2
12 16 5
10 13 6
15 16 1
11 15 2
16 18 6
8 10 4
8 12 2
10 13 5
18 20 4
20 22 4
22 1 1
21 0 2
6 8 4
20 23 3
14 18 1
4 7 5
3 4 4
8 10 5
8 11 5
12 17 1
20 1 2
18 22 5
20 0 3
8 9 1
22 3 2
4 7 6
17 20 2
13 17 5
10 13 6
14 16 5
1 4 4
20 23 5
12 16 6
10 14 5
0 3 1
7 9 4
9 12 4
17 21 3
14 16 4
22 0 1
5 8 3
12 15 1
8 9 1
23 3 3
18 20 2
10 14 5
21 1 4
9 12 2
19 20 2
17 19 5
9 13 3
13 14 3
14 18 3
5 8 3
23 3 1
17 21 6
11 16 5
3 7 6
21 1 3
5 7 1
23 2 5
12 14 3
21 1 6
18 20 1
3 6 4
12 15 4
9 14 5
10 13 2
12 16 6
4 9 1
17 20 6
15 18 3
0 5 1
11 15 6
19 20 2
9 12 5
6 12 4
8 10 4
13 15 5
22 1 3
7 10 1
2 4 6
7 10 6
19 23 4
23 2 6
10 13 3
8 10 4
13 15 4
7 9 2
19 23 5
21 23 6
3 7 2
16 18 2
8 10 5
6 10 3
0 3 2
15 17 4
13 15 3
2 6 6
20 0 3
17 21 1
17 21 3
15 20 1
20 0 1
3 7 1
16 19 1
6 10 3
19 21 5
12 16 3
22 2 4
5 9 4
21 0 2
19 22 2
20 2 6
23 1 1
18 20 3
8 11 3
4 8 1
10 12 6
2 5 4
22 0 5
1 4 2
19 22 6
14 18 1
3 5 1
5 8 3
18 22 3
1 5 3
9 11 2
4 6 1
19 22 4
10 15 6
2 7 2
16 20 6
8 11 4
2 4 1
13 17 4
14 18 5
19 22 5
11 14 6
10 13 6
23 3 6
11 16 3
1 4 3
14 15 3
7 9 1
19 23 1
15 17 4
22 1 1
4 9 6
0 2 1
6 9 4
17 19 3
8 12 4
9 11 4
4 6 3
6 11 4
16 19 6
10 13 3
12 14 5
9 13 5
0 3 2
5 8 3
7 8 5
19 22 2
20 23 4
20 21 2
23 0 2
1 5 4
20 0 5
0 3 1
7 9 1
15 19 5
20 23 5
8 11 4
9 11 1
5 9 2
0 4 4
16 20 4
12 14 3
5 6 1
19 22 3
3 5 5
18 22 5
20 0 5
3 6 1
15 18 4
22 1 1
8 10 6
11 14 3
22 3 5
18 19 2
18 22 3
3 7 3
11 14 3
17 20 6
14 19 3
22 1 5
14 17 4
8 12 3
19 23 6
12 15 5
18 20 6
14 16 3
1 5 3
4 8 2
22 3 4
18 20 5
22 1 1
4 6 4
1 4 1
4 7 3
16 20 2
14 16 3
4 7 5
5 6 1
17 19 3
11 14 2
7 9 6
2 4 2
3 7 3
22 1 6
9 11 1
2 4 6
20 23 4
20 23 5
12 15 4
16 18 6
2 5 5
9 14 1
15 17 4
14 17 6
1 5 1
20 0 6
1 3 2
19 21 5
7 10 2
4 8 5
13 16 1
4 6 6
8 12 3
21 22 3
13 15 1
21 0 2
14 17 2
3 7 2
8 12 3
20 0 1
14 16 2
6 9 3
10 12 2
18 20 5
12 15 5
22 1 1
12 15 4
19 23 2
5 5 1
13 15 3
14 19 4
8 10 5
6 9 2
1 4 5
11 14 5
0 6 5
17 20 2
8 10 6
22 23 6
13 15 3
3 4 1
16 19 3
20 22 3
21 1 6
3 5 5
23 2 5
2 4 2
10 15 1
7 11 6
15 19 2
12 14 1
7 8 5
2 5 2
3 4 1
7 9 5
20 0 2
17 20 1
8 10 3
16 18 4
13 14 3
12 16 2
13 17 5
12 14 5
9 12 2
14 16 2
19 0 2
19 0 5
1 3 2
2 5 3
9 14 6
21 23 4
23 2 5
23 2 5
0 4 2
7 11 5
3 5 3
9 11 6
15 19 3
12 14 2
17 22 1
14 18 6
1 5 2
4 6 2
2 5 2
15 17 4
19 23 1
7 9 3
9 13 6
23 3 2
1 4 5
0 0 5
15 19 2
15 19 3
2 8 4
15 19 5
1 3 3
3 5 1
7 8 6
21 1 4
19 22 6
5 7 5
16 21 5
23 4 5
11 13 6
13 15 1
6 9 5
21 0 2
17 19 6
5 7 3
7 11 5
6 10 2
10 10 3
4 8 1
15 20 3
0 3 5
6 10 1
22 2 3
8 12 3
20 0 6
16 18 6
19 22 2
7 9 3
3 5 5
20 0 4
1 4 2
9 12 1
6 9 3
0 3 2
8 12 2
10 14 2
7 9 1
13 16 4
13 15 4
11 13 5
1 5 6
20 23 1
3 6 2
2 7 2
13 15 6
2 4 2
13 17 3
23 1 6
11 14 1
16 19 3
7 11 3
1 5 3
21 1 3
19 0 1
19 23 3
7 11 6
15 17 3
3 6 6
17 22 1
4 7 2
7 10 2
14 16 2
1 3 2
22 2 1
9 11 2
3 4 6
16 20 1
18 20 4
15 20 4
8 10 4
18 22 5
15 19 5
9 13 5
2 7 2
6 8 6
7 10 1
17 20 4
14 17 2
19 21 4
9 12 3
21 0 4
0 4 6
18 21 4
4 6 6
7 7 5
20 23 2
8 13 4
4 9 4
22 2 4
14 17 5
15 18 1
7 9 6
0 3 4
16 18 6
15 17 2
17 21 6
18 22 2
5 8 2
8 11 3
0 2 5
12 16 1
21 0 6
9 12 3
15 16 3
20 22 6
14 15 3
7 10 1
0 4 3
6 10 4
0 5 1
10 14 2
14 18 4
12 14 5
15 18 2
11 14 6
22 1 5
16 18 2
16 19 2
15 20 3
3 5 3
3 5 1
6 9 5
21 0 5
16 18 4
5 6 4
6 10 2
1 5 1
17 19 2
12 14 1
10 13 4
12 15 2
7 10 1
17 18 3
4 7 1
23 1 1
8 9 6
16 19 6
23 0 5
0 4 4
23 4 2
18 22 3
9 12 5
17 19 6
19 22 5
4 7 2
2 6 6
8 10 3
3 7 1
15 19 5
22 22 4
5 8 4
5 7 3
14 17 6
20 23 6
3 7 4
1 5 4
12 16 4
12 15 2
13 16 5
11 13 3
6 8 1
13 17 6
6 10 3
18 22 1
10 13 6
23 3 1
18 22 6
1 5 3
6 10 6
21 0 5
0 4 6
20 22 4
17 22 5
10 13 2
3 7 6
1 3 3
3 6 4
20 0 5
13 15 2
9 13 6
12 14 3
6 8 1
3 6 3
9 11 1
16 17 1
8 11 2
2 5 3
18 23 4
12 15 3
6 9 1
17 21 5
2 5 2
6 10 6
20 0 3
5 9 3
2 5 1
22 1 3
4 8 5
9 11 3
18 21 6
16 21 6
7 11 5
9 12 1
3 4 5
15 19 2
22 1 2
15 18 6
13 17 6
22 0 6
18 19 6
5 7 3
16 19 3
1 2 3
12 17 5
16 20 5
14 16 2
0 2 4
8 12 3
11 14 6
16 20 4
0 3 2
6 8 4
14 16 6
17 19 1
22 0 3
14 17 5
1 5 3
12 15 4
12 15 3
10 14 2
15 17 4
0 2 4
12 13 2
15 17 4
0 3 4
3 5 3
20 0 2
9 13 4
10 11 4
1 4 5
4 8 2
11 12 1
16 19 4
5 8 6
7 10 6
17 21 3
17 20 5
22 2 3
7 10 6
6 10 6
12 14 3
16 19 5
23 3 4
0 2 3
8 11 6
7 11 6
12 15 1
9 12 5
21 0 4
4 7 5
9 12 3
20 0 4
12 14 1
4 8 6
19 22 5
18 20 3
3 6 4
8 12 4
5 7 6
23 1 3
1 3 6
13 15 1
9 12 5
5 7 1
12 13 5
22 0 4
7 10 5
8 12 2
13 17 2
11 14 5
18 22 2
17 20 2
1 3 6
2 6 2
1 4 5
3 7 5
12 15 5
13 15 1
21 1 1
12 16 4
7 11 3
17 20 3
6 11 5
15 19 2
16 20 1
19 21 5
18 21 1
1 4 1
4 6 4
14 16 2
8 11 3
2 4 6
2 5 2
12 15 1
12 15 1
1 5 6
12 16 3
22 2 2
18 20 4
0 4 6
1 4 6
1 5 5
0 2 2
12 17 2
11 14 1
14 16 4
8 11 4
19 23 4
9 12 4
21 2 1
18 23 2
17 19 5
22 1 4
4 6 4
13 14 3
17 20 1
9 12 1
22 23 5
13 16 1
3 5 5
15 18 2
14 18 2
6 9 2
9 12 5
0 2 4
16 20 6
21 0 3
15 17 4
2 5 1
1 4 5
7 12 5
18 23 2
1 3 2
11 16 5
23 2 2
5 8 4
7 10 3
14 18 6
6 7 4
6 10 1
9 13 5
8 10 1
15 18 2
21 23 5
3 4 4
6 9 4
12 15 5
21 1 2
19 21 2
7 11 1
23 1 3
14 17 5
18 21 3
19 21 5
9 11 6
22 23 6
20 0 1
23 1 5
11 14 2
8 11 5
19 22 4
13 15 3
9 11 5
3 7 5
10 14 5
1 4 3
1 4 2
8 11 1
21 0 1
0 3 5
4 6 5
18 21 1
17 20 2
11 14 3
21 23 6
3 6 6
17 19 2
14 19 1
3 7 5
4 5 2
10 14 4
20 23 5
12 15 6
10 13 3
19 21 6
6 10 6
11 13 3
16 20 5
6 9 4
7 9 1
23 0 2
7 9 4
4 7 1
8 12 2
10 12 5
6 9 5
7 10 4
10 13 1
21 2 3
23 0 6
7 12 1
0 4 2
17 19 2
10 14 4
1 5 6
16 19 4
6 9 3
20 22 6
16 20 3
8 11 1
16 18 6
12 16 4
12 16 5
14 17 2
17 19 1
4 8 1
2 4 4
6 9 3
3 8 5
4 6 6
0 4 3
0 2 5
22 0 1
1 6 5
22 0 2
12 15 2
8 11 3
17 20 3
14 17 4
7 11 6
4 6 3
10 13 2
9 11 6
2 7 5
23 3 3
23 1 1
14 17 4
18 22 5
16 19 2
10 14 6
3 6 6
14 17 3
21 23 2
17 21 6
5 9 5
10 12 2
18 22 2
22 1 5
11 14 1
18 22 2
13 16 6
10 13 1
21 0 5
12 16 5
18 22 2
3 6 4
16 20 6
17 19 3
11 14 5
2 6 5
18 20 6
9 11 5
4 6 2
15 21 2
20 23 3
13 14 5
14 16 5
0 3 4
16 19 5
9 12 6
7 10 3
11 14 3
3 6 6
0 3 4
10 13 6
14 18 6
0 4 1
7 10 4
12 16 4
4 8 1
3 6 1
20 22 3
1 4 6
13 16 1
5 8 4
15 20 2
23 1 4
22 1 4
11 15 3
0 3 5
11 13 1
12 16 2
7 10 5
0 5 6
8 11 5
0 3 4
20 0 4
5 10 2
13 15 3
17 20 5
9 12 3
2 5 1
6 10 6
5 8 2
21 1 2
4 7 2
12 16 5
17 20 3
15 17 2
0 2 2
16 19 4
0 2 6
21 23 3
10 12 5
9 12 3
4 7 4
7 8 5
17 20 5
5 9 1
20 0 5
15 17 4
23 2 6
3 6 6
1 3 1
0 2 6
3 7 5
7 10 1
21 1 6
11 13 4
7 10 4
11 14 5
1 4 1
8 12 1
15 17 1
14 16 3
8 10 3
23 3 5
0 3 2
7 11 1
21 0 3
0 5 1
7 11 5
11 14 4
22 1 2
14 18 2
20 1 6
19 21 5
11 14 6
18 21 6
20 23 5
10 12 6
8 12 1
18 21 1
12 15 4
14 18 6
9 12 4
20 22 1
4 5 5
13 17 1
7 9 1
22 3 1
7 11 6
2 5 2
22 2 2
0 2 2
16 21 2
20 21 6
4 6 1
19 0 4
21 0 2
22 23 6
0 3 5
12 15 1
3 6 3
11 13 5
15 18 4
4 7 6
1 4 2
2 7 2
18 20 5
20 22 3
15 18 2
5 10 1
1 3 6
12 15 5
8 12 4
17 20 6
16 21 2
21 0 1
11 15 2
20 22 5
23 1 6
8 11 1
10 12 5
11 15 4
7 11 6
19 22 3
18 21 3
6 8 6
19 23 3
11 14 3
16 19 6
2 7 4
15 19 3
0 4 6
6 9 3
1 4 2
7 11 6
7 9 3
1 6 5
0 4 1
13 15 2
8 11 2
16 19 6
17 20 2
11 14 5
0 3 2
19 21 1
7 11 6
22 0 5
21 23 4
8 11 2
17 19 6
0 3 1
13 16 5
14 17 4
2 6 1
11 15 5
23 4 2
0 3 1
11 14 2
0 4 2
16 20 2
14 19 3
13 16 3
10 13 2
12 14 4
1 4 6
4 5 2
11 14 1
18 19 5
6 10 2
4 9 4
14 17 3
17 18 4
21 23 6
15 17 3
22 2 6
1 3 1
16 19 3
9 13 1
10 14 4
12 14 1
15 20 5
6 8 6
3 4 4
6 7 5
14 17 1
0 3 4
7 9 5
5 7 3
15 18 6
9 12 6
9 12 5
13 15 2
19 21 3
14 17 1
19 23 4
5 8 3
4 8 1
10 12 2
22 1 2
20 22 1
3 6 5
11 14 3
7 10 1
14 17 4
5 8 1
8 11 5
17 18 6
