450 14
6 7 5 2 2 2 6 7 2 1 2 4 10 3 
4 7 5
19 22 11
19 22 9
12 16 8
12 15 11
2 4 5
7 9 8
3 5 13
19 23 3
8 10 7
23 2 13
13 16 12
8 12 14
15 17 6
19 23 5
4 6 4
19 0 9
15 17 6
6 10 5
6 10 12
7 10 6
19 23 2
19 22 1
23 1 14
15 18 13
11 13 2
13 16 3
18 21 14
17 18 9
18 22 9
11 15 9
6 9 10
11 14 14
4 7 10
10 13 8
16 19 6
3 8 8
10 14 11
12 15 8
22 1 13
2 4 8
7 10 7
23 23 3
4 8 7
17 19 1
17 20 6
14 17 3
7 11 7
1 4 11
0 3 13
14 17 12
16 19 4
14 15 10
5 7 7
5 8 3
18 20 9
3 3 6
18 22 6
14 17 9
5 8 3
0 4 5
13 14 1
18 21 12
13 16 7
6 9 11
14 18 11
17 21 2
20 0 12
18 20 14
1 4 11
18 20 7
15 18 2
8 11 10
17 18 3
16 19 12
21 0 12
13 15 1
12 15 8
15 18 10
8 10 14
22 23 7
5 10 10
7 9 12
7 11 3
4 8 6
16 19 3
18 22 6
9 12 11
3 7 7
22 2 11
23 3 8
13 16 3
6 8 2
23 1 2
4 5 7
5 8 13
4 7 14
8 11 10
1 5 2
9 11 12
18 19 11
20 22 8
2 7 3
2 4 1
21 1 8
8 12 1
17 20 9
6 10 4
17 20 9
8 9 2
23 2 11
2 3 12
3 8 10
3 7 13
8 12 4
4 7 3
18 21 2
5 7 1
1 3 7
6 8 3
9 13 14
9 13 7
18 20 2
21 0 2
7 10 11
14 16 1
18 19 11
23 2 12
8 11 2
16 19 14
7 9 10
7 9 9
22 2 5
17 19 7
10 12 7
0 3 3
23 5 6
10 14 6
16 19 2
0 3 9
4 6 9
20 22 5
8 12 8
8 10 13
16 19 11
15 18 14
22 0 1
16 19 7
20 23 8
8 13 4
20 23 10
6 9 13
19 22 13
16 18 13
16 19 5
17 20 9
12 15 1
15 18 12
15 19 2
14 18 5
3 6 11
14 16 9
22 2 3
15 19 7
4 7 4
9 11 9
12 15 1
18 21 9
21 2 11
23 1 6
22 1 8
4 9 7
23 3 9
22 1 10
23 1 1
2 6 5
19 21 5
9 11 14
7 11 12
16 19 3
14 18 5
3 7 12
15 18 9
10 11 11
2 3 4
3 5 12
2 7 1
6 10 14
4 7 10
12 14 9
5 6 12
8 13 2
19 22 4
9 13 8
22 2 7
22 0 8
21 1 12
21 0 7
12 15 4
13 16 10
15 17 5
12 16 9
8 12 8
1 5 5
17 20 6
2 4 3
14 16 11
16 21 12
19 0 9
9 11 10
7 11 1
10 13 3
22 2 14
15 19 7
6 8 12
15 18 3
2 5 2
9 14 4
7 11 11
15 18 3
13 15 14
12 15 1
8 12 7
17 21 3
20 0 12
17 19 7
9 13 6
18 20 6
4 7 14
12 15 5
23 2 9
18 21 2
9 13 14
13 16 12
7 11 8
23 2 13
18 20 13
10 11 12
19 23 6
22 0 3
12 14 4
10 12 3
2 6 13
11 14 8
9 12 11
14 18 11
3 5 4
23 1 9
3 7 3
7 11 2
23 3 11
6 9 3
15 19 9
14 17 11
21 23 9
12 15 2
16 19 12
8 12 9
8 11 13
10 14 14
19 22 14
15 18 13
22 1 5
16 19 5
12 14 14
21 1 12
6 9 9
18 21 11
16 21 14
1 5 14
9 12 9
2 5 10
5 9 10
11 13 7
0 2 5
12 16 12
5 6 2
2 4 8
2 4 9
14 18 8
8 10 14
22 1 2
2 6 5
6 9 11
4 7 10
17 21 8
10 11 14
22 1 10
3 6 9
3 6 1
10 14 13
7 9 14
6 7 5
19 23 7
1 5 2
20 23 2
10 12 11
4 6 11
12 16 12
23 3 12
2 4 1
3 7 10
0 3 7
14 16 1
4 7 5
20 0 13
14 16 5
6 8 3
13 16 2
15 19 1
17 19 14
11 14 12
23 2 12
13 18 13
2 6 2
22 1 5
5 9 10
20 0 1
23 1 12
14 16 5
6 10 13
19 21 3
13 15 13
4 6 9
17 20 7
6 9 6
19 0 1
17 20 12
22 1 3
18 19 1
12 15 7
3 6 3
14 17 14
0 2 2
19 22 10
5 10 5
12 16 8
7 8 8
15 17 13
10 13 2
5 7 12
12 16 11
20 21 7
18 21 12
20 23 14
11 15 13
4 8 8
12 15 13
14 16 5
3 7 5
22 0 3
4 7 5
11 14 14
9 11 9
19 23 9
9 12 13
13 16 8
4 7 3
23 2 11
2 5 7
10 13 5
0 3 10
14 16 13
22 1 14
14 17 3
5 10 12
5 9 12
15 17 4
8 11 3
14 16 6
9 11 4
5 7 11
12 14 8
12 15 7
17 21 5
20 0 12
19 22 4
15 17 2
0 2 10
9 12 6
2 7 5
0 4 11
7 11 4
18 21 5
11 13 1
21 1 7
2 4 3
13 17 3
22 1 10
3 6 10
22 22 2
23 2 8
10 13 9
16 19 7
19 22 11
19 22 6
8 13 12
11 14 10
16 19 13
4 7 1
4 8 1
18 22 7
2 6 3
23 2 1
6 9 14
19 21 5
4 7 11
0 2 13
11 15 11
9 14 12
21 0 4
1 4 5
23 3 5
12 14 9
14 18 14
18 20 14
15 18 4
8 10 5
4 7 9
16 19 8
5 8 9
3 6 2
0 2 5
11 15 12
5 8 7
12 14 6
7 12 14
19 20 4
20 22 2
8 11 5
8 11 8
14 17 13
22 0 12
11 15 4
14 17 4
18 21 3
14 16 1
17 20 1
15 18 9
22 3 2
2 4 4
5 8 9
5 7 3
15 18 13
9 13 8
18 21 9
8 12 10
4 6 7
21 1 5
0 2 2
