2750 13
7 9 5 7 2 9 1 6 9 5 4 7 8 
9 13 2
13 18 10
23 3 7
23 1 8
4 7 2
11 15 8
16 17 13
2 4 2
1 3 8
16 18 3
21 23 7
23 2 5
7 8 3
21 0 7
7 12 1
23 1 4
9 13 9
19 23 5
8 12 2
7 11 2
19 22 4
13 15 9
15 18 8
1 4 8
1 5 3
23 1 3
6 10 5
10 15 8
19 0 13
4 8 3
1 4 2
13 17 8
23 2 7
3 7 3
9 11 6
1 3 5
8 12 5
8 12 1
21 23 11
1 2 7
19 21 3
16 20 10
9 15 6
1 4 8
7 11 6
11 16 13
4 7 3
16 19 2
20 0 12
17 21 8
13 15 13
0 4 8
11 13 12
15 18 8
4 6 1
22 2 13
17 19 2
3 5 3
5 6 10
19 23 1
20 22 1
10 14 5
6 9 9
12 16 7
21 1 4
0 3 13
0 5 8
23 3 3
22 0 4
0 4 8
5 8 10
16 20 1
21 0 11
13 15 10
19 21 13
2 6 11
7 9 7
2 5 6
22 2 3
2 5 5
3 7 13
2 5 9
7 10 4
17 19 7
20 23 11
15 18 7
11 13 9
14 15 3
14 18 7
19 20 7
2 5 9
8 12 1
12 15 8
6 8 2
9 14 1
3 6 1
10 13 12
20 22 7
16 19 9
0 2 12
15 19 7
0 4 2
20 23 3
19 23 12
13 15 7
11 15 9
18 21 10
14 17 5
10 13 7
0 3 3
4 7 13
15 18 3
11 14 5
10 14 11
13 16 8
19 23 5
13 16 11
16 19 11
10 14 9
0 3 4
9 13 9
15 18 9
17 20 9
11 13 6
23 1 7
15 16 4
20 23 7
12 17 12
7 11 1
6 10 2
12 13 12
17 19 2
11 15 10
11 14 9
19 21 10
17 19 5
18 20 12
14 17 11
21 0 1
17 20 10
18 21 2
13 17 12
12 15 13
20 23 10
10 14 3
21 1 10
17 23 12
3 6 4
10 14 11
6 8 10
22 0 6
23 4 7
20 1 11
5 8 10
20 21 11
16 20 2
12 14 9
6 9 8
2 5 8
11 12 4
7 9 3
16 20 12
5 7 5
22 1 13
14 16 10
9 13 2
14 17 3
10 14 10
5 7 5
1 3 1
16 19 13
0 1 1
19 22 3
3 5 2
15 17 9
13 16 4
23 1 8
10 14 9
14 15 5
23 3 5
11 14 12
4 9 3
9 11 12
16 18 6
14 17 10
2 4 6
17 21 7
10 13 3
6 8 4
22 1 11
13 16 13
14 18 9
23 2 3
10 14 3
17 19 2
22 1 2
19 23 10
18 22 10
20 0 12
22 3 3
23 3 3
9 11 5
16 18 2
0 3 3
2 6 13
6 10 1
23 2 5
23 0 7
22 2 9
16 21 8
2 7 13
14 17 7
22 23 12
12 15 5
22 3 6
16 18 6
14 18 8
17 20 9
10 14 3
9 12 8
11 14 8
1 3 2
1 5 7
15 18 4
4 7 11
23 2 6
9 13 1
11 15 12
14 17 4
7 7 11
10 14 9
5 9 1
5 7 3
13 17 10
10 12 13
7 11 13
23 3 2
20 23 7
18 20 11
20 23 6
20 0 10
4 9 3
17 19 11
12 16 9
17 20 12
7 11 4
5 7 11
18 21 10
5 7 12
10 11 10
18 22 13
7 12 2
7 10 8
17 20 4
11 13 10
11 13 6
3 6 4
8 12 1
9 13 5
0 4 1
0 2 7
14 18 1
0 3 7
2 6 3
17 21 4
13 14 1
1 3 5
14 17 9
16 19 7
15 18 9
4 8 9
17 21 7
9 11 1
19 22 10
11 14 1
20 21 12
15 18 5
11 12 3
16 22 3
13 14 11
4 9 7
10 12 5
6 9 8
9 13 4
19 22 4
11 13 2
1 3 5
17 20 6
7 10 4
1 4 7
6 10 12
21 23 9
11 13 11
0 3 12
22 1 1
6 10 10
12 13 3
18 21 6
4 8 9
7 8 5
7 10 1
2 5 5
1 5 11
2 7 12
21 1 10
21 23 4
3 6 3
18 22 2
8 12 6
22 2 6
22 1 11
8 11 6
11 15 2
14 16 6
13 16 5
0 4 1
11 15 10
7 11 11
9 11 2
8 8 6
15 18 1
23 3 7
19 23 8
2 7 2
14 17 8
8 10 4
16 18 4
1 4 11
19 21 1
11 14 6
3 6 8
8 11 8
3 4 2
21 1 11
6 8 13
19 22 5
10 15 3
14 17 2
22 0 9
6 7 9
13 17 8
3 7 10
11 14 10
4 8 13
22 1 8
13 17 1
20 22 2
5 7 8
23 2 13
10 13 1
0 4 2
12 13 13
6 9 13
22 2 1
15 19 3
15 17 6
14 16 8
6 10 10
2 4 4
17 20 10
9 13 8
9 12 8
11 11 2
21 23 7
20 1 12
17 20 9
4 7 8
15 19 13
18 20 4
4 7 2
1 5 12
10 11 11
4 6 11
19 22 10
23 2 10
12 16 8
0 5 1
8 10 9
4 7 10
11 14 11
0 3 1
12 15 13
20 0 12
23 3 7
4 6 3
22 3 1
16 20 8
10 12 12
9 13 13
5 8 4
21 1 11
0 4 10
20 23 13
12 15 8
22 23 7
3 5 13
10 15 8
18 22 7
21 0 1
21 23 2
22 1 8
23 1 2
9 12 3
9 13 10
14 18 13
11 15 10
21 0 10
7 12 9
3 7 9
23 1 11
17 19 10
6 8 9
3 8 4
14 16 12
16 20 1
7 9 9
18 22 2
16 17 2
2 5 2
23 1 3
1 5 2
20 21 5
11 15 12
10 12 7
5 7 7
10 13 1
23 3 2
0 2 1
6 10 4
2 5 12
21 23 4
20 23 9
2 5 12
0 3 10
19 22 11
13 17 12
15 18 11
20 21 5
22 2 4
8 12 13
13 14 1
9 13 12
11 13 6
9 13 13
4 5 12
2 4 4
9 13 12
18 21 1
21 1 6
17 19 3
15 19 2
13 16 11
4 8 6
8 13 10
8 10 11
2 5 8
8 11 8
13 16 11
15 19 5
18 22 1
18 21 8
11 14 6
3 7 12
8 12 10
3 7 2
4 8 6
23 3 8
19 22 10
16 19 10
15 16 12
16 19 7
12 15 6
17 19 10
19 20 6
4 6 12
10 14 11
14 17 9
9 13 3
0 3 11
4 7 13
19 0 7
13 16 1
16 19 13
9 12 12
15 19 13
9 14 8
11 13 13
14 17 3
0 3 13
21 23 13
14 17 12
3 6 4
14 16 6
3 7 3
22 1 4
20 22 11
6 9 5
0 3 2
21 23 8
19 20 7
17 19 10
17 20 12
3 6 13
14 18 3
18 20 2
8 10 9
13 15 1
16 19 11
13 15 13
2 4 3
14 16 13
11 15 1
23 2 4
12 14 10
20 0 11
20 0 2
0 3 1
7 10 4
4 8 6
10 15 10
17 20 13
2 6 10
20 23 2
11 15 7
7 9 9
17 18 13
14 17 7
15 18 11
7 9 3
21 0 3
0 2 8
4 8 4
7 10 12
12 13 2
16 17 6
16 17 10
10 13 11
6 9 12
11 15 3
10 13 4
4 7 6
4 8 10
2 5 2
4 5 12
21 0 11
0 3 7
19 22 11
19 22 10
3 5 11
20 23 13
6 8 10
10 14 10
22 1 3
13 17 6
3 5 3
4 6 2
16 17 11
6 9 4
1 2 11
17 22 13
17 19 6
18 18 1
4 7 11
12 13 7
23 2 2
2 7 1
8 10 11
4 6 10
5 10 10
20 23 2
8 11 5
7 10 1
16 18 5
0 4 4
20 0 1
6 8 10
21 23 10
22 0 2
0 2 13
7 10 12
0 3 4
5 8 7
11 14 9
14 17 2
16 19 5
3 7 6
17 21 3
10 15 4
12 15 1
11 14 6
12 15 3
8 11 10
23 2 2
5 9 10
20 0 7
15 18 7
9 12 11
16 19 11
9 11 5
0 3 4
11 14 11
15 18 7
17 20 7
21 3 2
21 0 2
7 10 9
2 5 12
9 13 4
10 13 13
1 3 5
19 23 8
16 21 7
14 17 9
8 13 13
20 22 10
18 22 3
22 3 5
16 19 13
7 13 5
9 13 3
6 8 13
10 13 9
1 5 4
0 3 9
19 23 12
8 11 5
20 0 13
9 12 1
21 1 1
19 22 3
19 21 2
7 10 1
5 9 2
1 3 3
12 14 10
14 17 10
14 18 9
12 14 7
15 18 3
13 16 1
3 4 5
2 3 8
11 14 1
12 14 7
9 12 4
19 21 5
1 2 4
5 9 10
4 5 4
12 14 5
8 10 4
11 15 9
1 4 3
14 17 2
9 13 1
22 1 13
4 8 5
15 17 5
11 16 7
3 6 2
13 16 5
11 14 13
19 20 7
19 22 10
5 10 2
6 10 12
8 11 3
5 6 8
3 8 2
6 9 12
4 8 6
22 1 8
15 17 3
22 1 4
22 1 10
9 12 10
17 20 8
8 11 13
12 14 11
5 7 11
4 6 9
22 1 8
20 1 4
10 15 5
15 17 10
11 15 4
10 13 7
21 22 10
6 8 6
14 18 4
1 4 3
6 8 6
6 7 6
7 10 1
19 20 3
0 3 12
12 16 8
13 17 2
6 10 2
22 1 8
7 11 3
16 19 10
22 2 4
14 16 5
23 1 9
4 8 5
10 15 2
12 15 7
22 2 4
18 21 11
6 9 10
1 4 3
15 19 5
18 21 9
18 21 6
8 13 3
14 16 5
11 14 9
9 13 3
15 17 4
18 22 13
3 4 3
5 8 4
16 18 1
17 20 2
10 12 8
6 9 12
12 15 3
17 22 12
7 10 4
14 15 8
21 22 12
2 4 8
17 20 13
10 13 3
17 19 7
19 22 6
0 2 11
9 12 9
17 18 13
11 15 6
3 6 2
19 22 11
22 23 10
11 14 1
7 12 11
0 5 2
15 17 13
14 18 8
6 9 7
11 14 11
5 8 10
7 9 12
3 6 8
23 2 5
13 17 8
14 16 8
8 11 7
1 3 4
16 19 11
22 2 1
16 20 9
10 12 10
6 11 7
13 15 9
21 0 10
11 14 2
13 16 1
19 23 3
2 4 1
2 6 3
16 19 3
18 22 7
10 12 2
2 5 7
13 17 6
4 7 7
9 11 7
12 14 3
1 5 4
8 11 9
11 14 5
13 16 1
8 12 10
17 21 2
0 4 11
23 2 5
12 14 2
4 8 3
20 22 3
12 15 1
14 17 5
4 8 9
2 5 2
22 1 8
23 2 6
17 19 5
1 3 2
13 17 4
17 20 1
7 11 4
21 2 2
10 13 8
21 2 8
11 16 3
2 4 12
12 15 9
9 11 2
7 8 4
10 14 8
0 2 13
22 1 2
19 22 9
10 13 7
12 14 9
5 6 3
6 9 3
11 14 9
8 12 7
10 13 1
22 1 7
9 11 10
12 13 10
21 1 10
22 0 9
21 0 10
17 21 3
0 3 7
18 22 12
14 18 3
0 1 12
19 22 12
11 13 3
21 21 11
18 22 3
14 17 6
3 8 9
16 21 10
13 16 10
20 0 3
10 15 9
10 15 7
16 19 1
23 2 1
9 12 7
16 18 3
5 7 11
23 1 13
1 2 7
23 3 6
1 3 13
8 10 6
0 3 8
5 8 10
5 9 2
8 11 3
2 6 8
11 13 8
19 22 3
0 3 8
11 14 2
15 17 11
3 6 13
22 3 7
3 6 12
1 5 1
5 8 4
0 4 5
15 19 6
23 2 9
12 17 6
21 23 2
3 6 4
22 2 10
4 7 9
4 7 5
4 7 12
20 23 7
2 5 4
13 17 4
18 21 2
3 8 6
11 14 7
4 7 12
2 5 2
13 15 13
15 17 11
12 15 7
15 17 11
14 16 12
20 0 7
19 23 6
5 7 4
10 12 12
9 11 12
22 1 9
22 0 4
12 16 8
1 4 12
23 2 10
9 12 11
9 12 9
13 17 5
4 7 8
2 4 13
21 23 8
8 12 6
11 15 2
12 14 13
21 23 3
18 22 2
12 14 12
21 0 8
12 15 1
9 12 4
20 22 8
22 23 9
13 17 7
4 9 4
19 23 9
2 6 11
20 23 12
13 17 12
17 21 8
19 22 6
15 18 7
19 21 5
2 4 3
1 4 5
7 11 7
0 2 7
10 12 11
10 11 6
23 2 10
2 6 5
1 4 8
15 19 8
0 2 4
13 15 6
5 8 7
16 18 7
22 1 12
15 18 2
15 17 11
22 1 6
12 16 3
10 11 9
2 5 6
21 23 5
10 13 8
14 17 6
0 3 12
21 1 11
19 23 10
8 12 3
4 7 13
20 21 4
23 1 7
7 12 10
14 15 10
8 11 4
2 3 10
18 23 8
17 18 8
11 14 9
16 20 3
18 23 3
23 2 1
2 5 7
5 9 4
16 19 13
5 9 3
21 1 1
18 20 1
16 16 1
11 14 4
11 14 3
5 8 3
1 2 8
19 23 11
13 17 3
20 0 9
14 16 4
12 15 2
9 13 7
4 7 11
20 23 10
10 13 12
5 8 1
7 10 11
4 7 7
22 1 13
19 22 10
12 15 12
20 23 13
3 6 6
8 10 11
8 13 12
1 4 6
2 5 1
13 16 12
19 21 13
5 9 10
22 0 13
12 15 12
13 15 11
10 14 6
4 7 13
14 16 7
11 14 5
12 15 11
4 9 3
7 10 11
10 12 6
11 13 2
20 22 6
9 12 4
23 3 4
15 19 6
12 15 13
2 6 5
8 12 12
7 11 10
15 18 6
18 19 7
18 21 12
2 5 3
19 22 5
20 0 6
15 18 12
6 9 10
18 19 8
0 4 4
18 20 8
21 1 2
21 0 7
10 13 11
17 20 5
7 10 8
8 11 11
18 21 12
11 15 13
23 0 6
9 12 7
1 3 2
17 21 3
3 4 11
23 1 12
13 17 7
3 5 5
6 8 3
7 11 7
3 7 5
14 17 12
6 9 10
18 22 7
12 16 9
13 17 8
3 6 5
1 3 11
12 14 12
9 10 13
4 7 4
7 8 2
19 0 6
18 21 12
14 18 2
20 23 13
8 11 10
2 4 3
9 12 13
12 16 5
0 3 2
20 23 7
4 8 9
4 6 12
7 10 13
23 2 4
4 7 3
1 3 6
14 17 12
1 3 8
22 1 4
12 14 13
17 18 8
0 3 2
8 9 11
9 12 1
2 6 12
7 11 10
4 6 11
17 21 6
0 5 4
14 17 8
16 18 8
23 2 12
12 17 3
16 18 7
15 19 6
9 14 8
19 21 13
2 5 2
23 3 3
7 11 5
0 3 9
1 4 2
9 12 12
6 9 9
23 2 6
21 23 4
1 5 1
2 5 7
1 4 4
17 19 4
3 4 8
19 22 6
18 21 1
10 13 5
0 2 6
10 13 6
14 16 1
17 19 3
16 20 4
21 0 2
3 6 5
19 23 11
9 13 8
4 8 2
23 2 10
21 22 6
4 8 10
12 16 2
14 17 11
18 22 10
18 22 5
23 2 7
8 12 12
15 17 6
17 18 11
8 11 2
3 7 2
3 4 8
0 5 3
5 9 2
19 22 9
23 2 12
22 2 8
4 8 6
23 23 1
16 19 8
20 23 5
9 12 13
3 6 10
22 23 5
3 7 12
3 6 3
9 10 5
14 17 7
9 11 8
5 10 13
23 3 8
14 17 3
1 4 3
8 11 9
0 2 12
19 23 5
9 12 2
11 15 9
18 21 8
6 9 5
21 2 3
5 9 7
21 23 9
2 6 2
6 8 11
8 11 1
9 11 2
16 19 4
19 21 7
9 13 4
15 19 8
4 8 1
7 11 7
9 12 8
12 14 12
21 23 1
11 15 1
7 10 2
16 20 3
1 3 8
21 23 6
21 0 4
5 8 4
14 17 2
13 15 9
2 5 2
19 21 6
12 15 2
1 5 3
8 11 1
16 20 8
19 22 11
8 10 4
12 15 12
16 20 4
7 9 8
6 8 4
12 17 10
9 13 9
17 20 7
15 19 11
9 11 9
16 21 10
9 11 12
19 22 1
22 1 2
19 22 8
1 4 9
16 18 13
11 14 11
19 22 5
7 10 12
1 6 9
19 22 5
3 7 12
2 6 8
5 8 11
21 1 4
3 6 13
16 18 8
23 2 9
22 2 9
0 4 3
15 18 13
3 6 11
12 15 11
0 3 5
20 22 2
20 22 10
4 6 5
12 15 7
6 9 2
9 13 5
22 0 13
17 20 4
23 1 6
1 4 12
13 17 9
18 22 8
11 13 2
22 0 3
0 1 5
16 20 11
18 22 3
19 21 13
10 13 10
20 0 3
9 12 7
17 21 12
3 6 13
21 0 11
6 9 4
14 17 2
6 10 4
15 18 2
1 4 4
7 8 9
6 10 8
3 6 2
14 16 13
14 18 11
2 5 5
17 19 3
5 8 12
20 23 7
6 9 2
2 4 9
8 11 10
15 20 13
13 15 1
13 15 1
5 10 13
14 16 2
2 4 13
16 19 3
11 14 2
20 0 13
9 12 3
21 0 1
11 14 13
23 1 4
3 7 8
13 17 7
22 1 12
23 2 1
13 15 2
2 6 10
2 5 4
16 18 4
16 18 11
9 13 5
22 2 1
0 4 2
8 12 1
20 23 2
15 18 6
4 7 1
0 1 12
19 21 6
1 6 10
23 1 13
16 18 8
15 17 8
10 13 4
5 6 10
10 14 12
1 4 7
23 0 12
9 11 9
12 16 7
21 1 9
10 11 8
14 17 13
10 15 5
13 17 5
18 20 5
17 20 13
5 8 9
20 22 5
0 3 3
0 1 7
23 0 8
22 1 3
2 5 1
22 1 8
0 3 10
20 0 11
1 3 10
8 11 6
18 20 3
23 3 13
10 13 10
9 12 6
22 1 9
19 23 9
2 5 9
17 20 13
0 1 11
9 13 4
10 14 4
1 4 2
21 23 10
20 23 6
12 15 9
12 17 2
8 10 6
6 8 13
10 12 3
15 18 1
9 12 6
18 20 8
10 13 1
9 12 9
15 18 5
7 11 13
0 2 12
7 9 5
5 8 11
10 13 8
12 15 9
23 3 10
18 23 7
6 10 13
12 15 4
3 6 3
16 19 10
20 23 12
10 14 9
4 8 3
22 1 9
10 13 8
8 11 4
10 13 7
14 17 10
1 4 9
20 0 12
22 0 11
11 15 3
23 4 4
15 16 1
18 21 8
13 16 2
5 7 6
7 10 3
15 18 2
4 8 1
22 0 12
7 10 7
5 10 13
15 18 9
16 20 10
10 13 12
0 3 12
18 23 4
14 16 2
20 22 8
15 18 9
8 12 2
15 18 8
5 8 4
1 4 7
15 17 12
1 2 7
11 15 12
15 16 7
4 5 6
8 11 2
7 11 12
3 8 6
11 14 11
15 16 10
17 20 4
19 23 9
9 12 12
15 17 3
6 8 5
1 1 12
4 8 1
21 0 7
18 23 8
8 10 6
0 5 13
5 9 1
19 22 11
8 11 5
3 6 8
11 13 11
15 18 8
14 18 4
9 12 12
15 16 10
15 18 13
12 14 6
10 14 13
16 19 3
17 20 8
9 13 13
0 4 3
14 17 8
20 0 3
8 10 11
11 13 5
12 14 4
2 5 3
6 10 7
8 13 2
13 16 9
0 4 5
10 11 10
19 22 11
3 7 8
12 15 3
2 5 11
5 9 10
15 20 13
3 6 1
23 2 5
15 18 7
19 23 2
9 10 3
23 3 13
19 23 4
7 11 7
18 20 4
16 20 7
11 14 1
1 4 1
1 6 10
0 5 10
19 23 8
23 2 12
10 13 6
20 21 9
21 0 5
1 4 1
13 15 8
0 3 5
19 0 7
15 17 6
5 8 5
23 1 12
9 12 10
1 3 9
6 9 12
7 11 6
1 4 2
6 9 13
19 22 12
16 19 11
13 16 9
7 11 12
5 7 9
17 19 12
20 23 3
22 3 8
3 5 10
7 10 3
23 0 4
15 18 10
15 17 13
0 4 7
15 19 9
9 12 10
14 20 1
17 20 12
10 13 1
13 16 12
7 9 10
4 6 8
19 22 13
20 0 10
6 8 7
2 3 9
19 22 7
5 8 2
17 21 11
7 11 7
14 17 1
14 18 3
5 8 3
2 4 12
8 11 12
17 22 6
20 0 3
9 14 9
1 4 7
22 2 5
3 5 9
12 15 11
5 10 9
23 3 10
21 0 6
23 2 1
9 11 13
12 15 1
22 0 4
15 18 12
8 12 4
18 22 10
21 1 13
7 11 9
14 17 12
7 10 8
10 13 5
5 8 9
21 1 2
20 1 12
0 3 11
10 15 9
12 15 7
21 1 8
1 4 6
19 23 12
5 7 7
7 10 3
8 11 12
17 20 1
21 1 7
7 10 11
3 4 4
11 14 2
13 16 11
0 3 13
21 1 13
5 8 7
0 3 9
11 15 10
18 21 10
14 17 12
9 11 6
12 16 2
1 2 1
1 4 12
17 20 12
5 8 5
9 14 5
12 15 10
9 13 4
7 9 4
12 16 8
21 1 12
14 18 10
6 10 4
9 13 3
13 17 10
18 20 4
7 10 7
19 23 11
13 16 13
5 7 1
0 3 6
14 18 5
11 15 12
20 1 8
21 2 6
17 20 9
2 6 6
20 0 13
19 22 12
7 11 12
1 4 7
14 17 2
6 11 11
14 16 12
12 14 7
11 14 7
6 8 2
13 17 1
21 1 2
7 11 1
0 3 8
21 1 11
0 3 10
18 20 1
1 4 12
12 15 2
5 8 9
23 2 10
9 11 8
14 16 11
2 6 13
5 10 3
19 23 13
6 8 12
14 16 10
10 13 4
20 0 5
23 2 9
12 14 3
23 2 8
23 4 4
15 18 7
15 19 4
11 15 13
11 13 1
15 19 9
13 15 8
20 23 4
8 11 11
3 4 1
12 16 2
10 11 10
19 21 8
7 10 1
13 16 13
18 21 5
18 20 12
14 16 1
15 19 5
23 2 13
23 2 5
22 0 5
22 0 5
20 0 6
13 17 3
20 21 11
13 15 2
14 20 4
22 1 12
9 12 8
20 22 10
3 5 7
22 1 7
21 0 8
20 22 6
4 7 7
21 0 1
4 8 3
20 0 10
1 3 7
13 16 10
23 2 9
1 5 9
10 12 6
21 1 1
9 11 3
19 22 1
7 10 13
18 21 2
23 3 3
10 13 7
3 7 11
7 10 6
20 23 5
0 2 9
13 16 8
22 2 3
1 5 4
0 4 8
18 21 8
19 23 4
11 12 3
17 21 11
23 1 5
11 13 11
3 6 8
21 1 4
9 13 7
7 9 13
16 18 7
23 2 4
6 8 4
17 21 2
10 14 12
9 12 7
11 12 1
4 5 8
18 21 6
19 21 13
11 14 3
10 13 3
2 4 10
2 6 10
7 9 1
17 19 3
2 5 2
1 4 11
20 23 2
0 2 10
5 8 13
21 0 11
8 10 12
3 5 12
18 22 5
7 10 1
10 13 4
8 11 4
14 19 7
10 15 4
23 2 1
15 17 4
0 3 9
22 0 3
8 10 6
21 0 4
17 19 11
4 6 5
0 4 11
22 1 1
20 23 5
15 18 2
10 14 9
11 13 10
10 14 6
17 21 11
12 15 12
18 20 10
7 10 1
20 23 2
14 17 10
3 6 4
10 13 11
12 14 6
13 17 4
17 22 12
5 8 1
14 17 9
5 8 3
16 21 10
21 0 9
20 22 9
12 15 1
19 21 10
6 10 8
16 19 1
8 10 11
3 5 5
3 7 5
3 5 6
10 14 6
13 16 11
4 7 13
5 7 7
23 2 11
12 15 4
14 16 3
4 7 9
20 22 1
7 11 11
2 6 13
11 13 2
7 10 5
13 15 4
3 7 4
21 23 7
2 5 5
20 1 9
8 9 3
11 15 13
15 19 13
4 7 1
15 16 3
12 15 2
20 22 8
5 7 2
12 15 12
10 14 4
10 14 2
18 21 10
12 15 6
7 11 4
19 21 3
15 18 6
20 21 2
20 23 4
4 8 6
20 23 7
15 18 12
15 18 3
22 0 2
0 5 5
1 5 5
18 21 4
7 11 4
8 11 12
21 1 4
17 20 2
7 11 5
14 17 9
1 3 6
13 17 11
18 19 1
10 13 1
23 2 9
21 0 1
2 4 1
12 14 10
18 22 3
15 20 12
22 1 9
8 8 8
12 15 8
9 12 7
3 6 10
12 15 6
2 5 8
20 0 12
9 11 12
23 5 11
10 13 3
7 10 11
1 3 13
9 11 2
23 4 8
12 16 3
10 12 11
17 21 6
5 9 11
20 23 5
15 18 6
12 13 2
5 10 2
4 8 3
22 1 13
13 16 10
8 9 2
16 21 7
13 16 2
12 16 10
13 17 2
1 5 2
13 17 13
0 3 2
19 23 10
10 13 8
3 7 12
20 22 5
2 4 2
16 19 3
12 14 8
3 6 7
7 10 5
18 21 10
22 2 9
14 18 3
18 21 7
8 11 11
18 20 12
9 12 4
2 6 11
0 4 12
11 15 9
18 19 13
7 13 13
9 11 8
10 12 4
21 4 12
0 3 1
18 23 8
7 11 12
0 2 12
19 21 9
8 12 13
10 14 11
19 23 8
10 14 6
22 2 8
5 11 4
22 1 11
17 20 13
8 10 2
8 10 9
23 1 10
7 8 5
12 16 8
19 22 10
6 9 13
18 20 13
21 23 10
2 5 11
2 5 13
3 6 10
20 22 1
18 23 8
17 20 12
6 7 7
12 14 11
6 9 5
3 6 2
5 8 10
17 22 4
9 12 6
8 12 11
17 21 4
2 5 11
19 21 5
17 18 9
13 17 7
20 23 8
21 1 8
15 19 13
12 15 10
23 2 1
15 19 9
3 5 2
8 10 3
7 12 13
7 9 11
8 11 8
14 17 5
16 18 9
11 16 6
7 9 12
16 20 5
1 5 1
23 2 4
22 1 13
5 7 10
7 11 8
19 22 12
11 15 10
0 3 5
11 13 13
21 0 12
6 8 2
11 15 8
23 3 1
12 15 8
18 19 6
21 0 6
2 7 5
0 2 2
10 13 7
15 18 12
10 14 13
23 1 12
10 13 4
16 18 12
7 11 4
17 19 12
7 9 4
19 21 13
13 14 8
19 22 7
8 12 6
22 2 4
20 23 2
11 13 8
23 3 11
23 4 13
3 6 11
18 20 5
1 4 13
23 3 10
8 12 8
8 10 2
19 23 13
13 16 11
9 12 5
21 23 13
6 9 6
5 6 6
10 14 9
6 8 10
19 22 10
18 19 9
15 20 7
9 11 8
21 0 6
20 23 10
20 20 13
15 18 1
4 5 2
13 16 1
12 16 11
11 14 8
14 17 9
8 11 9
4 7 8
19 23 6
10 14 1
8 11 3
11 14 10
23 2 10
13 16 12
23 3 3
9 12 2
3 8 3
21 0 10
17 21 2
16 20 7
13 17 11
17 20 4
11 15 1
19 23 11
3 6 8
1 4 6
4 6 13
11 13 3
5 8 7
13 16 12
10 11 2
13 16 8
20 0 7
3 9 8
4 8 1
7 10 2
17 19 11
11 15 6
3 7 8
19 23 12
20 23 2
12 14 13
16 19 1
4 7 4
4 7 7
20 22 1
8 9 1
17 19 13
20 23 6
17 18 4
14 16 6
23 3 2
16 20 5
21 0 1
11 15 13
3 5 5
1 4 2
10 13 13
11 13 5
12 14 13
1 5 6
6 10 9
18 20 7
0 1 7
12 14 4
8 12 12
22 1 2
13 19 11
10 12 1
7 10 12
23 3 1
6 8 1
10 13 4
19 23 1
8 10 4
13 15 5
8 11 10
9 13 2
23 2 2
5 8 3
14 16 10
20 0 13
20 22 9
4 7 5
15 18 5
4 6 13
5 8 13
23 3 10
19 21 12
1 3 12
20 22 11
13 17 6
0 2 2
2 5 12
10 14 7
7 10 9
12 15 12
3 6 2
1 4 13
0 3 13
20 23 7
4 7 3
19 21 6
1 4 9
22 2 7
0 2 5
3 6 13
14 18 6
3 8 11
5 6 9
16 19 4
5 9 3
16 19 10
21 1 12
10 12 2
4 6 9
4 6 9
6 9 10
0 2 2
23 3 3
7 10 1
4 7 4
18 21 11
13 16 10
12 17 7
14 18 6
14 16 13
8 11 2
12 15 10
10 14 7
5 8 4
23 1 3
3 7 8
1 2 13
11 13 3
15 18 2
9 11 3
14 16 9
3 7 7
2 5 8
0 5 2
4 7 12
22 2 8
23 2 5
18 22 2
11 15 13
0 4 10
21 0 13
15 17 6
15 19 11
4 9 3
6 9 10
9 11 11
6 9 8
0 2 5
22 1 3
12 15 3
3 7 5
14 17 2
1 4 11
2 5 5
1 3 4
0 3 7
19 21 4
18 23 10
4 7 2
20 23 5
9 12 11
3 7 7
6 8 7
7 9 13
11 13 9
9 12 1
12 17 9
17 18 3
6 10 8
19 22 8
7 9 8
17 20 8
17 19 9
21 1 1
17 21 2
4 6 10
21 0 8
21 23 7
20 23 5
20 0 6
13 15 13
13 17 7
8 11 9
18 21 10
0 2 11
14 18 6
13 15 2
4 6 3
3 7 5
19 19 1
15 19 8
17 21 10
15 18 8
3 8 9
1 3 8
4 7 11
4 8 9
5 8 3
0 2 1
22 1 5
11 14 5
15 16 13
20 23 7
4 5 5
13 16 7
7 9 11
19 20 6
16 19 11
7 10 2
19 22 11
19 22 6
7 10 9
16 20 1
13 16 2
8 13 3
22 0 5
7 11 12
15 18 13
23 3 1
18 20 7
22 1 3
23 3 4
20 0 2
13 17 10
9 12 6
9 11 7
16 18 4
0 4 6
0 4 10
8 12 2
12 14 5
5 9 12
17 21 4
2 6 3
15 18 4
9 12 2
1 4 3
21 1 4
8 10 10
14 16 4
18 20 13
14 17 13
7 11 7
11 13 11
18 20 11
4 6 7
4 7 6
4 6 3
20 0 6
18 22 11
20 22 10
13 15 3
1 4 6
3 6 2
5 9 10
12 15 9
4 6 3
10 13 8
3 6 10
0 2 1
22 0 6
22 0 7
16 19 3
23 2 9
23 0 10
2 6 2
9 13 10
8 12 5
13 16 1
18 22 1
20 0 11
7 10 3
23 3 8
11 15 9
4 7 6
17 20 4
12 14 9
14 15 12
18 21 9
19 22 10
4 6 13
13 16 7
17 19 13
2 6 7
10 13 11
10 12 13
0 2 13
7 11 3
3 6 2
7 9 8
19 21 4
21 0 9
3 4 8
7 8 3
14 17 6
18 22 12
0 2 12
15 17 7
6 9 11
12 15 10
5 7 6
12 15 12
22 1 8
12 15 2
0 4 10
2 7 4
18 21 9
5 8 9
8 11 9
10 15 10
3 3 2
12 15 1
10 13 9
6 10 12
9 12 10
7 10 11
14 17 7
9 13 8
14 18 13
7 8 9
7 9 4
15 19 8
12 15 2
12 15 10
0 3 10
13 16 4
0 3 6
5 8 13
17 20 2
21 0 11
18 19 10
7 12 10
13 16 5
10 13 8
22 0 4
23 2 3
4 9 5
5 8 1
22 1 11
14 16 8
6 10 10
19 0 13
5 9 7
2 4 5
16 18 13
22 2 8
21 2 9
19 22 12
18 21 4
19 23 13
4 6 9
21 23 3
0 2 1
15 19 2
0 1 10
20 22 7
0 5 7
13 16 3
5 7 5
4 8 12
2 5 11
11 13 7
16 19 8
11 15 1
8 13 8
13 18 7
0 4 9
21 1 1
19 22 9
15 17 4
11 14 6
2 7 4
14 18 2
7 11 6
6 8 11
21 0 3
9 12 13
21 23 3
22 0 11
15 19 12
17 19 11
3 6 9
11 17 9
18 22 9
14 16 1
16 19 9
16 19 5
16 17 6
15 19 10
18 22 3
5 7 11
2 7 1
3 6 7
23 3 4
14 17 8
8 12 1
1 2 2
5 8 7
1 4 2
3 7 4
0 2 5
8 11 1
8 12 2
4 7 4
1 4 5
7 13 3
18 19 11
17 18 2
5 8 3
7 9 8
22 1 12
17 20 7
11 16 9
17 21 1
14 16 9
17 18 3
8 11 1
19 21 1
11 14 10
15 18 12
14 18 6
9 12 5
3 5 12
2 5 8
11 14 1
1 6 8
12 15 9
15 19 5
7 11 11
21 0 11
14 16 10
0 2 10
14 15 12
4 7 1
18 20 12
21 1 11
0 3 6
5 6 2
23 4 11
8 9 10
6 11 8
14 16 8
11 14 6
15 17 12
22 2 2
16 20 6
16 18 7
3 7 9
7 10 7
15 19 13
6 9 12
23 2 13
11 12 5
8 11 3
2 5 11
17 20 9
3 7 13
17 19 13
12 15 8
1 4 4
15 18 4
13 18 9
22 1 5
3 5 6
19 21 7
23 2 6
20 23 10
22 1 8
3 5 10
18 20 10
6 10 10
22 2 13
13 17 12
1 5 11
5 8 7
11 14 13
12 16 6
19 23 1
10 12 9
7 11 1
7 9 9
5 7 7
1 4 12
16 19 1
12 13 1
13 18 5
20 1 12
6 9 9
7 12 4
19 23 12
17 21 12
2 4 6
18 22 10
12 13 5
4 9 11
15 18 13
0 4 5
5 9 8
17 18 7
9 12 8
14 17 8
18 20 2
13 18 13
16 18 9
13 14 13
23 1 13
17 19 4
8 12 5
4 6 6
8 12 3
4 6 1
1 6 10
4 10 4
17 21 7
17 22 2
4 8 9
1 4 3
12 15 9
22 1 7
10 13 10
6 9 2
3 5 3
6 9 11
21 1 12
19 21 8
19 22 6
15 19 2
23 2 8
6 9 4
5 9 11
7 10 10
13 15 3
6 7 8
3 8 10
23 3 4
16 19 5
6 9 7
12 15 3
0 3 9
9 11 11
16 19 1
16 18 11
3 5 6
5 8 7
18 21 7
12 16 2
5 9 13
10 12 11
12 14 6
0 3 4
4 7 6
19 22 8
20 22 8
13 16 1
8 12 13
14 17 12
8 11 3
6 8 5
14 17 10
9 13 7
17 18 4
19 22 6
22 2 1
6 9 2
10 15 1
15 18 12
0 3 9
2 4 11
4 7 9
7 10 7
0 4 7
16 18 2
12 14 6
2 5 3
21 23 3
9 12 3
21 0 5
11 13 10
10 13 8
19 23 6
21 1 8
3 6 9
19 22 10
1 4 2
11 15 3
4 7 3
16 19 3
17 20 7
1 7 2
10 14 12
7 10 10
8 11 6
1 6 13
20 22 10
13 16 8
17 20 2
9 12 2
12 16 1
19 23 3
7 10 2
20 22 2
12 17 6
12 14 6
20 0 4
3 6 2
0 5 12
21 23 5
4 8 6
1 2 8
10 13 5
17 20 7
23 2 10
6 9 1
22 1 4
17 20 4
23 2 8
2 6 9
15 18 4
21 1 1
16 18 10
17 22 11
14 17 12
23 3 8
22 1 12
14 17 8
21 0 2
0 1 13
13 15 5
20 23 9
21 0 13
6 8 13
16 19 13
21 22 11
20 23 7
20 1 2
11 14 12
15 17 3
13 18 3
23 2 13
10 13 10
9 12 4
13 15 5
22 1 11
2 6 5
0 4 2
0 4 2
21 1 4
11 13 10
0 5 7
16 19 10
2 5 4
0 2 4
10 13 13
21 0 8
16 19 6
13 17 7
8 12 4
18 21 4
18 20 3
1 3 13
0 4 2
5 7 6
7 10 1
11 14 5
3 6 5
23 1 12
5 9 6
15 18 12
23 2 12
18 22 3
12 16 5
7 12 12
23 2 12
19 20 7
19 21 11
18 22 8
23 2 5
15 18 9
8 10 7
22 23 8
4 7 12
17 19 4
3 6 13
10 12 3
21 1 5
13 17 8
23 3 6
9 13 9
7 11 10
3 6 1
1 4 6
20 21 10
22 1 11
16 18 1
18 22 8
18 21 9
3 5 3
3 6 10
20 0 11
16 18 7
8 12 10
9 14 13
13 16 4
23 1 4
10 11 12
8 11 6
9 13 12
5 9 4
1 2 5
0 2 13
10 12 3
16 18 10
4 7 8
21 2 13
8 12 11
18 21 6
11 15 7
5 7 8
1 4 4
7 11 10
22 2 10
3 7 10
10 14 1
19 22 4
17 19 9
10 13 8
2 6 13
9 10 9
14 17 7
1 4 1
10 14 7
6 8 8
