1150 16
4 6 5 5 2 8 7 8 3 5 8 1 1 8 7 10 
16 19 9
7 10 5
9 12 16
16 19 10
19 22 8
22 0 10
23 2 12
20 22 4
18 21 1
2 5 5
7 10 15
20 0 3
14 17 8
11 12 16
21 23 6
18 20 3
15 16 3
2 6 8
6 9 14
20 22 14
5 5 2
19 22 7
21 2 4
17 21 5
1 2 4
7 9 16
19 23 6
21 1 3
3 5 8
20 23 5
10 13 4
23 2 16
5 9 6
14 17 15
20 0 9
10 14 9
12 16 12
7 10 12
23 2 9
8 11 12
0 5 2
10 14 13
18 21 5
8 11 16
20 23 4
10 15 1
6 9 16
15 19 11
20 22 8
11 14 5
3 7 14
18 20 1
16 20 1
22 2 8
14 17 12
3 3 6
4 7 9
16 19 1
6 10 12
9 12 8
0 4 15
5 8 9
4 6 12
7 9 6
18 22 6
6 8 7
9 13 14
11 15 5
13 17 4
14 19 16
12 15 9
14 18 8
17 18 16
13 18 4
13 16 8
13 16 12
21 22 6
11 14 16
16 18 10
8 11 16
11 12 6
11 14 15
8 11 13
2 4 4
20 0 14
22 1 14
14 16 2
3 7 11
0 2 1
16 19 15
16 20 2
8 13 11
19 22 2
14 15 4
13 16 15
17 19 13
8 11 2
15 19 13
7 11 8
9 11 2
7 10 12
16 19 10
4 8 10
13 15 11
10 13 6
14 17 4
16 18 15
23 1 3
1 2 10
21 1 15
20 22 4
15 18 13
0 4 14
5 8 12
20 23 6
7 10 7
5 7 12
12 15 13
16 18 16
0 4 6
0 4 14
20 22 9
23 2 5
17 19 14
0 3 7
13 16 4
19 0 15
2 4 5
12 14 14
7 10 4
20 22 5
11 13 2
17 20 4
17 19 13
16 18 15
4 7 15
11 15 9
18 20 8
17 20 12
21 0 4
17 20 12
15 18 14
14 17 9
12 15 9
23 1 2
11 16 6
12 17 16
10 13 5
23 2 7
7 11 14
15 17 6
23 3 2
11 16 12
1 4 11
15 20 14
1 4 8
22 1 15
13 16 5
3 7 9
22 3 4
16 18 15
10 12 6
1 4 3
4 8 3
5 9 12
6 11 11
23 1 13
13 17 3
7 8 15
0 3 12
16 19 16
5 8 2
8 13 3
16 18 4
21 0 12
1 3 5
22 1 5
12 16 8
14 17 8
11 15 11
17 19 8
16 19 8
1 5 9
21 1 3
20 23 1
5 6 3
9 13 14
23 1 15
18 22 8
9 11 9
4 8 8
15 16 2
8 12 7
13 16 7
10 14 12
4 6 8
15 17 14
10 13 1
0 4 5
21 1 9
10 13 12
0 3 10
3 7 6
3 6 12
7 11 16
10 15 2
8 10 4
22 1 10
22 2 16
0 2 8
21 1 3
7 11 13
14 18 15
22 0 15
14 18 9
20 22 1
2 3 6
5 9 16
12 13 6
12 14 12
17 20 4
11 14 13
6 8 12
19 21 3
17 19 5
10 13 12
16 20 4
6 9 11
5 7 2
19 22 1
5 9 13
18 23 16
13 14 9
4 6 11
21 0 10
18 20 13
2 6 15
19 22 13
20 0 3
10 13 3
16 19 13
3 7 7
22 1 11
23 2 12
22 1 9
8 11 6
2 4 6
11 14 1
21 1 1
17 19 14
11 16 14
19 21 14
7 10 5
22 1 8
13 17 8
18 22 9
18 21 1
0 2 10
5 8 3
21 0 9
15 17 3
6 10 7
2 5 15
9 12 4
10 12 2
8 11 2
9 13 5
13 17 15
2 5 3
21 23 8
22 23 8
20 21 1
7 11 5
8 12 14
21 1 15
8 13 8
23 1 4
2 5 16
10 12 1
23 3 1
20 0 5
14 17 2
21 1 5
7 7 9
14 16 12
0 3 16
22 2 1
0 3 7
9 13 11
5 7 7
1 5 10
0 3 9
8 12 10
19 22 12
3 7 14
13 15 12
21 1 15
22 3 7
16 20 16
15 18 6
13 16 9
13 16 2
22 2 11
2 5 7
6 9 1
20 1 8
18 19 11
9 12 7
7 8 10
14 18 5
17 21 8
17 20 10
14 16 16
18 21 2
8 12 1
23 3 12
6 8 3
23 1 15
13 15 11
17 19 2
5 8 4
5 9 4
22 1 13
6 10 10
10 11 11
1 3 10
18 21 12
13 17 4
1 5 2
8 11 10
3 7 15
7 10 10
14 17 16
3 5 13
5 9 13
14 17 11
22 0 15
7 10 16
12 16 4
20 0 1
23 1 6
6 9 12
3 4 2
12 14 14
8 11 3
23 2 6
8 10 13
10 12 12
9 10 6
6 10 16
1 6 16
12 14 15
12 14 13
20 0 2
9 12 15
21 1 7
6 10 14
20 22 3
16 18 2
6 9 14
11 15 10
19 22 6
11 14 2
22 1 10
5 7 13
1 3 14
22 2 9
4 8 3
11 14 11
19 22 1
6 9 10
17 18 8
20 0 15
0 3 15
4 6 9
12 16 5
16 21 7
14 18 3
21 1 13
4 8 13
9 12 6
23 4 5
19 22 8
4 7 8
7 11 12
6 11 12
4 6 16
0 4 10
2 5 2
16 17 3
8 10 10
17 18 16
5 9 2
2 8 3
21 1 13
7 8 16
12 15 12
0 3 15
14 17 6
4 7 6
21 21 13
0 2 8
13 15 12
16 20 4
4 6 6
13 15 1
2 4 16
13 16 14
2 4 14
3 6 8
21 1 5
19 22 3
22 23 3
2 5 1
15 19 2
16 20 14
10 15 10
2 5 1
0 3 10
18 20 14
16 19 7
4 7 6
10 14 9
13 17 1
6 8 10
19 21 3
12 17 6
3 6 16
18 20 3
14 17 6
23 2 9
7 10 16
18 20 3
23 2 1
23 1 2
2 4 6
14 16 9
6 10 15
7 12 9
14 18 5
4 6 2
13 15 11
23 3 2
15 18 1
18 20 6
3 6 8
1 3 8
15 18 9
15 18 2
3 5 3
14 18 11
3 6 6
2 4 16
1 4 5
22 0 13
5 9 7
3 6 1
16 18 14
1 4 10
0 4 6
22 0 4
18 22 8
8 12 13
0 3 4
23 2 9
17 21 1
17 22 4
5 9 8
17 20 16
3 6 14
8 11 3
14 18 13
8 11 16
10 13 3
4 7 13
4 7 7
2 7 15
18 21 5
18 22 6
11 15 12
2 7 12
10 14 3
12 15 12
16 19 6
13 16 11
11 14 14
12 13 7
6 9 16
3 7 6
15 17 3
18 20 16
10 14 4
10 12 5
23 2 12
7 10 2
1 4 13
10 13 3
12 16 5
4 5 8
20 23 11
7 10 7
22 2 5
10 13 3
19 21 1
3 5 10
2 4 1
18 21 13
8 9 7
13 16 4
19 0 16
6 10 3
21 1 11
16 19 1
1 5 3
1 5 3
4 6 3
21 0 15
14 16 9
9 12 1
2 6 4
0 4 11
11 15 2
2 4 5
5 8 4
23 3 10
12 15 12
0 4 10
6 10 6
8 11 4
16 19 4
17 21 6
1 4 1
2 6 9
23 1 13
13 17 7
17 21 15
1 5 14
13 17 8
16 19 10
7 10 2
14 18 5
14 17 4
3 7 4
9 13 16
5 7 1
12 14 4
19 21 9
9 12 15
13 16 3
5 8 10
22 1 11
13 18 16
8 9 5
19 22 13
14 16 6
21 22 13
11 14 7
22 23 7
4 6 11
5 9 11
4 7 2
10 13 2
17 21 10
1 5 2
5 7 3
2 3 14
11 15 6
18 21 13
19 23 3
16 19 10
10 14 2
16 18 14
13 16 14
16 19 9
8 10 7
18 21 2
20 21 3
15 17 8
8 10 4
1 4 1
18 21 7
15 17 9
6 9 5
22 1 2
8 10 12
1 4 1
8 10 16
6 8 7
4 7 10
11 13 11
1 4 9
21 0 16
10 13 15
12 16 12
15 18 8
18 21 3
2 4 2
18 23 12
23 1 3
21 1 14
8 11 14
6 10 7
12 15 13
3 6 1
8 11 4
4 5 11
11 15 5
20 0 8
0 5 4
15 18 11
1 5 4
14 17 15
18 20 16
16 18 9
16 19 9
14 17 10
6 9 10
13 16 11
6 10 13
23 3 1
8 11 15
6 9 3
5 7 11
23 3 9
2 5 15
3 7 4
14 16 11
9 12 13
17 21 6
4 6 8
1 5 6
3 5 5
3 6 2
12 15 12
16 17 8
15 18 7
17 22 15
9 12 15
22 23 16
4 8 2
15 21 16
12 17 1
18 22 1
22 23 12
22 2 1
18 21 4
20 23 9
0 4 14
21 23 4
3 5 9
0 2 8
1 4 3
21 0 5
9 12 8
0 2 13
22 1 2
10 15 2
19 22 16
15 17 15
12 15 12
0 2 4
3 4 1
1 3 16
6 9 11
11 16 8
20 22 2
23 2 6
10 13 12
12 14 2
1 4 8
12 15 4
21 23 14
2 5 1
7 10 1
23 4 10
22 2 1
19 23 2
7 11 8
11 14 14
8 10 7
23 3 11
18 20 16
20 0 13
22 1 10
23 2 13
13 16 11
23 3 12
10 14 15
17 20 14
8 12 14
6 9 3
18 20 14
7 10 2
22 1 1
19 21 14
5 8 2
0 2 13
1 4 4
14 17 4
12 14 16
9 14 10
4 6 1
11 12 8
20 23 12
9 10 7
4 6 13
5 9 4
17 20 11
23 1 7
15 19 14
22 1 7
6 9 15
16 20 15
9 12 15
10 14 3
21 23 9
18 22 12
23 1 10
1 3 8
21 23 13
15 19 5
3 6 7
4 6 8
23 3 10
0 3 10
20 23 14
3 5 14
8 11 9
16 19 9
0 4 4
4 8 3
14 17 2
1 5 15
15 19 16
3 6 1
17 19 5
4 5 10
4 6 3
20 22 12
7 9 7
9 12 16
15 16 1
23 2 4
21 0 11
19 22 1
15 18 6
8 11 5
0 5 3
12 15 8
22 1 7
15 19 9
1 4 4
14 17 15
20 0 8
19 21 11
12 15 12
8 10 1
22 2 14
11 13 5
17 20 9
16 18 1
15 17 7
7 10 1
12 15 3
0 5 16
7 10 13
23 2 6
0 3 14
4 6 9
22 2 16
4 7 11
22 0 14
3 7 1
4 8 10
11 13 16
9 12 10
0 2 16
16 17 4
22 0 8
4 7 7
8 11 3
11 12 15
14 16 7
20 22 8
15 18 13
1 2 9
11 14 3
20 23 1
3 6 1
8 12 14
12 16 3
17 19 8
20 23 16
3 6 12
22 1 13
22 0 9
15 20 1
6 9 1
17 20 13
1 3 4
7 11 6
5 8 2
15 17 16
17 19 8
0 3 7
11 12 14
11 14 1
19 22 1
17 20 9
11 15 7
3 5 15
21 2 5
22 0 8
14 16 16
17 21 5
15 19 15
20 23 2
7 11 4
11 15 11
16 20 11
7 9 8
8 12 11
4 7 16
3 7 2
12 15 1
20 22 1
7 11 2
3 6 12
8 10 2
13 15 15
17 19 2
16 20 2
7 11 3
18 21 5
9 12 14
10 12 1
22 1 9
7 12 6
7 11 16
6 10 3
11 15 15
3 7 8
5 6 14
21 23 6
17 20 15
20 23 10
19 21 7
22 0 1
20 0 11
8 10 13
8 9 8
13 15 10
12 15 2
5 8 5
20 22 14
16 19 8
5 8 2
1 5 8
21 22 14
11 12 4
1 4 6
12 14 10
16 18 12
18 23 7
18 22 13
3 5 12
6 9 7
0 2 11
10 14 16
19 0 14
7 10 5
5 8 1
11 16 10
15 18 15
20 22 15
1 5 15
8 11 6
23 3 15
10 12 1
11 13 14
3 6 11
11 16 1
11 14 2
8 12 4
11 14 13
2 5 11
14 17 9
0 6 14
3 7 7
11 14 12
6 10 12
5 8 1
20 0 15
8 11 7
12 15 11
18 21 15
14 15 1
1 3 3
4 8 16
10 11 2
11 15 11
5 9 6
22 1 10
18 21 3
8 11 9
5 7 3
17 19 16
8 10 6
8 10 4
10 12 2
17 20 10
5 11 6
14 18 9
19 22 12
10 11 6
21 0 9
15 19 7
23 2 14
5 8 5
0 3 5
3 8 13
22 23 1
22 3 16
16 17 7
16 20 4
20 22 7
5 7 12
12 13 15
3 5 14
4 8 1
2 5 2
18 21 6
9 13 2
12 14 1
20 23 16
10 14 6
3 4 14
14 18 3
17 22 9
19 21 16
10 14 14
1 4 14
17 20 15
3 8 14
15 16 13
7 12 3
9 13 12
23 3 2
6 8 13
16 18 6
7 10 10
8 11 7
20 22 10
19 22 7
10 12 5
0 2 8
18 21 14
5 8 6
19 22 4
13 16 3
5 9 1
22 2 2
11 14 6
0 1 8
22 2 14
5 8 13
12 14 6
17 21 10
19 22 16
23 1 14
17 19 1
5 9 4
6 10 1
4 7 1
4 7 2
0 3 11
3 7 13
12 14 3
5 8 14
4 8 13
11 14 8
3 5 9
10 14 1
6 9 4
18 21 16
19 23 8
7 10 13
18 21 9
9 12 2
19 21 16
16 19 14
6 9 6
5 7 11
4 6 2
3 5 16
17 20 8
9 12 1
3 7 14
20 22 8
4 9 13
6 10 10
3 5 7
19 21 3
13 18 12
2 6 13
3 6 8
13 16 4
1 4 11
2 7 10
6 9 8
18 21 3
2 5 4
11 16 9
9 10 16
19 21 1
20 22 13
10 11 8
18 22 1
14 17 7
0 5 10
7 8 4
4 7 3
3 6 8
22 1 14
3 6 8
23 3 5
23 1 14
18 19 1
10 14 11
13 18 1
19 22 2
18 20 5
11 14 6
23 2 13
0 2 16
22 0 6
0 3 13
21 1 1
0 3 13
19 21 13
21 23 3
2 7 8
19 0 9
5 8 5
8 10 15
10 13 5
16 19 16
17 20 3
11 13 14
11 14 4
2 5 7
12 15 6
19 21 16
11 13 3
10 11 3
23 0 13
16 18 7
18 19 2
22 0 7
13 16 9
5 9 6
21 0 15
13 15 10
0 3 10
18 22 13
7 9 14
1 4 10
17 21 2
1 5 9
12 14 14
15 17 11
8 12 13
5 8 4
11 14 7
9 13 1
11 12 15
19 21 15
19 21 6
8 13 4
22 0 12
3 6 1
20 1 6
12 13 7
15 17 8
19 23 1
19 21 10
13 15 8
19 21 6
14 18 15
2 5 4
10 14 10
15 18 5
0 5 2
1 3 11
1 4 13
9 12 8
0 3 1
10 14 16
22 2 12
22 4 7
11 14 4
22 1 14
18 23 16
17 20 12
1 4 3
6 9 12
3 5 15
14 17 3
13 14 15
19 0 12
4 9 2
7 10 2
2 5 9
0 3 7
15 20 2
3 5 2
16 18 16
12 15 10
21 1 16
21 22 16
0 4 1
7 11 11
18 22 10
12 16 14
6 8 11
11 13 16
18 21 13
16 19 6
9 11 8
5 8 8
15 16 2
16 18 6
23 2 10
17 20 5
0 4 5
6 8 3
18 21 13
3 8 7
21 1 11
1 2 10
16 18 3
14 17 16
15 19 6
18 23 6
14 17 9
14 19 11
13 15 9
23 2 14
5 9 5
9 11 14
