100 12
2 6 1 6 10 4 10 5 9 6 3 10 
10 14 2
4 8 4
7 10 10
9 12 12
23 1 11
23 3 5
22 2 12
21 0 11
6 9 3
2 6 1
14 17 12
18 21 7
6 9 4
9 12 12
22 1 12
0 3 10
23 1 2
22 0 2
14 17 3
6 9 10
2 6 4
23 2 3
16 19 12
19 22 7
21 0 7
6 9 7
12 16 6
18 20 4
20 22 7
10 13 12
9 12 5
6 10 3
23 2 4
10 13 12
13 17 8
0 2 8
4 9 10
12 15 3
23 3 1
0 3 4
17 21 11
16 20 9
4 7 6
17 19 5
6 8 5
3 5 7
13 16 8
10 14 6
11 14 8
9 11 11
20 23 3
10 14 10
7 9 5
22 3 10
3 5 2
20 23 3
18 20 10
0 4 6
0 3 9
2 5 11
15 19 1
0 2 11
20 23 5
16 19 7
12 14 10
14 17 7
12 16 3
8 11 4
18 21 8
23 0 7
12 14 2
22 2 8
14 18 7
6 10 1
13 16 9
16 20 2
8 11 7
2 7 6
18 20 11
4 8 6
3 6 5
13 16 1
6 8 2
19 23 6
3 7 12
12 15 2
6 9 11
17 19 7
22 1 2
8 12 12
4 9 4
5 8 12
18 21 1
4 9 5
10 13 10
8 12 6
9 11 5
19 21 4
6 8 12
15 18 5
