1200 10
3 5 7 5 8 2 1 5 8 7 
9 13 8
9 12 1
9 11 10
5 8 9
22 1 2
1 6 5
2 5 10
15 20 7
23 2 1
14 18 2
7 8 3
1 4 4
8 10 6
6 8 2
1 4 4
8 10 4
0 2 10
2 5 2
0 2 9
0 2 5
22 1 7
18 21 1
21 2 8
8 12 7
15 18 5
3 7 2
20 23 7
20 22 7
20 23 9
8 11 1
10 13 5
6 7 8
0 5 9
2 5 5
17 18 2
5 9 7
4 6 9
16 20 8
17 19 5
22 1 5
18 20 9
6 9 4
2 5 4
17 22 8
16 18 8
4 7 2
0 3 1
19 22 7
4 6 8
11 14 2
19 21 8
14 16 2
0 3 8
2 5 1
3 4 1
15 18 10
1 6 3
16 20 1
18 18 6
14 15 10
19 23 2
14 18 10
1 5 8
4 7 9
15 17 8
12 14 7
9 11 8
15 17 4
7 8 5
5 10 4
17 20 1
10 12 10
0 4 7
18 22 4
5 10 2
9 12 2
0 2 7
19 21 2
4 8 6
3 5 2
5 7 1
15 17 10
11 15 8
19 0 3
8 11 7
13 18 3
16 19 8
11 15 9
1 3 2
18 21 9
23 1 6
1 5 3
21 23 7
16 19 2
10 14 2
21 1 4
21 0 1
18 20 6
18 21 5
0 3 2
20 0 7
15 18 5
14 17 5
0 4 3
13 16 10
20 23 10
1 4 10
21 1 6
3 7 4
10 13 5
18 21 3
13 17 8
2 5 6
12 17 9
0 3 7
22 0 4
12 14 7
20 1 10
10 14 1
14 17 5
0 3 2
3 8 1
4 10 10
10 14 3
22 2 9
4 8 9
9 12 9
8 10 9
8 11 4
22 1 4
22 1 7
7 11 9
15 20 8
18 20 6
9 12 2
22 0 3
22 1 2
21 23 3
20 23 1
19 22 1
18 21 5
15 20 2
0 3 1
12 14 6
9 12 3
11 13 4
21 23 9
10 14 6
21 0 9
21 0 10
5 8 9
2 5 8
14 17 9
16 19 10
7 9 6
16 19 9
17 23 3
5 6 6
14 17 1
1 3 9
14 16 4
5 9 7
23 2 6
10 13 4
17 19 7
14 15 4
15 18 5
1 6 4
15 18 4
19 20 3
21 1 5
23 3 9
12 12 3
1 5 6
23 3 8
1 3 5
13 16 3
0 3 10
15 17 10
21 0 9
14 17 2
9 13 3
3 6 1
15 16 10
10 13 4
18 21 3
1 3 1
5 8 10
19 22 6
2 5 3
5 10 6
15 19 5
2 4 4
2 4 5
15 18 7
7 9 4
13 16 8
11 14 10
12 17 4
13 15 7
13 15 6
14 17 5
10 14 7
5 8 6
7 12 8
5 8 1
13 16 1
19 22 1
21 0 10
21 0 2
17 20 10
18 21 8
10 13 10
6 8 4
17 19 5
22 0 4
7 9 4
15 17 4
11 13 3
0 4 5
23 2 3
15 18 2
14 16 1
8 12 6
23 1 2
17 20 6
17 20 9
12 15 1
0 3 10
4 7 8
1 5 7
8 11 10
1 4 3
19 21 6
9 14 6
14 16 2
10 12 9
0 3 6
21 23 5
12 17 8
14 16 9
12 16 10
4 7 8
20 0 10
8 13 3
6 9 4
4 6 4
16 20 5
9 13 7
8 10 2
22 1 10
9 13 3
17 20 5
2 5 8
17 20 6
23 23 2
22 2 6
6 9 7
7 11 6
14 16 9
21 0 10
7 9 5
20 23 4
13 16 2
7 11 1
22 0 3
4 7 4
5 8 6
1 3 4
14 18 5
7 11 2
1 3 1
17 23 7
13 17 4
3 7 10
5 8 8
12 13 5
11 13 8
23 2 3
18 19 9
10 13 9
17 19 5
15 16 8
8 12 6
10 11 4
13 16 8
7 10 1
3 4 4
1 5 2
0 3 1
0 3 8
11 14 9
22 3 1
4 7 4
22 0 4
10 13 9
12 14 3
19 21 9
0 4 9
1 6 1
13 15 6
16 20 2
9 13 6
8 11 2
10 14 1
22 0 3
12 14 8
15 17 10
17 22 1
12 15 4
0 5 10
18 23 10
2 5 6
21 22 7
0 4 1
12 15 8
6 9 3
14 18 3
2 4 2
8 13 1
11 15 2
9 11 9
4 5 7
8 11 5
12 13 4
11 13 9
5 8 7
21 23 9
18 21 1
17 20 4
8 11 8
19 22 4
16 19 4
20 21 9
3 8 3
22 1 10
18 21 8
9 15 2
23 3 5
1 2 6
11 15 8
13 15 7
16 19 1
14 17 9
20 23 1
19 23 10
8 10 8
22 2 8
14 15 6
13 15 4
14 17 2
15 18 2
5 9 1
12 15 10
8 10 5
6 10 6
14 16 3
20 0 4
7 10 10
14 17 5
14 16 1
11 14 3
15 18 3
7 10 1
21 1 10
0 2 2
20 23 8
20 22 1
2 5 4
23 1 4
19 22 4
9 12 6
21 3 7
7 11 4
21 23 3
3 5 6
6 10 2
14 18 1
1 5 10
2 7 3
0 6 4
21 1 1
0 5 5
10 11 4
17 21 7
6 9 2
9 9 9
9 11 8
9 13 7
10 12 4
0 2 10
20 23 9
23 2 3
19 23 9
16 19 4
23 3 2
5 8 7
9 11 9
8 10 7
20 23 3
7 12 10
17 22 1
3 5 6
1 5 1
11 15 3
13 17 9
15 19 5
4 7 7
13 17 6
4 7 8
23 3 3
5 9 1
20 1 5
21 1 1
3 5 7
7 10 10
6 9 4
14 17 4
18 21 1
14 18 3
13 17 5
3 8 8
7 9 5
0 4 4
6 8 6
12 14 4
10 11 8
0 2 3
16 18 6
16 18 3
3 6 9
9 11 5
12 16 3
10 13 1
23 2 8
9 12 1
6 10 2
0 2 7
14 17 6
17 20 1
23 2 8
2 5 3
16 19 8
3 6 9
22 1 10
21 1 3
16 20 9
21 22 1
23 1 2
19 22 7
22 1 1
7 9 8
12 16 5
1 2 1
14 17 7
13 16 6
2 5 7
23 3 7
0 3 5
20 2 6
0 3 10
20 23 9
19 22 5
1 3 2
2 4 5
12 14 5
9 11 7
23 3 8
6 9 5
16 17 6
4 7 10
7 11 8
1 4 10
17 18 1
9 11 4
13 16 9
5 9 7
18 20 8
4 8 4
10 12 1
6 7 8
12 15 7
8 10 10
10 13 4
3 6 9
10 13 3
6 9 5
20 22 1
17 20 6
4 7 6
4 7 3
12 15 10
0 3 7
14 17 10
2 6 6
22 1 1
0 3 8
18 20 6
14 17 4
0 4 1
12 15 6
2 5 5
9 13 1
5 9 3
3 7 3
7 12 8
0 2 8
0 4 3
20 23 5
15 19 2
4 7 10
4 7 4
21 23 9
11 11 8
8 12 4
22 1 6
23 1 4
4 7 5
0 3 5
22 23 5
14 16 4
19 22 9
13 17 3
3 6 8
1 4 10
15 18 3
6 7 7
10 13 2
22 0 1
23 3 9
14 17 7
0 4 4
10 15 3
6 10 4
20 22 3
22 1 1
6 7 5
10 13 3
21 23 10
7 10 8
10 13 2
9 12 1
16 20 5
9 10 5
10 12 3
7 10 3
7 10 2
17 20 6
4 7 9
8 10 2
2 5 9
0 3 10
20 23 9
0 2 8
13 16 7
0 3 6
15 20 4
3 5 1
13 15 2
21 0 3
17 22 8
10 14 4
0 3 10
10 13 9
15 18 9
8 12 6
23 3 3
20 0 4
8 11 3
7 9 2
14 19 10
23 1 1
14 17 6
16 20 6
20 0 2
4 5 8
19 22 3
13 16 2
7 10 10
19 22 2
12 15 5
17 18 4
22 1 4
17 19 4
4 8 1
15 17 5
10 14 6
7 10 7
5 9 10
13 15 9
21 0 9
20 23 6
20 0 3
0 4 2
22 1 7
0 4 5
13 15 2
22 23 8
13 15 2
13 15 10
0 3 2
15 19 2
19 22 10
6 7 5
17 19 5
6 8 7
1 5 7
9 13 8
18 21 2
18 20 2
0 3 8
21 1 2
11 13 4
7 9 7
1 4 5
23 2 1
8 11 9
10 13 10
10 13 4
14 16 4
12 15 6
11 15 7
22 0 10
11 15 9
3 6 5
7 11 9
9 11 1
20 0 4
15 17 8
4 5 5
11 16 2
14 17 7
7 11 9
1 4 7
16 20 7
12 14 4
10 13 8
21 0 10
8 11 7
6 8 8
22 23 10
14 19 1
1 5 7
10 13 10
19 22 2
15 19 6
23 2 3
23 3 10
21 0 3
21 0 10
15 18 7
22 23 9
4 6 6
22 3 1
15 17 4
9 11 1
10 12 4
15 16 4
2 4 3
15 19 6
5 8 8
2 6 8
5 9 10
8 12 5
10 13 6
17 20 6
9 12 8
10 12 5
20 22 7
9 11 10
11 14 7
20 22 10
9 13 2
22 23 2
7 10 4
20 22 6
2 8 10
14 17 2
17 21 8
11 13 3
8 12 6
12 17 10
14 15 9
17 20 7
14 17 3
21 23 5
0 3 10
0 4 7
19 21 9
5 8 5
22 2 2
23 2 8
11 14 4
18 21 8
11 14 5
22 2 8
12 13 6
2 4 5
6 10 10
5 9 4
8 11 10
17 21 2
11 15 1
1 2 5
5 9 10
15 18 7
4 8 10
23 2 6
17 21 5
3 5 4
21 23 8
14 18 2
8 11 2
3 6 5
4 7 9
0 3 8
3 6 1
14 17 6
13 15 5
3 8 2
14 18 7
10 13 3
9 13 1
0 3 5
7 12 1
8 11 7
20 23 7
0 2 5
12 15 1
0 3 3
22 1 3
19 22 2
4 9 10
0 3 10
9 11 2
4 7 4
22 0 4
4 8 9
22 0 10
21 23 3
0 2 9
7 9 9
11 14 10
7 11 6
9 11 3
10 14 6
11 13 3
15 19 5
0 2 9
23 3 8
17 20 8
21 2 1
3 5 6
1 4 8
14 18 10
6 9 9
16 19 8
13 15 4
23 2 4
20 21 1
4 8 10
22 0 2
2 5 8
22 0 9
20 23 1
1 6 4
17 20 6
20 22 10
6 9 5
2 6 5
6 10 8
15 18 8
14 17 7
23 3 4
18 21 4
17 19 2
12 15 7
11 14 8
1 6 6
8 11 6
4 8 4
14 17 6
3 8 3
7 9 5
12 17 4
5 9 1
22 1 6
6 8 2
8 11 1
21 21 4
17 20 2
20 23 4
21 23 10
14 16 8
22 1 1
19 22 6
14 18 3
13 19 7
11 14 10
22 2 6
19 22 10
17 20 2
11 13 1
4 7 9
10 13 6
23 2 8
0 3 9
21 1 10
10 13 3
11 13 6
22 1 1
19 22 5
2 4 6
16 19 4
0 2 9
5 8 3
16 18 6
9 13 10
17 19 3
2 6 10
19 22 5
1 4 7
23 2 8
0 4 5
21 1 3
18 21 10
9 10 4
5 8 10
1 4 2
2 4 9
23 4 3
12 14 10
2 5 10
22 23 5
2 3 6
11 14 6
10 13 1
6 8 1
4 7 5
15 18 6
13 14 2
14 17 2
17 18 3
18 21 2
22 0 9
21 1 7
2 4 1
0 4 3
19 20 8
8 12 8
17 22 1
8 10 3
17 20 8
16 17 7
0 2 5
15 19 4
6 8 2
6 9 9
17 19 9
21 1 3
7 10 10
11 14 2
14 17 6
16 18 10
7 11 7
7 11 3
7 9 10
21 0 3
14 19 9
4 6 2
14 18 3
20 0 4
10 13 6
21 1 8
18 20 3
9 11 4
20 1 1
10 13 2
18 22 6
19 22 4
4 7 6
5 6 6
5 8 8
7 9 1
22 1 9
22 2 9
5 9 2
23 2 3
17 21 8
4 6 2
14 15 7
12 15 7
19 22 6
3 5 7
10 13 9
19 22 6
12 15 9
19 0 7
2 6 5
7 11 4
19 21 1
19 22 6
6 10 4
10 11 10
3 7 4
23 2 6
6 9 6
15 17 4
2 6 3
6 9 10
23 3 1
21 0 8
4 8 1
4 8 6
5 7 10
4 5 8
9 11 4
7 9 1
7 9 4
13 17 3
4 9 4
4 6 6
15 18 1
14 16 7
19 23 10
4 6 7
1 3 2
21 1 9
9 14 9
5 7 7
12 14 2
4 8 8
21 21 5
15 18 9
0 5 9
1 4 2
11 13 4
11 12 7
3 5 9
0 3 7
3 6 9
8 12 9
15 17 1
19 22 6
12 15 2
6 10 9
11 15 5
3 6 2
11 14 8
1 3 7
5 10 4
6 10 9
12 13 1
7 11 10
20 0 5
12 13 10
4 6 2
1 5 7
4 9 4
8 11 9
19 22 8
20 0 5
22 1 1
13 15 7
18 19 10
6 9 9
7 10 6
3 6 7
8 11 5
5 7 4
4 8 7
5 9 10
16 19 1
20 23 2
16 17 6
23 2 5
5 7 2
10 14 7
13 15 2
21 23 1
10 13 3
7 9 1
21 0 8
6 9 3
19 22 9
9 12 6
19 1 7
16 18 8
14 18 2
19 21 3
6 8 10
7 10 3
17 20 10
19 23 1
5 9 3
22 2 6
9 14 3
2 6 4
17 20 3
12 13 10
12 15 8
11 15 7
7 10 6
6 10 8
17 22 5
12 15 3
8 12 8
10 14 6
14 17 9
8 12 1
2 5 5
6 10 5
1 4 5
5 9 4
18 22 3
5 7 4
17 20 6
21 1 2
0 1 2
0 3 9
14 17 1
20 23 10
2 5 2
9 10 4
10 14 9
13 14 4
0 4 4
19 22 9
21 0 1
12 17 10
19 0 6
10 14 9
9 12 7
10 13 9
12 13 5
15 18 1
5 7 10
12 16 6
12 14 2
1 5 3
13 15 2
12 16 7
14 17 9
15 20 1
0 4 10
7 10 7
8 11 5
3 7 8
6 7 5
20 23 5
16 20 9
13 16 3
22 0 6
5 9 8
8 12 10
16 19 1
17 20 6
20 21 4
15 19 5
22 0 3
20 0 6
11 14 8
3 6 1
0 1 1
2 7 4
5 9 8
19 22 8
7 11 2
21 23 4
10 11 1
2 5 6
6 8 10
7 10 4
16 21 7
1 3 8
18 21 7
11 13 5
11 13 10
17 19 10
0 4 6
7 10 1
20 23 3
14 18 9
22 1 8
4 8 4
23 2 5
10 13 9
22 0 6
9 13 4
0 3 4
1 5 9
20 0 6
22 0 4
14 18 9
9 11 7
0 3 2
15 16 2
4 6 8
4 8 1
11 13 10
12 13 1
18 19 6
11 13 2
9 12 6
23 0 3
6 8 6
15 19 3
0 3 8
8 10 6
20 22 2
19 22 7
12 14 5
22 2 2
13 15 8
1 2 6
13 16 8
9 13 1
23 2 2
2 6 10
23 2 7
5 6 3
17 21 9
9 12 3
6 8 4
8 11 8
7 8 8
5 8 9
2 6 2
20 23 9
5 8 4
0 4 6
15 19 9
7 11 7
1 6 1
17 21 8
1 5 3
20 1 9
3 7 5
2 7 10
14 18 8
19 21 8
6 8 3
6 11 10
16 18 10
13 17 7
23 3 10
15 19 1
14 17 6
0 4 7
15 19 10
16 19 7
12 15 1
12 15 10
23 1 5
15 18 10
19 23 5
14 17 6
6 10 5
11 14 10
12 17 1
9 13 6
22 0 6
14 16 7
16 17 6
23 1 1
2 4 8
10 13 6
0 3 2
8 10 9
13 15 6
7 10 9
16 21 8
13 17 6
9 11 8
2 3 2
23 4 3
21 23 4
6 8 9
4 8 8
19 0 6
13 17 3
1 5 5
7 11 3
1 2 3
23 4 4
6 9 9
21 1 10
13 15 4
19 22 8
19 21 9
16 19 4
18 22 2
12 16 3
20 23 5
18 21 1
13 16 6
11 14 2
12 14 10
12 16 10
20 1 2
