950 19
4 1 3 6 1 2 1 9 4 9 4 6 7 10 9 6 6 4 2 
7 10 4
18 19 11
5 7 8
7 11 11
11 14 8
3 5 9
1 3 3
11 13 19
6 11 4
0 2 1
11 11 11
16 19 12
1 4 16
0 3 3
21 1 12
21 23 15
17 20 4
3 8 14
20 1 14
6 10 12
7 11 15
10 14 11
19 22 11
13 13 10
19 23 10
15 18 5
15 18 16
23 2 3
11 16 6
1 4 18
16 20 8
5 9 6
8 11 13
20 22 1
9 11 1
3 6 2
9 13 13
20 0 8
23 1 1
14 19 12
21 0 12
9 11 19
11 13 5
17 20 4
22 3 6
10 11 8
20 23 2
16 18 6
23 3 14
6 8 5
23 2 12
20 0 3
4 8 17
2 3 4
23 1 3
17 20 9
5 7 4
12 13 3
7 12 19
21 0 11
0 3 5
7 12 4
19 22 5
2 4 9
9 11 18
8 9 17
13 16 18
4 9 9
13 17 15
23 2 9
23 3 11
8 13 18
20 1 12
3 5 16
9 11 5
21 1 3
21 0 16
23 3 10
18 22 18
23 2 15
0 2 15
19 22 16
9 11 8
20 22 18
7 8 2
19 0 7
11 14 19
10 14 5
8 11 13
7 9 14
2 5 2
22 1 1
19 21 10
12 16 12
12 15 8
5 7 9
13 16 14
3 7 6
13 16 10
21 1 15
11 15 10
22 3 13
4 8 14
15 18 10
1 5 18
6 11 2
14 17 4
18 19 1
19 22 18
7 10 2
22 0 2
5 8 7
21 0 13
16 18 13
5 8 10
17 21 11
2 6 3
7 10 15
18 21 13
5 7 10
21 0 7
1 4 4
18 19 11
7 9 6
10 14 4
12 15 13
4 8 1
10 13 5
12 15 17
11 15 3
11 13 5
1 2 6
3 7 6
6 9 6
6 7 12
3 6 1
19 22 5
13 15 15
7 9 11
8 11 15
19 21 8
14 17 4
15 18 18
1 4 17
19 0 18
19 21 19
8 12 17
19 22 8
14 16 1
12 16 1
22 0 11
12 15 18
22 1 4
4 8 13
9 10 13
1 5 17
23 1 11
13 17 18
22 1 9
20 0 3
18 22 16
12 16 14
13 16 12
1 3 11
12 15 19
15 17 8
1 6 5
1 6 16
13 15 13
23 1 15
10 13 13
13 17 18
12 15 10
4 7 15
21 1 8
9 14 15
4 7 5
0 3 5
21 1 6
14 16 15
11 15 2
16 16 6
5 9 5
4 8 2
5 7 14
13 17 6
21 2 4
21 22 18
7 9 3
22 2 8
13 16 12
1 4 9
2 6 11
8 12 15
17 21 5
21 23 4
11 16 11
19 22 1
18 19 6
8 11 15
2 3 8
0 5 3
7 11 15
4 8 9
15 17 8
11 14 3
0 2 14
0 4 13
1 5 3
14 16 5
12 14 13
21 0 17
5 7 7
5 9 7
17 22 3
17 19 18
7 9 17
5 9 16
5 8 17
20 21 13
13 17 5
0 3 5
21 23 11
15 19 10
10 15 14
9 11 16
12 16 18
1 3 13
12 14 13
13 18 16
4 7 17
17 20 16
2 4 18
7 11 5
11 13 12
5 8 18
21 0 6
19 22 9
12 16 3
17 21 3
20 23 3
14 17 2
19 21 14
18 20 16
15 18 14
22 1 4
20 22 13
16 19 19
9 11 3
7 11 11
7 11 12
3 5 8
14 18 17
12 12 4
14 18 6
20 21 11
5 8 11
13 16 5
9 10 17
21 1 16
0 3 18
19 21 13
7 10 13
22 0 9
20 23 19
21 23 15
13 14 3
14 17 15
11 15 12
17 19 16
7 11 17
17 19 7
9 14 9
13 17 16
18 20 3
9 12 7
21 0 13
18 21 7
13 15 16
9 12 3
17 20 15
11 15 19
2 5 17
22 0 5
18 21 13
2 4 19
15 18 13
15 19 13
12 15 12
5 8 4
14 17 15
9 10 3
20 22 7
8 12 16
1 4 6
19 22 8
10 15 7
20 23 3
1 2 17
15 18 16
6 9 16
8 10 14
2 4 7
6 9 19
22 1 8
22 0 2
18 20 11
16 19 6
6 9 11
21 23 4
20 21 10
14 16 3
11 16 18
7 9 8
7 11 5
6 9 4
2 5 7
5 8 8
10 14 16
13 14 17
12 14 5
6 10 14
17 21 10
11 12 9
21 0 2
6 8 17
23 2 10
13 17 10
22 23 16
0 3 10
19 21 18
19 23 3
10 14 12
10 13 6
4 7 7
22 2 11
6 8 12
17 20 10
16 19 14
7 9 15
15 19 7
19 23 3
17 19 8
10 14 1
2 6 12
6 10 17
7 8 13
22 1 7
19 23 16
23 2 7
7 10 18
17 19 6
8 12 2
0 4 16
0 1 14
13 14 14
3 5 19
1 5 15
6 9 7
18 21 7
12 14 12
3 5 5
18 20 16
1 5 15
17 23 18
19 23 16
8 12 14
17 20 10
11 12 16
23 2 13
15 17 4
15 19 11
6 10 14
14 18 7
4 7 5
13 18 19
17 17 3
13 17 8
3 6 16
4 5 19
23 3 15
10 14 12
23 2 1
6 9 6
12 16 3
2 3 9
3 6 19
11 15 11
15 19 17
20 0 11
11 13 2
5 8 3
21 0 2
21 23 9
10 13 15
2 6 4
13 16 3
4 6 6
17 20 13
22 1 1
13 16 2
9 13 10
2 4 10
7 11 9
18 22 4
5 7 6
8 11 17
7 9 6
0 3 8
23 3 7
13 14 15
23 1 10
1 2 12
18 20 8
8 12 9
11 14 4
3 5 18
10 13 13
8 11 16
3 6 4
10 11 4
16 19 3
13 19 13
6 9 9
5 8 17
1 3 15
11 15 12
7 11 12
0 2 14
14 16 9
14 16 6
23 2 12
20 23 9
5 8 8
13 17 15
11 14 1
16 19 4
2 6 15
18 23 18
8 10 18
21 23 13
20 23 3
6 10 6
5 10 7
13 16 11
0 3 16
7 10 3
22 1 3
10 13 11
6 9 1
10 13 11
9 11 10
21 1 11
7 10 14
7 11 2
8 13 4
22 1 5
9 12 3
23 1 9
5 7 12
18 20 5
20 23 10
16 19 12
20 21 9
16 19 4
13 18 19
19 23 18
16 17 9
2 2 6
12 15 8
11 14 5
23 1 5
4 6 10
6 8 11
4 7 4
2 6 8
20 0 5
1 3 3
18 22 3
22 3 2
10 12 8
11 14 4
22 2 9
14 16 11
19 22 10
14 17 11
11 12 14
1 4 1
15 17 17
12 15 1
19 22 17
11 13 10
18 21 19
19 22 6
12 14 9
19 23 12
20 0 7
1 5 19
20 23 1
10 15 16
18 21 7
20 23 9
9 13 4
2 6 10
7 10 15
11 14 7
18 20 7
18 20 4
7 9 16
21 1 12
10 13 8
1 5 1
21 1 1
11 15 14
7 10 12
3 6 4
10 13 3
8 14 5
2 6 14
14 17 3
10 15 10
5 6 18
20 23 16
20 23 5
6 9 6
2 8 6
18 21 5
1 7 3
3 6 2
2 6 7
9 11 17
10 13 4
14 18 9
5 9 3
13 16 10
17 19 3
10 13 12
8 11 10
16 19 12
10 13 8
0 3 6
22 1 7
4 7 9
18 22 9
11 14 1
1 3 19
23 3 2
20 23 9
13 16 18
21 1 7
15 17 5
0 3 8
12 16 16
16 18 19
23 0 15
5 7 18
10 14 3
18 20 14
5 10 15
7 11 11
13 16 19
6 8 1
23 1 7
3 5 12
20 23 3
13 16 10
10 14 3
8 11 3
0 3 15
8 11 5
7 11 19
4 6 12
0 3 9
17 22 18
2 3 2
18 20 12
20 0 11
7 10 16
8 11 9
18 22 1
10 13 12
8 11 15
21 22 7
1 3 2
18 21 16
3 6 4
5 7 15
19 21 5
17 20 13
14 16 5
14 16 6
20 23 19
4 7 5
23 3 6
9 12 14
3 5 6
17 20 17
13 16 6
13 17 13
19 22 19
2 3 6
21 2 13
12 14 16
3 6 14
5 10 4
17 20 9
6 8 17
2 4 6
21 0 19
8 13 5
13 16 14
14 16 4
13 16 13
23 4 18
8 12 13
23 2 15
15 18 2
4 6 7
16 17 16
19 22 13
4 7 14
6 8 11
4 8 19
12 15 6
18 21 1
21 23 18
16 20 3
6 8 19
22 1 18
4 7 12
5 8 11
1 4 16
2 6 5
6 7 8
13 15 17
3 6 8
9 11 15
6 8 19
23 1 14
18 21 10
17 20 17
18 21 15
18 19 8
12 15 8
14 16 9
7 11 4
15 19 4
10 12 17
2 6 19
7 8 13
11 13 18
0 2 19
10 12 2
13 17 19
20 23 6
4 5 17
3 5 8
6 11 18
23 2 8
6 8 13
11 14 3
22 1 8
22 2 19
16 18 8
2 6 11
8 11 9
9 12 2
0 3 2
0 4 19
8 10 1
10 13 17
19 22 10
23 2 8
3 6 7
18 21 15
7 12 14
11 14 9
12 15 8
17 19 17
4 8 11
3 5 11
13 17 3
1 3 8
7 11 9
3 7 16
2 5 17
19 23 7
14 17 16
3 6 9
6 9 9
11 15 10
7 11 7
2 5 7
0 2 12
11 14 14
4 7 18
19 22 8
3 6 2
18 21 2
22 0 10
21 0 10
8 10 13
10 13 19
22 2 12
17 21 1
12 16 2
4 6 19
17 19 15
0 3 10
5 7 12
8 10 9
14 17 15
0 3 15
1 3 18
15 18 8
11 15 16
3 6 16
16 18 19
20 23 13
17 21 14
22 1 7
2 7 9
8 11 2
7 10 9
17 20 5
2 6 15
8 11 7
9 11 7
21 23 9
20 0 16
16 19 18
6 10 2
21 0 16
15 19 9
20 23 19
14 17 12
12 14 6
4 5 1
18 20 13
8 11 5
19 23 18
16 18 19
6 10 4
22 23 3
0 3 10
19 22 13
0 4 5
18 21 6
17 19 17
9 12 1
16 20 6
5 7 17
0 3 19
6 9 18
17 18 1
23 0 19
17 19 15
19 22 11
8 11 4
9 12 14
5 8 19
21 1 18
11 15 12
22 1 17
8 11 3
18 20 7
18 20 7
7 10 11
10 12 4
15 17 16
1 3 6
10 12 3
2 5 14
1 4 13
3 7 6
15 17 2
11 15 11
19 23 11
11 14 9
17 21 7
14 17 7
22 0 18
19 22 11
20 0 14
14 17 10
0 4 19
15 17 4
7 10 17
16 18 18
0 3 7
5 7 9
8 12 6
7 11 12
2 4 18
1 4 3
22 0 2
6 10 1
4 7 4
22 2 7
5 8 12
4 6 16
9 14 6
16 19 9
11 13 5
16 20 18
6 9 8
17 19 14
21 0 1
1 4 11
3 4 4
11 12 13
16 19 9
4 9 14
0 2 18
17 21 19
1 4 5
21 23 2
15 17 12
11 15 9
9 12 16
6 11 1
19 21 12
12 14 18
2 5 14
1 6 16
21 0 14
4 6 8
21 1 4
22 23 10
23 3 4
1 5 10
0 3 9
20 23 17
13 17 19
16 18 4
21 1 13
23 0 17
22 0 17
16 18 14
0 3 17
22 2 17
0 3 10
14 18 10
8 10 15
15 18 1
12 16 19
18 21 9
2 6 4
11 13 2
7 10 4
5 9 15
1 4 1
2 5 2
19 22 6
22 3 6
18 20 13
2 6 4
18 22 11
19 22 8
2 6 19
4 7 1
21 1 2
4 7 5
23 3 10
3 6 17
21 1 13
23 2 15
5 9 7
7 8 4
21 1 19
20 21 15
3 8 8
20 23 14
12 16 7
20 23 16
16 20 2
10 14 3
22 1 15
20 23 4
10 13 13
21 23 2
7 11 1
14 17 6
1 5 5
13 15 4
8 11 4
13 17 12
19 21 1
6 8 12
13 13 14
9 11 18
2 7 4
7 10 18
17 21 2
14 16 1
15 19 17
19 23 5
10 13 18
5 9 19
19 22 17
14 17 18
9 12 15
8 11 4
23 2 17
4 6 13
12 15 5
11 14 8
3 6 13
19 21 3
5 9 11
3 8 8
11 14 2
3 6 9
2 5 19
22 1 3
19 23 1
20 22 19
2 6 10
13 16 13
8 12 10
15 19 11
15 19 19
2 5 14
17 19 17
16 20 13
23 1 15
9 13 2
20 23 16
6 8 19
15 16 17
23 2 17
12 16 4
15 20 10
20 0 19
13 18 18
7 11 6
1 5 8
7 9 3
6 7 18
16 19 5
16 19 18
8 12 18
6 9 11
10 12 2
15 19 18
14 16 6
14 18 15
8 12 12
10 12 6
4 6 19
