1050 18
4 5 2 1 6 7 2 8 4 6 6 3 10 4 3 6 5 8 
21 23 18
5 8 12
19 1 1
9 12 5
8 10 12
9 12 9
3 5 17
19 21 6
3 7 15
9 12 16
21 0 9
7 9 14
6 8 1
5 7 4
9 12 6
22 1 11
9 12 1
20 0 9
5 8 6
5 7 12
17 21 7
7 9 3
2 4 15
19 22 10
3 5 4
1 4 2
14 18 15
12 14 2
13 16 9
13 17 12
6 9 2
10 12 5
13 17 17
12 14 6
14 18 6
2 6 14
2 5 17
15 18 3
1 5 11
13 17 6
8 13 13
14 16 14
10 12 10
11 14 16
14 17 9
17 20 12
22 0 12
7 10 5
10 14 5
19 23 5
0 3 18
19 23 13
21 0 15
23 2 10
2 5 1
19 23 16
3 6 7
15 16 17
9 13 6
21 1 12
2 5 11
19 21 16
9 12 6
15 18 15
15 17 1
14 19 16
1 4 1
13 16 16
8 11 10
1 5 8
19 22 13
15 19 16
2 5 14
17 20 12
21 1 15
12 15 16
0 2 6
14 16 12
3 7 1
10 13 5
1 4 9
0 3 13
10 13 9
9 13 18
13 16 11
0 2 6
13 14 1
12 16 17
23 2 17
5 9 11
2 5 17
21 1 7
19 0 3
12 16 7
9 13 5
1 4 5
22 2 11
18 19 10
2 5 14
17 21 16
2 4 2
9 12 7
19 21 3
20 22 13
20 23 17
9 11 8
19 21 12
10 14 3
7 7 1
16 20 17
20 23 9
8 11 3
18 22 3
23 3 17
6 7 10
17 18 11
6 10 6
12 15 18
2 4 15
21 0 11
19 23 12
18 20 6
13 15 9
4 8 6
14 16 10
6 9 14
6 9 18
12 15 5
16 18 2
11 15 11
2 5 4
15 18 18
5 8 9
17 20 16
0 2 15
8 10 15
8 11 9
17 21 7
7 10 14
4 6 8
3 5 1
9 11 14
17 22 11
8 14 5
4 6 15
7 10 11
5 8 9
17 19 3
16 21 15
11 14 2
1 3 8
12 15 16
2 4 6
22 23 13
11 12 12
0 2 17
6 9 14
20 22 7
21 1 15
20 1 10
16 16 18
12 14 9
11 13 14
8 10 1
6 9 10
18 21 11
1 3 18
5 7 15
19 21 11
4 8 3
17 19 5
4 6 14
19 22 15
19 21 5
0 2 2
16 19 10
7 11 17
19 22 4
16 19 7
21 2 13
19 22 6
10 13 17
11 14 6
15 17 9
7 9 1
2 6 9
19 23 16
15 19 10
8 12 14
7 10 2
5 8 10
3 6 3
21 1 8
19 21 8
18 21 16
1 5 8
14 16 7
6 8 17
9 12 10
12 17 10
7 10 9
8 12 16
14 16 1
19 21 9
3 6 15
6 10 13
0 4 6
11 17 4
14 17 11
14 18 9
9 11 1
16 17 18
20 0 10
6 9 16
13 15 9
13 15 15
16 20 8
21 0 9
3 6 10
2 6 4
18 20 7
3 7 9
13 17 4
3 6 2
14 16 14
15 19 2
3 6 13
3 5 7
19 22 3
10 13 2
14 16 9
18 20 7
0 2 13
10 14 6
0 4 8
12 15 8
0 2 10
21 0 14
17 21 4
16 18 5
16 18 7
4 6 11
23 3 17
10 13 7
15 19 1
22 2 2
10 14 6
3 5 15
10 13 1
2 4 2
4 6 6
22 2 7
3 5 17
4 8 13
4 7 10
5 8 3
22 0 2
0 3 3
6 8 15
10 13 17
19 0 10
19 23 17
22 1 12
16 19 1
9 11 8
20 22 8
4 8 12
5 8 6
2 5 15
16 20 10
10 13 2
15 18 3
13 16 7
19 21 7
5 8 7
11 15 7
1 4 18
7 11 8
12 15 5
10 14 5
5 7 12
13 15 7
16 20 5
10 14 4
2 4 5
4 7 11
20 23 8
6 10 2
6 8 18
11 15 4
12 14 16
5 9 11
14 17 18
9 12 10
7 10 9
15 16 12
21 0 14
14 17 9
22 2 3
3 5 18
12 16 7
3 6 12
5 9 15
11 14 9
17 19 17
13 17 10
3 6 18
1 3 14
4 7 10
22 0 14
8 12 1
19 23 12
5 7 1
17 20 9
5 7 13
2 2 15
11 15 15
21 0 11
7 11 3
18 22 11
19 21 17
5 7 11
4 5 12
0 3 14
0 3 9
20 22 5
11 14 13
13 16 8
11 12 9
11 15 11
0 4 18
17 20 4
20 22 9
19 22 16
17 19 16
1 3 6
19 23 9
9 12 15
20 23 5
7 9 11
21 23 18
5 10 10
12 17 7
0 2 7
7 11 7
16 19 16
7 12 14
7 9 4
16 19 15
11 16 14
23 3 8
15 18 4
14 18 1
17 20 13
22 1 12
9 11 2
11 13 8
5 9 11
2 4 1
13 16 7
13 17 4
10 13 2
6 10 7
4 6 12
17 21 2
21 23 11
10 12 12
7 10 7
15 18 3
18 22 2
21 0 16
11 12 9
6 10 16
19 23 3
15 19 9
10 13 12
7 10 4
7 11 10
6 8 3
6 8 7
4 7 14
16 19 1
9 13 10
12 15 11
8 11 9
21 0 18
23 2 7
3 6 8
6 9 13
5 9 8
20 23 13
4 7 4
3 6 1
15 18 6
12 17 2
14 18 15
11 14 7
22 1 6
13 16 13
21 0 2
16 20 2
22 3 15
0 1 16
2 3 12
7 11 17
19 22 8
4 8 7
17 19 16
20 23 10
0 3 8
7 11 1
21 0 13
19 21 16
11 14 6
9 13 7
2 5 15
2 4 18
6 10 6
3 5 17
6 8 12
19 22 13
7 9 8
6 8 18
20 0 16
13 18 10
16 19 16
2 4 4
4 7 7
3 5 16
13 16 6
19 19 5
15 19 16
13 15 9
20 1 6
5 8 4
18 21 1
18 20 7
6 8 3
22 1 6
12 16 17
8 10 12
4 7 17
1 4 5
23 3 17
10 13 4
16 19 1
15 17 15
22 1 15
10 13 16
11 14 7
19 23 4
9 11 9
8 12 7
9 12 14
8 13 18
15 19 17
16 17 8
14 16 7
20 23 5
16 18 16
0 1 13
19 23 17
16 19 5
17 20 16
8 11 11
20 22 16
19 22 17
9 14 10
20 0 15
2 4 13
16 18 8
16 19 18
17 20 3
13 17 9
11 14 5
5 9 11
14 16 10
16 19 15
7 11 1
23 2 6
17 19 7
21 0 11
20 23 5
9 13 1
22 0 1
13 18 4
5 9 12
13 15 6
21 23 10
22 2 1
18 19 4
17 21 3
6 9 5
9 14 14
11 13 6
17 23 12
8 10 14
22 1 2
14 18 9
1 5 7
1 5 9
19 21 10
16 18 10
0 1 9
4 6 7
0 5 9
20 0 1
19 23 7
23 0 15
8 10 10
19 23 4
18 21 10
17 21 12
7 9 3
20 22 8
4 9 9
16 19 3
9 10 5
4 6 6
1 3 8
19 22 14
4 7 5
16 18 8
19 21 8
6 8 3
3 7 9
8 10 17
1 1 5
13 14 7
8 12 5
12 15 7
20 22 17
10 12 1
13 17 3
4 9 9
10 12 8
23 0 18
10 14 11
12 13 9
20 23 15
16 18 12
5 6 15
3 6 9
21 23 9
0 4 7
11 14 14
3 7 3
20 23 12
0 5 2
23 3 1
4 7 15
23 4 14
20 22 15
2 5 5
15 18 7
10 14 1
11 15 4
8 11 17
8 11 2
1 4 9
17 20 7
18 20 2
1 4 3
6 9 9
15 18 2
5 6 18
1 3 5
9 11 18
11 14 16
21 3 1
8 12 17
20 23 6
21 23 14
18 20 13
1 3 6
17 19 8
14 16 6
7 10 4
12 18 13
11 13 5
23 2 10
8 11 11
1 5 12
6 9 14
4 6 2
15 17 12
12 16 13
15 18 15
7 10 2
2 5 16
20 23 14
14 18 12
15 20 13
17 20 5
18 22 3
4 7 9
11 15 16
11 14 8
21 1 12
21 0 1
2 5 1
7 9 11
11 14 3
14 18 11
0 3 7
1 4 7
17 18 9
16 20 18
23 2 8
23 4 18
12 17 8
7 10 15
16 19 18
14 19 3
15 18 11
1 5 2
19 21 17
12 15 13
15 16 11
19 22 14
23 1 9
15 18 16
14 17 15
13 17 2
17 20 15
18 21 7
17 20 13
14 16 6
10 14 1
5 8 8
9 12 17
1 4 12
4 8 14
10 12 15
12 13 7
17 18 11
8 12 15
3 5 12
0 0 14
12 15 5
2 5 10
2 3 2
8 10 18
22 2 7
14 17 14
19 21 16
6 8 8
17 22 14
11 15 13
19 22 18
20 23 13
2 4 18
8 10 17
6 8 9
23 2 6
14 18 11
19 23 2
7 10 14
2 6 10
20 1 10
18 23 3
9 12 13
15 19 12
4 6 8
9 10 15
10 11 4
15 16 8
21 1 1
9 11 14
11 15 11
18 0 18
4 7 8
23 2 9
10 12 5
6 9 17
12 13 11
7 9 11
2 5 5
21 23 11
11 13 14
3 6 8
23 4 13
15 16 11
0 4 10
12 16 1
21 23 10
14 18 15
23 2 16
18 22 18
10 12 18
14 15 14
22 1 6
10 14 2
12 16 18
23 1 4
3 5 11
13 16 15
12 16 17
23 2 4
0 3 18
4 7 18
16 18 9
18 22 8
9 12 1
17 22 11
21 0 5
7 10 14
12 13 16
13 16 14
20 21 5
14 17 10
23 2 16
20 22 10
11 13 12
5 10 4
18 22 7
17 20 10
5 8 3
8 12 14
5 7 6
13 16 6
15 16 1
0 3 16
9 11 9
16 19 14
15 17 5
9 12 6
19 22 3
5 10 9
8 10 5
16 18 15
5 8 12
7 9 16
20 23 6
2 6 10
10 13 9
20 23 11
10 13 16
1 3 8
5 8 15
16 20 17
12 16 2
17 20 15
20 23 7
10 13 15
23 4 2
12 15 13
6 10 2
15 19 5
4 6 9
6 10 8
17 21 13
11 13 1
21 0 3
1 5 15
8 9 16
9 13 13
0 3 8
15 18 6
14 15 17
4 8 11
4 8 7
22 1 3
4 7 12
21 1 17
1 4 18
5 8 1
15 16 2
0 4 6
16 19 17
21 0 18
6 11 2
23 23 1
3 6 14
9 13 7
23 3 12
2 5 13
2 4 11
20 23 4
13 16 5
20 23 16
6 9 15
9 12 8
7 10 4
10 12 10
23 1 17
22 1 16
3 7 3
17 19 5
21 1 16
4 8 15
10 12 14
11 14 2
21 23 9
0 3 17
19 22 13
16 20 9
17 20 18
17 21 3
16 18 3
19 22 9
16 20 11
9 10 3
8 8 7
22 0 3
6 9 6
22 1 12
13 16 2
11 12 14
8 10 12
19 23 11
19 21 2
1 3 18
16 20 15
23 1 9
0 3 4
1 4 9
14 17 16
5 8 9
3 7 9
22 1 7
5 7 17
15 17 15
6 8 16
4 7 8
9 11 18
11 13 3
20 22 18
11 12 5
5 8 7
22 23 13
8 11 14
22 1 14
0 2 8
2 4 16
14 16 1
13 15 8
0 4 15
9 12 8
17 19 11
10 13 11
16 20 12
5 7 10
6 8 1
20 23 9
16 19 14
14 16 9
19 22 18
0 2 9
17 21 16
6 8 11
19 23 3
14 17 6
10 13 11
8 10 4
1 3 1
23 2 4
5 7 3
2 6 9
17 20 13
5 9 10
15 17 9
21 0 11
5 8 1
1 4 11
3 5 18
8 11 1
11 14 7
12 16 2
1 3 12
11 13 10
16 19 18
20 22 13
12 15 13
23 3 6
14 19 15
12 15 13
19 22 10
18 20 2
19 22 13
6 9 13
12 15 14
7 11 13
16 20 7
7 10 13
10 14 12
3 7 5
18 22 12
17 19 12
12 16 12
22 1 12
5 8 3
23 5 14
6 7 4
20 23 6
19 21 9
16 20 13
7 10 7
15 18 1
7 10 3
7 8 15
14 15 1
20 23 13
5 8 16
17 20 2
5 9 12
3 8 14
17 21 10
3 8 3
15 19 8
7 11 18
14 18 17
10 13 9
12 14 4
23 1 18
9 13 3
19 21 16
11 13 17
3 7 6
14 17 5
4 8 6
20 23 10
1 4 18
9 13 16
16 20 14
23 2 13
5 8 3
14 17 4
11 13 6
22 23 14
4 7 18
15 17 14
3 5 16
15 17 17
22 1 8
22 1 7
21 0 14
11 16 3
21 0 4
5 9 5
22 1 1
20 22 13
20 22 2
9 12 16
19 22 10
13 15 18
1 5 12
21 23 8
19 23 1
4 8 1
6 9 13
20 23 14
22 1 2
4 6 16
7 12 11
23 2 5
23 2 7
7 10 1
22 0 1
9 12 12
0 4 1
17 18 8
2 4 12
17 19 6
7 9 2
16 19 18
13 17 16
18 21 4
19 23 11
7 12 12
0 2 2
17 19 12
1 4 7
21 0 14
5 7 5
18 23 11
18 21 3
23 1 8
10 15 1
18 23 1
23 2 8
7 9 13
11 15 16
18 23 2
22 1 10
8 11 8
7 10 14
17 19 18
9 13 14
15 19 7
16 19 5
17 20 14
14 17 15
20 1 6
21 1 15
23 2 2
23 3 14
11 15 7
6 9 4
7 10 18
5 10 15
13 17 17
10 10 3
4 6 12
7 10 7
15 18 14
20 22 15
8 13 7
6 10 1
13 16 5
9 12 5
20 1 4
7 10 9
4 8 1
18 22 8
10 13 2
18 21 12
9 12 2
6 9 15
17 19 9
20 22 16
17 20 10
17 22 6
10 12 8
5 7 11
5 8 11
13 17 6
11 14 11
6 7 5
23 3 1
13 15 10
12 15 1
0 3 10
17 20 15
16 19 3
14 17 15
22 2 14
2 4 9
5 9 8
11 15 9
13 16 12
12 15 8
21 1 7
19 23 17
18 22 5
4 5 4
15 16 17
12 16 15
0 2 16
1 2 18
