3300 10
2 4 6 10 2 3 8 4 3 8 
4 8 2
11 13 1
19 22 1
9 11 8
14 17 3
19 20 4
6 8 3
18 19 9
21 1 1
22 0 6
20 1 1
13 16 2
22 1 6
6 5 7
0 3 9
0 3 8
10 12 10
5 8 2
10 11 5
11 15 1
23 3 1
3 5 6
1 5 4
20 22 6
17 20 4
15 18 2
0 4 4
4 6 1
8 12 5
16 19 1
16 18 3
22 2 7
11 14 3
10 14 10
1 3 5
1 5 4
0 1 3
22 2 9
23 3 6
12 13 6
12 16 2
4 6 7
18 21 1
17 21 1
10 14 8
19 21 4
14 16 1
9 13 3
1 3 3
14 15 6
17 20 2
5 7 4
5 8 4
13 16 1
8 12 7
23 0 7
14 16 3
10 11 1
23 1 4
1 3 1
19 20 5
13 17 5
0 3 10
0 3 1
15 18 9
0 4 5
14 17 4
20 22 3
6 9 6
14 17 7
12 13 9
10 12 3
3 6 7
7 9 2
6 8 5
19 22 1
3 5 1
11 15 6
20 22 9
20 23 9
12 16 3
16 19 3
3 5 8
9 11 6
17 22 7
15 18 4
1 5 6
11 12 8
15 17 1
6 7 9
0 2 5
20 22 3
3 6 1
16 19 1
13 17 8
4 7 2
9 12 10
1 3 5
23 3 8
19 22 4
4 8 2
6 10 2
10 12 10
0 1 2
6 7 7
7 10 5
15 17 3
12 16 8
4 5 6
5 8 8
19 22 10
13 16 10
2 3 8
8 11 10
18 20 5
14 15 10
1 6 4
6 8 8
20 22 5
10 15 3
17 20 8
20 22 8
6 11 4
5 7 10
21 0 2
4 7 8
1 4 2
16 19 5
4 4 6
20 20 7
15 18 3
13 17 2
12 15 1
8 11 3
23 2 6
20 23 4
22 0 4
0 2 1
15 16 6
16 18 3
10 12 5
9 13 6
8 12 6
3 6 4
0 3 5
2 4 10
21 23 6
8 13 10
0 5 3
1 3 10
15 16 6
23 1 4
13 16 5
15 17 2
17 20 6
12 16 2
22 2 1
3 6 2
13 16 8
17 19 7
22 1 9
16 20 3
12 14 9
16 19 6
2 4 8
18 22 4
13 15 8
21 23 4
12 16 5
14 18 7
18 21 10
0 5 8
7 11 6
18 20 7
7 10 10
11 15 5
18 21 5
22 1 3
10 14 8
7 11 6
22 2 2
5 9 7
0 4 2
1 4 5
9 12 4
6 11 7
8 11 6
14 17 1
4 7 2
22 0 10
23 2 1
4 7 6
11 14 2
11 14 2
10 14 2
21 1 7
9 14 4
15 19 7
15 18 5
8 10 3
6 8 4
3 6 9
21 0 7
20 1 5
4 8 3
3 7 4
22 1 7
14 15 2
6 9 6
4 7 7
12 16 7
3 7 2
7 10 1
19 21 2
1 6 8
10 12 6
16 19 9
14 18 4
20 1 3
16 20 7
21 2 1
6 7 2
10 14 8
10 12 9
6 8 10
11 16 9
14 18 3
10 13 5
22 0 9
0 2 6
12 15 4
19 22 6
13 18 10
22 4 6
4 8 2
13 15 2
18 22 9
4 9 10
11 14 3
19 23 6
9 12 7
2 5 4
23 3 9
14 17 1
5 9 5
14 17 7
15 17 2
0 3 9
3 4 5
20 22 7
23 2 5
4 8 3
7 9 4
8 12 10
15 19 6
17 19 6
9 12 3
22 0 5
2 4 2
9 13 8
13 14 3
7 11 4
1 4 8
2 6 5
23 4 4
5 8 4
18 22 5
2 5 3
21 1 10
7 10 5
10 11 2
13 17 7
7 12 9
6 9 1
16 17 10
8 10 6
9 13 6
22 0 3
7 10 3
18 20 2
22 1 6
0 4 3
8 11 9
0 5 1
4 8 8
14 16 10
21 22 8
12 14 7
8 11 4
5 9 7
11 16 4
7 10 1
14 15 2
9 12 6
6 9 8
21 0 8
7 10 1
15 18 10
1 4 5
12 16 8
17 20 10
21 1 1
15 17 9
16 18 7
8 11 8
9 12 5
19 21 5
8 9 10
20 23 3
4 7 3
14 17 7
2 6 6
4 6 9
7 10 7
7 9 4
18 21 4
5 8 6
5 9 4
5 9 5
17 19 10
19 22 1
18 20 1
14 16 4
21 1 6
17 19 4
10 13 10
10 13 1
13 15 4
14 17 8
16 18 10
22 1 10
17 20 9
13 14 3
21 2 4
21 1 7
16 19 1
12 15 7
12 15 2
7 11 9
19 22 8
8 12 10
12 15 2
5 8 2
10 14 4
15 20 9
21 23 2
6 10 2
18 19 2
5 7 5
14 18 3
5 6 3
1 5 5
10 13 7
9 12 10
12 17 2
22 1 2
15 18 4
18 21 1
0 3 3
16 18 1
17 20 10
7 9 2
2 5 5
16 20 2
22 0 1
22 1 7
12 14 4
1 3 10
21 0 4
21 0 2
12 14 4
6 9 4
6 10 6
13 17 1
23 4 4
5 7 4
6 8 4
13 16 7
18 19 3
11 14 7
2 4 1
23 1 9
7 11 9
6 8 2
16 19 7
14 17 3
23 1 3
5 9 10
10 11 2
9 11 7
15 18 10
3 6 8
7 10 7
19 0 9
7 11 5
8 10 2
13 16 5
17 19 1
19 21 10
21 1 7
17 19 2
19 20 5
22 1 7
7 10 6
14 18 2
0 3 8
14 16 6
13 17 5
10 15 2
22 1 2
13 15 10
4 6 2
6 9 2
11 13 1
1 4 2
5 8 2
5 6 1
16 20 6
3 6 3
0 4 2
12 16 3
4 7 3
20 1 1
8 11 4
1 5 6
19 21 9
0 0 1
16 21 6
4 7 2
7 11 10
17 19 2
8 10 1
10 14 2
7 11 1
12 16 3
21 1 4
19 22 1
15 17 7
7 9 4
20 0 6
15 18 10
14 17 8
1 4 5
0 3 9
18 21 6
21 0 4
15 19 1
17 19 3
0 2 6
22 1 1
17 20 7
12 15 7
3 7 10
13 15 9
6 8 1
17 21 1
15 17 8
12 16 1
18 20 2
13 17 1
21 0 1
19 23 7
10 11 9
23 3 3
6 9 7
15 19 5
6 9 5
14 17 10
16 20 2
7 9 1
19 21 1
22 2 4
16 18 6
18 23 1
11 13 9
21 23 8
15 19 5
11 16 8
4 6 3
22 1 5
22 0 2
14 16 10
15 18 9
8 11 6
4 8 2
10 14 7
6 11 4
6 7 2
0 4 3
10 13 10
12 16 3
17 19 1
20 23 1
20 21 5
4 7 5
5 9 10
16 19 9
19 22 7
18 20 7
23 2 5
1 4 6
3 6 9
17 20 4
15 18 9
21 0 2
5 8 8
17 22 7
11 12 5
11 15 1
21 23 4
2 4 1
19 22 9
9 12 5
13 15 4
18 20 1
22 2 3
3 6 3
10 14 1
4 6 6
20 23 4
0 3 5
19 21 4
6 9 7
21 1 6
22 2 1
6 9 1
19 22 9
5 8 6
12 15 4
9 13 6
9 12 2
7 10 8
3 7 7
0 5 9
15 18 9
1 4 7
3 7 10
5 10 1
5 6 1
21 1 4
16 19 1
8 13 6
4 6 9
4 7 3
15 17 6
17 22 4
22 2 6
14 16 1
6 11 7
1 5 8
4 7 3
5 8 9
12 15 10
9 11 2
22 1 7
14 17 3
21 22 6
0 3 8
9 12 10
3 8 3
2 4 5
15 19 8
8 10 4
7 11 5
9 13 8
19 23 5
20 0 6
20 23 9
22 1 8
10 15 5
3 7 9
2 5 5
23 2 8
12 15 1
2 5 4
21 23 3
23 3 3
4 8 7
17 21 7
0 4 8
20 21 10
22 0 10
23 3 3
1 4 5
17 20 4
19 20 7
23 1 3
6 10 4
23 3 1
10 13 5
2 3 9
23 1 8
5 9 7
6 10 5
9 13 2
22 3 9
0 4 6
5 9 7
13 17 5
20 23 2
2 6 2
16 18 5
6 8 1
8 10 3
13 14 9
5 8 1
0 4 2
5 7 10
9 13 6
23 2 6
0 4 7
23 1 5
12 15 8
17 19 5
10 13 1
1 4 5
23 3 10
8 11 1
11 13 8
8 13 7
10 14 2
22 2 2
14 18 3
1 5 9
21 1 10
15 18 10
5 8 7
23 3 2
16 18 3
5 6 10
5 8 2
8 10 9
16 17 4
20 23 2
4 7 10
12 15 6
2 5 9
23 1 6
17 21 1
8 12 2
9 14 5
23 1 8
6 9 8
4 6 4
4 7 6
18 19 2
14 15 6
9 11 9
18 22 4
15 16 6
18 19 7
21 23 6
10 14 8
17 17 4
8 9 6
17 20 5
1 4 8
9 11 1
18 22 6
0 2 9
14 16 4
12 16 10
0 4 3
23 2 1
23 2 6
1 6 9
3 5 5
2 6 3
12 15 5
0 4 5
6 10 5
14 16 3
1 5 9
3 5 5
20 23 5
20 0 6
23 1 10
13 18 7
12 15 4
4 8 7
0 4 3
19 23 10
21 23 8
4 8 9
10 14 8
10 14 3
3 7 8
7 10 6
12 14 4
11 13 4
10 13 8
22 1 10
9 10 5
5 8 1
4 8 6
4 6 7
15 16 1
5 7 7
7 9 6
23 2 7
1 4 4
23 2 1
22 2 8
20 0 8
20 23 9
9 12 5
12 15 4
23 1 4
12 15 2
12 15 4
19 21 1
20 23 2
8 11 2
13 16 7
18 20 6
22 2 6
5 7 8
11 13 5
5 9 3
13 16 4
20 21 10
16 19 1
4 7 6
4 8 6
10 13 8
2 6 5
13 16 6
21 1 6
5 8 6
16 20 2
14 16 3
1 5 3
4 7 10
2 5 2
4 10 9
21 0 9
0 2 8
2 6 8
11 13 10
2 5 9
20 1 8
9 13 6
10 14 4
7 10 7
1 2 1
22 2 6
10 13 7
4 6 10
3 6 5
15 20 1
5 8 9
9 13 2
20 23 7
2 5 4
11 13 10
23 2 5
23 2 8
11 15 3
16 20 2
13 15 6
3 7 10
12 15 5
19 21 1
19 22 2
12 15 3
14 17 10
22 0 4
1 3 4
20 23 8
23 4 2
23 2 5
4 8 4
1 3 7
16 19 7
4 7 9
3 6 7
21 1 3
11 14 6
19 22 7
0 1 7
11 13 10
13 16 4
1 4 1
1 6 9
20 23 5
3 6 8
22 0 3
3 5 10
18 22 5
14 19 8
10 13 8
7 9 2
21 22 7
12 13 7
6 9 8
4 7 2
18 21 7
0 5 1
12 14 1
10 12 9
1 5 4
0 3 3
11 14 10
11 12 9
7 10 2
13 16 7
20 21 8
15 17 4
1 4 2
19 23 6
19 21 4
0 4 6
2 5 10
3 5 1
3 5 3
23 2 8
20 23 2
22 1 4
18 20 7
1 5 5
2 5 9
19 23 8
23 1 6
19 21 8
6 8 6
15 17 1
3 3 3
15 18 4
8 12 5
8 11 10
22 0 10
17 20 2
17 20 10
15 17 8
19 19 9
6 9 5
13 17 6
19 21 1
1 6 7
15 17 6
8 10 3
20 22 3
1 4 8
23 2 6
14 16 1
18 22 7
20 0 2
18 23 7
22 2 3
21 23 6
0 2 6
22 1 4
18 22 4
12 15 6
10 12 1
0 3 7
23 1 7
22 23 3
19 21 10
1 6 8
6 10 2
20 0 9
5 9 10
20 23 1
20 0 7
12 14 10
0 1 8
13 15 9
13 19 8
1 4 9
19 0 1
17 21 4
18 20 4
19 22 2
22 0 1
10 13 4
9 12 10
11 14 9
2 4 6
6 8 4
15 19 3
23 1 10
4 6 7
17 22 1
7 10 2
21 2 8
6 10 1
1 4 1
9 12 7
13 16 4
18 22 8
3 7 9
15 19 9
9 13 10
11 15 7
10 12 8
16 20 2
23 2 3
12 14 10
9 11 6
1 4 1
14 18 3
16 22 1
11 15 7
6 11 7
1 4 7
15 17 4
9 12 10
12 14 8
15 17 8
20 2 9
2 7 9
0 3 9
12 14 6
21 23 8
2 5 4
7 10 6
18 19 10
15 17 6
2 4 4
12 14 9
2 5 9
16 17 1
4 7 3
2 3 4
11 16 5
0 4 3
23 2 6
22 0 10
9 13 4
8 10 8
14 19 2
13 15 6
5 9 2
4 7 9
10 13 7
4 7 4
0 5 9
7 9 3
6 9 8
18 23 5
12 15 6
8 12 1
13 15 2
22 2 6
17 20 9
13 17 8
13 16 2
11 15 3
4 6 3
9 12 1
18 21 1
3 6 5
6 9 1
12 16 4
18 22 6
6 8 2
18 22 2
12 14 2
21 1 10
8 11 8
1 4 2
2 4 10
19 21 5
7 11 8
20 22 6
0 3 10
7 9 4
18 22 6
1 3 6
14 17 8
20 23 7
10 12 10
21 1 1
1 2 6
9 13 10
3 5 5
1 3 4
10 12 2
14 18 9
7 10 2
4 8 10
21 0 10
16 21 9
11 12 1
16 19 10
3 7 9
3 8 2
21 1 10
18 21 1
14 16 10
2 4 3
21 22 10
19 22 10
6 9 6
3 5 2
16 19 1
12 13 8
23 3 9
19 21 3
2 7 4
8 12 3
5 8 8
2 5 1
5 8 10
10 12 1
13 15 7
4 7 1
11 14 1
1 2 9
4 7 7
20 22 3
4 5 6
10 12 6
15 19 8
20 23 5
8 10 10
6 10 8
16 20 9
13 17 4
5 8 2
10 11 5
10 13 6
16 20 6
2 7 2
17 21 7
16 20 1
1 2 4
11 14 10
21 0 3
18 20 3
22 0 9
15 18 1
22 0 2
6 9 9
23 3 5
14 17 10
20 0 8
19 0 9
9 11 10
8 9 5
4 6 1
6 9 2
8 12 1
18 21 1
4 8 8
14 16 3
1 3 1
12 17 4
0 3 3
7 12 8
8 9 7
14 15 8
10 12 9
13 17 9
17 20 4
7 11 5
20 2 3
1 5 7
4 8 2
2 6 6
0 2 5
9 12 7
6 10 7
20 0 4
12 16 10
23 4 1
16 20 2
3 6 4
10 12 9
19 21 9
4 7 3
2 5 9
2 7 9
14 17 7
7 9 6
8 11 4
21 1 2
18 21 8
3 7 3
19 21 3
12 14 2
18 23 2
19 22 7
8 12 5
9 13 10
10 15 9
0 4 2
19 22 3
3 5 2
10 14 5
3 4 4
2 3 1
12 15 10
9 12 5
5 9 6
3 5 4
6 8 6
12 16 6
0 2 5
18 22 9
21 0 1
20 23 3
9 13 3
15 17 7
9 10 5
17 20 8
13 18 1
7 11 5
17 19 8
17 19 3
14 16 1
13 16 9
7 10 3
5 8 6
19 21 8
2 4 1
9 11 3
7 10 1
8 12 7
20 22 1
5 8 2
11 14 5
17 22 2
19 21 1
19 21 4
12 15 3
4 5 3
20 0 7
9 13 3
12 15 8
16 18 7
1 2 8
14 18 10
4 7 9
5 8 6
9 11 2
10 12 9
8 12 2
13 14 9
2 5 5
19 22 8
1 3 5
6 10 3
18 20 10
6 8 10
20 0 6
7 8 6
5 8 7
6 8 8
10 13 10
13 17 7
14 16 3
10 12 2
12 14 6
7 11 5
7 9 5
13 17 4
20 0 8
23 1 2
20 23 10
23 3 4
12 14 10
9 13 1
16 18 3
2 6 7
5 10 10
21 2 8
15 20 2
16 18 3
5 6 5
21 1 8
23 0 9
14 18 9
2 4 6
13 16 8
0 3 8
10 12 2
18 21 4
2 5 1
2 4 2
6 10 9
20 23 2
23 3 1
19 21 6
6 11 4
6 7 7
3 7 9
20 22 8
2 5 6
16 20 4
21 0 2
21 23 4
6 9 6
13 14 10
20 22 10
9 11 6
11 14 1
12 15 9
3 7 10
21 0 3
4 8 5
10 12 1
8 9 8
22 1 6
12 13 8
9 11 1
16 19 1
14 17 8
14 18 5
15 17 5
11 15 6
15 18 1
14 17 8
5 9 8
3 7 4
19 21 6
11 13 8
9 13 1
0 3 2
5 8 7
5 7 4
10 12 9
2 4 5
7 11 3
11 13 2
13 15 10
4 7 9
15 17 9
19 23 1
21 0 6
17 20 5
17 19 7
9 13 1
12 15 3
20 23 8
16 19 10
20 23 1
20 23 9
2 4 1
7 10 1
13 16 1
18 20 3
17 20 2
8 12 7
23 3 10
23 1 7
2 5 6
3 6 4
23 2 6
0 2 1
18 22 2
8 12 9
3 5 5
10 14 7
0 4 7
16 18 9
19 20 7
4 6 10
0 4 8
0 3 1
0 4 6
21 1 2
16 21 10
0 3 4
4 5 3
7 11 2
0 1 5
21 23 7
10 12 7
4 5 1
9 13 10
23 3 10
23 3 6
5 10 6
23 4 10
7 10 8
22 23 3
1 3 6
11 16 8
8 12 1
4 7 9
11 13 5
5 8 4
6 10 3
7 10 9
21 0 10
6 10 1
4 6 2
11 15 9
18 21 2
13 18 2
18 22 4
2 5 1
1 5 5
13 17 9
21 2 2
21 1 8
8 11 6
19 23 8
5 9 5
13 15 9
18 21 3
2 6 2
3 6 4
17 20 3
1 4 4
21 0 8
16 19 10
18 21 9
9 13 10
10 13 10
4 8 1
20 22 7
8 11 3
19 21 7
16 18 9
17 21 1
4 7 10
15 16 8
12 14 8
13 16 8
8 11 9
9 11 8
3 6 5
22 1 3
21 1 5
6 8 8
18 19 6
9 13 8
8 12 8
10 12 9
3 8 7
8 10 7
17 20 7
15 16 7
10 14 9
3 6 10
16 19 1
23 3 2
11 15 8
18 20 10
19 22 5
16 20 10
19 22 10
8 11 7
3 5 4
21 3 4
3 7 6
21 0 2
7 9 7
16 19 8
9 13 10
14 17 3
9 11 10
19 22 4
17 20 7
22 1 5
1 5 6
8 12 6
12 14 9
5 7 4
2 5 1
8 10 9
7 10 5
8 11 5
21 1 1
18 20 7
12 15 10
19 23 3
18 21 3
8 12 4
22 0 6
23 2 5
1 4 4
7 9 2
22 23 7
3 5 8
4 8 1
0 2 4
15 18 10
22 1 4
19 23 1
14 18 10
18 20 9
4 6 4
5 9 4
15 20 8
18 21 9
3 6 9
5 9 6
11 15 2
18 20 6
1 4 3
5 8 4
6 8 8
21 23 6
8 11 3
21 0 8
9 12 8
5 8 1
11 13 1
5 8 6
12 15 9
23 2 7
4 8 10
10 14 7
4 6 6
1 5 9
5 8 10
6 9 3
10 14 2
23 2 5
8 10 5
6 8 1
19 23 6
13 17 5
15 18 10
12 14 3
2 5 2
12 15 5
8 12 1
12 17 7
6 6 3
4 6 1
11 14 1
14 19 6
8 13 7
17 20 5
16 20 5
5 9 10
23 4 4
7 11 2
20 0 3
4 8 1
8 11 9
13 17 10
12 16 5
18 22 10
9 11 7
0 5 2
6 9 7
6 10 10
6 9 9
20 22 1
16 18 9
13 17 10
18 23 5
21 23 8
16 18 8
6 9 10
18 19 6
19 0 5
8 11 4
3 3 1
8 10 7
22 23 1
1 5 2
3 7 7
11 15 4
14 18 6
1 3 7
13 15 5
15 18 9
1 4 5
9 13 3
11 15 9
6 8 8
2 5 8
9 11 10
11 14 10
8 11 6
11 14 5
1 5 5
19 22 5
17 19 1
3 6 2
1 4 2
7 10 6
11 15 4
19 20 1
4 8 8
2 6 9
23 4 8
22 1 8
2 5 9
4 6 7
19 22 3
21 0 2
15 18 8
3 5 5
13 15 5
23 3 2
10 14 5
15 19 1
11 15 10
5 8 6
17 18 6
10 14 7
10 14 9
16 18 5
1 4 1
23 2 7
16 18 5
10 12 2
7 10 2
20 23 9
23 2 7
11 14 3
21 23 9
0 2 4
12 14 9
7 10 1
9 12 7
6 9 9
4 7 7
5 7 8
21 23 5
18 20 8
22 2 9
18 21 7
13 16 8
22 1 8
12 15 9
12 15 2
23 3 4
1 4 5
18 21 4
1 3 10
0 3 2
13 15 10
17 22 4
12 14 10
23 1 5
1 7 7
19 22 3
23 2 7
21 0 3
11 14 1
13 14 5
17 22 9
19 21 2
17 19 3
5 7 10
20 23 9
18 21 5
19 0 8
23 2 10
3 7 7
11 15 1
20 21 10
14 16 3
21 1 5
10 12 1
12 16 1
19 21 2
8 10 3
10 13 8
7 9 7
21 22 7
23 2 5
2 5 9
2 6 2
18 22 4
22 0 7
13 15 8
18 23 7
5 9 5
15 18 9
2 4 6
7 9 5
21 23 7
11 13 2
21 0 10
17 17 2
0 4 3
4 6 6
5 7 2
10 11 9
16 19 10
6 10 3
6 9 3
20 23 8
19 23 3
5 8 10
17 20 2
23 2 1
13 16 8
14 17 7
16 19 9
20 0 4
17 20 4
1 4 8
6 9 3
7 12 8
21 0 10
22 1 4
15 18 2
7 10 1
10 13 8
3 6 8
0 4 9
1 3 10
0 3 5
21 0 3
13 16 5
17 22 1
3 6 6
5 6 2
4 9 7
1 5 2
8 11 1
0 4 3
0 5 2
19 22 3
4 7 6
2 7 4
11 16 7
7 10 8
11 13 6
17 20 4
8 12 9
6 11 7
7 11 6
14 14 8
7 10 6
7 10 8
1 2 2
8 10 7
7 11 3
12 15 3
13 15 10
2 5 3
4 8 5
3 7 6
13 17 10
1 6 5
2 6 4
0 2 6
14 16 3
2 5 4
15 18 3
13 18 6
13 18 9
1 5 2
17 20 3
8 11 10
12 15 7
23 2 7
18 21 1
0 3 3
21 3 2
2 5 4
5 9 8
5 9 9
3 6 9
22 2 5
9 13 3
1 4 1
22 1 1
12 16 2
21 23 4
22 1 1
0 3 10
18 21 5
1 5 7
7 9 6
22 23 4
13 16 8
18 23 10
1 4 8
1 4 1
14 17 9
15 17 3
10 12 5
23 2 5
1 6 10
14 15 9
8 9 4
21 23 5
2 5 5
21 1 9
2 5 4
20 1 1
10 12 3
23 1 7
3 9 8
8 11 10
13 16 8
21 23 8
11 15 10
10 13 8
21 2 9
7 12 5
4 6 2
9 11 1
10 14 8
20 23 10
10 14 10
13 16 8
20 23 9
20 0 8
1 5 9
12 16 6
12 16 9
17 20 10
8 13 1
12 16 10
4 6 7
2 6 9
23 1 5
0 2 9
1 3 5
19 0 10
1 3 9
5 7 7
23 2 7
13 15 5
21 2 9
10 12 3
23 2 8
7 10 3
10 14 5
23 2 10
11 13 7
23 3 10
8 10 4
8 9 7
23 3 6
9 14 7
1 5 2
16 19 10
14 18 7
16 19 3
16 20 1
7 11 3
10 12 3
6 10 9
3 6 8
20 23 9
1 3 5
6 8 2
15 17 4
18 22 9
8 11 1
17 21 5
2 5 1
7 10 3
7 10 8
23 0 2
16 19 5
17 20 8
17 19 1
4 7 7
8 12 5
20 23 10
14 17 3
16 18 7
22 1 9
22 1 8
10 14 6
9 15 6
19 22 1
15 19 6
23 2 2
8 10 6
0 3 8
10 14 4
11 15 3
23 1 2
23 3 3
4 7 10
20 23 3
6 9 5
23 2 10
17 20 2
2 6 2
4 8 3
18 21 2
11 13 10
18 22 4
10 14 5
17 21 9
23 1 5
16 18 4
22 0 3
15 18 9
2 5 3
11 15 3
2 4 8
13 15 3
20 22 8
13 18 7
18 20 7
1 2 4
19 23 4
22 1 3
3 6 10
13 15 10
14 17 5
10 13 9
5 9 7
7 10 7
22 1 8
0 4 4
6 11 3
5 6 1
10 13 8
2 4 9
8 11 1
14 16 10
16 18 6
18 22 6
23 2 6
13 15 5
19 19 7
2 5 2
9 11 1
8 11 9
7 10 8
13 15 7
13 17 2
11 13 5
5 9 2
3 6 9
14 18 2
12 16 5
0 2 8
20 22 1
22 1 1
6 9 1
21 0 4
10 13 6
2 5 10
20 0 7
4 7 3
13 15 10
2 5 5
7 10 8
10 14 5
10 14 7
4 8 1
20 0 6
14 17 5
2 4 8
4 8 1
17 21 5
15 16 1
19 22 3
19 21 8
3 6 1
14 16 7
14 16 4
4 8 8
22 1 5
13 16 10
15 18 4
7 9 10
12 16 4
17 19 3
8 11 2
5 8 8
20 22 4
22 0 2
11 14 5
11 14 3
13 16 6
23 2 5
10 13 2
9 14 2
6 9 6
3 5 3
17 22 9
0 5 4
20 0 10
19 21 2
6 8 3
12 18 9
12 16 5
17 20 7
9 12 1
0 3 6
10 13 8
7 10 8
13 18 5
6 10 1
2 5 6
10 14 4
18 22 1
2 5 3
5 8 3
6 7 4
5 10 6
0 4 4
13 15 5
6 8 3
2 5 4
6 9 9
21 0 2
0 2 9
11 14 5
11 14 1
0 3 6
9 13 9
8 13 2
4 7 8
1 2 5
13 14 6
3 5 10
6 9 7
12 16 1
8 9 7
20 0 7
2 5 1
6 10 8
22 0 2
6 9 1
9 13 4
16 17 7
8 10 6
7 8 3
17 21 5
3 5 10
5 9 7
22 0 8
22 1 1
0 1 3
16 18 5
21 23 10
6 9 8
7 9 5
6 9 3
1 3 9
13 17 5
5 9 8
17 21 6
23 2 6
23 2 4
14 17 3
18 20 9
4 7 10
23 3 7
1 5 4
18 22 10
8 11 4
11 14 4
20 23 4
5 7 4
7 7 5
4 8 8
14 17 2
18 22 2
7 10 6
21 23 1
16 18 1
9 13 3
0 5 4
12 15 2
12 14 2
3 7 1
21 1 9
12 16 5
5 8 3
13 16 2
16 18 6
17 22 2
13 15 10
21 22 2
22 1 9
23 3 6
11 15 3
6 10 7
22 2 5
19 21 5
13 15 8
19 20 4
5 8 10
22 2 2
20 21 3
14 16 8
8 11 4
0 3 5
9 13 5
8 11 9
23 1 4
7 9 2
20 21 3
18 20 6
8 11 1
23 2 1
23 3 4
16 19 5
22 2 9
1 5 3
20 0 4
6 9 4
14 18 9
7 9 7
23 1 1
15 16 4
12 15 9
5 9 3
20 20 4
16 21 4
18 19 6
21 1 6
0 2 8
18 21 6
10 13 8
1 3 10
4 7 8
23 1 2
18 18 2
22 2 5
8 10 10
23 2 6
19 22 9
14 17 6
11 14 4
21 23 2
18 20 1
15 19 4
0 2 6
20 0 9
8 11 10
20 22 8
2 4 6
17 21 8
18 19 6
11 14 4
5 8 1
18 22 10
13 16 4
4 6 7
20 23 6
18 21 2
21 1 3
9 11 6
8 10 1
6 6 10
2 5 8
8 12 5
18 21 2
8 11 4
22 3 10
23 1 10
15 17 10
7 10 9
17 20 8
12 16 9
4 7 5
20 22 3
2 7 3
23 3 2
23 1 5
5 7 7
17 20 10
21 23 2
12 14 6
23 2 4
17 20 6
2 5 4
1 2 6
20 0 10
17 20 9
11 14 2
14 17 4
8 10 3
22 1 9
14 17 5
19 23 6
7 10 5
20 23 6
6 10 2
2 6 5
17 20 10
18 22 5
23 2 9
12 15 5
19 23 5
23 2 3
22 1 5
4 6 1
9 12 5
3 5 7
10 14 6
16 18 7
9 12 10
21 23 9
11 13 7
5 7 8
14 17 10
4 5 5
9 11 3
7 11 6
20 20 1
12 14 9
10 13 6
12 14 4
10 14 2
6 8 6
11 13 3
14 15 5
3 6 10
3 7 2
18 21 7
5 9 10
4 8 4
9 13 9
7 10 7
12 14 9
18 22 7
19 22 6
18 21 8
11 15 5
3 8 7
6 6 4
9 14 8
1 3 5
15 18 6
21 23 7
14 15 4
5 9 6
14 18 5
14 17 1
13 16 7
0 5 1
12 13 4
0 3 2
16 20 2
1 3 2
21 1 6
11 14 4
5 7 5
5 9 5
7 10 1
19 22 1
20 1 10
18 21 4
21 0 5
0 1 9
18 21 4
15 19 1
15 19 10
17 19 3
5 8 8
11 13 9
0 3 7
19 0 5
10 14 1
7 10 1
15 20 9
14 18 1
3 6 7
21 0 5
0 2 9
16 18 3
4 7 6
13 15 4
0 4 3
1 5 4
2 4 4
16 18 1
4 8 4
23 3 10
10 12 8
8 10 5
22 23 2
13 18 3
3 7 2
6 8 10
18 20 9
20 22 7
3 5 7
11 14 3
13 16 8
8 12 1
8 11 1
16 21 10
19 22 8
5 7 2
13 16 3
3 6 8
13 18 3
22 0 4
8 11 7
15 16 10
12 17 1
5 8 1
3 5 3
15 17 9
13 15 5
12 15 7
9 11 5
16 20 9
10 14 9
13 17 4
10 14 7
10 13 10
21 23 9
4 7 1
22 1 5
8 10 6
13 17 2
16 19 9
21 23 6
0 2 5
14 18 4
9 11 2
8 11 10
9 15 10
22 1 6
20 22 10
15 18 9
10 13 3
16 19 3
17 18 1
18 21 4
18 21 2
22 1 5
15 18 9
23 2 5
1 3 1
6 10 6
14 17 6
4 6 7
10 10 3
16 20 6
2 6 2
15 18 3
6 11 7
4 6 4
6 8 10
0 5 4
21 1 4
5 7 8
17 19 2
19 22 4
15 19 2
0 4 7
11 14 3
2 3 6
13 17 3
14 17 4
6 9 1
1 4 3
4 7 3
23 3 9
10 13 3
6 10 1
4 6 8
7 10 4
6 9 8
12 14 4
8 12 7
4 8 4
23 0 7
0 2 7
18 21 2
3 5 3
8 12 5
23 0 3
20 23 8
14 15 2
13 16 7
9 11 9
9 13 7
10 14 9
4 7 1
23 4 10
12 16 8
7 10 3
19 21 8
12 16 8
21 23 1
5 7 10
2 5 1
17 21 2
16 20 9
4 7 9
8 10 9
12 15 2
1 3 1
2 6 10
18 22 2
10 12 8
16 18 5
7 9 3
22 3 4
17 21 8
8 11 10
12 16 1
2 4 1
16 17 4
0 2 7
23 3 3
17 18 1
9 12 2
3 6 4
10 14 10
5 8 7
14 16 10
23 2 5
23 2 10
11 14 1
23 5 8
23 2 9
20 21 1
12 15 2
7 10 6
15 17 9
5 8 10
12 16 6
7 11 8
1 3 7
15 19 3
23 1 8
17 20 1
0 3 10
2 4 6
16 20 4
5 8 6
17 20 10
0 3 1
19 21 4
9 11 7
14 19 4
6 10 9
2 5 10
20 0 2
7 10 9
0 4 7
8 11 8
11 14 5
7 9 10
20 21 9
19 21 2
6 9 10
9 12 8
20 23 5
3 6 5
3 6 2
7 11 4
17 19 1
21 23 7
4 8 8
1 5 5
6 10 8
19 23 5
14 16 8
12 14 1
21 0 7
9 12 3
14 16 3
18 20 7
10 14 1
16 18 9
4 6 9
11 13 9
5 7 6
12 14 7
6 10 5
2 4 7
11 14 4
3 6 3
17 21 2
0 3 5
0 2 3
16 21 3
5 8 7
23 4 3
11 14 3
12 15 7
13 15 3
14 17 8
21 23 8
13 15 6
11 14 8
3 6 9
8 11 4
10 13 7
12 15 4
22 2 7
18 21 5
4 8 3
17 20 2
19 20 6
9 14 4
6 9 10
12 15 4
17 21 8
21 1 6
4 8 5
0 2 2
14 18 5
17 19 1
19 23 1
9 12 6
19 21 8
18 21 7
23 1 9
15 18 4
14 18 3
13 15 2
10 12 6
1 5 5
4 8 6
6 9 8
11 13 4
20 0 3
18 23 7
19 22 1
3 6 7
2 5 1
5 10 6
10 13 2
19 22 2
19 22 6
8 10 1
13 15 9
16 20 2
12 14 4
23 2 10
0 2 6
13 15 7
21 23 1
12 15 7
16 18 6
16 20 3
22 1 9
1 5 6
3 5 6
8 12 2
22 2 2
9 13 5
5 7 3
22 2 2
1 4 8
9 10 7
18 21 2
1 5 1
5 7 9
6 9 4
1 4 1
16 19 1
9 11 6
14 17 2
14 18 10
7 9 7
12 14 9
10 16 4
14 17 1
16 18 2
10 13 1
3 6 8
23 1 10
9 13 4
10 12 9
6 10 7
19 23 9
19 23 3
8 11 5
6 11 8
16 18 10
9 12 5
21 0 5
19 20 8
0 3 9
7 9 3
1 5 3
16 18 7
17 19 3
13 17 6
5 9 6
3 4 2
23 3 4
13 18 1
5 8 5
12 15 10
4 6 6
21 23 3
14 17 2
19 23 2
3 7 10
7 11 9
1 4 10
11 13 8
22 1 1
8 11 8
21 0 6
21 0 9
6 9 1
18 23 10
23 3 8
10 13 5
21 0 6
17 20 3
6 11 10
1 3 7
22 1 5
12 16 10
5 8 3
3 5 9
16 20 8
3 7 9
3 8 2
13 16 2
15 19 1
11 14 8
17 20 6
10 12 7
2 6 3
9 12 2
1 4 6
20 23 9
10 11 4
1 3 3
7 10 1
9 12 9
12 15 3
11 14 8
4 7 10
20 23 3
12 16 8
4 8 3
23 2 9
22 2 1
9 15 2
2 6 3
2 6 9
8 10 6
16 17 6
12 14 4
20 0 3
1 4 2
14 17 6
5 7 10
19 21 3
10 15 9
23 2 5
0 2 5
17 19 5
4 6 7
20 23 1
7 9 9
22 2 1
7 8 5
22 2 4
12 15 5
2 5 6
0 2 10
3 6 9
2 6 2
12 14 2
18 22 9
9 13 5
12 15 2
16 19 3
20 23 9
17 18 8
8 10 1
23 1 9
20 23 3
0 2 6
3 4 2
18 20 9
20 23 7
11 15 5
10 13 4
23 1 7
14 18 6
11 13 7
22 2 9
9 13 5
22 0 9
11 14 1
11 14 5
19 23 10
14 16 9
22 0 9
16 21 8
12 15 5
3 6 9
18 21 8
12 14 2
6 9 2
7 10 5
18 21 4
0 3 1
10 13 5
22 1 3
4 8 8
17 21 4
11 15 8
11 16 7
5 8 4
13 14 6
5 9 4
16 16 1
16 19 10
3 7 3
2 5 7
15 19 5
5 7 8
11 15 6
0 2 4
4 7 7
2 4 7
3 7 1
15 18 10
7 10 8
17 22 10
8 10 6
6 10 5
19 21 6
3 5 10
8 11 8
18 20 2
18 22 6
5 8 6
1 4 6
0 3 6
16 18 8
23 2 3
20 23 10
19 22 1
9 16 2
19 23 4
10 13 1
12 16 5
1 6 9
9 12 10
19 22 7
14 19 10
11 16 10
4 6 5
22 23 5
14 17 6
7 10 10
13 16 4
13 16 6
18 21 7
16 19 2
9 13 3
16 19 1
8 12 9
10 12 5
21 23 10
17 20 6
5 8 6
7 12 6
17 19 5
17 19 1
17 21 7
4 7 10
1 3 8
18 22 5
0 3 2
20 0 2
21 0 5
9 13 6
0 2 3
13 15 8
20 23 8
23 4 9
7 10 1
5 7 8
20 0 1
2 5 10
16 19 8
17 22 5
8 12 7
0 3 5
20 23 10
23 3 3
6 9 6
11 14 7
13 16 3
9 12 4
16 19 8
1 5 2
15 19 4
1 4 1
5 8 1
20 22 9
7 10 2
2 6 7
11 13 5
13 15 6
22 1 10
13 17 3
2 6 6
22 0 2
11 13 6
3 7 5
19 23 3
20 21 7
17 21 7
3 7 9
7 9 9
11 12 3
11 12 1
1 4 10
1 4 4
23 3 6
17 18 6
16 19 4
22 2 2
6 10 4
21 23 6
15 17 5
7 9 1
7 9 3
17 19 9
9 10 2
9 13 10
23 2 3
4 5 2
15 16 2
1 4 4
9 13 8
12 14 1
15 19 3
13 16 4
6 8 4
2 4 10
19 21 8
18 21 3
8 11 5
12 16 2
0 1 9
2 3 6
9 9 5
9 11 2
0 5 5
15 18 10
18 20 10
16 18 5
3 6 6
20 23 6
12 14 3
10 11 9
4 8 6
21 0 10
23 2 10
11 14 9
3 4 6
9 13 6
16 19 8
19 22 2
21 0 2
3 5 2
10 12 3
23 0 1
20 23 6
21 23 1
20 22 10
18 22 8
8 12 5
2 6 9
8 11 3
22 23 10
20 22 2
7 10 9
16 19 9
9 11 10
4 7 1
18 20 9
14 15 2
9 10 10
18 21 5
7 11 5
9 10 9
12 15 10
9 14 5
20 0 6
21 23 3
12 14 3
18 21 5
23 3 1
4 5 2
19 19 2
7 9 7
16 20 2
1 4 6
23 1 1
23 1 10
12 14 3
8 10 9
14 16 10
7 9 8
10 14 6
7 10 1
19 21 4
2 6 5
11 14 2
16 19 1
17 21 10
21 1 9
19 0 1
17 21 9
20 23 6
20 0 7
15 17 3
3 7 9
9 13 8
13 16 8
18 20 10
7 9 3
22 1 4
17 21 6
19 22 7
9 11 8
12 15 5
14 18 7
5 9 5
23 3 1
17 21 8
7 12 5
19 23 8
13 15 1
13 17 1
17 19 6
15 17 4
21 1 2
12 15 8
16 20 3
7 10 8
5 7 7
11 14 7
4 6 8
15 17 1
1 4 8
5 10 2
8 11 3
4 8 8
10 14 4
3 5 4
11 15 5
18 21 3
2 5 5
19 21 10
17 21 1
1 4 6
23 4 8
21 1 4
14 16 4
0 2 7
12 15 2
14 18 1
5 8 3
2 5 3
17 21 10
10 11 3
16 17 4
13 16 1
14 16 4
13 16 6
11 15 10
6 8 7
1 5 10
3 6 2
19 22 9
16 19 9
6 9 4
7 10 5
22 0 8
23 1 10
5 7 1
21 0 10
19 23 8
8 11 2
17 22 10
8 11 2
22 2 6
17 21 5
14 17 4
17 21 10
12 15 3
2 3 1
4 8 9
0 4 6
14 19 10
17 21 3
21 0 6
18 21 8
13 19 3
18 22 8
1 5 7
13 15 6
20 21 6
15 18 9
16 20 2
7 9 6
9 12 4
10 14 10
17 20 6
6 9 5
7 11 1
4 7 7
11 15 9
23 2 2
14 17 4
18 23 6
10 15 8
4 7 10
8 10 4
20 0 4
1 5 7
15 19 5
20 1 9
2 5 1
4 8 10
19 21 7
8 13 10
19 22 10
0 3 7
6 9 10
19 22 9
9 11 6
14 17 7
6 9 9
18 21 7
11 15 10
3 6 2
1 3 3
7 10 5
20 22 8
5 9 2
21 1 2
11 15 8
15 16 7
7 11 3
12 14 5
19 21 6
17 22 5
1 2 6
12 14 8
8 10 2
15 18 6
0 3 5
3 5 6
7 10 8
19 23 6
6 7 9
5 7 7
11 14 9
16 18 7
16 19 5
8 10 10
2 5 1
17 20 3
5 7 5
14 16 5
3 5 8
17 19 1
6 9 9
23 3 1
3 8 2
7 9 2
18 21 3
23 3 3
0 4 6
3 6 3
15 19 7
14 16 2
11 13 6
5 8 2
16 19 6
21 0 8
4 6 3
14 18 2
0 4 8
0 2 1
12 14 6
13 16 8
18 21 6
12 15 7
8 10 9
11 12 4
4 8 5
22 0 2
10 11 7
14 17 2
13 18 1
9 13 5
9 12 6
13 14 9
8 11 9
4 6 6
17 21 3
18 22 7
22 0 2
21 0 9
9 12 3
20 1 3
23 3 6
12 15 2
15 17 4
15 17 9
10 12 3
14 17 1
3 7 10
18 21 9
8 9 6
8 11 10
9 12 3
8 10 1
21 0 4
1 3 3
20 22 7
19 21 3
19 21 8
10 13 1
8 11 10
16 19 9
23 1 3
17 21 10
21 0 2
22 1 4
4 8 7
10 12 7
4 7 2
1 4 2
23 1 3
23 2 2
5 7 7
12 14 4
14 17 5
16 19 5
14 17 1
14 16 1
20 23 9
11 15 10
4 7 8
16 18 3
11 15 10
18 21 2
20 23 9
23 0 7
13 16 6
17 20 9
3 7 9
10 15 5
14 16 5
11 14 9
0 3 1
15 18 1
16 18 4
1 5 7
4 6 6
3 6 2
10 13 3
17 20 6
17 18 9
18 21 6
3 7 10
0 3 7
20 0 8
23 0 9
9 12 3
23 1 10
7 11 6
19 23 5
18 21 9
15 16 9
5 8 8
23 1 5
14 17 4
23 2 4
11 15 2
0 5 8
4 6 10
22 2 4
20 0 5
19 21 4
20 23 6
21 0 4
12 15 8
20 0 7
23 3 3
9 10 3
16 20 1
11 16 2
12 16 6
13 16 8
7 9 4
0 3 10
9 12 10
17 20 3
13 15 7
14 18 7
15 18 3
16 17 7
8 11 6
13 17 9
22 0 9
3 4 7
4 7 8
1 4 9
16 17 4
4 7 8
19 23 8
16 18 2
21 1 7
20 23 7
10 12 9
0 3 5
5 7 8
6 9 1
8 12 8
2 7 9
0 2 5
19 22 6
13 16 1
2 4 7
5 8 4
10 13 6
17 22 9
3 6 7
11 14 3
11 13 6
8 10 6
13 16 8
12 16 2
7 9 3
23 1 10
0 2 7
4 7 1
0 4 6
9 10 6
20 0 5
16 19 5
14 16 6
22 3 6
15 18 6
12 15 10
7 12 3
22 1 10
4 7 8
14 16 4
18 22 9
20 23 1
8 9 2
12 14 2
23 2 5
20 23 9
15 18 7
2 5 6
6 8 10
20 23 2
14 18 5
7 11 5
5 9 8
15 18 9
15 18 4
21 23 3
9 12 1
21 0 5
20 0 10
22 2 1
23 3 2
5 7 10
2 7 9
12 15 1
14 18 5
16 18 6
4 7 7
2 4 9
13 14 10
12 15 6
19 22 1
21 23 4
1 4 2
15 17 2
4 7 10
4 6 9
2 4 4
13 16 4
4 8 2
14 18 3
11 15 10
4 7 1
10 14 6
8 12 8
20 22 4
5 7 9
15 18 8
7 9 9
10 14 2
0 3 7
5 9 6
16 20 8
17 20 10
8 11 1
10 14 5
16 19 6
14 19 9
23 1 6
16 20 8
22 1 8
6 10 8
23 1 10
1 3 5
18 0 7
2 5 8
21 0 3
3 6 2
23 3 6
15 18 8
22 1 7
11 15 3
19 22 1
21 23 8
15 16 9
20 22 10
16 20 4
17 20 8
14 17 5
23 2 10
6 11 3
9 12 10
5 8 6
6 7 7
6 10 5
2 4 10
18 21 3
23 1 5
16 18 4
20 23 2
14 19 9
13 17 2
1 4 3
18 21 6
19 22 9
3 6 1
8 11 6
8 11 8
2 4 10
15 18 3
18 21 2
14 17 7
11 17 6
3 6 8
3 6 3
15 18 7
16 22 2
2 6 4
3 6 1
14 19 6
7 11 6
18 23 9
19 22 5
21 0 9
0 4 7
8 12 9
23 3 9
14 16 6
15 17 9
15 18 6
19 21 3
1 4 1
6 9 7
20 23 2
15 17 6
18 21 10
2 5 7
3 7 7
5 9 4
22 0 1
1 4 10
13 17 2
21 0 10
9 13 7
3 8 5
8 11 2
23 3 3
15 17 4
7 10 1
13 15 7
23 1 7
15 19 6
4 7 7
10 12 9
3 5 3
23 3 3
3 5 4
3 6 3
8 11 6
17 20 9
3 4 1
18 21 4
19 22 6
23 3 10
3 5 4
3 7 5
16 19 7
21 1 7
17 20 5
13 16 4
