1250 18
6 2 6 8 9 7 7 8 2 5 2 7 2 1 4 3 10 1 
12 14 11
9 11 12
10 12 6
22 1 3
3 6 2
4 7 15
11 15 8
8 11 6
7 10 4
8 11 4
22 1 8
0 2 13
0 2 9
3 5 3
17 19 18
16 20 6
7 10 8
12 15 10
7 11 3
18 20 4
7 9 18
0 2 8
13 17 3
2 5 9
18 21 12
2 2 1
1 4 16
5 7 16
11 13 2
6 8 11
1 4 13
1 3 8
17 20 3
21 22 17
5 8 18
15 18 1
8 12 7
17 21 12
18 19 8
2 4 14
17 19 13
14 17 13
6 8 5
16 20 3
16 18 16
22 2 13
4 5 1
22 0 15
0 3 11
1 4 8
10 12 18
1 4 6
6 7 14
18 22 10
17 21 4
13 14 15
2 4 8
5 8 9
16 19 10
21 1 12
13 15 9
5 8 12
10 12 14
14 18 8
1 3 15
7 9 15
17 20 10
7 9 5
14 19 14
14 17 5
0 2 9
12 16 15
5 7 13
9 13 16
21 3 13
13 15 15
5 9 15
7 10 14
4 7 13
2 5 3
14 17 13
1 5 5
17 21 12
22 2 16
19 22 12
16 20 3
19 22 6
9 10 15
23 2 18
13 15 18
8 11 5
8 13 18
22 0 7
7 11 7
1 4 13
14 17 2
14 16 12
16 17 7
0 3 7
7 10 9
15 19 12
19 22 12
19 22 2
0 5 13
17 19 13
14 17 6
3 6 10
9 11 12
3 8 14
18 20 13
8 12 13
5 6 4
8 9 6
13 16 13
12 16 13
10 13 13
6 11 4
10 12 15
10 11 8
17 20 18
16 18 7
16 19 13
10 13 2
20 0 13
3 6 10
15 17 17
5 6 8
13 15 16
7 10 2
8 13 7
2 5 4
3 5 7
4 7 4
21 1 13
7 11 11
11 13 5
16 17 6
4 6 7
8 11 6
11 14 18
19 20 16
14 17 5
21 1 8
8 12 14
18 19 16
14 16 8
2 5 5
6 9 15
13 16 5
20 22 14
21 0 15
16 21 14
1 6 9
21 23 7
5 9 10
23 3 5
14 16 2
16 19 7
20 23 12
3 6 13
22 1 18
5 8 8
23 2 9
2 5 17
6 8 18
18 20 8
19 22 9
8 11 7
10 12 5
5 6 3
21 22 3
10 13 15
6 9 10
23 3 10
7 10 17
22 0 7
7 10 18
14 16 7
5 8 16
2 5 6
15 20 8
1 4 10
18 20 9
2 5 16
4 7 6
22 0 15
1 4 5
5 7 16
16 19 2
19 22 2
14 17 8
10 14 3
21 1 17
20 0 7
23 1 5
16 20 11
9 13 16
17 20 15
12 13 17
1 4 16
18 21 3
16 21 8
10 12 13
6 7 3
14 17 13
5 9 5
2 7 14
1 4 11
0 2 8
8 11 2
23 2 10
2 5 5
8 12 12
13 18 11
15 16 3
6 10 8
5 5 9
5 8 13
14 17 18
9 12 10
23 2 9
18 20 18
22 1 9
20 0 10
23 1 13
3 6 1
2 6 8
21 23 6
17 19 14
9 13 14
21 0 8
3 6 11
5 9 9
0 2 13
7 11 11
1 4 4
17 17 12
10 14 8
23 2 18
0 5 5
1 3 3
23 1 4
19 23 17
5 7 5
16 19 15
6 8 14
14 16 4
9 12 15
10 13 10
10 12 6
16 20 13
5 7 18
12 14 7
20 23 13
19 21 1
4 8 11
4 7 12
0 3 4
16 19 10
4 8 2
13 14 10
8 11 13
9 13 10
4 7 6
21 1 4
10 14 17
2 4 10
3 8 2
18 21 15
11 12 6
11 15 1
12 14 13
9 13 14
14 20 2
17 22 12
14 17 7
16 18 2
17 22 5
2 4 4
13 14 14
6 11 6
18 22 18
17 20 12
12 14 8
18 21 11
8 10 2
21 23 16
14 17 13
13 16 16
3 5 6
6 9 14
22 0 6
10 12 12
18 22 7
3 6 10
14 17 18
4 7 1
23 2 2
10 14 15
17 19 14
5 8 5
23 2 8
0 2 8
1 3 15
23 3 4
7 10 18
19 21 14
16 18 1
1 5 13
0 3 3
7 11 10
5 8 13
22 23 7
13 16 6
21 1 6
3 5 9
23 3 15
12 16 14
21 22 14
22 0 5
20 23 3
22 1 2
14 17 14
23 3 4
14 19 13
17 17 8
11 15 11
9 9 16
17 19 3
14 17 15
14 16 5
19 21 11
21 0 12
19 21 2
21 0 5
15 18 18
14 18 8
6 9 13
7 10 4
4 8 1
0 3 15
0 4 5
19 22 10
23 3 4
5 9 18
23 3 18
9 11 2
1 2 8
3 5 2
3 7 3
16 20 4
2 7 12
21 0 5
2 4 18
2 6 12
9 12 12
15 19 18
22 3 10
8 12 18
9 12 13
3 6 17
13 18 15
17 23 18
22 1 17
20 22 3
8 11 4
21 23 15
12 15 4
14 16 11
22 1 10
21 23 12
21 1 12
2 5 12
20 23 13
5 8 10
1 3 16
15 18 6
2 6 3
5 8 4
16 20 8
0 1 12
16 20 15
8 11 18
0 0 14
14 17 11
14 15 15
22 2 13
20 1 18
11 15 2
0 3 12
3 6 6
17 19 8
10 13 9
21 0 9
6 8 4
15 18 3
5 9 5
14 18 10
2 5 14
7 11 16
8 11 11
10 13 10
18 21 1
11 14 16
14 16 11
16 19 16
19 20 7
20 23 17
15 16 2
16 20 9
2 6 8
2 4 3
16 19 11
13 16 12
20 22 16
14 18 5
7 9 10
14 16 11
20 22 6
6 9 4
18 22 7
10 14 17
3 4 8
3 6 1
15 18 10
15 18 6
2 6 13
14 18 5
16 19 11
17 21 10
7 10 6
8 12 1
14 17 8
2 5 3
17 20 6
4 8 17
14 18 12
12 14 4
14 16 9
23 2 10
7 11 13
20 0 5
4 5 3
22 1 12
5 6 18
11 13 5
22 1 13
18 22 17
22 1 8
3 7 4
3 7 7
23 3 5
4 7 15
17 20 1
7 9 14
15 16 10
2 5 1
16 18 3
20 22 16
23 3 2
23 2 4
8 11 17
16 21 1
16 19 15
10 12 16
0 6 4
20 22 15
3 6 1
18 20 11
13 15 4
16 19 9
16 18 1
10 14 12
12 16 18
17 20 14
22 2 17
17 21 17
18 19 18
1 5 10
23 2 4
13 15 5
17 21 8
19 21 11
14 18 14
12 14 8
18 23 7
23 2 7
8 12 17
14 18 11
20 0 18
23 2 4
12 15 1
5 9 13
18 21 15
8 10 12
11 14 8
15 17 11
19 22 4
15 18 7
0 3 14
10 11 3
3 7 18
1 3 13
2 5 4
13 15 10
4 6 3
17 19 2
8 11 8
20 22 18
19 22 11
16 19 17
20 22 17
22 1 3
10 13 14
19 22 11
17 19 11
20 22 6
3 7 10
18 23 10
4 6 13
17 20 14
18 20 2
13 16 4
23 1 13
4 7 4
9 12 14
7 10 3
16 19 14
3 4 15
21 0 16
16 17 12
4 8 17
1 4 5
2 5 10
10 15 16
0 4 18
8 10 9
13 15 4
18 21 17
2 4 17
9 13 18
22 0 12
13 17 18
17 19 14
10 14 8
6 10 12
8 11 17
3 7 12
18 19 3
15 17 4
8 13 1
23 2 5
11 14 8
4 7 16
22 1 18
6 10 17
18 21 17
5 7 12
12 17 6
2 5 12
4 7 13
7 10 8
0 3 5
5 6 3
17 22 15
18 19 3
13 17 11
5 8 12
20 23 7
8 11 2
12 15 9
13 17 12
21 23 5
22 2 7
8 11 5
14 16 16
3 6 10
11 16 10
5 10 3
1 5 10
14 16 11
16 21 8
10 12 17
4 5 1
4 7 18
0 3 8
2 6 14
20 23 12
7 10 13
5 9 18
23 2 4
3 8 2
8 9 3
9 13 4
16 21 12
19 22 3
12 14 14
2 5 2
7 9 18
5 8 15
14 17 11
3 3 2
13 15 7
15 19 12
23 1 16
18 20 5
9 13 16
4 5 17
5 7 12
23 1 11
13 15 13
22 0 1
13 15 18
5 8 2
3 5 2
12 15 8
14 16 1
20 23 16
5 6 6
21 1 18
9 13 9
10 14 3
0 4 7
16 19 18
0 3 9
22 23 3
22 1 17
12 16 5
23 2 8
18 21 7
22 1 2
23 3 4
0 3 3
14 17 4
20 0 9
3 6 17
20 1 17
4 5 3
10 13 11
5 8 3
20 23 12
0 3 17
15 17 5
6 7 10
16 19 15
18 19 14
6 9 7
7 10 6
12 16 5
8 12 17
17 20 16
20 23 11
16 19 2
17 20 14
14 17 18
15 18 14
4 8 16
15 19 7
8 12 13
20 23 17
8 12 8
3 4 8
8 11 14
16 19 15
13 16 1
18 21 1
1 5 16
17 19 12
1 4 9
9 11 2
16 20 10
23 2 12
8 11 17
3 5 17
13 17 14
1 5 3
8 12 15
6 10 9
7 11 7
15 18 7
1 5 13
14 17 5
18 20 12
11 16 9
20 1 7
17 20 12
2 4 3
20 23 16
4 8 2
9 12 2
23 1 7
9 12 3
13 17 2
15 17 14
17 20 2
10 11 4
12 15 2
6 9 5
10 12 9
6 10 14
21 1 9
2 5 13
17 20 8
6 9 17
13 15 11
16 18 10
10 12 7
7 10 6
6 10 15
6 8 2
22 2 17
5 9 11
21 23 12
11 15 1
21 1 4
2 4 15
4 8 1
13 15 1
3 5 6
22 2 4
20 23 15
8 12 10
5 7 10
12 14 5
19 22 14
13 18 1
0 5 9
3 4 5
14 17 1
3 5 4
7 9 15
20 0 2
20 0 11
4 6 10
5 8 18
3 7 13
20 22 17
11 13 6
14 17 18
3 4 10
20 23 4
13 16 5
21 23 16
6 10 7
15 17 14
9 12 4
4 8 6
4 7 5
5 8 16
15 18 14
5 8 10
5 7 13
21 1 16
21 1 13
1 5 5
19 22 9
22 1 18
22 2 8
2 6 10
14 16 3
3 7 7
11 15 13
3 6 11
16 21 9
4 7 17
15 18 7
9 12 18
8 12 16
7 10 11
0 2 17
17 22 17
3 7 7
13 14 9
18 22 12
23 2 15
20 23 11
9 10 1
20 23 5
12 17 11
5 8 4
6 9 13
21 0 8
1 4 3
22 23 16
23 2 3
6 11 16
20 1 7
20 1 13
7 9 10
7 10 14
2 4 4
5 9 5
21 0 15
12 15 3
9 13 6
1 3 15
14 18 8
11 15 7
12 15 16
21 1 11
2 4 13
17 19 6
16 19 6
22 1 4
11 16 11
16 19 6
6 8 4
18 21 18
13 15 1
9 11 9
4 7 17
12 15 17
21 0 14
5 9 13
6 10 5
14 17 17
0 3 3
12 15 14
14 16 1
17 19 14
23 2 4
22 2 6
22 2 18
11 14 4
3 7 12
15 20 17
22 1 16
15 19 10
12 16 2
14 17 7
17 19 6
8 11 2
7 9 13
14 17 3
9 11 13
3 6 12
17 18 14
18 21 12
15 18 12
9 13 8
3 7 9
19 22 3
18 20 7
10 13 5
15 19 3
14 19 3
23 2 2
14 17 12
14 18 12
5 9 14
8 10 17
6 9 11
4 7 18
12 16 17
16 18 3
8 12 18
5 8 11
12 14 11
18 20 14
1 3 13
5 8 3
14 19 4
6 10 8
15 18 16
6 10 5
6 11 9
13 16 5
11 13 8
6 8 16
5 7 4
0 3 8
21 23 6
19 23 11
7 11 6
16 19 13
0 3 13
17 21 13
9 13 11
23 2 13
8 12 1
0 4 13
10 13 15
18 21 4
12 15 2
14 17 8
16 21 12
13 14 7
20 23 9
0 1 4
16 19 14
9 12 1
5 8 15
20 0 18
13 16 12
16 20 13
6 8 8
7 10 5
11 12 4
1 6 17
20 1 4
0 2 7
21 0 17
0 3 8
9 12 11
7 11 16
18 21 17
20 22 5
16 18 12
0 3 5
14 17 14
20 23 8
7 9 4
7 9 14
23 1 7
1 3 5
21 0 8
14 18 12
3 6 6
15 19 8
16 19 18
11 14 3
5 8 16
23 1 12
6 8 18
12 15 10
0 3 14
22 0 18
9 12 11
17 21 11
18 22 14
5 6 13
0 2 2
23 2 6
16 20 1
4 6 15
0 1 14
1 3 18
12 16 9
11 15 8
9 11 3
6 8 8
4 7 16
16 17 9
14 16 11
11 12 18
11 15 2
16 17 9
8 11 11
2 7 18
15 18 4
13 17 9
10 11 10
21 0 17
18 21 5
10 14 2
5 8 15
7 11 6
9 13 1
11 13 3
20 1 15
17 20 7
2 5 7
2 3 18
18 22 6
0 1 12
2 6 3
11 14 8
6 7 4
13 16 1
3 7 15
12 15 17
23 2 9
10 13 9
10 15 15
7 9 9
18 19 11
3 7 12
4 8 11
7 10 14
18 20 16
23 2 13
20 23 17
14 18 2
19 1 1
9 10 10
2 4 11
0 3 3
17 20 3
13 15 11
20 0 4
14 18 16
4 7 6
0 5 10
12 14 8
8 13 11
22 0 3
20 22 10
22 1 4
13 15 4
2 3 13
15 16 6
14 17 6
17 20 4
15 18 11
6 10 7
13 15 4
4 7 2
8 10 1
2 6 18
15 16 12
5 9 13
18 20 13
13 15 18
7 11 14
12 17 2
17 21 8
20 23 3
20 0 14
16 19 10
19 22 18
1 5 9
11 14 11
14 19 3
20 22 8
21 1 5
17 19 3
22 2 14
3 6 18
19 23 8
18 21 6
10 14 12
7 10 11
5 6 5
0 3 4
0 4 3
7 10 5
19 23 16
8 9 16
12 16 17
23 2 13
19 23 11
2 3 7
9 12 11
4 7 9
4 7 2
12 15 1
11 14 8
22 3 17
9 12 11
1 4 4
17 19 2
4 7 11
20 2 14
0 2 11
16 18 13
22 2 2
19 22 5
9 10 9
19 22 12
11 14 7
12 15 16
20 23 18
1 4 6
15 19 5
18 21 11
14 17 10
21 1 11
9 11 14
3 7 16
18 20 16
11 13 4
1 5 2
9 12 13
10 11 15
19 22 3
11 13 6
21 1 6
12 16 11
12 16 9
4 7 17
4 6 9
11 15 8
18 21 10
7 10 11
4 5 6
11 15 15
2 5 15
3 5 18
16 16 3
12 14 12
14 18 11
7 9 13
21 0 11
23 2 16
8 12 16
23 2 11
12 15 9
17 19 15
3 5 5
12 13 17
8 12 12
17 20 17
21 1 6
9 13 11
7 12 15
5 9 3
14 17 14
20 23 13
14 17 13
13 15 9
5 8 14
21 23 3
12 15 16
22 0 8
18 20 3
20 22 3
18 23 15
9 12 16
8 9 5
8 11 10
13 16 10
9 13 9
22 0 10
21 23 8
1 4 3
1 2 1
9 11 13
0 3 17
12 15 5
1 5 2
1 4 3
19 22 4
5 8 12
23 2 4
4 7 7
15 18 3
13 15 1
0 5 7
22 2 7
22 2 17
6 8 3
5 6 16
6 10 18
15 19 17
18 20 6
21 22 5
2 3 7
10 15 13
21 0 18
5 8 12
21 23 5
17 21 4
21 23 17
5 8 3
21 21 18
17 21 11
6 9 12
17 20 8
22 3 18
17 22 12
5 6 13
4 7 2
15 17 10
17 21 10
20 2 15
23 3 11
23 4 4
22 0 12
3 6 7
17 20 18
22 1 7
21 0 2
1 4 9
14 17 9
3 5 6
23 2 15
20 22 6
20 23 10
18 21 13
21 2 14
3 6 15
5 9 16
8 10 18
17 21 12
2 5 18
22 2 11
2 6 14
1 4 12
21 0 3
22 2 18
16 20 13
16 18 6
16 19 17
12 15 4
16 18 10
20 0 11
20 23 17
6 9 8
17 20 17
3 6 9
10 13 1
6 9 4
13 15 1
10 13 14
10 12 13
16 18 18
10 12 10
8 10 10
0 1 8
8 13 15
1 6 6
7 10 13
19 21 4
20 23 9
2 4 6
14 18 8
17 21 14
22 2 17
5 9 7
6 7 8
18 21 13
16 18 8
22 2 1
12 16 18
15 19 7
6 10 3
18 21 11
5 9 6
6 9 4
17 21 12
23 2 14
5 7 1
23 3 13
3 5 18
23 2 17
18 21 2
19 22 5
8 11 9
2 7 1
23 2 11
23 1 1
5 8 15
15 18 14
1 5 4
7 9 18
14 18 3
23 2 11
16 18 12
23 2 7
9 13 12
