450 12
5 9 2 10 3 7 9 2 2 1 2 9 
4 6 1
6 10 2
12 14 1
12 15 11
19 22 11
13 16 5
13 16 6
3 4 5
1 3 9
21 0 2
13 16 3
6 8 10
20 21 8
15 18 12
16 19 12
17 21 6
7 11 2
18 20 12
1 4 10
20 23 6
1 6 2
10 12 6
17 20 2
10 14 4
18 21 4
19 0 9
5 8 6
5 8 6
1 6 2
1 4 12
20 0 11
5 10 4
19 21 10
0 3 5
23 2 5
18 21 8
16 19 4
17 21 6
21 1 2
21 1 12
9 14 7
15 17 11
6 8 11
16 19 11
20 23 8
23 3 12
9 12 8
23 3 3
3 4 5
8 12 11
19 22 10
7 10 1
17 21 1
14 17 1
21 0 10
11 13 1
7 11 2
5 7 7
10 12 11
21 23 3
23 3 8
19 22 8
7 10 3
2 3 12
15 17 8
0 2 11
0 2 6
4 8 5
6 10 9
23 3 3
21 1 12
1 5 12
20 22 6
3 5 7
1 4 3
19 23 3
16 18 5
2 7 11
13 15 9
22 1 10
21 2 5
3 7 9
1 5 8
12 14 3
1 2 10
0 4 6
15 19 10
19 22 3
4 7 10
9 10 10
5 7 2
8 12 6
21 1 8
21 23 9
17 20 8
5 7 9
5 9 12
11 14 11
14 17 4
15 18 7
8 11 6
10 14 9
16 17 9
4 8 12
23 2 12
19 21 3
5 9 11
18 21 9
5 10 12
11 13 9
1 2 1
7 11 1
18 21 11
14 16 10
10 12 6
2 5 3
19 22 12
1 5 2
0 2 8
6 9 5
5 7 9
4 8 9
0 2 11
22 0 10
23 2 4
9 13 9
18 20 8
6 10 5
10 13 5
7 10 10
23 2 5
22 1 9
4 5 7
20 0 11
10 13 1
14 17 4
19 22 10
5 10 11
13 15 11
0 2 4
21 2 7
2 4 11
15 18 5
18 22 10
8 10 3
1 4 6
3 6 6
21 23 5
22 23 5
7 12 3
2 4 1
7 10 8
6 8 8
11 14 3
21 0 3
16 19 12
18 22 4
11 15 10
17 21 12
22 1 11
16 20 8
2 5 8
12 15 1
20 22 11
8 11 5
7 10 12
6 9 6
4 6 1
18 20 8
19 20 5
21 1 8
11 14 5
19 21 12
14 16 5
4 6 4
13 17 12
2 4 9
5 7 8
16 17 2
10 13 11
0 2 2
2 5 10
7 10 3
18 22 2
5 8 3
22 2 11
12 15 11
13 17 5
22 23 8
13 16 5
7 10 2
12 14 2
22 1 9
6 8 3
3 7 9
23 2 9
13 15 7
10 10 12
8 10 7
7 10 8
19 23 9
7 9 9
7 12 8
7 10 4
18 22 1
13 15 11
2 4 2
22 1 7
3 6 8
6 9 12
15 19 10
21 0 2
9 12 3
6 9 12
10 13 7
5 7 10
9 12 11
2 7 4
11 13 11
16 20 12
1 4 8
14 17 4
16 19 10
13 16 11
17 20 11
11 13 9
21 0 6
14 16 6
8 12 4
2 4 11
1 5 8
20 0 10
21 23 2
19 22 8
2 6 7
12 16 6
3 5 2
7 11 5
8 11 10
11 14 12
20 22 12
15 18 7
9 10 4
18 22 8
13 15 4
4 9 2
4 7 10
15 18 4
15 19 2
8 11 10
6 9 4
19 21 7
5 10 1
17 22 10
1 5 5
19 21 2
17 21 10
13 18 2
12 16 4
3 8 10
19 20 2
16 21 5
15 17 10
10 10 1
13 16 2
15 18 2
10 13 1
10 13 12
1 5 10
23 1 6
17 21 10
8 12 7
11 14 11
23 2 8
0 1 8
10 12 4
5 8 12
22 1 5
14 17 6
19 22 7
19 22 4
14 17 8
7 10 8
12 15 8
23 3 3
12 15 8
4 7 12
19 0 10
12 17 9
19 23 2
1 4 10
16 20 4
22 22 5
20 23 6
11 14 10
23 3 11
0 4 7
3 6 5
10 13 4
6 8 2
7 12 2
9 11 2
13 16 1
12 15 9
6 9 4
13 16 11
17 21 5
7 9 6
12 15 6
10 13 6
13 16 7
21 1 3
16 19 8
21 0 10
16 21 12
10 12 6
15 18 2
2 4 1
23 3 10
11 14 9
18 21 5
21 0 11
12 14 5
0 0 2
23 0 2
18 20 11
10 14 11
23 2 10
6 10 5
9 12 8
3 5 5
1 3 2
0 2 1
8 9 6
22 0 2
18 23 11
0 4 7
2 5 6
21 23 7
20 23 5
11 14 10
1 3 11
5 7 6
21 0 6
3 6 5
14 15 2
9 11 2
16 19 4
12 17 8
12 13 10
23 1 2
1 3 9
18 20 11
2 3 1
15 19 1
12 15 10
22 0 2
8 11 6
17 20 2
3 7 11
19 0 11
9 11 9
11 13 9
21 0 7
18 20 1
18 19 6
9 12 3
20 22 5
22 1 6
17 20 3
9 11 1
3 4 10
15 18 6
3 7 4
19 23 8
17 20 2
15 19 11
5 7 4
7 9 5
21 1 3
8 10 9
14 15 8
11 14 11
0 4 10
20 23 3
2 5 12
3 7 9
5 8 11
15 19 2
15 18 11
2 5 9
10 15 4
9 12 7
10 12 6
21 23 9
1 4 10
1 4 3
2 5 4
9 12 1
1 5 1
4 6 11
20 22 7
16 20 6
1 3 4
17 21 10
1 3 12
22 0 11
16 19 3
15 17 12
3 6 5
2 6 4
9 13 1
21 0 7
16 20 11
10 14 5
9 11 9
22 3 2
23 3 10
5 9 11
22 2 5
9 12 3
20 23 1
1 3 2
4 7 1
17 21 1
5 8 10
15 20 12
23 3 11
13 15 3
6 11 6
4 7 11
1 5 11
9 12 6
13 16 8
7 11 2
11 14 5
15 19 6
23 2 5
9 12 3
14 17 7
9 13 12
12 15 11
3 6 3
19 21 5
3 6 1
22 1 7
6 8 12
19 21 12
18 21 9
3 5 3
