1450 11
6 4 1 7 10 2 1 7 4 7 2 
16 21 9
10 12 7
18 22 6
12 16 2
17 19 1
12 12 8
9 12 7
7 9 7
7 10 2
4 5 9
20 23 9
20 0 9
19 22 9
6 11 8
0 3 4
20 0 3
14 17 11
15 17 6
13 15 9
2 4 7
1 4 10
20 23 5
7 11 6
22 0 11
6 8 3
11 14 10
20 22 1
9 12 8
10 12 1
3 6 8
3 5 8
7 10 11
17 20 11
10 13 7
11 12 9
5 7 6
6 10 1
19 21 2
17 21 5
13 15 2
16 21 5
16 18 4
7 10 2
1 2 9
2 5 4
4 6 1
0 3 4
5 7 7
23 2 1
1 3 4
1 4 4
14 17 1
6 8 1
10 15 4
2 7 4
0 2 8
5 9 5
23 1 2
7 9 11
22 22 5
15 18 2
12 14 2
0 3 4
8 13 9
12 17 2
13 15 9
16 18 9
2 4 2
4 8 9
20 23 10
20 23 4
13 16 9
5 6 7
12 14 4
10 14 7
21 0 4
7 10 5
13 16 5
3 7 7
9 11 1
16 17 3
20 23 6
12 16 8
3 7 2
1 4 3
0 3 8
14 18 5
7 9 7
7 10 7
6 10 2
20 21 1
5 8 6
21 23 7
13 17 4
7 9 2
10 14 2
0 2 2
7 10 4
18 0 1
4 9 9
14 16 2
6 10 4
9 12 10
20 23 5
4 7 4
19 20 2
7 7 4
22 1 11
15 16 3
4 7 9
0 4 9
3 6 5
15 19 1
7 11 2
0 4 9
17 21 10
20 0 1
0 3 1
10 13 4
22 2 8
13 17 9
6 8 6
17 21 4
20 0 7
6 8 5
11 14 2
4 6 7
0 1 3
16 20 5
19 23 4
0 2 5
11 14 8
14 17 1
23 0 10
14 17 10
22 2 2
9 12 3
4 8 9
15 18 2
13 18 3
2 6 9
19 23 4
20 23 2
13 14 5
10 13 5
16 19 4
11 12 3
22 0 5
18 20 8
17 21 7
16 19 4
7 10 2
0 3 5
11 13 9
22 0 6
13 17 9
0 4 1
20 23 3
6 10 2
0 3 4
5 9 2
22 1 9
4 6 3
7 9 6
16 20 9
7 9 8
17 18 5
16 18 2
6 8 3
13 17 9
11 15 6
12 15 5
21 0 5
1 3 8
17 20 11
22 3 5
3 6 1
3 7 9
7 10 7
19 0 1
22 1 1
17 20 3
10 13 7
4 5 2
3 7 7
23 1 10
2 5 10
9 13 9
6 10 7
3 6 4
12 16 7
19 22 7
2 6 3
12 16 9
9 13 11
4 6 5
2 6 11
7 9 7
20 0 9
2 6 1
18 22 2
23 2 8
8 10 11
23 1 4
5 7 9
16 19 8
5 7 11
17 21 10
5 9 9
13 15 7
21 23 7
8 10 2
3 6 9
4 8 5
5 8 11
13 15 2
7 10 3
8 11 2
11 15 3
6 9 7
18 21 10
4 7 3
23 1 9
19 23 9
9 14 8
15 18 1
15 18 2
19 23 8
21 2 9
9 14 7
21 23 7
11 14 4
7 9 9
16 19 7
17 19 4
23 1 4
18 22 2
23 2 1
14 17 11
11 15 10
0 2 7
7 11 2
1 2 7
12 15 8
14 17 6
22 2 9
7 10 2
17 21 7
0 4 1
4 7 7
8 13 2
15 18 1
13 18 11
7 10 9
3 5 11
1 4 1
4 6 5
21 23 6
7 10 8
4 6 4
13 16 9
3 6 9
10 12 5
7 10 11
14 15 10
13 15 1
19 0 9
0 5 1
22 23 4
11 14 8
4 7 9
15 18 4
1 3 9
17 20 1
1 7 4
1 6 7
22 2 1
19 20 9
12 15 5
12 14 2
16 19 6
0 1 11
3 6 8
19 22 3
9 12 6
8 13 6
18 20 11
5 8 4
16 20 5
15 14 10
23 0 11
15 18 5
10 14 8
1 4 2
3 5 7
16 21 11
20 23 2
13 17 6
6 10 11
19 23 8
1 3 6
19 22 2
17 19 4
2 5 5
2 6 6
14 16 7
4 5 9
9 12 2
3 4 7
0 3 11
8 11 3
8 12 8
0 4 6
8 10 9
12 17 6
11 14 2
1 4 3
9 13 11
7 11 8
5 8 10
2 4 1
15 17 7
10 12 1
21 0 5
23 1 10
14 17 8
14 17 3
15 17 6
15 18 10
6 9 1
14 19 5
3 7 7
19 20 11
15 18 3
13 16 9
12 17 3
17 20 2
13 16 10
8 9 10
18 21 1
1 4 1
7 11 10
17 20 3
12 17 7
1 5 4
11 13 1
4 8 6
18 20 9
9 12 11
22 1 8
2 5 3
15 19 1
19 23 8
0 3 8
21 3 9
4 8 9
8 9 8
13 18 6
3 7 11
6 8 3
16 20 6
15 17 8
1 4 1
0 2 5
4 5 11
14 16 5
5 8 1
14 17 9
14 16 2
17 19 5
11 13 2
1 3 2
22 0 10
22 0 5
9 12 1
17 20 3
3 7 1
8 11 10
19 23 4
11 16 11
23 4 10
5 8 5
9 12 9
5 8 1
1 5 11
1 4 3
5 6 3
13 17 10
2 6 11
1 4 8
13 16 11
8 11 3
19 22 4
18 22 10
0 3 6
21 0 7
7 9 6
4 6 11
2 5 7
23 1 6
11 14 1
22 0 1
11 16 8
10 14 3
23 1 9
20 0 11
21 0 8
21 0 5
1 3 7
1 2 4
5 8 2
23 1 5
12 15 8
12 16 1
11 13 9
13 15 5
8 11 6
7 12 10
17 20 4
15 18 8
8 11 4
18 20 4
17 18 8
1 4 6
14 15 11
23 3 3
23 3 10
18 22 7
9 12 6
11 14 10
10 12 6
5 7 10
13 16 9
7 9 4
13 17 11
2 3 10
22 0 2
10 12 4
6 9 3
8 10 1
3 7 9
2 6 3
18 20 3
5 8 1
17 20 2
19 23 4
3 7 10
21 0 8
11 14 6
14 16 5
9 11 1
9 12 8
14 17 4
12 14 7
5 7 5
13 16 10
3 6 5
22 2 11
14 18 5
11 13 3
19 23 11
8 11 6
21 1 3
5 8 2
13 16 5
15 19 2
0 4 4
22 2 9
11 15 5
0 3 7
9 11 3
10 14 3
12 16 6
7 12 10
23 2 11
1 5 2
14 15 11
14 16 6
12 14 9
23 2 4
4 9 8
0 2 6
14 18 4
14 18 9
10 14 6
13 16 11
5 9 3
3 6 10
17 21 11
9 13 8
11 14 3
3 7 2
21 0 8
7 9 10
1 3 6
18 20 11
10 13 6
9 13 4
13 16 6
0 4 8
11 14 5
1 5 5
18 23 9
13 16 5
2 6 6
7 12 6
1 3 10
9 11 3
0 5 2
7 9 8
9 13 5
8 11 5
0 2 8
22 0 7
3 5 10
0 5 6
10 12 8
5 6 6
14 18 4
18 22 1
0 3 9
8 12 5
3 8 2
22 23 6
17 20 6
2 5 9
22 1 8
15 18 1
12 14 4
16 20 1
21 23 9
21 1 2
21 0 1
14 17 3
18 22 8
15 18 8
3 8 2
7 11 7
11 14 5
16 19 9
6 8 9
21 23 2
7 9 3
10 13 4
21 0 10
20 22 1
21 2 9
0 4 9
0 3 9
6 9 3
23 3 10
22 0 6
21 23 11
7 9 9
19 22 6
14 17 9
6 10 11
22 1 11
11 14 11
20 23 4
2 4 11
9 12 9
15 18 9
8 10 10
9 13 2
20 23 2
18 21 11
4 9 2
16 20 11
12 14 6
0 4 7
4 8 9
12 16 8
6 11 8
10 13 8
16 19 10
10 11 1
16 19 7
4 6 1
17 20 1
9 11 4
20 23 11
13 17 5
20 23 3
2 5 4
0 3 11
15 17 3
4 7 1
8 12 4
18 22 5
12 15 10
10 13 6
4 8 1
9 11 7
8 11 10
8 10 5
10 13 5
12 14 8
12 15 2
2 5 9
14 15 1
22 23 3
1 5 4
15 17 6
7 9 5
6 8 6
19 21 5
19 22 4
7 10 2
20 23 11
3 4 8
6 9 3
2 7 11
3 7 11
22 1 9
14 18 10
0 0 6
6 10 7
20 23 6
20 22 10
16 19 6
20 23 6
9 13 4
7 11 7
12 14 11
17 19 4
0 3 9
16 18 5
3 5 10
20 23 5
19 21 11
4 7 6
11 13 11
3 7 6
11 14 4
11 15 7
17 19 3
6 10 8
3 6 11
15 19 9
17 19 6
13 17 8
4 7 3
19 22 6
20 23 10
8 11 7
12 14 7
3 4 9
3 5 9
23 4 9
4 7 8
17 22 4
8 13 3
2 3 7
23 1 5
1 4 6
9 12 6
2 5 2
17 19 4
9 12 4
13 16 8
15 19 8
6 9 6
11 14 6
2 6 7
7 10 1
3 6 10
16 19 8
5 8 11
21 1 4
4 8 2
7 10 2
22 0 2
9 12 8
12 14 8
16 21 1
19 23 1
11 14 4
1 5 10
11 14 6
3 5 5
7 10 9
6 9 5
2 4 5
13 17 6
12 14 10
3 4 3
9 11 6
6 8 6
14 15 5
14 16 5
7 10 6
2 5 5
9 12 6
9 12 6
22 0 1
19 22 9
7 11 2
20 22 11
20 1 11
13 17 10
19 22 11
3 6 9
1 3 2
21 0 10
22 2 4
7 10 2
3 7 3
11 12 5
12 15 5
1 3 7
6 9 4
13 16 11
0 3 6
19 23 4
10 13 2
20 22 10
16 19 4
20 23 9
3 6 1
19 23 6
6 11 1
11 14 6
18 19 1
8 12 1
21 0 5
15 18 5
17 21 2
1 4 1
13 14 11
3 4 7
5 8 2
18 21 11
11 14 10
20 23 4
10 15 8
12 16 8
23 3 4
1 6 10
6 8 3
8 12 5
2 4 9
15 17 8
14 16 10
20 22 7
20 23 10
6 8 7
7 11 2
9 12 8
2 3 9
6 11 1
0 3 11
15 18 10
18 19 3
3 6 8
5 8 9
6 8 2
6 11 6
12 14 4
20 1 5
0 4 6
20 22 9
1 3 6
0 3 1
19 22 9
12 16 11
15 20 6
7 11 4
20 23 10
4 6 10
3 7 1
20 23 4
10 14 4
10 12 6
16 18 5
6 10 1
3 6 9
6 10 2
3 5 1
13 16 1
23 1 9
23 1 4
2 5 4
17 20 9
15 19 6
16 17 7
8 11 3
16 19 9
12 16 7
9 12 9
8 10 1
5 8 11
21 0 11
15 17 8
13 17 11
2 5 6
9 12 8
20 0 10
17 19 4
3 3 1
16 20 4
5 9 10
21 1 8
5 6 1
19 21 3
0 5 5
18 20 4
16 19 8
5 9 8
21 23 2
19 22 3
5 8 8
20 0 5
4 7 3
11 15 8
23 2 7
10 17 8
19 22 6
7 10 6
16 19 6
20 0 8
18 20 7
17 21 4
13 17 4
2 6 8
4 8 6
18 22 10
5 9 4
6 8 5
18 21 2
20 23 8
10 13 9
12 15 7
4 6 3
18 21 2
5 8 1
13 14 3
1 3 11
4 7 2
7 11 1
3 4 2
16 18 9
20 22 3
6 9 6
21 0 2
6 9 6
22 0 4
6 9 2
5 7 5
17 19 8
19 22 2
1 5 2
4 6 5
1 4 9
23 1 4
9 11 2
15 18 7
22 2 2
1 2 1
8 12 7
5 9 5
11 13 1
17 19 4
12 15 4
15 18 10
0 3 9
20 23 10
0 3 6
1 4 6
9 12 7
5 9 1
16 18 7
11 13 8
5 8 5
17 21 10
21 0 3
1 4 9
1 4 1
15 16 7
5 10 3
19 23 2
3 7 3
20 23 3
6 10 6
0 2 7
12 15 8
11 15 10
5 9 10
22 1 3
22 1 3
15 18 10
4 8 9
4 8 6
16 19 4
6 8 2
20 22 5
0 3 6
15 18 1
5 7 7
12 15 5
8 11 2
23 2 8
9 12 3
18 22 4
16 17 5
20 23 4
3 8 6
9 12 4
2 6 9
13 17 6
4 7 9
0 3 8
23 2 4
23 2 5
16 17 1
9 12 10
5 8 8
19 23 9
19 22 5
23 3 7
11 14 1
0 0 1
13 16 7
6 10 9
22 0 2
5 8 11
9 13 3
7 9 11
7 9 7
17 20 2
10 15 1
14 17 9
13 17 7
14 16 6
18 22 6
19 23 5
14 18 9
7 9 6
16 18 7
11 13 1
6 10 4
9 13 6
22 23 6
0 3 1
8 13 1
12 14 10
14 16 8
0 3 9
2 6 6
16 21 6
10 14 10
12 15 8
16 19 2
1 4 7
16 20 3
2 4 11
14 18 6
0 3 8
9 14 11
5 8 7
3 7 1
14 16 6
12 16 1
20 23 11
16 20 10
5 8 7
5 8 1
12 16 8
18 21 4
7 10 7
6 9 10
21 1 9
5 9 5
13 16 1
1 4 9
0 2 5
11 14 5
19 22 8
15 18 6
20 0 9
15 18 8
5 7 2
9 12 4
23 3 4
10 13 2
10 14 6
10 14 1
8 11 5
23 3 3
4 6 10
1 5 11
12 15 5
6 9 7
18 21 6
10 12 1
18 21 3
15 19 4
0 5 8
10 14 1
10 10 7
1 2 7
15 18 11
11 14 3
20 23 6
21 0 5
11 15 3
3 6 10
23 1 3
20 23 5
23 2 2
18 20 3
14 17 10
7 11 3
1 4 5
4 7 4
4 7 7
4 6 10
2 4 2
19 0 9
11 14 1
14 16 4
3 6 9
16 19 11
17 20 10
23 2 4
7 10 4
10 12 2
21 1 7
18 23 4
15 17 4
0 4 8
12 15 3
7 10 4
22 1 5
7 11 6
10 13 4
11 14 9
9 12 6
0 2 3
22 2 2
20 2 1
11 15 10
15 18 9
3 7 5
9 12 7
22 0 9
20 22 8
13 18 6
4 8 2
0 2 10
7 10 7
12 16 9
20 0 5
2 4 4
18 22 11
16 19 4
23 2 11
20 0 7
16 19 8
21 2 11
11 14 5
14 17 4
5 10 7
12 17 3
16 21 11
6 9 1
21 22 7
4 8 1
10 12 2
19 23 8
8 12 3
15 19 6
5 8 1
20 1 4
18 20 3
5 7 1
13 15 7
16 19 8
4 6 2
12 13 9
11 15 7
20 22 7
7 10 10
11 13 2
16 18 10
6 9 9
19 20 11
16 18 3
3 5 6
22 2 11
8 11 8
17 21 8
17 20 3
4 7 5
21 1 9
22 1 1
19 21 1
6 10 7
11 15 7
21 1 1
13 18 4
20 0 9
7 10 6
8 10 5
18 21 3
20 23 6
19 22 3
17 20 1
10 13 8
4 7 10
7 10 11
2 6 10
23 2 11
2 4 10
7 11 7
16 20 8
1 3 6
7 10 3
3 6 6
11 14 8
15 19 10
7 10 2
8 11 3
14 17 7
5 8 5
3 5 4
10 13 5
17 21 4
13 15 1
15 19 7
5 8 2
10 14 6
19 22 4
0 3 5
0 5 5
2 7 4
17 19 3
3 6 6
2 5 11
1 4 7
5 10 8
2 4 9
19 22 11
22 1 4
2 7 10
2 6 8
23 2 7
10 13 9
6 10 9
2 7 1
23 2 1
8 12 1
16 19 11
17 20 9
5 6 10
18 21 11
16 19 6
21 0 5
17 21 10
21 0 3
3 6 1
8 10 2
22 1 10
5 8 4
18 20 11
23 2 1
16 18 7
19 20 8
23 2 5
19 22 9
5 7 6
0 3 10
13 17 7
8 10 7
7 9 9
18 21 10
9 12 2
1 6 6
20 22 5
3 5 11
10 12 2
12 16 10
12 14 5
8 12 5
17 20 11
23 2 5
5 5 3
3 4 1
18 22 11
21 0 11
23 2 9
19 21 6
2 5 8
3 6 11
11 15 11
22 0 2
20 23 5
0 1 2
19 22 7
16 19 4
10 13 9
0 2 4
12 13 4
11 13 2
15 19 4
21 23 9
23 1 11
16 19 2
20 23 4
1 5 6
7 10 11
14 17 11
7 12 7
16 19 6
22 1 9
3 9 10
23 2 4
5 8 9
17 19 6
18 20 2
10 14 4
14 18 10
22 0 11
5 7 9
12 15 5
7 10 1
20 22 4
13 14 2
12 17 3
12 15 7
21 1 4
23 3 3
13 15 7
2 4 2
11 13 2
20 23 8
12 17 5
3 6 3
18 18 8
15 18 11
11 13 6
19 22 4
23 2 3
23 2 4
1 3 2
1 4 9
7 11 2
22 1 8
18 20 5
23 1 11
19 22 5
23 2 6
18 21 2
13 15 9
23 2 6
7 10 10
2 4 7
4 6 11
19 23 6
15 18 6
16 19 7
3 7 3
14 17 6
21 0 6
20 0 5
8 12 4
7 9 8
4 7 9
4 7 5
17 18 11
16 21 3
19 22 8
20 1 1
0 1 8
21 0 11
9 10 4
8 12 11
10 13 5
14 15 11
13 16 10
4 6 10
2 5 5
8 12 7
19 22 5
23 2 4
12 16 6
21 1 1
21 0 8
22 3 2
8 11 7
8 12 8
20 23 2
16 18 5
18 22 7
5 9 6
8 11 11
0 4 5
11 15 11
20 0 11
18 22 9
7 10 8
9 12 8
5 9 4
23 1 7
10 13 5
22 1 9
7 11 7
19 22 6
9 11 2
22 4 1
20 23 7
20 23 1
22 1 4
1 5 2
19 23 3
0 3 10
12 15 8
15 19 1
13 18 6
13 16 7
4 7 7
17 18 4
1 4 9
20 23 5
5 7 5
16 20 2
10 14 2
9 13 8
21 0 9
4 7 9
22 1 4
7 11 5
3 7 10
15 19 6
16 18 5
18 22 8
11 15 5
20 23 11
12 16 5
23 2 11
2 6 9
12 16 11
12 15 3
2 5 11
12 15 11
12 15 4
12 15 3
2 6 6
3 4 11
15 18 1
7 12 2
12 13 1
11 12 1
22 1 1
3 6 6
21 0 8
14 18 3
1 3 6
18 21 11
20 23 10
6 9 4
2 4 10
9 14 3
9 12 4
20 22 1
12 14 5
11 14 10
18 0 4
16 19 1
7 11 10
21 0 7
7 9 10
11 13 8
20 23 3
19 0 10
22 1 6
6 6 7
7 9 11
11 15 2
14 19 9
23 2 9
5 8 9
0 3 6
20 0 8
12 17 2
7 9 3
7 10 2
9 10 2
21 23 7
22 0 3
20 22 5
1 5 5
3 7 7
0 4 4
11 13 4
3 7 8
13 15 4
10 13 7
20 22 3
18 20 1
5 9 7
8 12 11
20 23 7
21 23 3
20 23 8
12 14 5
22 0 7
18 21 1
14 17 10
12 15 8
9 13 4
14 18 6
7 11 11
21 1 11
8 13 3
23 2 4
18 21 1
1 4 11
11 14 9
21 22 6
20 22 4
0 3 11
5 8 4
9 12 2
11 13 3
3 7 4
23 0 3
12 15 4
22 2 2
12 16 6
23 2 5
12 14 11
13 15 3
17 20 8
19 21 7
14 17 1
0 3 8
2 5 6
15 19 2
1 5 11
14 18 4
20 22 11
14 17 2
17 20 8
0 5 2
10 14 11
15 19 6
4 7 3
8 10 9
22 0 2
