850 13
7 1 10 2 4 3 8 2 9 7 6 2 3 
13 15 8
21 23 8
11 15 7
8 10 6
20 22 7
15 17 1
5 8 6
11 13 10
23 2 8
17 20 1
1 4 13
19 23 7
21 0 4
20 23 1
3 4 13
8 11 11
20 0 11
8 12 3
16 20 11
14 17 13
10 11 9
11 15 6
18 19 6
5 7 5
7 10 9
10 13 7
15 18 3
9 13 9
9 13 7
9 12 9
20 23 3
11 12 1
0 3 6
7 10 2
19 0 7
5 9 4
21 23 13
9 13 1
2 5 10
7 9 11
22 23 4
21 2 9
5 9 12
7 12 11
22 0 8
1 5 4
5 9 3
16 19 3
15 16 4
9 11 10
9 13 13
23 4 11
20 0 3
23 3 9
15 18 1
11 14 8
3 6 12
21 1 12
21 0 5
4 8 12
22 0 7
23 1 10
4 7 8
14 17 4
1 2 7
0 2 11
17 20 10
2 5 5
18 20 12
17 19 11
6 9 6
4 8 7
23 2 4
4 8 8
19 21 1
22 2 9
8 12 9
21 0 13
21 0 10
3 5 11
14 17 13
15 18 10
1 4 12
23 2 5
15 18 1
21 1 13
18 20 5
11 13 4
12 15 4
11 14 2
6 9 13
15 17 9
11 14 11
14 17 7
13 16 11
8 11 4
3 5 11
22 3 7
5 10 4
22 0 13
18 20 6
3 6 3
9 11 9
2 5 1
3 6 4
22 2 12
7 10 7
18 21 5
22 2 10
8 11 13
1 5 5
14 20 7
14 16 6
5 8 9
22 1 7
1 4 13
8 11 5
8 11 3
13 15 13
18 22 6
16 18 1
0 2 2
7 12 11
2 6 7
17 20 4
8 11 5
21 0 9
23 2 4
22 0 5
17 20 7
7 10 3
10 15 13
8 12 2
12 14 6
2 4 6
22 2 8
3 5 12
17 21 5
20 0 3
0 6 13
12 15 8
17 20 7
10 13 4
8 10 10
11 14 11
21 1 10
20 23 6
7 10 5
15 21 4
1 3 11
19 22 5
13 16 4
4 7 4
15 18 11
20 22 5
3 6 3
17 19 12
18 23 7
12 15 5
11 15 5
20 23 4
17 18 8
0 3 1
16 20 9
16 19 8
3 6 9
16 19 13
6 9 4
17 21 1
17 20 9
13 16 4
10 13 13
1 2 8
13 15 9
6 10 3
9 12 13
3 5 7
16 19 2
5 10 5
16 20 11
9 11 9
12 15 8
10 12 8
13 17 12
14 17 1
3 6 4
23 1 9
21 22 9
23 1 12
4 9 12
13 16 3
15 17 5
17 18 4
7 8 5
17 20 5
9 13 12
23 3 5
9 12 11
12 15 8
19 22 11
22 1 2
1 4 1
11 13 9
23 2 3
2 5 7
7 11 4
20 22 11
8 10 12
7 10 6
15 19 5
4 6 5
14 15 10
13 14 3
19 21 11
16 17 9
3 5 11
21 0 13
18 22 13
5 8 6
2 4 2
19 22 9
11 15 7
21 1 9
3 6 11
15 17 6
15 18 10
2 5 9
7 10 7
12 17 3
14 16 9
12 16 9
3 7 11
22 0 3
1 4 11
1 4 2
5 7 6
20 0 5
21 1 3
11 13 9
11 14 7
0 3 4
15 18 8
20 1 12
3 7 9
14 18 9
1 2 10
19 22 3
17 22 11
13 16 3
0 3 8
14 18 11
20 0 1
18 19 6
5 7 13
1 5 3
14 16 8
15 18 1
5 8 7
15 18 5
14 16 1
23 2 11
23 2 5
0 3 5
5 9 10
13 18 3
14 17 12
20 23 10
0 3 10
21 2 10
2 5 13
18 20 13
19 23 7
17 21 2
0 2 6
3 7 4
6 9 1
3 5 8
6 9 2
16 18 5
12 14 8
11 15 8
4 8 8
20 0 5
0 2 1
12 13 6
6 9 5
14 19 1
16 18 5
14 19 10
17 19 5
16 19 7
6 9 6
16 21 8
19 23 12
5 8 12
23 2 6
10 11 8
3 5 4
21 20 3
4 7 4
5 8 9
19 22 1
6 8 5
17 22 12
19 23 8
1 5 11
14 19 1
13 16 4
12 15 3
16 19 13
11 15 11
8 10 11
8 13 9
8 11 13
13 17 6
15 17 8
19 22 13
0 3 7
20 22 9
10 13 10
2 7 2
18 22 6
19 21 1
7 10 4
18 19 8
2 7 5
11 14 11
20 22 7
5 8 2
10 13 2
4 8 13
11 14 4
16 17 13
7 9 3
11 14 9
19 23 1
22 1 13
20 23 7
9 12 1
18 23 3
22 2 5
19 22 5
12 14 1
10 13 12
9 11 12
20 1 2
12 15 4
13 17 12
17 19 9
21 3 11
1 5 4
10 13 5
17 21 4
11 15 4
10 14 6
19 22 3
3 5 5
16 18 11
2 4 9
19 23 8
3 6 9
9 12 3
5 7 2
18 21 11
2 4 12
18 22 2
22 0 5
5 9 1
20 1 10
22 2 7
20 0 5
21 23 8
11 12 3
1 5 7
16 20 6
21 23 5
14 17 2
13 15 9
17 20 10
11 14 4
11 12 10
3 6 2
1 4 5
22 1 8
13 17 9
3 5 4
22 0 8
21 0 10
7 11 12
15 17 1
1 4 4
6 10 10
12 16 8
16 18 8
2 5 4
11 14 11
9 13 1
2 5 10
22 1 1
14 18 3
14 16 9
3 5 9
2 4 1
14 17 5
3 5 4
13 15 8
5 9 10
9 13 10
3 7 10
23 2 11
21 1 11
17 21 9
7 11 11
12 14 6
0 4 10
1 6 9
22 1 13
13 17 9
2 5 2
8 10 8
0 3 5
13 17 7
15 18 9
20 22 8
22 1 1
17 21 10
15 17 3
16 20 13
18 19 11
5 8 4
21 0 6
4 7 4
11 15 10
7 10 3
23 2 13
20 0 2
6 10 1
20 23 12
16 20 8
17 19 5
3 4 13
3 6 13
21 22 10
7 9 4
22 0 7
0 2 3
23 2 6
5 11 6
6 8 6
14 16 6
10 13 3
8 11 3
10 14 9
5 10 13
3 7 1
3 5 10
22 0 12
12 15 12
13 15 2
0 3 3
22 1 5
14 16 2
20 21 1
5 7 7
19 22 10
4 8 3
19 0 6
7 9 13
3 5 11
20 0 5
9 11 13
10 14 5
4 8 3
7 11 2
2 4 9
0 2 2
22 0 1
8 11 10
1 5 1
18 20 10
18 21 8
4 7 9
4 7 4
8 10 5
22 2 11
20 23 2
17 18 6
21 23 10
4 6 5
18 21 7
14 17 1
10 12 8
18 22 11
13 15 1
15 19 7
10 13 3
9 11 9
16 20 13
22 1 13
12 15 5
2 5 8
11 14 4
7 11 1
8 12 3
21 0 3
1 5 2
5 9 6
10 11 11
5 9 8
18 21 5
5 8 10
1 4 12
2 5 6
16 19 9
2 5 1
16 20 6
2 4 3
6 11 9
12 16 3
13 16 8
11 16 2
22 0 9
1 4 5
17 19 13
22 0 2
16 18 11
15 18 4
10 13 13
12 15 9
14 16 7
13 16 12
15 16 5
21 23 13
18 22 10
10 13 10
4 7 2
1 3 2
0 2 9
15 18 2
5 8 6
6 10 3
7 10 6
1 4 13
7 10 13
5 8 8
1 5 11
20 23 4
17 20 5
10 12 3
10 14 7
23 1 8
12 15 12
12 14 5
0 2 7
15 19 11
3 7 1
13 15 13
3 6 10
21 23 6
8 10 7
1 3 10
23 3 3
9 14 10
12 15 1
10 12 2
6 11 5
1 4 6
14 16 12
5 9 11
18 20 7
21 0 8
12 14 10
15 18 13
1 3 3
23 2 4
2 5 8
9 13 5
2 7 2
13 17 11
2 6 8
20 22 13
7 11 8
19 22 6
22 2 1
10 12 3
6 9 12
21 23 7
21 23 2
17 20 3
3 5 4
14 19 2
23 2 9
8 10 9
12 17 7
5 8 10
21 1 13
11 14 7
0 1 11
5 9 7
19 20 12
4 8 4
9 11 13
2 6 5
23 2 9
23 2 4
18 20 11
9 12 9
7 12 13
6 11 12
1 4 7
7 8 1
7 9 1
14 15 2
14 18 8
22 23 9
19 21 11
15 19 8
14 17 13
0 5 5
8 10 4
4 7 1
17 22 1
16 19 11
0 4 11
23 2 11
10 11 3
13 17 5
6 7 12
16 19 2
1 4 4
23 3 3
4 6 1
7 11 2
15 19 3
1 5 2
10 15 4
19 22 5
6 8 10
5 10 12
21 2 4
21 1 13
23 4 1
12 15 10
17 22 9
16 18 11
17 19 4
1 4 13
23 2 13
23 1 2
16 18 8
11 15 3
9 12 7
12 14 1
22 1 13
12 16 2
7 10 4
19 23 6
1 4 2
22 1 8
11 15 9
12 14 10
20 22 6
23 3 7
23 2 10
14 17 9
7 11 4
18 23 11
3 5 1
1 4 8
18 20 12
18 22 6
18 21 5
4 5 10
0 6 3
1 5 9
17 21 13
0 4 4
0 5 6
17 21 7
20 23 6
13 17 2
1 5 11
3 8 11
22 0 8
10 13 10
14 17 10
11 14 4
19 20 13
11 14 2
13 17 5
9 12 11
21 0 7
2 3 4
20 23 6
18 20 3
5 10 12
15 18 5
16 19 2
20 0 6
10 14 4
2 4 12
9 11 2
15 18 12
21 1 10
13 16 5
11 15 11
0 4 10
8 12 1
19 22 13
3 6 3
8 10 10
9 11 11
22 1 3
8 10 4
1 3 5
12 16 12
5 7 11
22 3 10
20 1 3
13 16 2
16 19 9
8 11 5
17 18 12
21 23 8
10 13 10
18 20 10
22 23 9
15 19 8
12 15 13
15 17 1
4 8 4
15 18 12
18 22 4
6 8 8
15 18 7
17 20 13
4 7 1
23 2 12
9 12 3
21 0 5
2 2 11
4 7 4
2 7 13
19 23 13
2 5 3
10 14 10
11 15 9
6 7 11
1 3 8
13 14 9
10 13 10
7 11 8
23 2 9
15 18 9
19 21 4
15 18 8
14 17 2
18 21 5
18 20 12
17 22 7
8 11 7
14 15 7
1 4 13
12 15 1
3 5 10
14 17 8
4 8 3
7 11 2
1 4 5
15 17 4
19 23 5
10 14 4
20 0 9
12 15 8
18 22 3
5 8 3
21 22 8
18 19 6
17 20 5
16 18 10
0 2 13
2 5 12
2 5 12
22 1 2
15 17 6
6 10 13
11 14 12
19 21 4
22 1 5
23 4 12
20 23 2
19 22 5
23 1 8
10 12 1
22 0 9
20 23 4
21 0 3
0 2 1
14 15 5
1 5 3
5 10 6
7 10 1
0 1 11
20 0 6
6 9 3
7 8 13
1 4 8
11 13 8
13 17 9
9 14 13
20 23 6
15 17 4
1 5 9
3 6 4
2 5 2
12 16 7
14 16 11
13 16 11
8 12 10
19 22 3
6 8 1
5 8 8
8 11 10
5 10 11
6 9 5
18 22 7
19 23 6
12 14 8
0 4 2
20 23 6
17 19 7
8 11 12
9 13 1
9 11 1
20 0 8
23 1 8
19 23 12
16 20 12
8 10 13
4 8 11
19 0 3
10 14 13
14 16 2
10 12 6
9 12 4
3 7 2
14 17 12
0 4 13
5 10 12
8 10 2
