850 8
7 6 3 6 10 9 9 3 
11 14 5
21 23 1
19 23 4
17 21 7
7 9 3
5 7 6
20 22 5
14 16 7
3 7 2
21 0 4
23 2 5
20 21 7
0 3 4
9 12 4
13 17 7
22 3 8
19 23 7
20 0 8
21 23 2
8 12 2
3 7 6
5 8 7
22 0 1
5 9 4
18 19 4
11 14 4
1 5 4
11 13 1
3 6 3
1 6 1
23 1 6
12 15 4
3 7 7
18 21 1
12 15 7
18 20 4
7 10 2
18 21 8
17 20 7
18 20 4
5 9 1
7 10 8
4 6 4
8 10 3
17 20 5
7 12 2
22 1 3
3 6 7
1 3 5
5 9 1
8 11 8
4 8 8
8 9 8
13 15 1
16 20 7
0 3 8
4 6 7
2 6 2
14 18 3
19 22 7
18 21 2
5 8 3
17 19 1
17 20 6
19 23 1
8 13 5
18 20 7
17 20 6
15 20 4
6 11 7
19 22 4
20 23 3
14 16 5
20 21 5
10 13 4
15 18 8
17 21 1
7 10 7
8 11 4
1 2 3
13 17 7
9 12 8
17 21 5
17 20 1
20 22 5
7 12 8
2 6 1
2 6 5
9 11 2
7 11 8
23 1 7
15 19 2
22 23 1
5 6 5
6 10 7
1 5 1
21 0 1
8 12 2
7 9 8
21 0 1
6 9 1
2 7 5
17 21 3
3 6 3
13 17 4
21 23 2
16 20 1
8 11 1
23 4 5
21 0 5
9 11 5
17 20 2
9 14 1
15 20 3
3 6 1
8 12 2
14 16 6
1 5 2
14 16 3
10 12 8
23 0 2
4 7 1
8 9 2
19 22 7
4 6 4
15 18 2
3 8 2
0 3 5
1 4 3
14 17 5
19 22 6
7 10 4
21 23 6
16 17 3
1 4 5
3 7 7
5 9 1
17 19 7
14 17 8
5 6 5
23 4 4
12 16 1
4 8 3
0 3 2
5 7 5
9 11 1
2 7 3
7 9 4
13 16 7
3 7 8
8 11 5
18 22 2
4 8 5
13 15 2
2 3 3
8 11 6
22 1 6
8 10 6
13 16 4
10 13 7
8 10 4
0 3 5
23 2 5
22 0 2
20 0 8
6 8 6
23 3 6
4 6 4
16 19 8
20 1 5
7 11 4
22 1 7
12 15 2
17 21 3
6 9 3
5 8 7
2 5 1
7 10 8
2 6 5
5 6 8
14 16 6
19 20 4
7 10 4
0 3 1
1 4 3
11 12 4
16 18 3
15 18 4
7 9 1
13 15 1
17 20 5
14 17 1
3 6 4
14 16 2
11 15 6
3 7 7
23 2 1
5 8 2
11 14 8
2 5 5
21 1 8
2 4 5
0 3 3
0 2 4
1 5 4
10 13 2
9 9 7
7 9 5
14 18 8
8 10 3
18 22 1
14 16 2
8 11 8
18 22 3
23 2 3
15 16 1
12 15 5
21 1 1
20 0 5
15 17 2
0 3 5
4 6 3
8 12 6
5 7 7
2 8 4
13 16 2
0 3 4
17 21 4
4 6 6
3 4 8
6 9 3
0 2 8
0 3 1
12 14 4
5 8 2
7 8 7
14 16 2
16 20 8
22 1 6
6 8 6
14 17 2
1 4 2
14 17 3
4 5 8
10 13 5
20 0 5
4 7 6
23 0 5
23 2 5
21 23 4
13 15 8
17 20 6
23 2 6
8 10 5
22 1 5
15 18 2
0 3 2
7 10 1
21 0 7
16 18 5
9 12 3
21 2 6
10 14 2
22 1 6
8 12 4
21 0 6
9 12 7
7 10 6
17 21 3
0 3 5
16 20 6
8 11 6
16 20 4
11 13 2
12 14 7
5 7 3
14 17 4
8 12 6
0 4 1
18 20 4
3 6 7
5 9 8
8 11 2
10 12 8
17 19 2
17 19 7
22 0 4
6 11 3
18 22 4
12 15 2
0 3 5
0 3 3
18 20 7
21 2 3
7 11 8
10 13 3
16 20 7
10 13 1
0 3 2
12 17 5
23 2 2
4 6 7
4 8 7
20 23 6
12 15 4
19 23 1
23 0 5
0 3 8
22 1 2
8 10 7
6 10 5
6 10 1
18 21 2
11 13 7
0 3 4
7 12 3
8 11 4
11 14 3
9 12 2
12 12 8
0 4 3
18 21 6
10 13 1
12 15 3
13 16 8
6 10 8
23 1 4
15 17 7
3 6 3
7 10 3
20 23 3
12 16 7
9 11 6
16 19 3
5 9 1
22 0 5
13 16 5
1 3 6
18 19 6
6 10 3
0 4 7
0 2 3
8 10 4
6 10 5
16 16 2
6 9 4
20 23 3
15 17 3
21 0 2
16 19 1
20 22 4
23 1 2
23 1 6
7 10 2
15 18 6
13 17 4
3 6 1
23 1 3
23 2 6
14 17 3
14 18 8
4 6 4
1 5 1
5 8 3
20 21 5
17 18 1
11 14 6
12 14 5
13 18 8
6 9 5
9 12 7
6 9 6
14 17 5
16 19 4
10 13 3
2 3 4
15 17 4
18 22 1
23 2 6
12 15 2
18 20 5
22 2 5
6 10 6
23 3 5
8 11 1
17 20 2
5 7 7
9 12 3
3 7 7
2 5 6
10 14 4
22 1 2
10 14 8
17 20 1
5 7 4
6 9 1
21 22 1
13 16 5
3 6 6
9 12 7
16 17 8
8 13 8
15 20 7
4 5 7
16 19 6
14 16 2
19 21 5
8 13 2
14 16 5
17 20 3
3 8 6
15 18 8
1 3 7
23 2 7
3 8 3
18 23 8
9 13 7
10 14 7
7 10 2
23 3 2
11 13 2
7 10 5
19 1 2
7 9 6
14 16 1
22 0 5
7 10 7
0 2 3
23 2 1
4 7 3
9 13 5
21 23 2
5 8 6
14 18 2
13 16 5
1 3 1
12 16 7
20 0 5
16 19 8
6 9 5
13 16 6
2 6 5
20 22 5
9 13 1
19 23 8
14 17 7
5 8 2
7 9 4
19 22 2
3 6 3
8 12 6
5 9 5
3 4 5
19 23 4
13 16 6
19 20 3
20 21 7
19 0 6
18 21 8
4 5 2
16 19 5
7 9 6
9 14 3
20 22 4
14 16 5
8 10 3
10 14 4
20 23 2
19 22 5
22 1 7
3 6 1
0 2 5
1 4 3
7 9 4
22 1 7
8 10 4
1 3 1
3 6 8
0 3 4
15 18 3
18 20 7
22 1 8
22 23 2
13 17 3
1 4 7
8 11 2
19 21 1
16 21 1
15 17 5
2 3 7
3 7 3
6 8 6
15 18 4
2 5 7
14 17 3
6 8 6
9 13 2
22 0 8
20 23 8
11 12 4
3 8 1
15 19 1
21 23 8
15 18 3
1 4 4
11 16 3
12 14 2
19 22 3
4 5 5
0 3 2
8 11 7
23 3 2
19 23 2
19 20 8
9 12 1
15 18 4
4 9 8
21 22 2
18 21 4
0 5 2
9 12 3
12 14 5
12 17 2
4 5 3
2 4 5
12 16 7
0 5 3
22 3 5
23 2 4
4 7 7
14 18 1
15 20 5
11 13 1
6 8 7
10 13 7
8 12 5
17 20 5
22 0 3
18 20 4
20 1 7
19 22 6
16 20 8
8 11 3
17 20 5
15 19 3
22 1 1
0 4 7
18 20 8
17 21 4
20 22 7
6 9 2
11 16 1
18 22 1
21 1 3
8 11 8
17 19 2
10 15 3
12 14 7
22 23 3
17 19 6
21 2 5
18 19 6
23 2 7
13 18 8
10 13 6
22 1 2
23 4 6
1 5 4
13 17 8
14 16 5
1 4 6
13 16 2
7 10 2
12 14 7
20 23 1
10 14 3
18 19 1
7 10 6
14 17 7
5 6 6
9 11 4
10 13 7
19 20 7
15 16 5
3 7 5
4 8 4
9 13 5
21 1 6
3 5 7
16 19 6
22 2 7
6 9 1
6 9 6
10 13 2
10 13 7
19 0 6
16 20 5
1 4 8
3 7 5
9 12 2
20 0 6
22 2 3
8 11 3
17 22 1
13 17 3
0 3 8
8 11 3
7 12 4
9 11 1
6 8 2
9 11 4
13 17 4
23 1 1
7 9 1
23 2 3
19 23 5
9 11 6
13 17 4
23 2 4
9 11 3
22 0 8
18 22 4
22 23 1
0 3 2
21 0 3
6 8 1
19 23 8
19 22 3
3 6 3
17 19 1
13 15 7
0 3 7
16 19 5
16 20 2
10 12 3
6 10 2
16 20 4
11 15 6
19 21 4
21 1 3
4 7 5
9 13 2
6 9 2
6 10 6
6 8 7
5 8 8
17 19 8
17 22 5
14 19 8
2 5 7
12 15 1
19 22 7
8 10 2
15 17 6
17 20 1
3 4 1
7 10 5
21 0 1
15 18 7
21 22 7
2 5 3
21 23 3
20 23 6
3 6 8
7 11 7
22 2 8
11 13 8
5 8 6
23 0 7
11 14 5
17 21 2
7 11 1
13 16 3
13 15 4
9 11 8
8 11 3
13 17 4
7 11 8
10 13 5
16 18 5
2 6 3
1 3 5
1 2 5
22 0 4
2 3 2
10 12 5
12 15 3
13 16 5
7 9 2
6 8 3
6 10 8
2 6 6
21 22 1
10 13 1
22 1 3
15 17 1
14 17 1
14 16 4
23 2 3
15 17 3
12 14 4
12 15 7
4 7 1
5 8 1
18 21 6
0 4 4
14 18 6
19 22 2
0 4 7
7 9 3
17 19 7
19 23 7
1 4 6
0 2 2
3 5 3
23 1 5
11 14 1
0 4 7
23 3 5
20 23 1
7 12 6
23 3 3
5 10 1
10 11 7
10 13 6
23 3 7
15 16 4
13 16 6
7 10 1
0 2 7
19 22 4
20 22 4
18 20 1
17 21 1
2 4 8
23 3 2
17 20 7
10 12 7
23 2 2
23 2 5
12 17 6
22 1 2
20 22 4
7 9 8
15 17 6
1 4 1
6 8 7
14 19 3
12 14 8
21 23 2
13 16 5
11 14 7
14 18 6
13 16 2
19 22 2
16 19 6
22 2 1
4 6 6
22 2 6
14 16 2
4 6 8
1 4 5
2 6 7
23 3 1
22 1 4
7 9 8
6 10 5
17 22 7
5 8 5
17 21 8
15 18 5
1 5 4
5 6 2
5 6 7
18 22 1
6 9 4
8 10 2
21 22 3
19 21 6
19 23 4
13 17 6
14 16 4
3 7 8
17 19 6
8 10 1
2 4 2
22 2 7
15 20 5
15 18 7
6 9 1
1 4 7
23 4 1
0 4 6
3 9 3
21 1 4
15 19 6
0 5 3
21 23 6
23 2 7
21 0 5
17 20 1
10 12 8
21 1 6
15 16 8
6 10 2
12 15 6
4 7 2
9 12 3
9 12 2
11 13 8
1 3 8
12 16 7
18 20 8
8 11 6
10 10 8
22 0 8
15 18 8
6 10 5
17 19 5
4 8 2
5 9 2
14 19 7
23 3 1
5 7 2
19 22 8
6 10 5
4 7 8
3 5 7
4 8 5
8 11 2
3 4 2
19 21 2
22 1 1
18 19 3
13 18 3
12 16 6
1 4 6
8 14 3
15 19 7
17 20 2
16 20 6
8 11 5
6 9 3
1 2 8
2 4 2
20 22 5
15 17 2
17 19 7
10 14 2
7 9 5
