1650 17
4 8 8 10 4 9 7 4 2 5 4 5 10 2 10 7 7 
20 23 3
1 6 8
19 1 15
3 6 14
2 5 13
5 6 11
7 10 7
14 18 7
17 19 12
15 20 12
0 4 14
21 1 7
1 4 17
10 12 6
20 0 14
18 22 9
14 16 15
3 5 16
12 15 4
22 2 11
1 5 1
2 6 1
10 14 16
5 8 7
21 0 17
23 2 12
18 20 9
8 11 4
11 13 13
3 6 8
19 21 3
5 8 14
14 17 11
20 0 4
22 23 14
1 5 6
21 23 10
23 2 5
1 4 9
10 14 1
22 1 8
18 20 13
22 0 6
2 6 11
8 13 9
9 12 6
21 1 7
23 2 4
22 2 10
3 6 14
0 2 5
12 15 8
12 13 2
8 11 10
7 11 11
9 11 4
3 6 9
20 23 2
13 15 2
0 2 6
19 21 10
0 1 15
9 12 2
20 23 17
8 11 13
9 11 1
9 11 1
12 16 17
10 13 1
4 8 5
6 10 1
7 9 8
17 20 5
22 1 9
2 5 2
19 21 7
9 12 1
23 2 5
6 10 3
11 13 4
3 7 9
22 2 1
15 19 7
0 2 3
7 11 13
2 5 2
17 20 13
3 7 13
12 15 1
0 4 11
3 7 2
9 13 2
0 5 6
12 13 1
4 6 4
14 16 4
7 9 11
22 1 15
9 13 4
15 18 9
0 3 1
19 22 13
23 2 4
8 12 12
7 10 1
2 4 4
23 1 16
10 13 6
12 15 2
4 9 16
1 4 12
7 9 5
1 4 1
20 21 11
21 0 13
21 1 1
4 8 2
2 5 5
12 15 3
21 2 7
23 2 15
14 17 14
6 9 4
1 3 15
22 1 11
3 6 11
7 8 15
1 3 8
18 23 13
6 9 14
6 10 12
0 3 10
9 12 6
6 9 9
11 15 12
1 3 4
20 0 1
7 10 9
16 18 8
6 7 6
10 14 1
17 21 5
20 22 3
15 20 14
3 7 14
8 11 16
18 22 5
21 1 13
22 2 13
19 21 8
2 5 15
1 5 7
17 20 8
19 21 17
21 23 9
15 18 15
17 22 17
20 23 3
13 16 2
9 12 10
17 20 2
19 21 11
3 6 4
6 11 3
4 8 7
9 13 4
17 20 7
22 2 4
1 5 9
9 11 16
22 1 6
5 9 12
17 20 1
15 18 17
14 17 7
8 11 17
20 23 16
13 16 15
22 2 10
0 3 14
5 8 1
14 17 13
20 22 12
17 21 8
23 2 14
0 2 17
18 21 1
21 0 7
9 12 6
23 2 14
5 8 1
4 7 13
21 1 8
17 19 4
10 13 5
12 15 13
1 4 6
15 18 8
1 4 12
12 16 3
22 1 15
9 11 10
5 10 14
2 5 2
18 21 15
17 21 6
23 2 3
18 23 11
14 17 5
0 3 4
10 13 10
9 12 8
20 23 6
13 16 16
19 21 12
15 18 3
11 12 6
13 16 14
14 18 11
17 20 3
4 5 1
11 14 12
0 4 12
1 4 5
2 5 1
18 20 14
0 1 4
13 15 13
1 2 12
19 22 12
5 10 17
22 2 13
8 10 10
3 3 9
10 14 5
5 8 15
19 21 1
10 13 6
11 14 6
17 21 16
10 13 9
12 14 14
4 9 8
22 23 6
1 4 12
14 19 9
23 1 15
2 5 3
0 3 11
1 4 13
13 15 15
1 4 3
4 7 16
21 23 9
23 2 16
10 13 13
21 0 7
18 21 7
10 13 2
19 21 13
16 21 12
19 22 11
23 2 13
16 19 13
0 4 5
19 22 5
20 1 4
9 13 17
14 17 12
15 18 7
6 9 11
4 7 9
8 11 14
12 14 6
17 21 17
6 9 9
0 4 1
21 0 16
20 0 13
2 5 13
2 5 13
7 9 15
19 21 16
15 17 7
14 17 17
14 16 17
10 12 6
4 7 7
1 4 3
14 15 14
14 17 1
12 15 1
12 16 11
17 20 6
23 2 11
19 22 4
1 3 2
20 23 1
6 9 8
11 13 3
10 13 14
19 22 6
0 3 8
4 7 13
11 15 7
4 7 11
8 12 15
16 21 14
20 22 9
19 21 2
21 0 12
8 10 14
13 15 1
21 22 8
6 8 9
22 0 3
12 14 2
4 6 8
23 3 5
6 10 2
12 15 17
23 2 3
0 4 16
3 6 7
22 1 14
6 10 5
3 7 3
18 20 16
16 19 5
2 7 7
22 0 15
0 4 3
9 10 6
23 3 16
7 8 12
15 17 17
12 16 3
18 20 6
12 17 12
4 8 8
19 23 17
8 11 10
22 0 14
23 1 10
8 11 16
13 17 4
2 7 3
20 0 12
1 4 15
19 22 13
14 17 1
20 21 3
15 18 10
23 1 13
14 16 5
5 8 6
8 12 15
16 20 3
13 17 2
0 3 13
0 2 13
13 14 14
15 20 14
22 2 7
17 20 5
10 13 1
10 14 11
13 17 3
21 1 9
23 2 17
21 0 16
17 20 17
4 7 14
14 16 8
0 4 14
9 14 17
7 10 7
9 13 11
3 7 9
0 2 2
1 5 10
3 7 15
10 12 16
4 9 5
15 20 16
6 10 8
8 12 2
1 3 10
14 17 7
10 12 5
2 4 15
8 9 16
15 17 1
2 5 13
9 11 9
1 4 13
1 4 4
17 21 13
11 13 13
0 2 16
6 8 16
10 12 9
21 1 14
18 21 13
14 16 9
21 23 12
7 10 9
11 14 14
21 22 10
21 0 9
11 16 4
17 20 10
14 16 12
18 21 13
18 20 10
23 1 17
7 9 7
23 1 13
23 1 7
21 23 2
8 13 1
7 10 7
6 6 6
16 18 10
1 3 12
21 0 2
0 1 17
5 8 10
17 20 9
15 20 15
12 18 7
7 12 9
10 13 15
17 20 2
4 7 2
0 2 13
19 21 3
22 1 4
8 11 3
23 3 2
8 13 2
15 17 17
23 2 15
13 17 8
2 5 5
4 7 5
18 22 3
17 19 11
6 9 6
15 18 11
14 18 2
5 6 12
19 22 1
7 10 10
14 17 13
10 14 17
18 21 17
2 4 5
5 8 4
10 12 14
2 5 8
12 14 9
3 7 10
9 12 5
6 9 14
18 21 8
20 23 15
11 14 11
16 17 4
21 23 17
16 20 5
15 19 2
14 18 8
17 20 2
1 4 8
6 10 13
7 8 7
21 22 9
3 5 16
2 5 11
10 12 14
14 18 12
11 12 17
3 7 13
20 22 12
19 22 16
13 17 8
17 19 16
3 6 5
20 22 14
10 13 13
19 23 15
5 9 12
21 1 12
4 9 17
9 12 4
20 1 3
1 4 7
2 4 17
2 5 9
16 19 16
7 9 1
1 3 10
16 20 13
9 12 1
19 21 1
11 14 11
4 5 4
14 17 12
21 2 1
18 20 14
1 3 7
1 5 15
3 7 2
18 20 15
17 20 7
8 11 2
13 17 4
6 9 12
4 7 1
19 21 14
12 15 12
5 8 1
0 5 17
8 11 16
14 19 7
15 18 5
9 13 7
7 10 14
17 21 8
20 22 4
4 6 8
8 11 1
3 8 10
2 4 14
2 7 4
17 20 8
6 10 8
7 10 13
21 0 8
8 11 2
4 7 14
13 16 15
16 22 13
13 15 9
18 21 16
13 15 2
21 23 3
15 18 17
15 19 14
2 5 17
7 10 3
4 7 14
1 4 13
0 5 14
18 22 11
1 4 9
4 6 3
11 15 8
21 23 15
9 12 2
16 19 12
12 16 15
1 5 1
23 3 10
18 21 12
0 3 10
11 13 3
18 21 2
2 4 2
8 12 5
20 21 11
2 5 13
19 0 3
4 6 15
5 9 10
6 8 1
11 14 17
19 22 3
23 2 4
15 18 8
16 17 11
17 21 9
16 19 16
13 16 4
14 17 3
3 4 3
18 20 16
22 2 12
6 8 5
16 20 7
5 10 17
14 18 15
10 13 10
8 11 2
11 14 2
12 15 17
21 0 13
3 8 4
0 3 1
16 19 15
18 22 6
11 14 3
5 5 13
21 1 15
17 20 17
16 21 16
23 0 9
9 12 7
4 8 14
7 10 7
3 7 12
22 2 8
19 0 10
22 0 7
6 8 9
1 4 9
19 22 14
20 23 8
15 20 1
16 20 14
16 18 17
14 17 6
20 0 6
16 18 1
15 20 14
4 8 10
3 6 13
15 18 6
3 5 12
7 8 14
2 5 3
20 1 13
5 9 6
21 2 8
12 13 6
5 9 4
22 2 15
6 10 1
12 16 10
12 15 13
15 18 6
2 4 14
15 17 14
4 7 12
1 3 4
19 22 7
2 3 4
15 17 10
2 5 2
4 5 4
16 20 10
20 0 16
2 4 4
18 22 12
12 14 12
14 16 7
21 21 4
9 12 6
21 1 6
17 20 6
22 2 5
23 1 3
16 20 4
4 8 1
0 1 1
12 15 16
12 16 15
9 13 8
10 12 6
0 5 17
12 17 11
14 16 16
6 9 2
12 16 15
10 14 5
13 16 8
3 3 8
21 1 5
22 2 16
4 9 11
4 9 9
20 23 5
1 2 12
20 23 3
5 8 10
13 17 2
4 5 5
2 6 10
6 11 13
3 6 5
15 17 17
17 18 12
5 7 11
4 6 12
8 11 15
5 8 14
16 18 1
6 10 4
16 16 10
0 4 5
6 9 10
18 20 4
4 9 9
13 16 1
15 18 14
3 7 7
14 15 5
0 3 14
13 16 6
15 17 5
15 18 3
22 1 11
12 14 7
6 10 3
21 2 1
11 13 15
18 20 8
2 6 14
18 22 16
17 19 6
21 23 11
8 11 14
19 21 7
18 22 7
16 20 3
17 18 4
18 22 12
10 13 1
2 5 17
14 19 8
6 9 9
7 10 8
9 11 5
16 18 5
7 9 11
9 12 6
13 17 1
1 3 5
19 22 7
18 21 15
12 15 6
4 7 16
3 7 1
10 14 14
22 0 8
2 6 7
2 4 8
7 9 15
15 19 16
16 16 1
4 5 3
22 0 7
19 22 14
14 15 8
1 5 8
6 8 14
21 1 3
0 2 12
12 15 3
19 23 2
4 8 5
5 7 5
9 13 14
14 17 7
5 8 4
16 18 14
6 10 9
18 21 12
1 3 11
7 11 4
15 17 14
8 11 17
13 13 14
5 7 14
8 10 17
6 7 15
11 13 12
3 6 10
0 3 9
12 17 13
21 23 16
7 11 7
2 5 8
8 10 2
14 17 7
3 6 4
8 11 17
8 11 10
17 19 1
13 17 10
18 21 4
18 21 2
13 17 9
2 4 2
10 14 1
22 1 5
7 9 14
1 3 6
15 16 10
16 18 15
15 20 6
19 22 10
17 23 5
7 9 3
10 12 2
9 12 11
12 14 17
12 16 13
19 23 17
0 4 7
5 8 11
14 17 15
12 14 7
6 10 2
7 9 4
18 20 10
6 9 13
2 5 13
6 9 4
6 8 17
15 18 6
10 13 13
14 17 12
3 8 14
3 7 12
2 4 2
9 12 10
17 19 11
17 18 16
2 5 1
15 18 15
5 7 14
0 3 11
23 2 14
14 19 11
18 21 17
8 14 17
23 3 1
17 21 4
11 14 5
16 19 2
9 13 8
19 23 5
12 14 15
1 3 15
16 19 7
14 16 1
10 14 6
12 16 9
6 8 6
18 21 16
8 12 16
21 23 13
10 13 3
8 12 6
11 14 15
16 20 3
0 2 11
22 22 16
9 10 12
14 16 7
15 18 15
9 11 9
9 12 12
17 20 9
10 14 14
6 10 7
20 23 1
10 12 14
10 14 7
6 10 9
3 7 8
22 2 11
19 22 11
6 9 12
1 4 6
5 9 2
20 23 9
16 20 11
23 3 5
12 17 10
18 21 8
21 0 7
3 6 6
9 14 10
21 1 1
15 18 4
4 7 12
18 22 16
21 23 6
21 1 8
4 7 11
5 7 12
18 21 8
4 7 17
20 23 10
15 16 7
19 23 2
8 11 14
21 2 8
14 17 1
3 5 3
20 22 16
0 3 7
8 8 4
5 8 3
13 14 6
1 5 3
16 19 1
6 10 11
23 1 6
18 20 8
1 4 15
8 10 14
22 0 10
21 0 6
7 10 5
17 20 13
17 21 10
11 13 17
12 14 13
16 18 15
22 0 15
1 5 9
3 7 15
2 5 17
7 11 1
16 19 1
14 17 4
0 5 2
6 8 15
18 20 14
19 0 17
6 8 13
0 4 14
19 22 15
2 5 1
8 12 8
9 14 4
11 13 12
15 19 13
11 14 2
13 16 7
13 16 13
7 9 11
8 11 15
8 12 3
0 2 13
10 15 10
8 10 2
9 12 1
5 7 4
8 10 15
0 4 12
14 18 9
23 3 9
10 13 12
5 7 6
19 21 15
14 17 12
4 8 12
6 10 5
18 22 17
5 8 16
2 6 6
5 9 12
15 19 7
19 22 2
6 10 16
11 14 13
20 0 10
13 15 2
16 18 14
14 17 4
14 17 12
15 16 6
15 17 15
16 21 7
0 4 14
19 20 1
13 16 14
6 9 10
17 21 2
17 21 9
5 8 16
9 11 3
8 11 9
7 12 2
18 22 10
0 2 5
21 0 15
22 0 8
14 17 16
21 23 9
11 16 15
11 14 2
16 20 7
21 22 5
10 13 16
23 0 2
11 15 1
21 23 4
1 3 16
23 2 8
1 5 16
0 3 14
7 10 3
2 7 4
3 5 7
11 14 4
6 9 3
11 12 17
7 13 16
19 21 11
12 15 6
16 19 12
21 22 4
15 20 10
23 1 15
11 14 16
15 18 15
5 9 4
8 13 9
22 23 7
3 6 9
12 15 3
9 13 14
2 5 5
13 17 9
3 4 13
14 16 9
15 20 2
13 17 9
23 3 12
13 16 13
10 13 14
4 8 3
12 17 6
9 12 8
9 12 8
22 2 1
19 23 16
13 17 11
16 20 12
20 23 14
23 1 6
14 16 17
0 3 10
3 6 15
6 9 11
5 6 5
8 12 6
9 11 5
10 15 17
20 0 6
21 1 3
18 21 6
9 11 14
13 14 4
16 20 5
16 18 7
4 5 1
9 11 8
7 9 15
3 6 4
7 10 5
20 23 4
14 18 3
10 15 10
0 3 2
7 11 2
1 5 12
6 10 2
12 15 7
6 9 8
19 21 3
15 18 11
7 10 9
16 20 10
7 10 16
20 23 15
2 3 13
20 22 14
14 17 12
22 1 5
14 17 6
14 16 5
12 15 4
12 16 2
9 12 14
3 7 4
5 7 13
18 22 6
16 20 13
19 22 1
14 18 12
21 23 3
8 12 10
11 14 9
3 4 14
16 19 1
13 16 8
16 18 6
20 22 2
9 11 7
1 4 13
2 6 13
19 22 2
20 23 14
12 16 5
17 19 10
14 16 6
11 14 2
10 12 14
0 3 1
3 8 14
15 17 10
5 8 8
22 2 10
9 13 12
22 1 17
1 3 9
14 16 4
19 22 6
20 23 8
0 4 7
21 1 16
12 14 9
4 7 14
2 5 12
22 3 14
18 21 10
3 5 2
16 19 7
1 4 9
3 5 2
23 4 4
18 21 1
20 0 8
17 20 14
3 7 13
19 22 1
3 8 1
4 8 4
5 6 15
18 19 14
0 2 11
13 15 16
3 5 15
14 16 10
19 21 13
8 11 13
19 22 8
16 17 9
9 13 4
5 7 6
15 17 1
7 9 7
18 22 4
20 23 11
9 13 15
21 0 8
11 14 7
8 11 16
9 12 7
2 4 17
0 2 13
13 17 7
21 0 4
5 8 16
11 15 12
23 2 16
11 15 8
18 21 17
21 0 4
14 18 5
8 10 11
22 3 11
4 7 1
20 23 1
16 19 3
11 14 2
19 23 2
12 14 3
11 14 17
22 2 5
3 7 17
22 2 17
21 23 2
17 20 1
22 0 6
17 20 4
7 11 4
2 4 9
9 10 15
13 14 3
11 15 2
6 10 2
4 7 9
7 11 16
5 7 10
15 17 10
10 14 7
11 14 4
5 8 17
23 4 13
8 11 13
3 6 12
12 13 5
5 8 7
5 8 1
9 11 11
21 22 16
14 17 5
16 18 3
2 5 14
14 17 4
2 4 16
6 8 4
21 2 2
3 5 1
22 2 1
8 10 4
4 7 12
12 15 15
2 7 8
16 19 9
14 15 11
7 12 9
10 16 13
4 7 14
5 9 5
12 14 4
13 16 7
12 16 8
9 14 12
17 21 2
4 6 6
18 21 5
18 20 4
10 13 4
19 23 17
20 22 15
11 13 17
3 6 16
10 13 4
7 10 6
6 7 1
12 15 8
11 16 15
22 1 4
21 0 3
4 7 3
6 9 7
10 14 7
3 7 13
23 2 2
20 0 15
1 5 6
4 7 3
16 18 14
21 1 16
15 19 12
11 15 8
23 3 14
8 12 6
11 12 4
2 5 7
19 22 3
9 12 9
5 8 1
20 22 5
8 12 11
2 6 16
21 2 12
0 2 15
21 1 13
17 21 2
20 23 14
21 0 6
0 4 8
4 8 7
4 7 11
1 5 5
13 15 12
22 1 15
14 16 8
8 11 11
3 4 6
9 11 7
13 16 10
17 18 12
1 2 16
23 1 13
3 6 16
21 23 1
4 5 2
23 4 11
22 2 17
22 2 3
22 1 9
14 16 5
8 11 10
19 22 13
14 16 5
18 21 5
9 11 11
21 23 2
0 4 8
6 9 7
4 8 11
14 18 9
11 14 2
17 21 17
10 14 4
2 6 11
5 8 8
18 20 5
22 1 7
22 0 5
17 21 3
5 7 16
13 17 1
16 17 8
9 13 16
22 1 3
19 22 6
21 0 9
1 3 10
16 17 2
4 9 16
4 7 3
13 16 1
5 7 4
22 0 5
12 15 1
23 2 17
18 22 11
2 6 16
0 3 13
9 11 9
15 18 14
5 7 6
16 20 3
13 16 15
4 8 9
16 18 16
22 22 14
22 23 10
9 13 10
6 7 2
7 11 4
11 14 1
12 15 4
6 7 11
13 15 15
22 23 6
12 16 9
13 15 13
22 0 1
10 11 9
1 5 10
15 21 15
19 0 15
9 13 17
4 6 12
17 20 7
13 16 13
1 3 1
17 21 10
8 10 2
6 10 5
9 12 5
7 12 14
8 12 12
17 20 6
23 2 10
12 16 2
6 10 14
18 23 8
7 10 12
19 23 16
16 20 2
4 6 2
23 2 4
20 22 9
4 7 5
22 2 3
19 21 7
9 13 14
2 6 1
7 10 9
16 20 1
21 23 6
14 17 1
10 13 11
11 14 17
5 7 12
12 15 6
5 9 11
20 23 17
16 21 6
20 22 12
23 2 14
23 1 16
15 17 16
22 1 1
18 20 12
1 4 13
1 2 16
4 9 10
21 23 10
21 1 16
7 10 9
7 11 1
2 6 10
13 15 10
6 11 16
1 3 6
0 3 1
8 10 10
4 9 2
5 7 5
6 10 1
23 2 11
21 0 1
2 6 8
4 7 8
9 12 6
21 23 3
17 19 17
1 4 17
8 10 8
10 13 10
0 2 5
7 9 5
4 7 4
3 6 12
9 12 1
15 18 17
14 17 3
4 7 17
7 12 2
7 10 7
21 0 6
1 5 12
1 2 10
5 8 10
2 6 13
19 22 4
22 3 12
12 14 6
12 14 12
11 13 9
23 2 11
7 8 6
22 1 5
13 17 10
0 2 5
15 17 6
20 23 9
12 16 7
4 8 15
4 8 2
5 7 3
2 6 8
22 2 16
9 11 9
15 19 13
0 4 3
18 23 14
19 20 4
21 3 14
19 23 13
16 20 17
0 4 8
20 23 5
19 23 11
13 16 10
0 3 17
11 13 11
6 9 16
2 5 13
10 11 8
20 23 15
20 1 4
6 9 13
19 22 12
12 16 7
0 2 1
17 17 6
2 4 2
1 2 17
19 23 11
10 12 16
0 3 7
5 9 10
9 13 3
4 7 12
14 20 17
20 23 7
14 17 10
2 7 12
7 11 12
11 15 9
12 15 9
8 11 12
20 21 12
5 9 5
14 18 3
4 4 1
15 19 9
12 14 5
3 6 11
23 2 4
9 11 1
6 9 13
22 1 5
23 2 9
15 18 14
15 18 9
16 19 4
23 3 9
7 10 4
18 20 3
22 0 1
5 10 17
3 6 6
13 15 11
18 21 3
9 11 5
14 17 13
23 2 3
18 22 6
22 1 10
18 22 11
14 15 8
12 14 15
5 11 8
20 23 11
1 4 16
13 16 15
22 2 13
20 23 16
9 11 6
8 12 10
9 11 6
3 7 16
6 10 12
20 21 3
18 20 8
19 22 14
12 17 6
19 21 13
2 7 12
18 21 6
1 4 5
10 14 16
8 12 12
18 22 8
23 2 17
1 3 5
3 5 6
11 13 9
2 5 17
20 0 12
18 21 8
2 5 17
16 18 11
3 6 16
17 20 7
22 2 8
17 20 17
19 22 5
13 17 2
10 15 2
21 0 14
22 3 10
2 5 9
17 20 15
8 11 3
1 4 7
9 10 16
18 19 16
16 18 17
20 0 11
9 11 12
17 20 2
18 20 11
2 5 4
9 11 5
1 4 4
23 1 4
20 22 7
22 1 17
9 11 6
0 4 6
4 7 7
9 11 13
8 9 5
1 5 15
4 8 2
12 14 16
6 11 16
13 16 16
7 11 10
23 3 2
18 0 6
2 5 14
4 6 13
7 12 14
17 19 15
17 20 16
19 22 11
23 2 7
13 17 5
20 23 5
9 13 10
8 12 9
7 10 4
20 23 17
17 20 16
9 11 4
0 4 15
0 3 16
19 23 9
16 19 16
8 9 16
2 5 1
17 21 16
5 7 3
22 22 5
0 2 16
3 7 4
18 21 5
8 9 3
3 7 17
7 10 9
2 6 13
6 11 13
16 18 3
12 15 13
23 2 11
22 1 3
22 0 9
2 6 12
23 3 8
3 5 6
23 3 13
