2200 19
9 5 5 7 4 8 6 2 9 2 6 4 3 6 5 4 3 1 9 
0 2 8
8 10 14
19 22 3
14 16 7
23 2 1
23 1 16
11 15 1
0 3 17
15 17 10
6 9 10
17 19 2
4 6 19
3 5 12
18 19 9
22 1 11
0 4 3
1 5 11
3 6 13
17 19 19
3 7 5
10 14 1
14 16 5
14 17 11
22 23 6
21 0 8
12 14 17
17 21 3
15 19 5
18 20 7
9 12 3
11 15 4
10 13 3
15 20 19
4 6 19
0 3 10
7 9 17
19 23 10
17 18 6
4 4 15
15 19 10
12 15 3
7 12 17
3 7 16
11 15 19
11 15 18
22 0 15
16 20 5
4 6 1
12 15 9
12 16 10
12 16 3
14 18 15
2 4 11
6 11 9
9 12 8
18 21 18
4 7 5
15 19 19
15 15 14
5 11 12
10 13 2
9 11 9
7 10 1
13 16 15
7 12 6
1 5 8
20 22 12
8 11 14
8 11 16
21 23 18
2 4 4
20 23 12
1 3 7
11 16 5
16 19 10
21 0 13
10 13 13
17 19 9
6 10 9
22 2 11
6 9 13
7 11 7
14 18 1
14 18 5
13 17 5
21 22 10
11 14 12
11 13 5
21 22 11
15 17 2
23 2 8
9 12 4
10 14 16
22 1 11
18 20 6
5 8 17
16 19 5
0 5 17
5 7 1
23 4 18
20 1 16
19 0 6
16 19 5
23 4 10
12 15 6
7 9 15
19 23 17
20 22 13
17 20 13
6 9 19
7 11 10
0 5 19
13 16 11
7 11 4
4 7 6
13 17 7
4 7 13
15 20 15
22 23 15
20 0 18
14 14 4
11 14 9
4 6 11
14 16 5
3 7 5
9 12 8
14 16 3
8 11 16
8 11 2
13 15 1
9 13 17
5 8 8
2 6 5
9 13 16
14 18 1
23 3 8
3 6 15
1 4 1
19 20 8
6 11 1
22 1 14
17 21 5
20 22 18
18 21 19
4 6 1
17 17 3
19 22 2
16 20 8
12 14 1
5 7 3
21 0 15
23 1 9
16 17 7
12 17 1
7 11 3
14 17 14
18 21 14
11 14 14
9 13 1
17 21 1
21 1 1
4 9 19
10 14 9
4 7 19
18 21 15
10 12 12
23 1 3
0 2 5
19 23 4
14 18 16
13 18 3
6 10 9
16 21 13
9 13 18
22 1 19
18 22 5
23 3 17
13 16 18
21 0 12
5 7 3
2 6 18
8 11 3
19 21 9
22 0 16
17 22 5
23 3 12
8 13 8
12 16 5
23 1 13
0 4 9
8 10 1
5 8 4
14 18 13
13 15 9
5 9 14
1 5 13
10 15 17
11 15 11
12 15 14
7 12 14
1 4 10
8 13 10
8 11 1
21 23 7
15 18 5
7 10 1
22 1 19
12 15 17
0 4 3
10 14 13
5 7 4
20 23 2
4 9 14
18 21 19
18 22 17
0 4 12
15 17 14
0 2 12
18 21 5
4 7 6
18 21 6
11 14 11
22 1 19
20 23 14
7 12 6
6 9 18
13 17 5
19 22 13
16 18 19
1 4 9
2 4 1
15 18 13
4 7 4
11 13 5
6 9 1
17 20 9
2 5 5
2 5 5
18 22 15
22 2 12
17 21 18
4 7 5
16 18 10
19 21 17
5 9 12
17 20 10
16 20 11
4 6 8
5 7 17
18 20 1
18 20 11
19 22 13
9 11 2
8 13 6
10 13 14
12 14 7
4 7 16
5 10 9
13 16 19
13 15 4
5 8 2
8 11 2
11 15 5
17 19 6
12 15 14
14 16 6
10 12 5
2 4 16
0 4 15
15 17 13
16 19 18
15 19 15
23 3 13
21 0 1
17 20 7
18 21 9
5 8 11
4 10 3
22 2 10
4 7 17
20 0 1
1 4 19
3 6 13
16 19 14
8 12 16
3 5 19
14 17 8
23 1 7
9 11 5
1 4 19
8 11 6
22 1 18
0 3 2
5 8 5
11 14 7
10 13 16
8 11 16
18 22 2
16 18 6
1 5 10
5 7 1
7 12 12
7 11 19
21 0 14
1 3 17
4 7 1
18 21 7
23 2 15
6 9 10
9 12 11
6 8 8
16 19 7
8 10 8
21 0 13
3 5 17
12 14 10
1 4 14
0 3 6
12 16 6
4 7 3
13 16 15
11 12 2
9 13 10
0 3 17
9 11 1
10 16 7
8 12 3
17 21 10
20 22 5
22 0 13
17 20 7
16 19 13
18 21 13
9 13 8
22 1 13
22 0 16
9 12 8
21 0 8
11 15 7
3 8 18
20 23 16
7 12 4
15 16 18
10 13 2
3 6 14
5 9 3
3 7 6
16 19 1
18 20 1
14 16 10
16 20 15
7 9 1
15 18 12
3 5 7
20 22 10
12 15 1
9 11 15
9 12 11
20 22 5
15 17 19
0 3 8
22 1 12
10 12 13
1 5 12
21 1 6
13 17 15
9 14 1
2 5 19
7 9 12
21 3 1
19 22 16
11 15 6
21 23 18
13 16 4
18 22 7
8 11 10
20 0 11
12 15 6
1 2 17
19 22 11
2 5 13
18 21 14
18 20 11
4 8 11
22 0 6
5 7 17
12 16 19
8 12 7
16 19 8
5 7 4
11 15 5
17 20 5
18 20 12
0 3 17
3 6 18
0 1 10
4 7 19
13 17 18
11 14 9
10 13 9
4 8 14
10 13 15
14 17 6
12 18 7
5 10 15
12 17 3
13 16 12
12 14 16
23 2 9
17 21 6
0 3 7
21 0 14
15 18 6
13 15 9
10 14 18
22 0 5
17 21 18
23 3 6
6 7 19
7 10 3
14 17 17
14 17 12
4 7 19
2 5 10
14 17 5
16 18 15
19 22 1
2 6 6
17 19 19
3 6 3
15 18 9
2 6 6
18 22 13
2 6 13
1 4 9
10 13 8
16 17 1
21 23 6
1 5 16
20 23 10
3 6 14
8 11 1
15 18 16
7 11 18
5 7 19
18 19 12
0 2 8
22 1 14
0 4 16
19 22 2
10 13 17
1 3 8
13 17 14
8 10 7
20 0 3
0 2 8
12 14 13
14 17 19
20 0 10
23 3 19
17 22 17
0 1 1
14 17 11
1 3 3
1 4 14
21 0 11
5 8 2
8 10 8
22 1 10
18 21 16
6 9 9
6 9 17
2 6 9
6 11 19
10 13 19
2 6 13
17 20 19
13 15 5
7 9 13
17 21 8
23 2 9
13 16 16
20 22 2
1 5 2
22 0 16
5 8 14
0 2 4
21 23 10
10 13 17
2 5 9
14 16 18
14 14 16
19 22 2
5 8 19
12 14 10
12 15 19
18 21 1
4 7 1
14 16 17
6 10 17
8 11 7
3 6 13
14 16 19
14 17 2
23 2 9
14 17 13
6 8 3
8 11 18
19 21 8
20 21 14
17 20 11
3 6 10
7 11 15
23 2 12
20 0 1
21 23 6
1 4 18
13 15 5
3 5 15
20 22 11
0 4 11
18 19 7
11 15 17
19 23 3
19 21 14
19 23 19
21 22 16
11 14 19
7 10 4
17 21 12
10 12 12
3 7 1
10 14 14
19 21 10
19 22 17
14 17 11
11 16 13
11 15 13
16 20 3
20 1 5
13 15 17
11 14 17
17 20 2
8 10 18
20 23 12
22 1 1
0 3 18
23 3 1
21 23 7
21 1 17
7 9 1
22 1 5
9 12 5
15 17 4
8 10 2
3 7 12
20 23 9
18 22 18
11 14 1
21 0 3
15 17 9
0 2 7
18 22 6
6 8 18
1 4 15
5 8 12
12 15 15
16 19 14
4 6 7
13 15 5
15 17 11
11 14 6
17 20 13
9 11 18
6 9 2
20 22 5
10 11 11
20 0 2
4 7 5
4 6 15
13 16 1
18 21 10
16 21 15
8 11 2
1 4 6
2 4 12
9 14 10
20 0 15
18 20 15
2 3 9
20 23 11
22 1 5
12 15 12
14 18 10
17 21 15
20 23 5
12 14 4
13 17 16
9 11 9
18 21 13
12 16 15
10 13 4
14 17 13
12 15 4
18 21 2
20 22 1
12 15 18
17 21 14
23 2 5
3 5 4
20 22 18
12 15 11
19 21 6
0 2 18
21 0 17
22 0 5
8 12 12
10 14 3
1 6 13
21 0 9
1 6 18
19 20 3
1 4 14
0 4 12
3 8 18
7 9 10
3 5 10
16 20 14
3 6 12
2 5 10
1 3 15
12 14 16
10 14 15
2 4 16
18 20 5
11 15 7
10 12 4
10 13 13
11 14 14
3 7 14
11 14 11
16 17 12
9 12 8
2 6 17
20 0 11
3 8 17
23 0 11
11 17 8
23 2 12
20 0 8
21 0 11
5 8 11
18 20 19
6 9 19
5 9 1
14 19 4
16 20 5
3 6 14
6 10 14
2 4 6
17 20 13
8 10 17
17 19 19
23 3 3
1 4 5
0 3 11
10 14 2
13 16 10
9 11 17
20 23 15
17 20 19
22 1 12
20 23 7
6 9 18
17 19 2
2 5 18
18 18 2
20 1 14
8 11 7
12 14 9
12 17 18
17 20 16
21 0 16
11 13 19
5 7 14
22 0 12
0 4 19
21 23 4
21 1 5
20 1 12
16 17 9
15 18 5
23 2 18
3 6 15
14 18 6
0 3 13
14 16 11
1 4 2
5 8 17
14 16 17
5 7 3
20 23 18
14 17 15
16 19 15
17 19 14
7 10 2
8 12 17
11 13 1
9 11 10
9 11 3
0 3 14
10 13 4
8 11 1
15 17 7
0 4 13
17 19 2
3 6 19
6 11 13
16 19 14
15 18 1
10 12 17
22 2 9
14 17 16
8 11 18
8 10 10
16 19 17
23 3 11
15 17 15
17 23 16
21 22 1
10 11 10
8 12 7
9 10 3
23 2 9
1 5 14
11 14 10
9 12 13
11 14 17
2 5 1
3 6 2
18 21 12
19 23 17
7 10 14
22 1 12
6 9 6
2 7 9
23 1 14
14 18 6
3 6 3
0 2 18
4 8 10
19 21 3
10 10 5
13 15 6
19 21 8
1 5 1
9 12 19
15 18 14
19 22 9
16 21 6
10 13 11
3 6 16
14 18 2
0 4 4
17 19 17
17 21 4
13 17 18
7 10 18
9 11 1
0 2 15
15 18 7
6 9 18
8 12 6
16 18 15
6 9 8
20 23 3
1 4 14
17 19 5
22 4 10
4 8 3
11 14 18
20 21 11
13 18 8
15 17 9
2 6 11
1 5 5
19 21 13
11 14 1
16 19 14
17 20 1
0 4 8
6 10 7
11 14 15
14 18 9
15 17 19
7 11 8
22 2 12
6 9 19
21 0 11
7 9 15
16 20 6
3 6 14
16 18 14
13 14 18
19 23 3
1 3 16
23 1 1
23 1 12
0 2 3
20 22 8
11 15 11
15 17 12
1 3 15
4 7 7
6 10 8
13 17 10
15 18 19
17 18 3
5 9 19
0 3 11
2 4 13
20 21 15
22 1 6
9 13 6
9 13 12
0 3 2
8 12 5
22 1 3
18 20 7
11 13 16
12 15 3
2 5 6
16 20 7
11 14 9
3 6 13
23 3 11
6 8 9
9 14 19
10 13 16
17 20 10
5 8 14
6 8 5
12 15 17
6 8 10
4 5 4
1 4 3
8 12 14
2 5 11
9 12 16
6 8 5
0 4 5
7 9 11
23 4 8
2 4 14
11 13 18
16 19 12
13 16 18
18 21 4
10 12 6
6 10 19
2 6 15
10 13 16
4 5 14
15 17 16
14 17 8
3 4 3
3 5 16
12 14 19
15 20 3
22 1 19
12 14 16
23 2 9
22 1 5
21 23 15
7 9 8
16 21 8
8 8 12
10 13 12
4 9 14
12 14 5
5 7 6
10 13 6
0 4 13
19 22 19
11 15 3
19 23 16
2 4 5
10 13 9
4 7 7
19 21 1
13 17 8
10 13 18
18 21 5
23 2 11
0 2 15
15 18 9
18 22 8
8 10 17
5 7 3
20 23 11
5 8 2
9 12 16
18 22 14
15 18 10
9 12 2
8 11 11
14 16 13
0 2 16
23 1 17
8 10 4
14 18 13
0 3 1
12 15 17
20 23 14
0 5 5
9 12 16
9 11 16
18 21 6
16 20 2
19 22 6
13 14 19
1 3 2
8 10 1
11 14 16
6 10 1
0 5 7
3 4 5
6 12 10
22 2 6
3 6 8
15 19 13
10 12 6
2 6 7
23 2 1
17 21 11
17 21 9
8 10 18
5 7 19
2 5 17
21 21 18
18 20 2
17 20 17
22 23 16
12 16 3
4 8 2
21 1 5
10 11 17
8 11 16
17 19 12
5 8 12
23 1 17
23 1 10
8 10 13
1 4 16
20 22 13
13 17 6
4 9 15
4 7 8
4 9 8
4 7 18
10 15 3
0 3 6
10 11 6
2 6 4
16 18 18
1 2 9
1 3 16
4 8 3
21 0 5
14 18 2
20 1 15
9 11 9
3 6 9
6 8 19
5 10 4
5 7 13
4 6 17
7 10 13
8 10 15
2 5 13
19 20 16
13 17 18
3 5 10
14 17 16
8 12 16
14 16 18
3 5 11
11 14 6
23 2 14
5 9 2
17 18 18
22 1 12
17 22 1
2 5 10
15 17 5
0 4 2
4 7 9
19 23 16
4 6 7
1 3 11
12 16 5
6 9 7
2 5 5
8 12 1
17 19 19
18 21 9
18 21 18
4 9 5
9 13 13
9 11 7
14 16 7
10 12 13
5 7 14
0 1 7
7 11 2
19 23 10
19 21 4
8 10 6
22 3 18
3 7 4
12 16 18
11 13 4
13 16 8
19 23 17
16 20 17
14 16 11
6 9 14
13 17 9
4 7 1
16 19 18
2 5 6
13 16 18
22 1 2
1 4 4
9 11 12
21 1 16
3 6 15
13 15 7
23 3 4
19 22 10
9 13 13
2 5 17
21 0 5
13 17 9
19 22 8
23 2 16
6 8 19
7 11 12
12 15 4
7 10 2
6 10 13
13 17 4
20 23 2
6 7 18
7 8 15
9 11 9
7 11 2
17 19 3
10 13 11
22 2 5
10 15 12
17 20 13
22 1 7
7 10 19
14 18 8
0 5 11
20 0 16
8 12 13
11 14 19
1 4 8
17 21 10
5 9 16
4 6 2
16 19 4
10 12 3
10 13 4
13 17 10
1 5 12
20 0 19
6 9 11
10 13 7
19 22 8
15 20 4
2 4 3
12 14 7
12 16 4
4 8 12
16 18 19
0 2 3
10 14 3
18 20 1
16 17 1
8 11 14
11 13 3
15 17 18
7 9 18
22 0 6
21 0 9
13 16 14
22 2 13
12 17 11
20 23 8
20 23 18
11 16 16
2 5 19
18 20 16
4 6 13
0 2 10
16 20 5
2 6 17
19 21 8
20 23 2
1 3 4
2 5 1
17 21 11
0 1 15
20 23 19
20 23 13
19 23 18
12 13 6
9 14 16
23 1 15
17 20 17
0 3 3
19 22 15
23 4 4
15 17 13
8 12 9
1 2 7
21 23 12
1 3 6
22 2 12
11 13 2
23 2 9
14 18 11
6 10 3
0 3 15
8 11 4
14 17 13
4 5 18
0 5 10
22 1 19
11 13 6
14 16 2
16 18 19
17 20 10
20 23 7
15 17 3
9 12 16
22 1 2
6 11 4
12 14 1
3 5 18
7 10 6
21 22 1
14 16 11
11 15 3
13 15 18
17 19 11
7 10 12
1 3 13
3 7 17
3 7 3
16 19 7
14 18 18
19 23 9
23 2 11
6 10 19
11 13 7
7 9 1
0 2 9
13 16 5
16 21 11
18 20 10
1 3 7
1 4 6
2 4 10
0 3 3
12 14 12
10 13 14
18 21 2
10 12 3
15 18 3
2 5 2
22 1 5
9 12 8
10 13 19
15 18 14
1 6 13
10 13 7
6 8 16
16 18 11
6 9 14
23 0 10
3 5 19
6 8 2
22 2 5
2 5 15
9 11 12
21 0 13
4 6 14
15 19 11
15 18 19
13 16 6
0 3 8
22 3 12
12 14 13
14 19 6
6 9 10
12 15 8
5 7 9
1 3 13
14 18 3
1 4 10
23 2 19
3 7 13
12 16 5
2 5 4
22 1 18
14 15 10
20 23 13
21 0 19
4 7 13
22 2 4
1 5 8
10 13 15
4 5 3
14 17 7
21 0 12
18 21 15
0 2 6
1 3 9
17 22 4
5 8 7
16 18 1
11 14 11
6 10 5
13 17 5
4 6 13
16 19 6
2 5 12
7 9 2
1 3 3
12 16 14
16 20 18
2 5 3
13 16 11
16 18 9
15 17 2
5 7 9
14 17 8
20 0 7
14 18 4
14 16 19
16 20 7
18 23 11
13 15 7
18 21 19
5 7 9
16 18 6
10 15 8
10 13 14
15 18 18
0 2 16
22 2 12
9 13 5
5 8 8
13 17 13
15 18 10
1 3 3
9 12 8
15 17 5
7 12 8
18 22 8
22 0 13
19 22 13
16 18 2
19 22 11
10 14 2
9 13 19
19 21 15
4 6 17
10 13 3
5 8 5
13 16 5
12 16 5
6 9 15
23 3 5
15 19 4
17 22 8
7 9 10
16 18 12
17 21 6
15 16 17
8 10 5
20 0 5
18 23 11
1 4 17
9 12 3
1 3 8
21 0 16
21 23 16
18 22 5
12 16 10
12 15 15
4 6 15
10 14 13
12 15 17
19 23 11
15 18 8
2 4 12
18 22 18
16 19 2
9 10 13
21 23 2
1 5 7
18 22 13
4 6 10
10 13 5
16 17 6
7 11 5
19 23 12
14 17 12
7 11 16
15 17 4
19 21 19
0 1 19
17 21 6
12 16 4
9 13 6
16 18 1
12 17 4
10 13 10
16 19 8
3 5 12
16 18 7
18 21 4
23 1 3
1 5 19
12 16 1
7 10 3
4 8 9
13 17 16
19 21 7
2 5 16
21 0 10
20 22 16
13 16 15
17 19 10
21 2 10
10 14 2
10 12 12
15 17 14
8 12 7
22 2 19
15 17 15
1 4 13
16 19 5
13 15 18
0 5 12
14 18 4
10 13 15
4 6 14
19 23 13
10 13 11
5 8 8
6 9 14
8 12 15
23 2 1
17 20 6
10 13 13
14 16 19
15 16 7
10 13 14
11 14 18
2 4 5
18 21 8
6 11 11
12 16 13
16 20 7
23 0 2
14 17 13
15 18 18
17 20 7
7 10 13
1 5 6
19 22 18
23 1 15
9 12 17
11 16 6
22 0 11
8 10 13
4 7 6
11 15 7
12 17 15
18 21 11
2 4 15
0 2 2
2 5 4
12 16 13
21 23 1
14 17 16
3 5 11
22 3 9
17 19 19
4 6 3
0 4 13
11 13 11
6 8 12
8 10 9
21 23 17
13 17 7
23 3 14
0 2 6
10 15 4
22 1 5
4 7 18
8 9 17
4 7 15
19 21 14
14 17 7
23 2 19
9 12 5
0 3 11
11 16 9
16 19 4
22 0 19
15 18 1
18 20 19
10 14 9
14 17 5
10 14 3
4 7 3
9 13 1
3 7 17
23 2 3
22 1 19
10 14 2
18 20 7
13 16 19
23 1 12
7 10 10
1 4 11
6 10 8
13 15 4
8 11 11
7 10 13
21 23 3
8 9 9
11 16 8
11 14 18
6 8 19
6 9 2
5 9 10
21 23 14
12 15 11
18 20 11
15 17 12
3 6 1
1 3 14
17 21 1
14 17 1
11 13 14
18 20 17
11 14 19
23 2 17
10 11 2
2 4 3
9 13 10
8 11 17
22 0 14
8 10 17
22 2 6
12 13 8
19 21 17
22 3 4
16 19 18
5 9 17
3 4 9
23 3 6
3 7 13
15 18 14
5 10 3
2 4 12
12 15 9
19 20 18
2 5 15
2 5 5
21 0 19
3 7 1
5 8 13
2 6 17
4 8 14
15 17 9
18 20 18
5 7 1
10 11 4
5 8 18
17 19 7
21 0 8
0 4 15
6 9 14
1 3 16
2 5 17
2 4 18
2 5 2
3 6 9
20 0 16
22 1 6
13 18 8
2 6 3
5 7 18
21 0 16
12 18 11
21 23 9
8 10 9
2 6 17
13 17 4
8 10 1
16 20 12
23 4 19
2 4 4
2 5 2
2 3 7
13 17 12
10 13 7
1 2 8
18 22 6
10 14 17
14 16 12
17 21 8
8 9 5
8 12 13
2 4 4
18 20 14
5 9 6
2 6 5
15 18 1
23 2 13
1 4 19
18 21 16
11 13 7
14 19 18
5 8 16
14 18 1
11 12 6
5 8 1
22 22 15
19 21 4
3 7 9
19 23 2
7 10 17
7 11 7
1 3 15
7 9 8
23 1 4
19 21 3
5 8 3
5 8 13
13 16 7
15 16 17
16 18 18
20 22 17
3 6 13
9 12 16
16 19 14
1 4 12
20 21 16
5 7 7
21 1 15
21 0 19
2 5 10
16 19 5
3 7 6
9 12 14
8 10 2
20 23 19
19 22 19
15 18 11
20 23 18
2 4 7
22 3 1
5 8 4
11 15 9
15 17 2
21 1 14
19 23 7
17 20 7
17 21 8
11 14 14
12 16 9
8 11 3
12 16 13
10 11 4
8 10 4
20 22 7
20 1 3
18 20 16
11 13 17
23 1 4
9 11 14
17 21 8
1 3 1
8 13 18
11 14 13
6 7 8
9 11 14
1 5 12
17 19 7
7 8 1
20 0 11
0 3 15
12 15 9
13 16 2
18 20 8
21 23 15
10 16 2
8 11 11
17 20 2
22 23 2
21 23 10
7 10 8
4 7 7
10 13 7
13 16 19
22 1 9
0 2 17
10 14 12
8 12 11
13 17 6
18 20 11
9 10 19
10 14 13
20 22 15
3 6 8
19 20 14
18 20 2
3 5 5
6 7 11
7 10 12
4 6 13
11 14 4
10 14 7
0 4 4
18 22 5
5 7 3
20 23 14
11 15 4
10 14 8
1 3 12
23 1 17
17 19 16
11 12 5
17 20 19
0 6 11
6 9 16
4 6 4
1 3 3
17 19 6
5 9 6
3 5 3
22 1 13
4 7 13
9 11 8
13 15 2
11 15 9
6 9 10
16 19 15
22 23 3
7 9 4
19 21 9
12 14 11
2 5 11
1 4 16
11 14 6
15 17 14
8 12 13
17 19 18
1 3 14
13 17 16
1 3 1
9 14 17
18 21 18
9 12 5
6 9 15
8 11 17
17 21 8
23 3 15
20 23 10
5 10 11
2 5 14
9 9 11
6 8 4
20 23 12
12 17 18
8 12 11
0 1 9
23 3 8
19 0 11
20 22 6
5 8 15
10 13 7
21 1 1
12 14 13
5 9 13
16 17 19
14 16 14
23 1 1
7 10 14
21 1 11
9 13 7
6 6 13
11 15 4
22 3 17
9 10 18
7 10 7
3 7 13
5 8 12
9 12 6
2 4 14
9 12 3
19 20 5
13 16 5
3 5 15
19 22 2
7 11 7
0 4 2
6 9 2
11 13 13
3 7 8
17 20 16
22 1 7
5 9 3
20 23 7
5 7 4
6 8 2
14 16 10
12 15 18
8 12 5
6 10 9
10 12 17
21 0 12
13 16 16
21 0 15
20 1 14
12 15 9
8 12 2
2 6 18
1 5 5
23 2 3
7 10 7
21 23 16
2 7 19
17 20 15
0 4 9
2 4 7
15 19 5
4 6 2
14 17 13
1 3 13
14 17 2
8 12 15
15 18 2
0 3 3
18 21 4
10 11 5
0 2 15
7 10 2
10 15 8
3 7 3
6 11 1
4 5 7
14 19 13
9 13 1
9 12 15
10 13 13
13 16 4
10 13 5
4 6 2
20 23 16
22 2 13
21 0 14
20 23 18
22 1 19
18 21 10
22 1 16
17 21 8
17 21 16
16 18 16
15 18 10
20 23 9
9 13 16
13 16 13
21 2 7
22 23 15
14 17 19
7 10 11
5 8 18
19 0 16
19 21 6
14 17 14
2 7 4
7 10 10
13 16 4
20 23 9
6 8 18
22 0 5
14 14 6
5 7 10
23 4 15
6 10 16
4 8 6
19 22 15
17 20 17
18 20 12
13 16 19
13 16 4
20 1 17
8 11 14
21 22 9
20 0 11
2 4 1
6 8 18
0 2 1
11 14 16
14 16 15
18 19 1
17 19 2
23 1 7
9 12 4
8 11 10
14 17 2
16 18 5
19 23 16
15 18 6
1 3 17
8 10 5
6 8 3
0 4 12
22 0 11
18 21 7
17 19 16
9 10 15
12 15 6
2 4 3
19 23 5
5 8 16
23 1 14
18 22 8
23 3 18
3 6 13
10 13 19
3 6 8
15 19 16
22 0 2
4 8 10
14 15 14
0 3 3
23 1 6
22 3 7
4 7 2
15 17 4
7 11 2
7 9 10
20 0 3
5 8 18
0 3 11
19 22 13
6 10 14
13 15 15
3 6 14
18 21 5
2 5 2
2 7 3
15 18 17
1 5 2
11 15 1
0 5 6
1 3 3
5 7 12
22 2 1
12 15 17
22 1 2
0 2 15
20 23 11
14 16 1
16 18 12
16 19 13
12 16 14
23 2 18
16 18 17
6 8 6
23 2 3
7 12 2
3 8 13
9 12 16
18 21 8
6 8 3
13 16 2
7 10 15
14 18 19
1 4 4
12 14 19
15 18 2
13 16 12
23 2 7
21 22 17
8 11 12
23 2 10
9 12 13
22 1 4
20 2 18
23 2 13
22 1 8
5 9 2
9 11 17
0 4 6
19 21 14
10 12 7
19 22 7
13 17 3
4 8 17
19 19 8
5 9 8
21 1 5
22 3 13
13 15 1
18 21 5
21 0 4
11 14 17
2 7 19
17 22 8
1 5 7
7 10 5
1 4 8
8 10 7
10 13 14
10 15 9
15 18 13
2 7 17
13 16 18
4 8 2
7 11 12
20 22 11
1 5 18
12 14 9
17 20 13
9 12 15
14 18 1
15 18 19
12 15 3
21 1 4
14 18 19
1 5 8
20 0 10
0 4 15
8 11 10
20 23 18
4 6 4
3 7 17
9 11 15
1 3 16
15 17 13
10 13 17
23 2 18
8 10 18
23 3 1
1 3 2
13 17 11
5 9 13
17 20 12
19 22 14
12 14 19
13 15 7
3 6 3
20 1 1
12 15 11
23 1 9
10 12 9
15 18 2
0 2 2
21 1 18
21 0 1
9 14 14
23 1 4
17 18 1
21 2 2
11 14 13
1 4 13
12 14 16
19 22 15
16 19 7
23 3 3
23 2 11
6 10 6
15 18 16
3 6 5
14 17 14
15 18 13
20 23 9
22 23 4
22 1 9
9 12 4
11 14 5
7 12 4
11 13 16
23 1 8
18 21 8
1 4 13
2 3 4
8 11 14
15 19 14
17 20 5
10 14 8
21 23 3
0 4 15
7 10 15
17 20 4
0 4 16
17 19 10
17 20 13
18 20 14
8 10 1
3 6 11
7 9 10
18 20 12
19 22 3
9 10 8
20 0 7
1 4 19
6 7 8
15 18 5
21 0 5
6 11 5
1 5 19
14 16 17
10 12 13
19 21 19
22 1 14
3 7 14
4 6 17
23 1 5
7 10 15
5 7 10
1 4 12
21 1 13
14 17 4
22 1 17
13 16 16
3 6 11
1 4 15
2 3 19
16 20 2
9 11 1
0 3 3
8 10 15
13 16 9
9 12 13
13 16 4
10 13 11
17 19 19
4 7 10
2 6 12
20 21 1
3 7 3
21 0 18
16 19 14
18 21 18
20 23 3
16 18 3
21 0 7
6 9 3
11 13 3
4 6 12
22 0 12
5 9 14
15 18 8
7 10 10
5 6 16
3 7 2
5 8 2
8 10 4
6 8 1
14 17 3
1 4 13
19 21 1
5 7 7
7 9 11
23 2 19
7 10 14
13 14 8
21 2 5
2 5 19
17 20 15
4 7 15
23 3 6
4 8 11
6 10 15
23 2 3
0 4 8
15 17 6
19 21 9
3 6 17
19 22 15
11 14 16
2 4 4
13 15 12
10 13 5
10 14 11
22 1 14
11 14 9
22 0 18
23 1 16
22 23 1
12 16 9
6 10 11
11 14 18
23 2 16
6 7 11
18 21 7
0 2 17
19 20 13
17 22 1
5 7 1
21 1 15
23 2 3
3 6 14
3 7 6
9 12 12
16 20 16
20 22 8
21 22 3
7 8 2
23 3 5
4 8 5
3 7 7
18 22 17
5 7 9
0 3 4
9 10 16
1 5 17
16 17 8
14 17 3
17 18 1
6 8 19
0 3 11
11 13 10
12 14 12
14 17 8
20 23 10
10 11 1
3 5 17
18 23 12
4 6 19
11 14 5
20 1 2
18 21 8
19 0 10
0 3 3
7 10 5
2 5 17
15 18 13
11 14 4
21 0 11
1 3 8
3 6 12
11 14 4
14 18 4
13 16 19
8 13 1
20 23 8
14 17 10
0 5 8
20 23 17
12 14 14
4 6 5
3 5 7
18 20 9
7 10 7
17 21 3
21 4 4
17 21 4
23 1 14
23 2 11
9 12 9
19 22 9
22 1 12
2 7 3
14 19 5
19 22 18
11 13 10
12 15 10
10 13 17
1 4 8
18 21 16
9 12 1
21 23 5
13 17 16
3 5 16
23 1 5
