600 18
7 4 10 7 10 2 4 9 9 5 8 2 1 7 1 5 1 1 
18 22 5
8 10 6
22 23 9
0 4 14
21 0 5
20 22 17
21 0 18
4 7 2
5 7 11
23 1 17
18 19 7
9 12 11
8 11 1
12 15 16
10 13 3
3 7 9
12 14 16
10 12 16
17 19 4
8 11 17
14 19 9
3 6 17
0 2 18
13 15 17
13 15 7
10 14 12
0 3 4
6 9 13
20 0 4
12 15 13
5 10 11
2 5 16
5 8 17
14 19 2
17 20 4
17 21 12
19 23 15
2 5 3
9 13 6
17 21 17
0 -1 2
15 18 16
0 2 18
11 14 11
11 15 12
23 3 12
18 21 15
19 20 13
23 2 2
5 10 7
7 11 8
21 23 12
19 22 1
6 9 12
13 16 16
13 16 7
14 18 8
20 1 14
20 22 10
22 0 5
3 6 2
2 4 4
17 20 11
17 19 10
18 21 6
11 13 7
18 22 17
8 10 17
2 3 1
14 17 4
13 16 10
19 22 18
21 0 13
3 5 13
4 8 14
23 4 14
1 5 17
20 21 17
0 4 1
15 18 16
19 0 14
1 4 11
20 23 14
3 6 9
4 7 4
7 12 7
7 9 15
5 8 16
13 15 10
15 18 15
7 8 2
8 10 4
12 15 14
2 5 12
18 20 16
22 1 10
1 5 11
23 3 7
18 21 11
19 22 10
0 4 13
5 8 8
17 21 14
0 2 2
8 12 10
17 19 18
4 7 3
7 9 2
4 7 8
0 3 1
0 2 9
23 1 8
17 21 1
13 17 17
11 15 4
23 2 5
5 9 3
16 19 1
5 7 16
14 17 9
22 2 15
20 0 1
21 0 14
2 6 12
22 3 18
5 9 8
5 8 2
9 10 5
3 7 18
11 14 17
20 0 11
18 21 3
3 6 8
7 11 3
17 18 2
17 18 5
11 14 12
0 4 17
13 16 9
15 18 18
4 6 12
18 22 10
14 17 17
6 10 9
1 4 5
5 8 1
8 11 2
17 18 13
2 5 17
8 12 3
23 2 13
17 20 10
5 7 5
8 10 11
8 11 8
22 0 3
23 4 4
20 23 12
10 13 14
1 4 17
19 23 8
11 14 15
22 1 13
12 17 12
1 4 15
18 22 1
8 10 12
7 10 9
20 1 15
5 9 13
12 13 12
4 6 17
21 2 11
1 5 5
21 0 2
10 14 3
17 22 14
6 9 3
11 13 10
9 11 8
17 21 6
22 2 12
14 18 11
2 4 9
21 0 16
14 17 3
13 16 3
7 12 14
19 21 7
13 15 15
16 17 10
20 23 16
20 23 5
6 10 3
15 19 1
16 20 8
0 4 12
8 9 4
22 2 13
5 8 4
6 8 11
9 11 4
22 1 16
10 14 14
6 10 4
2 4 8
7 11 18
10 15 17
23 1 16
20 22 17
14 17 9
8 11 10
17 21 18
23 2 1
18 20 3
6 8 14
13 17 14
3 7 14
13 16 16
4 8 11
22 2 12
11 15 15
0 4 14
19 21 16
9 12 4
6 10 10
15 17 4
18 20 7
15 19 15
1 5 9
23 3 4
5 8 16
19 22 11
1 4 15
21 0 10
21 1 1
11 17 14
14 16 8
23 4 6
9 14 13
20 22 4
13 15 10
11 15 18
15 20 7
23 1 14
22 2 14
10 13 9
20 22 3
16 18 8
4 6 9
16 20 18
10 13 10
5 8 14
8 11 11
11 15 3
12 14 5
18 22 12
16 19 6
21 23 3
6 8 4
18 21 13
23 1 5
4 6 2
4 6 12
5 10 18
20 0 11
1 3 15
4 7 18
3 7 5
8 11 9
5 6 13
23 3 11
9 13 3
18 23 16
4 7 12
14 17 4
16 21 4
11 15 9
13 16 6
12 15 10
15 17 18
1 4 15
12 16 15
17 19 1
5 8 2
13 16 9
7 11 14
17 20 8
6 11 2
6 8 15
21 23 11
21 0 3
16 18 10
12 15 4
20 23 9
15 19 8
12 17 3
15 18 12
0 2 8
21 0 13
10 12 6
12 13 3
20 0 1
20 0 6
15 19 12
2 6 15
0 3 3
7 8 15
1 3 5
14 17 7
4 8 5
5 8 2
5 6 7
5 8 2
11 12 5
9 11 13
12 15 7
6 9 4
2 2 7
0 4 16
21 0 10
3 7 4
9 13 9
19 23 4
20 23 1
8 11 14
18 21 11
8 9 11
7 11 9
11 14 14
15 18 16
22 4 13
21 1 17
15 18 1
5 9 15
6 9 9
13 17 8
3 5 7
1 4 16
5 7 5
3 8 13
4 7 15
9 13 13
6 8 1
12 14 17
9 12 8
12 14 6
21 23 1
6 10 16
23 1 17
9 13 7
9 11 1
16 19 12
19 23 18
15 18 16
19 22 5
15 17 6
9 12 9
18 20 8
2 4 12
4 6 13
21 0 18
7 11 12
2 6 16
10 14 18
12 15 17
11 13 18
21 2 11
3 5 17
22 1 8
7 9 8
7 9 7
23 1 5
18 20 9
3 7 8
18 18 13
1 3 15
20 23 2
23 3 17
12 14 18
17 21 13
18 21 2
21 1 16
17 20 3
4 6 3
11 15 2
19 19 1
1 3 16
23 3 13
9 14 18
13 16 7
5 7 8
20 0 9
11 15 8
2 4 4
13 18 2
6 9 17
17 20 18
13 16 7
10 14 11
16 20 2
17 20 7
17 21 12
17 21 16
10 13 2
17 19 15
23 2 15
0 4 17
21 23 3
17 20 4
5 7 17
3 5 18
13 16 13
8 11 18
0 4 12
21 23 3
2 5 14
2 6 13
10 12 11
15 18 18
7 9 2
1 4 7
22 0 15
5 9 7
13 16 18
22 2 12
12 15 9
22 2 9
19 21 3
9 11 10
18 21 7
0 3 18
15 19 12
13 16 16
3 6 6
14 17 11
22 0 16
23 3 13
20 0 9
15 17 1
0 3 15
16 21 14
10 11 4
7 11 9
21 23 10
10 14 8
21 0 5
3 8 15
5 8 14
7 9 15
10 14 9
13 17 3
19 22 15
8 11 8
17 18 4
4 6 7
10 14 16
6 9 13
2 4 1
5 7 14
16 19 17
21 23 4
17 20 15
13 15 10
22 1 7
5 8 15
13 16 17
21 0 17
21 0 1
22 1 4
0 3 10
4 7 10
5 9 6
1 4 16
14 17 16
17 21 9
20 23 10
19 21 15
20 21 13
12 16 12
17 20 16
23 3 9
16 20 17
6 11 5
7 10 14
3 6 16
5 7 1
20 21 18
18 20 8
16 19 13
4 7 15
15 17 5
19 22 10
5 8 11
23 2 16
23 1 17
4 6 4
20 0 9
13 17 1
19 22 9
22 23 4
17 20 4
7 10 10
10 12 10
2 5 17
19 20 9
12 15 6
18 21 10
6 10 14
20 22 2
15 18 6
0 3 16
16 19 4
15 17 5
20 0 10
15 17 2
15 19 5
4 7 6
1 3 5
17 18 9
10 13 3
15 18 16
4 8 17
21 2 13
18 21 15
14 17 17
15 17 16
11 14 17
20 0 4
12 14 12
16 19 12
9 12 15
1 4 17
5 9 1
17 21 13
18 21 11
15 18 11
15 19 6
22 2 18
2 5 5
16 17 14
10 12 4
14 17 16
20 0 17
1 5 13
0 3 15
11 13 5
21 1 3
20 0 17
22 2 1
16 20 15
6 9 11
5 6 16
11 14 16
2 5 15
16 19 9
12 14 8
23 2 5
3 5 9
8 11 7
21 22 16
18 20 16
16 19 9
2 5 16
8 11 11
18 19 12
7 11 12
10 11 11
22 3 4
1 5 17
15 18 2
19 23 3
0 3 3
21 22 16
2 4 8
8 12 1
9 12 18
11 13 9
19 0 3
0 4 4
16 21 4
23 2 14
17 18 15
10 11 2
3 6 11
23 2 5
4 7 4
23 3 14
9 14 11
15 17 15
9 13 14
0 4 6
15 17 16
4 8 2
16 21 5
13 14 9
19 22 17
20 21 9
15 18 12
13 15 5
