650 17
4 6 2 9 10 10 1 9 10 8 3 7 6 7 6 7 6 
11 12 10
3 6 1
15 18 13
22 2 17
9 11 8
14 19 16
14 18 15
14 19 10
23 3 17
17 20 11
12 15 10
5 9 14
16 19 3
8 11 9
1 5 5
23 2 15
1 4 7
12 14 11
7 10 7
8 10 17
23 3 5
21 0 7
10 13 1
18 20 5
12 14 15
15 19 17
7 10 9
14 16 16
19 21 9
2 5 9
18 21 12
17 21 17
15 17 9
22 0 16
2 5 11
16 20 7
16 19 15
23 2 12
22 1 2
15 19 7
20 23 13
4 6 11
11 14 14
19 21 5
13 16 7
8 10 9
20 23 7
23 2 9
10 13 3
12 15 17
0 1 3
13 16 6
16 18 11
4 7 6
9 12 5
10 13 5
10 13 12
3 7 11
23 2 13
11 15 8
15 18 15
16 19 17
8 10 14
14 15 11
15 18 10
9 12 5
18 22 13
16 19 12
2 4 16
10 16 14
14 17 3
0 1 11
18 23 14
23 1 14
16 19 3
3 5 7
12 15 1
16 21 14
8 11 14
12 16 11
21 1 12
9 12 16
1 6 4
3 7 11
0 4 4
7 12 11
21 0 9
6 9 1
12 15 9
9 13 3
19 22 2
0 2 9
1 4 3
16 18 11
12 15 8
9 11 15
7 12 7
1 4 7
10 13 5
6 9 3
5 8 5
13 16 11
23 0 1
21 23 13
12 14 5
19 22 5
15 18 17
8 10 16
2 5 16
12 14 14
4 7 4
3 6 14
11 13 13
22 2 17
22 0 4
11 14 12
16 20 17
6 7 5
12 14 14
22 0 13
16 19 2
8 9 16
0 4 12
18 20 16
15 18 3
11 15 15
13 14 4
12 15 12
22 4 15
11 11 6
10 11 15
6 10 6
11 15 8
3 4 17
7 10 11
15 18 2
21 23 7
22 1 13
17 20 12
6 10 16
16 19 1
22 0 2
18 21 6
21 0 2
13 16 2
0 2 13
14 18 16
11 16 15
14 16 16
9 13 2
18 22 2
9 10 3
15 18 15
0 3 6
22 3 5
15 18 2
13 15 12
3 7 10
19 23 17
2 5 1
0 3 12
0 5 17
11 12 14
7 10 9
16 22 12
17 23 10
23 3 17
8 12 3
7 10 4
19 21 11
1 4 2
21 0 17
7 10 4
21 0 13
3 5 9
3 7 5
20 23 7
21 3 16
14 18 7
15 19 3
15 17 11
3 6 1
8 13 15
6 8 10
15 17 3
5 10 6
1 4 9
17 20 9
7 9 16
22 2 2
21 1 13
22 2 16
11 14 4
2 6 3
23 2 8
7 10 10
6 8 17
18 22 4
12 17 17
9 11 9
14 18 10
5 7 8
11 15 17
1 6 10
16 19 14
11 14 1
19 0 4
20 1 2
0 2 3
14 15 12
5 9 14
16 20 3
17 19 5
11 16 16
14 15 10
21 1 2
7 9 5
23 3 17
3 6 14
12 15 14
19 0 7
3 7 12
22 1 5
14 18 17
3 7 17
12 14 12
17 21 12
8 9 14
4 8 7
7 8 7
4 8 2
22 2 6
22 0 14
7 9 5
17 19 7
15 18 16
4 9 3
13 16 11
19 23 12
18 22 16
5 7 5
4 7 5
20 23 12
0 3 13
17 21 2
14 16 15
16 17 5
22 1 1
16 18 12
17 19 3
14 18 2
9 13 10
10 13 14
20 22 16
1 3 9
3 6 1
6 9 17
1 3 13
2 6 10
18 21 15
7 11 1
23 2 6
6 8 6
22 4 4
2 6 10
8 11 16
4 9 16
16 19 16
11 14 11
2 4 9
0 3 4
3 7 16
2 5 5
17 22 5
0 3 13
16 19 9
8 11 14
20 0 15
18 20 13
2 4 1
20 23 1
4 8 5
10 13 4
11 16 17
6 9 6
15 18 4
12 17 7
20 23 7
17 19 10
7 8 16
3 4 4
16 18 6
22 1 11
3 5 1
4 8 3
4 7 14
14 19 14
10 13 5
12 15 13
8 12 11
2 6 9
7 9 1
13 16 13
23 1 13
2 4 3
16 18 5
6 8 15
23 2 13
13 17 6
5 8 12
1 5 13
1 4 10
14 16 8
12 14 12
20 21 7
15 16 13
2 7 16
7 10 10
18 22 3
19 19 1
11 16 16
5 8 11
17 20 9
3 6 17
12 15 1
7 8 10
6 10 6
22 1 16
12 14 11
6 10 8
17 20 9
20 1 13
10 13 17
19 23 5
3 6 15
8 10 14
0 2 5
13 16 14
14 15 13
1 4 16
4 8 1
20 0 5
15 18 17
14 17 5
8 12 11
18 22 7
15 18 1
4 6 6
14 17 10
11 15 5
12 16 7
13 17 8
7 9 2
0 2 9
20 22 16
9 11 11
7 11 3
9 12 5
21 0 12
22 1 10
21 23 17
22 0 6
15 17 9
15 17 14
6 11 14
11 14 11
21 0 9
8 12 2
13 16 17
8 11 8
5 10 11
13 17 7
8 9 4
3 7 8
13 15 5
10 13 16
19 21 11
18 21 7
19 23 7
6 9 11
13 17 2
23 1 14
13 17 13
11 15 15
19 23 11
6 9 9
1 4 16
12 16 5
3 5 15
14 18 3
6 8 11
21 1 5
19 0 2
8 12 13
1 3 5
20 0 10
21 1 14
4 8 16
8 11 17
6 8 15
17 19 1
14 17 11
9 11 12
18 20 9
16 20 12
8 11 5
6 10 4
3 5 17
11 14 10
7 9 9
0 3 2
2 5 16
19 22 2
22 1 14
17 19 3
22 1 5
19 20 14
10 14 16
2 4 11
4 8 14
22 0 9
23 1 2
9 10 14
10 13 2
17 21 13
7 10 7
12 16 11
18 23 11
9 12 12
13 16 11
7 9 9
7 10 15
0 2 4
20 1 16
21 0 4
22 3 2
16 18 14
14 17 17
13 15 4
4 8 14
0 1 16
8 11 11
4 6 5
20 23 6
2 4 17
15 18 3
19 23 13
0 5 16
11 15 10
2 7 1
16 19 9
10 13 2
5 7 3
0 3 2
6 8 11
15 17 2
14 17 3
18 19 3
6 10 16
20 0 12
16 20 6
6 8 1
18 21 8
4 7 11
11 14 3
11 15 16
5 8 15
20 23 13
13 16 2
14 17 10
8 10 4
18 22 7
23 2 5
4 8 8
12 15 15
16 20 15
10 13 15
12 15 10
20 22 5
22 2 12
19 0 7
13 16 17
4 6 7
21 23 16
19 23 14
22 2 12
3 6 16
15 17 2
12 16 10
23 2 8
22 0 11
21 0 13
3 7 1
11 13 4
22 2 3
17 21 9
20 0 12
16 19 15
11 13 13
21 23 15
7 10 16
15 17 6
17 20 9
16 19 14
6 8 14
16 19 10
17 20 15
14 17 3
7 13 6
7 11 4
1 3 1
6 9 16
14 17 13
4 6 2
14 18 16
0 3 5
16 18 8
20 0 12
17 20 16
2 6 13
22 3 7
5 8 14
4 7 7
12 13 5
8 10 3
11 14 4
3 7 17
21 0 7
5 9 15
20 23 9
1 4 12
15 18 13
22 3 4
19 21 10
12 16 13
21 3 5
10 13 6
16 19 13
5 8 11
21 23 5
18 21 10
19 0 5
2 5 7
5 8 11
16 19 17
2 5 15
21 22 1
13 16 2
16 20 13
19 22 9
16 18 11
8 10 10
15 19 16
16 20 16
3 5 11
4 8 4
5 8 6
5 8 6
19 23 9
8 11 4
15 18 6
15 17 9
12 15 9
19 23 14
22 2 3
8 12 7
19 23 6
0 4 17
4 8 14
14 17 4
23 2 10
10 12 8
18 21 2
14 17 4
0 5 11
4 8 2
14 16 12
20 0 2
4 8 7
8 11 9
12 14 3
5 7 17
14 17 3
9 12 15
14 16 12
14 17 13
7 10 9
20 0 3
15 19 17
19 22 14
6 8 10
14 17 6
12 15 11
6 12 7
6 10 17
5 10 14
4 7 12
7 12 1
0 4 13
17 22 11
4 6 1
18 20 16
12 16 3
8 12 1
18 23 14
0 3 11
8 9 15
0 0 3
11 13 13
19 22 4
17 21 17
6 9 2
13 15 1
9 13 4
21 23 11
9 12 16
3 5 5
13 17 11
2 5 3
15 18 13
16 19 4
9 11 5
4 7 3
0 3 15
3 6 12
3 6 17
23 1 7
11 12 6
7 11 14
9 12 12
1 4 1
7 11 1
5 7 6
5 9 1
4 7 12
9 11 10
7 11 4
15 18 12
19 22 16
5 9 7
6 8 5
1 5 9
7 9 13
11 15 15
6 7 4
23 1 14
2 4 9
8 9 7
18 21 8
12 15 13
