750 4
2 7 1 5 
13 16 1
5 10 3
20 23 2
7 11 4
14 20 1
8 11 4
15 18 4
19 23 1
21 2 1
10 14 4
1 5 1
7 10 4
8 9 4
14 17 3
10 12 1
5 9 4
23 2 2
13 16 2
0 1 2
15 19 1
11 13 2
11 14 4
8 13 3
13 15 2
18 20 4
5 7 2
4 8 4
10 15 1
9 11 2
9 12 2
22 2 4
20 0 1
8 12 2
17 20 3
20 22 4
11 12 1
7 11 3
10 13 2
16 20 2
0 2 1
19 22 2
18 21 1
3 6 3
18 20 3
17 19 1
15 17 3
16 20 4
13 15 2
14 16 3
2 5 3
0 2 2
7 10 1
21 1 1
11 14 3
8 11 3
0 4 4
7 10 1
7 9 4
2 5 4
6 8 1
6 10 1
15 18 2
16 20 3
8 11 3
10 13 2
15 19 4
5 7 1
2 3 3
12 14 2
6 8 3
23 2 3
1 2 4
3 6 4
21 23 4
10 13 3
23 2 4
13 15 3
22 2 3
16 16 2
22 0 4
19 0 1
1 4 4
12 16 4
12 15 2
15 17 1
1 5 2
9 12 1
6 10 4
0 3 4
3 6 3
17 21 1
21 0 2
23 2 4
0 3 2
16 20 2
23 2 1
2 5 4
5 8 1
19 23 4
12 14 2
22 1 1
17 20 4
7 9 3
8 12 4
0 2 2
4 6 3
10 12 2
21 1 3
19 20 1
6 9 3
9 12 2
15 20 2
10 12 2
17 21 4
11 15 2
2 5 2
15 18 4
7 10 1
16 18 1
1 3 2
20 0 3
17 21 1
5 7 3
7 10 4
20 0 1
3 5 1
20 22 4
13 17 4
16 20 2
19 22 3
4 7 3
15 18 4
10 13 4
0 1 2
6 9 1
3 5 3
4 8 1
10 13 2
16 19 1
6 10 4
16 19 2
12 14 3
23 3 3
15 17 4
2 3 2
10 15 4
23 3 1
3 6 1
16 20 1
10 15 2
17 19 3
3 5 3
15 18 1
21 0 3
4 6 1
6 8 4
16 18 1
12 14 3
14 15 2
23 3 4
6 8 2
3 4 2
4 8 4
17 21 2
3 6 3
2 5 2
14 19 2
7 12 1
14 18 3
4 6 2
15 18 4
7 9 4
17 20 2
5 7 4
16 19 3
8 9 1
13 17 2
6 6 1
17 21 4
0 3 2
6 8 2
18 21 4
4 7 3
0 1 4
6 9 4
17 19 1
12 14 2
21 1 3
12 14 4
2 5 4
13 16 1
6 9 3
23 1 4
4 8 2
3 6 3
11 14 3
10 14 2
17 21 3
18 21 4
7 10 1
1 5 1
16 20 1
2 4 1
11 13 4
22 2 3
11 16 4
23 2 2
16 19 2
15 19 4
11 15 2
15 18 1
22 1 3
20 23 4
15 17 3
19 23 2
19 0 4
23 2 2
11 14 2
17 18 2
19 23 1
8 12 4
9 12 3
17 19 2
12 15 1
20 23 4
4 7 1
15 18 3
0 2 4
8 12 3
6 8 2
9 13 3
20 23 4
9 13 3
14 16 3
21 0 4
6 8 4
17 19 1
2 6 2
4 7 2
17 21 4
11 14 4
20 22 4
13 15 1
20 0 2
11 14 1
22 2 3
11 14 2
20 23 1
22 2 3
5 8 1
8 11 4
11 15 2
4 7 4
7 9 3
15 18 3
23 2 3
23 1 1
23 3 3
10 14 1
4 8 3
2 6 1
13 15 4
15 19 4
16 19 2
7 10 3
4 5 2
9 13 2
11 14 1
0 5 3
9 13 3
10 12 1
12 14 1
9 13 1
7 11 4
15 18 2
17 20 2
10 13 1
22 2 2
22 2 2
1 4 2
16 19 2
23 1 4
21 1 3
5 8 3
14 17 4
8 12 3
19 0 1
1 4 2
6 10 3
19 21 2
19 22 1
3 7 4
23 3 3
5 6 3
18 21 3
3 6 4
3 5 4
21 23 1
13 17 4
23 3 3
22 1 3
2 4 3
14 19 3
15 17 4
16 20 2
18 23 4
3 5 2
17 21 3
11 13 3
23 2 1
21 0 2
21 1 2
13 18 3
6 7 4
12 16 2
20 1 4
2 6 1
16 18 4
0 2 2
21 0 4
0 3 4
14 16 1
21 22 4
6 10 1
8 10 4
9 12 2
2 3 2
1 3 3
10 13 2
0 3 3
6 9 1
11 12 2
10 13 1
13 15 3
12 15 4
16 19 2
17 20 1
3 6 3
9 12 4
8 11 4
9 15 3
10 13 1
1 4 2
15 19 2
2 5 1
2 6 4
20 21 3
21 23 4
5 7 4
0 2 4
8 11 2
0 4 3
19 23 4
18 22 1
6 10 4
22 1 1
12 14 4
3 8 4
7 11 2
20 23 1
4 8 4
16 19 3
5 8 4
18 23 4
0 3 3
23 3 3
0 3 3
7 10 4
11 15 1
15 19 3
7 10 4
22 2 2
15 19 4
0 5 4
0 3 2
10 11 1
13 18 1
19 1 3
19 23 3
21 23 1
19 23 2
13 16 1
9 12 1
15 19 1
11 16 2
19 22 1
6 8 1
0 3 2
11 16 4
18 22 3
6 10 2
20 23 4
10 14 4
5 9 1
5 9 4
0 3 3
16 18 1
4 5 4
5 10 2
19 23 4
17 19 2
5 7 1
14 16 4
5 7 3
19 23 1
20 0 3
0 5 4
17 20 3
21 23 2
9 13 3
23 2 2
15 19 2
19 22 4
2 5 2
11 14 3
14 16 2
17 19 1
19 21 2
7 9 4
9 11 3
4 8 4
6 11 2
7 10 2
22 1 1
21 23 4
0 4 1
5 6 4
13 15 1
11 15 3
18 22 4
6 8 4
21 2 4
11 16 4
3 6 1
17 19 3
3 4 1
9 13 4
12 17 3
3 8 1
3 6 1
1 4 3
18 21 1
16 18 4
22 1 1
15 18 3
19 23 1
6 9 3
17 20 2
7 10 2
3 5 2
7 11 2
7 12 4
16 17 2
8 10 2
10 12 4
14 15 4
17 19 4
5 8 3
18 21 4
3 5 4
6 8 1
19 20 1
19 22 4
15 19 3
20 0 3
4 9 4
12 15 3
19 23 3
9 13 1
13 16 1
2 6 1
6 11 2
22 0 1
12 14 3
21 2 2
17 21 2
7 9 3
13 15 1
10 13 4
12 15 4
8 11 1
7 10 1
14 17 4
3 5 4
17 20 4
17 19 3
1 4 1
0 3 2
11 14 3
0 5 3
2 5 1
10 14 4
3 7 1
13 16 3
12 14 2
11 14 1
12 16 2
16 22 4
15 18 4
1 4 4
17 22 1
16 19 2
3 7 3
20 23 1
21 0 4
8 10 3
6 12 1
6 10 4
18 23 1
9 12 1
8 12 2
9 13 2
1 3 2
6 10 2
1 4 3
11 13 1
12 15 4
21 0 2
15 17 2
10 12 4
20 22 4
9 13 2
23 4 2
1 4 1
16 18 4
23 2 1
17 21 4
2 5 1
0 1 2
7 11 1
3 5 3
2 5 4
6 9 3
5 8 2
18 21 2
22 2 3
16 19 1
17 21 1
2 6 4
7 11 1
2 5 4
11 13 2
17 22 3
12 16 4
13 16 3
7 10 4
6 10 4
22 1 2
7 10 2
23 2 1
3 5 2
1 5 3
12 15 2
2 6 1
19 22 1
14 17 1
14 15 2
20 0 4
10 12 3
3 7 2
8 9 4
3 6 4
11 15 3
13 15 3
15 20 1
14 16 1
7 10 4
12 15 3
12 15 2
10 12 2
20 21 3
15 19 2
2 6 3
15 19 2
10 13 2
20 23 1
18 20 1
19 23 2
4 7 4
20 0 1
6 8 3
17 21 1
7 9 1
4 7 3
23 2 4
7 12 4
10 12 3
13 15 4
21 1 3
1 4 3
13 17 1
5 6 3
17 21 2
18 19 4
2 4 1
0 3 4
17 20 2
15 18 1
19 23 4
13 17 4
19 22 4
6 8 4
1 3 4
19 22 1
2 6 1
14 17 3
20 0 1
19 23 4
16 23 1
3 5 3
3 7 1
14 16 1
0 3 3
21 23 3
2 6 1
4 6 3
11 17 1
6 9 1
20 2 1
21 0 3
7 9 1
4 8 1
3 7 3
20 22 2
17 19 1
15 18 1
3 6 1
19 22 3
20 21 4
22 0 2
17 20 3
6 10 4
12 18 1
3 6 4
16 20 2
5 9 1
2 4 2
23 3 1
8 11 2
3 7 4
11 13 3
3 5 3
12 15 2
14 16 3
20 22 1
6 11 2
8 11 3
17 20 3
6 10 4
11 15 4
12 15 2
6 9 1
16 19 1
19 22 4
10 14 2
14 16 2
1 3 4
13 18 1
0 4 2
22 1 4
7 9 3
11 16 4
21 23 4
23 0 4
10 14 1
16 19 1
21 23 3
1 6 4
0 3 4
23 2 4
12 16 4
19 23 4
0 4 2
5 8 4
11 14 3
3 6 1
15 18 3
6 10 4
17 19 3
15 18 4
15 18 4
7 10 4
14 17 2
4 8 4
18 21 1
8 10 3
3 4 4
15 18 1
9 13 3
1 4 1
6 10 2
2 5 4
18 22 3
16 20 1
13 15 2
18 20 4
19 23 2
18 22 3
20 23 3
23 4 2
18 20 2
22 0 1
16 19 2
16 19 1
0 3 1
23 3 3
1 3 1
5 9 3
18 21 1
5 9 1
3 5 4
20 22 4
18 23 3
8 10 3
6 10 2
7 9 1
10 13 3
3 7 1
3 7 4
5 8 3
19 23 1
13 17 3
2 5 3
16 20 3
21 0 3
8 12 2
4 5 2
10 13 4
7 9 1
6 9 4
10 15 3
7 10 1
16 19 4
16 20 2
17 20 2
0 4 3
12 17 4
8 10 1
19 22 3
14 17 4
16 19 3
2 4 2
21 1 2
13 16 2
17 21 2
20 0 1
4 8 3
18 22 1
11 16 3
9 12 1
