1200 11
2 4 5 4 2 7 1 9 9 3 3 
20 1 9
19 23 3
9 12 2
15 19 5
9 12 10
23 3 4
8 10 5
3 4 10
22 2 10
2 7 10
14 17 7
0 1 6
21 1 9
15 18 6
21 23 2
5 7 2
21 0 6
6 9 8
18 21 3
15 19 6
8 11 7
11 12 6
19 22 8
19 22 11
18 22 8
18 20 1
23 1 9
3 4 11
1 4 4
2 7 6
16 18 11
22 2 1
16 21 1
9 13 2
16 19 10
6 7 7
2 4 5
8 11 2
5 9 2
16 17 5
23 2 9
13 18 3
7 11 5
14 18 8
18 21 8
15 16 3
18 21 8
20 0 4
18 21 1
3 7 8
11 14 8
21 23 5
11 14 4
1 3 7
19 23 7
12 15 6
22 1 1
3 5 1
11 14 6
5 9 9
18 22 3
4 6 5
5 8 6
8 10 10
1 3 10
8 11 4
20 23 4
11 11 5
17 21 10
11 14 5
23 3 6
16 20 7
10 13 3
19 21 1
17 20 4
19 0 8
4 6 6
4 7 7
4 7 3
11 14 11
9 10 1
12 16 1
1 3 6
17 22 10
2 5 5
21 1 2
17 18 11
17 23 8
17 18 11
4 7 1
7 8 7
1 4 4
8 11 9
19 23 10
10 14 1
11 12 11
20 23 4
7 11 2
18 23 2
6 8 7
18 20 7
8 12 7
14 18 4
15 19 3
18 19 9
18 21 1
7 8 5
1 3 9
17 20 4
17 18 10
3 7 7
9 12 8
0 1 8
1 4 2
8 12 10
4 4 9
6 9 7
20 23 3
15 17 3
12 14 2
10 14 8
4 8 4
15 17 8
21 0 4
12 16 5
5 9 1
11 13 7
17 18 8
9 12 8
5 9 10
0 2 9
12 16 10
9 12 6
23 2 6
0 3 11
12 14 6
0 4 2
22 2 5
19 0 1
14 19 7
5 9 6
10 13 4
20 0 9
11 13 3
9 12 3
11 15 11
15 18 3
9 10 4
8 13 7
13 16 5
11 12 1
19 22 6
11 14 1
7 11 7
9 12 10
0 4 4
22 1 10
17 20 11
0 3 7
19 21 8
16 19 10
2 4 1
23 1 11
7 10 6
11 15 11
22 3 2
20 23 1
5 8 6
4 7 7
5 7 2
19 23 6
6 10 11
10 12 6
10 14 9
2 4 1
17 19 10
3 6 3
3 6 9
1 3 3
10 11 1
15 16 1
12 15 9
3 6 4
0 4 10
6 9 2
22 0 4
19 23 4
19 22 5
8 10 7
18 22 9
19 21 2
16 17 8
4 7 5
19 21 3
17 21 9
9 13 7
0 3 8
9 12 10
6 9 7
22 3 1
22 1 10
17 20 7
1 5 11
5 6 8
9 12 2
1 3 5
16 21 9
10 16 7
17 20 5
15 17 6
20 23 7
12 13 9
0 2 9
13 15 10
21 0 6
2 5 7
1 6 9
23 3 7
18 21 9
3 8 11
20 1 11
10 13 2
12 16 4
13 15 3
22 1 8
11 14 11
5 8 10
1 3 9
10 13 10
20 1 5
4 7 9
15 18 5
13 16 11
2 5 6
3 5 1
17 19 5
12 14 2
5 9 1
22 1 6
20 23 3
4 8 9
1 5 9
6 10 4
2 5 3
10 12 11
13 17 11
15 16 5
11 14 9
9 12 1
15 19 9
3 6 1
15 18 3
0 3 9
15 19 3
4 8 9
0 4 8
13 16 7
20 21 7
12 16 4
2 6 1
19 22 3
1 3 10
5 7 10
14 18 3
16 20 5
5 8 1
12 15 3
3 7 3
8 11 9
23 2 8
14 15 9
0 3 7
0 3 7
12 16 10
3 5 9
20 1 6
6 10 9
12 14 10
9 11 10
5 9 11
3 6 9
8 11 8
8 10 4
5 6 2
14 17 11
15 18 6
20 23 3
12 16 6
17 20 8
12 14 2
18 22 10
23 1 1
18 22 11
14 16 1
17 19 1
16 20 7
9 11 11
10 14 9
7 9 7
21 23 1
20 22 4
21 0 6
11 12 7
17 20 3
23 2 9
20 23 6
15 17 7
10 13 8
10 13 9
6 11 6
3 7 11
19 23 4
6 9 1
7 10 9
11 13 6
23 0 9
14 17 5
23 3 10
15 17 8
3 5 2
11 13 1
6 6 9
6 9 11
17 20 6
3 5 2
2 4 6
21 0 4
2 6 8
22 0 2
6 9 9
16 19 8
6 9 3
17 19 10
5 6 10
20 22 7
3 7 7
4 7 5
3 6 11
12 14 1
8 12 10
21 1 2
17 21 3
10 14 6
22 0 8
23 3 3
3 5 11
1 3 8
10 12 7
16 17 9
6 10 7
14 16 4
8 13 10
0 3 2
9 13 1
6 9 4
11 15 5
8 13 11
8 12 6
3 6 4
14 17 1
15 16 2
5 6 9
7 10 1
12 15 7
19 22 4
23 2 2
19 23 3
5 8 6
6 7 5
0 3 10
3 6 5
23 3 6
11 14 9
10 13 10
19 23 4
0 2 9
15 19 9
1 3 4
11 14 9
20 22 2
17 21 2
12 14 1
23 3 4
19 22 5
19 22 4
21 0 4
5 8 4
17 21 1
23 3 3
16 20 7
12 13 2
22 2 9
18 22 2
0 3 8
6 9 10
14 17 2
11 14 7
12 14 9
18 21 10
9 13 5
14 17 9
14 17 9
8 11 7
18 20 11
15 18 7
12 15 6
21 23 6
12 16 1
11 14 4
0 2 3
15 17 5
11 12 7
11 14 9
18 21 5
16 17 9
15 18 7
18 21 6
11 12 3
21 23 6
15 17 1
5 7 6
7 11 1
13 17 7
1 4 5
16 22 9
20 23 7
11 13 10
1 4 1
13 14 5
9 11 10
13 16 4
1 4 11
16 18 5
18 18 4
8 10 2
7 9 8
15 18 10
16 20 10
4 7 3
2 6 5
4 7 7
8 11 11
11 13 4
18 22 3
5 10 1
21 1 10
17 20 2
11 15 7
12 15 1
3 5 7
11 13 9
13 16 10
12 15 10
11 14 3
13 16 9
0 3 9
9 11 3
18 22 11
10 12 1
8 12 11
17 20 7
22 0 11
14 17 4
18 20 6
1 4 10
12 14 2
14 15 2
7 9 1
0 4 4
9 11 10
11 12 1
10 12 4
6 9 10
11 15 7
2 5 9
18 20 1
10 13 11
5 8 6
15 17 4
16 19 5
10 14 6
4 8 3
5 7 3
17 20 11
7 10 1
4 7 5
8 11 7
6 8 2
14 16 4
21 0 9
1 3 5
5 9 8
9 14 2
16 20 7
21 23 4
7 9 6
6 11 5
21 1 7
9 13 3
9 13 10
7 10 7
10 13 11
19 23 1
5 6 11
6 10 9
15 17 8
5 6 7
18 20 6
13 14 4
7 10 4
15 19 9
11 15 1
7 10 7
3 6 2
19 23 1
2 4 4
23 1 6
13 15 7
18 20 3
9 12 8
21 1 8
7 10 1
19 21 11
0 2 8
16 20 3
22 3 1
17 20 7
1 4 10
11 14 5
23 1 6
10 11 8
8 11 2
16 20 2
13 17 5
15 18 6
0 2 10
2 5 7
5 8 11
1 5 6
23 3 8
16 21 10
6 8 7
0 3 5
14 16 11
21 0 9
22 1 10
18 21 2
4 6 10
17 21 5
1 5 8
1 4 8
19 22 1
16 18 3
13 15 9
10 15 4
21 23 6
5 10 5
21 23 9
3 7 11
9 10 5
13 16 4
7 8 4
0 4 3
19 21 8
1 3 7
23 2 6
17 20 1
18 22 1
6 10 2
6 9 7
14 17 1
23 3 11
14 16 1
1 3 10
23 3 5
2 4 3
22 0 11
15 18 10
15 16 11
6 9 5
12 14 3
8 12 1
21 23 4
16 20 5
18 22 10
19 20 3
22 1 5
11 15 9
19 22 1
5 8 1
9 13 8
19 23 5
22 1 5
21 23 4
13 16 9
17 20 11
3 7 10
1 5 8
10 13 10
0 2 6
9 12 2
13 16 7
11 13 2
13 16 4
10 14 3
8 12 4
14 16 3
16 18 9
0 3 11
5 7 5
20 22 10
14 18 9
14 16 6
9 13 2
4 6 2
5 8 8
17 18 5
4 6 8
15 15 11
10 13 3
5 9 9
16 18 6
22 2 8
21 1 4
13 16 6
4 9 10
0 2 4
4 6 5
11 16 2
9 12 3
18 21 7
20 23 6
4 8 1
2 5 8
23 1 4
22 1 1
3 5 2
20 0 6
21 0 7
9 12 1
8 12 11
12 16 10
12 16 7
7 10 6
11 15 1
23 2 1
11 16 8
10 13 7
22 0 4
5 7 10
21 2 7
0 3 1
16 19 8
3 6 2
19 22 6
13 15 11
18 21 6
12 16 8
9 10 6
14 17 5
2 5 3
8 9 8
12 14 3
17 20 2
0 2 6
18 19 2
12 16 4
8 11 10
20 22 7
13 16 2
1 3 3
13 16 2
11 15 5
23 0 8
21 0 4
8 9 10
7 10 8
3 5 7
6 8 5
18 21 3
12 14 11
14 16 9
16 20 8
17 22 3
9 12 10
12 14 10
6 9 3
16 19 3
11 12 10
17 19 7
3 6 7
8 11 9
23 2 11
23 2 8
23 2 1
21 1 5
11 15 5
22 3 6
15 18 3
8 14 8
18 23 3
23 2 2
9 10 4
3 6 4
6 10 5
22 2 4
21 23 11
11 14 11
9 12 10
8 11 10
22 2 1
16 20 7
2 8 1
0 1 9
2 8 10
14 16 9
23 3 1
21 0 6
21 21 9
5 8 4
17 19 5
19 22 2
4 8 5
18 19 3
4 5 2
5 9 10
17 21 2
11 14 8
19 23 6
13 16 9
19 22 3
17 19 2
23 3 2
23 2 4
3 6 1
1 4 7
6 10 11
16 19 2
14 16 9
0 5 8
4 7 6
1 4 2
16 21 3
10 12 11
23 1 1
18 20 10
2 4 7
16 18 6
18 22 6
19 23 4
22 2 4
16 19 9
1 3 9
15 16 9
11 13 8
23 3 9
8 10 3
3 6 6
14 20 3
14 17 7
15 18 11
11 14 9
2 6 4
7 9 6
2 4 6
9 11 4
8 10 4
14 19 1
1 4 7
18 22 6
4 7 10
10 12 3
22 23 11
2 5 11
1 4 4
1 4 4
18 20 4
18 21 9
13 16 9
14 18 10
17 19 1
16 20 7
21 0 3
21 2 2
22 3 2
19 22 5
12 14 6
5 8 5
3 4 5
14 15 11
22 0 1
14 17 9
11 15 11
21 23 6
12 15 5
6 9 4
6 8 11
11 14 10
5 8 3
6 10 3
7 10 3
7 11 4
3 6 3
2 5 5
21 0 10
2 4 7
0 3 3
5 8 6
5 9 4
3 6 8
2 3 4
20 23 7
21 1 5
13 16 10
17 19 8
19 21 4
13 15 8
5 10 5
20 0 3
5 9 6
18 20 11
12 15 2
15 18 8
10 12 9
3 5 9
1 4 1
18 21 6
2 5 4
2 6 10
2 4 3
21 2 6
11 15 10
18 21 9
14 18 10
16 19 6
5 6 5
23 2 1
0 3 2
14 17 2
3 7 3
21 23 5
7 9 2
15 20 1
18 21 4
7 9 1
22 2 8
9 10 5
11 13 8
16 19 11
0 4 9
17 20 2
21 23 5
19 23 3
23 2 6
20 0 6
7 10 3
22 3 3
17 20 5
12 17 4
10 12 7
20 0 10
18 21 3
14 17 6
19 20 6
1 5 11
19 23 2
18 20 9
2 5 7
17 19 1
9 13 10
5 9 1
23 1 7
2 5 5
15 18 1
9 12 11
9 11 7
15 19 9
7 10 11
6 9 2
1 4 11
1 4 10
0 1 3
8 12 7
2 5 3
1 4 3
12 14 2
12 13 5
14 16 11
18 20 8
15 16 6
10 12 4
12 14 2
23 2 2
4 6 5
19 21 6
21 1 8
4 8 2
22 1 2
12 15 1
2 6 7
4 7 10
9 10 3
12 14 9
2 5 8
23 0 3
14 19 9
19 22 7
3 5 2
6 7 1
16 18 4
15 16 7
9 12 1
1 6 5
20 22 1
7 11 10
16 19 5
18 20 2
2 3 4
14 18 8
15 19 5
17 19 3
5 8 11
1 5 3
20 0 9
11 15 10
7 11 6
11 13 5
5 9 3
22 1 6
15 18 6
12 14 1
3 6 4
4 8 5
16 19 2
14 16 5
23 4 6
6 10 2
23 1 1
5 8 9
6 10 11
17 19 7
5 9 10
9 12 9
15 18 9
0 4 2
14 17 9
12 15 3
8 12 2
10 14 10
1 6 11
4 6 1
1 3 2
10 13 3
5 6 2
23 3 3
6 10 2
22 4 3
12 14 3
14 17 5
5 9 7
21 0 4
18 21 10
18 19 3
0 2 1
21 22 11
4 6 3
10 14 6
6 8 11
18 20 8
5 8 4
21 0 3
7 10 10
7 9 10
8 11 8
15 19 4
2 4 11
22 1 8
10 15 2
18 22 6
15 18 8
12 16 1
15 18 8
6 8 2
18 21 10
19 22 8
19 20 4
13 17 10
20 22 8
10 12 9
21 0 11
4 8 8
7 10 9
8 11 6
4 8 1
6 9 7
10 13 10
7 8 9
16 18 10
3 4 6
22 1 8
10 15 9
15 18 4
5 9 4
13 15 6
0 2 5
18 22 8
10 14 3
20 22 3
21 0 11
10 13 4
10 12 6
17 21 10
3 8 4
21 1 8
17 20 1
14 18 5
17 20 5
8 10 5
11 14 9
23 1 9
15 20 7
6 8 4
7 11 8
13 15 4
4 7 3
7 10 5
2 6 2
2 7 11
17 18 4
1 3 4
21 0 4
10 15 9
19 21 4
19 21 11
16 21 3
4 7 9
3 5 11
11 13 7
23 3 6
4 6 10
20 22 1
19 21 4
16 19 7
19 21 11
22 0 4
0 4 2
5 8 6
17 19 6
6 9 6
15 16 11
9 12 2
22 2 7
11 14 9
23 1 11
0 2 7
10 13 2
7 9 7
1 3 4
18 21 5
19 23 4
13 17 11
17 21 5
21 0 10
10 13 10
15 19 3
12 14 8
13 18 7
7 9 6
2 5 10
19 21 9
8 11 6
11 13 3
5 8 6
12 15 10
8 12 2
19 22 11
12 17 11
18 20 10
14 17 3
2 6 5
13 17 9
13 17 6
23 3 8
6 8 4
22 1 7
15 19 3
1 5 2
5 9 1
10 13 10
15 19 5
12 15 2
7 12 8
5 8 6
11 14 4
12 15 4
13 15 10
20 22 5
21 0 11
4 7 7
1 3 3
21 2 3
9 11 4
17 19 3
3 6 3
6 10 6
14 18 6
20 22 4
2 5 1
19 22 2
16 20 8
22 2 5
13 16 10
6 9 6
10 12 1
12 16 3
17 18 1
6 10 4
22 23 10
4 8 6
20 0 3
23 1 10
14 16 3
5 7 1
16 18 4
17 20 7
23 1 2
14 18 5
2 5 6
21 22 2
4 4 11
3 6 2
14 15 5
2 4 6
13 17 6
0 2 10
2 6 3
9 14 11
1 4 11
17 19 7
21 23 9
1 5 2
23 3 4
19 22 2
18 20 10
19 21 1
21 0 11
7 8 11
17 20 3
1 4 9
2 5 6
4 5 2
11 14 2
20 23 9
16 19 5
19 21 6
19 21 1
0 3 3
7 11 9
16 19 2
10 14 5
21 23 9
3 6 10
22 1 8
9 13 2
13 17 8
0 4 2
11 13 6
23 2 1
5 9 7
5 10 7
22 1 2
21 0 1
12 14 9
6 9 3
16 19 6
13 15 3
12 15 3
20 21 6
15 18 2
10 13 3
17 19 10
1 4 8
16 16 9
22 1 1
11 14 8
2 4 11
6 9 7
20 21 10
12 14 6
11 14 8
15 19 10
20 22 8
8 11 8
18 22 9
13 16 8
20 22 9
18 22 2
2 5 8
20 22 7
20 23 3
