100 11
8 2 1 10 8 6 8 1 2 4 5 
10 12 9
23 3 7
23 3 3
21 0 3
11 13 10
15 17 5
12 16 11
23 4 7
14 17 7
18 19 5
23 4 7
4 8 1
3 7 4
2 4 11
18 20 3
18 20 4
22 1 3
8 12 7
15 17 1
12 14 6
15 18 4
19 23 8
6 10 4
18 21 1
11 14 1
4 7 10
16 19 4
4 8 7
13 16 11
22 2 1
12 15 11
15 19 6
7 10 8
13 16 10
16 19 10
11 12 3
8 11 4
3 7 11
16 18 3
6 8 6
7 8 8
16 19 9
18 20 2
7 10 2
17 18 7
2 6 11
13 16 1
18 21 2
4 9 4
18 20 5
21 23 6
3 5 6
22 0 9
18 21 9
11 14 8
7 10 8
16 19 7
8 11 7
17 20 7
8 10 4
17 22 11
21 0 4
21 0 11
5 8 5
16 20 10
2 4 10
1 4 8
9 11 5
15 17 10
21 1 6
1 4 3
5 7 4
20 23 4
0 5 10
7 10 3
0 5 5
7 10 4
9 12 2
14 15 9
17 21 1
12 16 9
2 3 10
6 11 4
0 4 2
5 9 10
7 8 7
1 5 2
10 14 5
8 11 5
9 13 8
5 7 6
14 16 5
17 18 4
2 4 5
5 9 6
23 2 6
1 5 9
23 2 1
1 3 5
5 9 11
