2900 15
6 6 10 2 3 6 5 10 6 8 4 4 7 2 2 
9 12 13
2 5 10
16 20 8
8 12 3
11 13 4
19 22 11
2 3 15
13 16 4
4 7 7
22 1 3
15 19 2
10 13 5
16 20 10
3 7 1
15 17 13
21 23 6
12 14 11
6 9 6
2 6 11
0 2 3
5 8 5
21 1 4
13 15 6
1 4 5
2 6 15
6 9 1
0 2 6
23 3 4
12 16 13
5 9 15
12 18 10
11 14 4
11 15 3
0 3 5
14 17 9
10 14 4
23 1 2
22 1 5
15 18 8
8 10 2
9 13 15
19 23 5
17 20 5
19 20 14
11 14 15
17 21 15
5 9 10
14 17 6
0 1 15
2 6 7
21 21 1
5 7 1
21 0 10
6 9 14
15 17 14
12 16 2
9 13 14
9 12 4
11 14 12
8 10 7
3 7 1
11 15 5
18 22 5
17 20 7
7 9 3
8 9 1
6 11 13
9 12 14
17 21 6
13 14 4
8 12 2
8 12 14
4 6 6
13 17 5
15 18 10
0 5 10
12 15 5
15 18 12
13 17 2
15 18 9
20 0 7
12 15 4
14 16 15
3 7 3
14 18 7
19 20 7
18 19 3
2 8 2
15 18 8
10 13 11
0 2 4
9 12 14
10 11 14
11 12 13
5 8 4
20 23 3
3 7 15
15 18 3
8 12 1
10 12 11
19 22 5
2 6 11
7 10 2
13 15 12
22 0 10
20 0 6
12 15 5
14 16 7
7 8 6
23 1 11
16 20 4
6 7 10
22 0 15
17 21 12
17 21 4
19 23 4
1 6 7
3 5 8
6 9 10
9 13 2
17 19 10
10 12 6
13 17 6
14 16 2
3 5 8
4 7 15
2 8 1
2 7 1
23 1 8
21 1 3
12 16 6
5 8 7
13 17 5
15 17 14
23 2 13
19 21 11
21 0 8
9 12 7
3 5 4
6 9 13
9 12 2
11 15 7
11 13 2
23 2 13
6 11 10
19 22 3
22 2 3
8 11 5
2 5 10
11 14 10
9 10 6
6 8 10
22 0 3
15 20 10
13 17 1
21 22 1
21 2 6
9 12 12
7 11 15
21 1 9
23 3 11
12 14 8
17 20 13
2 5 4
20 23 11
14 15 9
14 18 14
18 21 5
18 21 12
14 17 11
16 19 9
7 9 10
12 17 7
1 6 13
4 8 1
4 6 3
6 9 9
11 14 14
19 21 4
4 7 12
23 2 14
13 16 6
21 1 13
9 11 13
11 16 6
16 19 10
17 21 12
14 17 6
1 5 11
20 23 15
5 8 12
3 7 4
4 7 7
2 4 11
3 4 5
15 18 9
1 2 2
14 16 13
16 19 6
12 15 5
22 2 10
16 17 1
22 2 4
16 19 6
2 4 9
20 21 10
18 21 11
11 14 11
3 6 9
7 10 1
13 17 3
0 3 4
0 3 8
15 17 5
7 9 5
18 21 5
11 14 2
22 2 5
23 0 1
13 18 3
12 15 15
5 7 5
20 0 9
2 5 10
23 1 11
12 15 4
20 23 6
6 10 2
9 13 15
16 20 3
19 23 6
2 5 14
2 8 6
11 15 7
22 0 11
19 22 7
23 2 11
20 21 15
15 19 10
10 12 3
10 14 10
1 6 11
9 13 9
13 16 1
15 17 10
3 4 1
4 6 8
1 5 1
3 5 6
19 21 9
15 19 3
14 17 2
21 23 1
12 17 11
17 18 3
13 15 14
22 0 14
22 4 13
20 22 8
10 12 4
9 11 14
16 22 4
18 22 6
13 16 7
10 12 15
23 2 1
5 9 2
15 19 3
10 15 14
16 18 4
3 5 4
14 16 2
15 18 13
18 22 2
10 12 1
23 3 12
4 7 13
6 9 3
21 22 2
2 5 5
1 3 3
21 1 14
16 19 3
13 13 12
11 13 3
6 8 9
15 18 2
2 4 13
12 15 6
12 14 5
0 1 3
10 13 6
14 17 5
2 6 11
14 18 10
4 9 2
15 19 2
4 8 15
5 7 8
13 15 13
3 7 14
3 4 2
5 5 7
18 19 2
15 18 12
11 16 2
1 4 9
1 6 12
21 0 5
23 1 6
1 5 7
8 12 12
14 18 7
3 7 1
15 16 2
2 6 11
23 3 10
1 5 5
16 17 13
11 15 1
2 7 6
20 22 1
22 22 15
4 7 8
21 0 2
8 13 8
11 14 4
11 14 10
10 13 14
10 13 13
1 3 6
0 3 12
22 2 7
12 15 1
13 15 11
14 16 1
14 17 12
21 0 10
22 0 4
14 18 13
8 13 3
10 13 10
17 21 1
12 13 13
0 2 8
23 1 9
23 1 3
0 3 15
6 9 14
7 9 14
0 2 14
4 8 1
14 16 14
17 19 13
13 15 10
21 0 3
7 11 5
16 20 4
0 3 4
4 6 12
0 3 13
16 18 11
22 1 11
2 5 15
16 21 11
20 1 14
12 15 9
10 13 13
12 14 7
8 11 12
1 4 9
11 15 6
12 14 3
8 11 7
6 9 3
5 8 12
18 21 6
23 3 12
6 10 8
19 23 2
17 19 6
12 14 12
20 2 13
7 11 3
4 8 9
1 1 1
9 12 11
22 2 6
7 10 10
19 22 10
10 12 4
23 2 5
17 20 12
15 18 9
23 2 15
8 9 6
8 11 10
12 15 2
16 18 2
9 10 4
19 22 2
15 19 7
21 23 10
3 6 14
6 8 6
14 17 3
19 22 8
17 20 4
19 23 2
23 2 11
6 11 3
21 0 10
3 5 2
13 16 7
20 23 2
9 13 11
2 8 9
14 18 8
23 2 12
23 1 5
0 2 5
5 7 1
11 13 11
13 17 4
11 17 9
23 3 11
11 11 5
17 21 14
19 21 12
12 15 7
5 9 11
3 6 14
21 23 15
6 9 3
1 4 8
3 7 15
4 9 7
11 14 13
10 15 4
4 9 12
22 1 6
1 4 15
1 4 7
22 1 1
12 15 4
5 6 3
6 9 6
4 6 2
3 6 14
0 4 5
7 10 11
7 11 10
22 1 15
16 18 11
16 20 5
11 16 14
16 19 8
3 6 12
19 21 10
9 12 3
11 14 2
23 2 5
7 11 4
3 7 3
4 7 11
10 14 7
20 1 8
7 11 5
16 21 11
1 5 4
19 21 14
3 3 10
17 21 3
1 4 10
21 1 12
5 8 3
18 21 11
7 11 5
10 13 9
20 23 9
11 14 7
5 8 15
19 21 14
13 17 12
2 5 1
8 12 2
6 9 2
3 5 12
4 7 14
12 14 5
18 21 4
9 12 3
22 1 3
1 4 9
23 2 6
4 5 5
18 21 13
13 17 12
10 13 13
0 3 15
19 0 15
13 15 12
19 21 2
2 4 5
18 21 3
14 17 3
14 17 15
21 2 9
2 5 1
8 11 2
11 16 8
16 19 6
13 17 2
20 0 9
7 10 7
7 11 10
0 3 14
9 11 11
1 5 8
14 17 12
0 3 4
9 12 2
4 7 6
16 18 1
0 3 9
4 7 5
22 2 11
3 5 11
16 20 7
12 14 2
15 17 6
13 16 5
4 8 15
1 4 14
10 13 7
20 23 10
0 4 5
1 4 13
15 18 5
5 10 6
15 20 14
11 15 14
18 23 13
21 23 2
23 2 9
9 12 1
1 5 4
11 14 11
17 19 1
21 0 1
16 18 7
1 4 7
22 23 1
9 12 8
15 19 15
14 16 10
17 20 3
17 19 12
20 23 9
21 2 6
14 17 2
23 2 15
12 14 12
18 21 10
3 6 14
10 13 1
13 17 1
0 2 12
16 20 9
1 5 5
15 18 2
7 11 10
22 2 6
6 10 4
9 12 15
17 19 4
21 23 5
16 18 2
11 12 5
3 6 7
12 17 11
17 20 7
19 22 5
16 21 8
2 6 10
16 18 15
13 16 1
22 1 9
5 7 2
15 19 11
13 16 7
5 8 3
1 2 13
12 14 3
0 1 6
3 8 4
19 22 7
8 9 12
10 12 9
17 20 14
1 4 6
5 7 5
2 6 14
22 0 7
18 22 13
4 7 6
15 20 1
22 2 2
4 6 3
20 23 7
17 18 4
0 1 15
11 13 13
16 19 8
14 16 4
18 20 3
19 22 7
11 14 1
12 16 8
12 15 11
20 23 2
20 21 12
4 7 6
8 12 5
14 17 12
0 4 11
8 10 7
19 22 10
16 19 6
5 8 12
17 21 11
0 3 2
15 18 13
1 4 5
19 22 11
4 8 1
17 20 3
16 18 6
23 1 3
16 17 9
11 14 14
2 3 8
11 13 2
15 16 11
9 13 8
14 17 5
10 12 1
1 3 6
3 5 10
16 19 6
2 5 10
18 22 14
20 21 6
1 2 8
18 21 2
18 21 2
17 21 15
2 4 7
23 2 15
16 18 15
8 11 13
9 12 11
12 14 11
17 20 12
18 22 8
14 16 3
0 4 9
12 16 14
17 20 8
1 4 15
4 7 9
1 4 5
13 16 14
13 16 9
0 3 12
2 7 6
17 19 5
1 5 10
21 0 11
0 4 6
10 13 5
1 4 10
22 0 3
2 3 11
21 0 2
12 16 11
2 6 10
18 19 11
2 7 14
11 15 12
4 8 6
7 11 5
21 0 10
16 18 1
21 1 15
6 9 6
2 6 6
10 14 12
14 15 12
13 16 14
6 8 5
3 5 4
14 17 7
23 4 1
14 15 5
20 23 12
8 12 9
10 14 9
6 10 4
15 18 4
6 9 14
20 23 1
22 2 5
3 7 10
5 9 12
10 14 14
16 21 13
3 6 13
13 16 14
22 3 8
9 11 11
5 9 4
13 16 10
18 22 8
11 15 7
18 22 11
3 5 9
21 2 7
15 18 13
6 9 13
19 20 3
6 9 9
1 4 13
5 7 3
17 22 2
3 5 8
21 23 1
15 18 7
17 20 8
13 15 8
12 16 6
3 5 6
8 12 13
22 0 4
15 20 4
10 12 6
3 5 5
12 14 11
4 5 9
16 20 7
9 11 6
12 15 5
8 13 1
13 15 9
1 3 7
5 7 14
7 9 2
21 1 7
15 17 2
11 15 15
18 22 15
10 14 13
0 2 1
19 21 4
10 11 3
19 22 15
16 21 4
4 7 6
10 14 10
18 22 13
15 18 6
13 16 6
18 19 5
12 16 11
8 9 3
5 8 2
11 15 7
13 16 4
16 18 7
22 2 4
15 17 5
8 10 2
23 2 9
13 17 9
13 15 10
5 9 3
8 11 7
14 16 15
7 12 8
18 21 1
0 4 2
15 19 4
20 1 15
9 12 2
0 4 4
18 21 10
10 14 5
1 2 9
17 21 5
14 17 10
22 2 14
11 14 4
6 9 7
15 18 13
17 22 1
6 10 8
5 10 12
5 9 14
16 20 10
20 0 13
22 1 5
19 22 6
17 20 1
1 5 1
18 21 6
2 6 8
17 20 12
16 19 3
15 19 15
4 8 2
16 18 13
22 23 9
14 18 12
0 3 12
20 23 7
5 8 1
7 10 11
23 2 9
12 16 9
18 20 10
9 14 2
7 11 13
9 11 2
3 8 11
19 21 3
20 22 9
1 2 7
19 22 5
6 10 7
21 0 2
9 12 1
16 19 15
14 19 7
8 10 10
20 22 9
20 23 9
18 22 3
16 22 6
17 19 6
8 12 13
10 13 9
16 18 2
5 10 15
7 9 9
23 2 15
4 7 6
4 7 4
4 6 3
7 11 3
10 14 3
1 4 3
22 1 13
9 13 12
12 14 9
4 7 5
2 5 4
7 9 14
16 19 15
13 15 4
9 11 7
1 4 15
5 8 12
19 22 12
1 5 14
7 12 1
11 14 5
4 6 5
16 17 9
10 12 6
15 18 6
2 5 9
10 13 1
3 6 9
14 17 6
3 7 10
16 19 5
13 17 5
21 1 13
23 4 3
4 8 9
1 4 1
9 12 15
15 17 15
17 19 8
15 19 1
16 20 6
20 23 1
23 2 13
13 15 7
18 21 2
17 19 7
14 15 9
11 15 4
18 20 6
14 17 4
23 2 4
2 5 10
9 11 12
11 16 5
16 18 10
20 22 14
20 0 1
7 10 13
22 0 13
4 8 11
16 19 8
12 16 8
22 0 5
8 10 2
2 6 12
0 4 7
10 14 12
13 18 13
16 18 13
3 4 1
11 14 15
12 14 9
20 0 8
7 9 12
7 10 8
12 13 4
3 6 12
15 17 10
2 4 4
22 1 4
20 22 1
6 8 7
18 21 11
3 8 4
6 9 1
2 5 11
10 14 4
12 14 5
18 22 11
19 21 8
11 14 2
20 22 5
15 17 2
22 1 4
7 11 8
21 23 3
23 2 2
0 2 11
20 23 5
9 11 3
1 3 7
15 19 3
12 15 5
13 16 2
10 12 7
19 23 1
2 6 8
22 0 10
14 17 4
7 11 15
8 10 11
8 13 3
21 23 13
5 8 11
7 8 10
11 14 15
10 13 5
17 19 8
0 3 5
22 1 2
5 10 3
19 21 2
1 4 9
12 16 13
9 10 11
1 5 15
0 3 6
12 14 1
0 5 3
13 16 12
16 20 4
13 16 14
4 6 9
1 5 12
2 5 15
21 0 2
20 23 6
3 6 13
2 5 9
20 23 12
15 18 9
17 21 12
22 2 5
18 21 14
16 19 6
5 8 8
16 18 3
23 1 6
22 2 5
14 18 11
13 16 5
4 6 2
14 16 6
12 15 12
20 23 9
17 18 1
6 9 2
6 10 2
15 19 3
19 23 5
3 6 4
19 21 9
1 3 4
14 17 14
3 5 11
21 0 10
12 17 14
15 17 15
21 0 5
17 21 10
20 23 4
20 21 14
19 21 11
6 9 1
22 2 7
13 15 2
21 23 7
10 14 15
7 9 1
13 15 5
4 6 12
7 10 1
2 4 4
18 20 8
4 8 15
21 23 15
4 6 14
16 18 11
12 15 12
23 1 11
2 5 9
23 1 3
12 17 9
2 4 7
9 10 1
10 13 1
19 0 15
14 17 2
9 12 14
13 17 6
11 13 15
18 20 5
22 0 12
12 17 15
17 20 8
6 10 3
9 12 10
2 5 14
12 16 1
17 21 12
12 13 1
15 17 5
14 16 5
2 6 13
20 22 4
5 8 14
2 4 6
20 22 7
17 20 10
4 6 4
17 19 7
13 15 4
14 17 10
21 1 14
2 4 7
19 22 9
2 6 8
1 3 1
9 12 9
15 19 14
13 15 7
1 3 1
2 6 8
11 14 9
19 21 11
8 12 14
15 19 11
2 4 6
12 15 11
15 18 1
5 7 6
22 3 10
11 15 12
16 20 12
5 9 8
10 13 13
8 10 1
5 9 5
17 21 15
10 14 11
13 16 6
4 7 2
2 5 2
21 1 4
3 7 8
19 22 1
13 14 9
10 13 11
21 23 7
3 7 1
12 13 14
4 7 14
2 5 13
4 6 9
14 16 2
23 1 13
5 9 13
13 15 9
3 4 2
22 2 1
21 1 4
0 4 12
9 13 9
4 9 15
7 10 3
0 3 4
11 14 4
18 21 10
20 23 15
3 7 13
10 13 1
6 9 1
1 4 3
14 18 1
12 15 15
2 5 6
7 10 11
19 22 11
0 3 3
23 2 2
19 21 3
9 12 1
13 15 10
16 18 14
13 17 4
0 5 1
14 17 4
16 19 5
19 22 1
4 5 6
12 14 2
12 14 13
11 14 10
4 7 5
23 4 9
21 23 7
0 4 1
6 7 12
4 7 10
5 7 10
12 15 15
10 13 2
10 11 4
13 15 8
22 2 9
6 7 13
11 14 7
20 22 3
23 2 1
2 5 13
9 12 11
20 21 13
6 9 15
12 18 1
7 10 9
18 21 9
13 17 1
19 23 6
9 13 12
16 19 3
2 4 10
17 19 7
0 5 9
5 8 1
15 18 14
6 10 15
16 21 12
10 11 8
8 13 1
4 7 4
1 4 3
8 9 7
20 0 1
20 23 3
21 2 11
8 11 13
1 3 14
8 10 11
7 9 2
1 4 15
20 0 5
12 14 14
11 13 13
19 23 6
15 18 12
13 16 2
21 1 14
8 10 9
19 23 15
2 6 9
9 11 2
13 16 11
16 18 5
22 0 11
5 8 1
12 16 7
23 2 2
4 8 6
14 17 11
1 4 14
9 12 9
7 11 15
11 12 13
12 14 2
23 2 10
19 21 14
19 21 1
8 10 5
6 9 4
21 0 10
22 0 9
7 11 15
3 7 6
22 1 2
20 23 5
23 3 1
5 8 10
6 9 12
13 15 11
9 12 7
21 2 2
2 6 4
10 13 7
10 12 10
2 6 12
9 12 5
9 12 7
0 4 5
4 8 5
13 16 2
21 1 13
23 3 15
5 7 13
22 1 7
3 8 1
3 7 11
1 5 15
4 6 7
10 12 8
1 3 6
8 12 6
7 10 1
14 17 12
5 9 2
0 4 1
10 13 2
12 16 3
8 12 14
18 21 5
21 1 13
3 5 8
14 17 10
7 9 12
14 18 12
16 19 3
8 10 5
21 23 4
18 21 9
9 13 14
10 13 11
17 20 1
23 1 5
19 22 4
3 5 9
10 14 7
8 11 1
16 19 6
22 1 10
0 4 11
10 13 10
15 19 4
1 5 12
4 7 7
17 20 13
11 15 9
15 18 5
14 17 7
21 23 10
18 21 10
10 14 12
11 15 6
21 23 11
6 8 13
8 8 4
9 12 8
13 14 13
1 2 15
11 14 7
6 9 1
12 15 9
19 22 2
23 1 9
20 21 7
23 1 9
5 9 12
14 17 9
12 16 2
9 11 8
10 13 9
20 23 11
23 1 14
18 20 2
3 7 7
23 2 10
16 21 6
21 0 4
5 7 7
21 1 11
2 6 10
23 2 12
4 6 14
6 9 15
6 10 13
8 11 1
1 5 3
20 0 13
5 7 3
7 12 11
2 5 10
3 7 12
1 4 9
16 18 9
0 2 11
6 9 11
10 12 8
4 8 6
19 23 4
10 14 8
12 14 2
16 20 12
21 21 14
23 3 7
15 17 2
23 0 15
18 22 4
17 18 15
13 15 7
7 7 1
17 21 7
9 11 12
20 23 4
18 20 15
0 5 10
11 14 4
8 11 6
5 9 6
19 22 5
15 19 3
16 20 5
16 19 9
20 22 7
3 7 7
10 12 7
22 2 2
7 9 11
3 5 13
1 3 1
15 18 1
19 22 11
9 12 2
0 3 5
12 16 8
21 0 10
23 2 11
13 15 5
6 8 11
9 14 14
8 12 14
12 16 2
10 12 10
1 4 11
10 12 13
20 23 4
9 12 2
9 13 1
14 18 12
10 13 11
10 12 11
4 8 7
8 13 3
9 11 12
12 16 11
19 22 3
16 20 12
4 8 1
7 9 1
20 22 5
9 11 7
22 1 11
11 15 3
3 5 12
20 21 3
4 6 13
1 3 4
12 14 12
19 23 9
17 19 9
21 0 14
14 17 12
18 21 5
12 15 12
5 8 13
12 15 12
15 18 8
19 23 2
21 2 7
17 20 15
4 7 9
14 17 14
4 7 9
8 11 14
17 23 8
17 21 8
22 3 7
8 13 14
19 23 6
13 16 9
8 11 4
14 18 7
10 12 15
21 23 13
17 20 7
21 23 5
4 6 6
21 1 6
7 9 6
13 16 10
16 18 14
4 8 6
5 7 13
6 9 12
0 3 9
19 21 3
21 1 4
11 15 13
1 2 13
21 23 3
10 13 9
3 7 4
13 16 14
22 3 5
9 13 8
14 17 1
22 0 14
22 0 4
15 17 7
23 2 5
7 10 4
1 4 4
23 1 15
18 19 5
19 22 13
21 2 14
14 17 10
14 18 10
22 1 12
11 14 12
19 22 7
19 21 11
16 20 8
5 7 1
21 23 4
6 10 9
6 9 8
15 18 5
18 21 14
7 10 12
5 8 12
20 23 9
20 23 12
15 17 3
15 18 2
16 19 11
6 8 2
2 5 7
13 15 5
9 12 3
7 12 6
19 23 8
4 8 6
3 7 2
19 23 9
4 8 14
11 14 2
13 15 14
2 4 2
2 6 9
6 9 13
8 11 5
7 12 9
8 12 1
15 18 10
21 1 5
7 11 1
13 17 10
18 22 3
8 11 14
5 8 6
16 19 7
4 6 8
12 14 13
17 21 10
10 14 5
15 18 14
14 20 13
15 18 7
22 0 5
1 5 7
17 23 1
11 14 4
3 8 4
3 5 14
18 21 5
15 19 5
2 5 6
12 14 1
22 2 6
12 16 15
10 13 7
2 5 15
6 9 10
12 15 10
22 1 10
23 2 5
15 18 4
22 1 6
1 3 3
21 3 8
8 10 5
14 15 12
2 6 2
14 16 14
18 21 9
13 17 7
5 8 15
23 3 2
22 1 9
16 18 14
8 12 5
5 9 5
8 10 9
21 23 9
8 9 2
12 15 8
13 16 3
2 6 9
4 7 12
3 5 3
4 8 3
1 6 7
6 9 9
8 11 14
12 16 1
20 0 13
4 6 2
18 22 14
19 22 15
3 7 3
10 14 5
18 22 6
7 11 4
3 6 12
5 7 9
0 2 6
22 23 14
12 16 9
21 23 9
6 9 5
2 5 5
7 10 7
22 1 1
15 18 5
23 2 14
1 3 1
8 9 12
2 4 5
19 23 3
17 20 13
7 12 13
20 23 14
2 6 5
14 17 14
7 10 13
1 4 4
18 22 8
14 17 13
18 20 2
18 21 7
1 6 5
18 22 1
1 1 10
15 17 3
14 16 5
12 16 15
0 4 5
14 17 5
1 4 3
21 1 9
23 3 15
5 9 2
23 1 2
22 1 14
12 12 12
4 8 7
19 23 15
8 12 15
6 10 8
22 1 5
15 18 3
6 9 13
15 18 3
14 16 8
23 3 12
6 10 11
8 12 7
16 18 11
17 21 10
9 12 7
14 18 7
0 3 8
12 16 7
15 17 6
21 23 13
12 15 15
10 12 5
5 8 11
17 21 5
2 5 15
8 12 14
1 4 11
0 1 13
21 0 13
9 12 4
19 22 7
10 13 2
23 3 12
3 6 3
18 21 11
17 19 13
14 17 2
8 14 9
1 5 1
22 1 15
8 12 12
11 12 10
20 1 13
17 20 12
20 23 1
7 12 1
3 6 2
20 0 9
23 1 7
22 1 15
12 16 15
14 16 8
0 4 9
12 16 1
17 21 11
13 17 13
19 21 14
9 12 15
2 5 12
20 23 3
1 4 13
2 3 4
19 22 5
21 0 6
6 9 11
8 13 1
0 4 4
19 22 9
23 1 11
11 14 11
11 14 8
19 0 1
21 23 10
9 11 5
11 15 5
11 15 13
16 19 8
10 12 3
19 22 8
3 7 10
23 1 14
13 15 13
21 0 11
16 21 3
16 20 13
11 15 8
15 18 13
1 4 2
19 22 2
23 2 6
6 8 15
12 17 13
2 5 14
13 16 9
13 18 2
16 17 5
18 22 9
9 11 9
15 19 9
3 4 14
12 16 3
7 10 6
2 4 3
17 21 14
13 16 10
19 21 14
23 2 11
22 1 10
12 13 1
7 8 10
15 19 3
16 20 3
16 19 13
11 15 14
15 19 10
15 17 12
20 22 9
8 14 11
22 2 7
16 20 3
8 10 6
10 11 13
11 13 14
23 4 4
14 17 1
4 5 5
13 17 8
23 3 8
9 10 7
4 7 13
15 18 11
14 17 1
17 20 5
8 11 8
22 1 3
21 3 10
6 9 1
3 6 4
20 23 4
22 1 2
7 9 13
2 4 14
18 21 10
3 6 9
19 21 6
13 17 7
0 4 1
17 20 7
6 10 7
23 2 14
21 23 15
20 22 13
11 14 6
12 14 8
12 14 15
22 1 4
6 8 2
18 20 5
16 18 4
21 0 7
16 19 7
7 10 15
14 18 11
1 5 1
8 12 9
10 12 13
10 14 3
19 20 4
9 12 5
21 1 9
23 3 14
6 9 12
0 4 7
18 21 2
20 0 6
23 2 1
22 0 15
22 1 6
16 20 3
9 12 1
0 3 3
13 17 7
3 6 14
20 23 8
10 13 3
23 0 15
20 23 11
11 16 10
0 5 2
5 8 14
2 6 15
19 23 9
18 20 1
12 15 10
3 5 6
18 22 2
1 3 15
10 13 15
21 0 6
14 17 10
12 16 10
17 20 12
6 10 3
13 15 2
3 6 1
22 2 5
10 15 5
5 9 10
17 20 8
8 11 10
1 4 10
2 4 5
2 5 8
5 9 3
13 16 9
16 19 7
3 6 11
1 5 14
3 5 10
14 17 12
13 17 2
14 17 12
16 19 3
21 0 12
12 14 12
13 17 3
2 5 6
8 10 13
12 16 1
23 2 11
19 23 1
6 9 13
17 20 9
7 9 2
15 19 15
19 21 9
10 13 3
1 5 12
10 15 15
17 20 3
0 3 12
16 19 14
10 13 14
3 7 12
0 3 5
9 13 9
6 9 6
17 21 10
7 9 13
13 16 3
12 16 11
1 3 9
23 3 4
14 18 13
2 5 7
1 3 2
0 3 10
2 7 15
0 5 2
15 19 3
17 18 14
1 3 1
15 17 2
4 7 5
12 14 4
1 5 13
21 1 14
11 14 11
4 6 4
9 12 6
4 6 4
1 4 1
4 7 2
21 22 10
19 1 4
5 7 13
19 22 6
16 20 15
15 19 3
7 11 10
10 13 13
4 8 9
20 22 1
22 2 15
2 4 4
22 23 11
20 23 10
14 16 8
21 0 3
15 18 14
19 21 15
0 3 14
10 13 8
22 2 3
9 14 14
3 6 8
6 7 5
8 13 6
22 23 4
8 11 11
20 22 13
16 18 1
4 6 1
21 23 10
14 19 11
18 23 15
11 14 2
11 15 6
15 17 11
15 16 2
20 23 14
11 14 13
7 10 4
5 8 4
8 10 6
1 6 5
11 13 5
13 15 1
9 10 5
0 2 1
19 22 6
4 6 4
1 4 5
23 3 6
23 3 2
0 3 11
1 5 5
10 13 9
12 14 4
7 12 11
0 4 11
2 4 7
13 16 6
5 10 12
1 3 4
20 0 14
10 14 4
20 22 13
4 6 2
20 23 8
21 1 14
11 14 9
14 16 9
18 20 10
18 20 8
3 7 15
10 13 3
3 7 7
20 23 7
22 2 8
22 0 14
4 8 11
7 10 4
6 10 2
2 6 7
1 4 3
12 16 11
0 4 10
9 13 6
6 6 15
6 9 3
19 22 10
14 18 7
15 19 12
23 2 3
1 5 12
1 5 3
0 4 15
20 23 6
1 3 8
0 2 15
16 17 6
6 9 2
12 16 6
17 18 13
18 20 13
17 20 9
9 14 9
7 9 4
4 8 7
21 1 10
14 18 14
20 23 6
17 20 12
7 10 8
11 14 9
4 8 11
1 4 6
8 10 7
14 15 6
1 5 1
0 2 7
1 3 8
17 19 14
12 14 4
10 13 1
11 14 12
1 3 2
19 22 9
13 13 15
19 22 5
0 4 5
15 20 8
4 8 10
14 17 12
18 22 8
1 5 9
4 7 12
15 17 15
20 1 2
17 17 13
2 3 8
0 4 3
5 8 6
16 18 5
2 4 4
14 17 9
16 18 3
8 11 5
5 9 1
13 16 4
9 11 8
2 4 13
5 8 4
13 16 8
12 15 3
4 5 9
2 5 3
6 9 8
11 13 4
16 20 4
20 22 15
11 16 14
8 11 6
11 14 9
8 12 3
11 14 1
7 10 7
10 13 15
12 14 13
13 17 2
6 7 11
16 19 14
5 8 7
1 3 4
2 5 11
7 10 8
23 3 9
19 22 3
4 7 8
10 13 3
10 12 3
12 14 5
23 3 6
12 15 1
16 20 15
13 15 9
12 13 13
8 11 11
1 2 14
21 0 2
4 7 3
22 1 14
22 1 9
15 20 3
23 2 12
9 13 7
0 3 4
12 15 6
20 23 11
15 19 1
19 22 8
3 5 13
9 12 3
1 4 14
2 4 12
9 10 11
21 0 2
13 16 13
4 4 4
22 0 13
19 22 14
14 16 8
22 1 9
9 11 5
6 8 8
3 7 8
6 8 6
22 1 13
15 17 7
18 19 14
0 3 9
0 3 6
8 11 13
0 4 2
16 19 11
16 20 11
8 11 1
14 15 2
4 7 12
6 8 13
13 14 2
9 12 9
8 11 7
6 10 12
20 0 7
6 7 8
22 2 4
1 3 1
19 20 1
8 10 9
12 15 3
23 1 4
16 19 14
4 8 5
8 11 13
7 9 1
4 7 4
10 13 14
19 23 7
0 2 1
0 2 2
11 14 4
3 4 13
9 13 12
18 21 8
19 23 8
14 17 5
14 16 14
10 15 11
20 0 4
9 11 15
23 3 9
6 9 11
4 7 15
8 12 5
22 0 3
13 18 8
15 18 7
3 6 10
8 11 13
5 10 3
17 20 8
19 21 15
0 2 5
1 6 5
21 1 9
16 21 12
1 4 5
19 21 7
11 13 2
6 9 15
13 15 6
6 7 14
6 8 6
18 20 15
3 6 7
17 18 1
8 11 10
20 1 10
12 14 10
0 5 8
18 20 10
22 1 6
5 10 14
14 17 8
11 14 4
6 9 4
21 1 3
3 5 5
17 20 13
1 3 7
17 22 8
18 21 13
21 1 7
19 22 4
2 4 7
2 6 4
6 9 7
2 5 10
9 12 3
10 13 1
22 3 6
10 14 15
8 11 15
17 22 14
5 9 7
8 13 4
1 6 11
4 6 6
2 4 11
2 3 10
9 11 15
11 16 14
19 21 10
5 9 8
17 20 4
9 12 8
19 22 5
2 5 4
13 16 7
0 4 5
7 10 15
20 1 9
10 13 14
17 19 12
23 2 14
20 0 3
23 1 7
16 19 11
18 21 7
22 1 8
22 1 15
19 23 1
8 9 4
16 20 9
6 8 7
2 5 13
13 15 13
1 3 4
3 6 3
11 14 6
13 16 6
23 3 2
19 23 8
11 13 3
9 11 2
1 4 9
12 15 6
3 6 5
22 1 4
0 4 3
19 0 9
8 11 8
4 7 6
3 4 11
11 13 8
14 18 4
13 15 3
21 0 7
20 22 5
5 8 9
14 16 15
21 1 8
13 16 11
14 16 11
13 17 12
2 5 2
12 15 15
14 17 15
12 15 2
22 1 8
20 23 11
14 16 5
17 21 9
18 21 5
4 7 8
6 7 9
18 20 10
0 2 9
19 23 6
11 15 15
6 11 2
20 23 5
20 23 12
3 7 3
18 22 13
17 19 14
6 9 6
12 15 6
8 11 3
17 20 7
0 2 6
11 15 5
7 10 11
4 6 2
11 13 7
7 12 9
8 11 5
20 23 5
18 22 11
12 15 15
17 19 14
11 14 8
16 18 14
11 14 5
7 10 7
15 18 15
22 3 11
17 18 5
16 21 3
17 20 2
22 1 7
1 3 15
18 22 10
17 20 13
1 4 9
20 21 13
19 21 3
17 20 7
10 15 2
1 4 12
1 3 2
13 17 10
22 2 6
14 16 5
18 22 14
6 9 12
15 17 14
9 12 9
5 7 2
0 4 1
0 3 1
18 23 15
19 22 14
8 10 11
19 22 15
2 6 3
16 19 9
5 9 12
1 4 8
22 1 2
14 19 2
5 8 1
4 8 9
13 17 12
10 13 5
12 17 1
5 9 3
5 8 10
13 15 3
18 21 10
6 7 9
0 3 2
6 8 4
14 16 14
1 5 5
22 3 10
12 14 5
18 20 15
23 1 6
10 13 8
14 17 5
8 11 6
11 13 1
14 17 8
6 9 12
2 6 11
1 5 1
8 11 2
19 23 15
20 23 14
20 21 13
2 6 12
0 4 12
22 2 6
0 4 5
5 7 13
15 17 15
6 8 12
16 20 8
14 17 15
13 15 11
16 18 8
4 7 15
11 12 7
3 6 11
2 4 3
12 15 3
9 13 1
0 2 4
19 22 3
12 14 5
6 8 7
1 5 5
18 21 12
21 0 3
23 3 5
18 21 3
11 13 4
17 20 9
16 17 13
17 21 8
22 0 10
10 14 12
6 8 9
2 5 5
2 4 9
14 18 9
19 22 1
5 8 7
1 6 4
4 4 13
5 9 7
17 18 7
4 7 11
11 14 14
17 19 10
9 11 15
18 23 12
13 17 7
2 3 6
11 14 4
18 21 3
16 20 12
21 0 5
6 8 2
13 17 15
4 7 8
11 14 7
20 23 14
16 19 7
19 21 8
9 13 5
20 23 13
11 13 12
19 20 15
16 17 11
2 6 14
20 0 10
12 17 14
4 7 1
5 8 7
5 7 10
2 6 8
6 9 7
21 0 12
1 4 11
4 9 14
13 14 15
18 22 2
17 20 6
6 9 3
4 8 10
10 14 12
6 8 6
17 20 13
13 15 2
18 21 5
15 19 4
0 4 9
14 15 7
18 20 9
3 7 4
14 17 15
17 20 14
15 19 11
12 16 8
13 17 9
14 16 6
8 10 1
6 9 9
11 12 7
12 15 13
23 2 5
12 15 10
10 12 13
21 23 3
5 8 4
5 8 3
13 16 11
6 9 1
21 22 10
18 22 5
13 15 10
17 19 4
11 14 7
8 11 3
9 13 9
0 2 11
17 20 10
18 21 12
11 15 4
12 15 5
3 7 11
14 18 3
17 20 13
6 10 14
13 16 5
4 7 11
18 20 15
23 2 13
14 17 14
4 6 4
21 0 6
0 4 6
19 21 2
21 0 15
18 22 9
18 20 6
22 3 6
20 0 13
21 0 14
20 1 7
6 11 6
8 10 4
10 14 6
20 23 11
6 8 11
22 1 6
7 12 8
2 4 13
13 15 7
4 8 7
19 21 2
1 3 10
16 18 2
15 17 5
3 6 13
6 10 12
6 10 8
1 4 13
20 0 9
17 18 11
17 20 10
0 3 6
22 23 5
23 1 4
3 7 10
10 12 11
11 15 8
4 7 8
16 18 5
7 12 2
22 1 2
1 5 14
6 8 4
20 2 10
23 3 7
23 1 13
6 9 4
20 0 6
7 10 12
8 10 8
18 21 1
0 2 3
13 13 11
6 10 2
7 12 14
5 8 8
20 1 1
18 21 14
14 17 9
11 15 13
8 12 13
23 1 5
8 11 7
15 17 14
9 12 15
4 6 5
2 5 12
1 3 13
4 9 12
16 18 14
7 10 1
2 4 1
19 23 11
13 16 13
23 1 1
1 6 7
14 17 7
17 20 2
5 8 11
0 3 5
1 5 14
8 11 7
7 8 10
4 7 4
11 15 12
15 18 12
21 22 13
10 12 6
9 13 11
9 10 15
1 5 7
0 2 5
6 9 13
2 5 5
7 11 8
5 6 11
16 18 9
21 1 9
6 8 9
6 10 3
3 7 1
22 1 4
19 21 4
21 0 10
22 1 6
16 18 8
9 10 8
6 8 3
7 7 10
7 11 6
0 3 7
22 0 10
22 1 9
21 23 6
11 11 12
11 12 13
9 11 11
14 17 13
9 10 6
20 23 5
18 20 3
11 14 4
3 5 10
8 13 1
12 15 13
13 15 10
12 14 13
18 20 13
2 5 2
10 13 12
14 18 10
13 16 6
1 6 3
12 17 6
10 13 1
13 17 10
22 23 2
12 13 1
22 0 2
13 16 13
0 3 3
3 5 4
8 10 12
17 19 12
1 4 1
1 4 8
0 4 15
1 4 2
10 14 6
2 4 9
7 10 5
10 11 4
12 14 6
2 5 1
6 9 1
2 7 15
6 10 13
0 3 3
11 14 6
18 20 14
20 23 1
5 9 15
12 15 6
4 9 7
13 17 9
11 14 11
21 1 10
14 18 7
16 20 7
10 12 5
19 22 6
7 10 2
8 11 3
13 17 4
23 2 5
17 19 11
20 23 3
20 23 6
15 18 4
16 19 12
19 0 6
9 12 13
2 5 6
3 6 14
8 12 10
16 17 2
5 7 11
14 16 15
9 13 7
5 11 14
17 21 6
12 14 10
16 19 2
2 5 14
1 4 14
18 20 10
20 0 1
9 13 5
2 4 1
15 17 13
17 21 5
4 6 8
16 20 5
3 8 6
0 4 10
20 23 13
0 2 9
6 8 11
22 23 4
15 18 3
15 19 8
21 1 13
3 6 13
5 9 10
20 0 14
23 0 1
15 17 7
18 21 1
12 13 4
1 2 5
8 12 7
0 2 6
7 10 2
17 20 6
17 19 3
9 11 9
22 1 1
15 19 1
13 16 10
2 4 12
5 8 11
5 6 2
23 2 2
23 2 14
15 18 7
2 6 14
9 11 9
18 21 1
20 23 4
12 14 13
23 2 3
8 12 3
1 6 15
21 0 10
3 7 2
23 2 9
12 14 15
5 8 9
9 12 8
19 22 15
13 16 4
0 4 2
17 21 8
10 14 7
12 15 13
6 10 5
20 0 9
4 6 15
16 19 14
0 2 7
13 15 10
6 9 2
18 20 5
17 20 2
4 8 6
22 1 12
20 0 14
16 19 9
12 15 3
4 7 1
21 0 5
7 10 12
12 16 11
16 19 11
9 12 8
21 0 12
16 19 14
0 3 2
14 16 4
18 19 8
23 2 7
5 9 11
5 8 6
23 0 9
1 4 9
19 22 2
20 22 11
10 15 14
17 21 8
16 19 1
7 10 5
23 4 14
17 20 5
11 15 9
19 21 2
0 4 4
22 1 7
4 7 15
7 11 10
13 15 5
5 8 11
12 17 9
15 19 13
21 0 4
21 23 8
18 23 10
16 19 6
4 6 9
15 16 2
4 5 1
2 6 9
23 1 13
16 20 1
6 9 10
12 15 11
14 18 13
15 19 13
15 18 4
20 23 13
1 3 15
5 7 1
21 0 3
15 17 3
21 0 7
22 2 9
16 19 15
9 12 15
6 9 9
17 22 3
0 4 4
4 7 8
23 1 5
1 4 2
12 15 1
14 18 7
8 11 12
14 19 14
15 20 8
18 22 9
6 9 9
11 13 11
15 16 14
23 2 8
2 6 2
23 4 2
1 2 10
8 10 7
12 15 15
19 23 3
8 11 15
23 3 11
5 9 14
8 12 13
12 14 8
18 20 2
23 2 13
16 20 15
12 15 11
4 8 1
21 22 6
3 6 2
21 1 11
6 10 3
23 1 3
3 5 3
15 18 14
6 9 9
16 19 9
3 7 6
4 6 11
1 4 1
22 2 2
1 3 7
18 20 13
21 1 7
5 7 6
12 15 2
17 20 4
11 14 13
20 0 13
10 13 13
2 4 8
5 9 9
11 13 3
6 7 11
22 1 10
4 6 5
17 21 1
