100 18
6 1 3 4 2 6 1 2 9 1 4 1 8 6 5 6 3 9 
2 5 6
20 23 7
5 8 12
5 8 10
20 22 5
22 23 17
13 18 11
4 7 6
7 10 15
19 22 13
0 2 14
10 12 6
17 21 15
21 2 8
23 3 4
6 9 8
3 6 13
10 13 9
12 16 5
21 0 9
23 0 14
3 6 3
4 7 2
5 8 12
14 17 9
22 2 11
5 8 10
13 14 8
12 16 13
15 19 14
11 14 15
2 5 11
7 9 8
23 0 13
4 7 7
20 23 17
17 21 18
10 12 12
0 2 13
17 19 8
23 1 9
12 14 13
0 3 10
22 2 10
2 5 14
21 2 11
19 20 12
8 13 10
14 17 13
8 9 15
11 13 5
14 16 18
19 22 13
2 5 6
14 16 6
0 1 14
20 22 4
9 11 12
4 8 11
0 4 5
7 8 9
13 15 7
4 7 1
12 15 14
7 9 13
0 2 8
0 3 3
14 16 4
13 17 7
22 1 13
2 4 18
15 18 11
3 5 16
2 4 12
12 16 11
11 12 10
6 10 15
12 15 1
0 4 1
6 9 3
10 14 2
7 11 10
10 14 8
13 14 14
19 23 18
17 21 1
8 10 2
6 11 14
20 22 14
3 4 1
16 20 18
1 5 6
3 8 4
16 19 13
15 18 7
17 20 6
10 13 11
2 4 7
22 0 1
20 0 7
