900 16
5 4 8 1 8 5 2 5 8 9 8 9 3 2 7 8 
12 14 11
18 23 13
1 5 1
10 14 4
12 16 13
10 12 8
22 0 3
19 22 15
11 14 16
8 10 15
9 12 11
14 18 10
19 22 14
3 6 13
7 10 15
3 5 15
19 23 10
13 15 12
9 11 10
2 6 15
19 23 7
8 9 1
0 3 7
14 17 12
9 13 2
2 4 11
1 5 7
22 1 2
10 13 9
20 22 15
9 13 1
18 22 6
4 7 12
11 14 15
9 12 6
3 7 15
10 14 8
7 9 2
23 2 15
18 20 6
9 11 11
22 1 7
11 15 10
20 23 16
18 20 9
2 5 15
7 9 4
19 22 1
10 12 10
1 4 13
12 15 8
6 8 5
18 20 6
14 14 9
2 4 2
15 19 2
21 23 16
13 16 4
1 6 16
0 3 8
5 8 11
5 6 9
4 7 13
18 21 10
22 0 10
15 19 15
17 19 15
19 22 12
17 22 4
7 10 8
8 10 10
21 22 7
11 13 6
19 22 2
4 6 6
1 3 16
16 18 15
3 6 8
20 23 5
8 12 11
21 23 3
7 9 5
1 5 2
11 13 11
16 18 7
5 8 6
14 18 5
9 13 8
18 21 12
5 8 11
15 17 14
19 23 12
22 0 4
13 16 7
23 1 14
5 8 1
18 21 12
21 0 8
5 8 5
8 11 2
11 16 14
4 9 13
5 9 7
14 16 8
5 8 3
12 13 14
4 6 16
11 14 13
10 13 16
1 2 7
13 17 9
18 21 8
9 11 2
0 3 11
7 11 3
0 3 2
9 12 14
12 14 12
11 15 16
4 6 5
7 10 5
11 15 8
5 9 14
10 13 5
0 2 15
4 7 2
1 4 10
22 1 4
4 8 8
11 13 10
8 9 10
16 19 2
22 1 10
23 1 13
14 17 8
18 23 14
22 1 1
2 4 10
4 7 12
22 0 13
16 19 5
7 10 15
18 21 10
8 11 2
23 3 16
7 10 7
1 3 11
11 15 6
5 6 2
19 21 15
2 6 11
6 9 15
21 0 5
21 1 3
14 18 2
14 17 16
18 21 16
21 23 5
12 15 3
6 9 9
20 22 8
2 5 16
1 5 5
1 3 8
2 5 5
4 8 7
19 22 5
6 10 3
19 23 1
1 6 11
4 7 2
19 22 3
12 15 6
6 7 12
4 6 6
9 13 13
10 11 15
14 17 6
9 12 5
15 18 5
14 16 8
6 9 3
7 12 14
1 3 7
13 18 16
3 3 8
20 23 9
9 13 2
14 16 9
9 14 2
7 10 16
18 20 14
23 4 10
13 18 14
2 5 1
5 8 11
11 13 4
3 5 2
16 19 7
21 23 11
6 8 10
2 5 1
20 23 13
7 11 13
23 2 8
15 17 9
1 2 6
11 13 15
19 21 8
16 19 4
14 17 7
19 0 2
10 13 16
3 6 16
18 20 3
11 14 10
20 0 13
16 18 2
18 19 8
15 19 5
13 15 16
6 9 4
9 11 1
23 2 7
5 9 3
2 6 4
21 1 5
16 19 2
22 1 4
16 19 9
2 5 7
16 19 10
19 21 8
4 8 7
1 5 1
11 15 10
15 18 5
22 1 5
23 2 2
14 17 11
5 9 11
2 4 15
17 20 14
0 5 14
16 20 6
9 11 13
17 20 6
19 22 16
0 3 1
7 10 9
20 21 10
16 21 5
19 21 13
11 13 3
12 16 16
20 22 3
14 17 7
4 8 5
13 17 10
8 12 8
8 11 8
6 10 9
12 14 3
22 2 8
3 7 9
1 3 12
7 10 4
5 8 2
14 17 13
9 10 4
6 11 6
10 13 12
2 5 13
8 10 11
16 20 14
17 19 5
14 16 16
11 13 4
16 20 11
3 9 10
11 15 7
14 16 9
8 12 6
20 23 2
0 1 2
22 1 2
11 14 2
22 1 13
8 11 11
7 10 3
11 13 13
14 18 16
20 0 7
11 15 6
4 8 2
16 19 11
21 0 12
3 8 9
2 4 11
10 13 5
8 13 6
17 21 7
13 17 16
8 12 13
11 14 13
19 23 7
2 4 13
3 6 11
22 22 10
11 14 2
22 0 9
0 2 6
0 2 4
22 1 2
19 23 10
9 12 15
3 6 14
23 0 6
4 9 4
9 13 3
21 1 6
7 11 16
22 0 4
15 19 15
23 1 1
23 2 9
6 11 9
12 14 9
20 0 8
13 13 4
13 16 10
23 1 2
20 23 1
12 15 4
6 8 1
16 18 15
6 10 8
9 11 13
17 19 10
18 22 6
17 21 11
20 1 6
23 2 10
15 18 16
16 19 2
6 9 8
6 9 13
23 2 1
6 8 15
2 5 16
5 7 6
9 12 11
8 12 14
10 14 15
19 21 2
17 20 8
4 8 2
3 6 13
16 20 12
2 6 15
10 14 3
10 11 7
8 10 11
22 1 3
14 17 16
5 8 8
15 17 9
13 16 14
11 16 3
22 0 11
18 0 5
15 18 14
1 4 4
5 6 6
13 17 12
14 17 6
19 23 7
17 20 14
14 16 14
14 16 9
19 23 9
6 11 10
19 21 6
15 18 16
15 18 15
0 3 13
9 11 9
5 7 15
11 13 1
21 0 9
19 23 11
4 8 12
22 2 7
22 0 12
14 17 9
17 20 14
1 3 9
21 0 6
18 21 6
23 4 14
10 12 12
4 5 7
13 14 15
11 16 11
22 1 4
9 13 6
21 1 11
2 4 2
14 16 14
15 19 7
0 2 8
20 23 16
16 16 14
8 11 15
3 8 8
7 10 10
6 9 8
19 22 5
4 6 10
7 9 16
18 22 7
5 8 15
19 22 12
22 0 4
2 5 12
21 2 16
20 23 11
21 0 13
10 13 9
18 20 11
12 16 11
9 11 12
10 13 7
5 8 1
18 21 14
12 17 4
8 10 4
21 1 5
3 5 6
19 21 7
6 10 16
2 5 10
0 4 11
16 18 7
2 5 12
14 18 7
6 9 7
8 10 16
20 22 5
21 23 1
18 23 5
12 14 8
18 22 9
3 5 6
9 13 3
17 21 5
21 23 16
12 14 11
22 2 14
15 18 14
14 18 10
16 19 3
6 9 2
8 11 6
4 7 3
7 12 5
19 0 6
22 0 1
7 11 14
11 13 13
2 5 12
18 21 11
8 10 4
3 7 11
19 22 2
8 12 4
13 14 8
9 13 11
2 5 1
17 21 8
10 13 1
3 4 8
8 11 11
9 13 12
20 1 1
14 16 10
20 23 2
8 13 7
3 5 15
17 20 13
14 17 16
22 0 5
5 8 9
0 3 8
8 12 10
21 0 11
20 0 3
10 13 13
18 21 13
1 3 8
22 1 3
18 20 10
18 22 3
12 15 3
1 5 7
15 19 3
10 15 7
6 10 12
20 23 11
19 22 1
22 0 1
13 15 9
4 6 4
13 14 11
17 20 15
0 3 8
4 6 10
2 4 11
12 15 6
16 20 10
7 9 2
0 2 12
19 20 1
18 22 10
15 17 5
12 13 12
5 6 10
15 17 2
22 22 8
2 5 5
6 8 13
1 3 6
11 14 1
8 12 4
12 14 3
5 9 8
19 22 7
4 5 16
4 5 2
6 10 2
6 9 14
12 16 1
6 9 12
10 12 7
15 18 3
0 5 6
10 13 12
7 12 4
6 11 5
8 10 8
10 14 12
17 23 16
18 19 15
4 7 4
5 8 1
0 4 8
16 19 2
20 0 15
23 1 13
21 1 12
15 16 7
22 1 16
6 9 11
23 1 12
0 3 16
19 22 2
22 3 14
20 23 4
1 4 9
7 10 2
6 9 9
19 22 15
4 8 10
12 14 10
21 0 14
17 20 11
23 2 14
11 15 13
2 5 1
8 12 13
1 4 15
17 18 7
2 5 5
4 6 16
2 5 8
16 18 1
9 11 12
22 1 11
21 22 1
4 7 12
6 8 7
19 22 10
23 2 11
19 22 3
22 2 13
6 9 13
7 10 2
18 22 12
4 7 16
22 1 6
10 12 5
10 12 2
16 18 3
12 18 1
18 21 3
20 23 13
18 21 6
23 0 7
9 12 4
15 18 9
5 8 1
21 23 16
9 11 3
15 19 8
17 20 2
2 5 7
8 12 3
16 18 8
19 22 6
7 9 1
16 18 14
3 6 5
6 9 8
9 13 15
6 8 13
20 0 7
7 10 12
15 17 1
14 18 15
12 15 8
19 21 16
4 7 8
11 14 2
2 3 6
1 4 8
9 13 11
19 21 2
16 19 7
7 10 2
10 12 16
14 17 13
20 23 6
8 12 11
15 18 4
3 5 13
11 14 9
0 3 15
23 2 13
20 22 1
14 18 8
15 17 2
11 13 2
20 20 7
3 5 9
0 3 7
12 17 8
7 11 4
7 10 13
3 7 12
2 5 9
8 10 12
0 3 3
10 13 16
17 20 10
7 10 13
20 23 1
21 23 13
19 23 13
6 10 2
22 0 9
13 18 11
17 21 10
21 0 4
22 2 11
8 12 14
12 17 3
6 9 5
23 3 10
9 13 5
5 9 12
21 1 9
20 0 14
7 11 10
19 22 10
13 15 15
16 19 7
1 5 12
4 7 15
4 6 8
1 4 3
2 5 5
10 13 13
7 10 11
12 14 11
8 13 15
14 17 3
12 15 13
16 19 11
0 2 8
8 10 7
0 2 11
23 2 6
1 4 10
11 14 14
23 3 15
15 18 3
8 11 11
8 13 3
7 9 14
0 2 5
3 7 3
1 5 14
4 6 3
19 22 13
16 18 12
8 10 12
5 8 11
6 9 1
21 0 6
2 3 10
19 23 9
13 14 12
12 14 11
16 19 1
2 6 8
23 3 13
0 4 14
14 18 3
19 21 13
11 13 16
6 7 16
12 15 2
6 9 3
2 5 13
12 17 11
4 6 7
0 4 15
21 0 15
20 23 13
3 5 2
19 21 7
11 14 12
15 18 2
22 0 6
13 17 10
20 23 1
23 4 4
20 22 14
18 20 14
1 6 7
15 18 4
16 18 3
9 12 9
16 19 10
6 10 5
11 13 7
23 2 16
12 15 10
18 21 2
4 7 2
9 13 15
22 1 14
5 6 8
13 16 1
13 18 11
18 21 14
18 22 11
23 3 10
4 6 1
15 18 4
16 20 7
17 20 13
11 14 8
8 10 9
17 20 15
1 5 15
16 20 4
11 14 13
1 3 11
11 14 1
21 0 13
11 14 11
0 3 3
14 16 10
15 20 7
21 0 2
20 1 8
21 1 12
11 13 2
11 13 4
5 6 15
18 22 11
21 1 16
1 5 11
9 12 15
13 17 2
14 16 1
3 6 11
6 10 6
6 10 4
8 12 8
14 19 14
17 21 9
1 3 5
8 12 3
17 19 2
4 8 6
0 3 5
5 9 9
20 22 16
3 7 10
22 1 10
12 15 10
12 15 5
19 21 2
20 0 12
5 8 12
3 6 15
9 12 8
1 3 11
14 18 12
0 1 11
2 7 16
6 9 5
14 17 1
10 14 3
20 23 5
2 4 12
20 23 7
14 18 6
15 18 15
7 9 9
7 12 7
17 17 12
2 5 15
19 21 5
0 3 3
4 6 16
5 9 9
15 17 4
12 15 12
8 12 15
3 6 8
16 19 6
23 1 13
3 6 9
7 11 16
19 22 6
18 20 14
6 10 5
23 2 4
18 23 8
14 18 5
23 1 16
0 3 5
1 5 1
17 21 15
7 10 9
15 17 5
7 9 10
0 3 10
12 15 8
7 11 2
6 9 11
4 5 7
3 5 11
17 17 16
12 15 14
20 23 10
1 3 15
11 14 14
11 14 4
21 0 4
11 13 15
5 9 7
21 23 3
18 20 2
16 22 8
17 20 3
12 15 2
12 14 16
8 11 12
1 2 4
20 23 4
11 13 6
8 11 7
16 19 1
6 10 11
4 6 9
18 19 12
8 11 1
20 22 11
7 10 10
10 13 14
23 3 5
19 21 6
11 12 11
16 18 15
6 9 3
16 19 1
