2100 9
2 9 4 6 2 8 8 1 10 
21 22 2
17 20 7
21 0 6
11 13 4
16 19 7
8 10 6
8 11 7
22 2 4
21 22 8
23 1 4
6 10 1
14 17 5
10 13 2
10 12 6
11 16 9
22 0 9
19 22 9
19 21 5
11 15 1
22 1 8
21 1 4
1 3 9
22 2 4
1 3 1
5 9 9
0 4 8
18 21 9
3 7 8
1 5 6
7 10 3
9 12 7
14 15 9
0 2 7
15 17 8
4 7 9
4 7 7
11 14 9
11 14 8
1 5 2
11 13 4
1 4 7
16 18 6
13 14 7
21 0 3
0 4 1
19 21 7
20 22 7
14 17 3
3 7 4
4 7 8
3 6 5
4 6 7
15 20 6
23 3 4
0 3 3
11 15 7
6 10 5
4 5 3
12 16 2
2 6 1
2 4 6
14 18 9
8 11 8
7 8 4
6 10 7
16 20 9
10 13 6
18 21 2
10 12 2
7 12 4
15 18 8
8 10 5
8 13 1
2 4 6
0 4 9
15 19 4
6 7 6
22 1 9
5 8 9
21 0 5
20 22 4
15 20 4
23 2 7
0 2 1
11 14 6
0 4 4
10 12 2
8 9 5
15 17 6
14 19 5
4 5 5
0 3 5
20 0 4
7 10 5
6 9 2
15 18 4
23 2 8
9 12 5
11 13 6
1 4 3
4 7 5
14 18 8
17 20 2
8 11 2
19 21 8
8 10 1
2 5 9
16 19 5
6 10 4
13 15 4
23 3 1
15 18 6
10 14 9
2 4 7
11 13 7
6 9 9
12 17 8
18 22 6
9 13 6
11 14 2
5 9 8
2 6 4
23 1 4
3 9 8
17 20 3
21 0 4
17 21 7
1 4 1
9 10 3
8 10 2
22 0 7
0 4 9
8 12 4
4 7 6
7 10 4
3 4 2
8 13 9
15 18 2
3 7 4
8 10 2
7 11 2
19 22 8
14 16 7
11 13 1
21 2 5
22 2 8
13 15 5
23 1 3
18 21 2
15 18 3
9 12 8
0 1 9
2 5 7
21 0 6
3 5 2
16 19 2
10 14 7
16 19 2
4 6 2
8 11 6
23 3 9
8 10 6
17 18 8
12 14 6
17 21 1
16 19 6
20 0 7
17 21 9
2 4 1
3 5 9
23 1 3
8 10 9
16 19 7
14 17 1
11 14 5
1 5 4
7 9 7
13 17 3
1 4 4
6 9 7
8 11 8
22 1 6
4 6 1
8 10 3
9 14 6
7 10 5
18 22 6
23 1 5
17 20 7
19 22 1
18 20 2
14 16 4
13 16 9
0 3 8
7 9 4
1 4 1
4 8 9
11 14 1
20 1 8
11 13 6
3 7 6
3 6 3
8 9 3
4 7 7
20 23 9
6 9 3
1 5 5
6 8 2
19 22 3
3 5 3
21 0 7
6 10 6
23 1 7
19 22 8
2 5 4
3 6 7
8 11 1
23 2 7
8 10 8
6 8 2
20 1 7
20 0 9
15 18 4
18 20 9
11 13 8
8 12 3
8 12 7
4 6 9
5 8 3
1 4 6
23 3 3
14 17 1
15 18 2
23 1 5
20 0 9
1 5 7
9 13 4
20 0 9
22 1 1
7 9 3
20 22 6
13 18 5
10 13 3
14 17 3
12 15 4
18 21 3
7 12 4
14 15 4
10 13 6
6 10 5
21 22 4
22 2 6
16 19 5
9 11 5
19 23 6
12 16 6
11 14 1
14 17 5
18 21 2
9 12 4
11 14 5
4 8 5
11 14 7
12 13 5
4 8 9
3 7 7
4 6 1
13 16 1
11 14 8
21 0 3
11 14 1
4 5 6
6 10 9
1 5 9
4 9 2
23 3 7
11 15 6
10 15 7
19 20 9
5 9 3
12 14 6
11 15 4
12 14 1
2 6 8
20 23 1
9 12 4
11 13 5
12 15 2
1 3 1
15 19 3
9 11 8
11 15 7
3 3 5
0 3 6
5 8 1
3 9 7
0 4 6
2 5 9
1 3 4
5 7 7
17 20 9
19 22 7
23 1 4
4 7 3
20 23 9
6 7 2
0 3 4
14 17 6
6 9 1
18 20 8
3 8 4
19 0 1
19 21 3
20 22 8
2 3 9
17 20 6
18 20 5
5 10 2
16 18 4
20 0 5
5 9 2
2 5 2
6 9 9
12 14 2
8 10 9
15 17 3
11 13 7
1 2 8
2 5 5
3 5 5
1 3 9
16 19 5
10 13 6
20 23 6
12 14 8
12 15 6
8 13 8
13 16 1
7 11 8
17 20 4
3 6 6
0 3 6
17 20 5
3 6 7
20 0 7
0 4 3
4 7 6
9 12 2
5 9 7
8 11 5
9 12 5
5 8 7
14 17 5
0 3 8
19 22 3
23 1 2
13 15 8
19 21 8
21 23 7
20 23 6
16 19 9
18 22 3
4 7 9
9 12 6
9 12 2
3 6 8
11 14 2
22 1 3
15 17 4
5 7 8
16 18 9
22 1 4
18 20 8
20 22 5
20 22 2
16 19 6
22 0 3
15 18 4
17 19 1
19 23 7
15 16 7
14 18 6
12 14 7
7 9 6
1 4 7
23 2 6
16 19 5
0 3 6
15 16 4
13 15 4
9 12 9
9 12 1
14 16 1
2 6 4
18 21 4
22 1 5
17 20 7
5 8 5
21 23 5
11 13 8
13 17 5
11 13 7
3 7 9
19 21 8
1 3 2
13 16 2
20 23 9
20 1 8
7 10 3
1 3 5
6 8 6
2 5 3
8 11 2
20 23 3
10 13 8
7 10 5
23 2 6
20 23 1
8 11 2
21 1 9
21 1 8
18 21 3
22 2 4
11 14 6
19 21 3
2 5 4
6 9 2
22 1 6
18 20 5
1 3 4
9 12 1
18 19 3
16 17 9
13 17 3
5 7 2
7 11 3
21 0 7
2 5 4
11 14 6
14 17 5
15 18 4
14 17 1
16 19 7
13 16 8
1 3 7
21 0 5
13 15 6
9 13 9
9 14 1
2 4 8
18 20 1
15 19 6
22 3 1
3 5 5
15 17 5
14 19 2
18 21 8
1 4 8
3 5 9
13 15 3
5 8 3
10 12 7
3 6 8
15 18 2
3 6 9
4 7 9
11 15 9
14 16 3
19 23 7
12 14 2
13 17 7
5 8 2
6 10 2
10 12 6
8 12 8
15 18 3
2 5 2
18 20 7
4 6 9
20 22 2
9 11 8
21 0 4
11 14 1
10 14 3
11 16 4
4 6 3
13 15 3
8 12 9
19 22 1
23 1 9
20 23 7
4 8 6
5 8 9
16 18 7
2 5 4
4 8 2
3 4 4
14 18 8
17 20 3
15 18 4
1 3 1
17 18 9
2 5 2
2 6 8
8 12 3
11 14 1
2 5 7
10 12 3
13 17 1
22 2 6
23 2 6
13 16 7
12 17 7
1 5 5
19 21 8
6 8 6
7 10 7
2 4 8
8 10 3
8 11 3
15 19 7
22 1 9
20 1 8
8 10 6
20 23 9
19 22 9
20 22 6
23 2 1
15 19 2
6 7 4
0 4 6
18 20 1
21 2 3
3 7 7
16 20 7
1 5 7
15 17 4
14 17 5
4 7 6
15 16 8
16 19 4
21 0 3
13 15 2
15 18 2
15 18 6
21 2 1
18 20 1
15 17 3
23 1 3
17 20 1
7 11 9
19 22 4
3 7 6
6 8 4
21 23 7
17 19 8
2 5 6
4 7 7
15 18 1
10 13 9
12 14 1
6 8 9
1 3 4
17 20 6
8 10 7
15 18 6
14 14 6
1 7 4
2 6 3
9 12 2
17 20 7
0 4 3
17 20 4
18 22 3
15 16 1
1 3 2
22 0 5
17 19 5
20 0 4
23 2 8
4 7 4
1 6 2
12 13 5
4 6 3
5 9 9
15 17 9
14 17 7
16 19 3
15 17 2
1 3 4
8 11 9
11 13 1
19 21 4
18 20 6
6 9 2
20 0 3
9 11 1
2 6 5
11 15 1
16 18 9
5 7 8
0 2 3
9 13 6
4 8 6
10 13 6
17 20 8
13 16 4
14 18 7
0 3 1
13 15 1
0 3 5
21 0 3
22 2 9
20 23 7
8 14 3
12 15 2
3 6 2
14 17 3
16 21 6
11 14 5
21 0 1
0 2 1
2 6 8
3 7 7
19 21 6
10 12 9
0 3 5
9 12 5
3 6 7
21 22 1
7 13 3
21 0 3
21 0 6
5 7 9
19 22 1
22 1 6
22 1 8
13 18 4
19 21 1
10 12 2
15 18 5
21 3 7
9 11 4
16 20 6
5 9 8
23 1 8
6 9 5
17 21 8
6 10 7
0 5 5
16 20 7
6 9 3
13 17 6
22 1 3
7 10 4
12 14 3
5 8 5
13 17 3
13 17 5
19 22 3
17 20 9
23 4 2
19 22 6
5 7 2
4 7 7
1 2 2
6 8 5
22 1 8
1 5 7
16 20 9
19 21 7
17 20 4
14 17 6
21 0 2
17 20 7
8 14 4
21 1 8
12 14 2
23 3 6
1 4 4
10 13 6
5 8 3
7 11 2
11 14 6
17 20 1
3 7 9
9 11 5
11 13 7
16 18 8
16 19 3
2 3 8
5 10 2
22 4 7
11 16 6
2 6 3
6 9 8
18 21 9
21 23 5
11 14 5
23 0 2
10 11 8
11 15 6
1 4 7
13 16 8
16 20 3
1 4 1
8 12 3
12 14 1
11 14 8
16 21 3
17 20 9
3 6 8
5 8 6
14 19 3
17 19 8
7 9 4
0 4 4
1 4 2
21 1 6
11 15 5
18 22 9
18 22 4
18 21 9
17 19 3
0 3 3
7 10 8
9 12 9
15 16 2
19 22 4
17 21 8
0 3 9
19 23 8
7 8 8
20 23 7
16 18 9
15 18 6
12 15 9
9 13 5
17 20 7
3 5 7
9 12 2
10 13 5
12 15 8
14 16 6
4 8 3
4 5 3
16 19 6
21 0 3
0 1 8
19 21 2
4 5 1
23 3 2
22 0 7
5 10 7
22 1 3
2 6 1
12 16 1
1 3 2
2 4 5
4 9 4
22 1 6
21 0 2
8 12 4
16 18 9
5 9 5
5 7 6
12 12 5
12 14 3
5 9 8
19 23 2
1 4 3
17 21 2
18 21 8
11 14 6
22 2 3
6 10 1
10 15 3
16 19 1
2 6 1
3 5 1
5 8 9
22 0 2
22 1 4
5 9 4
2 5 9
6 11 5
19 22 2
10 13 1
12 14 7
19 21 2
9 11 1
13 15 8
11 12 2
13 15 6
14 15 2
22 23 9
22 1 9
16 19 1
23 2 3
12 14 8
13 15 5
10 14 4
23 2 1
23 3 4
15 19 2
7 10 7
7 8 6
15 20 5
21 0 2
16 19 7
1 6 4
22 0 1
21 1 4
5 6 8
3 9 9
1 3 9
1 3 5
14 19 4
9 12 9
11 13 6
4 7 6
13 15 9
0 4 5
12 13 8
21 23 8
20 22 4
8 11 9
21 23 4
12 15 9
0 5 7
9 10 7
5 6 1
13 15 4
6 9 4
22 0 4
7 9 7
23 3 2
11 14 2
4 7 6
15 16 1
18 20 5
16 20 4
1 2 2
21 0 3
10 14 8
0 4 9
19 21 6
11 14 7
17 20 4
13 17 4
20 0 2
14 18 2
5 9 5
7 9 8
10 13 2
20 0 3
1 4 6
7 11 4
17 21 4
10 14 3
22 0 5
4 8 9
17 19 4
18 19 3
9 11 2
16 21 8
5 8 1
10 12 5
20 22 5
5 7 9
17 20 8
7 9 8
13 16 4
22 0 5
6 8 1
2 3 6
18 22 7
13 15 4
3 5 6
20 0 7
13 17 1
17 20 8
20 21 5
3 3 4
11 14 4
0 1 8
13 16 8
4 10 6
3 6 3
5 8 6
6 8 8
4 8 8
1 6 8
3 6 8
12 15 5
3 7 7
15 18 4
19 21 6
10 12 1
19 0 8
23 2 1
18 22 6
0 3 6
16 21 8
11 16 1
7 10 7
10 13 6
5 7 2
14 17 1
15 17 2
3 5 9
0 2 7
1 4 8
3 7 5
1 3 7
3 5 5
8 10 3
17 20 5
16 19 9
0 2 2
22 0 9
16 17 1
11 15 3
22 0 9
16 19 9
13 16 7
0 3 2
8 12 7
16 17 1
19 21 4
21 23 1
8 11 1
12 14 3
23 4 3
3 8 5
6 10 4
19 23 4
2 5 6
18 20 4
9 11 7
14 16 7
13 16 2
12 14 4
8 10 2
19 21 2
9 12 3
18 21 5
10 13 2
14 17 6
7 10 6
14 15 8
0 2 2
19 22 9
3 7 5
3 7 4
21 0 9
4 6 9
8 13 5
5 9 7
16 19 7
6 11 2
3 7 8
4 8 4
14 16 8
1 5 4
17 21 5
7 7 5
16 18 9
12 16 1
23 1 8
12 15 1
14 17 9
10 14 3
17 20 1
20 0 3
4 7 8
16 19 9
18 20 9
15 19 3
8 10 7
23 1 5
16 20 9
16 18 4
14 18 5
20 1 4
21 1 6
0 2 5
4 8 8
13 17 9
4 6 9
8 11 9
1 3 4
6 10 1
13 17 9
9 12 6
16 20 9
9 11 9
11 14 7
14 15 9
6 8 2
15 17 1
22 3 6
19 0 9
22 0 8
5 9 4
22 1 9
8 11 2
20 0 3
0 3 5
10 13 1
18 21 1
22 1 4
15 16 9
17 20 2
18 21 4
17 20 4
22 1 3
6 10 6
16 19 7
17 19 5
20 23 2
18 21 4
12 17 7
8 11 5
22 1 2
14 16 8
3 4 2
5 7 7
12 16 6
2 5 4
22 2 5
22 1 6
19 23 5
16 20 9
15 17 9
10 13 6
5 10 6
2 3 1
18 20 7
3 5 6
23 2 9
0 5 1
3 6 4
10 13 9
8 10 3
21 0 7
22 3 2
23 2 9
22 2 1
23 0 3
16 19 6
16 19 4
1 4 1
16 20 4
15 18 7
22 2 5
7 10 5
12 14 8
6 9 9
7 10 3
14 17 4
7 11 7
22 2 5
14 16 3
1 2 9
0 3 1
21 1 9
9 13 2
11 13 4
7 8 4
10 13 2
5 9 8
15 17 9
1 4 5
14 16 3
3 5 4
23 0 4
6 9 6
11 11 2
13 16 8
10 14 1
20 23 6
15 17 8
11 15 8
8 12 8
7 10 1
6 10 5
22 22 7
16 19 8
7 10 6
15 17 5
22 0 9
11 15 3
19 22 1
0 3 1
2 3 8
19 22 4
15 18 9
21 1 8
15 17 4
13 14 7
15 18 9
7 10 9
18 21 7
0 3 6
2 7 3
16 19 5
16 19 4
18 20 1
10 15 5
21 2 6
5 8 6
16 19 7
17 21 4
9 12 2
21 0 8
5 8 1
18 22 7
21 23 6
13 16 3
5 9 9
16 17 1
17 21 7
2 4 8
15 18 5
11 15 8
21 23 5
22 0 4
4 7 4
11 15 6
8 11 3
19 20 4
8 12 9
23 0 5
22 0 4
16 20 9
9 12 4
4 7 6
8 9 1
12 16 7
0 5 5
1 2 1
1 5 2
19 21 1
15 19 2
17 20 1
19 23 7
23 2 9
7 10 9
17 20 8
22 0 8
8 11 9
5 7 2
1 3 4
17 20 1
0 3 1
9 11 2
23 3 8
1 4 4
15 17 7
13 17 3
23 3 4
9 12 6
22 1 7
11 15 5
4 5 4
14 17 2
15 18 5
11 16 5
9 10 4
9 12 3
2 7 4
15 18 2
0 5 4
20 23 9
2 5 8
2 5 5
11 14 5
2 6 2
16 19 2
18 22 3
23 2 9
0 1 3
21 0 9
13 16 9
13 16 1
16 19 2
4 6 3
10 11 5
3 6 6
11 13 3
16 16 4
8 10 9
12 15 2
3 7 2
6 9 3
14 17 1
13 15 4
14 18 3
3 7 2
15 18 3
13 15 8
2 4 7
1 2 2
21 23 5
16 20 5
4 9 9
14 17 7
15 19 7
4 8 8
14 15 2
0 2 4
23 3 7
18 21 4
1 4 2
9 13 3
16 20 6
6 8 7
22 2 2
3 6 6
20 0 1
15 17 8
17 20 2
3 6 2
20 22 9
0 4 5
14 17 2
8 12 7
3 6 6
23 2 2
1 4 9
15 19 5
10 13 5
10 13 5
7 11 9
0 3 2
1 5 2
10 15 6
13 15 6
4 6 8
14 16 5
18 22 8
16 19 1
19 23 2
14 17 9
23 2 5
6 9 8
2 5 5
22 1 7
4 8 8
13 17 3
11 15 8
18 20 6
13 16 3
16 19 4
7 12 2
13 16 9
20 22 4
11 14 9
15 19 3
4 8 3
15 19 6
6 9 3
3 6 5
12 15 9
10 16 9
16 19 8
5 8 7
6 9 5
14 20 9
5 10 5
0 3 9
22 2 8
13 17 8
21 23 8
13 16 1
22 2 5
11 14 5
2 7 2
7 10 8
19 22 5
13 16 7
0 4 6
3 5 5
19 23 9
10 14 3
16 20 4
21 0 8
17 19 8
13 17 1
12 15 6
17 21 9
5 8 7
23 3 8
9 13 3
8 12 8
10 13 9
7 10 2
1 5 2
15 16 1
6 10 9
18 23 5
4 7 1
13 16 8
2 6 8
8 11 9
6 10 9
1 4 4
21 23 8
12 15 8
7 10 6
13 14 8
18 21 1
16 19 5
0 3 6
17 19 8
21 1 7
18 22 1
2 6 2
17 20 1
7 9 6
17 22 2
8 10 5
5 8 7
12 14 8
10 13 6
23 2 6
16 19 6
11 15 7
19 22 1
2 6 3
2 4 5
1 0 1
5 9 4
14 17 8
6 9 2
7 10 9
10 14 2
11 13 8
18 21 2
7 10 5
14 18 2
14 18 9
6 6 6
9 12 9
9 13 9
8 11 8
5 8 4
11 14 2
7 10 5
0 2 3
13 16 3
21 23 9
1 3 4
22 1 6
19 0 4
18 21 9
20 21 7
1 5 2
17 20 6
21 22 6
4 7 3
4 7 8
0 2 1
9 11 7
19 22 8
6 9 5
7 11 3
13 17 4
1 4 8
3 7 7
17 20 3
4 5 4
0 1 2
2 8 6
11 15 5
21 1 2
21 1 5
13 15 7
13 16 1
23 4 7
1 2 1
17 21 1
18 21 7
2 4 8
11 14 4
17 19 6
22 3 6
9 11 3
18 20 7
14 17 3
21 1 6
3 6 5
22 1 3
7 8 5
5 8 4
8 11 8
16 20 3
0 4 9
10 14 7
11 15 9
9 13 3
3 6 5
20 21 3
13 16 2
5 8 3
7 11 8
16 19 3
15 17 7
10 12 9
8 11 7
22 2 5
11 13 5
4 6 4
2 6 4
3 7 2
22 1 1
21 1 2
20 22 8
16 20 4
6 10 5
10 13 5
21 1 7
20 23 7
19 22 1
17 19 3
1 4 9
10 11 9
20 22 4
3 6 1
1 5 7
20 0 3
18 21 1
23 2 8
11 14 3
6 10 9
22 0 6
15 18 9
19 23 1
1 4 1
11 14 9
1 5 5
10 14 9
1 3 2
0 2 9
8 11 5
12 14 2
4 5 2
6 8 5
16 20 3
11 12 1
11 14 7
22 2 5
23 2 3
1 3 2
9 11 5
2 4 3
18 21 5
12 14 2
21 0 7
9 11 2
7 9 7
3 7 3
11 13 9
20 1 6
15 18 9
11 14 8
2 5 3
5 9 4
3 5 8
8 11 2
18 22 1
5 8 6
10 13 6
22 1 2
9 11 5
8 12 9
13 16 4
18 21 3
15 19 9
23 1 1
14 18 6
5 6 6
7 11 1
11 14 4
23 1 5
10 14 2
15 19 5
16 19 7
23 3 1
4 8 4
3 4 2
7 10 2
21 1 4
16 18 6
9 12 6
17 20 5
16 19 3
21 2 7
2 5 9
13 17 9
12 15 7
4 8 2
12 15 2
0 4 6
21 23 7
6 8 5
11 14 8
15 18 2
5 6 2
2 5 6
15 19 2
15 19 5
20 0 2
16 18 2
19 22 7
1 4 9
11 13 9
22 0 7
10 14 9
18 21 2
5 8 6
22 2 8
17 21 5
6 9 8
4 8 9
3 6 5
14 18 7
2 5 1
8 11 3
11 13 2
4 8 3
14 17 4
21 1 8
1 5 3
17 18 3
6 9 4
0 3 9
15 18 3
4 5 2
21 0 9
20 23 2
14 16 4
13 16 2
9 12 3
2 6 5
8 11 2
23 1 5
11 12 1
1 3 7
22 2 4
22 0 2
18 20 1
11 13 4
23 3 6
5 8 1
10 14 7
17 20 9
12 16 2
14 18 3
7 10 3
16 19 8
9 13 8
19 0 7
17 21 2
1 4 4
20 23 3
7 9 7
22 1 4
2 4 7
9 12 4
10 14 3
17 21 2
3 5 1
0 5 8
8 13 5
16 18 9
4 7 7
3 5 3
10 13 8
9 12 8
15 18 9
6 11 1
20 23 3
16 20 8
23 2 9
8 10 8
12 13 9
18 23 3
8 10 5
16 19 2
0 2 9
21 2 3
22 1 7
18 20 1
16 20 4
1 3 8
0 3 9
23 1 2
12 15 8
19 21 9
0 3 6
1 5 6
1 1 7
21 0 3
23 1 3
15 16 7
14 16 6
3 7 7
5 9 3
12 17 8
13 16 4
5 8 1
19 23 4
5 6 8
19 21 2
14 14 5
8 11 8
15 19 9
22 2 3
12 14 5
18 19 7
20 0 2
13 14 3
2 6 9
17 20 6
3 6 4
5 8 8
6 7 1
23 1 1
4 8 9
18 20 9
12 15 4
20 0 4
5 7 2
4 7 1
11 14 4
15 18 4
5 7 1
0 2 3
7 11 1
0 3 7
9 12 3
1 4 4
11 14 1
1 3 4
17 19 1
18 20 3
11 14 5
1 3 4
0 2 2
10 12 6
0 4 9
14 16 5
0 2 4
13 16 1
9 12 4
11 15 5
18 20 7
21 23 6
23 2 6
17 21 8
14 18 9
7 10 2
2 5 2
9 11 5
0 4 5
1 4 2
14 17 6
19 22 9
22 2 5
11 15 5
8 10 5
13 15 1
1 5 5
8 12 5
23 1 2
11 13 4
9 11 2
14 18 6
11 13 5
19 0 5
8 9 2
1 4 7
6 9 6
13 16 3
21 0 4
19 22 2
17 21 5
18 23 4
7 10 1
10 12 5
22 23 4
3 6 4
17 20 1
4 6 1
19 22 6
14 17 3
15 17 5
20 21 4
8 11 4
6 9 2
5 7 3
17 21 1
23 4 8
8 10 7
16 18 8
11 14 8
3 8 7
9 12 8
0 2 6
9 11 1
0 2 6
12 15 1
8 13 7
23 2 3
9 11 3
20 0 5
15 19 5
2 4 7
6 8 9
17 22 1
17 20 9
1 3 3
8 11 1
9 14 5
18 21 1
15 17 1
8 9 7
10 14 9
16 19 4
3 5 2
6 11 7
2 6 4
22 2 2
10 12 6
12 15 8
18 23 4
19 22 1
9 10 7
19 21 4
17 20 6
2 7 1
9 11 1
2 7 8
6 7 9
21 0 6
14 16 6
9 13 5
6 12 3
9 12 7
17 20 7
17 19 5
23 3 9
22 1 7
11 14 9
4 9 1
21 0 5
14 19 1
14 17 7
17 20 4
17 19 5
9 12 3
3 5 2
6 8 9
13 17 6
5 8 3
8 9 5
9 10 3
22 2 4
23 1 4
18 21 8
15 17 3
0 4 4
13 15 5
0 2 2
19 21 4
16 21 5
3 9 9
15 19 6
15 18 9
5 7 6
7 10 5
8 10 7
14 18 8
6 11 8
20 0 9
0 1 5
4 8 9
22 1 2
3 7 2
9 13 2
16 18 1
11 14 9
14 16 2
23 1 4
20 22 8
0 1 5
18 21 9
3 6 8
12 15 8
14 16 5
1 4 4
22 2 2
0 2 3
13 15 3
0 2 8
16 20 4
19 22 3
22 2 1
14 17 9
5 7 5
16 20 1
16 20 9
14 17 1
11 14 9
15 18 6
18 21 1
1 4 5
23 2 9
19 22 5
11 13 4
4 8 5
15 19 6
19 0 5
5 7 9
9 13 5
16 19 1
13 16 9
4 7 5
4 7 2
20 23 8
22 2 5
5 8 2
12 16 7
15 18 5
10 12 6
12 16 2
15 18 8
7 9 5
19 22 8
19 23 8
13 17 9
3 4 6
11 13 9
14 18 6
1 7 2
23 2 2
23 2 4
17 21 8
17 20 5
10 10 9
4 7 4
10 14 3
18 20 8
2 5 3
1 3 4
6 9 2
5 9 3
7 9 3
22 0 7
1 3 9
21 22 6
3 5 4
5 9 8
0 3 6
13 13 3
5 7 1
12 15 7
3 6 2
15 18 9
20 1 1
0 2 9
15 18 5
3 6 7
13 14 1
14 17 9
20 23 6
19 21 9
17 21 5
4 8 4
1 4 7
16 18 8
15 18 5
20 21 7
11 13 3
21 22 6
21 1 4
18 20 2
6 9 8
13 17 6
20 22 1
5 7 8
22 1 8
8 12 5
15 19 4
12 15 5
1 4 6
20 23 2
23 4 1
3 5 1
7 12 8
2 4 3
1 4 9
19 0 2
20 23 7
2 4 1
0 3 9
15 16 3
8 11 6
2 4 6
22 1 3
15 18 6
7 9 4
6 8 1
23 0 4
21 1 4
2 6 7
13 15 1
14 16 4
16 19 6
9 11 2
11 14 1
0 4 7
18 21 6
1 3 3
3 6 6
0 1 1
22 2 6
12 13 1
11 13 9
10 14 1
11 13 7
11 14 2
23 1 1
12 16 5
5 6 4
5 8 8
14 16 8
2 4 3
11 14 6
0 2 9
3 5 8
5 6 6
11 15 8
6 10 9
12 15 8
22 2 3
11 15 5
8 11 4
11 12 6
5 8 4
3 8 7
2 4 3
23 3 9
7 9 8
23 2 9
0 0 2
17 21 4
21 2 9
15 18 1
19 22 6
4 7 8
0 4 4
6 9 4
7 10 4
15 18 3
9 10 1
10 13 5
4 8 1
21 0 5
1 3 1
14 18 6
3 6 9
22 1 1
22 2 8
10 13 3
1 4 1
14 16 6
3 5 2
0 3 4
15 18 1
5 7 4
21 23 8
18 21 6
17 18 4
10 13 7
13 16 6
11 15 6
17 19 2
12 16 9
8 11 8
0 4 5
12 16 2
5 7 4
12 15 7
19 0 7
22 0 5
14 16 8
15 18 2
2 5 1
13 17 1
1 4 9
20 23 6
0 1 5
1 2 4
18 20 3
15 16 2
22 1 5
23 1 3
6 12 9
21 0 1
4 8 5
20 0 7
17 21 7
20 23 1
7 12 2
15 18 7
12 16 3
21 2 7
10 14 2
11 14 7
11 15 9
20 0 2
21 1 7
4 8 7
13 17 4
11 15 2
2 6 1
20 23 1
12 15 6
22 1 9
14 17 5
19 0 2
23 3 9
10 15 3
9 11 1
12 16 7
12 14 8
6 11 9
1 4 2
11 15 3
2 6 4
1 4 9
15 18 6
15 18 3
6 9 1
10 14 7
5 8 3
4 8 7
6 9 4
15 18 9
15 18 4
11 13 7
2 4 9
13 16 8
20 21 4
20 0 5
5 6 1
18 21 5
6 10 3
16 19 9
1 4 8
7 10 1
13 17 4
18 22 3
16 18 3
23 2 6
3 6 9
23 1 2
20 23 2
12 15 2
20 23 5
16 18 4
7 11 1
1 5 8
8 10 8
4 7 4
9 12 2
6 10 9
13 17 8
19 22 4
20 23 9
1 4 1
18 20 6
20 0 8
6 10 5
8 12 2
15 19 7
20 23 4
10 12 2
17 22 5
14 16 6
7 10 8
21 23 7
1 2 3
10 12 4
6 9 8
0 5 6
17 20 7
