550 5
4 9 6 10 5 
3 7 5
22 0 3
3 7 2
3 7 3
23 4 4
18 21 3
3 6 2
1 5 3
3 7 1
10 13 3
11 14 2
5 10 5
6 9 4
19 23 1
5 9 2
17 18 1
7 10 3
8 11 5
0 3 4
0 2 1
6 8 3
17 22 5
0 3 4
10 13 5
8 10 4
12 14 1
4 8 2
9 12 1
11 12 4
9 11 4
19 22 1
7 10 3
9 12 2
18 21 5
20 23 3
11 15 4
0 2 4
20 1 4
6 8 5
4 7 3
21 0 2
16 18 5
14 18 2
3 5 5
3 4 2
6 10 1
7 10 1
10 14 3
3 5 4
18 20 1
10 11 3
0 3 4
18 20 1
7 8 4
17 21 3
12 15 4
20 0 3
3 6 1
15 19 5
20 22 4
7 9 2
21 0 5
1 4 2
21 23 4
22 1 3
11 14 4
10 11 4
6 7 3
1 3 1
3 6 4
23 1 5
12 17 5
3 6 1
10 13 3
2 6 4
3 6 1
22 1 1
15 17 5
12 15 5
11 14 1
18 22 4
12 16 5
4 6 4
20 22 1
3 5 1
7 9 1
10 14 2
10 14 1
4 9 3
9 12 4
17 21 5
22 23 2
20 0 3
8 11 5
18 21 1
8 12 4
14 16 1
0 2 1
10 12 4
15 17 5
8 13 3
10 13 4
18 18 2
0 5 3
19 0 3
10 14 4
6 9 2
9 12 5
18 22 1
19 22 1
6 10 5
11 14 3
8 11 5
9 11 1
1 4 4
15 17 4
7 12 3
18 22 3
9 12 4
5 7 4
6 9 3
4 7 1
18 22 3
16 19 2
8 12 3
11 14 1
7 11 1
17 20 1
8 13 1
19 21 4
7 9 4
22 1 5
17 20 1
14 19 1
15 18 4
7 9 1
0 3 1
2 4 5
14 18 2
10 15 3
18 22 5
18 21 4
5 6 5
5 6 5
14 15 3
14 18 4
11 14 3
3 5 5
1 3 3
0 2 4
15 18 1
17 20 4
1 6 1
0 3 3
5 5 4
8 10 3
14 16 4
20 23 3
2 5 4
14 17 5
20 0 5
20 23 2
14 17 1
11 16 2
4 6 2
19 22 5
21 0 2
19 21 5
9 13 2
0 3 3
18 22 2
22 0 2
13 14 1
9 11 5
21 0 3
16 18 2
3 6 3
5 10 1
1 2 1
5 8 2
4 8 4
0 1 4
4 8 3
14 17 2
10 12 3
21 23 1
10 14 5
18 23 2
2 5 3
10 12 1
5 11 4
6 9 5
23 1 4
21 0 5
11 15 1
18 23 2
19 21 5
19 22 5
9 11 1
8 12 5
0 2 4
10 12 2
10 15 2
2 5 3
5 9 3
20 22 5
2 4 1
10 13 4
6 9 3
17 20 4
14 18 4
21 0 3
9 11 3
2 5 1
13 16 2
15 19 1
11 13 3
19 22 5
22 3 1
0 4 3
17 21 3
23 2 4
23 1 3
9 11 1
15 18 4
19 22 1
17 21 3
5 8 3
4 6 3
3 6 3
6 8 5
9 10 4
11 15 1
21 0 4
14 18 2
23 2 5
13 16 4
20 23 4
2 4 2
19 23 5
16 20 2
18 20 4
21 23 5
7 9 3
9 13 1
19 22 1
15 18 5
11 15 4
10 12 5
6 12 5
23 2 4
18 19 2
22 3 5
6 12 2
8 10 2
3 6 4
15 19 1
14 17 1
11 14 3
16 17 3
1 4 3
1 3 4
19 21 5
9 12 1
8 12 5
1 2 2
16 19 2
0 3 2
17 19 5
13 17 1
11 13 4
8 11 4
0 3 4
3 6 1
7 11 3
4 7 3
10 13 5
23 2 3
18 20 3
9 12 4
23 2 4
6 11 3
20 23 4
15 19 1
4 5 4
4 5 4
7 10 2
22 2 5
13 17 4
19 19 4
5 8 4
15 18 4
22 0 4
10 15 2
3 5 5
2 6 1
18 21 3
16 19 1
6 8 2
20 0 3
17 21 5
3 6 4
2 5 3
19 21 5
23 2 3
15 17 1
18 22 3
2 5 4
2 6 3
23 1 1
11 13 4
10 15 1
6 9 2
11 15 2
9 12 1
8 9 3
12 13 2
12 15 4
12 15 5
11 13 1
6 9 5
1 4 3
12 13 4
16 20 5
15 17 5
8 11 5
19 22 2
21 23 2
20 0 5
4 8 1
11 12 1
4 7 4
10 13 3
15 17 1
16 19 3
20 0 5
13 16 2
2 5 3
19 21 1
11 14 2
15 18 4
13 15 1
21 2 4
22 2 2
12 14 2
1 3 4
7 12 3
12 14 5
17 21 2
0 2 3
11 13 3
18 23 5
8 10 4
17 22 4
9 11 1
12 17 5
16 18 1
23 3 1
7 10 4
9 12 4
15 19 1
11 16 3
18 20 4
23 3 2
18 21 5
10 12 5
0 4 2
7 10 4
1 5 3
15 15 3
9 13 3
5 7 1
5 8 1
14 16 4
20 23 3
3 6 2
20 23 1
1 4 1
9 12 3
13 16 3
23 0 5
12 15 2
6 8 3
12 14 4
6 9 4
16 19 3
14 18 2
17 20 1
10 12 5
12 16 4
8 11 3
14 18 5
12 15 4
11 15 1
5 8 2
6 10 3
8 10 4
4 7 5
9 12 4
11 14 5
0 3 2
4 4 2
20 22 1
7 10 3
6 12 3
16 19 3
18 23 4
17 20 1
11 12 2
17 19 5
20 23 1
23 2 3
20 22 5
9 11 2
10 14 4
12 16 4
19 21 1
23 1 4
6 9 4
18 20 3
10 13 3
7 11 2
19 22 1
15 18 2
21 23 5
2 6 4
5 9 4
15 19 4
15 15 1
20 23 2
5 9 4
14 18 3
9 12 5
22 3 2
9 12 4
9 11 1
16 20 1
14 18 4
5 8 3
3 6 5
15 17 2
4 8 4
7 10 5
5 9 5
15 19 1
11 13 1
5 7 5
20 22 2
23 3 1
13 16 4
11 13 5
15 16 5
17 20 4
5 7 4
11 14 5
10 12 5
17 19 1
11 13 3
19 23 5
0 2 5
10 13 3
17 19 4
4 6 1
16 20 2
16 18 5
23 4 1
15 19 1
15 19 2
10 12 4
16 20 3
7 9 2
6 9 4
1 3 3
9 11 3
18 22 3
3 6 3
5 8 2
20 1 3
7 9 2
9 9 3
10 12 4
20 23 5
19 22 5
6 10 1
22 3 1
15 18 1
4 6 5
14 17 4
19 21 4
22 1 3
2 7 1
10 14 4
8 10 2
21 0 4
17 22 4
16 18 3
3 7 1
7 10 2
6 8 4
7 9 3
20 22 3
19 21 1
3 4 3
9 12 1
1 4 3
20 22 5
7 10 3
11 15 2
0 4 5
21 0 1
5 8 3
2 5 4
14 18 5
3 7 2
2 5 4
15 18 5
10 13 1
21 0 5
16 19 4
7 9 1
2 5 1
15 18 5
13 16 4
7 9 3
17 20 4
22 1 3
23 2 3
11 15 4
8 12 2
14 16 5
20 0 3
10 12 5
16 19 4
18 22 1
20 23 4
19 22 3
17 19 5
9 13 5
9 13 2
0 5 3
23 2 4
6 12 1
1 4 2
19 21 5
21 1 3
23 3 2
20 1 2
4 8 5
21 0 2
9 12 2
