800 18
4 2 5 7 4 9 2 9 8 7 7 5 2 3 3 6 4 2 
6 8 17
0 3 16
20 22 9
2 4 14
23 1 10
4 8 6
13 16 16
21 1 8
19 23 18
19 22 18
8 12 17
17 20 8
12 15 4
0 4 11
3 6 13
15 18 6
14 18 2
19 22 5
9 12 3
7 9 5
21 23 3
23 1 14
10 15 5
5 8 4
18 22 2
11 14 10
19 22 5
9 10 18
14 16 16
14 16 6
19 21 12
14 17 14
17 19 9
1 3 16
16 18 14
20 0 16
9 11 15
18 22 6
2 6 18
16 20 5
3 6 5
7 10 11
11 14 9
0 5 15
10 12 13
13 16 3
18 21 14
2 4 11
4 6 2
9 12 11
15 19 18
9 14 12
10 13 6
6 10 4
12 15 18
1 4 14
6 10 17
7 11 2
9 13 15
21 0 13
8 11 16
11 14 17
14 17 18
2 5 14
13 18 4
21 23 13
21 0 15
11 12 5
0 4 12
21 0 5
11 14 4
2 5 7
13 16 6
4 7 6
17 20 18
7 10 7
15 18 7
23 3 17
14 15 12
23 3 10
17 20 1
22 1 7
20 0 12
20 0 1
17 18 8
1 4 10
12 15 13
14 16 11
6 7 11
17 22 16
17 19 6
6 8 5
11 13 1
20 22 10
0 6 8
20 23 6
22 1 16
9 12 9
9 13 1
11 13 17
17 21 3
21 1 17
20 0 13
12 16 17
1 3 12
6 9 17
10 14 15
10 14 16
7 9 14
22 0 9
2 4 9
21 23 12
3 6 11
20 0 15
6 10 12
23 1 12
20 23 18
13 14 17
16 19 13
14 17 1
12 17 17
18 21 3
5 8 7
21 23 1
13 16 1
8 11 16
13 16 6
15 20 4
22 0 15
9 12 7
6 10 5
7 9 11
20 22 16
8 9 7
13 16 16
1 4 12
10 12 4
2 5 8
13 16 4
8 12 7
13 16 7
6 10 15
13 15 10
9 11 12
2 4 17
4 7 4
13 16 9
16 19 7
20 23 15
18 22 16
19 1 10
20 0 17
19 20 14
6 9 5
17 20 10
17 21 6
5 7 8
18 20 3
12 15 10
12 15 7
5 6 10
1 4 8
18 21 14
13 17 8
18 20 5
8 11 15
3 7 5
3 7 8
2 3 9
6 8 15
3 8 14
16 18 18
10 12 3
6 13 11
23 2 8
22 2 15
9 11 3
5 7 5
18 21 14
17 22 17
18 22 7
11 16 3
2 5 8
3 7 12
18 22 7
5 9 17
2 4 10
2 5 14
21 23 1
12 16 12
18 20 3
12 15 18
15 17 3
18 22 6
22 1 7
17 20 14
17 19 6
5 9 15
7 9 14
0 3 4
23 1 10
9 12 1
4 6 3
21 22 15
16 19 9
12 16 16
18 22 8
1 5 17
6 10 4
2 5 4
19 21 1
1 5 15
3 6 13
22 1 5
21 0 10
21 0 16
12 16 5
13 16 11
10 13 7
6 10 3
16 20 14
5 8 2
11 13 16
3 7 11
11 13 7
16 17 18
5 9 6
14 16 3
9 13 15
20 23 2
18 20 13
2 5 5
23 2 2
13 15 12
8 11 11
12 14 6
19 23 7
23 1 16
9 14 16
1 3 5
5 5 9
7 11 3
0 2 5
14 16 18
4 7 8
17 17 4
5 10 14
5 8 13
10 13 8
12 14 14
16 19 2
8 12 17
13 15 12
10 15 13
23 3 15
16 19 1
3 7 8
18 20 1
3 6 13
20 21 2
19 23 4
5 8 6
18 20 17
20 20 18
18 22 12
4 8 12
5 8 8
13 17 14
6 10 12
1 4 1
11 13 6
7 12 6
9 11 8
7 9 17
20 23 12
6 10 16
7 10 16
6 10 4
13 16 3
13 16 13
14 18 16
16 20 5
4 6 6
1 4 5
1 4 9
7 10 8
17 20 5
0 5 16
13 17 6
20 23 13
21 2 17
18 20 12
1 3 13
16 19 5
7 8 3
19 22 2
4 7 8
6 8 13
19 22 11
3 6 10
22 0 1
14 17 8
2 4 3
20 22 18
11 13 10
8 10 18
18 20 5
6 10 2
18 23 12
15 19 3
8 12 1
18 21 5
20 23 5
20 23 9
3 6 15
18 20 1
10 13 18
11 14 7
10 14 16
5 7 6
12 16 17
20 23 17
16 19 6
1 3 15
7 11 8
19 22 16
7 10 6
0 1 3
19 23 15
15 17 8
23 2 6
16 18 18
14 18 7
22 0 1
20 0 15
0 3 15
15 19 17
17 20 12
19 22 8
5 8 14
2 4 5
21 1 16
10 14 9
7 9 14
1 2 10
7 10 12
12 17 1
4 8 8
14 16 1
4 6 3
4 8 2
22 2 12
13 16 9
9 12 11
20 23 6
20 1 15
17 20 10
2 5 15
10 14 12
15 18 3
15 18 13
11 16 10
14 17 12
7 10 6
17 20 1
18 19 15
12 15 10
22 0 10
6 10 10
1 5 1
6 9 9
15 18 10
0 2 18
7 11 17
11 14 8
1 4 16
16 21 16
19 21 15
4 6 5
12 14 4
11 14 10
22 1 7
20 22 8
2 4 6
11 15 13
22 1 1
20 0 16
16 19 8
1 4 7
15 18 18
7 8 7
10 14 4
14 18 6
9 11 1
15 18 15
11 14 11
0 2 13
9 12 9
4 6 18
2 6 4
12 14 8
23 4 3
1 4 1
0 3 11
23 3 17
4 7 11
3 7 18
2 3 11
17 21 15
19 22 7
16 19 13
1 3 7
10 12 18
11 15 13
5 6 10
23 2 4
16 19 11
10 14 1
13 16 17
2 4 14
7 8 15
20 1 10
1 3 2
0 3 9
18 22 15
7 10 6
13 15 18
17 21 10
23 2 13
13 15 8
18 22 17
2 5 3
1 4 9
17 20 14
15 21 14
11 14 9
19 22 17
22 1 18
7 9 2
5 9 13
11 15 3
14 17 18
18 22 9
2 5 9
11 15 8
6 9 5
21 22 4
4 7 7
5 8 16
12 15 14
10 14 7
0 3 17
2 6 13
14 16 3
0 2 16
9 15 5
21 23 6
23 1 18
10 12 14
5 7 17
8 11 14
11 14 10
7 10 2
6 9 17
20 0 9
12 17 9
7 9 9
23 3 16
5 8 13
11 14 6
3 6 7
1 5 18
23 2 3
19 23 2
20 23 3
21 0 1
5 8 2
18 20 10
8 12 5
15 21 18
20 0 16
2 4 14
19 22 13
5 9 18
1 4 11
11 14 18
6 8 4
9 11 14
3 6 14
16 20 11
4 6 11
12 14 12
14 18 17
21 23 12
18 20 5
3 5 15
4 7 3
3 6 11
14 14 10
22 2 13
8 11 15
5 7 6
5 7 1
13 15 12
1 4 6
20 23 3
10 13 13
4 7 1
17 20 4
14 16 17
1 6 11
19 23 1
14 16 5
4 9 11
17 20 11
7 8 16
2 4 6
20 22 4
11 13 15
1 4 6
20 0 18
9 12 8
8 12 18
0 4 1
17 19 8
22 3 17
7 10 16
12 13 12
23 0 16
23 3 2
9 12 12
9 10 1
12 16 4
4 8 6
11 12 2
10 12 6
22 3 14
23 2 10
15 18 9
12 14 9
22 2 12
15 19 4
20 23 10
22 1 9
0 3 14
11 13 8
10 12 10
14 16 8
22 23 17
8 11 12
21 23 18
3 6 11
10 13 18
6 10 7
13 15 12
17 20 11
3 6 3
16 20 3
22 0 11
14 17 9
11 13 13
17 20 14
0 3 13
13 16 16
17 20 13
4 6 1
1 4 12
22 0 14
2 4 10
8 11 7
22 23 14
11 15 7
9 12 2
9 11 13
1 4 4
4 7 7
18 20 13
10 12 2
19 22 7
14 17 16
20 22 9
3 6 8
20 21 18
1 2 2
8 11 12
13 17 16
3 5 18
22 2 15
11 14 12
17 20 2
8 11 18
13 17 17
16 19 13
20 22 9
23 2 8
15 17 1
19 23 2
16 20 17
5 7 9
1 3 10
5 9 15
0 4 16
13 16 8
23 1 18
12 14 3
6 7 7
15 18 7
10 14 10
13 17 18
15 19 5
11 14 8
11 14 14
5 9 12
22 2 11
12 16 17
16 18 7
9 11 1
4 6 10
7 10 5
23 4 5
3 6 11
3 5 18
17 21 1
14 16 17
18 19 6
2 7 13
12 15 18
18 23 13
0 4 6
20 0 8
23 3 2
12 16 2
22 1 3
10 13 13
0 2 15
21 23 9
17 20 15
15 19 17
23 1 16
22 0 3
19 21 7
16 20 10
17 20 10
17 19 16
18 21 1
17 22 17
4 8 11
18 22 7
12 12 18
20 0 14
22 2 14
10 14 15
11 13 11
14 16 18
19 21 6
21 0 6
15 18 6
17 22 2
3 7 17
23 3 4
18 19 1
5 8 17
20 0 17
13 17 1
8 13 2
1 5 16
22 2 10
15 19 14
17 21 16
8 12 3
12 17 12
5 7 1
5 7 17
17 21 10
21 0 13
22 2 15
13 14 15
23 1 3
0 3 8
21 23 17
13 15 16
21 1 5
3 5 9
12 15 2
17 21 10
15 19 5
23 2 1
15 18 16
9 12 8
14 16 7
6 9 14
7 9 14
5 10 15
17 18 16
0 2 14
20 1 17
1 3 11
11 14 2
17 20 17
2 5 16
17 21 13
10 12 1
18 21 1
3 6 14
3 6 13
3 4 18
4 6 11
20 0 7
16 20 14
11 14 8
0 3 1
17 19 15
15 19 18
7 10 8
17 20 16
22 2 9
14 17 4
20 23 17
17 20 8
17 21 14
15 16 3
6 10 7
15 17 6
2 5 18
11 14 6
3 6 18
8 10 16
1 3 18
1 4 3
8 11 3
4 7 13
19 19 10
4 6 15
6 9 4
21 2 11
1 4 10
4 6 5
3 6 13
2 5 12
23 3 6
12 16 5
7 10 17
10 12 12
9 13 10
10 13 15
7 10 1
16 21 13
9 12 16
6 9 15
17 21 13
5 9 2
2 4 2
1 4 5
2 5 6
8 13 16
23 2 7
11 14 16
3 5 1
21 23 13
5 7 14
2 7 9
3 6 9
16 20 10
7 10 15
23 2 18
11 16 13
3 7 16
11 14 6
16 18 14
11 13 9
13 17 7
11 15 8
19 23 4
14 19 18
3 5 18
6 10 4
20 22 2
15 18 8
11 14 15
18 21 15
6 8 4
15 18 7
11 14 8
8 11 6
14 16 3
4 6 7
2 4 10
14 17 2
23 2 13
6 12 1
10 12 4
21 23 16
5 6 18
1 4 17
12 16 8
11 13 8
5 6 10
5 8 9
14 20 9
23 23 3
