200 18
7 7 10 3 7 6 9 2 5 5 9 8 9 1 6 1 9 5 
13 17 14
18 21 15
17 21 10
10 15 17
2 5 2
2 5 18
21 0 9
9 12 7
23 2 16
23 2 4
19 22 13
13 15 7
14 17 1
9 12 1
7 11 16
6 10 6
9 12 15
11 15 11
18 20 10
17 20 16
6 10 6
7 10 2
1 5 10
21 0 14
8 10 1
5 7 5
15 17 11
12 16 5
14 17 8
14 16 12
2 2 11
10 12 12
19 22 5
16 20 1
14 19 4
19 23 16
3 7 13
19 21 11
19 23 4
9 12 6
23 1 6
21 0 11
1 4 4
5 9 8
0 4 11
14 16 14
10 12 8
1 4 13
16 19 17
6 9 8
5 8 3
21 23 3
18 22 18
6 8 4
4 7 12
2 4 6
1 3 17
3 6 17
18 0 6
3 5 18
22 1 1
3 6 12
20 0 8
11 14 14
22 1 9
13 16 13
17 20 12
9 13 10
11 13 13
23 2 15
21 23 11
13 15 10
21 22 3
21 23 11
5 10 9
23 1 14
4 8 10
17 20 13
21 1 2
21 1 1
21 1 16
17 20 10
10 12 6
0 4 11
8 11 16
9 12 11
12 16 4
12 16 12
3 5 6
23 2 15
11 13 8
23 2 10
21 0 3
4 6 11
19 21 6
7 11 4
21 23 17
16 19 18
10 13 16
10 12 11
8 9 12
2 6 12
13 15 3
4 7 16
17 21 9
16 19 5
12 14 16
5 8 10
4 7 16
19 22 9
1 5 10
16 18 7
0 4 16
23 23 6
10 14 11
2 4 2
9 12 9
6 7 14
3 5 11
1 5 6
15 19 13
9 12 15
13 17 2
1 4 8
20 0 14
14 18 7
6 8 17
1 6 7
6 9 18
8 11 5
19 23 5
13 15 9
11 15 4
7 12 16
19 22 16
5 8 4
14 17 2
7 10 2
4 6 10
12 15 11
0 2 3
20 22 2
7 9 9
14 18 4
11 14 16
1 4 16
15 16 1
19 23 2
18 22 16
12 15 14
23 1 4
18 22 8
1 5 16
5 5 18
17 19 17
21 1 3
18 20 4
23 2 13
10 13 18
5 8 3
17 20 1
19 21 4
12 15 9
6 8 13
6 9 14
13 13 12
17 19 15
14 16 16
13 16 15
2 6 8
20 22 9
20 22 13
20 21 17
15 18 12
2 5 5
0 2 9
17 20 4
2 4 5
9 12 14
5 9 4
20 23 18
13 17 2
18 22 8
9 14 13
19 23 13
14 17 15
17 19 9
6 10 15
0 4 11
10 11 10
6 10 5
14 17 15
2 3 13
20 23 13
10 13 9
13 17 8
12 17 14
0 3 7
6 9 12
1 6 9
