450 4
5 2 10 6 
12 16 3
15 18 3
21 0 1
14 17 3
19 21 2
14 17 4
15 21 4
19 23 1
14 17 3
22 2 4
22 1 1
23 1 4
20 0 1
13 16 1
6 10 2
14 16 1
23 1 2
14 17 1
21 22 4
12 15 4
22 1 4
16 19 3
3 6 4
23 3 2
2 5 3
21 23 4
2 4 2
14 16 4
8 12 1
2 6 3
20 21 1
7 10 1
12 15 3
8 12 1
22 1 3
13 17 4
13 18 4
17 20 1
1 4 2
18 21 1
23 2 1
19 22 3
0 3 4
1 3 3
7 9 4
1 5 2
7 10 2
7 10 1
7 11 2
6 6 4
11 13 3
7 11 1
6 9 1
23 2 4
10 12 2
10 13 1
12 16 3
11 15 2
7 11 3
12 13 3
6 8 3
22 1 1
17 19 4
9 14 3
11 15 3
18 21 2
11 14 2
23 1 3
18 20 4
3 6 4
4 6 3
7 10 3
9 13 2
9 10 3
11 14 1
9 11 2
4 8 1
15 17 4
6 8 3
16 18 4
22 23 3
6 8 3
21 0 4
14 17 4
9 12 4
8 10 1
20 0 1
19 23 1
21 2 1
12 13 3
12 13 3
6 12 2
11 15 3
1 2 4
15 17 1
22 3 3
7 9 2
10 14 4
5 8 3
0 5 3
17 20 4
9 13 1
11 14 2
22 4 3
6 9 3
8 10 4
3 7 2
14 17 3
0 3 1
11 15 4
15 17 4
15 17 3
16 18 4
7 11 1
18 22 4
12 15 3
3 7 1
2 6 3
7 12 2
11 13 4
0 3 4
0 4 1
19 23 2
19 22 1
4 8 1
10 14 1
17 17 3
9 10 3
1 2 4
20 23 1
13 16 3
10 13 4
16 17 2
0 2 4
3 4 1
9 13 3
6 10 4
0 1 2
11 14 2
11 14 4
17 18 4
18 21 2
12 15 2
9 13 1
17 19 3
7 11 4
21 0 2
8 10 1
12 15 2
21 23 2
17 20 4
14 19 1
18 21 1
3 5 1
7 9 3
16 18 2
3 6 3
6 9 3
7 11 2
8 11 1
1 4 2
12 13 3
23 2 3
15 18 2
13 16 1
12 15 1
12 15 4
4 7 1
19 21 1
13 15 4
7 10 3
2 6 2
19 21 2
19 22 4
20 22 1
22 1 1
10 13 4
0 3 3
22 0 2
9 11 1
3 5 1
22 2 4
10 13 4
6 9 1
23 3 3
17 21 2
18 22 1
0 2 2
9 10 2
13 18 3
10 13 1
17 21 3
14 19 2
15 19 3
22 1 4
5 7 1
10 13 4
3 5 4
19 20 3
17 20 3
22 1 1
7 10 4
18 21 4
9 11 4
10 12 4
2 4 1
6 9 2
19 23 3
7 10 3
19 20 3
16 18 1
11 14 1
20 0 4
11 13 2
6 9 2
13 13 1
5 8 2
12 15 4
2 5 3
15 19 4
0 4 1
6 10 3
14 18 4
16 17 2
16 20 1
6 9 1
0 3 2
3 6 2
8 10 4
21 23 2
10 14 2
14 16 3
5 7 1
9 12 4
11 14 3
21 1 3
17 21 3
8 10 4
5 7 4
9 13 1
14 16 3
23 3 3
22 1 2
18 21 4
14 18 3
18 21 1
9 13 2
9 12 1
19 21 3
0 4 4
14 19 1
21 23 1
3 5 4
8 11 4
3 5 1
17 20 2
18 21 2
17 19 2
17 20 3
18 0 4
18 21 2
17 20 1
1 3 2
12 16 3
11 13 3
6 7 4
0 3 2
5 9 4
2 6 4
13 17 3
23 2 1
13 16 3
16 20 1
22 0 4
12 16 2
23 3 1
3 7 4
17 20 4
17 20 2
6 8 3
10 14 2
17 20 1
11 14 2
10 14 2
20 23 2
7 8 2
7 10 3
21 0 4
18 21 3
18 23 2
3 6 4
22 0 1
22 2 3
10 12 4
18 21 1
16 19 4
15 18 4
2 6 2
15 18 1
1 4 4
10 12 3
11 15 4
11 15 4
2 5 3
6 9 2
4 7 3
12 16 1
13 15 2
22 1 2
20 0 4
19 22 4
2 5 2
7 9 3
22 0 1
6 9 2
23 2 2
23 2 3
7 10 4
22 0 4
7 9 2
7 9 2
9 11 2
10 13 1
22 1 4
7 11 2
22 0 1
7 10 2
19 22 4
3 8 3
11 13 3
0 3 4
2 5 3
3 6 2
23 3 2
2 5 2
15 18 1
13 16 1
23 3 2
5 8 2
16 18 1
2 6 4
16 19 3
0 3 3
18 20 4
13 14 4
11 14 2
16 19 3
11 13 3
6 10 4
14 16 4
3 7 2
22 0 4
21 0 4
3 7 2
6 9 4
4 7 4
13 18 2
1 5 1
17 19 2
12 15 3
22 1 1
4 9 4
18 22 1
8 13 3
2 6 4
16 19 1
9 12 2
3 6 2
3 9 3
10 13 3
12 14 2
21 0 3
1 3 3
4 9 2
6 9 2
19 23 3
2 5 2
0 3 1
15 16 3
23 2 1
13 17 3
23 4 3
20 0 1
23 3 3
6 9 4
10 13 2
21 0 2
13 15 2
18 21 1
23 3 4
21 0 2
23 0 1
1 4 1
4 5 4
15 18 1
4 8 4
10 12 1
1 4 3
14 16 4
6 9 2
20 22 4
22 2 1
20 23 1
17 21 3
13 17 2
18 19 4
6 9 2
19 21 4
9 13 3
15 17 3
20 22 4
22 1 3
4 7 1
6 10 1
23 2 4
13 17 1
10 15 2
17 20 4
13 17 1
12 12 4
17 21 2
10 13 1
22 0 2
6 10 4
20 1 4
22 0 3
8 11 2
5 9 2
0 3 3
20 22 4
17 21 3
23 2 1
20 22 3
19 23 4
15 18 4
9 11 3
20 22 3
15 18 2
5 7 2
8 11 4
9 11 2
21 0 4
8 12 4
17 19 2
19 21 4
23 1 4
13 16 4
18 20 1
13 16 1
15 18 2
