900 9
5 5 3 2 1 8 6 8 8 
7 8 1
15 16 6
1 3 4
9 12 2
19 23 1
12 16 9
18 21 7
16 19 2
0 5 8
12 13 3
9 12 5
23 0 1
5 7 4
3 6 9
0 3 1
17 20 8
20 0 2
2 4 9
5 9 8
15 17 6
11 13 9
16 20 1
7 11 7
13 17 2
19 21 8
4 6 5
12 14 7
10 10 2
22 2 7
12 16 8
7 10 6
2 7 6
13 15 4
2 4 4
6 8 2
13 15 2
10 14 8
4 7 5
19 0 7
18 21 2
17 19 1
10 11 1
1 5 8
13 17 6
5 9 2
4 7 9
7 10 2
22 1 4
11 14 4
20 0 2
3 4 7
12 14 3
16 19 4
16 19 9
5 8 9
11 13 3
10 13 9
22 3 8
22 1 2
4 7 9
6 8 4
23 2 2
22 3 8
11 14 6
21 3 1
10 13 2
8 12 8
14 17 2
13 16 3
8 10 2
12 15 1
9 11 7
9 12 4
17 20 6
15 18 8
3 6 4
4 6 5
12 17 7
3 5 3
22 1 5
21 0 2
11 14 6
9 12 2
2 5 6
1 3 1
13 18 2
12 16 4
12 14 7
20 0 7
12 14 3
13 17 9
18 22 6
11 14 6
19 22 9
6 9 7
9 11 9
23 0 5
13 14 4
15 18 7
17 20 7
13 14 7
16 18 9
4 8 3
4 5 7
20 23 3
20 22 5
3 7 9
3 7 4
8 13 7
16 18 3
1 6 9
10 12 1
3 7 3
0 3 3
20 0 5
19 22 9
0 5 5
11 12 1
14 17 1
6 10 2
8 10 3
22 1 2
11 14 8
22 2 8
9 11 1
8 11 4
23 2 5
18 21 9
4 6 7
21 0 6
19 0 7
11 13 2
23 2 2
14 18 3
4 8 8
19 22 7
15 17 5
15 18 3
7 9 7
22 0 3
10 11 7
5 9 1
12 15 7
7 12 9
7 10 3
22 1 5
10 12 2
12 16 4
0 3 7
5 8 6
14 17 8
10 15 5
5 8 7
0 5 4
8 12 6
19 23 2
0 1 9
16 17 9
22 0 9
18 21 6
22 1 5
8 10 2
4 7 2
13 18 2
6 9 1
16 19 8
6 10 4
19 22 8
7 8 6
7 10 8
21 0 4
14 16 8
7 10 9
17 20 1
20 1 6
3 7 6
23 1 7
23 3 3
22 0 1
2 7 6
20 0 5
15 17 6
3 7 3
4 7 7
12 14 7
1 5 3
16 19 7
5 7 8
21 1 1
7 11 7
6 10 4
18 21 1
4 8 9
22 1 5
23 2 3
8 11 6
22 3 1
4 5 5
13 17 7
8 8 2
21 0 1
19 22 7
3 6 9
22 1 8
3 6 7
11 15 1
18 20 9
2 6 7
20 22 1
23 2 7
22 0 9
7 12 8
11 14 6
13 15 9
7 9 6
14 16 5
17 20 2
1 3 6
12 16 7
23 0 3
19 20 5
13 15 1
22 1 5
23 3 2
21 1 2
9 13 1
3 7 3
14 18 3
11 12 7
8 11 6
21 1 9
20 22 6
13 17 6
6 10 1
19 23 4
10 14 8
22 0 6
20 23 8
2 5 2
15 18 4
5 7 7
23 2 6
6 9 6
17 19 9
3 6 8
6 11 6
14 17 1
20 23 4
18 21 2
12 16 4
17 20 5
6 10 8
9 13 2
19 23 7
19 21 1
15 18 6
18 23 7
6 10 7
10 14 7
0 2 5
17 21 9
11 14 4
15 20 3
17 19 2
22 2 1
0 4 9
20 23 4
9 13 9
23 1 4
13 17 5
21 0 6
11 14 7
3 5 4
11 13 4
15 19 5
11 14 4
15 20 9
17 20 2
13 16 4
4 5 2
19 22 7
13 15 7
8 9 7
10 12 2
16 19 3
3 7 2
0 4 9
11 14 2
9 10 9
22 23 2
4 7 3
23 4 6
16 20 6
1 4 1
18 22 4
20 23 5
3 7 8
11 13 3
21 0 1
18 21 5
10 11 6
18 22 4
3 7 8
12 14 5
12 14 8
6 9 7
11 14 6
7 11 4
2 6 8
10 14 6
16 19 3
22 2 8
2 4 5
15 17 9
5 9 7
11 13 5
3 6 4
19 22 5
9 13 3
14 17 1
7 9 5
17 20 3
19 21 1
2 6 2
18 20 1
5 8 9
7 11 6
10 13 6
6 10 7
11 14 1
14 18 9
21 1 4
18 20 9
11 15 6
19 23 5
22 2 5
12 13 5
2 4 6
10 14 9
22 0 3
0 3 7
21 23 8
4 7 4
23 2 6
4 6 1
23 2 9
0 3 8
17 20 7
17 19 6
21 1 2
8 9 2
11 14 5
23 2 9
23 2 2
16 21 8
11 12 5
1 4 3
15 18 4
5 9 2
20 0 1
0 3 5
6 9 7
20 0 1
20 22 4
0 2 4
19 0 7
5 7 2
11 13 9
21 23 3
13 17 4
18 21 5
16 19 6
8 12 1
22 0 7
6 9 5
15 18 9
8 9 5
22 0 8
0 4 8
23 1 2
17 19 5
15 19 2
0 3 5
9 11 8
17 20 1
19 22 1
9 12 4
16 19 2
12 15 9
2 6 9
0 5 2
8 12 8
9 11 1
22 23 7
20 0 6
10 14 2
18 21 3
20 21 9
16 18 7
17 21 2
12 14 8
16 20 8
8 11 6
7 10 3
8 10 1
0 3 9
9 11 2
7 11 7
2 5 9
16 19 2
22 23 7
15 17 4
14 16 4
13 16 6
5 10 7
22 0 5
2 6 2
4 8 8
2 6 1
7 10 9
15 18 3
11 14 6
17 20 7
10 14 5
20 21 7
8 12 8
3 7 5
6 9 9
1 3 8
11 14 6
11 13 4
14 18 1
0 2 8
1 3 7
14 16 3
22 0 5
8 11 5
15 18 2
13 17 9
6 9 7
4 7 9
17 19 5
0 2 4
2 5 4
10 13 6
8 11 4
19 23 6
17 21 5
3 5 3
9 14 7
0 4 1
13 18 7
5 8 5
0 3 4
16 19 7
0 3 2
17 20 2
21 0 4
14 18 2
0 4 1
16 19 9
2 4 9
20 23 8
18 22 5
6 9 1
0 4 9
7 10 5
15 19 3
17 22 1
16 19 8
8 11 5
13 18 1
18 22 7
8 12 6
8 11 7
6 7 7
0 4 3
0 3 5
19 20 5
12 15 8
12 15 5
12 15 8
11 14 1
20 23 3
17 22 8
13 16 5
13 15 7
22 1 9
11 13 5
21 0 5
0 2 5
11 13 4
15 16 7
9 13 8
0 3 8
2 5 8
4 5 3
11 15 7
10 13 8
22 0 7
6 10 2
22 2 9
13 15 9
2 6 9
2 4 5
13 15 8
7 11 8
12 16 5
22 2 4
17 22 8
0 4 4
8 11 1
12 15 8
17 20 4
18 19 3
19 21 6
16 18 1
9 11 5
20 23 7
18 20 2
20 22 6
10 12 1
22 2 2
4 6 1
6 10 5
3 8 7
20 22 8
14 17 9
16 20 6
16 19 5
1 5 5
13 16 8
14 18 5
11 14 3
20 1 2
0 2 4
11 15 2
14 16 9
11 13 4
16 19 2
19 23 5
14 18 4
9 11 4
2 6 9
19 21 1
12 16 6
22 1 4
22 2 2
2 5 1
13 16 7
4 8 7
9 10 9
21 0 2
14 16 5
4 7 9
17 19 8
19 22 6
2 5 7
11 12 3
7 11 3
11 15 2
0 2 8
2 4 8
5 8 1
4 7 6
23 1 7
15 18 3
15 20 9
9 14 8
12 14 1
16 18 5
15 17 7
1 3 2
12 15 3
23 1 3
13 16 4
15 17 4
5 8 9
22 1 1
9 12 4
1 4 5
23 3 8
15 18 2
23 3 5
18 21 8
21 1 8
17 20 2
2 6 7
9 13 6
1 4 8
17 20 9
3 7 4
23 1 5
9 12 6
16 18 6
12 16 7
5 9 8
17 19 9
19 0 1
23 23 6
20 1 6
11 13 1
10 13 4
7 9 8
23 1 6
4 7 8
20 23 2
0 3 8
14 17 6
0 4 7
23 3 5
10 12 6
14 18 3
23 1 1
16 20 3
9 13 2
3 6 8
11 15 3
23 0 8
6 9 4
16 21 8
4 7 1
7 10 5
4 8 5
20 0 5
22 0 8
5 9 4
16 20 6
16 18 7
11 14 4
1 3 9
16 19 7
1 5 6
20 0 4
9 11 6
21 1 6
21 0 9
1 3 2
7 10 7
1 4 6
4 6 5
5 9 6
15 19 9
21 0 7
6 9 3
21 1 7
0 2 2
11 16 9
18 21 6
11 15 1
20 23 4
12 15 1
10 12 2
21 0 9
6 8 8
5 9 7
13 18 9
0 2 8
21 2 1
11 15 6
3 6 9
23 2 5
18 23 5
13 15 9
12 16 7
13 14 3
22 3 2
8 13 2
20 23 6
2 4 7
23 1 9
8 11 3
5 8 3
3 5 6
4 8 5
15 17 3
2 5 9
22 1 9
2 4 2
21 0 8
8 10 3
3 7 1
4 9 8
13 17 4
13 16 9
6 10 4
5 9 4
13 15 3
5 8 6
22 1 5
16 20 3
23 2 3
2 6 3
15 17 5
2 5 7
15 19 1
18 22 3
9 11 8
10 12 7
6 10 2
0 4 7
1 3 6
7 10 5
17 20 9
15 19 4
9 12 3
12 15 2
16 19 4
21 0 8
7 9 5
16 19 7
8 11 9
8 12 7
6 10 8
15 16 7
22 0 6
9 13 2
7 10 1
6 9 3
9 11 1
6 8 8
10 12 8
15 18 3
10 12 7
12 15 3
7 9 3
5 7 2
9 12 3
3 6 6
1 3 1
3 5 3
19 21 1
8 10 3
6 7 5
15 20 3
3 6 7
21 22 9
4 6 6
17 20 3
16 20 5
17 19 6
3 8 2
1 4 9
16 19 3
23 3 8
16 19 8
17 20 6
12 16 1
3 7 2
15 18 6
5 9 6
0 3 6
3 9 6
0 3 9
2 6 8
8 11 2
6 9 9
6 11 9
2 5 3
1 3 8
19 21 2
9 10 8
19 22 9
22 1 9
22 1 3
11 12 6
17 21 9
18 19 7
18 20 9
13 17 7
23 2 1
5 8 5
1 4 2
20 22 6
18 20 5
8 12 9
2 4 1
2 5 4
18 22 4
7 11 1
14 17 2
23 1 4
5 7 9
18 20 2
18 21 7
23 2 1
3 5 2
16 19 7
14 16 5
0 3 2
3 5 5
15 16 6
15 18 9
20 23 4
8 12 2
21 1 1
13 16 8
6 10 7
14 17 4
18 22 1
19 23 4
18 22 4
15 18 7
12 15 9
22 1 3
16 20 2
16 21 1
19 22 8
4 7 8
23 3 9
7 11 9
21 1 8
9 11 1
5 7 2
15 17 4
7 10 4
2 7 2
13 15 8
20 0 2
20 22 5
2 5 5
7 10 6
21 0 8
15 18 8
23 2 8
1 2 7
17 19 2
8 11 2
11 16 2
1 4 9
16 18 1
8 10 4
7 11 9
4 10 6
4 8 8
22 23 2
0 4 6
15 20 3
13 17 6
9 13 7
0 2 7
10 14 5
14 17 5
12 15 7
20 23 1
8 11 4
13 17 1
5 7 1
10 13 7
16 19 6
7 11 7
1 3 2
12 16 4
3 8 3
12 15 8
16 20 2
11 13 9
3 5 1
12 13 8
9 10 8
20 0 8
5 7 3
16 18 9
5 9 7
20 23 3
7 10 8
10 13 2
15 18 7
19 22 6
14 16 1
3 7 4
20 23 6
6 9 6
0 4 9
22 1 2
21 23 7
20 0 8
19 22 5
8 11 7
3 7 9
5 9 8
19 21 6
2 4 9
1 4 3
18 21 7
2 5 8
9 13 4
19 21 2
10 12 7
3 6 5
8 13 1
23 3 6
8 10 9
0 3 8
20 0 4
10 14 6
11 14 6
16 20 9
3 7 6
3 6 3
