1400 5
3 5 6 8 7 
5 8 1
12 16 2
5 9 4
19 22 1
4 6 4
21 0 3
12 16 1
21 0 3
2 4 2
9 12 4
14 18 5
20 21 3
15 16 1
14 17 2
13 16 5
17 20 1
4 6 1
13 16 4
12 15 1
1 5 3
16 19 4
18 22 2
6 9 4
4 4 4
10 14 1
18 22 3
16 18 5
7 10 1
18 18 1
0 3 5
19 22 4
23 3 5
10 15 1
17 20 1
14 17 2
11 15 1
17 19 2
9 11 1
23 1 3
19 23 3
17 21 5
12 16 5
15 18 2
19 23 1
17 19 5
16 18 3
17 22 4
0 2 1
22 2 2
18 20 2
13 15 4
14 18 5
4 6 3
22 1 4
23 4 1
15 17 5
18 19 4
15 17 3
4 8 5
12 15 5
13 18 3
21 0 3
13 17 4
3 6 3
20 23 4
23 2 4
17 21 3
15 18 5
6 10 4
16 20 5
4 7 1
18 21 4
5 8 2
0 3 4
18 22 5
3 7 3
17 20 3
16 20 1
23 1 2
15 17 4
16 18 5
16 18 5
19 21 4
23 1 2
9 12 5
13 16 1
13 17 5
11 15 4
21 1 1
20 23 4
9 16 3
14 17 3
17 20 1
17 19 2
5 7 5
10 12 1
23 2 3
14 19 5
16 20 2
7 10 3
12 16 3
17 19 3
8 11 3
0 4 1
2 6 2
1 4 4
0 3 2
11 17 2
18 19 3
18 21 4
19 22 5
12 16 3
22 1 4
8 9 4
6 8 1
21 23 2
4 6 3
8 12 4
20 1 5
6 9 5
11 14 4
1 5 4
11 14 4
7 8 1
11 15 1
15 20 3
12 16 3
4 7 5
4 6 3
14 16 2
22 2 1
22 2 5
7 11 2
8 10 3
13 17 3
2 3 4
16 17 2
1 3 5
2 3 2
11 13 5
23 3 4
23 2 2
7 9 2
16 19 1
11 16 3
23 3 2
6 8 5
21 22 2
2 6 5
15 16 1
1 6 5
15 19 1
19 22 5
0 3 2
10 11 2
11 14 2
21 0 2
17 21 4
20 0 2
2 4 5
12 14 1
8 12 1
10 14 1
17 21 2
9 10 5
19 20 3
13 15 4
12 15 2
14 15 3
6 9 4
14 19 3
2 7 5
3 6 3
7 9 2
14 15 5
18 22 2
22 1 1
12 15 4
15 18 1
11 13 4
3 6 5
10 12 3
22 1 2
23 0 2
23 2 1
14 16 4
4 6 1
11 14 4
16 18 2
11 16 4
15 16 5
6 8 3
8 11 2
15 19 2
3 5 1
19 22 4
7 10 1
7 11 1
5 10 2
15 18 3
11 14 4
6 9 3
7 10 4
5 9 2
21 0 5
18 20 1
5 8 1
9 12 4
14 16 4
21 1 3
1 5 3
15 17 4
0 4 5
3 6 1
11 13 5
15 19 1
6 8 3
17 19 1
1 4 4
5 9 1
16 19 1
3 6 5
5 8 2
11 13 2
6 10 5
15 17 2
2 6 4
12 16 3
0 1 1
9 11 1
14 16 4
1 2 1
8 11 3
23 2 3
20 0 5
6 7 2
6 9 1
18 19 2
20 23 1
5 7 4
18 21 2
7 10 2
2 5 1
4 6 5
16 20 3
20 23 3
5 8 3
23 1 4
3 6 3
6 11 4
9 12 2
5 8 4
11 12 2
1 4 5
13 17 4
16 18 1
17 19 1
18 21 5
7 12 5
18 22 4
10 13 2
12 15 5
23 2 3
15 19 2
11 14 3
5 9 2
3 7 5
8 11 3
15 18 1
11 15 2
8 11 3
20 22 2
10 12 2
11 14 2
10 13 5
8 11 2
20 23 2
7 10 5
11 14 5
22 1 4
6 8 5
9 13 1
15 17 5
0 2 5
21 22 4
23 2 5
17 21 3
20 22 2
9 12 4
23 2 3
3 7 2
14 16 2
3 5 1
4 7 5
15 18 3
4 7 5
11 13 4
2 5 4
11 15 4
7 10 3
0 4 4
9 13 4
14 16 1
1 4 5
10 12 3
22 2 3
18 22 4
23 1 4
12 15 1
12 14 2
10 11 1
15 17 3
22 1 3
11 14 4
3 5 5
21 23 3
17 20 5
23 3 5
13 17 2
1 4 1
6 9 5
20 23 4
2 5 2
18 21 4
16 20 4
8 12 4
11 13 4
14 16 5
23 3 2
11 15 5
0 3 5
7 9 4
9 11 1
14 18 3
21 1 2
9 11 4
7 11 5
11 13 2
5 10 4
12 14 2
19 23 1
12 16 3
12 14 5
23 1 5
11 15 5
12 16 1
13 17 2
9 12 3
19 21 4
13 18 5
18 20 5
15 19 4
9 12 4
2 6 3
18 19 3
12 15 1
13 17 1
19 19 3
15 17 2
2 4 3
2 3 2
6 9 4
4 6 4
8 11 3
5 9 1
10 14 4
4 8 3
9 10 5
13 17 2
17 20 2
4 9 4
19 21 1
17 19 3
9 13 4
7 10 4
15 16 1
8 10 3
12 15 4
23 2 1
8 11 5
12 14 4
18 21 2
4 7 3
8 11 4
13 14 3
22 2 5
16 21 5
1 2 4
9 12 4
17 21 5
10 12 5
18 19 5
11 13 2
2 5 5
0 3 2
23 2 1
7 9 5
11 14 5
7 10 3
1 4 3
4 8 2
21 23 1
16 20 2
22 1 2
6 9 5
0 4 1
15 17 3
22 2 4
13 17 1
9 13 3
14 18 4
4 6 2
20 23 1
19 23 3
15 18 5
5 8 4
4 8 3
22 2 1
2 5 2
21 0 1
9 13 2
10 14 4
10 11 2
6 10 4
0 2 5
11 15 2
2 4 2
19 0 4
1 4 3
12 15 3
19 21 4
20 22 5
2 6 2
1 4 5
10 13 1
23 1 1
4 6 1
21 22 3
14 17 4
14 16 4
3 6 3
9 11 1
4 7 3
13 14 2
4 7 4
17 20 2
1 5 1
20 22 5
9 13 2
4 6 5
3 6 2
19 22 4
8 11 5
8 10 1
2 5 4
8 12 3
10 13 3
13 16 5
21 22 2
8 10 3
21 23 5
0 3 1
15 17 5
18 19 1
19 22 1
3 5 5
3 7 2
19 21 5
1 4 1
22 0 5
4 7 1
1 4 5
7 12 3
10 13 4
22 1 5
15 18 1
16 20 5
1 3 3
19 23 4
18 19 1
2 6 5
18 21 4
1 3 3
22 0 2
9 11 5
15 18 3
5 7 3
21 23 2
10 13 1
10 11 2
12 15 2
5 9 2
8 11 2
12 16 3
18 20 4
10 15 4
15 18 1
6 8 1
16 19 5
18 20 2
5 7 3
22 1 5
5 8 4
17 22 1
9 12 5
21 2 3
6 11 4
5 8 5
19 22 4
11 14 2
1 5 4
19 22 3
23 2 4
14 16 3
14 17 4
3 5 5
22 2 1
8 10 3
3 6 1
4 6 4
6 9 3
9 10 2
18 23 4
14 16 2
15 17 3
3 8 5
8 10 2
22 1 4
23 3 2
21 1 1
7 11 2
18 22 3
12 13 4
8 12 3
5 7 1
23 2 5
5 9 3
1 6 4
4 8 3
22 23 2
2 3 5
11 15 3
18 21 1
13 17 2
0 1 4
16 18 2
4 8 2
0 4 3
14 16 4
14 18 3
11 11 2
14 15 1
4 7 3
0 2 2
12 14 5
13 15 5
23 3 4
23 2 2
0 2 4
6 9 5
10 13 1
23 2 5
4 9 5
13 17 3
8 12 2
22 23 2
1 4 1
17 21 5
4 8 3
11 15 2
23 1 5
2 5 5
1 6 3
16 20 1
12 14 3
20 23 4
21 1 1
6 10 1
17 20 3
18 21 1
6 9 1
16 19 2
16 19 2
6 9 5
16 18 1
19 21 3
8 12 1
17 20 2
12 15 1
12 13 4
23 3 3
13 16 3
20 22 1
7 11 2
19 22 5
19 0 3
16 19 5
19 23 4
7 9 5
8 10 2
19 22 5
6 11 3
15 18 2
18 20 2
11 14 1
9 13 2
13 17 4
18 23 3
14 16 1
10 14 5
18 22 1
16 20 2
20 0 5
11 14 5
4 7 5
4 5 2
23 1 5
1 6 4
12 15 3
19 23 2
0 3 1
18 21 2
0 5 5
19 23 4
13 16 1
1 5 4
3 7 1
8 12 4
9 13 3
2 4 4
7 11 1
15 18 2
17 22 5
4 7 4
15 18 4
2 7 1
18 19 5
16 18 3
19 22 4
17 19 3
23 3 5
3 7 5
0 4 1
4 7 3
14 18 1
8 10 3
2 6 1
23 2 5
19 22 5
1 5 5
13 17 5
7 11 4
7 11 4
4 6 4
20 22 2
10 12 3
9 12 3
5 10 5
4 8 4
2 6 1
1 4 5
0 1 5
2 5 3
10 15 4
10 11 3
10 14 5
15 17 3
2 4 4
13 14 1
11 12 2
21 23 5
7 9 2
2 7 1
23 3 3
14 17 2
16 18 4
15 19 1
15 20 1
11 15 1
22 2 4
18 21 1
7 10 4
1 3 3
18 20 1
14 16 3
10 14 3
6 8 3
12 14 5
3 5 1
11 14 3
2 6 2
6 9 3
2 4 5
9 11 3
8 10 1
22 1 3
18 21 1
14 18 3
4 6 1
6 8 1
19 22 2
23 3 3
0 1 1
21 0 4
1 4 2
12 16 4
19 22 3
0 3 5
22 3 1
16 21 3
7 11 2
19 21 3
22 2 4
17 19 5
18 22 1
7 9 1
3 7 4
8 11 5
6 9 3
20 0 4
7 9 2
5 7 1
11 14 1
11 14 5
15 19 5
4 7 5
1 5 5
0 2 4
20 23 1
0 4 1
14 18 1
15 19 5
3 7 5
2 5 5
12 15 5
20 22 3
2 7 2
4 8 5
2 5 1
13 16 4
10 14 4
7 10 3
9 12 1
10 13 5
16 19 2
20 21 4
21 0 1
18 20 1
18 22 2
2 4 1
13 17 5
8 11 1
9 11 1
6 9 5
23 4 3
17 20 3
6 10 3
22 1 4
11 15 1
0 3 1
19 21 2
8 10 5
4 8 5
9 12 3
12 15 2
4 8 4
5 8 4
12 15 3
2 6 4
4 8 1
15 16 5
11 15 3
16 20 1
21 1 1
15 18 4
10 12 2
8 10 4
4 7 5
4 6 2
6 10 3
15 19 1
5 7 2
4 8 1
6 9 4
5 10 5
18 21 2
14 17 4
12 14 2
2 4 1
19 23 4
7 9 4
20 23 5
12 14 4
23 3 1
21 2 3
9 12 2
12 15 2
13 17 5
19 21 1
15 16 1
18 22 1
8 10 2
23 3 4
14 18 5
16 19 2
20 22 4
15 18 1
18 22 1
10 12 5
16 20 1
13 16 1
10 13 3
12 15 2
7 10 5
8 11 4
3 7 2
23 2 1
15 16 3
15 16 2
20 22 2
6 11 5
7 10 5
16 18 3
18 21 1
3 5 2
19 23 2
6 8 1
11 14 3
2 5 3
4 7 2
18 21 3
8 11 5
21 1 4
6 8 5
22 23 1
20 0 1
21 1 5
14 16 1
2 3 5
21 22 3
11 15 3
7 9 4
17 21 2
0 3 3
17 21 1
13 17 4
4 9 2
21 1 2
14 17 5
3 5 2
7 10 4
2 5 5
6 9 2
23 2 3
1 4 4
20 22 1
3 7 3
18 20 4
21 22 3
17 20 3
7 11 4
4 4 4
6 12 3
22 0 3
3 5 5
7 11 4
6 8 1
19 20 1
19 23 5
18 21 4
17 21 2
8 12 3
11 13 1
7 10 3
20 23 5
23 3 1
19 23 1
3 4 3
5 7 4
21 23 1
16 19 2
21 1 1
8 11 1
11 14 5
15 18 1
11 13 2
18 20 4
15 17 5
6 10 1
15 19 5
9 12 2
7 9 5
16 18 5
14 18 3
20 21 2
11 14 5
21 1 2
15 21 3
11 15 3
11 14 4
5 7 3
2 3 4
1 4 1
9 12 4
9 11 5
7 11 2
9 11 5
20 22 1
3 8 2
10 13 5
5 7 3
8 12 1
22 2 5
19 22 3
4 7 4
5 7 5
15 18 4
15 18 4
14 15 3
0 4 4
23 2 1
12 14 5
13 15 2
11 14 1
14 18 1
15 18 2
16 19 2
2 5 3
21 1 4
20 22 3
10 13 3
3 6 4
0 5 3
2 3 3
10 15 4
14 17 1
6 10 2
22 1 3
0 2 3
15 19 5
17 18 1
10 13 3
1 3 3
9 12 3
10 12 2
18 23 3
17 20 4
5 8 2
16 19 1
19 23 4
12 16 5
15 18 5
12 13 1
2 4 2
23 2 1
11 14 5
10 13 4
19 22 1
7 9 4
12 15 4
23 2 2
21 23 2
8 11 1
15 18 4
0 2 3
5 9 4
18 23 4
6 8 4
13 18 3
7 8 4
20 0 2
7 12 4
2 4 4
12 16 5
22 1 4
0 2 1
12 14 3
2 4 4
23 3 4
16 18 5
10 14 2
13 16 2
17 18 4
12 16 1
12 14 2
1 4 4
11 13 5
7 11 5
0 3 2
7 10 5
2 5 2
2 5 2
14 16 2
5 8 2
1 4 2
16 20 5
19 22 4
8 11 4
16 20 4
8 10 3
0 3 2
16 20 3
6 10 3
21 0 5
3 5 5
0 3 4
14 18 2
17 21 1
2 5 5
1 3 5
7 10 5
0 2 2
19 22 4
20 0 1
19 20 3
17 18 4
23 2 4
12 13 2
17 22 4
23 2 5
7 10 1
4 7 4
2 6 5
2 5 1
8 11 5
21 0 4
8 12 4
22 0 3
1 3 4
10 12 5
22 0 4
12 16 4
7 9 4
9 12 3
7 11 2
9 13 3
18 20 4
2 4 3
1 5 3
9 13 1
11 13 1
6 10 5
7 10 1
22 3 4
9 13 1
4 7 1
3 6 5
1 5 4
5 9 2
5 10 4
3 7 2
20 0 2
6 9 5
22 22 2
16 19 5
19 22 5
14 17 3
12 16 5
3 6 2
16 18 5
17 18 5
8 13 1
15 17 5
9 13 1
22 1 1
21 0 5
22 0 3
0 4 5
17 19 3
12 15 4
7 10 1
2 4 5
15 17 2
0 2 2
0 4 4
14 17 2
18 20 5
21 2 5
7 9 2
11 15 1
22 1 1
16 19 3
7 10 4
2 6 5
13 17 2
7 9 1
17 19 2
21 23 5
6 11 2
5 8 2
0 2 1
16 19 5
21 0 2
12 14 5
23 2 2
8 12 2
22 1 2
23 2 3
10 15 5
18 19 4
1 4 5
7 9 4
6 10 4
19 21 1
9 12 4
18 21 5
6 11 2
16 19 3
13 16 1
15 17 2
23 0 3
8 12 5
7 11 4
19 20 1
16 19 3
21 0 1
13 16 3
14 15 5
21 23 2
6 10 2
12 17 3
20 0 3
19 22 5
0 4 4
0 2 3
12 16 4
14 18 4
0 1 2
14 16 5
16 19 2
12 14 1
13 15 1
12 16 5
21 1 4
15 19 3
11 15 3
5 9 1
2 5 1
18 20 5
7 10 5
12 14 2
3 5 4
19 22 1
15 18 3
21 1 2
5 8 2
12 17 1
21 0 1
4 8 3
21 0 5
12 13 3
21 0 2
3 6 2
3 6 4
5 8 1
1 3 1
11 13 4
17 21 3
14 17 2
15 17 2
21 23 3
22 1 4
23 1 3
0 2 2
22 0 3
3 6 2
18 22 2
23 1 3
3 5 5
17 20 1
16 18 3
20 0 3
11 13 1
22 1 4
0 2 3
5 8 4
16 20 5
5 7 5
10 13 1
4 7 3
14 18 3
3 6 3
4 6 1
3 5 2
17 21 3
17 19 5
11 16 1
0 4 3
6 8 5
22 0 5
21 0 1
3 6 2
20 22 3
18 21 1
14 18 3
0 3 3
14 18 4
23 1 2
10 14 2
16 20 4
7 10 1
19 22 4
8 13 3
16 18 3
6 10 4
0 4 4
2 5 3
10 13 5
12 16 2
15 18 5
5 8 3
11 15 5
18 20 4
16 19 1
14 18 1
0 3 5
19 21 2
14 17 4
20 23 2
6 10 4
19 20 3
23 1 5
14 17 2
8 11 1
9 13 3
8 10 3
15 18 1
11 14 3
17 20 4
21 0 4
1 3 2
3 7 4
20 23 2
19 22 4
9 11 5
3 9 3
9 11 4
21 23 3
18 22 5
22 3 5
6 8 3
21 1 4
0 4 2
20 23 2
3 6 1
10 12 1
17 20 5
23 2 2
7 11 2
17 21 2
16 19 3
3 6 1
2 5 5
12 17 1
8 11 5
20 23 3
14 17 1
10 15 5
4 8 3
6 9 4
12 14 1
19 22 4
7 11 4
2 5 3
0 2 3
20 22 4
16 18 2
19 21 3
11 14 3
3 6 2
13 16 4
19 0 1
6 9 3
22 1 4
19 22 2
17 20 4
16 20 4
7 10 1
7 9 2
1 5 1
17 20 3
3 5 1
20 0 5
9 12 3
18 21 1
21 1 2
9 12 3
3 6 5
3 6 4
7 8 1
22 0 3
12 15 5
11 14 1
9 12 2
23 3 1
9 12 4
15 19 2
7 8 4
15 18 5
16 19 4
5 8 2
17 20 4
2 6 5
16 19 5
19 23 4
3 7 4
15 18 5
14 18 3
2 5 5
5 8 5
8 11 4
12 15 2
5 8 5
23 1 1
5 9 1
23 3 5
18 20 2
9 11 4
6 10 1
8 10 1
17 19 1
18 21 4
8 12 2
14 17 3
7 11 1
12 17 2
6 9 2
1 5 4
21 23 2
2 5 1
11 14 2
16 20 3
10 11 1
8 13 1
1 5 5
1 4 4
10 15 2
16 19 5
7 10 1
14 17 5
0 4 1
10 12 5
6 10 4
3 6 2
21 2 4
4 6 5
22 23 2
0 2 5
3 5 1
0 1 4
12 15 4
16 20 2
10 14 2
9 13 2
1 5 3
7 9 1
7 10 2
11 12 1
15 19 5
3 6 5
14 16 2
5 7 4
6 8 2
9 12 1
20 23 3
10 13 5
9 12 1
2 5 5
0 2 4
6 10 5
4 6 1
7 11 2
4 7 4
12 15 3
17 20 1
15 18 2
22 1 4
8 11 5
2 6 4
7 10 2
14 17 3
21 1 3
19 23 4
10 13 1
2 4 5
20 22 1
15 19 4
0 2 1
7 10 2
11 12 1
16 18 3
15 18 1
23 2 2
6 8 2
8 11 3
2 5 2
18 19 3
4 8 3
16 20 1
11 15 5
