400 4
8 3 7 4 
1 4 4
0 4 4
6 9 2
14 18 4
18 19 2
20 0 3
15 17 2
15 18 3
1 4 2
22 0 4
5 8 2
13 16 2
22 1 2
5 8 3
13 16 3
1 3 1
18 20 3
5 7 3
7 9 2
11 14 3
19 20 3
0 4 1
3 7 3
5 9 1
7 8 2
6 9 1
12 15 1
9 12 1
22 2 2
6 10 3
22 2 4
4 6 4
0 2 3
13 15 1
18 20 4
5 10 1
3 6 1
19 21 3
23 2 1
12 16 2
5 6 3
1 4 3
18 20 4
6 9 2
19 0 2
4 6 2
6 9 4
10 11 2
9 10 2
5 8 1
5 11 2
18 22 3
20 22 3
17 21 1
1 4 2
20 22 2
8 10 3
13 16 2
22 1 4
9 11 1
20 23 1
0 3 3
1 4 1
19 22 3
3 7 4
12 16 2
19 22 3
22 3 4
12 16 2
3 8 2
3 5 4
16 19 1
10 11 2
15 20 3
13 16 4
3 7 4
20 0 4
4 8 2
19 21 1
10 12 1
15 17 3
20 21 4
21 23 1
13 15 2
18 20 1
15 17 1
2 4 3
17 20 3
23 3 4
0 3 4
9 12 3
3 6 2
21 23 3
17 20 3
15 18 3
21 0 3
9 12 1
19 21 1
14 17 3
20 23 2
20 23 4
7 10 1
20 0 4
23 3 1
19 21 4
5 8 1
11 13 2
11 14 3
15 19 1
6 8 1
6 9 3
1 5 4
23 2 4
7 10 1
1 6 2
7 10 2
9 11 1
17 19 2
21 0 4
7 10 3
6 8 2
6 9 2
5 7 2
0 2 3
23 2 3
2 4 1
0 5 2
18 21 3
7 10 2
3 6 3
1 4 4
3 5 1
17 19 2
19 22 4
16 20 4
1 5 1
2 6 1
11 13 3
19 0 4
15 17 2
8 12 3
21 2 4
12 14 2
13 15 2
23 3 1
21 22 2
3 8 4
19 20 2
16 19 2
14 17 3
18 21 4
3 6 2
9 11 3
17 20 3
16 18 1
4 8 2
0 3 4
19 22 2
11 14 4
18 22 2
0 3 4
8 11 1
11 14 2
5 8 2
11 14 1
1 5 3
16 19 3
8 12 2
11 14 1
19 21 3
14 17 3
1 5 3
21 1 1
11 15 2
5 7 3
15 18 3
21 23 4
15 17 2
17 21 2
8 11 4
8 12 2
7 10 1
19 22 1
17 21 3
5 6 1
8 11 3
16 19 2
11 15 1
9 10 1
1 5 3
19 1 1
5 9 2
8 11 4
17 20 2
22 1 3
22 1 4
4 9 2
14 18 3
20 23 4
9 12 3
17 20 2
17 19 4
9 12 2
20 0 4
22 1 2
9 12 1
22 1 2
16 18 3
2 4 2
20 0 1
5 7 1
19 21 4
14 18 2
2 5 4
17 19 1
19 22 4
6 7 3
2 6 1
17 21 1
20 1 2
22 1 2
16 15 4
12 15 4
21 1 4
15 18 3
23 3 4
12 16 4
19 22 3
19 22 4
18 20 4
9 11 2
10 12 4
19 20 3
17 19 2
14 16 3
0 3 1
15 18 1
3 6 4
12 16 3
17 20 3
0 2 1
0 2 4
16 18 1
5 9 1
9 12 2
3 5 3
15 17 3
17 19 1
18 20 4
0 3 4
13 17 3
18 20 2
18 23 2
19 22 2
2 4 3
0 3 3
2 5 3
9 11 4
14 18 4
11 13 2
20 22 4
19 22 3
6 11 2
9 13 1
23 2 1
12 15 3
13 16 1
10 14 4
3 4 1
22 3 2
11 15 3
10 14 1
5 8 4
9 12 3
18 21 1
7 9 1
11 14 4
3 5 4
7 11 4
17 21 2
14 19 4
19 22 3
6 9 2
21 2 3
15 18 1
3 4 1
13 15 1
15 18 3
15 17 1
10 14 3
13 15 2
10 15 2
6 7 4
8 12 2
20 22 2
21 1 3
21 1 2
1 3 1
0 3 3
18 21 2
20 0 2
14 16 3
22 0 3
12 16 1
5 8 3
22 1 1
10 14 1
2 5 1
23 2 3
2 6 3
14 19 2
13 14 2
15 20 3
19 1 2
0 2 3
14 16 4
18 20 3
1 4 2
21 23 2
1 4 2
5 9 1
17 21 1
0 2 3
4 9 1
18 22 2
4 6 2
9 11 3
22 0 4
22 4 3
12 15 1
4 6 3
18 20 2
12 16 3
9 10 4
3 6 2
16 19 1
18 23 3
22 0 4
21 1 3
0 4 2
6 9 4
17 21 4
11 12 3
2 4 1
9 12 1
15 19 4
2 6 3
21 22 1
23 3 4
22 1 1
14 17 3
19 23 2
0 4 4
15 18 1
12 14 3
8 11 2
7 11 2
7 11 4
14 19 1
7 11 4
10 12 4
23 2 3
23 1 3
12 14 1
0 4 4
5 8 3
0 3 4
13 15 3
7 9 3
2 5 1
1 3 3
23 2 4
15 21 3
16 19 2
23 2 2
7 12 3
0 3 1
0 5 2
5 7 2
18 21 1
19 21 1
9 12 4
3 5 4
10 13 1
5 9 2
2 4 1
17 20 2
7 11 2
2 5 4
7 11 4
18 21 1
7 10 4
10 14 2
13 17 3
21 1 1
0 4 2
6 8 1
3 5 3
1 4 4
1 3 4
