1300 17
2 1 2 2 4 2 5 3 4 9 10 9 1 4 2 2 5 
18 21 2
10 14 14
9 13 8
14 17 14
22 0 8
18 20 2
0 3 8
8 11 10
2 4 9
11 14 5
12 15 5
21 1 15
8 11 10
8 11 4
6 11 14
2 6 9
14 15 15
14 18 8
11 14 13
13 14 8
4 7 5
13 17 5
14 17 7
4 7 14
15 18 7
3 6 10
5 8 14
11 14 13
23 2 5
2 8 17
7 12 11
4 7 6
23 1 10
13 15 15
6 9 12
0 3 4
4 8 2
2 4 10
23 1 11
12 13 16
14 19 5
4 6 1
22 1 12
16 20 16
23 4 2
15 19 7
22 3 2
22 1 7
7 9 4
4 8 14
8 10 16
21 23 15
9 10 17
2 5 10
6 9 9
5 7 15
0 3 13
15 18 5
9 13 13
17 20 2
15 18 16
17 18 15
1 3 8
2 4 12
14 17 5
19 22 14
14 16 9
15 19 7
4 5 5
13 14 12
6 9 6
9 13 8
7 10 8
4 8 9
11 13 15
13 17 14
5 9 6
7 10 2
3 6 10
11 14 5
13 15 12
8 10 8
2 5 7
9 12 3
8 10 2
0 3 3
16 20 2
16 19 7
17 20 17
17 21 13
18 23 17
20 22 5
21 2 11
11 15 2
1 4 17
10 13 9
23 0 5
6 8 4
9 11 12
13 15 3
13 16 3
9 11 12
7 9 2
23 0 16
3 6 3
11 13 16
14 18 3
11 14 9
19 19 6
2 4 9
5 6 1
7 12 14
2 6 6
11 14 13
23 4 13
16 19 11
2 4 4
6 9 5
5 8 1
9 12 8
11 15 11
2 4 11
19 21 4
9 11 14
11 13 2
20 21 4
19 21 5
17 20 1
5 8 17
17 23 16
21 22 1
5 8 11
0 4 15
10 14 2
9 10 7
11 14 1
6 8 8
13 15 12
10 13 2
21 1 12
1 3 16
18 21 12
2 6 15
5 8 13
12 17 4
12 15 2
2 3 13
1 4 7
2 6 12
1 4 17
9 11 2
3 8 16
16 20 9
2 4 12
5 8 3
16 17 3
2 4 14
7 11 7
15 17 5
14 18 10
3 6 3
2 4 1
20 23 12
13 16 2
4 8 9
7 9 13
23 2 3
14 16 6
1 4 10
12 16 8
7 12 9
20 23 11
8 10 5
0 2 7
19 23 1
4 8 16
18 22 9
16 19 17
7 10 7
16 19 9
1 5 15
16 18 15
3 7 7
11 13 14
2 6 17
10 13 3
16 18 17
5 9 9
20 0 1
7 9 11
7 9 10
0 3 8
12 15 6
17 19 10
2 5 12
0 4 6
17 20 2
6 10 9
4 8 14
8 9 15
6 10 1
5 8 8
5 7 8
20 1 9
6 8 9
13 15 7
5 10 16
1 3 13
3 7 11
5 8 1
4 7 7
20 22 1
13 16 9
18 23 2
15 19 7
7 10 10
16 18 1
5 9 15
11 13 8
18 21 4
15 17 14
19 22 16
15 19 15
5 8 5
22 2 8
13 16 8
20 22 5
23 2 17
12 16 6
17 20 3
22 1 5
6 8 17
3 5 8
1 4 11
14 15 9
9 11 8
8 12 13
1 3 16
21 0 3
10 13 9
14 16 10
9 12 16
9 12 11
12 15 16
16 20 14
2 5 17
21 2 16
15 18 10
19 23 13
9 12 1
15 17 16
3 5 12
6 10 2
22 0 7
11 15 3
19 23 14
9 12 11
11 14 10
6 10 3
0 3 5
12 15 10
1 2 14
6 10 16
19 21 13
6 8 9
11 13 16
9 12 11
10 11 6
4 9 14
14 18 2
2 6 1
3 7 2
8 10 3
10 12 10
22 2 12
10 13 14
9 11 17
5 7 2
5 9 13
11 16 11
21 1 10
10 13 4
8 11 9
20 0 11
7 10 5
21 23 8
20 22 15
4 9 8
5 7 12
3 7 5
22 2 13
8 9 8
9 12 4
16 19 15
13 15 11
16 19 13
15 18 5
14 18 16
20 23 2
6 9 1
0 4 13
19 22 5
18 20 1
0 4 12
16 20 6
1 5 9
9 12 7
14 17 1
4 7 2
12 13 3
16 19 17
2 4 9
5 10 10
15 20 12
16 20 17
3 7 15
5 10 5
17 20 1
2 4 1
12 15 15
13 14 1
16 18 3
21 0 12
20 0 17
20 22 11
17 20 7
9 13 16
22 0 13
9 13 14
23 1 13
11 14 16
0 3 17
1 5 1
22 2 9
19 23 7
16 20 7
12 15 3
6 10 14
12 15 8
5 8 8
23 0 10
2 6 5
4 6 15
7 9 2
0 2 13
10 13 9
7 9 17
21 23 2
3 7 11
19 22 5
9 14 10
5 8 6
7 10 11
10 12 11
21 2 7
2 7 14
17 22 15
14 15 10
5 8 10
12 15 11
19 20 11
23 1 5
15 18 9
19 21 6
7 10 9
20 23 3
9 13 10
18 21 8
2 7 2
14 18 4
20 23 4
11 14 15
16 20 17
12 17 8
0 4 2
2 5 6
13 17 2
21 0 6
22 1 15
9 10 16
6 10 5
3 5 8
1 3 16
0 2 7
11 12 14
21 23 2
21 23 4
8 10 6
22 2 3
10 13 13
18 20 17
2 6 5
11 14 8
15 17 12
19 22 17
20 23 6
0 3 5
20 23 9
20 22 15
8 12 14
0 4 6
2 7 7
21 0 4
9 12 8
21 1 9
7 10 15
13 15 16
2 6 5
18 21 14
16 20 11
3 6 9
4 5 8
19 22 15
12 14 14
8 10 8
13 16 6
19 22 12
3 6 1
20 23 16
19 23 12
16 20 1
8 11 17
4 8 12
11 15 11
16 18 2
19 22 11
13 16 1
10 12 8
8 10 5
20 23 6
21 0 15
11 15 1
14 19 11
16 19 3
0 3 4
21 23 4
20 0 3
13 15 13
16 19 2
13 15 4
23 3 1
5 7 1
7 11 17
19 22 10
16 20 15
23 0 8
5 9 3
22 1 13
1 4 14
16 17 3
14 18 3
7 10 6
2 5 15
9 13 1
22 1 2
8 12 8
5 9 17
10 12 8
2 4 15
1 2 3
9 12 11
1 5 13
12 16 7
11 14 2
8 11 10
8 10 15
2 5 3
17 19 10
10 12 6
8 11 15
20 23 11
13 17 11
0 1 14
6 9 9
6 10 13
6 9 4
15 19 13
20 23 16
1 3 12
9 11 3
19 20 13
21 0 3
2 7 14
15 17 2
18 21 3
18 21 2
4 8 17
11 13 8
16 18 13
13 16 9
9 13 8
1 5 4
7 11 12
12 17 13
2 7 10
14 18 6
4 6 12
14 19 11
2 4 13
2 5 7
16 19 9
22 1 15
2 6 7
10 13 3
12 14 6
16 18 8
2 4 13
13 17 4
3 5 5
11 16 15
5 10 4
10 14 15
19 22 4
18 21 4
1 4 1
11 13 15
14 17 3
16 18 13
21 23 15
22 1 6
1 6 17
20 23 12
6 9 9
11 12 17
0 4 11
15 18 5
11 14 9
4 6 14
12 17 7
1 6 8
17 19 7
11 12 16
16 19 6
23 0 17
3 6 14
4 6 5
5 8 17
19 22 13
6 9 9
9 13 15
6 10 3
15 19 6
1 3 1
6 10 7
19 23 13
9 11 7
17 20 5
1 4 7
23 5 16
15 18 8
20 0 14
7 10 12
23 3 12
1 4 9
12 13 15
1 6 11
4 6 5
2 6 1
4 6 9
9 11 11
6 10 5
17 19 7
18 20 12
5 8 14
2 7 4
6 9 8
8 11 15
16 19 11
19 23 14
5 8 8
13 16 13
2 6 2
9 10 9
21 23 17
16 18 9
6 8 4
5 9 1
23 3 12
0 4 13
9 12 17
19 22 14
13 15 10
4 5 4
17 20 2
15 18 14
0 4 12
17 20 4
19 23 17
12 13 1
18 21 14
15 18 1
4 7 14
1 4 13
5 8 14
20 21 5
14 16 15
1 4 7
14 18 15
7 9 8
12 15 2
1 4 17
20 23 4
20 0 17
17 19 16
15 16 5
8 10 12
0 2 3
21 23 5
9 12 2
22 1 9
22 1 3
22 0 5
6 9 5
2 6 5
21 0 14
4 7 3
14 17 15
2 6 2
19 22 2
22 1 2
10 13 12
1 2 6
6 8 14
7 10 2
5 9 7
17 20 3
23 3 16
20 1 16
1 2 13
7 8 8
20 22 5
20 21 13
23 1 7
13 16 12
13 16 13
18 21 1
19 23 14
22 2 16
13 17 16
14 18 14
13 15 8
4 6 2
4 6 2
3 4 1
1 4 12
18 22 12
4 6 5
15 17 10
14 16 7
10 13 6
5 8 11
15 17 16
17 21 13
11 15 7
21 3 15
15 18 1
17 19 7
11 15 9
7 10 9
1 5 1
20 2 1
8 10 17
6 9 9
8 12 10
4 6 14
19 23 10
10 13 6
18 21 16
21 0 2
20 23 11
14 15 1
21 1 6
5 7 3
8 9 10
16 20 12
5 8 8
5 8 4
1 6 4
20 23 9
12 14 11
9 12 3
12 15 9
5 8 14
12 15 5
1 5 16
22 1 17
22 3 11
7 10 7
9 12 1
8 12 4
17 20 2
11 14 7
1 4 7
5 8 17
16 18 7
6 11 15
16 19 8
0 4 12
17 20 1
21 0 7
1 3 8
20 22 7
19 22 5
13 18 5
23 1 17
6 8 2
4 8 6
3 5 16
3 6 3
4 7 16
23 1 9
18 22 14
20 21 13
3 7 12
8 12 17
21 0 13
21 22 6
2 7 10
3 6 1
22 23 14
6 9 12
2 5 1
13 16 7
23 1 11
1 5 6
3 5 1
14 17 13
10 15 3
16 19 2
14 18 10
5 9 15
19 22 16
18 22 10
0 4 11
23 2 12
18 21 4
2 6 2
16 18 1
15 20 16
1 5 4
5 7 10
18 21 11
21 23 17
19 22 10
2 6 9
20 22 4
21 0 14
15 17 16
6 9 12
20 0 15
1 4 4
20 0 16
5 9 8
17 21 17
19 23 17
20 23 11
18 20 15
19 22 9
10 13 5
23 1 4
1 3 13
21 23 17
15 17 11
4 7 7
1 4 2
15 18 4
14 18 1
11 14 15
11 13 8
19 21 4
7 12 5
22 1 3
18 20 5
8 12 9
2 4 16
6 11 5
23 1 1
12 15 16
10 11 16
16 19 17
21 23 9
13 16 2
23 2 13
15 19 16
4 6 3
18 22 5
19 23 5
1 5 1
2 4 7
19 20 17
11 13 5
21 23 13
9 13 10
1 3 6
22 0 1
11 15 1
22 1 5
23 2 9
0 2 12
10 13 7
0 3 2
19 22 7
22 0 4
19 21 15
2 5 12
14 18 11
7 10 15
20 1 8
1 4 13
1 3 14
0 4 11
15 18 16
4 6 2
15 19 7
10 14 15
16 20 6
12 14 14
3 6 3
4 7 11
4 7 4
23 3 3
22 0 10
17 20 5
11 14 2
18 23 12
8 11 3
10 13 11
0 4 11
2 5 7
4 8 7
5 9 9
21 2 3
0 1 10
9 12 8
17 21 10
20 0 8
5 7 1
6 9 8
23 3 11
22 2 1
11 14 12
7 9 1
21 0 17
1 4 2
16 18 4
18 21 6
6 9 13
15 18 8
12 15 6
6 8 14
6 8 3
19 22 4
10 13 7
18 19 4
1 4 9
15 16 16
15 17 9
20 23 12
9 11 16
7 10 7
0 2 7
2 4 8
14 17 5
4 6 9
19 22 12
18 22 11
5 8 6
8 9 14
21 23 9
0 5 15
0 4 8
18 20 6
5 8 14
19 22 14
14 18 5
0 2 9
10 12 4
0 2 5
13 15 11
17 20 14
22 2 14
7 10 13
15 18 17
5 7 13
17 21 16
2 6 7
21 0 13
6 9 11
22 1 13
13 15 1
22 0 16
20 0 2
19 21 11
10 12 14
20 0 5
6 8 6
2 5 15
3 6 4
18 22 10
9 13 6
9 12 2
0 3 14
17 20 2
19 0 14
2 5 14
15 16 1
12 17 13
12 16 14
8 12 8
11 14 5
14 16 5
0 3 2
20 22 14
11 14 16
19 23 9
11 15 7
5 7 10
15 17 6
11 15 5
3 6 1
12 17 5
6 8 5
19 22 6
15 19 11
18 20 13
0 4 10
3 5 1
9 13 4
23 1 5
14 17 9
0 4 16
8 11 7
8 12 8
23 2 8
12 15 11
22 2 15
8 10 5
15 19 15
5 9 8
15 16 14
1 4 3
9 12 3
16 19 14
23 0 2
16 20 17
0 3 9
23 3 13
4 8 3
9 13 5
7 11 5
2 5 13
2 7 13
23 3 8
17 21 3
15 17 13
9 11 15
12 16 2
22 1 17
21 23 16
3 5 10
17 20 9
2 6 5
2 4 5
18 22 12
21 0 17
21 1 3
6 8 11
21 23 5
21 2 4
1 3 3
9 10 4
17 22 9
17 20 11
11 14 11
8 11 7
12 16 6
17 18 10
13 17 3
17 20 3
21 1 11
11 14 8
22 23 6
3 8 5
7 11 9
6 9 11
2 5 4
12 15 14
11 13 13
22 1 15
4 7 11
2 4 7
22 0 8
6 10 7
9 13 1
6 8 5
9 11 3
12 16 12
9 14 4
12 15 11
18 20 6
15 19 11
22 2 17
18 22 16
13 17 14
15 18 1
20 21 12
2 4 8
20 23 15
15 19 4
8 11 13
8 12 17
17 20 17
22 1 16
14 18 5
4 7 5
20 0 6
16 18 12
2 6 13
19 21 15
0 5 13
5 8 16
6 9 8
22 23 1
18 23 12
9 13 3
10 13 6
18 20 3
6 8 16
8 11 2
11 16 2
1 4 14
12 14 3
14 16 14
23 2 17
7 10 6
5 9 9
21 0 10
5 8 6
2 5 12
13 16 5
22 1 7
16 19 17
16 18 6
11 15 7
5 8 6
8 12 9
18 21 2
0 1 15
20 0 8
9 13 8
21 1 7
4 7 4
7 9 17
13 17 15
19 23 6
17 20 4
14 18 14
19 22 6
18 21 4
22 2 13
1 4 16
0 4 4
21 1 9
6 10 11
21 2 16
19 21 16
17 22 7
12 16 8
1 5 15
16 19 11
16 17 13
1 5 11
3 5 11
2 4 1
0 2 12
11 13 5
10 12 7
14 18 7
12 16 15
8 12 17
15 19 1
12 14 14
4 7 9
0 3 13
18 20 1
20 0 7
18 20 15
10 13 9
7 10 15
16 18 11
22 2 13
21 23 7
5 8 12
3 5 10
22 1 9
10 12 13
3 8 3
2 4 5
2 5 11
15 18 4
15 16 16
1 6 16
7 10 15
2 5 14
13 16 4
20 22 14
22 1 17
9 12 14
15 19 16
22 2 6
15 17 2
16 17 10
23 1 15
12 15 7
20 21 3
17 20 1
19 22 1
16 22 4
6 9 3
14 16 11
4 8 13
4 6 5
3 7 3
16 21 15
23 2 1
3 6 12
9 11 2
8 10 15
1 2 15
12 15 17
20 0 17
4 9 1
13 15 2
6 10 7
0 3 8
3 5 4
11 14 13
3 3 11
4 6 10
3 7 6
23 2 16
11 13 16
11 15 1
11 13 2
15 18 1
16 19 2
10 14 7
8 11 16
7 11 4
21 22 3
11 11 3
23 3 8
2 3 10
3 5 6
14 16 10
14 16 2
17 20 12
10 15 8
23 3 2
0 2 10
14 15 5
9 13 7
4 7 11
22 1 7
10 14 8
5 8 5
5 12 7
18 21 16
8 14 1
16 19 5
3 6 3
19 20 3
12 16 4
21 0 16
17 20 7
13 15 6
1 3 15
21 1 13
10 13 11
12 15 15
22 1 15
21 1 4
19 23 4
6 9 7
3 6 10
8 11 8
11 15 1
2 5 15
8 11 16
11 14 4
3 6 6
7 11 16
7 8 14
8 11 12
17 21 12
16 19 12
13 18 12
6 11 1
19 21 17
3 7 1
5 11 7
23 3 6
10 14 9
8 13 8
9 12 5
3 6 1
21 1 6
11 14 15
19 23 16
21 0 2
8 12 7
23 1 12
17 22 11
22 0 6
8 11 14
23 3 16
2 5 14
3 6 4
5 11 13
19 23 7
20 22 15
23 4 4
15 18 17
14 18 1
5 9 17
11 12 12
5 7 15
0 3 12
11 15 1
2 5 1
13 14 8
9 12 10
4 6 15
10 13 2
21 23 13
3 7 17
3 4 4
12 14 2
21 0 4
9 12 4
5 9 7
23 2 6
10 13 9
6 8 14
7 8 2
11 16 12
1 5 17
17 19 14
15 18 6
12 13 3
1 3 4
21 0 2
18 21 4
11 15 14
15 19 16
15 16 2
23 0 1
4 8 13
8 11 6
17 21 9
0 3 17
14 17 11
11 15 7
19 23 9
17 19 10
9 12 4
1 4 3
17 21 5
12 16 13
1 4 10
23 1 4
11 14 16
14 17 6
4 7 2
23 2 16
23 3 12
17 20 9
21 0 7
7 8 16
19 22 9
13 16 5
2 5 17
17 20 12
6 8 2
20 0 15
20 23 9
22 1 1
12 15 12
6 9 16
4 6 8
10 13 16
3 7 12
14 17 11
4 9 1
7 9 12
0 1 12
9 13 4
8 10 6
4 6 8
13 15 10
