950 8
1 7 10 2 2 9 3 4 
12 14 3
8 10 5
16 20 5
1 4 3
17 20 5
1 4 3
17 20 5
15 18 5
6 9 2
14 17 3
9 12 2
2 5 6
19 0 8
9 12 5
8 10 4
7 10 4
17 20 7
16 19 1
8 12 4
1 5 5
1 4 3
8 11 5
10 14 2
4 5 3
18 20 7
1 4 6
15 16 8
12 14 3
12 15 8
3 5 8
20 23 6
20 23 8
3 4 3
8 9 8
15 18 2
11 13 8
17 21 1
17 19 2
19 21 5
18 19 2
8 9 2
22 1 4
16 18 6
13 17 6
3 5 2
18 20 4
14 17 8
1 5 8
9 10 8
20 0 4
1 4 5
23 2 3
18 21 2
13 18 8
20 23 6
15 19 7
10 13 7
17 18 8
15 20 5
8 11 5
15 17 7
4 6 7
7 12 5
0 2 6
0 5 2
16 21 3
15 17 2
3 4 1
2 5 4
22 1 3
23 2 4
3 6 7
17 21 5
5 10 3
14 16 2
23 2 3
21 0 8
20 22 3
9 10 4
6 9 7
7 10 6
13 16 5
18 21 7
10 14 5
8 11 4
15 19 3
5 8 5
14 17 8
15 19 6
16 18 3
6 8 8
6 9 2
17 20 1
6 9 5
15 17 8
1 4 3
19 23 2
7 11 3
8 11 5
5 7 2
5 8 7
1 5 6
4 7 7
17 19 2
21 2 2
21 23 4
8 11 7
20 23 4
19 22 3
8 11 1
15 19 4
3 7 8
1 5 4
1 5 4
23 3 8
2 6 4
14 17 8
3 5 5
14 16 4
21 0 4
19 22 5
4 6 3
8 13 5
1 3 2
6 9 7
1 2 2
15 19 7
16 20 8
8 12 1
14 16 4
9 14 8
14 16 3
2 6 5
23 2 2
8 11 3
4 6 4
19 22 3
3 7 3
6 10 6
23 1 1
3 6 1
7 9 6
3 5 6
13 17 2
17 22 2
21 0 1
21 23 4
12 12 5
6 8 8
14 18 6
8 9 7
5 9 6
7 10 2
17 21 6
5 9 2
2 6 2
20 0 6
11 16 1
14 19 5
20 0 3
20 0 8
0 2 3
21 0 8
10 14 8
12 15 5
15 20 3
7 10 7
11 15 4
19 22 4
3 6 3
17 21 2
21 0 7
6 8 6
18 22 4
3 5 2
17 20 4
10 14 1
5 8 7
18 21 6
21 2 8
23 2 3
14 15 4
3 5 5
6 8 4
11 15 2
20 23 3
14 16 6
0 3 6
1 3 5
17 18 8
0 5 7
13 16 2
22 1 1
11 13 6
0 3 6
22 23 7
8 11 5
10 13 1
5 9 4
11 13 5
13 16 5
21 23 1
2 5 4
6 9 1
8 11 4
11 13 1
4 7 1
21 1 2
6 10 8
12 14 3
19 21 4
19 20 8
13 15 6
23 3 6
5 9 6
0 3 3
16 20 1
16 20 8
6 10 8
16 21 4
21 1 1
7 10 2
17 20 8
4 8 6
5 8 7
2 5 8
22 0 3
6 8 2
15 16 7
20 0 4
23 3 2
7 11 7
22 0 8
22 1 5
3 7 4
1 3 3
0 3 7
5 9 5
17 20 2
23 1 3
20 23 4
20 23 4
5 10 7
16 19 3
20 22 2
9 12 1
14 15 8
23 2 1
23 1 5
14 16 6
0 3 8
10 13 2
2 5 1
13 16 5
0 3 5
1 2 1
9 11 5
14 17 7
9 12 5
23 1 2
4 7 4
2 6 2
1 4 6
16 19 2
17 18 8
21 0 7
20 23 1
8 11 2
5 7 8
16 20 2
22 0 3
6 8 5
20 22 5
6 9 3
6 9 4
8 12 6
7 11 6
15 19 7
1 5 7
23 3 6
12 15 8
9 12 2
9 12 7
9 13 6
22 1 7
21 0 3
5 7 2
7 12 4
5 6 6
8 12 3
17 19 5
20 23 3
14 16 3
15 17 2
11 14 3
9 11 6
13 15 5
15 18 4
0 5 1
0 4 7
18 22 6
20 0 4
12 16 3
4 8 4
11 15 6
19 22 7
16 19 4
19 21 8
14 16 2
19 23 5
20 0 4
1 5 1
9 11 1
14 16 8
14 18 6
8 11 2
20 23 3
4 6 2
4 8 1
0 1 7
16 18 3
10 12 1
20 23 1
6 9 2
5 8 1
2 6 5
17 19 2
9 11 8
3 6 2
5 7 2
14 17 5
9 11 1
5 8 1
1 5 1
7 10 8
17 18 8
19 22 2
18 22 1
5 6 1
8 11 1
5 10 5
22 0 6
17 19 3
16 19 6
19 22 5
8 11 4
18 22 1
0 2 6
8 13 8
10 12 1
13 16 5
9 12 6
12 15 8
6 12 7
16 18 6
14 16 7
12 13 2
19 22 6
10 13 7
17 20 7
2 5 7
10 13 2
11 14 8
21 1 1
11 12 6
3 5 2
2 5 4
7 10 3
16 18 6
13 16 3
21 0 1
2 6 1
12 16 6
16 20 8
17 19 2
20 22 7
22 2 2
4 8 5
3 6 1
15 17 3
20 22 2
16 20 2
1 2 3
8 9 2
3 5 6
4 8 6
11 14 5
1 3 3
16 22 1
11 15 5
13 19 1
18 19 3
7 11 8
11 15 3
0 4 1
23 1 6
23 2 8
22 2 1
23 1 5
6 10 7
4 8 3
14 17 7
10 13 3
19 23 3
0 3 6
10 12 5
23 3 7
20 23 1
5 7 6
14 16 5
9 11 5
19 23 6
16 18 6
23 1 1
4 7 8
16 21 7
9 13 8
2 5 2
10 14 5
18 21 2
12 14 5
16 17 3
17 21 1
12 15 5
17 19 6
18 21 6
13 14 6
4 9 1
23 1 6
14 18 3
12 16 8
3 6 2
9 14 8
19 23 3
3 6 8
6 10 8
14 16 1
21 0 5
9 10 1
7 11 1
9 10 2
21 23 3
1 3 1
7 11 7
17 20 2
3 6 4
8 12 7
21 23 4
8 11 2
17 19 7
18 22 6
17 18 4
22 2 2
22 1 4
10 12 8
20 0 6
2 6 3
16 19 5
20 23 7
13 16 4
1 2 3
16 18 2
19 21 1
20 0 7
2 5 8
15 18 8
18 20 3
16 19 4
11 14 6
8 11 4
0 2 1
13 16 6
16 19 4
9 12 4
6 9 8
20 23 6
20 0 7
2 4 6
16 19 7
1 3 4
20 22 4
21 23 3
12 16 1
13 15 3
3 5 5
18 20 5
7 10 3
18 21 1
18 20 8
14 17 1
7 9 4
21 1 3
16 18 5
0 4 2
15 18 4
3 5 5
4 7 8
8 11 6
7 10 1
15 18 4
3 5 7
18 21 6
10 14 8
14 17 1
6 9 5
21 23 4
1 3 8
5 7 2
7 9 1
14 17 6
9 13 7
15 15 5
23 3 1
18 22 8
4 6 3
17 20 1
8 11 8
11 14 1
16 20 1
7 11 6
23 3 5
18 23 5
7 10 6
10 12 7
10 15 6
17 20 1
12 14 8
0 4 1
15 16 1
4 7 8
2 5 4
17 20 1
16 19 4
10 13 1
8 10 1
14 17 7
10 12 8
4 6 8
8 9 1
7 12 6
19 22 2
18 21 6
8 10 1
8 11 7
23 3 1
18 20 3
21 0 1
12 16 3
21 23 4
14 19 6
11 14 7
10 15 5
19 22 4
9 10 2
4 7 6
8 10 1
21 23 3
6 10 8
3 5 8
16 19 7
7 11 2
6 10 2
16 20 5
19 21 6
4 7 7
1 5 1
14 17 5
3 7 5
19 22 8
17 20 8
23 2 6
6 10 7
16 21 3
9 11 3
5 8 3
22 1 6
2 4 2
17 20 2
19 23 1
6 8 7
8 12 1
7 10 2
20 23 1
0 3 1
15 18 2
0 3 7
15 19 1
0 4 3
20 23 2
2 5 1
10 13 4
14 17 2
17 22 6
6 8 2
3 6 4
10 12 1
8 11 7
17 20 4
3 5 5
22 0 6
11 14 2
20 22 4
8 10 1
13 16 7
18 22 7
4 9 5
13 18 1
9 10 7
14 17 3
23 3 8
7 10 6
16 19 7
2 5 7
13 18 7
2 6 4
14 17 3
18 21 1
17 20 8
2 5 8
14 17 5
12 15 5
21 2 2
1 4 2
6 10 1
9 12 8
14 18 1
19 21 6
19 23 6
17 20 8
5 9 4
12 15 2
17 20 1
16 20 1
15 19 5
18 21 1
1 3 8
4 6 8
5 7 8
21 23 3
1 5 5
11 14 6
13 17 3
12 15 4
0 5 3
12 15 7
20 23 3
18 22 6
12 13 7
5 7 1
2 5 6
16 21 5
17 20 2
14 17 6
0 4 2
6 11 6
20 0 1
8 12 4
20 22 6
12 15 2
0 3 1
21 0 7
3 7 5
15 17 4
12 14 1
7 10 2
0 4 7
2 4 6
3 4 7
2 4 5
1 5 2
3 7 4
7 10 3
6 9 4
22 3 2
23 1 4
22 1 2
8 11 7
21 23 1
11 13 6
16 18 8
13 15 3
23 3 1
9 10 4
12 17 3
5 9 5
5 9 1
9 12 4
22 2 4
11 14 4
2 6 2
20 22 3
19 22 3
18 21 2
10 13 4
18 22 6
6 9 8
20 22 7
14 17 7
0 4 6
23 2 8
9 11 7
5 10 1
15 15 5
16 18 7
4 7 3
14 17 2
12 16 4
21 2 1
8 10 4
23 3 7
13 16 1
7 12 1
2 5 3
20 23 1
21 1 5
16 19 4
15 19 1
0 2 1
12 16 3
2 5 5
2 7 1
15 18 4
6 9 7
22 1 8
10 12 6
16 21 3
20 21 1
2 6 7
2 5 3
2 4 7
0 4 4
18 21 3
20 1 5
4 6 3
8 11 1
9 11 8
7 10 5
23 1 4
20 22 4
3 6 4
8 12 8
17 19 3
10 13 8
22 0 5
2 5 8
5 9 2
4 8 5
10 13 5
6 9 6
10 12 4
14 18 4
10 13 4
4 7 5
0 2 1
12 15 2
2 6 8
18 19 2
6 9 8
8 12 2
11 14 7
8 11 6
18 21 7
23 2 7
6 8 1
4 6 8
1 4 6
13 17 7
2 7 7
21 0 3
8 10 6
4 8 5
19 22 1
17 20 6
2 5 7
6 9 4
13 15 5
21 22 5
0 4 4
20 23 2
12 15 6
9 13 1
17 19 5
21 22 2
15 17 5
5 8 2
12 16 1
18 21 3
20 22 5
0 2 3
4 8 3
5 6 7
4 7 7
9 12 5
3 7 3
13 17 2
21 1 7
17 19 6
14 17 4
3 6 2
22 0 8
19 23 5
18 22 5
12 16 8
1 4 6
21 23 8
19 23 7
9 11 8
19 22 2
5 9 1
6 10 2
12 14 4
1 4 8
20 22 7
1 4 2
22 0 7
18 20 4
5 8 3
10 15 1
7 12 3
21 0 4
17 19 4
11 15 2
17 18 6
5 7 1
22 1 1
8 10 1
6 9 5
10 12 3
17 21 2
7 11 1
11 13 3
21 1 8
19 21 5
22 1 3
16 18 2
14 19 3
10 12 5
7 12 3
17 20 2
20 0 6
17 20 8
16 19 6
3 7 3
1 3 8
22 0 8
16 17 8
3 7 4
11 14 8
3 6 3
10 12 4
10 13 5
5 8 5
6 8 6
10 14 6
10 14 3
19 0 2
5 8 4
14 17 5
23 1 4
20 23 6
14 15 3
3 6 5
7 10 4
14 17 5
11 15 7
17 22 1
19 22 1
9 11 1
5 7 7
10 13 7
14 16 4
1 4 5
11 14 1
15 18 2
22 2 5
5 8 4
21 0 7
10 15 4
10 12 2
2 6 6
21 22 3
20 0 6
20 21 1
13 17 8
23 2 3
21 22 6
17 18 5
0 5 1
9 11 4
7 10 3
9 13 3
3 6 7
23 3 2
5 9 5
13 16 4
22 1 6
8 11 6
8 9 8
10 13 8
8 12 3
6 9 4
23 3 7
19 22 4
11 14 2
6 7 1
16 18 7
14 17 7
9 12 5
23 2 8
20 0 8
15 17 1
23 3 3
4 8 6
16 20 7
1 4 3
3 7 2
2 6 3
10 13 8
14 17 6
5 9 1
4 8 3
21 0 1
2 4 5
8 12 8
8 12 7
13 16 8
12 14 6
18 20 2
3 6 5
15 18 7
19 22 4
6 10 5
10 11 3
5 8 3
3 6 2
10 12 5
10 12 2
9 11 4
19 0 4
18 21 3
17 20 6
1 6 2
10 12 4
17 20 5
21 22 7
6 9 7
19 22 2
15 19 6
9 12 4
3 6 7
