2000 14
6 6 3 5 5 3 1 9 8 10 5 3 4 4 
11 12 1
19 21 5
15 17 11
15 17 8
20 22 5
19 20 12
10 14 3
17 22 10
6 9 10
10 13 12
1 5 4
3 5 2
15 19 13
9 12 11
5 7 13
3 5 3
19 20 5
14 16 8
18 21 11
20 23 10
7 10 10
21 0 11
9 13 11
2 6 2
2 4 2
8 11 8
9 11 1
5 6 10
18 21 3
12 16 10
21 23 4
14 17 6
11 13 7
18 20 1
15 18 9
8 12 7
14 18 3
4 8 14
0 2 13
8 10 11
6 8 2
6 9 13
7 10 10
7 11 3
7 9 1
4 5 2
0 3 8
10 13 10
11 12 13
15 19 8
20 23 10
3 5 13
4 6 9
15 18 1
11 13 12
18 20 2
13 15 14
13 16 7
0 4 5
1 4 9
17 20 3
11 13 12
11 14 10
12 15 14
17 19 8
3 6 11
20 0 1
9 10 4
22 1 5
12 15 3
14 19 13
0 2 8
0 3 10
9 12 12
0 5 4
19 22 4
21 1 13
18 23 4
20 23 2
18 20 5
19 22 7
6 8 11
18 21 6
21 0 2
15 17 3
2 5 10
3 6 2
16 17 1
12 15 12
8 10 6
4 6 13
7 9 3
11 12 1
22 1 7
4 8 3
7 10 11
5 9 8
18 20 4
5 8 8
6 10 7
9 10 4
13 16 5
16 18 4
20 23 2
11 14 8
6 9 12
19 0 2
0 3 5
6 9 1
7 10 2
4 6 7
23 2 4
3 7 11
5 7 13
3 6 8
15 18 5
5 9 2
4 7 14
16 19 6
23 3 8
12 15 14
2 7 9
5 8 13
4 8 4
11 14 11
18 21 12
2 5 7
14 16 12
13 15 4
5 8 8
22 23 11
17 21 8
22 2 4
12 15 4
20 23 9
11 13 4
4 7 10
22 0 10
2 4 6
3 5 1
22 0 5
9 12 5
7 10 13
0 3 9
12 16 2
5 8 14
14 16 1
8 11 12
18 21 1
22 1 13
3 6 2
17 21 12
1 3 1
19 21 1
14 16 7
11 16 11
0 5 9
2 7 4
14 17 7
17 21 13
19 20 9
13 16 13
3 5 12
9 12 13
8 11 6
10 14 9
18 20 8
23 2 7
10 13 2
8 13 8
20 0 9
9 12 12
12 15 6
10 11 7
16 20 10
3 6 1
6 10 7
2 6 1
23 2 12
16 17 11
1 4 11
10 14 2
12 16 6
13 17 9
11 13 5
20 23 6
20 23 11
13 16 9
3 7 5
9 13 6
20 21 4
19 23 4
2 6 4
3 5 13
11 16 5
10 13 9
11 14 12
12 15 1
4 6 13
2 6 14
13 17 12
6 11 7
13 16 8
12 15 8
22 1 8
10 12 10
5 7 2
0 4 1
17 19 7
17 20 6
4 7 12
8 11 2
6 10 13
1 4 5
6 9 3
12 14 11
5 8 14
23 3 14
2 4 11
7 11 9
18 21 3
9 11 12
16 20 1
18 20 5
8 12 5
12 15 14
11 15 1
14 17 1
0 4 2
13 16 4
7 9 1
23 0 4
20 22 10
20 0 5
4 7 9
8 12 11
6 8 4
0 3 1
10 13 14
22 2 8
14 17 9
22 0 5
3 6 7
17 19 4
15 16 3
20 21 4
15 17 2
0 1 1
1 4 6
4 7 5
3 7 8
16 18 11
9 15 6
0 2 10
19 22 4
7 10 13
11 14 9
9 13 1
6 9 10
17 21 10
9 12 5
1 5 8
5 7 5
12 13 14
0 4 2
22 0 2
11 13 10
2 5 3
17 19 5
16 20 4
23 2 3
0 5 9
9 13 6
2 3 11
16 19 1
9 13 13
16 18 13
1 4 8
9 12 6
13 17 14
18 21 8
23 1 6
1 3 10
6 8 8
20 1 12
11 13 14
10 13 4
21 0 7
0 3 10
20 22 9
1 4 3
12 15 11
20 0 10
0 2 7
0 3 6
23 2 11
4 7 14
23 2 11
21 0 12
6 8 11
9 12 10
19 22 8
8 10 10
2 6 7
6 9 12
20 1 14
8 11 5
21 0 3
20 0 10
18 22 3
0 4 14
7 10 5
4 7 5
12 14 9
15 20 4
21 3 6
13 16 4
9 12 11
9 12 10
2 7 14
8 12 1
4 7 11
7 9 8
12 14 2
3 5 6
1 3 1
3 5 13
6 9 5
6 9 1
15 21 14
18 22 8
9 10 11
12 14 7
5 8 10
9 11 8
6 9 3
12 14 14
3 6 12
12 14 1
19 22 6
12 15 3
18 21 6
14 17 13
0 3 14
16 21 7
23 2 7
4 7 14
16 20 2
4 7 1
9 11 6
0 4 13
17 20 5
10 14 5
23 2 14
12 17 11
23 4 5
9 12 1
16 19 8
9 14 5
21 23 1
15 20 8
15 17 8
3 6 12
17 18 9
3 6 12
7 10 5
19 21 4
2 5 7
17 18 3
5 8 10
0 3 12
18 21 8
9 13 11
5 9 1
11 13 9
5 9 3
19 22 14
12 14 1
16 18 4
12 14 14
0 3 12
10 14 14
11 14 2
20 0 3
11 15 13
4 7 6
10 13 12
18 20 5
17 19 4
0 3 11
8 11 14
7 10 6
21 0 12
5 8 11
18 21 7
18 23 12
22 1 14
15 17 11
9 10 7
7 10 13
18 21 8
5 6 6
22 23 11
5 7 14
4 7 11
4 7 9
6 9 3
2 4 12
16 19 14
2 4 6
22 2 1
22 2 4
19 22 1
10 13 13
13 16 7
12 17 10
4 8 8
14 17 1
11 16 7
23 2 3
11 14 9
7 10 8
21 23 13
9 12 13
8 11 5
9 13 8
7 10 8
22 1 9
20 23 11
0 3 2
16 19 10
17 22 13
18 23 14
10 13 11
18 23 1
12 14 6
16 21 11
13 18 7
23 2 9
21 0 3
20 22 14
22 0 12
18 23 8
4 9 9
4 6 1
7 9 8
10 12 8
23 1 13
20 23 9
2 4 6
15 18 3
1 4 9
6 10 9
6 9 4
4 7 10
10 12 6
11 13 14
4 7 4
2 5 12
14 17 5
17 19 12
14 18 2
23 0 8
11 15 7
2 7 5
18 20 2
8 10 10
15 19 13
18 20 13
14 15 1
7 9 2
19 22 13
11 14 10
14 17 13
4 5 11
4 9 8
12 16 3
22 2 7
17 18 11
17 20 14
18 21 10
3 7 3
2 5 1
11 13 1
1 4 6
14 17 9
11 16 5
5 9 2
8 13 11
21 0 14
19 23 9
14 18 12
13 14 12
8 11 12
1 5 8
4 8 12
4 7 7
4 6 2
9 13 9
3 6 6
1 4 14
3 6 14
15 17 13
1 4 4
3 6 10
21 23 14
21 1 14
13 17 3
15 17 4
10 13 1
21 0 14
3 6 3
15 19 13
2 7 3
1 3 4
21 2 12
10 13 11
8 12 5
13 15 13
0 4 13
19 22 3
19 0 3
22 3 12
20 0 13
3 7 1
20 22 13
5 8 9
17 21 3
18 22 12
22 0 3
1 3 9
21 1 14
0 3 10
6 10 6
9 13 3
13 15 6
23 2 6
18 21 10
23 2 11
18 21 6
13 16 2
5 8 5
23 3 1
21 0 12
18 21 7
1 4 12
13 16 10
1 4 2
8 10 11
23 1 1
4 7 11
7 11 7
17 20 13
13 15 5
5 10 9
14 17 4
3 6 9
20 22 10
11 16 3
0 2 9
23 1 14
11 13 12
8 10 3
2 5 6
10 14 13
16 19 11
18 19 9
22 2 4
16 20 9
4 8 3
17 20 2
9 12 7
0 3 9
20 22 10
5 7 5
2 5 5
12 15 9
2 5 10
21 22 9
3 6 12
15 18 12
22 2 9
22 0 1
18 22 5
3 5 6
10 14 1
17 21 9
21 0 14
2 6 2
12 14 6
9 11 10
22 1 14
20 0 14
22 3 7
20 22 13
12 15 8
8 9 2
17 20 14
6 9 2
5 8 4
21 0 4
18 21 9
4 7 13
9 12 14
13 16 13
1 4 6
12 16 7
23 2 14
21 1 10
7 8 2
10 12 7
11 15 1
16 21 10
15 19 3
22 3 13
7 10 11
19 23 2
1 3 4
9 13 13
16 20 11
22 1 5
12 16 2
7 10 11
3 8 9
20 23 14
14 19 11
19 21 9
18 21 11
16 20 10
2 5 6
5 8 4
5 7 12
14 16 7
6 9 7
12 16 7
4 7 9
14 17 11
19 22 13
11 16 1
11 14 2
10 14 8
6 10 4
11 15 12
3 6 13
21 0 2
12 13 14
15 17 10
20 22 9
18 21 3
3 5 13
14 15 12
0 2 1
12 13 12
4 8 3
23 2 12
7 12 10
19 23 1
17 20 8
19 22 10
10 15 6
16 19 12
11 16 8
2 6 7
16 19 6
6 9 3
17 19 3
9 11 7
20 22 6
7 10 11
3 5 4
20 23 1
11 15 10
18 21 10
17 20 13
18 19 14
0 3 2
18 21 10
20 23 4
17 19 1
1 5 14
6 9 8
17 20 7
13 15 6
23 3 11
21 1 11
16 16 9
2 5 5
9 13 1
19 23 6
11 14 9
6 9 1
0 5 8
8 11 4
14 17 13
23 0 14
7 10 7
6 9 2
12 16 13
18 21 13
22 2 2
23 2 8
22 23 14
4 7 6
23 2 5
15 18 11
23 4 2
16 19 6
7 10 13
3 6 8
22 0 4
4 7 9
13 18 9
19 23 3
15 17 5
0 2 7
17 18 5
8 11 1
19 22 2
12 15 12
2 5 6
0 2 12
12 14 11
22 3 3
23 3 7
2 3 9
21 23 3
19 0 2
3 7 11
20 22 9
16 20 3
8 11 3
20 23 6
19 21 3
5 8 2
1 4 13
10 11 6
20 23 4
15 17 1
4 7 7
8 12 13
15 16 10
6 8 9
12 17 11
13 15 14
2 5 13
5 9 9
7 9 1
10 13 7
23 2 5
15 18 6
7 11 12
5 7 14
7 9 6
16 19 12
17 21 9
20 22 13
1 5 13
16 19 10
9 12 2
20 21 11
7 9 13
6 9 6
20 0 7
3 7 4
8 10 13
4 6 14
19 22 8
22 2 2
9 12 1
12 12 4
13 15 13
14 17 6
6 9 8
8 11 8
10 13 12
18 23 13
9 13 4
16 19 10
21 1 11
22 1 9
0 0 3
7 11 11
19 0 11
21 1 13
6 10 3
14 17 13
11 12 14
14 16 12
18 22 12
19 22 13
14 18 7
10 13 9
18 19 13
9 13 14
12 14 1
20 1 13
20 22 4
13 15 2
13 15 3
0 3 5
6 9 14
9 14 10
20 0 13
5 8 8
2 4 7
5 7 6
6 8 4
17 19 3
8 11 10
9 11 11
8 11 11
1 5 8
9 12 12
17 20 4
0 2 5
10 14 7
18 21 13
17 22 13
3 5 12
4 7 5
5 8 12
17 21 2
17 18 4
16 18 11
15 16 6
11 16 14
19 22 11
10 13 8
14 16 5
2 4 8
9 12 8
2 4 12
12 16 6
9 11 13
4 9 14
7 10 2
21 0 12
9 12 14
14 15 12
3 7 14
2 6 3
15 19 13
5 9 1
12 15 12
10 11 2
5 7 4
11 13 9
6 8 2
5 9 5
11 14 6
12 14 11
9 12 2
12 15 5
6 7 4
23 0 4
16 20 6
3 5 6
22 1 9
18 21 14
1 5 12
23 4 12
6 10 6
13 16 10
8 12 8
20 22 10
3 8 13
5 7 3
5 9 14
11 14 6
21 0 7
23 1 14
19 20 8
2 6 12
14 17 14
17 20 5
18 23 7
17 20 5
14 17 13
10 13 12
16 19 6
5 9 13
10 14 6
6 9 3
9 13 9
6 10 6
15 18 1
16 20 4
12 16 11
16 19 8
13 15 10
10 12 12
8 11 11
17 22 9
23 2 7
12 14 12
8 11 10
22 4 13
15 19 10
20 22 4
22 1 14
11 15 7
2 6 11
2 5 7
19 0 10
9 11 8
7 10 1
17 20 4
20 23 11
10 14 8
8 11 2
2 5 10
17 20 4
12 15 6
4 5 11
16 18 5
6 11 9
4 6 4
16 20 5
15 18 13
4 6 4
8 13 9
0 5 11
18 20 9
19 22 11
1 4 4
17 20 10
15 19 7
13 17 12
11 14 11
12 15 4
18 21 13
2 5 9
9 12 13
8 12 5
18 20 1
1 3 2
20 0 1
6 9 10
7 10 5
19 22 9
3 4 12
8 11 3
1 4 2
19 22 13
11 14 6
18 22 9
11 14 3
6 10 11
23 2 3
7 10 7
12 14 3
7 10 8
20 23 14
16 18 2
14 16 12
4 5 10
19 22 7
13 16 11
0 2 1
18 22 7
9 12 5
13 17 13
10 13 9
18 20 12
0 3 11
14 18 5
6 8 6
2 7 7
21 1 8
4 6 9
12 17 6
7 10 14
14 17 7
21 2 2
14 19 8
20 23 8
8 11 4
3 6 7
23 3 10
6 8 1
16 18 3
15 17 12
20 23 10
0 3 13
18 22 1
20 22 14
21 0 5
0 3 10
5 7 1
19 21 5
0 4 12
2 6 1
3 6 14
16 18 1
17 20 4
23 3 2
19 22 13
15 16 3
0 4 11
15 18 7
15 18 2
15 17 2
12 14 3
9 10 11
21 1 6
23 4 3
21 1 10
14 15 14
15 17 4
8 10 4
12 15 4
20 0 8
22 2 13
14 17 9
17 21 1
19 23 7
8 12 9
20 23 13
9 14 13
11 13 10
18 20 10
23 3 6
11 12 4
18 19 10
20 22 7
21 22 13
10 14 2
10 12 4
15 17 3
16 18 10
18 22 7
13 16 3
4 9 4
16 19 12
15 18 5
23 3 11
12 13 10
19 21 8
15 17 14
2 3 10
14 17 10
3 6 5
4 7 3
23 3 7
12 15 5
1 4 9
13 17 7
19 22 11
3 6 11
15 20 10
20 23 10
16 19 8
15 18 12
11 16 8
3 6 12
12 14 8
3 7 8
19 21 7
17 20 2
5 8 12
11 14 8
11 13 11
21 1 2
11 14 6
1 4 13
19 23 5
16 19 9
7 12 1
19 22 5
11 14 3
19 21 4
12 13 4
18 21 5
17 21 13
0 2 2
23 1 12
10 14 3
15 17 9
14 16 11
8 12 11
0 3 3
22 2 2
1 4 8
0 3 7
7 11 14
2 6 2
9 12 4
20 23 1
4 7 3
23 2 7
17 22 7
7 11 13
15 19 11
10 15 11
16 19 13
3 6 14
14 17 12
11 14 9
18 20 7
15 17 11
19 22 7
22 1 10
21 0 4
0 2 13
5 8 9
5 10 9
19 22 12
4 7 14
22 2 7
7 9 10
7 9 8
23 2 13
7 9 8
12 16 11
22 0 9
9 13 4
9 13 8
13 17 6
12 16 14
15 17 3
3 6 4
23 4 7
6 8 12
15 19 2
8 12 7
2 5 7
8 11 4
14 16 14
10 11 4
3 7 4
22 0 2
12 13 11
7 11 6
12 14 8
21 1 13
18 19 9
14 18 9
11 14 12
2 5 2
9 13 14
1 3 10
18 21 3
10 14 11
5 7 7
23 2 4
2 5 8
23 1 8
15 18 7
17 20 11
16 20 3
5 7 7
2 6 1
4 8 6
6 7 1
0 5 13
12 15 13
1 4 13
14 18 5
14 18 12
10 14 5
11 14 3
9 11 11
13 14 10
8 11 11
15 19 14
15 16 7
4 8 12
17 21 4
12 16 12
7 10 12
15 18 9
19 22 6
16 19 10
15 19 5
0 1 14
15 19 5
8 11 8
22 1 14
13 16 3
7 10 12
14 16 10
5 9 11
7 9 4
14 15 11
15 18 2
8 11 7
10 13 4
19 22 1
0 3 4
22 0 3
1 5 14
13 16 6
1 5 14
19 22 7
9 12 13
21 1 3
1 4 8
19 22 2
23 3 13
9 14 2
4 8 1
20 1 4
20 23 6
1 4 13
3 5 12
1 4 6
8 11 3
19 23 10
22 1 3
7 12 1
5 7 7
5 9 14
23 2 2
12 17 7
22 0 12
9 12 13
7 11 6
7 10 4
7 10 6
17 20 3
13 17 7
12 15 12
7 9 11
7 11 13
14 20 6
10 12 12
17 21 6
19 23 8
15 20 11
16 19 9
13 16 5
4 7 4
11 12 8
16 18 5
10 15 9
3 7 3
17 21 5
21 1 6
13 16 4
7 9 9
18 20 4
16 19 12
18 22 2
5 8 5
5 6 1
16 19 5
9 12 11
5 9 9
22 2 5
6 9 7
6 10 3
11 14 4
13 13 2
6 9 4
16 20 7
16 19 5
13 15 1
21 22 6
6 10 9
11 14 8
11 16 9
11 15 11
3 7 4
4 9 14
11 13 10
22 2 1
20 21 1
23 1 14
1 3 1
8 12 5
23 3 8
19 22 3
19 23 3
15 17 7
14 18 7
7 11 8
8 11 1
17 19 10
21 0 8
19 23 12
22 1 7
2 6 12
6 8 10
14 17 8
11 14 14
16 20 2
1 3 11
18 21 7
16 19 11
10 14 10
1 3 13
2 6 5
19 22 7
18 20 14
16 21 14
18 21 13
22 2 6
5 8 5
2 6 6
20 23 7
13 15 13
0 4 10
22 1 8
4 9 8
12 16 12
19 23 8
13 16 13
22 0 4
13 15 3
14 17 14
7 10 13
8 9 12
7 11 1
9 13 6
6 8 12
6 9 3
21 22 11
7 10 6
5 8 6
8 10 10
20 22 8
10 12 12
5 7 11
21 1 9
17 19 1
8 11 2
21 0 12
12 16 10
0 2 9
19 21 11
6 7 2
16 19 7
8 12 12
6 8 11
23 2 14
19 22 1
7 10 1
4 8 4
22 1 3
6 9 1
8 11 12
16 21 12
4 7 2
12 17 1
18 21 5
3 5 2
9 12 6
0 2 10
8 11 11
15 18 8
11 12 1
22 0 14
7 7 10
6 10 3
21 0 6
0 3 7
20 23 3
19 22 9
9 12 2
19 1 5
5 7 7
1 4 10
15 19 1
19 23 1
23 1 3
16 19 10
16 19 14
8 11 14
1 4 2
2 5 14
11 13 3
17 20 5
1 4 11
3 6 8
15 18 1
10 13 9
13 17 8
10 13 14
1 5 5
8 13 7
18 20 4
21 0 5
12 14 13
17 20 1
9 12 13
20 21 2
11 12 6
22 0 13
8 11 8
3 5 13
19 23 4
12 14 9
21 2 11
1 4 10
13 18 14
18 21 6
1 5 5
17 21 6
6 9 9
21 0 3
22 1 2
7 9 7
12 15 3
2 5 10
20 23 3
2 4 6
6 10 2
23 4 6
11 13 1
7 10 11
17 21 14
10 15 10
14 17 7
14 16 2
4 8 3
22 1 12
3 5 3
5 8 6
3 4 3
23 0 8
23 3 1
15 17 2
7 11 13
8 10 8
9 10 4
2 6 6
0 4 7
8 10 7
13 15 11
19 23 6
2 5 5
8 12 4
7 10 11
6 9 7
21 0 3
2 4 10
6 10 5
18 21 4
19 21 10
4 7 8
3 6 2
20 0 1
11 14 5
18 22 14
22 1 9
12 14 5
15 17 3
1 4 2
9 13 7
14 17 11
9 11 6
9 13 4
22 1 1
1 4 4
16 19 9
6 9 1
18 22 3
8 10 11
12 15 1
19 22 8
16 20 11
15 16 11
15 17 2
2 6 14
1 4 9
1 3 9
0 2 9
4 6 12
18 20 5
5 8 14
19 23 8
14 18 8
10 14 1
20 1 5
22 2 4
3 6 6
6 9 1
20 0 12
21 23 13
15 19 4
23 1 8
23 3 4
0 3 4
22 1 10
15 18 5
17 22 6
4 8 11
9 12 12
9 11 12
14 18 11
21 23 4
3 6 7
21 23 3
10 14 7
21 1 1
17 20 5
15 18 11
19 21 13
12 15 14
8 11 8
9 12 11
1 4 8
12 15 12
10 12 3
4 7 3
7 9 2
1 4 2
13 15 5
1 4 12
2 4 13
4 7 5
4 5 2
4 8 2
22 2 11
19 22 4
22 1 11
2 5 6
5 6 14
8 11 5
12 13 14
9 11 7
18 23 2
18 19 2
22 2 6
16 19 14
20 22 9
18 22 12
8 10 5
19 21 12
2 6 13
16 21 4
17 21 9
19 22 9
7 12 6
12 15 3
15 18 2
0 3 3
3 5 4
11 14 3
2 7 6
7 8 10
2 5 1
0 4 4
19 20 1
12 14 14
12 13 9
22 23 13
18 19 3
15 18 5
22 1 12
6 10 13
12 14 4
20 0 6
17 19 11
5 5 5
16 17 7
17 21 8
8 10 5
16 19 14
19 0 6
22 1 14
2 6 10
19 23 13
13 15 11
4 7 12
13 16 6
9 11 5
6 10 5
1 3 9
10 12 11
3 6 14
21 2 5
20 0 10
21 0 1
11 13 2
3 6 11
9 13 6
6 9 4
8 11 12
4 9 8
3 7 4
6 9 8
9 11 5
5 8 6
7 11 1
1 4 7
12 15 6
5 9 8
8 10 2
18 20 4
9 13 7
11 14 1
16 20 11
6 9 4
22 3 2
3 5 1
22 0 8
21 0 6
4 5 6
11 12 1
15 18 13
23 1 7
11 14 7
22 1 6
22 1 4
2 3 2
21 22 4
11 15 11
1 3 1
1 2 7
1 5 6
19 22 8
17 20 11
14 15 5
4 5 8
14 16 11
11 14 13
3 4 5
1 3 12
3 7 12
0 5 5
2 4 14
5 10 5
10 12 13
3 6 13
16 19 11
11 14 6
3 6 1
14 17 11
12 15 12
1 5 13
4 7 5
16 17 8
17 21 9
13 17 6
0 4 14
2 5 2
23 2 2
23 1 11
4 8 10
22 2 4
16 19 6
6 10 11
7 12 13
0 1 4
23 2 14
14 16 9
4 7 7
11 15 14
15 19 1
14 17 12
6 11 2
14 17 10
15 18 9
10 14 3
11 14 13
3 5 7
6 9 3
12 14 5
1 3 8
6 10 3
8 12 6
8 10 14
12 16 13
2 5 8
20 0 3
6 9 13
5 10 11
14 17 8
9 10 3
6 8 10
9 11 10
9 12 6
12 15 12
16 18 4
12 13 1
4 8 1
16 20 1
7 10 4
10 11 8
2 7 2
14 16 2
1 2 3
0 3 2
22 0 14
8 11 13
1 5 14
19 22 12
9 11 9
6 9 13
7 8 1
0 3 8
12 15 11
9 10 10
3 6 1
12 15 1
14 17 14
14 17 10
5 8 7
10 12 6
9 14 1
21 1 12
20 0 12
21 0 13
7 10 3
20 0 12
6 8 11
15 17 11
5 8 11
16 19 3
20 0 2
20 23 12
13 16 2
22 1 11
12 14 14
10 13 8
17 20 1
7 11 6
18 22 9
20 23 14
20 23 13
7 10 8
2 5 5
1 4 5
15 18 6
14 16 11
23 3 4
15 19 10
17 18 11
4 8 14
8 10 9
9 12 3
3 5 5
7 11 11
5 9 3
9 11 2
14 16 13
7 11 10
10 14 13
20 23 7
8 12 12
10 13 1
1 4 7
7 11 13
19 23 2
9 12 9
8 10 7
9 13 6
7 12 1
12 12 2
9 11 5
21 0 11
5 8 5
1 5 5
17 21 2
9 13 6
20 23 5
16 19 9
9 13 2
19 22 8
6 9 11
17 20 14
4 7 8
19 23 2
8 12 4
8 12 5
4 6 12
1 4 13
2 5 5
11 14 1
17 20 11
0 2 10
4 8 4
22 0 13
20 23 4
19 22 5
2 6 13
22 1 11
22 3 1
21 0 3
0 2 1
17 20 13
23 2 3
10 11 9
3 5 14
14 17 12
10 12 4
10 12 5
21 23 14
5 8 8
15 18 7
21 0 7
6 9 12
19 1 11
5 9 2
23 2 12
14 17 10
11 13 6
13 17 3
5 7 8
8 10 1
9 13 3
8 12 7
17 20 13
21 23 4
8 11 2
11 15 13
17 22 1
10 11 5
23 1 12
22 1 4
1 5 2
17 20 11
15 19 7
18 20 13
0 3 4
23 1 6
2 4 3
9 11 10
17 21 10
8 10 11
16 20 8
3 5 7
5 7 10
18 19 6
21 1 5
6 9 5
22 2 13
7 10 2
15 17 8
13 16 12
20 23 13
2 4 7
1 6 13
9 12 14
5 9 4
8 11 13
23 0 9
15 16 9
21 23 11
19 23 4
2 5 5
5 7 9
5 8 8
13 16 10
14 18 2
16 20 12
17 20 3
6 8 1
14 17 14
20 22 11
22 0 13
5 9 8
21 22 1
11 13 13
9 11 13
8 10 1
1 6 9
1 3 1
14 18 10
5 8 2
22 1 10
19 22 1
17 20 11
6 9 6
4 7 8
18 21 14
12 16 1
4 7 9
2 6 8
9 11 13
15 18 5
1 4 10
9 13 3
1 4 4
16 18 4
15 19 13
13 16 6
0 2 10
5 8 4
19 21 11
10 13 1
22 2 10
5 7 11
15 18 8
23 1 3
8 10 5
23 3 3
16 20 5
4 7 5
3 7 5
16 18 14
18 21 9
22 1 1
2 6 14
8 11 7
17 20 9
19 22 13
12 16 13
1 3 13
7 11 3
5 8 11
1 5 4
3 5 2
23 1 7
3 6 2
0 3 5
18 20 6
4 7 12
23 1 10
0 1 12
9 10 10
0 4 1
10 16 9
6 11 11
7 10 11
15 19 2
17 20 1
10 14 14
11 15 7
17 21 11
7 8 7
14 17 10
17 20 1
1 3 10
15 17 3
5 10 12
18 22 12
15 19 13
8 12 2
19 0 6
7 10 11
4 9 8
7 10 7
3 4 10
6 8 1
7 11 11
14 18 11
23 1 6
21 23 10
16 19 8
2 5 4
1 4 11
23 2 12
3 6 14
2 5 10
5 8 4
3 8 14
9 10 12
17 18 1
1 4 2
17 20 13
5 8 2
16 21 12
9 12 12
0 3 14
15 17 4
2 4 13
23 2 9
0 3 7
23 3 10
12 14 5
23 0 12
5 8 14
4 7 12
8 13 5
14 18 14
23 4 14
6 9 8
17 20 10
19 23 6
15 21 12
7 8 1
4 6 4
17 22 2
15 19 8
16 19 2
11 14 10
14 16 6
12 15 1
21 1 2
15 18 11
5 7 14
8 12 12
8 10 3
20 23 2
9 11 7
18 19 10
18 21 4
16 18 5
4 8 1
11 14 12
1 3 9
7 10 6
4 7 1
6 9 3
7 11 2
14 17 13
10 12 7
2 5 1
