550 6
7 10 8 7 3 2 
15 17 2
2 5 6
3 8 1
20 23 5
18 20 5
17 20 5
11 13 4
14 18 5
2 5 5
9 14 4
3 7 6
7 10 6
15 19 1
4 7 2
14 16 4
21 22 5
18 19 6
12 14 2
7 10 2
4 4 6
4 7 2
5 7 5
11 15 3
1 4 1
1 3 2
21 0 3
19 23 3
15 16 4
12 16 4
14 19 5
17 20 4
16 20 1
7 10 2
9 13 1
8 11 6
6 9 5
13 15 6
17 19 6
16 17 4
22 0 5
5 9 6
16 20 4
7 9 1
14 19 5
11 13 2
17 20 1
12 14 2
0 4 3
3 6 2
16 19 3
20 23 3
4 8 6
3 8 6
8 11 4
16 20 6
9 15 3
12 14 4
10 15 2
2 5 6
5 7 5
21 0 3
13 17 4
4 8 4
15 16 5
17 20 4
5 7 4
4 7 4
6 9 2
1 4 1
5 8 2
18 20 6
13 17 6
14 18 6
19 0 5
2 6 3
23 2 5
9 12 6
15 20 5
22 2 3
16 19 5
21 1 6
2 4 5
19 22 6
5 7 2
21 0 6
17 19 2
8 12 3
5 8 5
15 17 5
3 4 2
0 3 5
1 2 3
22 0 1
0 3 6
16 19 5
20 22 5
23 1 1
2 5 6
5 9 1
19 23 5
0 3 1
23 4 2
6 10 3
16 20 1
5 9 2
4 7 4
5 7 2
13 17 6
9 12 4
20 22 6
1 4 5
2 4 6
8 12 3
0 4 3
21 1 2
5 7 3
3 6 4
19 22 3
15 19 1
1 3 5
10 14 5
20 0 5
8 10 6
13 16 6
14 17 2
18 20 3
7 9 1
7 9 3
1 3 3
1 4 2
17 20 5
2 4 6
7 11 4
17 21 2
6 9 6
14 17 4
21 1 5
12 14 5
13 16 2
8 13 2
20 0 1
10 13 3
7 8 6
15 18 3
13 14 1
4 7 4
13 18 4
18 22 4
6 11 3
21 0 4
18 20 1
10 12 6
13 16 6
11 15 6
18 22 2
11 12 4
12 15 3
6 10 6
1 2 5
23 0 5
19 21 1
20 23 2
18 20 1
12 16 2
11 14 5
10 14 5
13 17 2
11 15 6
7 11 1
21 1 1
0 1 2
9 12 6
16 19 3
3 6 1
22 2 4
8 13 2
18 23 6
4 8 1
1 2 3
6 10 5
11 13 3
0 1 2
16 17 5
19 22 5
10 13 4
19 23 6
6 9 6
8 10 4
12 15 6
23 4 2
16 19 5
3 5 5
16 19 2
22 1 3
16 20 4
11 13 4
18 23 2
5 8 3
19 23 3
11 14 6
0 3 1
12 15 2
10 12 1
7 9 1
23 3 2
5 9 5
1 3 6
4 8 3
3 5 4
8 13 4
3 5 3
13 17 5
15 18 1
5 8 5
11 13 5
19 23 4
2 6 2
5 7 1
2 6 3
0 4 1
3 5 2
22 2 1
22 23 4
13 16 2
6 8 5
14 17 3
18 21 1
7 10 1
17 21 3
11 14 4
15 17 6
1 4 6
18 21 2
4 8 5
15 19 5
18 19 3
3 6 1
8 10 3
21 22 3
5 8 2
2 6 1
12 15 6
13 15 5
0 2 5
4 7 2
10 13 2
23 2 6
18 20 4
14 18 4
20 0 3
9 12 5
4 6 1
5 8 4
19 23 4
22 23 2
15 17 4
5 10 2
3 6 5
12 16 5
11 14 4
11 14 6
0 3 5
8 13 4
13 15 6
16 17 2
22 1 2
1 5 5
20 0 5
7 9 6
23 2 4
4 9 6
5 8 2
19 23 3
7 9 4
15 18 5
18 22 4
7 9 6
4 8 6
14 17 3
5 7 1
21 23 6
0 5 1
1 4 3
8 11 2
23 1 5
5 8 2
0 2 3
16 22 6
5 7 4
17 20 6
5 8 2
15 18 5
23 2 2
12 17 5
6 11 3
12 15 4
6 8 4
20 22 5
23 1 2
4 5 6
20 23 3
22 3 6
14 17 4
3 6 6
14 18 3
5 7 2
13 16 3
4 7 6
17 20 4
23 1 5
6 8 2
10 13 5
11 15 1
23 2 4
12 14 2
7 10 5
17 21 4
16 20 3
11 14 2
8 9 4
5 9 3
2 6 1
16 19 2
8 11 4
0 3 3
3 7 6
6 10 2
19 22 2
4 7 6
0 4 4
1 5 2
21 21 6
9 12 3
1 4 1
13 18 2
23 1 2
5 7 2
10 14 2
4 8 4
0 3 1
3 8 1
20 22 5
2 4 3
13 17 3
23 3 6
13 15 6
14 18 4
19 22 2
3 6 2
19 22 5
9 11 5
3 6 3
13 16 4
23 4 4
1 4 2
4 8 2
17 22 4
17 21 2
1 4 6
6 11 1
21 23 4
2 7 6
5 9 1
18 21 6
22 2 6
11 11 1
3 7 3
1 3 6
22 1 5
10 13 6
6 9 2
23 1 2
17 19 5
16 18 6
17 20 1
16 18 1
13 16 2
3 6 1
13 14 4
1 6 3
19 22 5
5 7 3
2 5 1
0 4 3
14 17 2
5 9 5
12 17 2
7 10 5
9 11 4
22 1 1
5 9 4
5 6 3
5 9 5
20 22 4
1 5 3
0 3 3
17 20 2
9 13 1
18 22 2
12 15 4
13 17 6
0 2 5
4 7 4
19 23 4
4 6 5
16 20 5
11 13 4
12 15 2
4 9 1
16 18 1
22 0 5
15 18 6
16 18 3
21 0 5
18 21 5
23 3 1
17 19 6
10 13 4
20 0 2
2 4 6
10 13 1
17 20 6
3 7 3
12 18 2
0 1 4
10 13 5
12 15 1
13 17 6
7 11 6
4 7 5
0 1 1
0 0 6
8 11 4
22 23 4
14 19 6
23 1 4
1 4 1
16 19 4
17 19 1
10 13 6
21 22 5
14 16 3
2 5 3
16 19 5
1 5 5
14 17 4
14 17 2
22 1 2
10 11 2
23 3 5
12 15 1
18 22 4
4 7 3
22 1 5
17 22 3
5 9 6
6 9 3
20 0 2
5 5 6
7 10 4
17 21 3
3 7 4
2 5 2
16 21 4
8 12 4
16 21 5
1 3 2
10 12 6
15 16 2
4 9 4
1 5 3
12 17 5
16 21 6
2 5 3
4 7 5
2 5 4
3 5 1
16 18 3
12 16 2
14 16 6
4 7 4
8 10 3
21 0 1
22 0 4
1 3 2
10 13 4
16 19 4
13 17 5
6 8 6
6 8 6
11 13 1
2 3 6
3 7 6
17 20 1
17 21 2
2 5 6
5 9 3
0 4 5
8 9 3
22 1 2
22 1 2
0 3 5
4 7 3
15 19 3
7 8 3
2 5 5
11 13 4
4 5 3
5 10 5
11 15 4
2 5 2
23 1 4
22 2 6
15 19 5
14 17 4
20 23 3
3 7 1
12 17 5
0 2 5
14 19 2
8 10 1
23 2 3
10 14 4
16 20 1
1 4 2
10 11 4
6 8 3
23 2 3
2 7 6
23 2 6
15 20 3
0 2 2
5 7 1
4 7 2
7 11 3
3 7 2
14 18 5
20 23 1
13 15 3
23 4 5
12 14 5
6 10 2
9 13 2
13 14 2
15 16 6
9 12 5
21 21 4
1 6 5
0 1 5
11 15 4
