1050 12
10 2 5 2 3 10 3 6 7 2 6 5 
16 18 9
18 21 2
17 21 3
3 5 8
20 22 11
7 10 3
17 21 2
0 3 4
23 3 6
2 4 4
19 22 3
12 16 8
10 14 4
20 0 8
7 11 9
8 9 3
1 4 5
10 14 6
8 13 9
16 19 9
5 9 7
23 2 2
0 2 3
13 17 6
4 7 8
1 3 4
4 8 3
6 9 10
17 20 9
17 19 7
21 0 5
1 5 4
2 5 1
3 7 9
19 22 8
14 17 11
12 16 2
3 5 11
21 0 6
0 4 10
6 8 3
12 14 7
23 23 9
0 3 4
0 3 6
0 3 4
16 18 3
22 0 10
13 17 5
0 3 2
0 2 1
23 2 1
13 17 7
22 1 10
8 10 6
20 23 1
11 13 4
13 16 6
2 6 12
2 5 8
6 9 6
22 1 2
4 9 7
12 12 2
13 15 12
13 17 5
22 1 7
16 19 5
6 9 3
0 4 9
13 17 2
15 18 2
16 19 6
0 2 12
10 14 6
9 12 9
1 5 7
6 9 10
19 22 12
3 6 5
20 2 4
15 20 10
20 21 4
8 10 12
18 19 6
7 11 4
15 16 8
11 15 5
4 7 12
23 3 12
19 23 8
1 3 10
19 23 6
9 11 1
0 4 3
23 2 5
15 20 12
23 2 8
16 20 10
19 23 4
20 23 1
15 18 3
22 23 8
2 5 8
18 20 12
1 3 4
14 17 9
2 5 4
8 12 8
2 4 6
8 10 3
20 22 10
23 3 9
20 23 10
18 23 10
6 9 7
1 5 4
20 23 6
20 23 12
19 22 10
11 13 3
20 22 4
22 0 7
13 15 6
16 20 1
17 19 1
14 17 6
4 7 8
16 18 9
3 6 10
17 19 4
4 6 9
9 13 9
13 17 1
16 19 9
18 20 7
4 6 4
18 22 7
18 20 9
16 18 2
7 12 10
6 10 6
6 9 3
20 23 2
22 1 3
13 15 7
9 11 5
14 18 9
15 19 9
16 19 5
18 21 4
5 8 1
5 9 11
3 7 3
7 9 11
6 10 11
9 12 12
1 4 2
14 17 4
2 6 2
11 14 1
9 11 5
12 15 11
21 22 1
19 22 12
10 12 10
16 17 3
16 19 1
14 16 8
20 22 9
4 7 7
23 2 3
21 1 2
13 16 2
12 17 4
2 6 11
20 0 10
16 20 11
4 8 7
8 12 2
15 18 2
8 11 2
10 13 7
23 1 9
19 21 8
14 16 12
18 23 1
6 8 6
1 4 2
17 21 4
3 6 12
19 23 7
15 18 3
18 21 2
20 23 7
15 18 11
3 7 12
20 0 6
8 11 10
22 2 7
7 11 2
10 14 4
6 9 1
17 20 4
19 22 5
21 0 5
13 14 9
19 23 11
20 1 1
12 15 5
5 9 2
13 17 3
13 16 7
8 11 7
8 10 7
9 13 2
9 12 4
0 3 6
2 5 9
23 2 1
3 5 6
11 14 1
23 2 12
18 21 11
9 12 2
4 7 9
18 21 11
14 18 2
8 9 3
2 5 9
18 21 3
22 1 5
4 6 5
8 11 8
20 0 5
11 11 2
14 16 10
1 4 7
4 7 5
1 3 8
0 1 1
12 14 12
3 7 11
0 3 6
2 4 10
13 16 9
2 6 1
13 16 6
15 17 3
21 23 10
1 5 1
1 2 9
6 9 12
0 2 6
12 14 10
23 2 6
13 15 3
1 4 10
17 20 3
22 2 4
9 12 8
5 10 12
11 14 8
17 19 3
4 7 7
20 0 7
18 21 7
15 19 1
16 19 6
5 8 10
3 6 1
19 22 9
4 5 6
22 2 11
2 6 6
5 10 5
5 9 2
14 16 8
14 17 3
4 6 7
10 13 1
7 10 3
0 2 7
17 19 3
8 10 4
13 17 12
10 13 2
5 7 5
2 6 9
11 14 6
4 8 4
12 17 7
10 13 4
19 22 7
21 0 8
9 12 6
9 11 12
19 22 10
14 19 8
23 2 4
10 14 12
14 16 2
13 17 2
10 13 12
18 20 6
14 17 4
9 12 12
10 15 6
2 6 10
12 16 12
23 1 12
11 13 10
3 6 8
6 10 1
15 19 2
20 1 12
13 16 2
6 9 7
3 6 5
8 10 12
3 8 12
2 5 1
8 11 3
18 18 4
13 18 5
15 17 9
15 19 10
16 21 10
9 10 12
5 8 8
23 3 12
17 20 6
0 3 10
13 17 10
9 12 10
7 9 11
21 0 4
3 6 6
8 11 8
20 22 1
23 0 1
5 8 12
20 22 2
23 2 10
23 2 12
4 6 5
7 9 5
18 21 1
8 11 9
20 0 2
22 0 11
17 19 4
14 17 2
21 23 12
7 13 9
23 0 9
20 22 4
7 12 12
5 7 5
5 7 4
4 9 3
4 8 3
19 22 3
22 23 4
11 15 6
8 10 7
20 23 10
1 3 10
8 10 8
22 1 5
20 0 12
18 19 9
9 12 8
8 11 11
2 6 12
14 17 9
16 21 1
14 17 6
4 7 12
15 18 11
13 18 11
15 17 9
6 8 1
18 22 8
10 11 9
4 6 4
6 8 11
12 14 4
15 18 11
10 13 6
1 4 10
17 19 7
8 10 7
10 13 8
20 23 7
18 22 4
7 11 7
18 21 6
9 11 9
5 9 12
4 7 12
1 4 6
11 13 1
7 10 5
21 23 7
6 11 8
22 0 1
18 21 10
6 9 7
4 8 6
9 11 6
6 9 4
0 2 6
0 2 8
0 3 9
23 1 6
7 11 4
15 16 3
15 17 6
9 12 4
7 10 4
11 14 11
11 14 9
21 1 11
5 9 12
19 21 2
1 5 8
17 20 10
10 14 4
12 15 7
8 12 3
17 21 1
8 12 4
4 7 6
3 4 1
17 19 4
15 17 4
8 11 8
20 23 5
14 18 10
21 23 1
1 5 12
22 1 10
6 8 4
18 21 10
3 8 7
4 4 9
5 9 1
9 12 11
20 0 9
1 4 1
23 1 4
6 9 12
4 8 8
3 8 11
6 9 6
5 9 3
7 10 1
8 11 5
12 14 2
22 23 3
19 21 1
12 15 2
23 2 10
16 19 9
15 17 4
18 20 5
3 6 1
9 11 6
13 16 10
14 18 8
8 10 10
4 5 5
2 6 10
1 4 9
14 15 9
20 22 10
11 15 10
20 22 1
8 12 5
21 0 1
10 12 3
14 17 7
7 10 5
8 12 3
22 2 9
21 0 12
4 6 6
5 6 11
14 18 2
20 23 8
8 9 12
9 10 12
17 21 10
3 7 11
8 11 12
21 1 11
17 20 6
13 16 11
18 20 10
22 2 8
22 2 10
8 9 3
13 17 2
21 0 7
18 22 11
10 14 10
13 17 10
18 21 12
2 6 3
10 14 9
15 18 6
13 15 11
2 4 12
22 0 4
13 16 12
7 8 4
9 12 6
4 9 3
19 23 4
18 20 11
5 9 8
3 7 4
0 4 1
6 10 8
13 15 10
3 7 2
12 15 11
8 13 10
3 5 7
15 19 7
1 4 6
3 6 4
8 10 12
1 4 10
4 7 10
20 22 3
7 10 8
17 21 2
22 1 11
7 11 9
13 16 5
16 21 6
23 2 4
14 19 7
15 16 2
19 22 10
6 7 5
23 4 8
22 2 3
19 0 10
3 7 2
23 2 3
9 11 3
10 13 5
12 14 11
20 23 7
23 4 5
21 1 1
22 0 4
23 0 2
22 0 1
21 0 6
0 5 10
20 22 10
1 5 12
2 6 11
8 11 12
8 10 4
1 2 10
23 1 10
21 23 3
3 6 3
11 15 5
21 22 7
10 12 8
0 4 2
18 21 3
12 15 8
7 9 6
5 8 1
4 7 7
1 4 2
23 2 10
1 4 3
8 11 3
17 21 3
21 1 7
15 18 4
22 0 9
9 12 1
17 19 3
22 1 7
13 16 8
7 11 1
14 17 11
23 3 8
4 5 3
21 1 2
0 2 10
3 5 9
13 17 1
4 8 5
10 13 10
13 15 1
13 15 10
23 3 9
1 3 1
20 23 12
0 2 1
7 10 12
7 12 4
1 4 9
8 11 7
0 2 10
18 21 4
15 16 6
4 6 6
20 23 2
0 2 11
2 6 9
15 16 12
12 15 2
8 9 6
17 18 5
13 16 11
2 4 5
1 4 11
7 8 1
16 17 6
20 23 1
5 7 1
18 21 10
8 12 6
3 6 5
11 14 10
6 8 3
12 14 10
16 21 3
13 15 8
22 2 11
3 5 3
15 19 1
7 10 3
10 12 6
14 17 12
0 3 11
13 16 6
4 8 12
3 5 12
5 7 10
9 13 1
20 23 8
5 9 1
7 11 12
17 22 10
16 19 8
6 9 6
15 19 10
6 9 5
9 11 4
1 5 5
23 1 12
13 15 3
7 10 9
3 7 10
17 19 5
15 18 10
5 7 1
17 21 1
10 13 9
5 7 5
20 23 8
2 5 7
3 8 3
22 2 4
2 4 4
1 4 12
9 13 6
10 14 2
14 18 8
4 8 5
22 2 11
17 20 3
3 6 7
22 2 9
16 19 9
13 16 10
7 10 11
23 2 10
17 19 5
20 22 11
10 15 9
20 0 9
1 3 9
0 3 12
11 14 5
4 8 6
11 16 5
15 18 4
11 12 8
2 5 9
20 22 2
12 17 5
1 3 12
10 12 4
12 16 11
3 4 10
10 13 11
10 14 11
15 18 10
11 14 1
14 17 12
18 20 11
18 21 9
7 9 1
19 23 9
10 14 2
4 7 1
9 11 9
14 16 11
19 22 7
18 22 10
0 5 12
18 21 7
3 7 2
5 7 11
1 5 5
4 6 2
15 19 6
16 20 7
8 11 12
4 7 12
21 23 9
4 6 3
0 4 1
2 5 11
16 19 5
2 5 9
15 18 12
0 3 12
10 12 8
19 21 10
17 21 6
21 0 11
2 3 8
23 3 6
20 0 7
18 22 7
1 5 7
4 8 12
0 3 11
20 1 11
17 20 12
13 16 7
3 6 10
23 2 12
20 23 6
14 16 5
18 21 2
20 23 6
22 23 1
1 2 6
7 10 9
23 3 3
3 6 12
2 5 11
16 18 4
18 20 9
13 16 5
21 23 3
2 4 5
2 3 10
16 17 10
9 12 10
13 16 7
18 21 6
9 13 12
7 10 4
10 13 6
16 18 2
9 10 5
8 13 2
4 6 10
7 10 5
3 7 12
14 16 11
4 7 11
20 23 4
20 0 7
1 3 10
19 22 7
19 21 9
16 20 6
8 9 2
19 22 10
6 9 1
19 20 4
4 8 12
1 4 1
15 18 12
6 11 4
20 23 11
7 10 2
0 1 10
0 3 9
0 4 7
15 17 11
17 20 6
8 10 8
22 2 10
12 15 3
22 0 12
7 9 4
7 10 11
2 5 2
2 4 10
14 18 4
9 12 4
12 15 2
0 3 4
10 13 2
19 22 11
9 12 1
0 3 4
7 9 3
23 2 4
8 12 8
1 5 7
17 23 10
19 21 1
21 0 1
18 21 7
1 3 12
22 2 7
17 21 7
14 16 5
23 2 8
11 16 2
23 2 9
5 8 7
0 4 3
11 14 1
16 21 12
11 15 2
13 16 9
8 11 10
9 13 8
22 0 5
12 15 9
21 23 5
13 16 7
9 12 10
2 6 1
16 17 8
6 10 3
2 5 2
6 8 9
23 1 3
1 4 6
23 3 8
18 20 11
14 17 7
7 10 3
2 4 4
23 0 5
21 0 7
23 1 1
20 20 1
20 22 1
6 8 10
19 22 2
16 18 1
22 1 11
8 13 7
22 2 12
9 12 10
15 17 7
12 16 8
2 5 4
10 12 2
9 15 12
21 23 10
10 14 12
13 17 7
5 8 3
10 11 7
0 3 4
5 10 11
16 19 7
9 12 7
23 0 5
7 10 2
15 16 9
12 18 4
9 13 6
23 3 10
14 17 4
4 6 10
8 10 1
23 0 9
3 6 11
12 14 3
19 0 3
3 5 1
7 11 6
22 3 12
18 23 8
7 10 2
4 7 2
0 4 5
12 16 12
6 11 10
11 13 2
22 2 10
22 3 2
12 15 9
12 15 10
0 2 8
19 21 5
14 16 12
3 8 12
8 12 6
12 15 9
7 10 4
2 6 10
8 13 3
6 8 8
21 22 9
22 1 2
1 5 5
19 23 5
23 2 9
23 3 7
16 20 3
2 5 11
3 6 5
23 3 10
6 10 8
0 3 12
12 17 2
11 13 10
1 5 8
20 23 1
15 19 4
3 5 10
12 15 2
23 2 9
6 9 11
4 6 10
23 2 2
20 23 1
2 6 11
9 11 2
22 1 6
0 1 3
17 19 5
5 7 12
5 7 4
23 2 8
8 10 5
2 5 8
18 21 10
19 22 8
19 19 9
2 7 2
7 9 9
22 2 3
1 3 3
8 10 12
19 22 4
16 19 9
21 0 9
20 22 1
10 12 6
6 10 5
2 6 12
5 8 11
20 0 3
4 7 2
18 23 2
17 19 10
19 20 7
5 9 4
9 12 2
1 4 7
14 17 12
6 7 1
2 4 8
20 0 3
13 17 12
12 18 2
5 7 1
21 0 8
20 23 1
20 23 11
21 22 10
1 6 8
22 0 8
7 10 3
15 17 4
18 21 1
1 5 8
4 7 5
17 21 5
7 10 10
3 7 9
0 3 12
10 13 8
1 3 4
8 12 5
2 4 7
7 10 2
7 11 2
6 9 3
12 17 3
19 21 6
9 11 8
15 17 8
18 21 9
16 18 7
14 17 8
12 16 2
12 15 1
7 9 7
12 13 11
12 15 9
2 7 9
8 11 7
3 5 6
16 19 5
0 4 9
19 22 8
18 23 8
0 6 8
22 2 12
20 23 8
20 22 10
10 14 5
19 20 7
6 9 6
7 10 9
5 8 12
8 11 2
23 2 2
12 14 1
22 2 4
4 5 6
12 14 7
15 18 3
