600 9
5 4 3 7 5 3 1 5 1 
21 0 8
4 6 2
14 18 9
7 10 9
9 11 9
23 1 1
7 10 3
9 14 9
23 2 3
6 10 4
14 18 1
10 13 6
23 2 1
19 21 2
19 22 6
5 9 6
14 17 9
1 4 3
18 22 4
5 10 8
18 21 8
10 13 4
2 5 4
3 5 8
5 8 8
22 2 1
0 2 2
20 22 7
14 17 8
23 2 9
11 13 6
5 7 9
2 3 6
22 1 1
11 13 9
10 13 5
23 2 7
11 13 6
18 23 2
5 10 6
23 2 7
17 22 5
20 22 6
16 19 5
6 9 1
3 6 3
21 23 2
6 8 5
4 8 6
17 21 8
13 15 3
8 11 3
12 17 4
10 14 3
17 20 4
22 3 6
19 20 8
18 20 4
13 17 7
5 7 5
12 14 3
13 17 2
16 20 7
20 21 4
23 1 8
22 1 6
12 16 8
2 3 6
14 17 7
0 3 3
2 5 7
15 19 6
14 19 6
2 6 2
18 19 8
12 16 1
7 12 6
15 17 3
1 4 5
5 8 5
4 6 5
18 20 4
2 6 5
18 19 8
0 2 3
18 22 5
10 12 5
11 15 7
23 1 2
4 8 6
2 7 6
3 7 3
7 9 2
8 12 2
9 14 9
19 22 2
12 13 6
22 23 7
3 5 5
3 6 2
12 14 9
2 6 6
21 0 7
21 0 6
7 11 4
19 21 4
15 16 4
6 10 1
13 15 7
8 10 2
14 17 5
15 18 5
8 10 4
1 3 4
1 3 7
17 21 2
22 1 3
0 3 9
14 16 7
14 18 1
15 17 8
19 22 7
16 18 4
8 10 8
0 4 1
10 14 4
8 11 3
17 20 1
0 2 2
8 11 9
0 3 5
5 10 4
16 20 5
6 6 9
14 17 7
8 12 9
12 15 3
5 7 1
13 15 5
19 21 5
23 2 4
19 23 7
2 5 6
13 16 9
19 21 6
19 23 9
13 16 4
18 22 5
5 10 3
21 23 5
23 1 7
20 0 7
22 0 5
13 16 3
11 13 6
22 2 7
20 23 7
23 2 4
11 13 3
3 6 2
13 16 5
13 15 5
5 6 8
5 9 7
11 15 6
22 3 1
0 3 3
10 14 6
3 5 5
7 11 2
19 23 3
15 17 6
7 9 9
2 6 9
10 13 7
21 0 3
17 17 9
23 23 9
17 21 4
0 3 7
1 3 7
2 5 7
11 13 8
23 4 5
17 20 4
10 14 4
16 18 6
15 17 5
20 22 1
6 10 9
1 4 8
12 15 8
17 22 8
17 20 4
8 12 5
7 11 3
3 4 6
18 20 2
4 7 5
10 12 9
10 12 1
3 5 6
8 11 8
23 3 1
3 6 9
9 12 3
22 1 1
0 2 2
12 14 3
2 6 7
9 12 9
9 12 7
3 5 6
3 6 4
14 17 5
12 12 8
22 0 1
17 21 6
8 13 5
4 8 5
11 14 5
3 6 2
4 9 3
7 10 3
19 22 5
16 19 7
15 17 6
13 15 1
6 9 8
20 22 1
9 12 1
19 22 3
4 7 1
19 21 2
9 12 3
17 22 5
2 5 2
10 13 7
16 19 6
20 23 1
17 21 2
15 17 1
3 7 2
8 9 7
11 12 9
3 6 4
10 12 7
17 20 3
18 20 7
18 21 3
19 23 2
1 5 6
10 13 8
10 12 5
3 6 6
4 5 5
22 1 6
2 3 9
13 13 8
18 21 8
18 21 1
13 17 7
9 12 9
14 19 5
18 21 7
19 23 3
11 15 3
19 22 9
21 1 3
6 8 9
8 10 3
4 7 3
1 5 3
15 18 4
6 9 8
19 23 4
9 12 4
5 7 8
18 20 2
12 16 6
14 17 9
14 16 2
2 6 7
19 21 5
3 6 9
23 4 2
0 2 2
6 10 8
3 7 7
10 12 5
22 0 2
19 22 9
11 14 3
19 23 5
2 5 4
23 1 8
20 22 2
3 4 4
12 15 1
9 12 7
3 7 1
21 23 2
8 12 8
18 22 3
18 20 4
21 1 2
21 23 4
5 10 4
12 15 5
3 8 4
22 1 1
8 12 1
21 0 2
0 1 1
17 19 8
20 23 8
0 3 6
5 8 7
0 4 5
21 23 1
22 2 8
19 22 2
4 6 8
22 0 9
0 5 6
0 3 6
10 13 6
13 14 4
20 0 8
8 11 1
9 11 1
7 11 5
12 16 2
1 2 8
6 10 1
5 8 8
12 16 7
1 4 5
8 12 1
3 5 9
3 4 7
2 7 6
11 13 3
17 21 2
12 16 9
4 8 8
11 16 5
9 13 5
1 4 8
19 0 6
20 23 2
0 4 8
4 5 1
11 15 3
5 7 6
13 16 9
7 10 5
2 5 7
19 22 3
19 21 1
9 13 7
3 6 8
12 15 4
0 4 3
5 8 9
15 17 6
9 11 9
11 13 4
14 16 1
11 15 2
15 19 7
16 18 7
20 22 9
9 14 9
10 14 3
22 2 6
18 19 6
5 8 1
1 2 3
14 17 5
11 17 6
4 6 2
15 18 6
7 9 7
4 9 7
14 18 8
2 5 2
20 23 7
13 17 7
23 2 8
18 21 4
16 20 2
15 19 6
14 15 6
20 0 3
15 18 2
5 8 2
12 15 6
14 16 9
1 3 7
4 7 9
14 16 4
23 3 2
12 15 9
13 18 5
14 18 8
9 13 1
20 1 5
17 21 5
6 9 5
21 23 1
0 2 8
7 10 2
9 12 9
10 13 5
4 7 5
9 13 5
1 5 7
12 16 1
9 10 5
12 15 3
20 23 2
22 1 8
23 2 9
15 19 4
11 15 5
1 4 7
5 8 9
12 15 1
14 19 2
22 0 9
15 15 6
16 20 6
8 11 6
2 3 1
16 18 7
8 13 1
17 20 2
17 20 7
13 16 2
13 17 5
18 20 2
0 4 4
20 23 4
15 18 4
20 0 5
20 0 7
9 11 4
3 6 6
9 13 4
14 16 7
23 1 1
3 6 4
4 6 1
10 14 9
9 12 4
20 1 7
2 7 1
22 0 6
1 4 5
4 7 9
16 20 6
22 1 1
11 12 2
21 0 9
10 12 8
9 12 1
0 4 5
13 16 8
17 22 6
23 1 3
14 17 4
16 18 8
12 16 7
23 23 9
6 9 2
19 22 1
15 20 6
16 17 9
18 20 4
6 9 2
10 14 9
7 10 1
2 5 1
23 3 3
9 14 6
18 21 3
6 9 1
19 23 1
14 16 7
9 12 7
7 10 8
17 19 3
9 11 4
5 8 1
14 17 1
1 3 6
22 3 2
15 17 8
5 8 6
6 9 5
14 17 6
18 21 8
4 7 2
20 23 1
2 4 5
18 23 3
14 17 2
11 14 2
13 16 8
17 20 5
18 22 4
21 21 5
15 16 5
12 18 8
6 7 3
9 11 8
1 4 8
9 12 5
8 10 6
17 20 7
2 5 6
20 22 2
22 0 5
8 10 9
16 20 9
18 20 5
9 14 4
13 15 6
5 9 5
6 9 5
21 23 6
7 11 8
5 9 4
12 13 7
15 18 6
22 2 6
14 15 1
5 8 7
9 12 3
18 20 3
23 3 3
6 9 1
15 17 5
9 11 5
7 11 5
20 0 1
18 21 5
9 11 1
14 18 4
3 8 5
10 13 1
12 15 6
18 21 8
10 14 2
5 6 4
13 16 7
9 12 7
11 15 4
8 11 3
6 10 6
17 22 8
17 20 8
17 21 9
2 4 2
0 5 4
7 8 2
17 21 5
16 18 8
8 11 5
20 23 9
22 1 9
20 23 4
18 21 6
12 13 7
5 8 2
17 19 6
0 2 5
13 16 2
23 0 9
20 23 7
4 9 1
4 9 8
9 12 1
1 5 1
8 11 6
2 5 3
18 22 2
12 14 6
22 2 8
2 4 1
23 3 7
19 22 1
13 15 5
2 6 2
9 12 1
1 2 6
10 13 3
6 9 3
23 1 2
