1100 15
1 4 6 3 10 3 10 8 8 8 9 7 8 5 10 
18 22 1
7 9 10
9 12 7
11 13 8
3 7 2
17 18 2
14 18 7
18 21 2
3 5 2
18 21 10
21 1 5
20 22 12
7 11 12
6 8 12
18 23 6
16 18 8
23 1 13
10 14 14
7 10 12
18 20 13
22 2 11
0 4 9
4 7 8
3 4 4
0 3 4
3 4 3
12 15 4
3 6 9
12 15 7
0 4 3
2 6 9
12 15 6
14 19 12
9 11 1
6 7 8
15 17 14
12 15 2
14 17 9
4 7 7
3 6 12
11 14 1
23 2 1
7 9 3
2 4 15
6 9 12
21 0 1
7 10 3
3 6 15
16 19 9
18 22 2
0 3 2
3 6 10
5 9 10
17 19 9
8 10 4
2 6 15
17 22 10
21 23 12
8 10 11
18 21 7
12 17 12
2 3 13
2 6 2
11 14 11
23 2 6
15 19 10
20 22 14
21 1 1
23 3 15
20 23 15
2 4 14
16 18 7
15 19 8
10 14 1
2 4 8
6 8 3
6 10 3
13 18 11
4 8 11
20 22 6
4 8 10
1 4 9
3 8 4
4 5 6
8 10 9
20 23 5
12 14 1
13 17 15
19 23 1
12 15 5
3 6 9
14 18 3
11 13 1
13 16 6
6 9 7
18 20 3
6 9 10
15 17 9
3 6 3
16 19 9
1 4 2
0 3 8
5 8 14
16 21 10
9 13 5
22 1 13
6 9 13
11 15 5
16 20 11
0 2 4
6 10 12
0 3 12
17 20 2
7 8 12
20 0 9
3 6 8
2 4 1
4 8 3
19 23 15
6 8 6
6 8 10
20 23 1
0 4 9
22 3 14
7 11 12
2 5 8
20 22 8
2 4 15
11 13 1
20 22 15
19 23 5
1 4 12
16 18 7
17 20 3
8 11 13
18 21 6
4 7 1
12 15 6
2 5 6
13 16 1
19 22 1
10 15 4
15 19 3
0 4 10
15 17 2
18 22 7
19 21 3
11 12 11
15 17 11
21 1 5
7 10 6
15 17 5
6 8 6
2 7 15
13 15 14
15 17 14
3 6 4
17 20 1
23 1 15
0 3 5
23 3 11
11 12 7
8 11 11
4 6 4
8 11 1
1 4 3
13 17 1
8 10 14
1 5 3
9 13 12
3 6 8
10 12 5
3 6 14
17 19 8
13 15 6
0 3 1
7 10 8
17 20 2
14 16 5
19 21 13
1 4 5
8 10 1
11 15 8
12 15 9
1 5 6
20 23 2
0 5 7
3 5 13
0 4 5
6 9 2
7 10 12
23 2 3
7 9 2
16 17 1
11 14 9
17 20 6
3 5 13
10 12 12
3 5 13
1 3 1
17 21 11
0 4 13
10 11 5
19 22 1
12 16 5
15 17 7
22 3 9
3 5 5
13 15 3
15 19 7
11 14 1
21 0 8
18 22 5
16 18 6
11 14 15
20 23 2
10 14 2
11 15 13
1 4 6
9 11 3
4 7 10
5 8 11
9 12 15
10 14 2
7 9 8
16 18 6
1 4 8
17 20 3
5 7 2
17 19 13
13 15 8
7 10 2
2 6 3
6 9 8
4 7 6
6 9 9
2 4 8
19 20 3
20 0 10
4 7 7
16 19 12
1 4 6
8 11 2
11 14 1
12 14 15
9 13 11
13 17 10
1 3 6
19 22 2
18 21 4
4 7 5
5 9 2
21 1 15
4 7 8
1 5 4
12 16 8
6 9 10
12 16 14
11 14 3
7 10 9
9 13 9
22 1 9
14 17 8
4 8 6
15 18 6
16 19 13
10 13 12
18 22 7
3 7 5
9 12 9
8 11 12
20 23 3
6 10 4
13 15 4
3 7 2
12 13 14
2 5 9
20 0 10
20 23 7
0 2 5
5 10 10
0 1 2
9 13 7
5 8 4
12 15 12
1 7 4
16 20 1
11 14 13
23 2 15
16 19 8
15 17 7
21 0 13
12 15 7
17 20 1
1 6 7
20 22 10
15 17 3
1 2 5
9 12 2
10 13 10
10 14 2
11 16 9
19 23 14
18 20 13
10 14 12
7 11 8
14 15 4
22 1 1
2 6 11
13 18 6
7 10 10
10 12 15
17 19 9
7 11 14
23 2 1
17 21 14
18 19 12
2 2 14
22 2 8
11 14 14
21 2 8
12 17 5
17 20 8
3 6 15
10 12 6
11 13 11
19 23 15
2 5 3
0 4 13
14 18 2
1 4 1
21 0 10
17 19 4
8 12 8
19 22 5
17 20 7
22 1 11
6 10 1
20 22 15
12 15 8
12 14 13
16 21 13
17 19 3
20 23 3
15 17 11
16 18 10
19 21 5
9 13 7
2 5 7
12 17 4
18 0 13
1 3 9
9 12 13
11 12 10
20 22 9
1 4 12
17 22 6
23 1 10
18 23 3
17 21 10
13 17 2
19 22 7
7 11 14
13 18 11
5 9 15
0 3 5
8 14 5
17 21 8
6 9 2
12 15 5
17 20 4
5 8 7
3 6 12
1 2 10
2 4 14
8 10 7
21 1 11
0 3 3
17 21 3
8 11 5
20 23 5
10 13 12
15 17 4
7 10 15
23 2 11
18 22 7
21 22 2
10 13 13
17 22 3
0 4 14
2 6 2
6 9 13
4 7 10
7 10 7
2 3 11
21 22 2
11 13 12
7 10 4
1 2 7
16 20 1
19 22 3
21 0 9
15 19 14
4 7 13
13 16 10
16 19 3
14 17 11
17 20 10
10 12 6
11 15 13
3 6 6
14 17 5
17 19 1
7 11 13
15 18 10
8 11 8
14 16 9
21 0 15
19 22 14
16 19 8
5 7 15
2 4 11
23 2 2
10 13 8
8 10 15
2 5 1
17 18 1
8 12 4
7 10 12
3 8 15
17 20 9
11 14 1
2 4 8
19 22 15
17 21 13
7 9 11
12 14 4
0 2 11
16 19 14
1 5 6
16 20 5
19 22 13
8 12 8
14 17 5
21 2 12
9 12 2
10 11 4
19 21 11
4 6 14
21 1 14
8 12 6
10 13 10
19 0 5
10 11 10
1 3 9
10 14 1
4 7 7
7 11 11
2 5 4
5 7 5
6 10 6
16 20 9
13 16 2
23 2 8
0 4 9
7 11 10
8 10 4
2 5 1
22 23 8
7 12 3
13 16 5
18 20 1
4 7 4
2 3 15
9 13 10
19 22 2
0 2 10
1 5 9
11 15 4
18 22 13
4 7 14
13 14 7
6 10 9
8 10 15
19 22 8
14 18 6
0 2 7
21 22 12
18 21 5
0 4 5
13 16 3
6 8 8
21 0 1
22 0 14
11 14 12
1 6 15
10 14 1
1 4 9
5 8 11
0 3 9
0 3 4
22 1 2
17 19 12
22 1 15
19 22 4
9 12 3
10 13 7
23 2 15
21 23 15
9 10 7
13 16 9
14 16 8
21 0 14
22 2 11
13 16 11
22 2 15
0 3 2
6 9 12
4 8 7
9 11 15
14 16 4
0 4 2
21 23 1
21 0 2
8 12 5
19 23 14
17 21 3
11 13 2
18 21 11
7 11 7
21 23 12
17 18 3
9 12 9
16 18 2
13 17 2
18 21 8
4 8 2
9 12 5
11 14 15
1 3 11
0 4 4
15 18 3
0 2 5
14 15 8
11 14 9
11 14 3
23 1 1
10 13 14
23 3 1
16 18 13
10 13 5
13 16 3
16 19 1
23 0 6
4 8 15
3 5 8
11 15 4
15 18 4
2 4 11
19 23 7
9 11 2
14 17 13
18 23 13
14 18 13
7 8 15
21 2 7
20 0 11
21 0 13
18 20 4
7 10 15
21 1 2
23 2 7
23 3 7
8 10 4
21 23 8
9 11 14
9 13 5
19 22 6
6 9 15
13 16 8
19 22 6
22 2 4
14 16 2
16 20 3
7 10 10
0 4 9
2 6 1
10 14 5
2 4 10
14 18 11
16 19 13
12 16 14
13 15 15
13 16 10
7 10 4
23 3 13
20 22 3
13 15 13
20 0 10
23 1 12
12 17 15
12 15 15
2 6 14
3 5 8
1 4 8
22 2 11
16 17 4
11 14 7
4 7 9
18 19 10
15 19 14
1 3 11
11 15 8
12 16 2
20 23 4
19 22 1
22 0 14
10 13 12
13 18 12
23 2 8
15 19 14
14 17 4
14 17 12
8 12 12
7 9 12
22 0 6
8 10 12
15 19 7
12 16 3
18 22 7
4 6 5
7 10 11
17 19 5
11 13 1
8 10 14
17 21 4
20 2 5
17 20 2
7 9 12
16 18 4
13 16 13
3 6 8
4 8 3
19 0 9
9 11 5
8 10 10
0 4 8
21 0 1
6 10 14
5 9 2
23 2 12
23 2 13
3 6 14
3 6 11
16 18 15
1 3 10
18 20 9
18 21 10
23 0 4
1 4 3
3 6 9
11 13 4
19 23 1
4 7 10
16 21 15
19 22 2
10 14 1
19 22 1
16 18 2
2 5 2
23 1 1
5 6 2
7 9 5
11 14 6
23 1 9
21 23 13
10 12 10
8 9 2
13 15 13
22 1 6
23 0 4
3 5 15
19 22 6
16 18 9
11 13 4
0 2 6
17 22 4
10 12 1
4 8 15
1 3 4
20 0 5
4 6 8
21 0 5
21 1 5
3 5 15
8 11 14
1 5 14
14 18 5
0 2 8
3 3 6
9 13 10
16 19 15
6 9 12
4 7 10
20 1 12
23 1 8
8 9 2
11 15 13
21 1 7
10 13 12
14 17 15
19 20 9
15 19 10
22 2 2
20 0 6
17 21 1
21 1 3
4 8 8
17 18 12
1 4 2
15 18 3
3 6 11
21 0 2
13 16 2
17 20 15
16 17 7
3 6 14
3 7 11
8 11 13
15 18 6
13 13 9
1 4 9
8 10 12
13 15 10
12 16 10
9 12 6
3 6 7
6 8 1
12 16 2
10 15 7
21 0 11
3 6 5
19 22 13
23 1 8
17 19 11
17 20 8
5 9 1
9 13 7
21 1 4
2 5 14
19 22 14
14 17 15
22 1 12
14 18 1
21 0 9
22 2 14
8 9 13
2 4 12
16 18 13
4 6 13
18 22 8
9 13 3
22 1 13
16 20 7
18 20 3
4 7 2
23 2 14
19 21 13
2 6 13
5 6 4
11 14 1
1 4 12
5 7 2
3 6 13
22 0 1
1 3 9
12 14 6
13 17 11
10 12 11
0 2 11
10 13 12
23 3 10
22 0 5
17 19 11
3 9 14
6 9 5
21 23 3
3 6 8
1 3 8
1 4 7
12 18 1
3 7 4
1 5 10
3 6 1
1 4 2
15 16 6
3 6 9
16 18 2
8 13 2
0 3 8
3 5 9
3 6 6
2 5 10
23 1 11
15 19 8
7 10 3
7 10 13
0 4 6
7 11 12
13 14 6
19 19 9
20 23 12
18 22 8
22 1 9
5 8 3
16 21 1
22 1 1
7 10 1
7 10 13
2 7 6
10 12 14
4 7 14
9 11 1
12 15 15
17 20 10
13 15 5
13 17 11
23 4 13
17 20 4
13 15 8
14 18 7
19 21 7
8 11 12
8 12 4
5 7 9
19 23 4
3 8 13
12 16 13
9 13 10
22 1 4
7 10 8
9 13 7
22 0 4
12 14 6
9 11 15
16 19 7
8 12 12
11 14 7
10 14 2
17 21 4
7 10 6
11 14 6
5 8 5
4 6 15
18 23 6
10 13 15
15 17 8
0 5 8
19 22 2
2 6 7
6 9 3
15 19 9
12 15 6
12 15 12
2 5 5
10 14 3
3 7 7
8 11 4
8 12 15
18 23 8
14 19 9
19 21 11
13 18 10
1 3 11
10 13 4
7 11 4
10 12 4
0 4 8
0 2 3
13 16 10
0 3 3
16 19 11
19 22 9
4 5 10
9 13 11
3 5 4
21 1 9
23 0 4
2 5 11
16 20 8
21 0 5
2 5 10
8 11 12
22 2 4
0 4 15
6 8 14
23 1 9
10 15 2
14 16 12
13 15 4
6 10 15
4 7 14
8 11 14
11 13 15
19 0 12
14 19 3
23 2 3
21 23 3
1 4 2
9 12 1
8 11 8
19 0 14
7 11 11
21 22 2
17 21 10
18 19 15
10 13 8
12 15 15
0 3 13
10 13 14
22 23 13
7 10 3
17 20 14
1 4 3
4 6 10
1 3 1
4 8 7
4 8 14
8 11 10
12 16 15
22 0 11
14 17 6
16 20 4
5 9 5
17 20 2
8 10 14
12 14 14
9 12 10
20 22 10
11 15 11
17 20 1
21 23 5
20 23 3
23 1 9
14 16 1
8 12 6
0 4 3
17 19 15
3 6 14
7 11 6
5 9 3
12 15 2
1 5 1
23 1 8
15 18 15
3 6 12
6 9 6
11 13 15
19 23 14
10 15 13
17 21 2
5 7 1
12 15 7
21 0 9
23 3 5
12 14 12
18 21 7
6 8 2
7 9 7
20 22 5
20 23 4
19 21 15
11 13 2
4 6 4
19 0 10
0 4 3
8 11 8
9 14 15
23 2 2
3 6 13
20 23 9
5 8 14
2 5 7
6 8 14
13 16 1
0 2 6
7 11 8
14 15 13
11 12 15
1 5 15
3 6 14
4 8 2
9 11 12
9 14 6
7 9 6
17 20 14
4 7 5
17 20 15
15 18 6
21 22 10
1 4 9
17 21 10
15 19 3
3 6 15
12 14 10
10 13 15
1 5 8
11 14 5
1 5 12
15 18 1
4 8 9
8 10 9
13 17 7
17 20 9
2 6 14
18 20 14
22 0 15
8 10 1
15 17 11
8 11 10
13 14 3
1 4 10
14 16 11
23 2 7
22 0 10
4 7 9
23 1 14
18 22 10
17 20 9
15 18 5
7 11 5
0 3 8
23 3 5
21 0 11
2 6 1
5 8 13
11 14 9
12 16 11
10 12 4
21 22 13
7 10 5
16 18 4
7 10 11
21 3 1
4 7 6
14 17 15
23 2 5
1 4 15
7 10 6
2 4 4
3 5 3
13 17 12
1 6 6
18 20 6
20 23 14
6 10 14
7 10 7
16 18 1
13 16 2
15 19 15
6 9 9
14 18 6
15 18 9
14 17 15
2 5 11
17 19 5
22 1 12
7 9 7
9 11 15
5 7 8
6 9 12
7 9 15
13 15 7
5 8 14
6 9 4
22 1 15
4 6 11
20 21 9
19 22 8
16 19 8
16 21 13
3 5 13
22 1 2
4 7 3
14 16 13
16 18 7
0 3 15
19 21 15
4 7 13
7 9 5
13 16 1
11 14 4
17 19 11
2 4 7
15 19 7
14 16 10
12 15 11
22 0 11
0 4 1
19 22 9
