150 18
10 4 1 7 4 6 2 8 6 6 5 4 10 4 3 8 9 8 
11 15 14
14 17 14
23 1 2
20 0 14
6 9 5
21 1 5
23 1 10
17 21 3
21 23 5
15 18 6
14 17 15
12 15 17
13 18 4
23 1 14
19 23 8
13 16 5
11 16 8
7 9 3
22 1 9
3 7 4
10 14 5
7 11 13
12 14 10
14 17 2
22 0 4
17 21 11
15 19 9
17 21 12
14 18 18
5 9 1
21 0 16
16 20 17
6 9 1
22 3 13
9 11 17
2 6 5
22 0 3
12 15 14
10 15 8
5 8 9
23 1 3
17 20 9
9 13 4
16 18 14
17 20 1
20 23 1
23 2 1
5 8 15
15 17 14
0 2 16
10 14 15
2 3 11
18 21 13
4 8 3
17 19 3
18 21 5
13 16 9
4 6 3
0 3 17
15 18 17
10 12 10
0 2 6
23 1 18
12 14 13
0 0 13
5 7 17
8 9 3
12 15 16
18 22 16
9 12 8
0 5 1
2 6 13
11 13 13
5 6 1
15 20 14
20 22 8
20 22 17
20 23 13
11 13 16
11 15 5
7 11 9
17 19 1
6 10 13
23 2 3
14 18 4
22 1 4
19 22 13
21 0 12
15 18 5
1 3 3
21 23 17
20 23 4
20 22 7
3 5 3
11 14 2
11 14 2
18 22 15
23 2 12
5 9 10
11 14 7
20 23 3
12 16 11
16 18 16
22 1 8
2 6 2
22 0 10
18 19 9
15 17 12
6 10 14
17 20 13
3 7 11
10 13 5
3 5 1
23 2 12
17 20 8
22 1 1
3 6 13
17 21 8
15 17 16
14 17 1
6 9 9
19 22 6
2 7 7
21 1 6
5 8 13
22 1 7
17 21 13
11 13 10
10 14 2
20 23 15
1 3 17
21 2 5
0 5 15
18 21 12
17 18 13
2 6 12
17 20 8
19 22 11
23 1 10
22 1 12
14 18 1
7 9 2
7 9 5
2 4 15
6 10 16
3 5 16
19 0 5
19 22 14
6 10 6
4 7 4
