1250 14
5 10 1 9 10 1 1 3 8 7 10 1 1 2 
0 3 2
17 20 9
14 16 7
12 16 7
17 18 6
6 8 10
19 22 10
8 11 10
7 11 8
9 11 6
4 7 14
10 14 6
14 18 7
9 10 3
6 9 2
22 1 6
14 17 1
23 2 4
23 2 10
15 18 1
22 1 6
3 6 13
6 8 2
11 13 5
21 0 4
15 18 8
1 4 5
12 14 4
4 7 3
1 5 12
18 20 8
14 17 9
14 16 5
9 12 2
14 16 11
7 10 11
14 16 12
1 6 9
15 17 10
2 6 7
10 14 10
2 6 2
16 19 11
13 14 4
22 2 5
4 7 13
3 5 12
22 0 8
8 11 13
22 2 10
9 10 13
7 9 3
17 21 10
1 3 11
11 13 1
0 4 4
22 2 3
0 3 9
14 17 1
1 5 8
9 12 7
18 22 1
19 22 5
10 11 11
13 14 14
2 6 11
6 9 1
23 4 12
21 0 6
21 0 1
0 3 1
1 2 7
11 13 4
6 10 6
0 3 6
9 12 13
4 8 14
9 12 1
0 4 5
15 18 4
1 5 8
15 19 2
10 13 3
19 20 9
4 7 7
12 15 4
14 17 7
20 23 11
6 8 6
15 20 5
4 8 10
21 23 2
10 11 12
12 15 9
15 19 4
4 6 11
0 4 7
0 4 4
16 20 1
9 12 6
17 21 8
18 22 7
5 9 8
7 10 5
10 12 5
8 11 2
4 7 4
15 19 3
7 10 8
1 4 7
19 23 14
17 19 7
20 0 6
1 5 2
16 20 2
18 23 4
0 2 4
13 15 14
23 3 12
9 9 2
2 2 10
12 15 8
21 0 14
12 14 8
23 3 7
0 2 1
18 19 8
19 21 7
7 8 4
15 17 12
17 20 10
12 13 11
3 6 2
6 7 7
15 20 10
18 21 11
12 16 2
15 17 7
17 20 5
12 13 6
3 5 2
14 16 1
7 10 3
23 3 1
16 18 7
23 1 3
22 0 3
20 23 14
9 14 14
7 9 12
22 0 7
19 23 13
11 14 6
19 21 3
6 9 10
9 13 3
13 14 11
19 23 12
4 6 3
3 5 14
19 23 13
5 7 2
4 6 12
0 1 14
21 0 5
6 11 14
2 5 10
21 22 12
18 22 13
7 10 3
9 15 13
4 8 4
19 0 5
8 10 4
6 10 12
14 17 12
10 13 8
16 18 13
0 2 2
8 10 5
14 17 14
10 12 8
4 8 6
3 9 12
19 21 1
0 3 2
3 7 7
1 5 4
19 22 4
6 10 6
21 1 11
21 0 2
1 4 1
18 21 3
15 16 12
7 12 4
10 12 12
13 17 1
17 20 8
22 2 4
21 0 7
16 20 1
22 0 12
11 14 2
3 7 8
0 2 3
0 3 1
21 0 1
1 3 7
0 4 4
1 3 14
1 5 13
5 8 13
10 12 12
10 12 14
10 11 8
15 18 1
19 21 9
11 15 6
7 11 8
3 7 13
7 10 3
14 16 7
19 21 3
18 21 1
22 0 3
21 0 7
1 2 10
13 17 1
2 6 1
8 12 1
9 12 14
22 1 10
7 10 4
0 2 5
0 1 2
5 10 8
15 18 8
5 7 6
20 23 5
15 16 4
11 14 3
20 21 11
5 8 2
22 2 2
20 23 2
17 22 4
10 13 12
8 11 11
7 10 9
17 19 8
12 17 14
19 22 12
2 5 2
8 11 5
7 11 8
2 7 7
11 14 11
13 16 5
21 1 14
8 11 1
10 13 6
15 17 10
10 13 3
9 12 3
18 22 2
21 0 6
5 9 1
8 13 1
14 16 14
20 21 2
13 16 3
13 15 8
21 0 1
14 18 10
13 18 10
5 7 13
8 12 11
19 22 9
8 11 7
12 14 10
23 2 13
20 23 1
5 5 1
17 20 1
8 9 2
4 6 1
8 11 8
17 20 12
20 22 5
13 15 4
15 17 8
17 23 14
20 22 8
12 14 12
7 10 1
5 8 11
0 6 10
5 8 10
5 8 5
1 5 13
7 11 14
11 14 7
12 16 10
2 5 11
7 9 14
16 22 8
3 6 6
16 19 2
10 13 11
1 4 1
5 8 12
15 16 8
3 5 4
10 14 3
5 8 4
5 7 5
22 2 13
16 18 13
9 12 2
18 21 10
23 1 2
14 18 6
2 4 11
0 3 9
13 15 9
21 1 2
8 11 14
14 15 6
12 15 9
1 4 4
0 3 6
19 22 4
15 17 7
17 20 4
16 19 2
20 23 8
9 12 6
1 3 10
13 16 10
1 4 13
23 1 2
23 3 13
10 14 3
20 0 6
20 0 1
3 5 12
1 5 10
21 0 10
11 15 4
11 14 6
4 8 5
21 23 6
12 14 9
4 6 10
20 22 14
8 12 12
15 18 5
7 10 10
4 8 3
18 21 6
8 10 6
15 18 7
0 3 14
22 0 12
8 11 12
15 19 14
2 7 11
7 9 6
8 12 12
7 9 2
3 8 12
5 9 2
17 22 1
22 0 7
23 3 2
0 3 10
7 8 13
14 18 14
3 7 1
4 5 8
5 9 5
3 5 6
22 1 12
15 19 9
1 4 4
15 18 5
22 1 11
4 5 6
22 1 3
0 3 12
9 10 11
18 21 7
6 9 13
1 5 2
3 5 13
20 23 8
1 5 8
15 16 3
3 6 5
22 3 13
21 1 5
6 8 5
22 3 6
4 8 11
2 5 5
3 7 6
10 13 14
13 14 12
2 5 13
3 6 6
16 19 2
16 19 11
11 15 4
20 1 5
5 9 11
10 13 13
15 17 7
23 1 5
0 1 14
1 4 12
22 2 14
18 20 6
10 15 8
6 8 2
2 6 5
20 21 4
8 13 8
6 11 5
8 11 4
9 10 14
7 10 12
6 9 4
0 1 1
19 22 1
20 23 11
7 11 10
5 6 8
0 3 3
19 21 7
15 18 9
2 5 10
0 3 4
16 16 6
22 2 3
23 1 4
22 1 14
23 2 9
22 1 4
15 21 4
13 17 10
9 13 4
4 8 10
19 21 12
8 10 13
10 14 5
17 20 1
8 12 5
21 1 6
18 21 9
9 11 8
10 11 4
5 8 14
1 3 8
9 12 7
5 8 9
19 23 6
2 7 11
1 4 9
10 13 10
22 1 11
22 3 12
21 0 2
4 6 5
1 5 5
22 2 14
6 11 9
16 21 11
2 5 12
2 5 3
16 19 1
4 7 8
3 7 10
21 0 7
11 14 1
23 2 6
1 3 4
7 11 13
23 2 12
11 16 11
13 17 9
21 0 12
21 23 7
20 23 5
18 23 14
10 14 12
14 17 10
23 2 14
21 0 4
10 13 10
6 11 12
4 6 2
4 7 1
0 2 8
10 13 5
12 14 6
13 16 10
11 14 13
22 23 9
2 4 2
23 1 1
13 17 13
17 19 11
14 16 9
15 18 6
22 2 8
2 5 7
0 0 10
23 2 11
1 4 13
20 21 3
16 20 5
21 0 12
1 5 12
19 23 2
20 22 4
10 13 5
23 2 6
22 0 13
16 20 9
17 19 3
10 12 4
23 1 2
0 3 5
13 16 2
20 1 1
5 7 11
8 11 4
3 6 7
7 8 10
14 19 2
14 18 4
22 1 2
18 19 3
5 8 1
9 13 1
21 22 3
22 2 14
12 14 2
23 0 9
19 22 14
12 16 8
12 15 8
21 1 12
11 14 14
18 23 1
16 19 7
8 11 5
6 8 2
11 14 8
11 14 9
14 17 13
7 10 2
3 6 9
0 3 2
1 4 8
13 18 10
18 21 7
12 15 7
13 16 4
23 1 6
11 14 10
13 15 7
6 9 3
4 8 6
22 1 14
3 6 3
9 11 8
17 20 2
5 9 3
3 4 14
22 2 3
16 18 2
4 7 10
17 20 11
1 3 8
19 22 8
18 21 9
14 17 6
14 17 7
4 6 6
6 7 1
23 3 3
9 12 4
22 1 9
22 1 3
0 2 5
1 4 7
18 22 7
10 11 9
16 18 4
23 1 11
11 14 5
23 1 5
7 11 12
1 3 9
8 11 9
1 3 13
18 22 9
20 23 7
16 18 13
14 15 8
20 23 4
1 4 9
9 14 1
0 3 13
13 17 2
4 6 2
21 23 5
7 10 13
7 9 11
7 11 8
15 19 13
19 23 9
2 7 7
11 15 4
14 16 5
16 20 13
13 17 10
13 16 6
12 14 2
1 4 14
14 17 3
2 5 14
23 1 6
16 19 3
13 16 14
10 15 11
11 13 10
9 12 13
4 7 10
14 18 3
13 16 9
10 15 8
10 11 4
18 21 4
20 1 13
4 8 12
0 3 8
10 15 5
22 0 13
20 23 3
9 11 8
16 19 8
14 16 6
23 1 6
4 5 13
4 8 11
13 16 11
23 4 4
4 8 9
9 12 5
14 16 10
4 6 6
20 23 4
7 10 13
20 22 6
14 17 11
10 13 4
13 16 8
20 23 3
10 14 11
1 5 1
8 12 3
5 9 4
4 6 12
23 2 2
2 5 12
3 6 10
21 21 11
15 17 4
3 5 2
1 5 9
9 12 6
21 0 13
13 16 7
9 13 14
1 3 4
2 5 5
8 11 2
10 14 11
16 21 7
1 2 14
10 13 2
17 21 10
23 1 11
23 2 4
8 10 7
20 23 8
8 11 9
19 22 5
0 2 7
17 19 9
14 16 3
4 7 10
4 8 1
6 10 5
23 3 14
6 9 6
18 21 14
15 19 6
17 20 13
2 4 6
21 23 4
10 11 10
12 15 10
6 8 8
2 5 9
23 1 10
12 16 11
1 2 14
16 19 6
11 14 4
2 4 5
4 7 1
19 22 3
15 19 13
2 5 13
21 1 4
9 12 1
14 16 3
1 3 1
1 3 8
11 15 13
23 1 14
8 9 1
18 22 5
5 7 6
9 11 4
15 18 11
17 19 4
1 3 2
1 3 9
21 23 2
10 12 9
2 5 12
12 15 8
10 12 3
21 23 8
4 8 13
12 14 6
17 19 2
13 15 10
3 6 1
11 15 12
14 16 5
23 2 3
23 3 1
4 8 11
12 15 3
19 21 14
2 6 13
4 8 2
17 20 3
10 13 6
19 23 7
9 11 5
19 21 14
11 15 1
0 3 9
21 1 3
11 14 11
6 10 7
2 7 7
7 9 12
18 21 1
9 12 4
7 10 12
2 3 8
18 22 5
11 13 10
3 6 11
9 12 1
4 8 9
13 17 3
12 14 12
8 9 5
10 12 10
16 19 11
23 4 2
13 14 12
7 10 13
11 15 14
6 8 3
17 19 1
6 10 6
14 15 7
2 6 4
21 0 7
5 9 3
7 10 6
12 16 7
14 17 13
7 9 6
1 4 5
11 14 14
14 17 1
0 2 4
17 19 9
1 4 8
8 12 9
1 3 3
0 2 10
20 0 7
5 7 7
9 12 2
16 20 4
15 18 13
16 16 7
1 5 1
23 1 9
5 8 13
19 22 2
12 14 14
17 21 9
20 21 14
23 0 2
6 10 4
23 4 12
7 10 12
1 5 12
7 11 9
2 4 8
23 3 8
17 19 14
0 3 2
18 21 6
22 0 6
1 7 9
1 5 13
2 5 14
3 8 4
5 8 8
5 8 5
2 4 10
21 1 4
5 8 6
20 0 12
12 15 14
14 18 14
6 9 6
11 14 10
12 17 2
5 7 10
11 12 11
19 20 14
5 10 1
23 2 4
12 15 13
0 3 9
17 19 5
7 10 2
22 0 10
18 20 7
23 2 2
1 3 3
14 16 5
11 14 10
9 13 7
0 3 10
11 13 4
2 4 4
17 20 3
10 14 12
13 15 4
1 3 4
23 1 13
5 8 8
3 7 5
20 22 9
10 13 13
3 5 9
19 21 14
16 17 5
1 4 12
1 2 14
1 5 5
7 9 6
13 18 14
10 14 2
2 4 7
2 4 14
22 0 9
22 0 5
3 4 6
8 12 7
1 4 13
6 7 8
1 4 2
15 17 12
6 9 9
18 20 13
12 14 3
20 23 10
2 5 10
19 21 3
6 8 5
22 2 4
14 17 4
4 6 12
1 6 12
17 20 10
3 6 4
3 5 6
16 19 7
9 12 13
3 8 2
7 10 8
22 2 10
13 15 13
19 23 2
16 19 11
4 7 13
5 8 5
5 7 9
0 2 1
19 22 3
4 6 8
15 17 1
19 23 12
23 4 4
12 17 13
0 4 9
21 1 1
22 1 5
18 22 2
14 17 1
5 8 3
20 1 12
13 17 8
18 21 12
2 6 9
22 2 4
19 22 1
3 6 9
12 15 11
7 11 8
12 18 10
5 7 1
19 0 13
5 8 6
21 0 1
22 4 2
23 1 2
23 2 9
3 8 6
4 8 6
9 14 10
11 15 1
21 0 13
19 21 11
4 7 10
2 5 9
21 1 4
15 20 11
9 12 11
1 3 13
6 8 3
18 22 7
21 0 1
11 13 14
15 18 3
1 4 1
23 2 14
17 18 1
1 5 3
7 11 12
11 15 8
13 16 3
21 0 13
18 20 10
17 18 11
1 5 13
15 17 9
11 15 4
21 0 3
23 2 1
1 2 6
21 1 4
0 3 12
18 21 3
16 20 14
17 21 4
19 0 12
4 7 10
2 3 5
7 10 10
10 14 11
2 5 6
16 20 9
4 8 3
20 0 8
20 0 14
21 0 1
8 10 10
3 4 1
6 9 3
6 9 8
23 0 10
7 9 10
5 7 9
16 19 7
10 14 8
1 4 13
8 11 7
13 16 4
4 9 11
20 21 8
7 10 8
4 7 9
10 14 11
21 0 7
1 3 4
21 22 13
6 11 6
14 17 4
17 21 14
11 13 9
22 0 11
9 13 6
14 19 9
8 11 9
21 0 1
23 1 5
13 16 12
1 2 8
22 1 14
17 22 3
10 13 12
19 23 6
13 16 4
16 20 5
16 19 12
5 6 13
20 20 8
20 23 7
9 11 5
8 12 13
1 7 11
22 23 3
0 1 4
13 16 14
1 3 8
13 16 3
15 18 12
18 20 10
7 10 14
17 20 12
23 1 5
23 1 9
10 14 11
13 16 13
5 8 11
22 2 3
18 20 14
21 23 10
19 23 1
22 1 3
18 22 13
16 19 7
3 7 14
15 18 7
6 9 4
8 10 11
12 14 14
23 2 3
0 3 4
12 14 7
14 18 5
13 17 6
4 7 6
21 0 1
16 20 7
20 0 12
22 2 11
16 19 13
22 2 10
20 22 9
9 13 9
14 16 10
23 1 10
14 16 11
1 3 6
11 15 5
22 1 14
6 10 13
6 9 5
19 22 11
2 5 10
13 17 12
15 19 6
14 18 6
23 3 12
10 13 14
11 14 13
3 6 2
14 17 2
11 14 10
2 6 13
2 6 6
7 10 13
8 10 6
6 10 1
18 22 6
23 0 7
1 4 9
22 1 14
8 12 14
2 5 7
11 14 13
10 13 2
20 23 12
6 8 2
4 7 13
10 13 12
11 13 12
23 1 14
1 6 8
12 14 12
3 7 5
4 7 7
16 17 5
14 17 7
23 3 12
19 23 4
6 10 13
11 13 7
1 4 1
0 3 11
13 19 9
2 5 7
12 16 2
9 14 11
17 21 8
2 6 6
6 9 6
7 11 13
4 7 6
2 5 6
14 18 14
10 12 1
1 5 1
8 11 1
7 11 5
5 8 4
21 1 1
20 23 1
2 5 4
4 5 7
5 9 5
5 8 4
17 19 4
10 12 9
4 8 6
10 12 10
15 20 10
21 2 3
4 7 3
21 0 6
21 23 2
1 5 11
1 3 12
12 15 10
1 4 8
2 6 10
10 11 3
3 6 5
10 13 6
10 13 13
20 23 7
12 14 11
23 1 13
1 4 9
9 13 13
8 10 12
23 2 14
0 2 5
10 13 4
10 14 11
9 12 4
13 15 12
1 3 2
3 6 6
14 19 14
8 9 12
8 10 8
18 22 2
16 21 7
23 1 5
2 4 1
13 16 11
10 12 11
12 15 1
13 17 5
10 14 6
21 23 4
21 1 7
20 0 12
14 17 8
16 20 1
17 20 2
0 4 11
18 22 9
6 10 13
13 15 5
5 8 14
8 11 8
23 3 2
6 8 1
20 0 5
21 1 9
1 4 13
3 6 6
3 6 14
20 1 11
5 9 6
14 18 12
14 16 8
7 10 7
19 21 13
10 15 9
16 19 4
21 0 4
22 2 5
23 0 12
23 2 1
15 19 8
0 3 6
2 6 6
0 1 9
9 10 8
7 11 4
13 16 3
3 6 14
14 19 11
9 11 12
8 12 7
18 22 8
18 21 10
19 22 8
