900 5
5 2 5 4 4 
2 6 2
17 18 2
10 14 4
14 19 2
22 0 1
17 21 5
5 10 1
18 23 1
1 4 4
18 20 3
1 5 1
15 17 2
10 13 2
3 6 1
13 16 5
5 7 3
5 6 5
22 2 5
7 11 4
17 20 5
5 8 1
20 23 5
0 2 4
16 20 1
3 7 3
14 16 1
14 16 3
3 7 4
10 14 4
21 23 2
20 22 2
20 23 3
6 9 1
1 5 5
16 20 1
2 7 2
16 19 5
1 3 4
15 17 4
23 3 3
23 1 5
13 16 3
17 19 2
19 23 5
5 8 2
12 15 3
0 4 5
22 23 5
3 7 1
23 4 1
8 12 2
6 9 3
13 16 3
4 7 2
13 16 5
21 2 5
10 13 1
12 17 3
9 12 3
2 4 5
16 19 5
8 11 3
1 5 2
23 2 4
15 21 1
16 17 1
20 23 2
13 16 4
13 15 2
1 4 2
20 23 3
11 14 3
12 16 2
3 6 5
17 21 5
1 4 3
12 15 5
16 19 5
16 21 5
10 14 2
23 1 4
23 3 1
0 3 3
0 3 4
5 8 3
19 21 5
21 0 3
5 9 3
17 20 2
23 2 3
16 19 3
13 16 1
21 1 5
7 10 1
0 3 5
4 6 5
18 21 5
9 12 5
23 2 5
23 2 4
10 14 4
16 20 2
19 21 5
21 23 1
18 21 2
1 3 1
15 17 4
3 8 1
17 20 5
8 12 4
23 2 3
23 1 4
4 6 4
22 1 1
0 1 1
6 8 1
6 10 1
20 0 3
17 20 1
20 1 1
19 21 5
2 6 2
3 5 1
16 19 4
1 4 1
5 7 1
12 16 1
5 7 5
7 11 3
15 16 5
15 18 4
3 4 3
13 18 3
0 2 1
5 7 1
20 23 1
6 10 1
12 14 5
13 16 1
8 11 3
0 4 1
20 22 1
13 18 3
11 13 2
3 6 3
13 16 2
13 16 1
5 6 3
12 13 1
16 18 1
6 10 2
5 8 2
5 7 2
14 18 2
1 3 5
2 5 1
22 0 3
18 20 1
6 9 4
14 17 5
4 7 2
16 21 2
21 2 4
11 16 3
7 9 5
4 9 1
6 10 3
4 5 2
14 17 4
8 9 3
0 2 4
5 8 2
14 17 3
0 3 4
18 21 1
23 1 1
3 4 2
8 12 5
20 22 3
22 0 4
4 9 4
1 4 5
1 4 2
1 5 3
8 11 3
12 15 5
19 22 5
17 21 5
5 9 4
11 14 4
4 7 1
13 19 4
17 20 5
10 14 3
20 22 4
5 8 3
0 4 4
21 22 5
9 12 5
10 14 3
10 14 1
23 2 5
18 21 2
22 1 4
0 5 3
19 23 3
0 2 2
0 4 5
9 12 1
17 20 3
0 2 5
18 22 4
6 8 2
11 14 5
1 6 1
19 23 5
11 13 4
17 19 1
19 21 5
7 10 5
9 11 3
5 9 5
19 23 4
8 12 5
11 14 3
23 1 5
12 15 2
7 9 2
8 11 5
16 20 4
17 21 1
14 16 3
10 13 5
10 12 5
16 19 2
17 21 5
2 4 2
6 8 3
20 0 5
11 15 5
22 0 2
7 11 1
2 5 3
2 5 3
17 21 1
22 2 3
13 15 1
22 2 1
14 17 5
23 3 5
19 23 1
22 0 4
22 2 5
5 8 2
6 8 2
14 17 1
14 15 4
7 9 5
21 1 1
10 13 2
6 9 5
2 3 5
18 20 5
2 6 1
21 23 5
20 21 4
5 6 1
18 21 3
1 4 2
10 14 4
0 4 3
9 12 2
15 18 4
23 2 5
3 6 3
19 21 5
20 23 3
23 1 3
10 13 4
1 1 1
13 17 1
15 18 3
20 21 4
10 13 2
10 13 1
2 7 1
4 7 3
16 20 1
21 22 5
13 14 4
8 10 4
7 12 1
7 10 5
7 10 5
21 23 5
6 8 1
6 10 5
6 9 1
3 8 3
19 20 3
6 10 1
5 9 1
14 16 3
13 16 3
9 11 3
21 23 5
21 23 3
19 22 4
6 9 1
15 19 5
23 4 1
16 18 1
6 7 3
17 18 1
14 16 1
14 17 5
13 15 4
14 17 4
21 1 1
17 20 1
18 22 5
16 20 3
0 5 2
22 0 1
4 7 1
22 3 3
3 5 5
0 4 1
13 18 5
14 17 2
10 12 3
5 8 1
16 18 2
7 10 3
14 18 4
20 22 3
17 21 5
8 13 4
1 5 3
11 13 2
16 20 3
19 23 3
12 15 3
19 0 1
19 21 3
0 4 2
3 7 3
3 7 3
15 19 5
6 8 3
14 18 4
15 18 2
0 3 5
14 16 4
5 8 5
19 23 1
2 6 5
1 4 4
6 10 4
5 9 3
17 20 3
20 1 5
18 21 1
14 17 3
6 9 1
12 15 4
20 23 1
16 19 2
20 23 5
20 21 5
19 22 4
9 13 2
12 16 2
0 4 5
5 8 5
5 7 3
21 0 4
16 22 5
22 0 4
12 16 5
7 9 3
3 6 2
23 2 3
16 19 2
11 14 2
16 18 1
15 19 1
17 20 3
8 11 3
22 1 4
2 7 3
2 6 2
12 14 2
11 14 1
1 5 4
13 16 4
10 13 4
23 2 1
19 22 2
4 7 2
3 6 5
13 16 2
22 2 3
23 3 2
8 11 3
20 23 5
0 3 3
17 19 1
7 11 5
1 6 4
9 12 1
1 2 3
18 21 5
17 20 5
1 5 5
13 16 2
14 17 5
9 14 3
22 2 4
17 19 3
12 15 1
17 20 5
17 20 3
12 15 2
3 6 5
6 10 3
18 22 1
15 16 5
0 2 4
3 6 3
17 19 2
23 2 5
8 11 1
8 10 4
22 1 3
17 19 5
19 22 3
3 6 2
9 14 2
14 16 2
2 4 2
5 9 4
4 6 5
6 10 5
20 23 2
0 4 5
19 23 4
13 17 2
4 8 4
11 13 5
7 10 3
1 4 1
19 23 3
17 19 1
0 4 4
0 2 3
22 4 2
21 2 3
2 5 1
13 16 1
8 11 5
4 8 2
12 14 1
0 2 4
15 19 2
2 6 1
21 0 3
14 17 3
23 2 4
19 23 1
7 10 1
10 14 2
15 18 4
17 21 4
13 17 5
3 6 3
13 15 3
8 11 4
5 7 2
4 7 1
10 10 1
19 23 3
22 0 1
17 20 4
14 18 4
16 19 1
17 18 4
8 11 2
19 22 2
0 3 5
21 0 3
19 23 5
18 20 4
0 2 3
3 5 5
23 1 1
8 9 3
6 7 5
17 21 2
20 23 2
5 7 3
23 3 2
19 23 2
11 13 4
16 21 5
11 14 1
16 19 5
12 15 2
6 10 4
12 15 3
15 19 2
12 14 2
14 16 1
19 23 4
20 0 2
20 0 4
4 7 5
6 8 3
13 16 2
5 10 4
23 1 1
20 22 2
22 1 1
12 15 4
4 8 4
9 11 1
9 12 3
6 10 5
2 6 2
7 10 1
15 17 5
11 14 3
11 15 2
7 11 2
15 18 3
2 4 4
18 20 3
0 1 1
5 8 3
9 14 1
9 12 3
8 12 5
20 22 5
11 13 3
9 12 3
6 9 3
15 17 2
3 5 4
5 8 3
8 10 1
12 14 3
18 22 2
20 0 5
3 6 5
10 12 2
8 9 5
3 9 2
13 16 5
3 6 5
7 11 5
1 4 2
16 18 1
8 9 4
9 12 4
8 11 2
2 5 3
4 6 4
13 18 2
3 6 1
12 15 5
12 15 2
4 7 5
18 23 1
8 12 4
0 2 2
22 1 5
17 20 4
1 3 3
5 8 1
2 5 5
21 0 4
4 6 2
23 3 4
11 12 1
9 11 3
12 16 2
11 13 2
16 19 3
15 19 1
7 9 5
12 15 1
15 19 5
11 14 3
17 20 2
20 23 2
14 16 3
8 11 3
15 18 1
0 3 5
21 0 3
21 23 5
0 4 4
2 7 1
14 16 4
7 10 4
6 10 1
23 3 2
19 22 2
16 18 1
21 0 1
2 4 4
21 23 2
8 10 3
4 7 4
14 17 5
8 12 2
15 17 2
18 22 1
13 16 4
10 13 4
3 6 1
13 16 2
13 16 3
20 22 1
14 17 2
18 19 4
5 7 1
0 3 5
6 8 3
1 4 5
8 12 1
21 0 5
9 12 2
3 6 4
14 19 2
5 6 5
13 15 1
20 23 4
6 8 3
22 1 5
16 18 2
23 2 1
15 17 1
21 23 2
3 6 4
12 16 4
0 4 4
2 5 4
2 5 1
14 16 5
21 2 3
21 1 1
18 21 2
4 8 5
11 15 3
9 11 5
8 11 3
4 7 4
2 5 1
18 20 2
22 1 5
2 5 2
6 12 5
4 8 2
20 23 2
9 14 2
21 0 3
3 6 1
0 2 5
7 11 1
10 12 4
2 4 2
19 22 5
13 17 3
3 6 2
11 13 2
7 10 4
0 4 4
20 23 4
17 19 4
22 1 2
11 15 4
8 13 3
19 22 4
1 5 2
12 15 1
10 13 1
13 14 4
1 6 4
11 15 3
21 1 3
17 21 5
7 11 3
5 7 4
8 11 4
14 15 3
22 23 4
0 4 5
14 16 5
20 0 2
14 18 2
16 19 5
14 17 3
1 6 3
13 15 3
20 23 2
6 9 4
14 18 5
14 18 2
0 3 5
0 4 4
17 19 4
11 14 1
12 15 4
21 1 5
21 23 2
20 23 5
12 16 4
12 14 2
0 4 3
7 10 4
18 20 3
19 22 2
2 4 1
17 19 4
10 13 1
3 6 2
20 0 4
21 0 2
14 17 4
23 2 4
12 14 5
1 5 3
14 17 5
6 10 2
6 9 4
5 8 1
0 4 4
11 13 1
12 15 1
6 9 4
12 17 1
14 18 5
16 20 1
6 10 1
13 18 1
22 2 1
7 10 1
16 20 1
18 20 5
17 19 4
21 0 3
4 7 3
23 4 5
22 23 5
7 10 3
16 21 3
0 3 2
11 11 4
23 3 2
10 13 5
12 17 1
9 12 2
21 23 2
11 13 1
13 17 4
17 19 3
22 2 1
12 14 1
1 5 3
9 13 2
14 17 4
20 23 4
12 15 5
10 12 3
17 20 4
13 16 3
10 13 1
20 0 2
3 6 3
17 21 3
6 9 3
6 8 5
2 7 3
1 4 3
6 9 3
19 23 1
6 9 5
4 6 2
20 21 2
11 12 4
0 4 4
20 1 4
13 15 2
6 10 2
23 1 4
3 7 4
1 4 1
17 19 5
15 18 1
8 12 3
12 14 1
8 11 1
0 3 2
8 12 5
4 7 5
19 20 1
18 22 5
16 19 5
12 16 4
18 21 5
16 19 1
18 23 1
2 6 3
16 20 4
0 2 1
0 4 5
5 7 3
8 10 2
9 11 2
17 22 4
10 12 3
20 0 2
14 17 5
3 6 2
23 1 2
14 17 2
6 8 3
16 18 5
8 11 5
6 8 1
22 2 1
22 2 4
14 17 4
18 21 1
23 2 4
21 0 1
10 13 3
22 1 4
16 19 5
4 7 2
5 6 1
8 12 4
11 14 4
11 15 3
1 5 3
18 21 1
13 17 3
13 16 4
9 12 3
0 4 3
2 4 2
1 4 1
18 21 2
18 20 2
5 10 1
22 3 2
5 8 5
17 21 3
12 14 1
15 19 3
13 16 2
17 19 3
9 13 4
14 17 4
22 0 1
16 19 5
16 19 5
6 8 1
5 9 5
1 5 5
21 22 2
23 1 2
16 19 5
19 22 3
12 16 3
20 22 5
20 22 3
9 13 1
13 14 1
9 12 2
15 17 1
9 12 5
19 23 1
1 5 2
7 10 3
12 13 3
0 3 3
21 0 4
16 18 1
1 2 1
3 7 4
8 11 2
20 22 1
10 13 3
7 10 1
13 18 3
3 7 4
13 18 5
10 15 4
