350 14
2 4 7 3 3 4 6 1 4 8 8 3 6 3 
22 23 9
2 3 14
11 16 13
7 9 3
9 13 4
2 5 3
18 22 9
19 22 6
4 7 14
19 22 1
9 12 5
0 3 12
15 20 12
12 12 7
6 10 3
0 2 8
8 11 13
4 6 5
23 3 9
7 11 1
19 23 3
5 8 6
11 15 9
15 18 13
16 20 7
0 2 9
5 8 12
22 2 5
4 7 13
22 0 9
7 9 1
5 6 14
20 22 7
10 13 10
12 14 8
20 22 10
9 11 14
21 0 10
22 2 2
3 8 5
0 3 3
13 18 4
13 16 13
22 1 3
1 3 14
14 16 5
17 20 4
19 0 9
9 12 9
9 12 4
22 1 13
7 9 10
17 19 8
18 19 5
5 9 8
13 18 10
4 6 8
8 11 8
19 22 9
6 10 5
23 3 14
16 21 4
19 22 8
23 2 13
3 6 10
7 9 14
6 9 11
13 15 3
20 0 11
5 7 11
20 23 12
6 10 13
3 6 9
3 6 6
19 23 7
22 0 5
7 11 14
3 5 3
2 4 13
10 14 12
2 5 2
2 3 4
12 14 7
20 21 7
14 18 10
20 23 5
19 21 1
8 12 1
14 16 6
6 12 14
10 14 13
11 14 8
5 7 6
22 0 11
19 22 4
9 12 1
14 18 6
12 14 10
4 10 13
23 1 13
10 14 3
10 14 10
0 4 11
16 19 5
21 23 9
6 9 12
13 17 7
11 13 8
16 18 14
2 5 10
19 21 13
5 9 1
12 15 11
13 16 5
22 0 10
9 14 8
10 13 14
6 11 2
3 5 2
5 8 13
16 19 13
9 11 5
18 20 7
12 17 14
19 22 10
9 11 3
6 8 13
15 17 8
19 22 10
5 8 1
18 22 1
12 16 3
21 23 11
2 5 14
5 9 13
3 6 6
7 9 10
18 21 10
1 4 9
11 13 12
16 20 10
22 0 1
10 11 7
14 18 2
16 20 2
12 16 9
4 7 2
9 11 8
18 21 10
19 23 2
0 3 11
6 9 3
5 7 4
2 3 3
4 7 11
3 7 6
13 15 6
10 12 2
11 15 3
18 21 13
18 22 14
8 10 10
20 22 4
23 2 3
22 0 10
18 20 9
17 19 1
3 6 7
13 16 5
19 22 14
3 5 5
0 2 4
10 12 4
20 22 7
20 22 7
11 12 9
7 9 14
23 3 9
9 12 1
11 13 7
20 0 10
22 2 11
9 11 10
20 23 7
17 21 9
1 3 5
10 12 6
9 10 9
0 3 1
4 6 9
21 0 6
7 10 11
8 12 4
21 2 4
12 14 2
8 11 1
16 18 1
2 4 2
21 22 14
13 16 9
21 1 2
2 3 11
4 7 8
12 15 12
9 13 12
5 8 10
21 0 11
12 17 1
18 19 4
5 8 8
3 6 4
23 2 3
2 5 3
14 16 6
14 17 14
20 23 13
19 23 13
2 4 4
20 22 12
20 0 10
6 10 7
17 21 7
0 4 11
22 0 4
6 8 2
21 23 6
18 22 13
11 14 7
0 4 14
3 6 3
21 0 10
22 0 3
8 9 9
8 10 2
16 19 10
1 6 5
3 7 6
2 5 12
1 3 2
17 20 12
18 20 9
6 9 7
17 20 3
13 15 9
9 13 9
5 8 6
11 15 1
22 3 8
5 10 13
9 12 7
17 19 3
21 23 5
17 21 8
20 23 8
18 22 2
22 23 11
20 22 12
23 2 11
2 6 5
8 10 5
9 13 4
17 21 5
7 9 10
20 23 12
13 14 1
10 11 4
2 5 2
8 11 14
8 12 9
3 7 14
3 6 11
19 21 2
14 19 4
20 0 13
8 12 4
17 20 14
5 10 8
6 9 8
4 8 3
7 9 4
9 14 7
13 18 10
20 22 2
5 7 11
1 2 4
12 15 6
19 21 6
14 16 13
6 9 5
1 6 2
1 4 6
18 21 4
20 23 3
1 3 7
7 9 13
20 21 3
22 2 7
19 22 11
0 3 8
7 10 9
21 23 10
19 23 9
7 10 2
19 22 7
13 16 8
22 23 10
5 7 12
4 7 7
20 22 7
5 9 1
5 9 11
22 0 10
6 9 3
13 17 11
4 8 14
14 17 6
10 13 7
5 9 14
4 8 8
19 21 2
9 13 10
8 12 10
17 20 7
6 10 13
8 11 5
6 9 12
7 8 6
3 7 12
17 22 8
7 11 11
18 20 6
23 1 11
7 11 8
23 4 1
20 23 2
10 11 5
23 2 13
15 17 13
13 18 3
17 20 10
17 19 1
4 5 4
11 14 13
18 22 10
16 18 13
1 5 14
1 4 9
15 19 2
17 22 5
12 14 12
