150 6
1 3 1 7 3 5 
22 2 2
9 11 3
16 18 3
4 8 2
18 20 2
19 23 1
21 1 6
5 9 4
23 4 4
16 19 1
15 18 6
10 14 4
22 1 4
9 13 2
4 8 1
17 19 1
15 20 2
16 18 6
1 4 2
11 14 3
6 10 4
14 17 2
21 0 4
16 19 2
8 11 1
17 22 1
2 7 5
12 15 1
6 9 3
11 13 5
2 5 4
11 11 4
13 16 2
21 1 5
21 0 3
18 21 1
0 3 5
2 4 1
13 16 5
12 15 5
0 4 5
21 23 5
13 15 5
4 8 6
14 16 3
8 13 2
4 6 6
11 15 2
3 8 2
11 14 3
4 8 2
15 17 6
5 7 2
12 14 6
16 19 4
1 5 3
16 20 6
10 12 4
2 6 3
11 13 2
8 10 2
16 20 6
6 10 1
20 23 2
9 12 2
19 23 5
23 4 5
16 21 5
16 18 5
18 20 5
19 22 3
16 17 3
10 13 2
11 15 4
5 7 6
0 3 2
16 18 2
22 1 6
4 7 5
18 20 4
0 2 4
16 18 6
19 22 2
11 13 5
13 17 5
4 6 4
19 22 5
17 21 4
18 22 3
11 14 6
1 6 3
9 10 4
0 2 5
5 7 3
17 20 2
3 8 6
23 2 3
2 6 6
0 4 3
4 7 1
0 4 1
9 13 3
0 2 5
17 20 1
5 9 3
3 6 4
1 5 2
7 9 1
11 13 5
22 0 5
14 17 2
8 10 6
4 8 6
5 8 3
9 11 5
4 6 2
13 17 2
18 20 5
11 13 6
2 5 2
11 15 2
21 23 6
7 11 4
1 4 1
5 7 3
11 13 3
22 1 4
18 20 2
9 10 2
8 9 3
9 13 3
22 1 1
15 18 1
3 7 5
11 13 3
5 8 2
12 17 2
13 17 2
3 8 2
13 17 6
4 7 4
12 15 5
20 23 3
5 9 2
20 0 3
1 3 4
9 12 5
22 23 6
23 1 3
13 17 6
