1400 16
9 6 10 1 8 6 7 9 6 9 7 6 9 8 4 10 
8 10 15
21 1 3
21 22 4
3 5 14
7 13 4
9 12 5
0 3 16
6 10 5
23 3 6
20 23 14
5 9 6
11 15 10
7 8 1
9 13 8
3 5 13
12 15 9
7 11 3
21 23 4
15 19 1
13 16 4
12 14 11
5 9 4
16 20 12
16 19 2
10 13 9
6 8 16
22 1 6
1 3 14
6 9 4
22 3 7
10 12 4
1 5 14
17 21 4
22 0 16
17 19 7
4 6 2
21 2 13
12 15 9
10 14 9
9 11 2
17 21 9
19 22 5
16 20 15
3 6 14
8 10 6
16 20 15
20 22 2
8 11 10
20 23 15
15 19 14
6 9 8
16 17 8
3 7 16
1 4 12
0 2 15
2 5 3
3 5 14
22 1 3
20 0 15
19 21 7
23 3 14
2 5 10
12 14 9
13 16 5
0 3 9
22 0 15
9 11 12
19 22 6
13 15 1
17 22 12
15 19 16
7 11 3
13 18 14
4 8 13
4 8 9
14 16 15
5 8 14
23 2 8
3 6 13
18 20 4
21 22 4
5 8 5
13 16 11
9 12 14
13 15 12
11 12 2
6 9 12
10 15 4
7 10 9
3 7 4
15 19 4
5 10 15
17 20 10
11 14 3
5 8 8
0 3 11
3 5 15
10 13 14
6 9 2
10 13 11
2 6 2
3 8 14
19 0 6
9 13 14
9 13 12
0 4 14
23 0 5
6 9 2
13 16 9
16 20 16
11 13 16
10 13 1
9 12 11
17 21 11
20 22 6
9 13 1
15 18 12
6 8 2
22 0 6
12 16 15
23 2 1
16 18 7
16 19 14
1 4 13
1 4 12
16 17 9
13 15 3
2 4 15
2 5 11
10 13 12
14 16 5
15 18 16
22 0 2
23 3 2
5 10 9
1 3 6
22 0 11
6 9 5
13 17 15
8 12 12
18 21 4
18 22 16
13 15 16
19 22 5
22 1 3
0 3 11
4 5 6
1 3 8
7 9 7
13 14 5
21 1 3
9 12 15
17 20 4
12 17 16
12 13 11
21 0 5
2 4 4
12 15 2
10 12 14
7 10 3
12 15 9
0 3 14
12 14 16
14 17 7
6 9 4
14 18 9
11 15 10
2 7 6
9 11 13
8 11 15
19 23 13
15 19 14
1 4 11
19 23 14
15 18 11
21 23 12
21 1 4
7 8 12
15 17 15
4 7 10
3 8 7
6 11 11
19 22 12
7 10 1
23 2 3
23 1 12
4 7 4
19 0 14
7 10 1
6 8 13
18 22 16
2 5 7
17 21 1
9 13 13
23 2 7
7 11 10
9 13 6
11 15 4
11 14 7
9 11 14
20 23 15
8 11 13
23 2 16
20 23 14
0 3 9
14 18 12
6 10 3
4 7 13
15 17 14
14 17 1
15 18 3
18 21 6
7 11 13
5 8 2
20 23 4
5 10 9
18 22 2
13 16 11
22 2 6
20 0 10
4 8 9
10 12 4
17 19 16
18 20 7
3 6 13
2 5 12
13 15 15
13 17 13
11 14 3
17 20 9
15 19 16
10 15 13
15 17 16
18 21 13
13 16 1
4 7 1
4 7 9
16 18 7
21 0 6
13 15 9
7 9 3
7 10 16
5 7 15
1 3 14
5 8 3
20 22 5
23 1 14
5 9 15
5 9 13
9 12 1
0 3 1
2 7 12
4 7 5
4 4 6
14 17 3
1 5 4
19 23 5
10 15 7
9 12 13
21 0 11
8 10 16
17 21 13
4 8 9
9 12 11
23 1 3
3 5 2
7 10 11
11 14 10
5 8 2
13 16 4
11 14 8
10 14 8
17 20 12
13 15 16
21 23 16
3 6 2
15 18 11
16 18 8
22 4 11
20 22 8
23 4 14
15 19 16
3 6 7
13 16 12
19 0 13
21 23 3
17 19 9
14 18 10
9 12 2
3 4 3
8 13 10
12 13 6
16 19 8
14 18 12
15 19 4
20 23 10
5 8 3
18 21 13
18 20 16
9 12 12
3 6 10
23 4 4
4 7 4
7 11 10
12 16 10
10 14 16
2 7 14
10 14 6
12 16 10
10 13 4
16 20 8
10 14 14
19 22 10
2 4 3
16 19 14
20 23 1
12 15 12
12 15 6
10 13 12
0 3 3
18 21 7
19 23 10
14 18 14
7 10 4
20 23 10
22 0 5
6 9 10
14 17 12
8 11 7
12 16 11
10 13 12
12 16 2
14 16 9
2 6 4
5 8 2
3 6 14
2 5 4
3 7 15
7 9 7
8 13 5
6 10 16
11 14 3
13 16 13
21 1 5
5 8 2
10 12 12
7 9 10
19 23 12
13 17 16
14 16 12
17 20 2
22 1 12
22 0 9
13 16 10
0 2 4
16 18 7
9 13 13
17 21 13
5 8 8
17 21 4
14 16 1
3 6 13
8 11 6
23 2 15
12 15 14
16 19 12
2 5 1
13 17 6
3 7 12
6 9 12
4 6 7
8 11 6
18 20 11
13 15 2
0 3 10
9 13 4
4 8 3
4 8 6
4 7 3
22 1 7
5 7 8
7 10 1
5 7 9
5 9 11
18 20 5
3 6 4
8 11 9
3 7 11
8 11 16
15 17 13
23 3 9
4 6 11
11 14 15
15 18 9
19 22 14
23 3 11
12 14 15
11 14 12
22 1 11
15 19 5
18 22 6
7 12 2
14 17 13
18 20 2
20 0 12
13 17 8
8 10 1
7 11 7
19 0 1
10 15 5
6 9 10
17 20 12
9 11 4
21 1 2
10 13 11
22 2 12
3 8 14
19 21 10
4 7 13
22 23 13
9 12 12
10 11 14
8 11 9
20 21 15
6 8 10
17 21 7
21 23 16
11 15 15
19 23 7
12 15 15
23 1 16
8 11 1
3 6 11
2 5 14
6 9 8
13 14 1
21 1 9
18 21 8
11 14 9
10 13 3
0 3 16
11 14 1
20 22 16
3 8 8
0 4 7
14 18 4
11 14 9
18 20 5
4 7 5
4 6 13
0 3 4
12 16 12
22 1 4
7 11 3
7 10 1
20 0 12
10 13 12
1 3 9
5 8 8
4 7 16
9 11 16
22 2 14
16 19 12
1 3 11
17 20 15
12 16 12
6 9 7
14 17 10
23 3 8
3 6 4
21 22 13
6 9 4
3 5 5
4 6 4
1 4 15
10 11 14
3 5 5
6 11 13
14 17 3
12 16 8
5 7 8
12 15 4
13 16 12
9 12 4
17 20 13
17 20 2
12 15 10
14 15 16
19 22 16
7 9 6
15 17 6
3 5 15
19 23 13
6 7 2
7 11 5
5 10 7
0 2 2
5 7 10
17 22 11
23 1 7
3 8 4
17 22 8
6 8 12
13 17 14
14 18 8
10 13 1
16 20 11
2 7 9
0 3 7
8 11 8
2 4 9
7 10 14
22 23 4
12 14 9
2 5 6
16 19 7
22 0 4
22 2 2
2 4 14
10 12 15
8 11 3
17 21 16
15 18 8
8 9 7
16 20 9
10 16 1
14 17 13
14 17 4
8 10 16
7 9 10
5 8 12
20 1 3
9 11 8
7 10 9
14 18 4
17 18 1
7 12 6
20 22 15
13 18 15
12 15 6
12 14 11
7 10 7
15 18 5
3 7 11
14 17 3
6 7 8
11 14 9
7 10 16
6 10 1
2 5 11
13 17 8
21 0 15
9 11 10
21 23 3
14 18 3
23 3 6
12 15 8
5 8 1
13 16 4
16 18 7
0 2 1
0 2 2
10 12 16
4 8 5
17 19 3
9 10 11
17 20 5
0 4 16
7 10 3
3 5 14
0 2 3
4 8 8
7 9 8
9 11 10
10 15 1
0 2 15
3 6 14
17 21 7
6 9 10
7 12 10
1 3 3
17 19 5
18 21 12
22 0 15
4 8 6
0 3 8
17 21 14
9 11 14
18 20 9
14 17 1
14 17 16
17 20 12
22 2 13
6 11 7
21 0 13
10 15 6
12 16 1
2 4 6
10 13 3
3 5 16
16 18 7
2 5 10
22 3 16
11 14 4
10 12 12
4 7 12
19 22 8
4 8 15
13 16 2
12 15 9
20 1 1
18 20 15
12 14 4
12 17 10
5 9 13
23 1 15
15 19 11
18 21 9
0 3 16
18 21 6
17 22 6
8 13 13
10 13 6
9 12 3
12 14 16
7 9 14
15 18 8
2 4 7
11 13 14
13 15 13
1 4 12
23 1 4
2 4 12
6 10 2
10 13 13
9 12 7
9 12 16
18 21 7
1 5 2
1 3 13
16 20 7
7 12 2
4 7 1
0 0 13
4 6 5
4 7 13
8 9 12
23 3 2
1 5 3
11 15 10
13 17 14
22 2 12
14 17 2
17 20 13
17 20 7
8 11 9
0 5 12
9 13 2
10 15 16
14 17 15
21 1 9
2 3 15
6 8 16
17 19 7
11 13 9
15 16 15
14 16 11
22 2 12
10 14 10
17 19 16
20 0 2
13 16 7
4 9 1
8 11 1
8 9 1
0 3 3
7 12 2
6 10 2
18 20 6
15 19 12
2 6 6
2 5 5
22 1 1
20 23 2
2 5 2
22 1 12
19 0 7
6 9 16
0 3 7
18 19 1
9 12 1
15 20 8
23 0 10
4 6 12
4 7 3
3 7 12
14 17 2
3 6 7
18 21 9
13 16 10
20 0 13
8 10 4
13 17 5
2 5 10
15 19 1
2 6 8
6 9 7
23 2 11
19 21 9
3 6 5
18 21 5
6 11 2
23 2 14
6 10 9
6 10 16
10 14 8
3 5 14
8 10 16
6 9 10
21 0 9
13 17 5
9 14 15
9 12 2
1 2 8
14 18 9
3 6 5
4 7 12
19 22 1
13 18 6
18 20 7
20 22 3
15 20 15
11 16 3
20 22 9
7 10 5
11 14 6
21 23 3
5 9 2
4 7 12
22 0 15
6 10 14
7 11 13
15 19 6
17 20 4
11 14 3
13 13 8
10 15 2
7 10 16
10 13 1
3 7 2
3 5 2
14 18 11
0 4 10
7 10 7
4 8 6
7 11 15
3 8 1
22 23 8
8 13 12
22 2 9
0 2 3
3 4 8
4 6 12
8 9 6
16 20 7
18 21 2
15 18 16
13 14 13
0 4 12
0 4 2
7 10 6
12 14 10
21 1 7
3 7 3
23 3 7
18 21 10
23 4 14
5 8 5
7 10 8
15 18 8
5 9 5
2 4 4
13 15 6
18 20 11
18 21 15
0 3 15
10 14 14
5 8 4
13 14 6
18 21 4
20 23 6
15 19 4
1 5 3
22 1 2
12 14 8
11 15 6
11 14 12
17 20 11
12 15 13
8 12 2
0 3 10
19 22 8
8 12 14
3 5 3
1 3 11
22 23 15
9 12 9
2 4 5
4 7 7
22 1 2
3 5 6
0 3 11
10 13 4
21 0 1
21 0 15
22 1 4
2 4 16
0 3 3
9 12 3
15 18 16
19 22 15
1 5 4
23 1 7
7 10 13
14 16 3
0 4 2
15 19 15
23 3 9
2 6 4
22 1 15
3 8 15
3 6 10
9 10 13
5 8 10
7 9 7
15 18 4
13 15 6
23 2 10
9 12 8
14 16 14
19 19 9
21 0 2
9 13 5
11 15 4
1 4 5
13 15 8
2 6 12
17 22 11
2 7 10
10 12 7
11 13 13
22 1 5
17 21 13
6 8 12
3 6 9
8 10 9
6 7 11
7 11 1
0 3 7
6 11 5
22 0 8
13 15 8
4 8 16
6 10 1
0 5 10
2 4 8
21 1 12
19 0 14
16 19 15
21 1 7
8 12 13
1 2 8
14 18 8
10 14 6
5 7 16
8 10 5
13 15 6
2 7 13
1 4 11
14 18 1
21 0 14
11 13 6
5 9 7
0 2 10
2 5 5
15 17 15
7 10 15
23 3 9
2 4 5
9 12 8
11 15 1
1 3 3
19 22 5
20 23 14
2 5 1
20 0 9
7 9 3
22 1 3
10 11 1
13 16 8
23 1 9
10 13 12
14 17 14
21 0 11
9 11 11
11 13 8
1 5 1
6 11 5
4 7 8
23 3 15
1 3 9
11 15 15
0 2 7
4 6 15
19 23 5
10 14 6
14 15 12
20 22 9
17 21 3
2 4 10
9 14 4
1 4 11
14 15 7
10 14 9
20 0 2
2 4 4
17 21 10
10 12 5
23 4 4
1 4 16
15 19 6
0 4 10
7 11 10
5 9 3
14 18 14
19 22 2
15 17 1
15 17 3
18 22 13
22 1 13
0 3 9
20 23 15
16 19 7
14 17 8
17 19 16
8 10 11
23 2 2
2 5 3
21 1 13
12 15 4
18 0 9
13 16 14
15 18 16
13 16 1
17 19 15
7 10 8
20 23 16
2 4 9
0 3 8
15 20 14
18 22 4
7 10 9
2 6 14
5 7 6
4 7 13
2 6 15
13 15 5
20 0 3
17 19 10
3 5 16
21 0 15
1 4 5
1 4 7
10 14 5
22 2 4
19 22 13
3 6 16
11 12 13
1 4 9
7 11 3
21 23 11
14 19 5
13 18 6
13 16 7
1 4 15
21 0 4
23 2 13
3 4 9
13 15 7
14 20 8
17 21 8
9 12 14
5 6 1
1 4 1
14 17 8
0 3 4
2 3 5
13 17 8
22 1 7
17 21 10
19 21 12
1 3 3
23 3 11
17 18 10
23 2 13
5 7 3
5 7 6
16 20 3
4 8 12
20 21 3
2 7 8
7 11 4
16 19 5
15 16 11
21 0 13
10 14 8
12 14 4
14 17 16
0 3 12
18 21 7
10 12 14
9 11 8
8 12 12
4 8 7
6 8 1
17 18 8
14 18 9
6 10 13
5 8 6
0 3 6
12 16 6
0 4 5
5 9 16
17 20 14
15 18 14
5 9 10
16 18 16
23 1 2
6 7 13
14 17 5
4 6 13
21 23 14
5 7 3
0 2 9
17 20 10
6 10 16
17 20 12
18 20 13
22 0 3
20 23 3
3 8 6
23 3 2
14 19 15
16 19 2
18 22 13
8 13 15
14 18 8
23 2 14
9 14 8
8 11 6
21 1 11
14 18 15
9 11 15
11 15 11
10 15 14
21 0 6
13 17 5
9 12 6
3 6 9
9 11 2
19 21 15
5 7 10
18 22 3
4 6 8
6 10 16
12 15 10
7 8 12
18 22 1
13 18 9
15 17 13
12 13 2
14 13 3
11 13 15
18 22 3
20 23 8
3 6 6
1 6 9
9 13 1
18 19 15
22 2 6
18 20 5
3 3 8
22 2 8
21 23 11
20 1 6
13 16 16
11 13 4
21 1 2
7 9 14
8 10 6
15 19 5
4 8 15
20 1 4
6 8 4
17 20 13
16 19 7
23 3 8
22 2 8
23 2 5
3 6 7
22 1 15
3 5 15
7 9 12
17 20 1
9 11 9
11 14 10
20 0 7
13 16 16
3 6 15
6 10 3
18 22 11
17 20 11
19 23 11
1 6 9
16 18 9
6 8 10
11 14 8
19 21 11
15 17 13
7 12 12
2 4 4
15 18 2
18 22 12
12 15 12
4 8 16
15 18 3
15 17 5
11 13 6
21 0 1
11 14 12
3 6 8
21 0 1
13 17 6
13 16 5
9 12 6
2 4 12
21 1 9
9 13 6
20 22 10
8 11 2
5 7 13
12 15 16
4 7 16
1 2 1
9 13 8
2 4 13
17 21 4
12 14 15
17 21 4
12 15 4
4 8 8
18 21 12
12 14 6
8 9 1
5 9 8
16 20 14
0 3 2
6 8 8
6 7 16
16 17 12
5 9 7
23 1 14
14 15 12
11 14 11
12 15 7
16 19 3
14 17 14
18 21 4
15 18 2
2 6 4
1 3 3
23 2 12
19 21 8
13 16 12
8 10 3
9 13 6
0 3 3
9 11 14
14 17 2
8 10 14
23 3 7
16 19 16
15 18 1
18 21 9
11 12 5
19 21 13
5 9 13
11 14 4
14 16 3
16 20 9
11 13 5
23 3 2
20 22 2
5 8 3
4 6 12
14 17 1
23 2 5
5 8 11
9 11 15
22 2 16
16 20 4
18 21 2
15 17 12
12 14 6
18 22 9
5 9 1
2 5 5
23 1 10
15 19 2
23 2 2
9 12 4
0 3 6
19 23 12
19 21 9
0 1 1
10 14 9
8 12 16
7 10 11
9 11 15
20 21 13
20 21 10
22 0 10
21 0 7
3 5 1
11 14 9
14 15 3
21 23 13
5 8 12
2 4 8
17 21 6
16 20 4
4 7 14
6 8 10
17 19 7
7 10 4
23 2 2
6 8 4
19 22 15
15 17 14
9 12 4
16 19 9
13 15 7
20 0 4
21 23 6
14 17 4
17 21 3
13 18 11
13 16 14
7 11 13
0 3 1
17 18 12
19 21 13
17 22 5
9 14 5
19 22 2
12 14 10
13 17 8
5 10 6
12 14 13
8 12 15
15 20 3
16 20 8
1 4 1
20 23 2
17 19 11
13 14 12
11 12 5
5 7 3
3 7 10
10 13 2
21 0 14
6 10 12
17 18 14
3 6 7
20 22 11
5 9 7
2 6 3
6 10 7
17 20 12
17 20 4
16 18 6
2 6 3
1 4 4
17 19 2
5 9 4
10 14 1
17 18 15
14 15 15
21 1 15
12 14 12
21 0 14
7 11 5
10 12 5
12 17 13
20 0 3
10 13 14
21 0 16
13 17 6
5 8 11
7 11 3
22 3 13
8 11 8
9 12 2
13 16 9
7 11 1
6 10 6
10 14 6
9 12 2
13 19 15
13 15 11
3 4 7
4 8 14
16 18 4
8 11 12
0 4 7
14 15 9
6 9 15
1 5 7
4 7 15
1 4 7
19 23 9
13 16 12
8 11 7
21 0 14
15 18 5
15 19 10
16 17 3
6 9 1
20 23 10
9 12 7
19 23 7
20 22 11
20 22 5
22 1 8
10 14 7
18 20 9
12 15 11
0 3 6
10 12 13
7 10 13
18 22 4
17 20 6
0 3 16
4 8 5
18 22 9
23 3 4
6 8 7
11 13 1
17 21 3
0 4 6
2 6 8
15 19 15
23 2 2
3 4 6
9 13 9
11 14 5
11 13 16
9 11 7
7 11 6
13 16 15
15 18 5
18 21 16
2 5 2
10 15 4
0 5 3
22 23 14
14 18 7
5 10 15
18 21 11
0 2 7
8 12 7
2 7 4
17 19 7
23 1 3
0 3 11
17 22 14
6 10 15
17 20 5
10 13 8
16 19 6
12 16 10
1 4 7
20 23 5
10 12 9
21 0 2
20 23 9
15 19 13
12 15 2
17 20 6
8 13 8
