1350 17
3 10 3 9 4 4 6 7 9 1 10 1 1 2 1 5 9 
14 15 16
20 23 2
7 10 12
5 9 9
3 5 12
7 10 17
22 1 5
19 22 7
1 3 1
14 17 3
20 22 15
10 13 8
5 9 15
14 17 8
13 17 8
13 15 15
9 12 5
4 6 11
19 21 10
1 4 10
6 8 6
4 9 1
1 4 17
14 17 12
22 1 8
4 4 9
12 15 16
11 12 2
3 7 15
2 6 16
18 21 5
12 17 8
4 8 11
0 2 9
11 14 12
23 3 7
4 6 8
7 9 13
1 3 17
19 22 14
15 18 15
8 10 15
20 0 5
12 15 9
7 10 15
21 0 11
20 23 14
2 3 10
13 15 9
5 9 11
6 9 6
21 2 8
16 18 7
15 19 7
1 4 5
21 0 9
0 1 9
9 13 10
21 23 16
23 2 11
10 12 8
13 16 4
7 10 4
3 6 12
4 7 7
23 2 1
6 10 2
6 9 15
17 18 4
20 0 6
1 4 7
14 17 13
7 9 12
13 16 3
17 20 11
20 23 14
13 17 3
1 5 4
7 11 2
23 2 10
7 10 16
17 20 11
13 15 1
6 10 12
21 2 2
10 13 5
2 5 2
7 9 13
16 19 2
1 3 2
19 21 4
10 13 3
19 22 7
19 22 17
8 11 6
17 20 10
12 17 17
12 17 17
5 8 8
17 19 4
1 5 10
6 8 4
3 8 7
21 2 16
5 7 12
9 13 11
21 2 7
8 10 16
9 12 15
9 12 12
13 15 15
8 12 4
4 5 3
22 1 9
11 16 12
22 0 3
12 14 2
7 10 9
9 12 9
4 7 3
10 11 11
19 22 12
2 5 17
10 12 4
21 0 10
7 8 11
11 15 16
20 23 10
14 18 16
9 10 13
5 8 12
22 0 6
1 5 7
11 13 9
6 10 14
4 7 3
23 4 16
1 5 10
15 18 3
3 5 14
3 4 11
17 20 4
15 17 8
23 1 17
6 8 6
9 12 3
19 23 15
8 11 5
10 14 10
1 3 9
4 7 2
22 2 4
13 18 17
10 14 17
0 2 1
23 1 11
9 11 4
16 18 2
9 13 17
13 16 12
22 1 14
19 20 13
2 7 1
0 3 15
1 5 6
21 23 12
11 13 1
1 3 1
4 6 17
10 12 4
0 2 15
8 10 5
17 20 9
14 17 15
15 15 7
18 20 3
10 14 9
19 23 8
23 2 8
15 17 16
14 16 4
16 20 4
8 11 8
8 11 9
3 5 8
20 0 10
3 6 17
11 11 3
16 19 4
16 21 17
7 9 8
12 15 8
6 10 15
17 20 16
12 14 9
19 22 12
18 20 8
4 8 3
20 23 3
20 0 17
20 23 3
6 9 12
16 20 15
18 20 2
13 16 1
23 1 10
18 22 7
22 1 6
17 20 11
13 16 3
8 10 7
20 23 3
19 22 9
6 8 14
2 5 11
0 3 2
16 19 13
18 21 15
6 9 2
1 3 10
20 23 5
14 16 9
11 14 2
17 21 9
6 10 7
12 14 16
22 23 8
13 14 16
19 22 11
23 4 11
20 22 5
20 23 15
21 23 9
6 8 13
18 22 1
2 6 13
3 6 12
10 12 3
15 19 3
4 8 15
12 17 16
5 9 10
17 19 3
16 18 6
9 10 12
20 22 10
7 11 8
12 14 6
23 2 3
2 5 5
19 22 4
2 4 13
11 13 13
22 2 10
21 0 14
9 11 7
1 3 16
5 10 11
8 11 17
4 7 2
4 6 1
13 18 16
4 8 6
6 7 13
5 8 10
5 8 2
22 0 2
10 14 6
18 22 13
1 4 4
11 15 7
3 6 15
4 6 10
7 11 10
3 4 17
21 1 2
16 19 14
16 17 13
16 18 14
2 6 2
8 9 14
20 23 13
1 5 17
1 3 3
15 20 16
8 13 12
3 7 14
21 1 2
7 10 5
23 2 11
3 6 15
4 7 16
18 21 12
13 17 1
3 5 12
1 1 15
15 18 11
18 19 10
5 8 9
23 1 9
11 15 13
1 3 15
12 15 4
11 14 15
20 0 10
1 5 4
5 9 2
2 6 4
6 10 14
23 2 17
21 22 2
10 13 2
18 22 9
4 8 3
2 5 8
0 4 14
0 4 11
2 5 3
10 12 10
3 6 6
14 15 7
13 16 8
13 18 16
1 4 2
17 21 3
16 18 16
18 21 13
13 14 8
1 3 5
23 1 9
16 19 10
5 8 2
3 6 15
5 8 8
11 13 3
18 21 4
15 18 16
19 22 7
0 5 12
17 21 2
11 15 7
19 22 4
5 9 10
19 21 15
1 4 6
16 19 14
6 10 11
3 6 17
1 4 13
20 0 5
9 11 10
8 9 15
17 21 8
7 9 8
15 21 3
12 14 8
3 6 16
23 2 13
12 15 15
3 6 11
13 16 8
16 20 4
22 1 12
15 18 8
20 23 7
15 18 9
5 9 6
2 6 5
4 6 16
20 22 16
20 22 9
1 4 11
13 16 17
16 18 16
16 20 10
17 19 11
14 19 15
5 7 5
1 4 3
2 4 8
22 1 3
4 5 11
15 18 4
8 12 10
8 10 15
20 22 3
1 4 1
1 3 12
19 22 4
7 9 1
15 18 16
3 6 16
15 19 15
3 6 9
21 0 3
7 10 8
12 14 14
6 9 1
1 7 17
8 11 12
19 22 11
2 4 4
3 8 8
7 9 7
4 7 4
15 19 8
6 9 5
22 1 5
15 17 1
9 11 6
16 20 6
13 17 2
1 5 17
13 17 16
7 11 13
20 22 12
17 20 2
12 14 14
18 20 7
7 10 3
20 23 11
17 19 16
12 15 7
3 7 12
7 10 9
8 12 12
12 15 8
17 18 9
23 2 3
1 4 14
2 5 15
1 3 4
14 17 5
18 22 11
6 11 16
2 5 12
22 0 17
22 2 16
17 20 10
23 2 16
1 3 6
18 20 5
4 7 8
7 10 7
6 8 12
9 14 14
2 3 8
10 14 8
4 6 7
11 15 15
2 7 15
12 14 11
2 7 2
18 22 2
3 8 11
22 2 7
4 7 9
12 17 12
18 22 10
2 5 16
22 0 1
13 18 1
4 8 15
4 8 5
22 0 9
9 11 15
14 18 3
23 0 10
11 12 11
9 14 7
6 9 7
1 3 5
21 1 12
5 9 17
6 9 12
9 13 14
2 5 15
23 2 13
8 11 16
12 16 10
21 1 14
16 20 13
2 4 6
7 11 17
10 14 13
9 10 17
7 11 11
8 11 11
20 23 1
21 0 17
15 17 11
15 17 15
7 10 2
16 20 16
14 18 7
14 17 15
13 16 8
22 0 3
17 20 17
13 16 3
17 21 9
3 8 11
5 7 12
23 2 16
16 20 6
18 20 15
10 12 16
19 22 8
7 10 5
21 0 6
19 21 13
15 17 13
18 21 10
2 5 7
14 17 1
19 21 5
16 19 16
8 10 5
4 7 12
2 5 9
4 7 4
7 11 1
8 9 1
19 23 6
13 15 9
8 11 6
14 14 11
0 3 1
16 20 2
19 22 13
5 9 6
17 20 7
6 8 6
2 6 1
2 4 15
23 1 3
3 7 6
16 18 6
9 11 8
11 13 2
16 20 11
17 21 6
1 5 14
1 5 6
23 2 16
19 21 2
8 12 15
18 20 17
13 17 9
4 6 3
4 7 9
19 22 2
6 9 13
16 19 15
7 10 3
12 16 1
22 0 10
1 4 15
21 0 17
21 23 1
10 14 16
19 21 7
11 14 2
1 3 2
22 1 9
20 22 5
4 7 1
18 20 2
11 15 14
22 23 11
12 14 5
5 8 6
21 22 2
2 7 12
18 21 6
13 16 4
4 7 11
19 22 14
2 4 15
0 2 2
9 13 14
3 6 16
1 3 16
6 8 14
4 7 7
14 18 14
1 6 2
10 14 10
9 11 5
0 3 17
3 6 9
23 2 6
4 9 5
9 11 1
16 20 9
7 10 2
15 19 14
2 7 8
2 4 17
17 21 8
21 0 2
23 0 16
22 2 13
2 5 2
2 6 1
4 8 16
15 17 9
7 11 13
9 12 15
21 23 2
17 19 12
7 11 7
11 14 12
8 12 9
2 4 13
8 11 17
21 1 14
22 1 6
21 1 8
15 18 17
1 3 11
20 1 11
5 7 5
20 0 3
12 14 15
10 14 5
10 12 2
21 0 9
2 6 7
7 9 4
8 12 6
23 3 17
1 4 5
3 6 7
20 23 11
0 2 3
1 5 16
7 12 9
18 21 2
5 9 17
7 11 15
20 21 17
19 23 3
9 13 7
12 17 15
15 17 11
0 3 6
22 1 1
20 0 17
20 0 17
10 13 7
11 12 9
6 9 4
4 7 8
11 15 2
19 20 8
12 16 4
15 19 3
19 21 6
3 6 1
19 22 1
13 14 16
16 18 2
4 9 6
5 6 12
11 12 16
8 12 3
11 15 6
1 4 10
5 7 13
13 18 4
7 9 11
15 17 11
18 22 8
8 14 2
11 13 14
1 3 15
20 22 5
10 14 13
19 22 16
1 5 12
1 6 2
21 0 16
16 19 13
23 1 3
1 3 5
16 18 7
9 12 17
2 6 7
8 12 8
18 20 8
1 4 17
20 23 15
21 1 1
2 4 1
4 6 13
14 18 10
10 12 15
2 6 13
4 7 6
11 12 14
4 8 4
2 6 2
5 8 7
20 23 9
23 1 1
18 21 1
13 16 4
6 7 9
5 8 2
3 5 11
15 18 2
22 0 17
14 16 16
14 18 12
17 19 10
15 17 12
18 21 8
15 17 9
17 19 5
6 8 13
18 21 4
16 20 10
19 22 8
10 14 14
14 16 2
19 0 6
10 14 10
19 23 11
11 14 7
3 6 14
11 15 8
14 18 3
15 20 10
16 19 14
7 9 15
20 23 3
9 11 17
17 19 14
19 20 17
19 23 15
13 15 1
10 12 1
4 8 11
21 1 9
23 1 12
17 20 15
10 14 4
7 9 1
19 0 15
12 15 10
22 0 4
23 2 11
13 16 1
17 20 1
18 21 2
1 6 14
12 14 3
7 11 17
15 17 2
20 23 6
7 9 1
16 19 17
17 18 5
2 4 5
14 19 3
16 18 2
23 4 15
2 6 3
7 9 16
3 5 5
2 3 17
18 21 1
21 0 3
22 1 17
17 21 14
12 14 13
4 8 9
14 18 9
4 8 9
1 4 6
21 0 3
8 10 15
1 5 10
7 11 9
9 11 15
21 1 6
11 14 9
4 6 6
22 0 4
4 6 8
20 23 17
3 5 16
12 14 5
6 9 7
15 18 12
23 4 2
4 8 12
7 9 1
1 5 17
8 10 14
15 19 12
13 17 17
14 19 13
10 14 17
5 7 4
12 17 13
5 8 1
23 3 16
0 2 15
23 2 5
15 19 16
23 2 2
6 11 7
16 18 3
20 0 11
7 8 14
13 15 15
6 8 13
22 2 2
1 5 2
2 4 15
22 0 2
10 12 1
12 15 5
7 12 16
21 23 8
16 19 11
14 18 2
7 10 13
17 20 2
2 5 10
15 20 13
21 0 17
6 8 7
14 17 4
5 7 17
19 23 1
8 11 13
0 3 3
22 2 5
15 18 4
18 21 15
15 18 1
22 0 6
4 6 15
9 12 9
4 8 6
18 22 12
19 22 8
13 17 15
10 10 16
3 7 10
19 0 11
21 0 6
19 22 15
1 6 13
17 20 14
0 2 10
6 9 16
0 4 15
1 5 11
4 8 1
8 11 7
2 4 16
4 6 4
9 14 11
2 7 9
7 10 7
5 8 11
13 16 8
21 1 10
12 14 8
19 23 3
3 6 11
23 2 8
12 16 8
0 3 11
9 14 2
18 20 5
23 2 7
0 3 14
19 23 15
10 13 5
10 13 9
19 22 5
18 19 10
21 0 16
8 11 1
7 10 13
7 9 3
2 7 11
3 7 5
13 15 5
15 18 4
18 20 8
6 8 2
4 7 9
2 4 6
2 5 5
20 22 6
5 7 9
6 10 15
13 17 15
13 17 7
8 11 9
20 22 12
14 17 16
19 23 12
15 18 4
22 2 4
14 16 17
19 22 12
1 5 8
23 2 8
0 2 3
21 1 6
17 21 9
14 17 2
20 0 14
6 8 16
7 8 4
12 17 6
19 21 10
12 15 4
6 9 12
21 2 2
2 7 17
12 16 13
14 17 1
23 3 9
8 11 11
10 13 10
8 12 14
9 11 17
8 11 5
3 7 5
1 4 6
4 8 9
5 9 1
17 19 6
7 11 1
21 0 8
2 6 8
4 9 14
18 21 5
4 7 4
3 4 2
1 4 1
7 11 1
21 1 17
23 3 12
14 16 13
23 2 17
7 9 11
8 11 15
7 10 4
18 19 2
16 21 16
9 12 7
6 9 13
13 15 16
14 17 7
15 18 3
18 19 12
0 3 9
6 7 13
1 4 15
2 6 12
10 13 16
15 19 1
17 20 14
0 3 10
8 11 5
2 3 17
12 14 12
10 13 16
10 12 17
1 5 15
10 14 8
22 3 12
21 0 16
21 0 5
23 3 12
2 4 17
18 21 8
22 2 9
1 5 8
6 10 6
20 22 6
15 17 2
1 5 15
11 13 9
4 6 5
16 19 5
16 20 14
4 7 5
20 1 1
10 13 1
15 20 16
20 0 9
4 7 16
16 18 14
7 9 2
15 17 2
14 17 16
6 7 6
11 16 2
23 3 16
1 4 5
22 0 4
13 16 2
19 22 11
17 20 13
6 9 10
23 0 17
7 10 3
17 20 6
20 23 13
3 6 6
18 19 10
12 17 2
10 14 7
9 10 8
16 19 17
1 7 5
16 20 1
17 17 2
11 16 10
11 14 16
6 7 13
17 19 13
16 19 17
3 6 9
2 4 7
5 7 15
18 22 12
12 15 2
16 19 13
0 3 13
6 9 7
22 0 7
11 14 7
18 21 9
11 14 3
17 20 9
11 13 15
4 8 16
1 5 1
7 12 5
9 11 9
2 4 12
14 16 6
19 21 12
22 0 4
0 2 8
15 18 4
17 20 5
2 5 5
18 20 14
10 15 6
2 5 1
8 11 4
3 5 14
21 0 10
22 1 8
22 2 7
16 17 13
2 4 13
17 19 14
22 2 17
5 8 9
16 18 13
8 12 11
17 20 9
13 16 12
14 15 14
19 21 4
13 17 14
17 22 16
11 13 16
21 1 2
8 11 17
23 0 9
9 13 16
9 15 7
17 20 16
10 13 9
4 6 13
22 1 5
8 13 1
15 17 16
10 14 13
20 23 9
10 13 16
0 3 8
22 1 9
21 23 14
21 23 7
6 9 6
9 14 11
18 21 5
11 14 2
22 3 5
13 15 16
2 5 2
2 6 14
9 13 2
2 4 3
6 9 5
19 22 2
9 12 9
23 1 10
9 11 17
20 1 6
16 17 10
13 16 2
23 1 16
12 15 8
0 1 9
11 15 8
3 6 14
22 1 15
13 16 16
5 9 17
8 12 4
9 12 7
3 6 4
11 14 10
16 19 3
7 12 17
10 12 9
16 18 10
2 6 4
5 9 7
19 21 2
2 6 8
19 21 7
11 13 12
21 23 11
4 7 6
17 20 2
11 13 11
9 12 12
10 13 16
3 5 5
1 4 15
6 8 9
11 14 14
5 8 14
12 15 15
14 17 9
23 0 3
11 13 3
3 5 10
2 6 14
15 18 15
13 15 3
9 10 10
22 2 8
6 9 1
6 9 4
14 17 16
2 5 13
2 4 13
2 6 8
3 5 1
20 0 9
5 8 7
4 8 12
10 13 3
1 4 7
3 5 3
14 17 16
6 9 7
9 13 2
9 12 15
1 4 16
23 3 7
9 13 17
3 4 4
11 13 7
8 10 7
23 1 17
8 12 4
0 2 2
15 18 10
4 6 9
20 23 15
5 9 13
6 8 3
1 3 16
8 13 11
10 13 13
16 19 15
12 14 16
8 10 15
21 0 1
3 5 13
18 21 15
22 0 12
19 23 10
15 17 15
16 21 16
3 6 13
2 5 2
11 13 6
3 4 17
13 15 2
2 5 2
2 6 9
12 16 15
8 10 5
2 4 12
9 14 5
13 16 8
7 8 13
7 10 3
10 14 2
20 23 1
19 21 2
22 3 14
11 14 10
9 11 3
15 16 1
16 19 7
2 6 13
9 13 7
19 21 11
0 3 2
15 19 17
15 17 16
15 18 16
17 20 4
23 2 15
2 5 14
6 10 12
6 9 15
15 19 4
2 5 3
20 23 12
7 8 17
13 16 9
11 15 5
1 6 10
2 5 17
22 1 11
22 2 16
1 2 1
23 3 5
0 2 1
15 19 6
9 13 8
6 9 12
3 7 12
12 14 5
21 1 17
0 3 4
4 8 2
13 17 13
9 15 5
12 15 12
13 16 8
23 0 11
13 16 17
21 0 9
14 17 6
15 17 17
21 1 4
19 22 14
23 2 7
10 13 14
23 1 16
16 19 8
8 11 14
12 15 7
9 13 5
23 3 14
21 1 14
23 4 10
4 7 17
8 11 17
12 16 1
0 3 12
22 1 5
0 4 16
11 15 2
23 2 1
1 4 15
3 7 10
20 21 11
7 11 8
9 12 1
2 5 15
18 20 2
18 22 4
5 9 1
2 5 5
0 3 15
21 1 16
5 7 4
18 21 12
10 14 1
4 7 2
23 3 2
15 17 11
7 10 10
13 16 5
21 1 9
12 16 12
1 5 5
18 20 9
3 6 13
2 4 11
21 22 17
18 21 6
15 16 6
14 16 10
1 4 14
5 8 15
7 10 8
15 17 15
22 1 16
10 12 10
14 16 5
9 13 13
9 12 11
21 0 10
0 4 7
22 1 10
9 14 12
15 16 8
13 17 7
21 22 9
7 9 1
0 3 16
18 22 14
23 3 2
20 0 13
20 23 11
1 3 15
1 4 4
11 15 2
5 8 1
21 23 3
4 8 10
1 4 4
14 16 8
3 6 3
9 11 6
