650 10
4 6 5 8 4 3 10 3 4 3 
5 9 10
1 3 3
18 21 2
14 17 5
4 7 4
13 17 10
0 3 3
18 22 4
6 10 3
4 7 6
9 12 10
23 3 10
8 11 4
4 8 3
23 23 1
16 20 10
20 22 9
19 23 2
23 3 1
12 15 7
22 23 5
9 11 10
2 5 9
5 9 7
16 20 8
12 16 7
23 1 10
10 13 6
3 7 6
1 4 2
1 4 5
11 15 2
21 1 8
5 6 6
12 16 8
17 23 1
20 22 9
14 18 8
1 3 7
12 16 7
17 20 9
7 12 3
11 14 2
20 23 1
13 18 4
5 7 7
13 15 5
18 22 3
11 13 5
16 19 4
19 22 4
3 6 2
15 17 9
21 1 4
4 9 2
1 4 9
2 5 10
17 19 10
19 23 2
1 3 8
22 1 10
18 20 9
3 5 5
21 1 7
17 20 6
5 8 1
2 4 2
1 5 7
0 3 4
16 20 9
21 23 5
21 22 1
18 21 3
4 8 10
1 4 2
11 13 4
2 5 2
16 19 8
22 2 3
0 1 4
7 11 2
12 15 4
14 17 9
11 15 5
20 23 7
8 10 2
0 3 5
1 6 4
17 20 4
9 12 10
13 16 4
18 20 5
5 11 6
19 22 10
6 10 5
8 13 5
15 17 7
10 12 1
16 19 6
20 0 5
16 20 3
14 17 6
16 19 1
4 7 2
19 23 9
18 22 5
10 13 1
14 17 7
16 19 7
16 19 3
23 2 5
14 17 3
14 16 5
12 16 5
7 11 2
15 19 4
15 18 6
20 0 6
18 21 1
18 21 7
14 16 1
0 3 8
14 17 4
22 2 5
2 5 5
19 23 2
18 22 2
23 1 5
14 17 4
8 12 6
14 17 6
3 5 8
15 20 8
7 8 3
9 11 2
7 11 10
22 2 9
6 9 1
19 23 9
2 7 10
11 15 7
7 8 3
15 17 6
2 4 1
0 4 4
16 20 1
18 21 2
7 10 1
10 13 4
0 3 10
9 13 5
23 3 5
16 18 1
10 14 7
12 16 1
7 10 1
23 1 3
4 7 7
19 23 3
1 3 6
11 15 3
13 16 9
16 18 7
22 21 1
15 18 10
14 16 2
6 9 8
11 14 7
13 19 6
1 4 4
19 0 9
21 21 7
1 5 5
0 3 4
7 8 9
11 13 7
5 9 1
5 8 5
8 10 8
3 5 8
10 12 6
17 21 7
10 14 1
15 17 7
16 19 4
5 8 7
17 20 7
0 2 4
8 12 6
13 14 5
7 9 5
13 15 7
14 17 6
3 7 5
17 20 3
2 5 1
3 6 8
4 6 6
13 18 10
3 7 10
9 14 3
11 13 1
16 18 6
4 6 4
20 22 1
5 8 6
2 3 2
19 22 3
2 5 7
8 10 10
13 17 9
20 22 4
5 8 6
4 7 3
12 15 4
5 7 2
21 1 8
14 18 4
3 6 7
22 0 1
8 11 7
5 8 3
13 17 1
16 19 9
9 13 8
9 12 1
16 20 1
14 18 9
7 9 2
0 2 10
22 1 8
16 18 5
10 15 3
17 19 7
14 18 3
6 9 1
3 5 6
18 21 7
21 23 9
14 15 10
1 5 8
0 3 7
15 18 8
10 14 5
9 11 7
17 19 4
0 3 6
5 8 4
20 23 5
9 12 3
23 4 10
8 12 9
10 13 10
15 19 10
8 11 2
2 6 8
21 23 2
10 12 2
21 23 5
6 10 5
10 14 4
12 15 10
20 23 8
14 17 3
6 8 3
18 21 8
13 16 4
7 11 9
9 11 9
22 1 7
2 6 10
11 15 10
21 0 10
1 4 8
9 12 10
4 6 1
5 8 1
2 6 7
9 13 4
14 17 8
11 15 6
0 5 4
11 15 5
3 6 1
19 21 10
3 6 4
0 3 6
19 22 9
22 2 2
23 1 1
20 22 9
3 8 7
16 19 1
11 14 7
16 18 3
16 18 2
4 6 6
18 21 8
10 13 2
0 3 6
5 7 8
19 21 10
11 13 7
18 20 1
3 7 4
18 22 5
4 7 9
19 22 9
7 9 1
18 23 8
13 17 5
16 20 10
9 13 9
2 4 4
1 5 4
2 4 7
6 7 9
9 15 6
1 5 6
15 18 6
1 3 1
15 16 8
6 9 3
22 1 6
15 18 7
19 22 7
22 1 10
7 10 4
5 8 10
22 2 2
10 11 7
18 22 2
3 5 5
20 23 8
16 19 5
21 0 1
15 17 6
3 6 6
2 4 2
10 14 1
6 8 2
15 18 7
7 10 7
2 5 8
17 20 1
20 23 9
6 10 8
3 7 5
12 15 3
9 12 3
14 17 8
16 19 8
16 19 6
5 8 2
19 23 3
15 19 2
17 21 10
6 10 9
2 5 10
2 5 3
0 1 8
19 23 2
16 19 1
16 20 7
1 4 6
23 3 3
20 22 4
19 22 10
23 2 2
20 0 8
0 4 9
23 1 3
18 21 6
16 18 9
22 2 8
13 17 8
9 10 4
21 1 10
7 10 4
0 3 6
23 4 1
3 6 2
2 6 9
9 12 10
4 8 7
4 5 3
23 4 7
14 17 10
3 6 6
17 20 9
22 0 8
5 9 8
1 4 9
5 9 8
14 18 10
3 7 10
4 6 5
13 17 7
0 2 1
0 5 8
21 0 10
14 16 9
11 14 2
11 15 6
16 19 8
1 4 10
10 12 2
4 6 4
3 6 10
5 10 4
12 16 9
3 8 10
4 8 1
0 5 1
22 1 9
18 22 8
16 20 9
23 1 10
10 13 9
18 22 9
4 8 2
16 19 2
14 17 3
4 7 9
9 11 8
1 2 4
1 3 6
8 12 3
10 12 7
20 21 4
2 3 1
15 17 9
19 20 5
10 13 3
8 12 6
17 18 9
5 8 5
12 15 3
7 9 5
20 23 7
22 0 5
10 13 3
9 11 5
11 16 9
22 0 9
15 18 9
1 4 2
17 22 3
19 23 2
15 17 4
15 18 1
0 3 10
20 22 5
19 1 4
6 9 3
19 23 8
10 16 10
10 12 5
5 8 8
7 10 5
14 16 8
4 7 7
14 16 5
6 9 5
2 4 4
19 23 5
1 4 7
11 14 8
22 1 6
6 11 6
20 23 3
17 18 4
3 6 7
8 11 9
21 1 3
21 2 10
13 19 9
12 14 7
13 16 4
14 17 2
13 16 8
5 8 7
9 13 2
18 20 7
17 19 2
12 15 6
0 3 9
3 7 3
9 13 6
3 7 9
5 7 5
21 0 7
19 22 6
14 18 8
12 15 2
22 1 3
22 1 5
1 3 10
18 21 8
9 10 7
6 10 9
14 17 3
4 6 6
0 2 3
12 14 10
6 8 9
14 17 4
8 9 2
22 0 7
3 6 5
14 18 4
17 19 2
21 0 2
14 17 3
3 6 4
4 7 5
2 4 6
13 15 2
23 3 8
7 11 1
23 2 5
4 7 10
16 18 4
2 5 6
22 1 10
8 12 6
19 22 3
19 0 1
22 2 4
7 9 5
20 0 9
4 6 9
21 1 6
13 14 3
20 23 2
7 11 1
7 11 2
20 23 8
3 7 3
14 16 1
7 11 3
22 0 2
8 13 1
18 21 6
11 14 1
9 12 9
9 11 7
19 21 8
16 20 3
20 22 10
8 13 3
21 0 4
18 21 8
20 22 2
10 14 2
14 14 4
14 17 6
7 10 4
6 8 1
16 19 4
10 12 7
8 10 3
13 17 7
10 14 4
2 5 6
11 15 5
17 19 5
19 23 1
19 21 7
3 6 7
22 23 10
11 13 5
3 6 7
15 17 7
23 3 3
0 2 6
22 0 5
2 5 8
21 23 10
21 0 10
16 18 3
19 21 5
21 0 1
2 5 8
11 14 2
23 3 7
21 23 7
1 4 1
8 11 5
17 19 2
18 20 10
1 5 2
19 22 1
9 12 9
6 11 5
10 13 2
7 11 5
11 15 6
21 0 5
12 15 4
19 21 10
9 12 2
8 11 9
19 22 4
4 8 3
10 12 10
20 0 9
0 2 6
1 5 3
13 16 4
9 13 4
0 2 8
3 5 6
8 13 8
3 6 5
2 4 4
2 6 4
19 0 1
14 16 5
0 1 3
15 17 4
15 18 7
9 12 10
1 4 2
19 21 8
14 19 9
9 11 6
2 5 1
16 19 2
5 9 5
20 22 9
20 0 10
19 23 6
13 16 1
16 20 8
2 7 10
10 12 1
16 18 4
22 1 10
18 22 7
7 9 7
23 3 3
17 21 9
2 5 1
6 10 7
12 14 5
7 9 7
12 14 2
18 18 2
8 11 9
