1200 9
4 4 9 5 6 2 10 5 8 
9 12 7
14 18 6
8 11 4
14 18 4
16 19 4
20 1 1
2 5 6
13 15 9
12 15 4
9 11 4
17 19 6
4 7 8
0 3 3
8 10 8
9 12 6
10 14 8
12 16 5
16 18 6
18 19 6
0 2 4
4 7 4
1 6 7
1 5 6
4 7 7
2 4 9
2 6 8
16 20 8
17 20 7
7 9 7
14 17 1
2 5 5
11 14 5
0 3 6
14 16 2
17 21 5
14 16 3
1 5 7
8 12 2
7 11 6
21 0 3
18 21 9
22 1 1
4 5 9
19 22 4
19 23 7
18 20 2
17 20 9
18 21 1
4 8 9
13 16 7
5 7 4
0 4 6
14 18 9
18 22 8
23 3 2
11 13 1
8 9 7
6 8 2
6 9 6
0 4 5
13 16 1
19 23 8
22 2 9
16 20 6
20 0 1
21 23 6
5 9 2
17 20 1
7 10 4
0 2 7
2 4 9
7 11 1
22 0 7
19 23 1
14 16 6
14 17 4
14 16 7
3 6 8
14 18 2
3 6 7
19 22 3
13 16 3
4 7 7
23 3 4
16 18 2
4 8 8
21 23 4
3 6 4
14 19 1
23 4 1
8 10 8
4 6 2
23 3 7
21 0 6
5 9 3
11 16 7
18 22 7
12 17 3
3 7 6
21 0 6
18 20 5
18 20 4
15 18 4
17 18 9
16 17 6
15 19 2
17 19 3
15 17 5
4 8 9
11 13 2
6 10 5
11 14 3
4 5 7
15 16 4
12 15 2
5 8 1
17 19 9
12 15 4
20 22 8
0 2 7
9 12 3
20 22 1
4 6 8
23 2 8
20 22 8
2 3 8
20 0 2
3 7 7
21 0 1
8 10 4
14 18 5
7 11 6
21 0 4
8 11 6
9 12 4
9 14 8
1 4 1
8 11 5
19 21 5
23 2 8
20 23 2
16 20 3
8 10 7
1 4 8
18 22 5
5 9 3
19 21 2
0 1 7
23 3 8
17 20 5
4 7 3
9 12 7
9 13 4
12 14 7
11 14 4
2 6 6
13 17 9
0 4 5
16 20 3
18 20 5
0 4 5
4 7 1
12 15 4
8 10 8
16 17 2
14 18 2
16 20 4
3 5 7
11 13 9
5 9 7
9 13 3
22 1 1
6 10 2
16 18 7
5 9 2
10 12 3
17 20 8
6 9 2
18 22 9
15 18 9
10 14 1
0 3 8
8 9 3
14 16 8
10 12 2
22 0 1
10 14 9
4 7 8
3 5 4
3 7 1
1 4 2
11 15 2
2 6 2
8 12 7
16 18 8
0 4 7
2 6 4
6 10 1
18 20 3
7 10 7
18 22 6
3 6 1
17 20 9
13 14 7
23 3 3
14 16 8
11 15 4
8 11 1
0 2 2
16 19 9
1 5 8
20 23 2
5 8 4
10 12 9
3 6 1
13 17 3
1 5 8
12 15 7
4 7 7
8 12 4
0 3 7
14 17 4
23 1 9
4 9 6
0 4 2
20 23 8
22 2 5
12 15 7
21 1 8
4 8 9
8 10 1
12 17 2
8 11 5
22 1 1
13 16 5
12 15 1
22 0 4
5 9 8
5 8 8
23 2 8
12 15 8
5 8 2
10 13 1
14 17 3
21 0 3
4 7 6
22 2 5
9 13 6
10 13 4
4 8 1
1 5 3
17 20 8
8 11 8
16 18 1
12 16 4
6 11 4
20 0 9
3 7 5
10 11 5
8 9 7
6 10 3
10 12 3
2 4 7
1 5 4
12 17 4
18 21 1
2 5 6
20 23 4
22 1 7
0 2 4
17 20 6
4 8 5
9 13 5
15 19 6
12 15 5
4 8 8
5 8 3
17 19 8
14 19 1
16 19 4
22 2 3
17 20 8
11 15 7
10 11 5
0 4 3
20 23 4
19 22 9
13 16 8
16 18 2
7 9 2
12 15 7
23 3 7
14 17 1
20 23 2
8 10 8
10 16 8
13 16 7
2 5 5
8 12 7
7 12 4
4 7 2
6 8 3
16 20 5
1 3 2
3 6 9
22 2 9
6 10 2
1 4 8
5 8 1
14 17 5
19 23 2
14 16 3
16 21 3
1 5 1
15 17 1
22 0 3
17 18 7
7 10 7
7 11 9
11 14 3
8 10 8
20 20 1
20 23 6
20 23 9
12 15 9
20 23 4
12 16 3
22 1 8
17 20 2
23 1 3
10 13 3
21 0 3
18 21 7
20 23 2
14 17 6
12 16 2
23 1 9
7 10 1
22 0 9
12 15 1
6 8 6
1 5 7
12 13 8
19 23 2
8 10 5
23 2 8
7 11 1
4 9 5
4 8 5
12 15 3
9 11 5
8 11 4
3 6 4
4 7 1
6 7 4
19 22 8
22 2 1
3 5 9
23 23 4
1 2 1
11 14 1
12 15 8
16 20 2
1 3 8
5 7 5
1 5 5
20 1 1
12 14 9
11 12 1
8 12 5
16 20 1
12 14 9
22 2 4
5 7 7
14 19 9
16 17 1
11 14 9
9 12 5
0 2 5
4 7 8
0 3 1
20 23 2
0 3 7
4 8 2
3 6 4
12 14 7
16 18 1
15 19 8
10 13 5
9 11 6
1 2 3
17 19 5
5 7 8
17 20 6
19 21 9
0 3 7
7 10 8
1 3 1
13 17 4
1 4 9
17 19 9
23 2 3
22 0 7
7 10 7
12 14 9
12 16 3
15 17 5
21 0 5
9 12 2
14 17 9
21 0 5
19 22 1
19 0 7
9 12 3
20 22 6
12 16 4
23 1 4
8 13 2
1 5 9
3 8 4
23 1 5
20 22 2
17 20 9
5 9 9
13 16 5
9 12 9
5 8 7
11 12 5
20 0 4
23 1 3
21 0 3
2 4 4
16 19 2
12 14 7
15 17 6
23 1 8
13 15 1
4 6 4
11 13 5
7 9 1
4 10 2
18 21 5
14 17 9
20 0 8
7 9 8
12 15 5
4 7 2
23 3 4
20 22 4
21 23 1
7 9 3
10 12 7
11 14 4
3 8 6
3 6 9
19 22 5
0 3 4
13 17 4
17 21 2
5 8 2
2 6 8
8 12 4
4 5 6
19 21 8
5 8 2
10 12 9
16 18 8
19 23 4
14 17 9
7 9 4
0 2 4
17 19 2
13 16 5
15 18 5
14 16 6
23 2 6
20 22 3
0 4 5
19 0 3
16 17 3
4 7 9
11 14 8
18 21 1
4 9 9
12 15 2
14 18 8
4 7 3
19 20 4
3 7 4
2 5 6
13 15 9
18 22 8
6 9 5
22 1 5
18 21 2
16 19 9
21 1 4
14 19 4
21 23 5
4 7 6
21 0 2
17 19 9
1 4 9
12 14 4
9 11 9
14 16 6
14 18 8
20 0 8
23 3 3
11 13 5
12 14 5
1 3 8
4 7 5
5 9 4
22 1 4
17 19 9
20 22 4
7 12 1
11 15 6
4 6 3
21 1 8
16 19 2
7 10 7
2 4 1
17 21 3
23 2 3
19 22 2
16 20 7
19 1 1
16 18 1
20 23 5
21 0 7
20 22 9
7 10 5
2 4 7
16 18 9
4 7 9
23 2 6
20 22 6
6 10 7
21 0 7
15 18 4
7 9 6
8 10 4
17 20 4
11 15 8
15 18 7
9 10 1
3 6 1
0 5 9
12 17 9
1 5 7
20 20 2
21 1 9
10 14 9
18 21 6
2 6 4
19 21 7
8 12 4
0 3 3
15 17 8
19 23 6
20 22 7
18 22 2
7 9 4
9 11 2
15 18 5
18 20 2
21 22 1
10 13 6
3 6 4
0 4 1
9 11 7
4 7 1
20 0 2
13 17 4
0 2 8
2 5 3
9 13 5
6 8 8
23 3 7
20 0 3
22 1 7
5 8 7
6 7 3
6 8 5
23 5 4
5 7 8
1 4 9
3 6 6
0 3 7
20 23 4
23 3 1
8 11 8
16 19 3
12 15 7
9 13 8
9 12 3
4 9 3
17 21 9
19 22 2
16 19 6
19 21 4
18 20 2
23 1 4
10 13 3
17 22 2
14 16 5
18 20 2
13 16 2
12 14 8
16 20 9
21 23 8
6 10 2
8 11 4
3 8 1
1 5 8
2 4 9
20 0 4
11 12 1
2 6 8
1 4 4
12 16 1
12 15 2
12 14 3
15 18 7
2 5 2
4 7 6
10 12 2
21 1 5
13 16 1
11 14 9
14 19 5
19 20 1
15 19 6
18 20 9
20 22 4
9 12 2
13 15 2
14 17 5
5 8 8
10 12 7
20 23 1
10 12 4
16 18 6
17 20 6
23 1 5
14 17 8
21 1 7
14 18 4
14 19 5
12 15 2
15 16 2
17 19 6
21 0 7
3 6 7
21 22 5
19 22 5
2 5 9
12 16 9
21 0 3
22 2 3
4 8 5
21 0 1
6 9 2
8 11 9
12 15 5
0 4 9
2 3 2
2 3 5
12 15 8
10 12 6
12 14 3
13 15 9
10 14 6
22 1 3
23 2 7
6 9 8
9 11 7
23 3 6
7 9 3
1 4 1
2 4 9
16 18 1
13 15 1
9 11 7
22 2 4
7 9 7
7 10 4
17 20 1
9 11 1
20 23 8
19 23 2
2 5 5
15 19 9
16 19 5
13 17 4
2 4 1
6 10 8
22 2 7
5 7 4
8 12 8
16 19 7
12 16 2
2 4 8
15 18 8
16 18 3
7 10 6
15 19 1
0 3 5
17 20 4
4 8 4
3 7 6
5 8 5
18 20 6
3 8 4
7 9 1
20 22 5
6 7 2
18 20 9
21 0 3
19 22 9
1 4 7
9 11 9
21 23 4
12 15 2
11 14 2
14 16 1
2 6 2
17 19 1
7 11 2
3 6 9
11 14 5
20 23 4
6 11 1
2 5 6
8 11 2
9 12 9
0 1 5
3 7 6
16 19 3
14 17 3
7 8 4
11 14 7
3 6 5
21 23 9
16 22 1
9 12 4
17 21 2
15 19 5
15 18 2
12 15 5
15 19 8
19 23 6
0 2 5
19 22 7
22 1 3
1 3 6
23 1 3
18 22 5
12 12 5
6 8 1
0 4 8
7 9 2
23 1 9
3 7 4
2 5 9
8 12 1
15 18 2
17 21 7
16 20 7
5 7 4
22 2 3
21 1 7
22 23 9
22 2 8
17 20 2
19 23 7
21 0 8
3 7 8
21 2 4
20 23 5
17 19 1
7 11 6
13 15 9
13 16 3
17 23 9
7 10 8
7 10 7
2 4 7
13 16 4
14 18 3
20 23 9
21 1 9
19 21 8
12 14 3
23 2 6
2 6 9
9 12 4
16 20 5
15 20 5
12 16 7
0 3 3
7 10 3
15 17 7
14 16 7
10 12 8
13 16 2
17 20 2
19 22 4
6 10 6
2 5 5
4 8 3
23 2 7
10 12 9
11 16 5
22 0 7
5 9 6
21 0 7
19 19 9
19 19 7
20 21 1
7 9 4
14 16 7
5 8 9
17 19 3
23 1 5
6 10 5
22 23 5
5 7 7
20 23 4
8 10 7
8 11 5
21 0 3
13 14 5
3 6 4
14 16 2
7 9 5
13 16 1
7 10 3
12 16 5
1 2 9
12 16 6
14 16 6
4 7 5
6 10 6
10 14 2
6 9 4
0 3 3
14 17 7
3 6 6
21 23 4
0 3 1
9 12 3
12 15 2
0 3 8
14 17 2
10 14 6
16 19 4
20 23 2
15 17 4
22 2 6
7 11 2
18 19 7
14 15 4
15 18 1
0 3 9
0 4 5
15 16 5
22 1 8
5 10 4
11 15 9
6 9 6
5 7 2
16 19 1
1 4 3
2 5 2
6 10 9
8 11 8
6 8 5
15 19 7
14 16 8
1 5 3
0 3 1
20 22 7
13 17 8
17 20 5
11 15 2
2 4 7
15 18 1
13 17 7
15 17 9
13 16 2
4 6 3
9 13 1
11 14 3
8 11 4
0 1 8
20 23 1
20 0 7
13 16 2
0 2 5
10 14 6
4 8 6
5 10 9
4 7 3
16 18 3
18 21 3
8 10 4
5 8 2
21 1 3
10 13 3
4 8 3
2 6 3
22 0 1
21 2 1
17 19 5
0 2 9
3 5 7
5 9 5
11 13 9
13 15 9
12 15 5
20 21 8
2 5 3
6 10 6
2 3 4
16 18 6
21 0 1
14 18 4
15 19 8
2 4 2
16 17 7
2 4 3
11 15 5
0 4 1
16 17 7
21 0 2
3 8 2
11 15 9
15 17 3
15 18 1
8 12 8
16 19 5
9 12 4
8 9 7
16 19 2
4 6 2
11 15 4
18 21 9
2 6 5
0 3 5
9 11 9
10 13 6
11 16 3
7 10 6
16 20 3
4 5 2
15 18 7
18 20 4
20 23 7
5 7 2
13 17 7
10 11 5
18 23 2
14 18 1
6 9 8
17 19 6
19 22 3
20 22 4
0 3 1
11 14 9
22 2 6
8 11 8
23 3 3
22 0 9
15 19 6
18 22 1
8 11 3
5 8 3
5 7 1
3 6 1
23 1 2
4 8 5
2 6 7
18 20 6
4 7 3
22 1 6
9 14 7
16 19 9
21 23 9
0 3 9
18 22 9
2 5 3
6 8 3
19 23 1
14 17 8
23 2 2
7 10 6
11 12 8
17 20 5
9 12 1
23 3 7
0 2 1
23 2 9
11 14 7
9 10 4
8 11 8
16 19 6
21 1 4
4 6 8
22 1 5
13 14 2
10 13 8
12 15 9
22 2 1
17 20 9
15 18 5
4 8 1
22 1 1
22 0 6
15 19 4
2 5 6
5 7 8
11 14 2
1 5 8
2 3 8
12 16 5
9 12 3
3 4 3
14 16 4
18 20 5
1 4 5
1 5 2
3 4 3
6 7 8
0 2 4
5 9 8
3 8 8
15 17 8
3 7 9
0 1 1
4 7 1
21 23 2
23 1 4
16 20 7
18 19 9
3 8 4
4 7 6
7 10 8
17 18 4
22 1 5
9 13 3
18 22 4
20 23 9
22 1 7
9 11 6
2 6 2
15 18 7
6 10 4
3 5 4
3 6 9
17 21 5
20 22 7
16 20 3
3 5 4
11 14 2
12 15 2
7 10 3
21 22 6
3 6 6
18 22 2
17 21 3
1 2 2
15 18 5
22 3 6
5 10 5
7 11 4
7 10 8
12 16 3
2 5 8
4 7 7
0 3 8
2 6 4
14 17 4
4 8 5
6 8 4
5 8 3
2 4 2
3 6 8
4 7 6
20 23 7
16 18 2
18 20 8
14 14 7
4 6 2
19 23 7
21 1 6
12 15 5
2 5 3
8 10 9
20 0 3
10 14 5
20 1 1
11 15 6
7 11 2
8 11 3
9 11 9
13 15 7
5 9 4
19 21 1
14 17 1
4 8 7
22 1 4
0 2 3
14 17 3
14 18 6
17 21 1
4 7 4
0 5 1
17 18 6
8 11 5
0 2 5
5 10 3
21 1 3
20 23 2
15 20 7
13 16 5
21 1 4
4 6 5
0 2 7
23 1 1
7 11 7
17 19 6
6 10 8
2 5 1
22 2 2
0 3 5
19 22 8
6 9 3
8 12 1
15 19 1
7 10 5
2 5 3
13 15 8
0 5 7
21 23 8
17 20 3
11 13 3
9 12 8
3 4 9
8 11 3
2 5 1
1 5 1
2 5 3
10 12 7
5 8 5
12 14 6
8 11 6
21 23 7
16 20 4
18 20 7
7 10 1
4 7 9
11 15 4
0 3 1
23 2 4
1 5 8
21 0 3
20 22 2
20 23 8
22 0 8
9 12 9
13 16 7
3 6 7
1 5 7
20 22 6
11 14 8
15 17 4
1 5 1
0 4 4
13 17 8
13 16 9
4 6 6
15 18 8
5 9 7
17 18 7
21 1 1
15 17 8
21 22 5
22 0 1
13 17 7
2 5 9
22 23 2
22 0 9
16 18 2
18 21 3
8 11 4
9 11 3
0 3 7
