1200 13
4 4 6 6 2 9 9 3 4 1 7 7 7 
0 3 4
8 12 4
8 10 2
18 0 6
17 20 6
5 8 1
15 18 11
21 1 8
12 15 11
22 1 9
20 22 7
1 2 12
12 16 12
4 7 9
13 17 9
2 4 2
12 13 1
16 20 8
15 20 13
3 4 10
21 0 5
13 14 11
23 1 13
23 3 6
0 2 1
11 13 5
6 8 5
1 3 11
2 7 8
13 16 11
20 23 4
18 22 1
19 22 13
8 10 6
23 2 11
8 10 5
16 18 3
15 18 7
10 13 12
6 11 11
23 2 4
11 13 11
20 0 4
17 19 13
23 2 10
18 21 2
10 14 6
5 7 2
17 18 5
19 23 11
15 21 11
17 20 4
17 21 13
13 17 10
3 8 10
10 14 7
8 12 4
22 1 2
9 11 5
19 21 3
22 1 2
0 3 6
16 19 13
12 16 10
18 21 6
22 2 13
6 8 5
21 0 10
10 13 10
1 4 4
12 14 7
13 16 6
2 3 12
0 4 4
4 7 7
13 15 5
16 19 10
21 1 1
1 2 2
15 19 2
21 2 10
16 19 2
7 12 3
10 15 1
14 18 3
8 10 11
17 20 1
12 14 3
1 3 8
6 9 1
11 13 4
13 15 4
8 12 13
6 9 9
10 12 6
11 13 12
3 6 9
13 14 7
2 4 13
18 20 2
22 0 13
20 23 7
8 13 11
5 7 2
12 17 7
16 20 2
13 18 1
4 5 9
5 8 12
18 21 7
19 23 4
16 19 2
11 15 3
20 21 4
15 17 13
14 17 10
11 14 2
4 7 10
8 11 5
15 19 13
15 18 13
13 17 4
5 9 4
16 19 9
15 17 3
12 14 5
8 10 3
6 7 6
21 23 13
22 0 6
12 15 13
19 22 2
4 8 8
17 21 13
19 22 7
10 12 7
23 2 8
1 6 10
14 18 8
14 18 5
17 20 9
6 10 7
17 19 3
10 14 8
14 17 13
6 9 3
12 15 6
0 3 4
16 19 13
13 15 1
6 8 6
11 14 2
3 6 12
4 10 4
22 3 4
11 14 3
21 0 3
11 14 10
8 12 7
20 23 5
20 0 7
7 9 2
10 12 3
12 15 8
20 22 2
14 16 13
11 14 8
12 15 8
1 3 2
12 18 2
15 18 6
20 22 1
21 23 13
12 16 5
3 6 1
14 18 11
3 5 1
11 14 2
3 6 1
7 10 7
21 1 12
1 6 4
23 2 2
7 10 3
4 6 8
4 7 4
6 9 5
3 6 4
13 18 7
14 18 9
5 7 9
22 1 2
10 13 1
9 14 6
16 21 8
9 12 13
4 7 7
7 11 10
15 17 6
15 16 8
8 11 5
12 15 9
17 21 6
11 12 13
12 15 4
8 12 7
6 10 1
23 2 13
0 4 3
23 4 8
5 9 10
0 4 6
14 18 13
17 21 12
13 17 11
20 22 7
4 6 11
16 17 1
10 13 1
16 19 13
3 8 3
10 13 9
2 6 6
19 21 11
12 15 8
23 1 3
19 22 10
20 1 12
22 1 2
1 4 9
10 14 6
20 22 2
1 5 10
22 1 7
5 9 9
19 23 3
9 12 1
7 9 11
6 8 8
23 0 3
18 22 12
6 9 10
14 17 5
17 19 13
5 10 9
5 8 3
9 10 13
23 23 2
15 17 9
20 0 3
3 7 2
2 3 13
11 13 10
18 21 1
23 1 7
0 4 4
0 3 6
9 13 1
11 14 6
10 12 13
16 20 3
4 8 6
6 10 3
16 21 2
1 3 8
12 14 4
6 8 4
22 0 2
17 20 12
5 8 1
11 14 7
14 15 6
4 6 8
12 15 1
6 12 13
12 13 11
17 21 6
13 15 4
23 3 9
6 9 10
8 12 5
4 6 5
16 19 11
4 10 3
18 21 4
15 16 7
21 2 2
17 21 13
6 8 1
13 16 9
7 9 5
13 13 8
4 7 12
18 19 1
1 4 8
5 8 11
7 9 9
4 8 3
8 12 12
6 9 5
1 5 11
21 23 7
4 7 7
19 22 9
18 21 1
21 0 2
18 22 9
17 20 9
14 18 2
9 13 3
6 8 11
10 13 5
15 19 7
22 1 10
23 3 11
16 19 10
9 11 4
18 21 12
18 22 2
5 6 5
9 11 6
12 14 11
21 23 6
21 23 11
20 22 12
13 16 12
20 22 12
16 19 3
1 4 10
7 12 7
18 20 2
21 0 6
4 7 7
10 12 12
16 19 3
18 20 10
15 18 13
0 2 11
19 18 13
5 8 11
19 21 8
6 9 1
8 11 4
4 7 3
13 18 7
11 13 13
17 19 5
6 9 7
1 5 12
15 19 6
4 5 10
15 18 1
23 2 10
14 18 12
13 15 10
0 4 7
18 21 1
13 16 3
22 1 12
23 1 10
10 14 5
4 6 3
6 8 11
4 6 7
2 6 8
11 15 4
13 16 4
13 17 8
11 13 9
14 18 4
22 0 10
21 0 13
3 6 7
11 14 12
20 23 13
4 9 1
11 13 8
1 4 10
21 22 9
9 12 6
12 15 5
22 2 2
0 1 2
15 18 2
13 16 2
19 21 13
13 15 6
13 15 3
0 3 12
7 10 13
6 10 13
21 2 12
9 12 2
3 5 3
8 10 6
4 7 2
9 11 7
2 4 8
8 12 5
20 1 5
10 13 10
5 9 12
13 16 5
0 3 3
5 8 7
17 21 11
23 3 13
18 20 10
0 6 3
19 22 4
15 17 9
1 6 11
3 6 7
11 15 4
19 22 7
9 12 3
21 0 6
14 18 3
11 14 11
23 2 7
23 4 2
8 11 5
20 22 1
10 11 1
12 15 5
16 18 3
4 8 9
7 10 9
20 0 9
19 22 13
2 5 2
17 20 13
17 20 6
1 4 3
16 19 3
12 14 1
2 5 10
7 11 9
13 15 4
3 8 2
19 22 12
3 6 9
22 2 11
14 17 5
11 16 9
9 11 9
12 15 3
1 4 10
23 1 4
23 2 8
3 6 12
3 6 13
10 14 2
1 5 1
3 6 2
11 16 12
13 17 8
20 23 11
17 22 7
10 15 10
12 15 1
23 1 3
2 5 9
12 15 4
6 9 4
15 16 6
2 5 11
14 15 8
0 4 9
17 20 8
21 0 11
16 20 7
13 17 9
13 15 11
7 10 13
12 16 7
16 19 4
10 13 13
17 19 6
23 2 7
17 21 12
5 7 11
3 5 11
10 14 11
2 5 9
11 16 5
5 9 10
18 21 13
20 23 4
11 12 4
17 22 11
13 17 2
18 21 13
12 16 6
23 2 1
17 19 1
7 10 8
14 17 6
3 6 5
1 4 5
21 2 13
3 3 1
6 10 3
16 18 5
15 17 5
11 13 6
1 3 1
17 18 8
2 4 10
13 15 13
4 7 1
20 22 6
12 15 10
15 18 5
5 6 5
19 23 10
9 14 5
13 15 5
4 8 3
9 12 7
11 14 1
8 12 8
15 18 1
7 10 8
12 16 13
4 7 10
15 20 2
18 21 11
14 16 9
20 23 11
12 16 5
11 14 11
10 13 8
3 7 8
12 15 3
9 11 8
21 23 2
10 13 4
22 2 4
2 7 1
3 6 9
8 10 8
18 20 5
9 12 9
22 1 13
13 16 12
5 9 7
19 21 6
23 1 13
9 12 1
4 7 9
11 14 13
12 16 9
15 19 7
9 13 11
15 19 1
6 10 8
3 9 7
13 14 5
13 15 4
2 5 10
14 16 9
0 4 7
1 4 13
16 20 7
20 21 11
21 1 13
15 17 11
11 14 6
15 18 4
16 18 4
2 7 2
6 9 7
17 20 7
0 4 7
9 12 9
18 21 5
15 16 6
10 13 10
22 1 12
17 23 5
11 14 13
2 5 6
1 5 1
20 23 2
0 2 3
17 20 5
19 23 11
7 10 3
2 4 2
8 11 8
19 21 7
18 20 2
5 9 10
13 18 2
2 8 2
10 15 7
11 13 11
4 9 13
17 20 12
0 3 9
11 13 9
23 2 5
7 10 7
2 4 4
14 19 12
8 10 6
6 8 7
13 16 9
11 13 11
21 0 1
1 3 6
15 19 7
22 0 9
14 18 4
22 1 10
17 19 12
20 22 13
19 23 1
21 23 4
7 11 6
18 21 2
11 14 2
17 20 1
22 0 11
20 22 5
1 4 8
13 16 6
5 8 9
9 12 3
20 23 3
3 5 2
4 7 10
2 5 2
17 20 2
21 23 7
14 16 1
14 17 6
1 4 12
1 4 5
16 21 6
15 18 10
9 12 12
14 18 5
8 11 7
21 1 4
0 4 1
16 20 3
19 22 1
20 23 13
2 5 10
3 6 13
9 13 13
21 23 8
7 11 8
10 15 11
6 9 9
4 6 3
18 20 12
5 8 11
21 1 2
23 2 6
11 13 11
2 5 8
0 2 3
23 2 11
20 23 1
23 0 7
17 19 8
7 11 2
23 1 1
6 8 9
3 6 9
3 7 3
15 19 4
18 21 3
11 13 7
17 19 5
14 17 8
2 4 12
21 1 8
7 9 3
13 16 6
2 5 12
8 13 3
3 8 12
19 20 13
11 15 5
13 15 9
4 7 8
2 5 4
4 8 9
10 13 10
12 13 8
15 17 1
17 21 6
23 2 7
7 10 10
14 17 12
4 7 7
11 13 1
5 8 4
3 6 5
9 11 6
3 5 9
9 11 3
0 2 10
3 5 2
19 22 9
18 21 4
10 13 8
9 10 12
0 3 2
14 15 6
16 20 2
15 18 7
19 21 10
12 16 12
13 16 12
9 13 10
3 7 9
15 19 7
4 7 11
23 0 8
22 3 5
19 22 5
9 12 9
1 5 13
19 21 1
9 13 11
23 0 7
14 18 13
21 0 1
3 7 5
14 16 6
22 1 5
20 23 13
10 11 12
20 22 10
17 19 9
15 19 1
14 16 10
23 3 3
8 12 11
23 2 6
2 4 9
17 19 4
19 23 7
8 13 10
19 21 2
14 17 2
21 0 8
7 9 8
8 11 2
13 14 5
0 3 13
0 2 5
13 15 7
3 6 1
12 15 6
21 0 5
23 2 7
17 19 8
12 14 5
0 2 8
23 1 5
17 19 9
10 14 2
5 7 12
11 15 4
2 3 7
6 8 5
4 6 1
12 16 12
11 14 2
22 0 5
5 7 10
16 19 10
17 19 1
19 21 9
8 11 1
16 19 1
18 21 13
23 4 12
11 14 4
12 15 8
3 7 11
4 5 6
17 18 7
10 12 3
17 21 7
23 2 4
8 11 11
5 9 9
19 22 1
1 3 8
22 2 11
10 12 2
23 2 13
2 5 10
16 18 9
18 21 10
5 9 3
20 22 5
6 9 12
12 16 13
8 12 4
12 15 13
10 14 3
15 19 9
23 2 4
4 6 7
2 5 5
5 9 2
12 17 1
18 22 5
22 1 6
16 20 6
3 8 6
14 16 12
21 0 13
7 11 4
21 23 7
21 1 5
17 18 13
7 9 10
22 1 6
11 12 4
10 14 10
4 8 12
1 3 12
15 17 2
9 12 11
6 9 8
19 21 10
10 13 7
17 20 13
9 13 11
20 22 1
3 5 5
20 22 9
11 17 4
7 9 10
0 3 2
17 19 3
3 5 3
2 7 11
11 14 4
5 7 2
10 13 12
17 21 11
2 4 13
22 1 8
5 7 10
10 12 5
6 9 4
14 18 6
21 0 10
18 23 7
12 13 5
20 22 10
17 19 11
17 20 11
4 6 6
18 22 5
10 13 10
6 9 6
1 4 1
16 18 12
18 21 8
23 2 13
16 19 3
15 18 8
18 21 13
5 7 4
5 7 12
7 10 10
14 19 10
22 4 2
17 18 6
16 19 1
17 19 2
19 21 5
12 15 5
4 6 2
17 20 3
19 22 11
11 14 8
12 16 13
12 15 6
11 14 12
13 16 3
20 23 1
4 7 7
15 18 3
12 16 5
5 9 11
3 6 1
0 4 9
21 3 7
0 4 10
14 15 8
8 10 2
19 0 4
7 9 12
22 0 10
8 10 11
12 15 8
21 0 10
8 12 2
0 2 3
11 15 10
22 1 11
23 3 9
7 9 12
23 2 11
4 7 4
14 17 1
10 15 2
17 19 1
20 22 3
22 0 7
9 12 4
18 21 11
10 13 11
15 20 5
19 21 8
22 2 13
17 20 6
8 12 13
4 8 9
22 2 9
6 8 7
16 19 7
17 21 6
0 3 8
14 17 8
4 5 5
5 8 1
9 11 10
9 11 9
4 6 10
14 16 1
8 11 13
0 3 3
15 19 5
19 22 13
17 19 8
20 23 3
13 18 8
16 18 5
17 19 13
9 13 7
15 19 12
9 14 8
4 9 3
6 9 5
2 5 9
1 4 13
1 5 11
7 11 3
6 8 10
17 20 13
21 3 10
0 2 11
16 18 13
14 18 2
1 4 7
9 13 6
16 19 5
23 3 1
4 8 4
20 0 4
1 4 3
22 1 3
19 23 2
23 3 1
8 10 9
19 22 4
2 5 6
10 14 3
19 23 1
1 4 10
22 2 8
0 4 9
15 18 8
1 2 6
12 16 12
1 4 7
9 11 6
15 20 6
12 14 1
2 6 3
23 1 11
9 11 5
16 19 13
6 9 3
15 18 9
10 13 2
16 20 11
11 12 5
23 2 3
0 3 10
2 4 4
3 4 9
0 4 3
3 6 6
15 18 3
7 11 10
15 18 3
7 10 11
16 18 10
8 12 11
22 2 3
6 10 1
4 7 10
14 17 5
0 1 1
18 21 9
18 21 2
7 11 4
0 3 12
4 7 13
20 21 8
2 4 11
23 3 12
17 20 8
5 8 7
13 14 9
12 15 7
13 17 11
5 9 6
13 15 10
10 12 9
16 17 6
16 19 6
14 16 5
13 15 5
10 11 13
7 9 12
16 19 7
16 18 10
22 0 9
16 19 5
21 1 8
17 20 10
8 8 2
15 18 5
1 4 2
12 15 4
15 20 12
0 2 8
2 6 7
10 12 9
0 3 6
7 9 8
2 5 2
15 18 3
8 10 4
8 13 9
1 2 8
20 23 6
21 21 1
19 21 11
22 2 12
16 18 6
19 23 2
9 11 4
15 18 7
20 23 12
0 4 7
21 0 12
12 17 4
3 4 9
12 15 12
9 12 11
7 10 7
3 7 1
18 21 11
8 12 7
0 1 1
5 7 1
14 18 11
11 13 6
4 8 11
3 4 12
4 7 8
18 19 3
22 2 12
3 7 4
4 6 6
3 5 9
16 19 5
19 22 6
7 12 10
6 9 12
23 2 13
5 5 11
8 11 10
9 11 4
3 7 11
4 5 12
3 5 3
1 6 10
0 4 11
23 3 4
10 13 9
1 1 4
20 0 6
0 2 5
8 12 3
11 14 8
20 21 6
16 18 11
16 18 5
14 17 13
13 17 13
6 8 4
14 18 11
23 2 6
11 14 8
22 1 10
12 16 12
14 17 6
14 16 5
16 18 8
19 22 8
20 1 13
5 8 1
19 21 9
0 5 1
17 20 13
13 15 1
16 18 13
18 22 5
23 3 4
15 20 11
12 14 4
22 0 10
23 0 9
18 23 7
4 6 10
3 6 6
23 4 3
13 15 2
8 9 12
1 4 11
5 9 7
5 7 6
17 21 10
19 23 9
6 9 8
8 10 6
19 22 7
22 0 3
5 7 7
22 2 13
19 23 13
0 3 1
22 0 8
5 8 8
5 7 12
22 2 11
0 4 3
17 20 2
5 6 10
5 8 11
0 2 11
15 18 11
4 5 1
0 5 12
12 15 7
8 11 10
9 11 6
9 13 1
13 16 12
10 13 7
22 0 12
22 1 13
11 13 10
14 18 10
0 2 10
11 14 3
0 1 9
15 18 10
11 13 8
11 13 10
18 20 4
3 6 10
4 5 12
20 0 11
9 13 4
1 4 3
15 18 3
23 2 9
2 4 7
12 15 13
17 20 2
11 15 2
14 19 4
