1150 17
1 7 9 7 2 1 4 8 9 2 7 9 8 5 2 9 8 
22 1 13
0 2 14
20 1 2
20 22 10
17 20 2
17 20 2
1 4 6
0 3 12
9 11 3
9 13 6
5 8 14
13 15 2
8 11 7
17 20 11
22 1 4
14 16 3
11 13 3
22 1 4
2 4 1
17 19 12
17 20 16
15 20 3
20 23 14
21 23 7
12 14 16
15 19 15
22 1 11
2 4 9
18 20 5
23 3 2
1 4 15
13 16 11
13 17 10
20 23 13
0 5 17
13 17 6
11 15 13
11 14 17
23 1 10
18 21 1
12 14 9
15 20 1
14 17 16
22 1 7
3 6 15
19 23 12
8 12 4
14 16 16
7 11 1
10 14 16
4 6 7
16 20 5
16 20 13
20 21 12
3 5 7
20 21 9
13 16 12
21 22 10
3 6 11
9 13 4
7 12 13
7 8 2
11 14 11
21 22 5
22 0 4
0 4 4
1 3 10
14 17 13
0 2 2
23 4 13
19 23 1
5 7 9
3 5 1
12 14 5
2 6 8
15 20 6
7 12 12
23 4 5
6 9 5
9 13 12
2 6 4
20 23 14
6 9 3
20 0 10
19 23 7
5 8 8
8 11 9
7 11 17
19 23 14
8 11 12
6 8 12
16 18 15
22 2 3
0 3 7
19 23 16
14 17 6
16 18 5
12 15 1
13 17 16
14 17 5
10 14 1
5 9 13
8 13 8
8 10 1
17 20 14
18 21 13
15 17 8
17 20 15
8 11 5
12 14 9
13 16 9
21 23 14
8 11 11
14 17 9
17 20 2
17 21 14
4 4 9
22 1 6
7 9 6
20 23 4
8 10 11
1 2 7
4 7 14
23 3 4
10 14 12
0 4 9
14 18 12
11 14 12
15 17 11
3 6 8
10 13 2
1 4 7
15 20 15
22 2 13
10 13 6
7 9 11
21 23 12
7 9 12
20 23 4
12 15 12
23 3 11
10 11 15
5 9 16
18 22 3
19 0 16
15 18 15
11 14 9
3 5 7
11 14 14
19 22 2
3 6 9
16 19 11
17 20 4
12 14 12
17 19 11
0 3 14
15 17 5
18 21 5
12 14 1
8 11 4
20 1 17
6 10 15
16 18 2
12 14 3
15 18 6
13 16 10
22 1 2
16 20 13
20 22 13
5 8 15
10 14 3
19 23 11
2 5 15
14 16 17
2 5 8
6 9 10
1 3 1
0 2 5
8 10 14
9 12 13
4 7 13
2 6 4
10 14 4
22 1 3
21 23 10
14 15 2
20 1 10
9 13 4
8 11 1
13 17 1
14 18 3
16 20 1
6 10 7
0 2 15
1 3 4
10 15 17
16 19 12
13 14 12
0 5 9
14 18 10
14 18 10
17 19 4
18 23 17
19 22 2
5 8 9
16 19 16
15 19 2
18 22 16
2 6 8
8 11 14
6 10 16
14 17 12
6 9 10
6 8 5
8 10 8
15 18 8
13 15 3
7 10 8
19 0 7
10 13 15
16 19 3
13 17 16
10 14 6
5 9 15
23 2 2
14 18 15
19 22 16
5 7 8
6 10 13
19 23 8
11 14 6
11 15 12
15 18 10
4 5 6
15 18 7
17 21 3
20 22 12
7 9 16
13 16 3
21 1 10
7 11 6
17 22 1
0 5 12
9 12 15
11 14 3
13 16 8
18 19 6
16 19 11
8 11 7
22 1 15
21 0 1
14 17 13
4 6 9
11 15 6
5 7 1
15 20 5
10 13 15
10 12 16
10 14 5
18 21 7
1 4 14
18 21 4
20 23 14
5 8 12
10 12 16
20 23 13
3 7 2
0 2 14
21 23 4
8 10 8
4 9 8
2 6 7
0 2 6
15 18 3
17 19 8
8 11 17
17 21 15
11 14 17
14 17 16
14 17 13
17 19 17
20 0 2
11 15 1
6 10 11
6 9 10
18 21 16
13 16 17
19 22 6
5 8 2
4 7 2
23 1 11
12 15 1
16 19 16
2 6 5
1 5 4
2 4 15
2 4 8
21 0 5
23 2 7
20 0 5
21 0 7
12 13 12
19 23 17
7 10 7
15 19 6
0 2 10
1 3 6
5 8 13
15 18 14
13 16 3
5 7 17
0 2 1
3 5 2
8 11 9
4 6 12
8 11 6
12 14 6
11 16 1
10 10 17
8 12 6
10 15 10
17 22 1
23 1 3
20 23 1
15 18 9
20 23 4
23 4 13
3 6 6
18 21 5
6 10 4
6 9 9
5 9 1
20 21 17
2 4 10
2 6 17
11 15 6
18 21 1
5 6 13
8 9 5
15 20 7
14 15 17
4 7 17
11 14 6
22 2 9
11 15 8
16 21 3
12 15 16
19 21 15
15 17 17
19 23 9
7 12 5
4 5 15
16 18 9
16 19 4
7 11 13
9 13 1
10 13 12
12 17 3
5 7 3
3 6 6
10 12 14
12 15 12
8 12 6
12 16 3
18 22 17
11 14 17
5 10 13
23 1 10
23 2 3
19 23 13
15 19 15
2 6 16
22 1 12
6 9 7
6 8 6
17 22 3
21 1 7
12 14 3
23 2 17
6 10 3
13 17 11
16 19 6
6 8 7
4 7 10
23 1 13
6 12 2
6 9 3
15 19 4
9 13 15
6 9 9
10 12 12
12 16 15
16 20 17
19 22 1
16 18 5
4 10 15
2 5 10
15 19 1
4 6 16
20 22 11
5 8 2
12 16 12
17 20 13
6 10 4
23 3 2
2 4 15
2 5 10
20 21 3
8 10 14
14 18 1
16 16 5
0 4 12
2 5 6
3 6 11
11 16 1
11 14 8
15 18 1
15 17 17
10 14 11
3 6 6
11 13 12
22 2 5
11 14 5
13 18 14
7 10 3
11 14 16
15 17 12
21 22 15
19 20 15
22 0 11
14 21 2
16 19 11
7 12 13
1 3 10
6 9 1
16 19 2
0 2 17
19 20 13
15 16 15
20 23 15
10 14 10
9 12 16
17 20 12
23 1 7
22 2 5
21 0 6
13 16 6
1 5 8
6 8 5
23 2 2
15 17 11
6 8 13
18 21 9
20 22 6
17 20 12
21 0 12
15 18 13
12 15 15
10 12 16
7 11 11
16 20 14
16 16 14
4 8 13
13 16 11
10 15 11
21 0 17
19 21 14
0 4 14
14 19 8
18 22 10
6 10 10
15 20 9
19 21 16
19 22 14
10 12 7
18 21 11
16 18 10
12 14 17
0 4 16
10 11 9
7 9 1
12 15 6
13 15 17
6 9 17
11 14 14
2 6 9
1 2 15
13 15 13
21 23 13
9 12 5
0 2 12
8 11 2
5 9 7
15 19 8
21 23 11
12 16 1
6 8 2
4 7 10
15 18 3
14 18 2
13 16 13
11 14 4
17 19 8
19 23 15
1 3 7
21 0 6
2 4 17
15 19 2
6 9 16
6 9 11
20 0 7
13 16 10
13 15 11
17 19 4
23 2 14
5 9 6
7 12 1
7 10 10
2 5 3
5 8 4
8 13 6
19 21 6
23 0 5
12 16 4
17 21 15
11 14 6
13 18 14
9 11 16
15 17 16
18 21 6
9 14 1
19 22 3
19 21 7
3 5 17
5 7 5
13 15 3
23 3 8
18 22 14
18 20 13
19 22 2
3 3 5
11 15 10
12 16 14
21 23 13
3 6 9
16 21 15
15 17 6
10 13 12
20 23 14
14 17 12
3 5 13
16 18 17
2 4 17
8 12 6
15 16 11
1 4 12
3 8 4
2 5 3
6 11 9
17 18 15
10 12 1
13 17 4
14 18 16
19 0 13
9 11 11
7 9 11
12 14 7
3 7 3
10 15 1
20 1 11
11 14 2
9 11 14
23 1 3
7 11 15
20 23 14
18 20 17
16 20 8
23 1 3
12 14 12
0 2 5
17 20 14
14 18 8
16 17 5
12 15 1
13 16 17
7 10 13
7 9 5
1 5 5
22 4 4
6 9 8
0 4 15
7 10 3
20 22 17
15 19 4
4 6 9
12 17 3
7 11 13
5 8 5
3 4 12
19 21 11
19 21 13
22 3 1
8 12 5
2 3 11
16 18 16
18 23 6
2 5 9
2 3 4
6 8 11
5 8 1
5 8 5
3 5 10
8 12 4
22 0 6
3 6 10
23 1 16
23 4 2
20 0 13
2 6 8
16 19 11
23 3 1
6 9 6
4 9 17
10 12 7
23 3 10
22 2 4
7 10 14
23 0 2
12 14 6
19 22 8
1 5 2
20 22 17
17 21 9
18 21 6
10 14 8
13 16 1
13 16 16
22 1 17
3 6 2
22 1 15
22 0 3
14 16 5
2 5 11
17 19 1
13 18 11
4 6 2
2 4 8
23 3 17
17 22 5
17 20 10
14 16 15
4 10 10
8 12 15
4 7 17
13 15 10
14 16 16
19 22 8
3 6 16
7 11 10
9 13 2
12 14 8
15 18 6
7 11 4
9 13 5
12 14 6
11 14 7
22 0 4
22 2 11
4 8 5
0 3 9
3 4 8
1 2 9
11 15 5
1 3 12
22 3 4
14 15 4
16 19 8
1 3 11
5 8 5
9 10 1
1 3 10
4 6 8
17 20 7
10 13 4
8 11 2
5 8 8
19 0 1
7 12 17
10 12 9
10 11 2
7 10 4
0 2 3
9 11 6
14 18 15
3 5 12
9 13 5
10 13 3
19 23 10
14 19 14
4 8 6
10 14 5
12 15 3
8 9 7
6 8 7
17 21 15
6 7 11
13 17 4
2 4 10
23 1 4
4 7 7
23 2 13
14 15 17
14 18 8
18 20 6
18 22 7
0 4 10
20 22 1
5 9 3
12 14 10
7 9 10
12 16 9
7 10 10
2 6 17
16 20 8
21 23 14
6 11 13
22 0 12
4 7 13
14 18 6
4 7 8
15 19 11
6 9 12
10 13 13
13 16 17
11 15 16
16 19 11
15 18 12
15 17 3
5 9 11
22 0 14
17 21 15
4 6 8
19 22 15
0 4 12
14 17 16
15 17 16
7 9 1
5 7 17
9 11 2
20 23 12
3 5 1
5 8 4
12 14 7
7 11 15
23 2 2
22 1 10
4 6 8
10 12 11
15 16 11
16 17 4
19 22 10
15 19 11
15 18 1
3 6 9
13 15 7
0 3 12
16 19 4
6 8 8
18 21 6
6 10 17
6 8 5
0 1 13
21 1 16
6 9 5
7 10 3
1 4 1
4 6 14
10 14 4
11 16 12
1 6 5
21 0 16
14 17 14
6 9 5
18 21 1
1 4 13
10 13 4
3 5 7
23 1 9
2 5 5
20 22 10
21 1 4
6 10 12
20 21 14
15 17 17
7 11 4
1 4 10
22 0 4
13 16 1
17 20 11
4 8 13
16 18 3
22 1 5
10 11 17
13 16 1
5 6 4
11 14 7
11 14 17
0 2 8
9 13 10
13 15 3
17 21 1
21 1 17
9 12 4
12 15 13
4 8 6
6 10 8
22 2 14
1 7 17
14 17 15
23 4 5
1 3 2
10 13 11
15 17 9
17 20 10
0 2 2
4 6 7
15 17 11
15 20 7
19 22 11
4 6 15
10 13 16
19 21 15
13 16 9
3 4 13
4 7 10
13 16 7
4 9 15
12 15 11
14 18 14
11 12 12
6 9 16
20 23 11
7 12 11
21 0 5
12 16 9
15 18 6
20 1 12
17 19 5
0 4 2
21 1 12
9 12 2
18 21 14
0 4 6
17 20 4
12 16 16
12 16 17
16 20 2
3 6 9
16 18 8
10 13 5
19 22 2
2 5 11
15 19 10
0 4 13
18 20 14
21 0 8
10 12 17
19 22 1
16 20 7
17 21 4
19 20 5
19 21 6
4 6 8
6 8 1
13 17 9
19 21 14
8 11 9
19 22 10
15 18 11
1 4 1
12 16 14
19 23 4
5 8 17
1 4 12
22 0 6
23 1 16
2 6 11
20 23 11
17 19 13
4 10 9
9 13 11
3 4 6
15 18 8
4 6 10
6 7 6
6 9 1
23 2 9
23 2 15
4 6 13
4 8 4
1 6 13
2 4 12
19 23 6
1 3 9
4 7 1
16 18 16
12 15 17
16 19 6
21 0 17
0 3 8
5 8 3
8 11 11
17 20 10
15 18 16
14 18 17
13 17 9
1 2 10
8 10 8
14 19 11
0 2 14
16 19 4
0 1 3
21 23 14
5 7 15
12 14 6
14 19 4
8 10 13
2 5 3
5 7 9
2 8 14
6 11 10
19 21 11
14 16 13
15 18 7
15 19 11
10 13 5
7 11 15
16 20 17
6 8 9
9 13 8
21 21 11
7 9 11
11 14 3
7 10 4
1 4 5
6 11 11
2 4 9
9 11 14
21 0 9
5 8 6
22 1 1
19 22 11
5 7 15
14 18 16
19 20 11
15 17 2
11 14 9
15 19 8
21 1 4
9 12 8
12 16 14
7 11 2
12 15 12
13 16 10
12 16 1
2 3 6
12 15 1
15 19 5
10 11 17
12 13 17
5 9 14
2 5 13
4 6 11
12 14 2
2 7 15
9 12 16
13 16 7
10 14 11
15 19 17
9 12 7
13 18 10
6 7 6
2 6 7
16 20 17
23 2 11
19 23 10
11 13 15
16 19 5
14 18 8
16 20 10
10 15 12
17 20 12
4 9 4
14 19 5
23 3 7
0 4 15
9 12 14
17 20 14
17 20 5
20 23 11
7 11 5
5 9 2
1 4 4
14 16 9
21 23 6
20 23 16
15 17 14
9 13 17
10 13 14
21 0 2
18 23 8
10 14 2
13 16 8
5 9 13
8 11 4
17 20 13
16 19 9
17 17 16
12 15 2
13 15 16
17 20 17
1 4 10
19 23 14
16 20 4
13 16 5
3 5 1
10 13 4
18 22 1
16 18 1
10 14 10
19 21 3
10 13 10
0 3 8
11 16 9
16 19 14
15 17 13
15 19 12
15 17 1
3 6 12
4 8 3
13 16 2
7 11 14
3 7 3
23 1 11
16 19 2
15 17 11
2 6 17
14 16 14
6 9 9
2 5 6
3 8 14
6 10 12
22 1 9
8 11 15
14 17 16
5 9 2
7 11 2
1 5 8
23 2 2
14 18 7
15 19 8
14 17 3
14 15 9
12 16 1
15 18 2
10 12 1
23 2 10
20 23 17
12 16 10
7 10 2
12 14 1
14 16 2
12 16 8
12 12 10
1 5 15
19 23 12
14 17 11
7 9 11
15 19 10
14 18 4
23 3 3
14 17 9
22 2 6
13 16 1
1 3 11
22 0 4
14 16 17
1 5 13
17 20 15
0 3 11
8 11 11
6 9 11
21 1 3
3 5 16
1 5 5
11 14 2
14 17 13
12 14 7
19 23 7
23 3 10
14 16 10
10 12 9
3 5 2
11 15 9
2 4 8
21 0 15
14 17 12
17 20 17
8 13 2
11 13 12
10 10 2
6 9 13
7 11 6
21 0 6
20 22 7
16 19 8
5 10 6
4 9 3
21 1 9
14 16 2
16 19 12
0 2 1
8 10 11
4 9 16
9 13 16
23 2 14
8 11 3
14 17 6
13 16 12
2 6 3
21 0 8
13 14 4
20 23 13
14 16 6
11 15 10
15 17 14
9 12 2
7 11 10
21 1 5
1 4 4
17 19 16
9 11 9
23 1 4
23 2 14
18 21 13
15 17 14
3 4 16
10 14 17
20 23 16
10 14 7
