1050 8
2 8 2 8 6 9 1 10 
2 4 4
16 20 2
4 7 7
2 5 7
8 10 6
12 17 3
11 15 8
1 4 1
1 5 1
20 22 2
8 11 6
7 10 6
19 22 8
6 11 8
22 1 3
7 10 2
8 10 7
22 1 3
13 16 8
9 14 7
12 13 1
16 20 2
0 3 6
19 22 3
16 19 2
1 5 3
11 15 2
16 18 7
1 5 2
21 1 8
4 7 4
9 13 1
19 22 2
7 11 4
13 16 4
19 21 5
20 22 3
9 12 3
10 13 7
14 18 6
5 9 4
19 22 4
23 2 4
7 10 7
2 4 4
20 23 4
4 8 6
5 8 5
21 23 6
7 11 5
4 6 6
8 11 7
20 23 4
15 18 7
6 9 5
17 21 7
22 2 3
21 0 1
4 7 6
13 16 5
10 13 1
6 10 8
15 19 5
15 18 7
2 4 2
20 22 3
9 11 4
23 4 6
11 14 1
13 15 3
2 4 8
22 23 4
0 4 6
6 10 3
19 23 5
2 6 6
16 19 2
7 9 7
8 11 2
4 9 6
11 15 8
11 14 3
13 16 5
3 6 6
9 11 8
20 0 4
2 6 4
21 0 5
1 4 6
23 3 4
13 16 6
10 13 8
9 12 5
14 16 3
18 21 4
1 6 7
0 2 7
18 21 4
6 10 5
15 19 8
20 0 5
11 14 2
22 0 5
16 19 2
19 21 4
13 18 7
16 19 7
19 21 8
1 3 3
16 18 5
4 5 8
9 12 3
12 14 6
21 23 2
16 18 7
15 17 1
3 7 8
0 3 5
13 16 1
0 4 8
15 19 5
17 19 7
12 15 4
0 3 4
2 6 2
22 1 5
7 10 5
4 8 6
0 1 1
5 9 1
8 12 1
21 1 5
15 18 2
11 14 3
18 21 7
2 6 2
6 8 1
3 5 2
16 17 3
13 15 6
0 3 2
8 12 7
12 15 4
9 12 8
17 20 1
18 21 2
4 7 4
20 23 4
15 18 7
23 2 1
8 9 4
4 6 7
1 3 4
3 5 4
6 10 3
5 8 5
0 4 5
18 21 1
20 22 1
5 7 7
15 18 8
6 9 2
11 13 4
12 16 1
1 5 7
18 21 5
11 15 8
13 16 5
3 5 2
21 23 4
13 15 3
1 3 1
0 3 2
20 22 1
23 2 5
2 4 4
18 20 2
8 11 6
6 9 7
23 2 3
16 20 4
4 6 7
16 20 6
8 11 6
18 20 8
18 21 4
15 18 4
0 4 2
10 16 6
19 22 3
17 20 6
19 21 6
11 13 7
2 5 2
14 18 1
22 23 2
2 6 4
2 6 8
15 20 8
19 21 3
16 20 2
18 21 6
14 16 3
5 8 1
19 22 2
0 3 5
13 16 5
3 7 3
4 8 6
10 14 1
5 9 6
21 0 4
11 13 6
17 19 6
5 11 3
21 1 6
4 8 7
0 4 8
6 7 6
19 21 5
14 17 6
9 13 7
11 13 5
20 22 3
14 17 4
23 1 1
0 4 3
15 18 6
2 8 1
1 3 3
18 21 2
17 22 1
17 20 8
22 23 3
21 1 7
11 14 5
12 14 7
5 9 6
14 17 1
16 17 1
19 22 7
6 7 2
11 14 6
3 8 4
14 18 5
16 21 7
4 7 3
21 23 1
14 19 5
20 23 3
8 12 6
18 21 7
9 12 7
10 14 1
17 19 5
18 22 2
0 3 2
18 22 3
20 0 3
3 5 5
16 19 5
22 2 8
4 8 2
0 3 5
5 9 7
12 13 6
9 14 7
0 4 6
2 4 1
21 0 3
22 2 3
23 2 5
4 7 6
2 5 4
5 9 6
0 4 6
19 22 5
0 2 5
4 7 8
9 12 3
6 8 2
7 11 3
23 1 1
19 21 8
0 3 8
19 22 2
21 23 2
17 20 2
16 20 6
4 7 8
8 11 8
23 2 6
18 20 2
6 10 7
9 11 2
13 17 1
13 15 2
21 1 1
14 18 6
17 20 4
3 6 2
13 17 5
2 6 1
20 23 5
7 11 1
12 15 4
21 22 5
20 23 8
14 16 4
3 5 7
9 13 4
22 2 5
17 21 4
2 3 3
15 19 4
3 5 3
15 18 8
7 10 5
21 0 6
9 10 4
21 2 7
13 15 4
5 9 2
3 5 4
5 9 2
22 1 6
16 21 1
0 3 3
19 21 7
15 19 4
6 10 6
3 6 3
4 6 8
11 15 2
6 9 2
1 3 7
21 1 5
9 13 2
3 6 3
19 23 1
17 20 8
2 3 5
23 3 5
15 17 4
7 9 6
22 1 3
12 12 1
1 3 3
18 21 5
7 10 5
2 6 5
13 16 2
16 19 4
2 7 3
0 4 8
10 12 5
20 0 6
23 3 7
2 4 5
7 13 2
0 4 4
20 0 6
9 12 7
6 9 6
22 0 8
2 8 2
11 15 8
6 10 1
13 18 1
8 10 7
20 22 4
4 7 4
21 1 5
19 23 2
1 5 8
23 3 2
11 12 7
9 12 3
5 9 7
18 21 2
5 7 2
17 20 6
18 20 8
6 9 4
8 14 7
8 9 7
4 6 5
7 10 5
12 13 2
20 0 7
15 18 2
22 2 7
2 5 6
15 18 4
19 21 4
23 2 7
20 23 7
4 7 1
7 8 7
20 1 8
19 22 2
18 20 5
1 4 8
9 13 3
1 4 1
5 7 2
3 6 7
13 15 7
2 5 7
22 1 1
21 0 1
20 23 4
13 14 3
21 0 5
19 21 5
20 0 7
0 3 5
8 13 8
1 6 6
14 16 2
7 10 1
16 19 2
11 16 5
8 12 7
4 7 3
5 7 8
2 5 1
12 15 2
7 9 1
5 7 4
2 5 2
4 6 1
6 10 5
21 0 8
22 1 8
12 13 2
13 16 8
5 7 1
0 2 2
2 6 5
15 18 7
16 20 6
10 13 1
15 18 7
8 12 6
3 7 4
12 15 6
5 10 2
7 10 1
6 9 5
21 1 2
18 22 6
20 23 1
13 16 4
4 7 2
2 7 3
4 8 6
19 20 6
17 20 8
7 11 1
16 20 1
18 20 6
13 16 1
8 10 1
11 16 8
1 3 4
4 8 5
18 20 5
19 0 6
17 20 4
15 18 1
21 0 5
16 19 3
6 9 1
16 20 2
6 10 6
2 6 5
9 12 3
21 22 1
18 21 4
19 23 2
17 21 8
14 15 4
23 3 7
19 22 7
16 19 1
3 6 2
17 19 8
13 17 3
9 12 3
12 14 5
8 9 8
5 8 1
2 6 5
7 11 3
5 9 8
10 15 3
20 1 4
11 15 6
9 9 4
15 18 1
1 6 5
10 12 7
15 18 2
1 5 3
9 12 3
15 18 2
10 12 2
2 6 8
16 20 6
23 3 8
13 16 8
4 6 3
4 8 3
10 14 6
6 10 5
2 4 4
8 10 1
10 12 1
0 3 6
23 2 5
6 11 2
15 19 8
9 12 2
9 14 6
18 21 7
2 3 5
4 7 2
21 1 6
21 0 8
18 22 7
21 1 1
2 6 3
21 1 7
3 6 7
19 22 8
4 7 7
6 9 5
8 11 4
2 5 3
2 4 6
7 9 6
22 2 1
8 13 4
16 19 7
17 20 6
14 17 6
15 18 6
10 13 7
21 0 4
23 1 5
9 11 7
15 18 3
22 1 5
10 13 7
0 5 3
5 10 4
8 10 2
17 21 7
17 17 3
11 14 2
8 12 7
7 10 2
20 22 7
18 20 8
18 21 7
5 8 7
22 2 7
7 10 8
4 7 4
6 8 5
21 23 8
17 21 3
8 11 1
0 3 2
5 10 1
5 9 5
0 3 3
6 8 5
20 1 2
10 14 6
12 15 3
10 13 1
20 22 1
12 17 6
3 6 4
5 10 3
16 22 3
8 10 7
20 0 3
2 4 4
11 15 8
4 6 1
7 10 4
18 21 6
1 5 5
11 15 3
8 10 2
4 8 6
14 16 7
19 22 7
21 22 4
23 2 3
21 0 1
4 8 6
17 20 5
6 8 5
17 20 5
11 14 5
15 17 6
17 18 6
22 1 5
20 23 1
4 8 1
15 18 7
8 12 6
13 16 8
20 0 8
4 9 8
17 20 2
11 14 3
13 16 8
1 3 5
18 20 3
19 22 5
23 3 7
17 21 2
19 22 7
22 1 1
8 10 4
14 16 6
22 0 2
2 5 2
0 3 5
19 22 8
18 23 7
16 18 2
2 4 7
23 3 7
22 1 2
13 15 1
15 18 5
19 22 2
0 2 7
22 2 1
23 2 3
21 0 3
19 22 5
9 15 8
15 17 6
23 3 2
13 16 2
16 18 2
16 20 4
1 5 1
3 8 8
13 16 8
0 3 1
9 12 3
6 9 7
23 2 8
7 10 7
14 17 3
7 10 5
20 22 3
22 1 2
20 23 1
3 6 5
16 17 7
4 7 5
10 13 3
20 22 8
20 22 2
20 0 1
19 22 4
7 9 4
17 19 1
10 11 5
13 14 2
19 22 2
9 13 3
18 23 2
22 1 8
0 2 1
4 8 4
14 18 8
4 8 4
14 16 8
17 20 4
12 16 1
21 3 1
20 23 6
3 7 6
5 6 6
20 1 4
20 23 7
11 15 7
14 17 6
11 13 3
16 18 3
0 4 3
19 23 7
13 17 6
7 8 7
1 6 2
4 7 5
5 9 8
5 9 2
6 8 6
0 2 1
6 10 7
16 21 1
8 11 1
23 3 1
6 9 1
0 2 3
11 14 7
1 5 2
4 7 3
15 17 2
3 6 7
18 22 4
16 19 4
17 21 7
3 5 5
3 7 4
19 22 6
8 11 8
22 1 2
1 3 4
18 20 2
16 20 7
1 4 8
22 23 2
23 3 5
5 6 6
12 14 2
10 14 1
11 14 8
13 15 7
22 2 5
6 11 4
16 19 1
2 5 6
23 2 2
7 10 2
16 18 5
9 12 3
23 3 7
1 5 4
3 4 2
4 6 8
15 19 5
13 19 4
4 7 4
3 5 6
16 20 8
16 18 7
7 10 4
9 12 8
17 20 5
2 5 7
18 22 8
21 23 6
17 20 1
4 7 4
10 13 2
15 19 7
21 1 6
19 22 6
16 19 1
17 20 6
12 13 8
17 22 6
14 17 1
10 14 7
22 1 5
5 9 4
7 10 8
11 14 2
9 12 4
21 0 8
3 7 3
4 6 6
22 0 3
18 18 5
19 20 8
7 10 1
17 20 3
4 8 6
13 17 1
19 23 3
10 13 3
5 8 7
22 1 2
15 17 6
21 23 8
3 7 4
18 20 2
1 4 6
10 12 2
4 8 6
15 18 1
0 3 8
14 15 3
20 21 8
22 2 3
7 11 2
8 12 3
5 9 5
0 4 6
21 21 4
9 12 7
1 4 3
11 15 1
17 22 4
17 19 2
1 5 1
16 19 4
18 20 1
5 8 3
16 19 7
3 4 8
11 12 6
23 1 7
18 23 6
19 22 8
23 1 8
19 23 5
15 17 2
22 0 3
0 2 4
1 4 1
1 4 7
23 1 7
10 13 3
3 7 8
5 8 5
5 7 6
21 0 5
4 9 3
22 0 8
3 5 3
14 16 3
2 5 4
5 9 6
20 22 2
20 22 2
15 16 7
11 15 6
17 21 5
12 14 5
15 19 2
11 14 6
16 18 1
18 21 7
8 12 8
16 18 6
21 0 3
21 23 2
10 12 3
20 23 8
3 7 2
11 14 2
23 3 3
4 7 2
12 17 8
14 17 4
10 13 8
19 0 8
19 21 1
19 22 4
4 9 2
14 19 8
22 1 7
19 21 8
4 7 5
19 22 3
22 1 6
16 17 2
14 18 6
9 11 8
13 17 8
22 23 5
21 23 5
9 15 5
9 10 3
16 18 4
19 23 1
1 4 2
13 15 6
11 14 8
18 21 4
23 2 8
18 20 3
11 13 7
0 4 1
2 3 4
20 22 7
8 12 5
14 18 2
4 7 8
2 5 8
3 6 7
7 10 5
23 2 7
10 15 5
2 5 5
0 3 6
16 19 2
13 14 6
19 21 3
15 18 8
15 18 7
10 12 6
4 7 8
11 12 7
22 2 2
5 8 7
15 18 6
17 20 3
1 5 5
20 23 2
16 20 8
2 6 6
17 20 5
14 19 2
1 3 4
11 16 6
6 9 3
17 17 2
18 21 3
2 6 1
14 18 7
21 1 3
9 11 1
9 12 8
14 18 7
20 23 8
20 0 1
23 1 8
23 2 2
9 12 3
7 11 6
22 2 6
19 21 4
10 13 6
4 6 7
20 0 3
6 10 6
14 17 2
8 12 4
15 17 5
4 6 1
3 6 1
8 11 4
14 19 4
18 21 4
8 12 6
2 6 1
19 23 3
12 15 3
15 19 1
6 9 6
5 7 7
14 17 8
19 23 6
1 5 8
2 5 8
3 5 8
13 16 3
12 15 1
1 3 8
2 4 3
11 15 8
18 22 4
6 9 1
9 13 1
19 23 8
15 20 6
5 7 8
17 19 7
4 6 7
6 10 2
12 16 5
3 6 2
3 7 3
23 2 7
6 10 7
2 4 7
19 22 3
17 21 2
11 15 2
4 6 3
16 21 4
8 11 3
3 5 8
8 11 4
4 8 4
13 14 2
20 23 3
8 12 1
18 21 1
19 23 8
15 18 6
2 5 1
13 16 2
20 1 8
4 7 8
8 9 2
22 1 5
15 17 4
7 10 8
6 11 2
11 15 8
1 4 2
19 21 5
11 14 7
0 3 3
10 15 2
16 19 3
19 23 7
12 13 3
0 5 4
3 5 7
16 19 4
3 5 3
5 7 2
4 7 7
23 3 2
6 9 2
15 18 2
10 11 2
5 8 4
0 2 2
5 9 1
21 1 5
10 14 2
4 7 3
18 23 4
23 2 3
10 13 2
1 4 6
17 20 4
14 16 2
20 23 3
13 16 4
19 21 7
6 8 8
8 12 5
