900 17
1 1 9 7 7 3 3 8 2 4 9 6 8 7 8 10 10 
11 14 6
9 12 7
6 10 8
19 21 10
19 23 17
19 22 13
0 4 4
1 3 2
17 21 14
13 16 8
14 16 1
14 18 11
11 15 3
13 16 16
15 18 11
10 14 2
12 15 13
5 7 17
23 2 11
10 13 1
14 18 2
7 11 12
9 13 17
12 15 3
15 18 11
10 12 2
21 0 6
2 5 6
13 15 6
9 12 16
11 16 15
5 7 14
10 15 2
22 1 4
13 17 10
22 23 13
11 14 8
17 21 4
8 11 14
11 16 14
21 0 7
2 5 11
10 12 17
0 3 2
14 19 8
0 3 15
2 4 5
20 23 14
11 14 11
21 0 3
2 4 16
22 1 8
15 18 7
18 22 14
3 5 2
8 13 10
22 0 10
15 20 3
13 15 9
2 6 9
14 18 12
15 18 12
19 20 13
18 20 13
20 23 7
5 8 7
2 6 12
23 3 13
4 6 4
8 10 14
8 11 3
0 4 9
15 19 4
15 18 9
3 5 16
15 18 5
1 4 9
17 20 6
13 14 6
8 12 4
8 12 8
1 4 5
9 12 6
7 10 15
11 14 7
19 21 10
5 8 6
21 0 13
5 7 15
15 17 15
8 11 10
22 1 5
4 8 9
5 6 16
6 10 5
19 23 3
8 9 15
4 7 2
4 7 11
14 17 14
8 11 2
17 23 17
22 0 10
3 7 5
17 21 5
6 9 2
5 8 9
14 19 9
5 8 17
11 12 10
18 22 4
22 0 16
18 21 9
3 8 4
8 11 6
9 13 15
14 16 15
7 11 4
22 1 12
5 8 17
20 23 8
21 1 2
21 0 9
16 18 15
2 5 14
21 23 4
5 8 17
15 20 4
2 6 10
19 22 7
11 15 16
12 16 2
4 7 7
18 21 4
6 9 2
17 19 4
1 5 12
11 15 1
2 4 7
7 10 3
8 10 8
8 11 3
12 15 2
6 10 8
19 23 7
21 23 13
23 1 7
11 14 9
4 7 16
18 22 7
12 14 1
14 16 6
20 0 2
2 4 14
13 17 17
11 14 16
0 2 3
15 18 7
21 2 5
0 3 9
1 4 3
19 23 12
21 23 1
4 7 2
13 14 2
13 13 14
9 12 13
7 10 8
11 14 13
17 21 7
18 21 12
23 1 9
17 21 13
9 11 7
20 0 1
9 12 2
2 5 17
12 16 17
4 9 15
1 3 7
22 0 2
16 19 7
6 8 12
0 3 9
10 14 8
22 0 15
23 3 16
20 23 5
19 22 13
17 21 4
0 5 10
1 4 13
8 10 4
8 12 2
16 20 6
16 19 12
12 13 3
17 20 16
13 17 16
14 19 13
7 11 9
22 0 7
14 15 12
7 10 14
14 17 1
21 0 6
5 9 9
14 18 14
15 18 6
19 0 6
12 14 4
5 6 2
21 0 8
19 23 11
19 20 17
13 16 12
18 20 2
8 10 14
19 21 3
10 13 5
9 13 2
18 20 10
17 19 12
14 16 16
10 16 1
19 22 7
13 17 3
8 11 4
17 21 17
12 13 1
16 19 1
4 7 3
1 3 4
12 15 17
21 0 3
14 18 16
23 2 2
0 4 10
23 2 9
12 14 7
7 10 10
2 4 12
13 17 14
18 19 4
17 20 9
15 19 13
20 0 14
9 11 6
7 9 3
16 19 17
7 11 6
18 22 4
1 2 16
9 12 4
22 0 9
23 0 16
4 6 1
19 21 13
2 6 16
8 13 17
7 10 14
12 14 12
23 1 9
19 23 8
17 21 3
21 0 6
1 4 4
23 3 5
6 9 15
15 18 13
0 2 12
17 19 3
7 9 5
10 13 15
17 20 3
18 18 2
15 20 7
11 13 7
4 8 2
3 5 9
15 20 13
17 20 8
1 3 7
23 3 14
10 14 12
4 8 3
6 8 14
19 22 16
23 2 11
6 10 10
16 18 17
7 11 7
11 13 8
18 21 5
4 9 9
22 1 15
18 20 3
0 2 15
12 16 2
19 23 1
1 5 17
0 3 2
1 3 14
3 6 11
9 12 7
17 20 15
10 14 10
10 13 8
3 7 8
20 0 6
0 2 3
19 23 5
20 0 5
6 8 2
9 11 8
14 16 11
7 10 14
5 8 7
4 6 15
22 1 12
0 2 2
9 12 5
8 10 1
22 3 7
17 21 4
5 7 6
2 4 17
13 15 9
21 1 7
2 7 6
21 1 17
0 3 8
0 2 4
12 16 12
9 11 12
17 18 6
22 1 11
16 18 12
16 19 7
17 22 11
1 5 1
0 2 13
4 7 6
21 1 11
21 23 8
23 4 4
11 13 3
12 17 8
17 19 15
4 6 13
18 22 5
14 17 17
10 14 9
7 9 4
5 7 6
0 4 10
13 17 7
4 6 8
6 8 16
19 22 3
16 20 15
23 2 12
18 21 2
3 6 15
2 5 5
1 3 10
22 1 11
17 20 5
20 22 6
0 4 3
1 2 6
10 12 8
3 5 13
3 6 15
0 4 9
18 22 2
5 7 17
18 21 12
13 15 12
9 11 7
13 16 17
15 17 5
9 12 5
18 22 13
0 4 13
14 16 13
2 6 11
16 18 6
17 21 9
20 23 10
14 16 6
0 3 13
18 19 10
19 0 1
7 11 5
8 12 6
12 15 11
11 12 3
22 1 16
14 15 8
22 2 2
19 0 6
10 14 3
7 10 9
23 3 3
4 8 5
19 22 12
17 21 14
13 15 12
11 14 4
21 1 7
6 8 3
10 12 11
8 12 6
2 4 2
22 2 12
18 20 12
20 22 1
23 2 1
20 23 10
1 4 17
0 4 16
9 12 12
14 17 17
10 13 3
23 2 5
9 13 2
3 6 6
15 18 9
14 16 16
17 19 9
1 3 1
16 21 4
8 10 11
12 13 10
21 23 16
23 4 8
15 18 14
14 17 11
19 23 9
9 12 9
15 17 7
20 21 5
6 11 11
17 21 17
14 15 3
0 2 6
12 18 1
19 23 15
11 14 2
7 11 6
10 15 15
2 5 10
23 1 6
1 4 16
0 4 11
16 19 7
3 6 10
9 11 13
22 1 15
5 9 2
17 19 14
18 22 4
5 6 17
15 18 13
3 6 4
6 11 2
12 14 9
20 1 16
20 0 10
18 21 6
0 3 4
0 3 17
9 13 5
15 20 15
9 12 6
4 9 1
11 15 9
17 21 13
1 3 6
7 10 6
3 6 3
1 5 2
8 11 14
18 21 7
21 0 13
15 17 9
1 3 8
6 9 14
18 21 9
23 2 8
13 16 1
23 0 12
1 3 16
4 9 11
10 13 2
18 21 2
5 7 8
13 16 5
18 21 13
17 19 2
16 19 11
22 0 15
6 9 9
15 19 9
8 11 3
0 4 10
2 5 11
10 12 17
11 13 1
12 16 15
7 12 15
17 21 1
7 9 9
10 14 10
1 3 7
17 20 11
11 14 14
7 11 6
14 17 7
6 7 3
15 18 1
14 18 4
13 16 5
22 0 16
20 23 6
14 17 17
9 13 17
11 12 4
18 19 11
0 4 14
13 17 6
14 18 4
21 0 6
17 22 17
3 7 17
1 5 7
0 3 9
2 6 16
16 20 4
20 23 13
12 15 15
16 19 16
15 20 15
3 7 1
14 16 17
15 17 4
3 5 16
20 23 3
21 2 2
19 22 16
22 1 12
1 2 15
11 14 1
0 4 14
10 13 4
21 23 1
6 7 3
1 1 7
21 0 12
11 14 8
22 1 13
13 16 16
5 7 4
21 1 7
12 14 7
6 8 1
16 20 8
6 9 7
13 14 2
11 14 12
21 1 9
1 5 8
21 1 6
2 6 14
0 4 13
17 20 4
17 22 11
1 5 4
15 17 16
17 20 17
20 0 6
12 17 6
20 22 2
1 5 1
22 1 11
18 19 17
9 11 6
7 8 3
8 11 16
4 8 17
3 6 15
9 12 14
2 5 7
19 23 13
3 6 3
11 13 13
15 17 6
16 20 13
19 21 12
5 9 8
13 16 4
9 13 8
23 1 10
5 7 12
7 11 1
7 11 17
15 17 4
8 10 2
16 20 3
17 19 12
18 21 12
11 13 1
4 5 10
8 11 7
18 21 3
7 9 3
6 9 8
17 19 10
8 13 17
16 20 10
1 4 2
2 5 4
13 16 14
6 7 13
19 19 13
3 6 10
4 7 4
10 13 2
3 6 13
20 0 17
7 10 9
11 15 16
14 18 3
15 18 7
7 10 10
6 9 12
11 16 4
3 7 4
0 3 6
3 5 9
11 14 10
13 17 7
0 3 8
13 17 16
23 1 3
16 19 9
7 10 11
2 5 9
10 13 9
17 20 7
17 19 5
6 8 2
8 12 8
4 7 3
15 18 16
22 2 7
0 2 8
11 15 14
16 20 14
11 13 1
21 1 13
3 5 2
0 2 5
1 4 13
14 17 17
22 2 7
9 12 3
1 2 10
20 0 10
20 1 9
2 5 12
11 13 6
14 18 8
20 0 12
0 3 14
0 4 3
21 0 5
10 13 2
14 16 9
12 15 13
13 16 12
2 5 14
4 5 10
1 4 7
15 17 13
16 20 3
1 4 10
5 7 17
21 23 14
10 13 2
14 17 4
12 15 4
10 12 16
18 21 3
12 15 1
21 23 15
9 11 1
20 22 11
16 17 9
10 11 10
16 19 11
14 17 10
17 21 2
3 5 3
15 17 8
21 23 1
6 10 12
14 15 4
18 21 3
16 19 11
23 3 16
23 3 9
21 1 14
19 21 1
19 21 1
4 6 1
15 18 7
1 3 13
16 18 1
13 15 7
10 11 2
8 11 17
5 8 12
5 7 17
23 2 2
6 7 8
13 15 7
14 19 4
1 5 1
12 14 14
16 22 3
12 14 6
4 7 2
19 22 13
11 15 7
9 11 1
23 2 5
21 1 3
3 6 16
5 8 17
21 0 15
12 16 17
6 8 14
8 11 12
8 11 6
4 7 10
5 7 14
23 1 1
22 1 7
5 7 9
19 22 17
19 21 11
14 16 5
0 2 16
4 7 6
10 12 1
21 0 17
13 16 14
6 9 14
4 7 16
5 8 9
2 5 12
0 3 9
22 2 8
6 9 17
4 6 10
15 17 2
19 23 13
16 18 9
19 21 7
20 22 5
13 16 11
5 8 9
18 20 9
10 13 16
19 22 6
19 21 13
14 16 13
23 2 13
14 16 17
20 22 4
10 12 7
7 8 2
17 20 11
2 6 8
21 2 17
4 7 1
2 4 15
22 0 12
14 18 12
19 23 16
17 20 9
15 16 10
0 2 11
1 5 2
15 17 8
9 11 8
21 0 9
21 1 13
11 15 12
10 15 4
15 18 14
15 19 8
17 21 9
13 15 3
7 11 10
22 2 1
18 21 7
19 23 11
4 8 1
17 22 17
12 14 12
4 9 17
2 6 4
6 10 3
9 11 11
14 18 16
4 7 1
22 1 5
19 23 1
22 3 5
2 5 15
8 9 9
10 12 6
13 13 14
15 17 3
23 1 5
8 12 13
17 18 6
7 11 4
22 2 2
14 18 16
3 6 4
22 0 8
21 0 4
16 19 10
18 21 14
3 6 9
20 23 3
10 12 14
23 1 8
6 7 3
5 6 16
8 10 14
0 2 17
18 22 9
21 0 10
17 20 4
12 16 4
13 15 15
8 11 6
4 6 11
3 4 3
2 4 6
4 7 11
10 14 5
16 19 11
16 20 13
16 18 3
10 14 12
19 22 16
1 3 17
20 23 13
12 12 12
1 3 10
20 22 14
4 8 14
10 14 7
15 18 17
21 0 4
13 18 12
3 8 14
23 2 7
19 20 8
11 15 13
15 19 17
0 2 7
20 22 7
21 0 15
17 19 13
8 12 5
17 21 10
20 23 10
5 7 5
2 5 17
15 19 7
15 19 3
22 1 5
22 1 2
11 14 13
13 16 3
23 3 3
17 20 12
13 16 4
3 7 14
12 15 11
5 8 5
23 2 6
4 7 3
