350 16
10 10 8 4 3 1 6 10 10 5 7 1 5 6 10 4 
7 10 9
7 11 15
22 2 2
4 6 6
7 9 5
7 11 10
12 16 5
22 0 9
13 16 16
18 20 2
16 20 6
8 11 12
22 0 2
9 12 1
14 17 11
12 15 8
0 4 6
10 13 7
23 2 2
22 1 16
13 16 8
11 15 12
4 8 6
0 3 16
23 1 6
1 3 3
3 7 12
3 7 6
20 23 2
12 15 5
6 8 15
4 7 1
2 7 6
21 23 12
3 7 4
11 14 7
14 17 6
13 16 13
1 4 11
14 16 15
0 2 1
1 4 16
9 13 14
3 6 2
7 10 3
9 13 3
2 5 2
19 23 8
10 12 15
12 16 14
6 9 1
20 23 8
2 5 2
7 8 12
1 2 7
16 20 13
1 2 16
9 12 15
0 3 4
8 10 3
20 0 6
20 0 7
23 3 3
3 5 7
19 19 14
15 17 15
19 0 11
6 9 3
14 16 5
0 2 11
5 7 4
21 0 16
9 11 6
13 16 4
2 5 7
16 19 16
0 3 16
17 18 13
8 11 4
11 14 6
17 20 11
14 18 7
14 17 9
20 23 15
22 0 6
12 16 15
14 18 7
21 2 16
9 11 10
3 6 9
2 4 13
13 17 7
8 11 11
8 11 15
9 12 16
9 10 9
19 0 14
22 1 3
19 21 2
22 3 6
20 22 16
10 14 14
5 7 3
5 8 14
17 20 6
22 2 7
22 2 6
10 12 1
13 14 13
21 1 4
5 6 12
16 19 5
12 16 15
12 14 13
21 23 2
18 19 4
4 5 4
19 22 2
7 9 10
20 22 8
5 7 6
4 6 1
6 9 2
3 6 14
22 1 15
17 21 9
7 9 16
15 17 5
6 8 2
18 21 11
3 6 9
19 22 5
15 18 5
19 22 15
4 7 11
6 9 16
8 12 2
18 21 13
4 9 3
20 0 16
1 5 1
10 13 6
2 5 4
11 13 13
11 14 12
5 9 16
9 10 6
15 18 7
2 3 13
23 2 2
21 0 3
23 1 1
20 23 1
1 4 7
6 9 14
17 23 5
2 7 16
8 10 10
20 23 12
17 19 14
12 16 7
23 3 5
15 19 7
8 9 8
16 18 7
7 9 1
22 1 9
2 5 11
0 4 16
20 22 15
9 11 2
5 6 15
22 0 11
12 15 12
15 19 12
4 7 12
4 6 10
1 4 10
11 15 7
5 8 6
0 4 5
8 8 8
13 17 12
21 22 1
0 4 16
13 17 14
20 22 15
9 10 2
14 18 14
4 7 4
22 1 5
3 6 13
22 2 15
9 12 10
21 2 2
19 22 2
16 21 3
6 10 7
12 17 13
23 2 9
12 13 6
6 10 4
23 3 1
7 10 6
6 9 4
17 18 12
22 1 5
9 14 7
23 1 8
16 19 12
16 18 15
8 10 5
9 12 12
19 22 8
16 19 5
15 19 2
5 8 15
18 21 13
16 19 16
20 23 10
12 15 7
20 22 15
1 5 14
2 5 3
4 8 6
12 13 16
6 7 2
8 12 4
14 15 8
15 17 1
9 13 15
3 7 10
3 6 15
15 18 9
16 19 6
13 14 15
15 18 1
7 11 14
5 9 8
20 23 12
9 12 11
20 0 8
5 9 13
0 5 6
23 3 12
6 10 2
6 10 12
7 10 10
19 21 4
17 20 16
20 23 3
22 1 1
3 7 12
16 19 4
8 11 2
21 0 11
19 23 1
19 0 5
17 22 11
19 22 9
19 22 1
12 17 9
3 6 3
2 6 14
17 20 12
21 1 16
16 19 15
2 4 8
23 2 9
15 18 10
20 23 8
9 10 2
20 23 9
15 18 2
3 7 14
8 9 5
9 13 4
0 4 1
12 15 15
12 15 4
17 19 16
1 4 1
21 0 12
3 5 2
3 3 8
6 9 4
1 4 7
0 2 12
18 20 7
23 2 10
7 10 2
19 22 2
22 2 7
7 10 10
4 7 6
2 4 14
5 8 15
1 2 10
13 16 5
4 7 14
9 11 11
0 3 7
9 12 15
18 22 13
3 6 8
15 19 8
8 10 15
18 20 6
14 17 16
19 21 5
0 2 11
19 23 6
22 0 7
3 5 14
8 11 3
4 9 12
15 18 10
9 12 9
11 13 8
22 2 11
23 2 14
15 18 14
6 9 11
0 3 3
3 5 11
12 14 16
23 2 6
19 23 14
18 21 6
21 0 6
21 0 5
19 23 7
20 22 13
22 2 13
3 6 10
23 2 7
1 4 2
22 1 4
0 3 4
15 19 6
11 15 13
3 7 14
2 5 14
4 7 8
5 9 12
20 23 6
5 8 9
13 16 4
16 19 16
10 13 7
