700 18
1 9 4 7 7 2 7 6 5 8 1 5 5 3 4 1 2 10 
3 7 15
15 17 8
15 18 2
22 1 11
0 1 14
15 19 12
2 4 12
10 13 3
7 7 5
9 9 2
2 3 16
20 23 17
7 12 1
3 6 13
13 15 14
23 3 12
2 6 13
17 20 8
23 2 10
6 8 6
18 22 16
12 14 11
21 0 14
14 18 3
4 5 9
13 17 7
16 19 3
17 20 3
8 11 16
4 7 16
20 23 1
0 3 15
19 23 13
5 7 8
8 13 3
17 20 6
9 12 3
2 6 17
13 14 3
16 18 16
13 15 4
2 7 17
8 12 18
2 5 4
9 11 15
1 4 14
17 20 11
23 2 3
8 12 7
22 1 14
15 18 13
17 19 1
20 23 8
22 1 6
8 10 2
3 7 14
7 9 15
9 12 18
4 6 14
20 23 10
22 1 16
8 11 9
3 6 4
11 15 9
18 21 15
2 6 10
13 14 16
7 8 11
9 12 2
16 19 8
12 16 8
23 2 12
12 15 4
1 4 3
16 19 16
18 20 4
11 11 15
0 2 17
3 6 13
4 7 4
15 19 13
17 20 9
0 3 3
9 12 6
21 1 12
6 8 15
19 0 11
13 15 10
22 1 1
12 15 6
19 22 16
12 13 4
7 10 5
7 12 13
13 18 15
14 16 16
0 2 11
1 4 18
17 21 9
5 9 3
5 8 18
21 1 6
11 15 1
14 18 13
18 22 15
3 7 13
2 5 2
11 13 15
5 10 1
7 10 13
21 22 18
10 14 7
14 16 7
19 21 18
17 21 12
11 14 6
8 12 1
8 11 15
20 22 18
5 7 18
7 11 13
12 15 11
8 10 3
19 22 1
19 0 18
3 6 17
19 21 13
6 7 13
22 2 7
12 15 3
8 12 17
19 21 10
16 19 17
10 14 4
6 9 3
18 21 9
1 4 1
10 11 12
15 18 4
2 6 10
8 12 17
22 4 13
20 23 11
23 1 7
1 3 4
21 1 7
8 11 11
21 23 3
23 1 5
5 8 1
23 0 16
22 0 6
11 15 8
1 6 1
16 17 2
17 19 18
4 6 7
13 17 7
2 4 13
18 21 18
12 18 16
15 19 17
20 0 16
6 10 11
12 16 4
15 19 7
2 6 4
2 5 5
14 17 1
10 13 7
11 15 8
13 17 4
22 23 6
15 18 16
17 20 4
18 22 14
2 7 6
21 1 7
19 22 18
17 21 3
2 5 2
20 22 5
8 11 15
1 5 16
6 11 14
2 6 5
6 8 3
2 7 12
4 8 5
11 13 9
23 3 3
4 6 17
15 19 8
15 19 6
14 17 13
11 15 2
14 17 8
20 22 1
7 11 17
11 15 10
13 15 1
6 8 1
5 7 11
16 19 2
1 3 6
0 3 6
22 1 10
22 1 15
3 6 7
4 6 13
15 19 3
12 16 7
18 22 2
3 5 14
6 8 10
14 17 2
14 17 15
23 3 3
19 20 9
2 6 9
13 16 2
19 22 18
13 15 16
16 21 3
10 14 5
8 12 2
10 13 10
16 18 6
17 19 16
12 16 3
20 0 10
21 0 6
8 11 15
22 0 5
17 19 8
19 23 6
21 0 7
4 7 1
12 16 10
21 0 17
20 23 1
11 14 4
15 19 16
16 19 10
10 13 11
3 5 17
12 17 18
10 14 2
5 6 3
6 11 13
5 7 5
7 8 4
17 21 11
5 8 1
16 19 13
21 1 6
4 7 5
15 17 15
0 4 8
11 13 3
4 7 14
6 8 9
9 12 1
4 6 18
22 1 4
6 11 3
11 16 4
7 10 17
5 8 10
5 8 18
8 10 14
1 6 15
10 14 11
12 16 5
18 20 9
3 7 15
11 13 13
1 4 7
0 2 13
0 4 15
13 16 11
7 12 6
23 1 8
6 10 4
13 16 17
8 11 1
0 2 12
14 19 12
9 11 14
18 21 2
12 16 15
16 18 3
13 17 1
14 16 5
14 18 2
22 1 1
9 11 10
1 3 13
2 5 6
5 8 8
0 3 13
8 12 7
17 20 8
22 2 9
3 5 16
18 20 5
13 15 6
0 4 8
5 9 14
13 16 10
17 19 14
18 21 2
6 11 15
23 3 16
3 7 16
6 9 13
13 16 15
10 12 16
19 21 12
13 16 18
14 16 10
16 19 18
5 9 16
1 4 1
16 20 9
7 10 11
13 18 18
16 17 11
16 21 1
23 2 10
13 15 13
21 0 7
21 1 15
4 7 9
13 16 16
23 3 1
15 19 3
12 15 7
12 15 11
10 13 5
9 12 10
8 13 13
18 22 7
13 13 11
21 0 6
8 11 13
0 4 15
19 23 8
20 23 2
19 22 7
5 7 3
15 18 5
18 20 14
12 15 10
19 22 5
15 19 13
23 1 18
16 18 6
10 14 4
19 0 10
14 17 6
17 19 11
20 0 1
22 2 5
8 11 6
2 5 12
19 20 9
16 19 3
9 12 18
9 10 17
14 17 18
15 17 4
7 11 15
22 1 11
20 23 8
23 2 17
9 12 15
10 14 13
21 0 6
14 18 7
16 20 11
12 16 12
8 11 7
3 6 8
14 18 10
16 19 18
5 10 18
8 9 11
6 9 14
11 14 11
16 19 17
12 16 13
5 8 8
15 19 15
23 1 6
4 8 1
1 4 4
4 7 2
21 23 9
13 15 1
19 23 16
18 22 16
3 9 8
20 22 16
22 1 11
16 18 9
22 1 14
16 18 6
15 16 7
21 1 17
0 2 1
10 14 6
20 23 8
19 23 5
0 4 15
11 13 9
9 11 13
4 7 14
21 2 10
16 18 3
12 15 8
17 19 8
5 9 13
12 17 6
5 8 3
23 1 11
12 16 5
14 17 1
15 19 10
3 6 18
10 13 12
3 7 17
20 22 15
17 20 3
17 20 7
16 18 7
9 12 6
4 6 12
19 23 17
17 21 11
20 1 12
18 21 8
4 5 10
13 15 6
1 5 15
16 18 9
5 7 15
3 5 1
17 21 2
14 17 9
16 18 4
12 16 11
10 12 8
1 2 10
2 6 6
20 23 10
10 13 3
6 9 9
1 4 17
6 11 9
15 19 17
14 17 1
18 21 2
20 23 10
17 19 11
10 13 9
4 8 6
22 2 7
21 0 4
22 0 18
6 10 15
3 5 17
17 20 13
22 0 17
21 1 12
16 19 2
4 4 5
17 17 15
6 11 1
13 16 10
1 4 7
21 22 6
22 2 7
2 7 2
1 3 12
22 2 15
13 16 4
14 18 7
9 14 11
2 5 6
1 2 16
18 22 14
1 3 4
3 6 7
14 17 7
2 4 2
20 0 10
20 22 14
1 3 7
18 22 3
9 11 7
17 20 4
5 7 5
10 12 2
19 23 8
12 15 10
3 7 2
3 6 3
11 13 13
17 20 15
11 13 5
3 5 8
11 15 13
18 22 11
20 0 6
4 6 2
4 9 12
16 18 16
20 23 4
4 6 13
1 3 17
9 10 9
11 14 5
8 11 5
23 1 6
1 2 11
13 17 2
1 5 12
0 4 16
15 19 11
13 16 1
19 22 8
11 15 17
1 5 11
13 17 12
1 3 15
13 16 6
8 11 2
13 19 10
11 15 7
19 23 14
23 2 16
11 15 12
11 15 6
21 23 8
3 5 8
13 17 15
18 20 8
12 15 16
11 14 15
3 5 5
19 22 9
18 20 1
4 8 12
16 19 8
22 2 14
19 22 13
14 18 5
5 9 1
14 16 9
9 13 12
0 3 2
2 6 13
10 13 7
20 23 6
9 12 16
14 16 18
14 15 5
10 13 13
21 1 10
8 11 15
17 21 1
12 15 2
20 23 5
21 1 2
20 0 10
7 11 5
12 14 5
3 6 3
4 8 12
9 12 12
9 11 12
20 23 3
12 13 2
16 18 4
23 2 14
10 12 14
14 18 8
8 11 3
3 6 1
17 19 15
12 15 14
11 12 14
23 1 3
1 4 10
2 3 6
9 13 6
18 20 7
4 10 2
16 17 7
12 16 11
17 19 12
2 5 17
7 9 11
20 23 14
21 23 2
19 22 6
8 12 12
0 3 15
7 10 11
0 4 9
19 22 1
21 0 15
20 22 10
0 3 18
0 3 18
4 8 13
3 4 11
17 20 5
8 12 15
10 14 13
15 19 6
5 10 7
9 14 14
21 1 9
15 17 3
0 3 5
15 16 12
8 11 10
10 13 16
18 20 7
16 17 1
22 23 10
10 15 17
8 11 3
11 14 1
16 19 14
16 18 13
13 16 15
21 0 8
11 13 6
10 15 9
17 20 2
8 11 18
7 10 10
22 2 12
7 11 17
16 18 16
10 12 11
3 7 15
6 8 11
8 10 8
12 14 3
0 3 1
11 12 10
1 5 6
10 11 4
2 6 11
8 10 6
22 1 14
12 14 7
1 4 18
20 0 17
9 10 11
16 19 16
9 13 9
1 5 8
10 12 13
5 8 9
19 22 6
9 14 18
20 0 15
5 8 18
3 5 9
0 2 13
22 23 8
14 17 5
18 20 9
13 17 18
3 6 16
13 16 9
10 13 17
0 2 6
4 7 18
14 16 17
10 14 6
5 9 2
6 8 11
16 21 15
23 3 5
17 20 17
6 10 18
10 13 8
23 2 15
7 11 13
16 18 3
6 8 15
3 5 12
0 3 11
2 4 17
