650 18
2 8 10 10 10 8 5 2 2 7 5 5 9 1 7 4 3 6 
21 22 18
11 14 13
2 5 6
1 4 4
19 23 6
3 6 10
3 7 3
13 17 7
5 8 5
8 13 18
13 18 4
9 10 1
4 5 17
2 5 14
9 11 15
16 18 9
21 1 4
14 16 12
1 4 11
7 11 15
15 18 3
6 8 12
3 6 18
22 0 8
12 17 4
6 9 3
22 0 9
19 23 3
19 23 2
11 14 16
3 7 16
15 18 4
8 11 3
6 9 1
8 11 15
17 20 8
18 21 5
19 22 11
5 9 12
18 20 14
19 21 13
19 0 1
8 12 10
23 1 13
20 0 12
13 16 12
14 16 11
18 22 3
9 14 3
18 20 17
12 15 12
4 6 9
0 4 8
11 12 14
19 22 16
21 23 3
5 8 9
5 6 14
12 15 9
9 12 1
3 6 15
21 0 9
16 17 13
21 0 9
18 22 8
7 11 12
2 6 8
10 14 6
12 15 4
8 12 13
17 21 12
20 21 7
21 23 3
14 18 17
20 1 9
4 9 7
21 0 8
7 10 11
6 11 16
14 18 11
5 8 13
8 13 13
5 9 5
10 14 13
17 20 12
23 2 2
12 16 14
13 18 4
0 2 5
22 2 7
5 8 12
1 5 1
22 0 18
15 19 1
3 6 15
14 16 13
22 0 10
16 19 3
8 10 5
2 5 5
17 19 6
6 9 6
7 9 16
1 4 18
4 8 7
3 6 1
0 4 4
2 5 18
9 13 18
7 10 17
13 15 14
20 22 15
19 22 18
2 5 9
17 19 3
15 19 4
16 20 7
5 8 3
14 17 14
9 13 12
8 11 5
18 21 13
10 13 7
1 5 6
13 15 11
21 0 10
16 20 11
10 14 14
13 17 5
0 3 7
15 19 7
7 11 1
3 5 12
23 1 8
3 6 4
18 21 6
3 6 7
7 9 3
15 20 1
10 12 8
11 14 17
23 3 4
11 12 13
5 7 17
0 4 13
6 11 7
15 18 9
13 18 14
22 1 11
21 0 5
22 0 1
11 15 13
12 14 13
10 14 9
6 10 1
8 11 1
16 22 1
11 13 6
12 15 7
4 6 10
6 10 11
14 17 12
18 20 10
2 5 8
16 18 16
1 2 16
22 0 2
21 0 9
20 1 1
17 20 15
2 5 9
1 5 6
6 7 17
5 7 6
12 14 1
10 12 16
0 4 12
8 10 15
21 1 16
18 20 3
4 8 10
20 23 12
11 12 7
7 9 12
13 15 16
2 5 1
23 2 5
12 13 6
1 3 12
17 19 13
15 18 10
8 11 14
10 11 8
10 12 14
0 6 1
7 10 13
7 9 18
3 7 4
8 11 14
20 22 5
22 2 6
22 1 2
16 18 3
11 12 4
3 5 13
13 17 16
14 18 3
0 3 4
3 4 12
13 16 15
4 6 17
19 22 11
19 22 16
0 4 1
5 7 8
11 15 8
10 13 7
19 22 16
0 2 12
21 0 9
20 23 11
21 23 13
13 17 18
18 21 2
4 6 10
13 16 3
20 23 8
14 17 12
12 15 7
2 6 11
15 18 17
10 15 2
16 18 1
19 22 8
23 1 12
15 19 5
12 16 7
15 16 13
8 9 3
20 22 4
16 20 5
0 4 14
16 19 9
13 15 9
21 23 1
22 1 10
20 1 6
16 20 7
14 19 7
0 4 4
5 8 18
10 14 2
11 14 9
18 20 18
23 2 13
19 22 4
19 0 13
11 13 7
8 12 15
8 12 14
13 15 4
10 12 16
13 16 2
16 19 4
17 18 11
5 9 2
19 20 6
0 2 9
20 0 3
19 22 10
3 6 16
5 8 7
0 3 15
7 11 5
9 11 1
8 10 18
2 6 13
1 5 15
8 11 17
7 11 16
1 5 3
13 16 17
19 21 15
21 1 3
2 5 17
18 20 18
4 7 13
2 5 14
14 16 10
19 22 12
8 12 7
2 5 14
10 13 4
5 8 14
11 12 16
23 4 6
19 21 5
3 6 2
3 6 13
16 21 9
1 4 6
5 8 6
12 15 11
4 7 6
2 4 4
20 0 4
11 14 11
2 4 5
19 23 17
1 4 10
18 21 12
0 3 6
5 7 2
1 5 1
5 8 12
16 19 18
20 22 10
14 19 8
10 12 7
11 13 9
21 22 13
5 8 10
16 20 13
22 1 15
6 10 3
22 0 6
19 23 17
15 17 18
1 5 16
23 2 10
13 18 11
11 12 6
4 6 14
19 22 17
3 8 7
3 5 13
4 7 17
5 8 15
4 7 11
3 5 3
17 20 9
23 0 4
10 14 17
12 15 15
22 0 13
19 23 15
17 21 17
16 18 10
1 2 16
22 1 6
10 13 16
17 20 14
16 19 8
6 9 7
7 11 4
13 16 3
9 11 4
13 15 3
12 14 7
12 15 8
4 7 4
2 5 11
23 2 5
7 10 3
12 13 18
21 0 1
13 18 7
9 12 13
4 7 5
21 1 11
11 16 16
11 14 18
9 14 11
8 11 1
22 4 2
10 12 10
7 10 4
20 0 10
9 13 1
8 12 5
13 16 6
7 11 15
17 20 14
9 13 4
20 23 9
16 18 3
19 21 14
13 19 3
18 21 11
6 9 16
17 21 15
5 8 15
3 6 8
3 6 10
15 19 3
16 18 10
1 5 9
8 11 14
8 12 12
2 4 14
12 15 9
15 17 8
4 5 8
11 15 16
7 10 10
13 16 17
4 8 7
13 16 15
2 4 8
14 15 2
9 11 11
22 1 2
19 22 15
10 13 6
12 14 9
17 22 11
6 9 14
12 14 2
15 18 13
22 2 4
23 3 8
23 1 8
7 11 11
8 12 2
22 1 14
8 11 10
12 15 7
10 12 1
22 2 18
0 4 10
9 14 6
21 0 16
20 23 2
7 11 1
0 5 8
17 18 3
20 0 18
21 0 11
20 0 6
3 5 5
5 6 5
0 3 13
14 17 4
9 15 7
9 12 11
13 17 16
3 6 7
7 12 18
4 7 13
7 10 9
7 10 16
22 2 5
17 20 13
16 20 15
5 8 16
17 20 5
22 1 6
21 1 4
15 18 8
2 3 3
11 13 8
22 1 18
13 17 15
0 3 1
6 9 12
20 0 8
5 9 10
2 5 7
8 11 15
17 21 6
14 17 18
14 16 18
1 3 11
23 4 7
19 22 18
6 7 1
20 23 8
6 9 9
20 22 10
3 5 3
2 6 8
13 15 17
11 14 18
10 14 10
9 11 13
14 15 2
3 6 6
18 20 13
7 12 3
10 13 13
23 5 10
0 2 17
9 12 5
0 2 1
5 9 11
20 22 6
15 18 13
23 3 12
17 21 1
17 20 5
6 9 18
23 1 4
23 3 3
15 19 5
17 19 11
9 12 11
19 22 3
13 16 12
19 23 1
18 22 10
17 20 14
19 23 1
21 23 17
23 1 3
9 12 14
20 23 15
0 3 5
2 4 7
17 19 5
20 23 13
21 23 2
2 5 8
14 18 13
6 7 2
9 12 6
19 22 7
0 4 16
8 10 15
22 1 16
17 20 7
7 12 12
0 2 13
18 21 18
17 20 10
12 15 2
6 10 11
3 7 8
2 5 1
21 22 4
15 17 6
0 4 11
21 1 16
5 9 15
19 22 10
15 20 13
1 5 14
0 2 7
0 2 4
11 14 2
16 19 13
21 1 9
10 13 9
0 3 2
8 12 15
19 23 5
19 22 5
23 3 17
3 7 17
0 4 8
3 7 17
8 11 8
8 11 2
10 15 7
9 12 10
1 3 8
14 17 16
7 10 17
6 12 6
8 11 5
5 6 2
3 7 17
3 5 12
11 14 16
7 9 14
21 1 9
1 3 8
1 4 7
12 14 1
0 2 3
8 10 16
9 10 7
18 20 6
1 4 17
23 2 6
23 1 17
9 13 7
1 5 13
13 15 6
15 17 15
17 21 15
4 6 8
11 12 17
0 3 9
12 15 14
10 15 3
20 22 16
22 0 3
19 23 3
2 3 9
10 13 17
18 20 3
15 18 7
7 12 1
7 9 2
15 19 15
16 16 12
9 12 3
2 6 17
15 18 6
14 17 7
16 19 12
15 18 11
18 21 3
2 5 5
14 16 1
20 22 5
22 2 14
17 20 10
3 5 13
6 8 1
22 3 2
19 1 7
22 2 3
14 16 5
11 13 7
12 17 11
5 7 4
18 21 15
3 7 11
7 9 6
16 18 4
16 19 5
1 5 13
3 6 5
16 19 12
13 15 16
4 6 4
8 11 7
9 13 12
1 4 16
22 2 16
19 23 8
4 8 5
17 17 11
5 7 11
20 0 1
2 5 10
18 21 7
21 1 13
14 18 4
