1600 17
4 8 9 1 3 3 8 9 2 4 4 3 5 10 9 2 2 
22 0 4
21 1 11
19 22 8
17 19 17
5 6 7
19 21 11
23 3 13
1 4 4
9 13 4
5 9 13
6 9 17
11 14 13
16 18 14
14 15 10
5 9 3
15 17 17
22 3 11
19 21 8
18 19 11
17 23 10
22 1 6
23 3 8
13 15 8
21 0 15
12 16 9
4 6 1
22 0 3
17 19 15
23 3 8
8 11 4
16 20 5
3 4 10
2 5 7
20 0 4
9 12 7
20 0 12
0 3 12
7 11 8
5 9 3
20 23 11
15 16 9
9 11 11
7 10 13
5 8 8
14 18 12
9 13 17
6 9 10
0 2 7
18 20 10
11 14 3
10 14 17
18 19 10
16 19 17
8 11 5
5 8 7
10 13 4
18 20 15
5 8 1
7 11 2
1 2 5
3 8 10
5 9 10
0 4 13
14 17 2
13 16 16
5 9 11
15 16 16
3 6 4
10 14 9
6 8 15
12 14 2
18 21 15
4 8 2
12 15 6
16 19 11
11 13 5
18 22 16
16 20 9
8 10 5
2 5 3
20 0 7
20 23 17
11 13 9
2 5 6
20 23 1
22 1 9
16 20 4
23 4 4
15 17 16
11 14 7
2 4 2
22 0 7
19 21 13
16 18 6
16 21 5
1 7 16
6 10 6
21 2 9
4 8 7
7 10 16
19 23 10
4 7 2
19 21 13
11 15 16
19 20 2
2 6 16
21 1 1
11 15 17
11 14 8
6 9 9
20 0 17
14 18 13
7 9 5
20 0 9
9 12 11
11 14 17
18 22 2
16 18 6
4 8 12
10 13 13
7 10 6
21 23 13
2 5 2
8 11 2
1 4 13
23 2 2
3 5 5
17 19 4
5 8 3
3 7 9
8 10 7
21 23 9
13 15 14
20 23 15
17 21 17
9 11 6
5 7 7
1 3 1
10 11 14
13 15 14
15 17 13
1 5 5
21 2 2
13 16 11
22 0 6
6 9 17
11 13 10
21 22 13
2 6 9
20 22 11
13 15 11
12 14 2
23 2 12
1 4 5
4 9 9
22 1 17
17 19 17
18 21 15
9 13 16
18 21 12
23 3 4
7 10 16
10 13 16
12 15 12
20 23 11
11 13 1
2 4 11
1 4 17
21 0 12
13 15 10
7 10 14
22 0 1
8 9 8
22 3 2
19 21 15
5 7 11
14 17 10
22 1 2
10 14 1
23 2 16
20 0 2
18 20 9
23 1 10
6 9 5
10 12 1
3 5 1
1 7 3
1 4 16
21 0 16
11 15 17
1 3 1
1 2 12
4 5 6
23 2 17
20 22 15
18 22 9
1 4 14
4 6 9
13 17 5
13 16 13
11 14 4
7 11 2
13 14 1
10 12 14
5 8 7
19 21 10
3 6 4
10 13 15
14 18 9
22 3 6
21 23 11
9 13 3
11 13 1
6 11 1
13 17 4
12 14 3
11 13 9
16 19 2
5 8 15
8 11 2
23 3 14
17 18 14
23 2 1
13 15 13
10 15 9
13 17 12
4 8 13
20 23 4
8 11 12
22 0 15
10 11 11
8 10 5
2 4 12
4 6 17
9 11 9
15 18 8
1 3 13
4 9 1
23 3 1
21 23 12
14 18 10
11 13 8
14 15 5
22 1 2
8 9 6
22 23 5
12 14 4
8 10 1
10 13 14
9 13 10
18 21 7
0 3 8
14 17 8
10 12 1
8 10 15
6 10 1
4 8 3
15 19 3
2 5 14
8 11 16
0 3 14
15 16 5
19 20 8
23 1 14
13 15 9
15 18 1
13 17 13
13 16 16
5 8 2
3 5 5
15 17 10
1 4 14
18 21 14
18 21 12
5 10 7
22 2 4
9 11 7
23 2 1
15 18 12
3 7 2
0 3 15
17 21 8
22 0 6
4 7 16
9 10 5
16 18 11
4 8 3
0 3 16
23 0 3
3 5 5
23 0 5
3 5 7
11 13 9
16 19 4
15 19 16
21 1 7
9 11 1
3 5 10
8 11 3
6 7 1
16 19 6
11 16 1
9 11 5
5 9 7
4 6 13
6 8 2
16 19 1
2 4 5
5 9 8
10 13 6
21 23 15
8 13 13
18 21 7
19 23 16
15 18 14
14 17 13
3 4 16
17 18 1
11 13 3
0 5 9
12 16 11
23 1 4
21 0 12
10 14 3
11 13 15
6 10 15
16 21 13
15 17 13
12 15 15
23 2 13
22 1 11
19 22 15
3 6 15
1 3 14
4 6 12
9 12 14
19 22 8
21 1 7
5 7 17
15 19 14
5 9 11
7 10 10
3 5 9
7 11 2
20 23 14
11 15 4
23 2 1
3 4 12
7 11 5
7 10 13
12 12 4
23 2 11
13 16 16
16 19 14
20 23 15
21 0 1
21 0 7
15 17 8
10 12 9
18 22 4
10 14 6
13 17 16
4 8 13
18 20 5
14 18 15
12 16 7
6 9 11
23 3 6
12 13 16
5 6 12
18 21 7
11 13 2
4 6 14
11 15 12
4 6 1
20 23 4
20 22 7
2 5 2
3 6 4
10 12 15
13 15 2
19 22 15
13 17 12
8 13 9
12 14 1
0 4 12
12 13 16
12 17 2
15 17 14
16 18 7
23 2 4
18 21 6
20 0 15
3 3 8
0 3 15
21 0 4
11 16 11
9 12 1
18 20 5
20 21 8
0 4 1
17 22 16
3 7 8
4 9 3
17 19 15
6 9 2
14 16 17
3 6 10
1 3 1
14 16 3
20 0 9
0 2 15
5 8 7
22 1 15
9 9 1
1 4 14
5 8 10
1 4 6
14 18 13
17 20 12
4 6 13
1 6 8
3 7 2
8 9 15
9 13 14
20 0 2
15 18 15
17 18 9
13 15 14
15 19 11
9 12 12
17 21 4
14 17 14
5 8 1
16 20 1
21 0 14
23 3 3
6 10 16
1 6 8
23 2 7
16 19 1
23 2 4
12 16 11
14 15 16
14 17 10
14 18 1
10 14 3
7 12 7
22 2 17
19 21 8
18 21 8
17 22 13
22 0 17
22 0 3
13 16 17
18 19 2
12 16 2
13 17 8
12 14 12
6 10 3
5 6 15
1 5 15
13 15 1
13 16 14
22 1 17
19 22 17
0 4 15
3 6 14
1 3 4
1 1 10
12 17 11
16 19 13
8 10 2
19 21 5
20 22 10
4 7 3
22 21 3
22 1 7
22 1 16
4 8 1
3 6 14
22 1 2
23 2 5
19 21 7
3 6 6
23 2 4
4 8 13
5 6 8
19 21 7
19 23 1
0 3 9
17 21 17
10 15 8
5 7 1
0 1 5
22 0 11
14 15 7
4 7 3
21 1 7
14 16 13
16 19 4
20 23 8
22 0 10
16 20 10
0 3 11
1 5 5
22 1 17
20 0 13
17 18 6
4 7 10
2 5 12
19 23 6
6 9 8
12 14 12
17 20 10
9 12 16
21 1 16
1 5 2
16 19 13
20 22 9
19 22 14
23 3 3
2 5 10
19 22 17
19 20 2
19 21 11
3 6 5
22 2 10
10 14 6
16 20 6
13 17 4
15 19 5
13 16 10
3 8 9
6 8 15
23 2 15
2 4 5
2 4 5
2 3 5
15 17 16
16 20 2
8 12 11
2 6 7
7 12 16
18 19 13
2 4 11
6 7 9
12 15 17
23 2 5
0 4 6
16 20 3
0 5 16
2 5 10
18 21 11
6 9 4
13 15 3
22 0 8
14 17 4
10 13 16
10 12 12
17 18 6
2 5 8
9 11 9
12 17 5
21 1 2
13 16 17
2 6 11
7 8 17
20 0 1
4 6 15
15 18 17
21 23 10
5 8 10
23 2 11
1 5 3
2 4 6
8 12 15
21 1 13
7 9 14
16 18 2
10 13 12
18 21 4
23 1 5
17 20 9
5 9 6
10 14 13
8 10 10
11 14 14
0 2 13
22 2 10
10 12 2
7 11 5
16 18 13
1 5 11
5 8 11
12 16 14
4 8 10
21 0 7
5 6 10
15 18 15
14 19 15
6 10 6
17 20 12
2 5 1
7 10 12
3 5 14
14 17 16
22 0 14
21 0 16
18 21 9
22 23 12
1 3 1
23 2 7
3 5 10
21 1 15
17 21 13
20 22 12
14 16 10
19 21 11
1 3 8
0 3 13
9 13 5
20 23 5
4 5 15
8 12 5
7 10 13
23 3 6
22 1 14
13 16 5
23 2 12
6 9 13
15 18 10
23 3 2
20 0 8
3 6 13
2 4 8
2 5 9
16 20 12
14 16 9
12 14 9
2 5 12
1 6 7
22 1 9
22 2 13
17 20 17
3 6 9
1 3 14
23 3 11
5 9 8
22 1 11
14 17 15
22 1 9
21 1 1
23 1 4
13 16 7
11 13 13
12 15 5
15 16 9
8 11 12
21 23 10
19 22 9
22 1 11
18 21 11
9 13 4
19 21 16
4 8 4
22 3 3
19 22 5
7 11 6
4 7 4
22 0 5
13 15 2
22 1 9
10 13 4
20 23 13
3 6 13
14 17 8
11 14 10
15 18 1
14 15 1
19 20 10
18 20 13
22 2 13
2 5 12
4 7 1
5 8 6
10 11 3
19 22 4
12 14 11
21 1 12
9 13 8
2 6 11
17 19 14
20 22 1
14 17 13
15 18 14
14 17 17
17 20 5
18 21 13
0 2 7
13 15 17
5 8 15
14 17 17
11 15 16
20 22 4
3 5 11
11 14 2
11 13 4
15 21 4
3 6 15
12 15 8
18 22 3
7 11 7
8 10 8
9 12 8
15 18 1
18 22 3
17 20 16
23 1 5
3 5 6
1 5 17
7 10 14
22 0 12
8 9 9
13 15 6
8 12 5
11 14 12
5 8 14
13 18 2
6 8 9
9 12 11
4 7 8
18 21 9
19 20 4
9 12 4
4 8 13
6 9 14
9 13 12
14 16 1
11 14 2
20 21 17
7 10 4
14 17 14
16 18 16
14 18 6
13 18 16
21 23 16
6 10 1
15 19 3
7 9 4
22 1 7
22 1 13
9 12 14
1 5 14
9 12 2
5 8 16
14 17 10
21 21 5
0 2 10
7 11 4
7 9 6
18 21 4
14 18 7
19 22 16
7 9 12
3 4 6
6 8 9
15 16 7
23 2 11
1 6 5
13 17 3
19 23 1
2 5 10
14 18 15
13 17 2
12 14 2
19 22 1
13 14 8
16 18 12
9 11 9
7 9 12
22 2 6
10 12 11
3 5 4
16 17 3
11 13 3
12 16 2
3 6 9
15 19 13
1 3 4
18 20 2
6 8 13
14 17 1
20 23 16
15 19 8
21 1 8
4 6 1
4 7 12
4 7 12
19 20 1
12 14 14
21 0 5
1 4 6
3 6 4
10 13 13
21 22 5
11 13 1
5 9 11
4 8 17
6 8 4
9 10 17
0 3 10
1 4 17
8 11 14
12 16 4
21 0 17
1 5 14
8 11 11
18 23 1
1 4 15
3 6 1
5 8 12
0 3 13
3 6 4
15 18 12
4 5 13
1 4 14
12 17 1
11 17 17
4 7 17
4 7 16
12 16 9
10 13 4
14 16 7
9 13 4
9 14 14
6 10 10
7 10 15
0 2 13
3 6 13
7 11 8
14 17 10
2 5 5
17 19 7
20 23 5
23 2 4
6 9 1
20 23 2
10 14 9
8 10 9
10 14 17
12 14 4
3 5 1
3 7 11
7 11 10
18 21 10
18 21 10
2 5 3
11 14 5
10 12 16
22 0 9
19 21 12
17 20 10
20 0 1
9 13 8
17 20 13
22 1 9
3 7 10
0 3 7
6 9 13
0 3 10
5 8 13
3 7 16
16 18 4
6 7 2
20 23 13
5 6 4
7 9 2
22 1 5
4 8 13
12 15 14
4 8 10
1 5 12
18 20 1
2 6 14
7 9 3
11 15 7
8 10 5
13 17 17
7 10 14
17 20 12
0 1 15
14 17 14
5 7 2
12 16 4
13 14 12
12 15 17
1 4 13
11 14 12
4 5 14
6 9 6
10 14 15
11 15 13
10 14 16
4 7 8
10 14 2
21 1 13
10 13 16
1 4 1
5 7 11
21 2 8
16 19 9
15 17 4
2 6 8
20 1 16
8 10 2
1 2 15
16 17 2
1 3 8
20 23 6
0 5 13
7 11 17
6 9 11
21 23 5
13 17 3
16 18 17
19 22 15
8 10 3
11 15 9
16 18 12
12 13 9
20 1 17
8 11 5
0 4 5
5 8 2
8 12 6
18 22 15
9 13 5
6 13 5
14 17 17
19 22 2
16 19 3
12 14 2
17 20 4
5 7 12
21 2 9
11 14 4
9 13 16
17 20 17
13 15 6
3 8 2
12 14 1
20 23 3
17 22 11
0 2 7
21 1 3
11 13 1
6 9 17
9 12 3
21 1 2
3 5 10
5 9 3
15 19 14
7 10 5
6 8 15
17 21 12
5 7 3
2 6 11
16 19 11
8 10 13
20 22 15
18 21 6
14 16 5
11 16 9
16 20 16
10 13 4
19 21 17
1 2 7
9 12 8
19 22 7
22 2 3
18 22 12
2 5 14
1 3 11
13 17 11
5 8 9
0 3 8
6 9 6
18 20 10
12 15 10
5 9 15
20 22 15
22 2 11
11 15 5
17 21 13
1 4 14
13 18 11
6 10 11
9 12 15
23 2 2
22 4 3
8 11 8
12 14 9
3 6 7
12 14 2
6 9 10
2 6 7
0 4 15
22 1 7
15 18 14
6 9 11
2 6 10
6 8 6
22 23 13
1 5 2
21 1 1
11 14 6
22 1 12
23 2 14
18 21 14
9 12 12
14 16 8
21 23 10
20 22 7
6 8 11
13 16 8
17 20 3
13 14 6
15 18 13
23 1 12
11 14 5
19 23 5
9 12 10
20 23 6
3 6 1
4 6 14
0 5 3
20 23 17
10 13 6
19 23 2
12 12 14
12 16 17
23 5 3
21 23 10
17 23 5
19 22 1
22 1 12
9 11 4
19 21 11
12 14 5
10 14 6
2 5 5
23 0 7
19 21 6
2 7 12
10 13 11
15 18 14
0 2 9
23 3 4
0 3 13
11 13 15
19 22 10
21 1 12
2 5 16
4 9 2
23 1 9
14 17 9
2 4 8
8 11 14
14 16 5
6 9 16
5 9 14
11 13 6
2 6 7
0 4 8
9 10 15
11 14 16
12 15 3
12 14 11
13 14 9
21 1 16
21 0 13
4 8 12
3 8 15
0 2 15
20 1 17
22 0 8
11 17 17
3 6 1
0 4 11
4 7 16
19 23 7
10 14 10
7 12 7
19 21 8
7 9 2
0 4 8
9 11 15
1 5 12
21 23 17
10 15 11
17 19 1
0 3 13
0 2 16
20 22 13
17 21 13
2 6 17
15 17 4
9 12 17
9 12 10
9 13 6
20 22 14
5 6 7
19 21 8
3 6 16
4 7 2
17 19 3
12 15 3
1 5 1
23 4 12
15 18 14
12 17 15
0 4 11
14 18 1
18 22 15
12 14 1
10 13 2
18 23 9
15 19 5
1 4 17
3 8 3
3 5 7
4 8 3
3 7 11
22 0 1
6 9 4
18 21 4
1 5 8
1 4 7
23 3 1
0 2 11
9 12 6
11 13 5
2 4 1
0 2 11
17 21 10
16 20 7
12 14 1
16 21 14
17 20 7
18 21 11
11 15 16
10 13 3
5 9 13
11 13 12
1 5 15
23 1 2
8 13 5
21 0 6
8 10 16
3 6 4
9 11 3
7 10 14
15 17 8
9 10 10
20 22 11
16 21 2
23 1 10
22 1 16
2 6 5
20 0 8
3 6 5
0 2 3
11 12 14
12 14 8
23 4 17
19 23 15
19 23 9
4 6 11
1 3 8
17 21 7
11 13 3
21 2 7
3 6 7
21 0 11
20 22 7
18 21 10
8 10 7
15 19 13
4 7 9
8 12 10
20 1 4
21 23 7
20 23 4
15 18 6
2 5 6
13 17 16
0 2 5
10 13 11
15 18 9
21 0 16
23 2 8
4 9 10
6 11 9
20 0 12
19 23 7
3 5 7
3 5 1
14 17 13
22 0 1
8 12 15
4 6 2
18 21 14
12 15 17
11 15 11
0 4 10
17 18 7
23 2 5
13 15 3
4 8 1
7 10 5
7 10 14
6 10 6
1 5 5
11 13 17
11 16 6
22 2 8
7 10 3
6 9 17
13 17 8
9 11 5
18 21 5
21 23 3
5 8 4
7 10 14
18 22 10
0 4 7
11 14 4
7 11 11
10 13 12
3 7 5
15 17 3
2 5 12
14 17 6
0 4 15
18 21 7
22 2 2
4 8 11
9 13 7
19 23 16
0 3 16
23 3 7
4 6 17
4 8 6
17 20 9
19 0 9
18 23 1
7 9 5
19 22 8
23 3 12
10 13 1
0 3 15
14 17 11
23 1 9
22 1 14
20 23 14
6 8 14
12 15 5
17 19 16
1 3 15
15 18 8
14 16 17
9 12 4
13 16 10
1 3 10
8 12 7
17 20 1
11 15 13
21 23 14
7 9 5
12 16 1
18 22 17
13 17 6
3 7 10
9 10 12
21 1 14
4 7 3
13 16 16
21 0 14
9 13 16
7 10 6
0 3 7
12 15 6
5 8 8
0 3 4
11 14 5
19 22 15
0 4 12
4 8 13
16 20 16
11 15 7
12 14 4
3 7 16
3 6 4
10 13 13
16 20 6
12 15 2
11 15 15
15 19 8
7 10 14
17 18 7
0 3 15
1 4 8
17 21 10
7 11 10
13 15 8
18 19 5
16 19 14
23 1 4
22 3 6
10 13 16
16 19 9
13 16 17
19 22 14
8 12 5
0 4 6
19 0 4
13 16 2
5 7 11
4 8 1
17 22 16
22 1 5
4 7 17
13 17 14
9 11 7
23 4 3
0 4 1
1 5 2
10 13 9
20 23 7
19 23 5
23 1 8
1 4 16
9 11 6
3 5 12
17 19 6
18 21 9
6 9 3
13 16 1
5 7 6
13 15 15
6 10 15
7 9 3
18 22 12
9 12 15
12 14 2
19 23 6
0 3 13
1 5 13
0 1 7
1 3 16
11 14 10
6 10 15
12 15 10
17 19 12
2 5 4
3 4 11
15 18 10
14 17 7
1 5 15
18 21 1
19 21 14
4 8 9
13 15 16
6 8 14
16 18 16
8 10 12
18 22 12
11 14 11
7 9 17
20 22 4
9 12 2
19 22 10
0 3 14
21 23 2
7 10 12
22 1 3
20 23 14
5 9 11
1 2 17
6 8 7
3 6 16
2 5 3
19 21 10
14 17 8
0 3 3
19 20 8
1 4 2
21 0 17
1 2 7
6 9 1
4 8 3
19 20 10
9 10 16
13 17 11
21 0 10
9 13 16
8 13 8
3 7 2
0 3 5
21 0 15
7 10 12
11 14 8
8 10 1
1 4 4
7 10 2
10 14 1
17 18 12
7 11 4
22 1 6
4 7 3
9 11 7
7 8 8
12 15 4
23 2 15
8 13 8
19 0 5
18 19 4
1 3 9
1 5 16
2 4 2
6 7 4
7 10 12
20 23 13
11 14 2
16 19 14
11 15 7
3 4 14
18 22 1
14 18 4
21 1 17
0 4 6
23 1 1
1 5 10
20 23 4
13 16 7
22 1 7
11 15 6
3 7 13
18 20 12
19 1 15
21 2 2
14 17 17
23 3 10
0 3 3
2 5 6
3 7 2
4 7 6
9 11 14
16 20 15
9 14 3
19 22 6
6 10 15
17 19 11
17 19 13
13 14 12
0 3 4
16 19 17
23 4 3
18 20 11
0 2 12
19 23 10
3 7 9
19 23 17
9 13 12
16 19 15
21 0 6
10 14 8
23 2 4
17 19 8
12 14 4
13 15 6
23 4 5
0 2 16
9 12 12
4 6 8
13 16 13
16 19 11
20 0 9
21 21 2
22 0 7
3 4 7
10 11 7
20 0 12
18 21 14
7 12 12
14 17 7
15 19 14
22 2 2
13 17 5
4 5 8
18 21 7
9 11 7
6 9 12
14 16 10
0 3 16
16 18 2
12 14 9
13 16 12
7 9 8
13 15 9
17 21 9
19 23 2
4 6 4
4 7 6
11 15 15
19 21 9
9 10 2
4 6 14
15 18 10
12 12 7
9 12 12
13 17 5
10 14 5
21 0 9
5 8 15
2 4 11
15 17 14
0 1 15
1 4 17
11 14 6
16 20 4
19 20 11
14 18 3
14 18 17
19 21 4
1 3 12
2 5 9
12 16 15
10 12 12
20 21 17
12 16 16
6 8 10
4 8 2
17 20 1
9 12 8
15 18 8
5 7 3
20 23 11
6 10 15
5 7 1
22 1 9
14 16 2
11 15 8
0 3 10
3 5 15
22 0 15
23 2 8
17 20 3
12 14 7
8 11 7
4 9 1
11 15 8
9 12 9
19 22 17
1 7 2
18 22 12
2 3 12
1 4 16
8 10 13
22 2 12
16 19 17
7 11 8
2 5 12
17 21 8
9 12 13
1 4 16
12 14 2
15 18 4
5 9 16
3 6 7
7 12 7
17 18 7
19 22 8
13 16 5
1 4 6
2 5 5
7 10 2
11 13 4
21 23 13
19 21 1
9 13 2
23 1 15
13 16 7
3 7 7
15 18 9
1 3 12
17 20 3
12 14 16
0 5 6
