2650 18
5 3 7 7 5 3 10 3 9 7 5 10 9 4 2 7 5 9 
18 22 6
23 0 7
17 21 8
12 14 2
4 5 18
11 13 14
5 7 13
22 0 2
5 6 8
4 7 10
23 4 9
6 10 10
11 14 7
2 6 17
17 19 4
15 18 13
11 15 17
15 19 4
15 18 1
18 20 7
21 1 4
5 7 15
17 20 11
6 10 3
8 11 11
15 18 7
1 4 2
16 19 7
1 5 10
21 1 8
8 13 10
13 17 17
12 13 10
0 2 2
12 15 5
11 12 3
4 7 14
19 22 4
13 15 3
21 1 17
11 14 10
15 17 12
17 20 18
16 20 4
7 10 9
5 10 3
7 9 14
22 1 5
23 4 11
22 2 14
2 5 17
22 1 10
2 7 16
17 19 14
20 22 10
10 12 17
3 6 4
13 16 7
11 14 10
7 10 16
7 9 10
15 18 5
18 21 13
3 5 17
10 12 16
4 7 5
13 17 5
8 9 6
17 19 10
21 1 16
8 13 4
9 12 3
12 13 18
12 14 10
3 5 2
5 9 7
15 20 12
23 1 5
5 8 9
12 14 8
9 11 10
8 10 8
19 22 5
16 19 3
19 22 9
0 4 17
12 14 8
15 17 15
17 21 13
22 1 4
7 7 10
2 6 9
14 17 7
10 11 6
11 14 8
16 19 2
22 2 13
6 10 16
10 15 7
17 19 15
0 2 9
2 5 12
22 1 15
23 2 5
2 5 18
11 15 15
8 11 15
9 11 1
23 1 3
1 4 8
13 14 2
13 17 16
5 8 14
7 9 18
4 8 10
3 6 10
9 12 1
7 11 6
4 5 11
20 23 17
12 15 12
12 15 18
12 15 10
13 17 18
19 22 17
10 12 2
6 10 11
15 18 17
20 22 14
18 22 3
5 9 7
21 23 2
18 22 13
14 17 11
21 1 18
8 12 7
9 13 2
13 16 13
19 22 6
11 14 8
15 18 3
16 20 3
8 12 1
20 23 10
9 12 16
16 17 7
0 2 2
23 3 8
16 20 11
22 0 11
16 19 13
8 9 7
23 3 1
21 0 2
13 16 3
20 22 1
20 23 11
3 4 11
15 16 10
18 22 5
14 16 1
12 14 5
2 7 12
9 12 7
10 14 12
9 13 6
8 11 8
19 22 10
17 19 6
7 10 6
7 10 11
10 12 2
8 10 17
19 22 8
21 0 5
22 0 7
5 10 3
1 3 14
8 13 4
19 1 9
17 20 15
10 12 9
2 3 3
3 7 8
12 13 8
2 4 7
8 11 14
10 13 10
9 12 7
23 2 7
9 11 14
15 19 7
2 6 11
16 18 16
19 19 12
2 5 7
1 2 10
7 11 4
7 10 15
1 5 4
5 8 2
10 14 8
19 23 3
6 9 2
14 16 7
2 5 9
23 3 13
23 3 14
16 20 8
5 7 13
0 2 8
8 11 8
15 18 17
6 9 14
20 23 6
2 4 17
23 1 6
6 9 3
1 4 5
5 6 13
8 11 1
17 23 12
11 13 2
19 23 7
7 10 2
20 22 15
21 0 4
1 5 7
22 1 14
3 7 5
18 22 10
5 8 11
0 4 4
2 5 2
7 11 10
1 3 2
2 5 13
13 17 6
10 14 14
11 13 11
9 13 13
20 22 18
18 21 18
15 16 14
21 1 2
18 23 13
1 6 10
2 5 1
4 7 15
9 12 8
22 1 8
7 8 9
23 2 16
12 14 1
18 20 15
15 17 17
20 22 4
1 5 17
6 10 17
12 13 14
20 23 9
14 18 4
20 22 6
13 16 4
9 13 3
21 23 2
22 2 14
7 11 12
19 23 1
11 13 14
3 8 10
8 11 13
23 2 10
7 9 3
15 18 7
1 4 3
1 5 8
21 23 9
17 20 18
5 8 6
12 16 4
2 3 8
0 3 8
18 19 12
3 5 11
13 17 11
19 23 4
23 1 7
17 20 16
16 18 18
1 3 15
1 4 17
13 17 14
6 9 6
3 5 5
23 3 5
2 3 3
7 10 8
23 4 1
18 21 6
8 10 10
2 7 4
6 10 6
6 8 9
0 4 17
17 19 12
5 8 12
6 10 12
17 20 5
19 22 13
4 9 16
21 23 2
18 20 9
12 15 6
12 14 11
11 14 8
10 15 3
2 5 13
18 21 12
16 20 4
7 9 14
0 4 6
8 9 16
6 8 8
22 23 13
8 12 10
10 12 18
6 11 18
21 23 2
14 17 5
18 22 13
12 13 13
11 12 11
6 7 12
11 14 13
17 17 2
23 2 13
0 4 14
2 5 10
11 15 7
10 12 7
3 7 12
19 21 17
14 17 5
22 23 2
23 1 10
18 20 10
15 18 9
4 7 18
4 6 4
21 2 18
9 12 8
17 19 5
13 16 14
21 1 16
8 12 7
5 9 17
9 11 7
15 17 13
23 2 9
5 7 1
9 13 9
9 12 5
23 3 8
8 10 6
18 20 8
11 14 4
2 6 17
15 18 9
19 23 2
13 17 17
12 14 9
5 10 15
1 5 17
8 10 10
21 0 3
5 8 1
9 13 9
5 8 3
7 7 5
6 9 5
15 17 2
23 2 5
21 2 3
3 4 18
4 7 13
6 8 4
6 9 6
2 4 13
11 15 6
3 6 13
0 6 10
14 17 14
23 2 8
6 8 3
2 7 18
1 4 9
14 19 14
4 6 8
3 3 2
7 10 14
19 23 14
14 18 11
9 11 15
8 10 7
10 13 13
21 2 6
0 2 13
8 11 3
2 4 2
14 18 14
9 11 8
21 0 8
18 22 17
15 16 5
16 18 15
14 17 11
15 18 11
4 7 14
10 13 6
19 20 2
9 11 8
14 17 12
2 5 5
11 15 18
14 17 17
20 22 17
17 20 17
9 11 17
18 21 1
10 13 18
4 7 11
17 21 15
4 8 1
9 12 7
13 14 8
21 23 4
4 7 11
18 21 18
23 1 6
8 11 18
19 23 17
12 16 2
13 16 10
9 12 18
10 12 11
11 16 16
7 10 10
9 10 12
3 6 6
17 22 15
23 1 5
3 8 17
14 18 13
22 1 3
7 11 2
10 12 18
0 4 8
15 18 5
3 5 9
1 4 13
19 21 17
9 13 18
16 18 15
6 10 6
22 1 12
23 1 14
18 23 8
20 23 16
5 7 2
4 7 9
6 8 1
18 21 14
5 7 12
15 16 10
6 9 17
14 16 10
5 9 2
1 3 3
20 0 12
11 13 9
15 17 1
3 6 13
19 22 4
1 5 17
15 16 10
14 17 14
6 7 7
21 0 16
12 15 3
13 18 16
1 3 8
14 18 12
2 5 6
6 10 18
11 13 16
20 22 1
7 10 15
19 22 16
18 21 10
16 20 7
20 22 8
14 17 11
3 5 14
18 20 12
17 20 3
8 10 3
18 21 9
3 5 5
15 18 15
6 8 16
9 14 11
17 19 12
11 13 1
9 13 17
15 19 16
7 11 11
13 17 12
4 7 9
15 18 12
17 19 13
20 21 2
20 23 17
22 3 7
16 19 3
3 6 12
6 8 6
1 4 10
18 22 8
19 22 4
15 20 17
14 16 14
13 14 18
21 0 14
16 18 16
23 3 6
2 6 8
16 21 17
22 1 1
9 11 3
1 5 9
11 16 9
0 5 10
9 12 16
1 2 11
11 13 10
14 18 6
7 11 4
15 18 6
14 18 14
11 12 14
3 4 9
14 16 5
13 15 2
18 21 16
23 1 16
7 11 10
14 17 2
13 18 9
1 4 17
15 18 6
13 14 6
23 3 2
6 8 12
10 14 18
22 23 17
4 6 9
7 11 13
7 10 6
2 6 18
3 6 7
0 3 13
1 3 4
2 4 18
12 17 9
3 7 14
23 1 13
18 21 3
14 16 17
1 4 12
7 10 1
2 5 13
11 12 11
17 20 7
4 8 3
14 16 1
19 23 4
18 21 4
6 9 12
21 23 4
0 2 2
15 18 17
23 2 9
22 1 18
9 12 8
22 1 11
8 10 4
12 16 5
7 8 16
3 6 7
7 11 9
20 23 4
23 3 7
15 18 10
6 10 13
1 5 13
20 20 11
3 5 9
9 9 15
16 18 11
3 5 13
15 18 6
6 8 3
9 12 12
0 4 9
4 6 3
23 2 9
10 13 18
16 19 2
13 16 4
13 16 2
18 21 16
23 1 8
15 20 12
22 1 10
2 5 4
9 12 12
7 10 3
21 1 4
14 16 9
19 1 6
1 4 9
18 21 1
7 9 6
13 15 4
12 16 11
6 9 9
12 16 1
12 15 12
19 22 1
15 17 3
15 20 14
2 5 12
19 21 16
19 22 5
7 10 2
8 11 16
18 19 5
10 12 12
4 7 10
23 1 9
8 13 9
17 20 12
6 10 14
11 14 16
21 0 10
18 21 11
11 13 17
7 8 5
18 20 2
0 2 13
15 19 4
10 13 14
18 21 2
12 16 3
20 22 14
17 19 14
6 10 6
1 4 8
11 12 8
5 7 1
4 9 9
0 3 11
17 20 6
12 16 1
16 18 4
22 1 6
4 8 1
2 6 14
5 8 15
21 0 16
0 3 3
23 2 1
11 15 18
17 21 13
13 15 6
21 0 14
5 6 14
16 20 5
17 21 4
2 5 1
19 22 10
21 23 7
17 19 5
11 16 11
12 15 11
12 15 13
2 5 9
8 11 11
4 8 7
6 6 9
22 2 5
2 3 3
4 7 2
19 21 5
4 9 2
5 6 11
14 16 16
10 13 16
18 22 7
5 7 16
13 16 5
17 20 15
4 7 5
3 5 8
4 7 11
16 19 14
5 7 9
4 5 9
2 6 1
7 11 16
4 9 7
11 12 6
21 1 13
8 11 11
13 17 17
8 11 10
17 20 13
11 15 11
4 7 16
20 22 12
2 5 18
11 14 18
23 1 15
9 13 11
22 2 6
8 11 11
23 3 2
4 8 11
19 21 6
15 18 1
18 21 13
14 18 12
20 23 14
4 6 16
22 2 2
23 1 2
10 13 5
1 5 13
14 16 11
5 8 13
7 8 1
3 7 4
1 4 7
8 12 11
6 9 6
23 1 16
19 22 16
13 15 10
11 15 7
15 19 1
23 3 4
13 15 15
13 17 12
23 2 2
2 3 10
0 3 11
19 23 1
1 4 16
18 21 16
4 6 11
18 22 10
8 10 3
1 4 12
0 3 13
15 19 12
17 19 14
19 22 15
1 4 13
15 19 5
16 20 3
20 22 4
8 12 6
17 22 16
4 6 7
4 7 16
23 2 16
16 18 16
12 14 15
15 18 6
22 1 11
19 22 2
2 4 10
5 9 10
7 9 18
19 23 10
3 6 2
13 15 12
22 1 15
22 1 15
20 0 7
8 10 11
22 0 15
12 14 4
15 18 17
0 2 8
13 17 16
12 16 11
15 16 18
8 10 15
1 5 8
13 15 3
8 10 6
9 12 2
22 23 8
5 8 2
12 15 8
20 20 10
4 7 1
10 13 10
12 16 4
10 13 13
9 13 2
21 23 12
5 8 10
11 12 4
8 10 8
17 19 9
19 23 18
18 22 17
21 1 4
8 12 8
11 15 8
23 1 8
22 1 7
4 8 8
4 6 16
14 17 9
13 17 18
19 22 18
20 0 2
4 6 8
12 15 9
4 5 6
11 13 5
4 6 3
14 16 1
20 0 9
7 10 7
18 22 3
11 14 2
22 0 14
18 21 17
17 21 16
6 8 10
2 5 4
7 11 5
11 14 12
6 8 4
2 5 2
8 12 10
23 3 8
22 0 15
13 15 10
3 7 10
9 11 6
1 6 18
17 20 11
5 8 16
21 0 4
10 14 13
7 8 3
22 0 10
5 8 16
3 6 13
20 22 9
8 11 15
3 7 9
12 15 15
21 0 2
16 20 11
18 22 11
10 14 15
7 10 2
23 3 5
10 11 11
2 6 1
17 22 4
10 13 4
0 2 18
3 7 13
12 14 7
20 0 10
5 9 13
1 5 1
8 12 12
19 22 12
20 0 16
17 20 3
9 12 7
9 13 6
17 21 13
12 16 3
2 4 8
3 6 18
23 2 15
16 18 14
0 3 2
13 18 5
20 22 11
19 22 12
13 15 14
4 8 8
16 19 8
6 8 12
20 0 2
15 16 10
3 6 12
10 13 10
1 3 9
3 5 14
23 3 1
18 20 16
18 19 8
23 1 13
18 21 9
5 7 3
8 11 9
18 21 18
13 17 8
15 20 14
21 23 10
11 13 11
7 10 18
13 17 8
0 3 7
5 7 1
13 16 15
22 2 3
15 17 11
6 9 10
2 6 4
8 11 12
4 7 16
9 13 15
0 1 14
1 3 9
3 4 14
17 20 11
10 13 15
7 10 14
11 15 5
22 1 14
23 3 11
3 8 15
12 16 5
1 5 8
19 22 18
13 16 12
0 3 13
12 15 13
13 17 6
17 22 12
18 20 17
15 16 16
16 20 14
8 13 9
5 8 17
12 15 3
20 23 2
2 4 4
2 5 17
6 8 5
17 19 5
19 22 6
14 17 17
3 6 4
6 9 3
8 12 13
9 13 16
20 23 16
8 11 3
0 2 8
1 4 5
10 13 6
19 20 5
9 12 11
15 18 17
5 8 16
6 8 15
13 16 2
1 4 9
4 7 15
7 9 5
11 13 9
19 23 10
23 2 9
15 18 18
8 7 18
12 16 5
7 10 10
4 6 13
11 14 15
22 2 6
14 17 18
23 2 6
11 14 8
19 23 4
12 16 11
13 16 13
16 18 6
11 12 1
6 6 8
5 7 15
17 19 8
5 8 5
19 22 14
2 6 7
13 15 12
11 13 14
22 1 14
11 14 6
1 2 14
20 21 14
8 12 15
11 15 1
11 16 14
5 7 14
11 13 14
2 7 6
0 4 10
13 16 2
4 5 7
11 15 16
13 15 3
19 21 17
5 7 9
0 2 13
8 11 14
10 14 17
1 6 7
21 0 6
1 4 4
6 10 11
13 15 13
3 8 1
21 0 12
2 7 10
17 21 16
23 2 8
19 21 18
7 9 8
0 2 9
6 12 3
10 13 8
9 12 18
7 11 4
1 5 4
23 2 2
3 7 11
21 1 4
21 23 16
14 19 16
14 17 10
9 11 1
22 1 11
1 6 12
2 7 14
22 0 6
8 12 3
4 9 2
11 14 6
15 18 18
8 9 1
2 6 8
22 2 18
10 12 3
22 0 1
6 9 11
5 8 10
23 2 6
6 8 10
9 11 9
17 21 6
1 3 8
1 6 15
14 16 8
23 1 12
21 0 10
13 17 6
1 4 14
10 13 18
18 20 1
7 10 16
22 1 13
16 20 1
20 23 18
14 17 1
13 16 7
15 19 8
18 21 8
0 5 18
21 22 6
16 19 18
9 14 5
18 21 2
10 13 8
12 15 15
4 7 7
11 14 12
18 21 7
21 0 13
23 2 10
10 10 7
14 17 3
6 9 1
14 14 12
9 12 17
3 6 11
8 12 7
3 7 6
20 0 9
16 19 8
5 10 6
18 22 4
15 17 17
6 9 4
5 8 6
9 13 6
20 0 3
7 12 3
6 10 16
12 17 9
6 9 1
11 13 10
0 5 6
19 22 6
21 0 18
1 4 7
22 1 5
21 23 13
12 14 7
10 13 12
23 3 7
16 18 1
14 18 11
4 7 13
8 10 8
9 11 9
6 9 14
19 22 18
13 15 6
9 12 6
18 22 3
22 1 13
23 1 11
10 14 12
9 10 7
5 7 3
17 19 14
15 18 12
8 11 12
13 15 14
7 10 13
2 5 16
18 21 11
7 9 13
10 14 12
7 10 15
13 16 8
23 1 3
3 6 18
6 9 8
14 16 11
23 1 17
20 21 7
19 22 3
4 7 11
13 17 9
21 23 2
13 18 14
14 15 1
7 11 1
9 10 9
20 23 17
4 7 3
9 13 9
15 19 3
17 21 11
13 16 7
13 15 11
14 17 1
2 4 2
19 23 3
20 22 14
14 18 7
6 9 13
21 2 1
1 2 10
14 17 17
21 22 3
23 2 8
20 22 16
19 23 18
3 5 5
12 15 11
20 0 9
7 11 6
19 23 7
23 0 17
16 20 15
11 13 15
3 6 1
16 18 13
17 23 9
15 18 6
15 20 2
14 17 13
22 2 16
21 0 1
2 4 15
16 20 4
3 6 7
2 7 6
7 11 3
11 14 16
20 23 2
1 3 10
13 17 3
7 10 3
17 19 11
3 7 4
3 7 13
6 7 14
21 23 3
17 21 15
23 2 10
2 4 10
9 12 7
4 8 12
9 14 2
5 7 7
21 0 14
2 5 1
12 16 12
12 15 12
7 10 1
16 17 13
14 17 7
10 12 4
8 9 10
19 23 4
0 1 8
18 23 6
19 23 5
1 4 11
8 10 15
6 10 7
11 14 10
15 16 8
8 10 8
2 3 16
7 10 18
0 3 12
12 14 18
13 15 7
16 18 17
8 10 6
19 22 8
1 5 15
0 3 4
6 7 3
10 14 8
5 7 4
19 23 7
19 0 2
23 3 17
10 14 4
7 9 13
23 2 9
12 16 3
17 21 10
3 7 17
11 16 3
22 1 9
14 17 15
1 5 14
7 8 17
14 16 7
17 20 2
6 10 17
11 15 14
11 15 10
8 10 2
2 6 15
2 6 2
12 15 18
22 1 13
22 1 5
13 16 2
1 3 6
3 7 11
11 13 17
20 23 1
11 16 13
5 9 11
2 5 5
7 10 14
1 3 17
13 16 2
12 17 13
12 15 17
22 2 10
9 11 17
14 16 16
15 17 7
21 1 1
15 19 15
4 8 18
12 16 5
22 23 16
22 3 18
0 4 13
5 9 11
10 14 3
13 16 18
4 6 14
23 3 11
4 7 11
15 17 7
18 20 12
23 3 16
23 1 17
20 23 9
14 17 6
12 14 15
19 19 7
3 5 1
18 22 1
8 12 16
19 21 11
0 3 1
0 2 4
20 22 14
2 4 12
16 18 7
4 8 6
1 5 12
14 18 13
8 12 7
23 1 2
18 21 16
10 14 15
21 0 11
23 2 11
14 18 7
13 17 7
20 22 15
9 13 5
21 0 7
19 21 10
8 10 8
23 0 11
21 3 16
0 2 7
15 18 1
0 5 16
14 16 12
13 15 7
18 21 1
7 11 12
4 7 11
7 12 15
1 3 1
6 8 5
16 20 9
18 19 15
17 20 9
16 20 5
6 7 14
23 4 8
9 12 11
0 2 13
10 12 10
4 6 4
0 2 11
16 20 18
10 11 9
14 17 2
19 22 14
12 15 8
16 19 8
7 10 1
1 5 17
16 19 5
0 4 13
19 23 4
2 6 13
21 0 18
8 12 4
8 12 4
21 23 4
3 6 16
14 16 14
2 4 12
22 1 2
23 2 9
20 0 4
8 11 9
17 20 12
20 0 3
18 22 17
5 8 10
14 18 2
22 2 10
23 3 12
5 8 15
11 14 3
4 7 7
18 22 14
13 16 3
10 14 4
15 17 9
1 3 11
11 15 10
18 19 11
6 9 9
11 15 18
1 4 16
20 0 8
0 3 5
17 21 6
23 2 2
15 19 8
5 8 17
13 16 4
11 13 9
6 10 2
16 18 14
8 11 10
8 12 6
9 12 10
16 19 18
18 20 11
0 4 9
3 6 14
1 5 13
22 23 15
12 13 14
2 4 8
16 20 8
18 22 14
23 3 6
8 12 8
16 19 11
14 17 17
7 8 4
11 14 1
17 20 9
13 17 18
14 16 11
14 19 8
12 17 14
5 8 1
12 16 7
11 13 15
5 7 11
16 19 1
12 16 7
8 10 16
14 18 6
3 6 15
15 18 9
21 0 11
14 17 6
19 22 15
21 22 3
12 14 5
11 13 4
0 4 5
18 21 15
8 12 1
17 20 14
0 3 8
19 22 5
22 0 18
18 21 17
3 7 18
14 15 17
22 2 12
13 17 17
5 9 3
18 22 18
14 18 14
9 13 17
3 6 16
2 5 13
2 7 6
21 1 7
13 15 8
5 8 8
23 2 9
15 18 16
3 6 2
8 11 5
7 9 3
23 1 17
11 12 15
0 3 11
19 21 10
4 7 15
20 22 10
18 20 1
5 8 8
7 9 1
5 8 5
10 13 16
6 9 18
10 14 13
5 8 3
7 12 18
7 12 5
21 22 15
16 19 16
14 17 12
2 6 2
7 12 2
13 17 16
8 11 7
7 9 10
1 4 6
0 3 15
4 8 5
5 8 16
0 3 12
1 5 17
5 7 6
16 18 3
6 9 14
9 11 11
18 20 14
10 13 5
8 12 18
23 2 2
4 7 17
5 9 4
2 6 4
2 6 17
22 2 11
13 17 6
7 10 18
12 14 9
6 10 12
16 19 1
2 5 9
20 20 8
15 18 2
14 16 10
13 18 14
23 2 16
13 17 11
8 10 11
22 4 6
11 13 16
10 12 15
4 8 7
17 19 7
21 0 15
9 12 9
19 23 1
2 5 13
18 22 3
19 23 14
17 21 5
12 14 16
8 10 7
3 6 5
5 8 12
0 3 4
2 3 2
18 23 13
13 14 1
3 7 6
14 16 7
21 0 14
7 9 7
11 13 7
10 13 1
19 23 3
9 12 15
23 2 11
6 8 17
1 3 10
19 21 2
1 4 17
8 10 7
12 16 8
8 11 11
4 7 8
13 15 6
14 17 15
9 13 1
21 0 9
7 11 12
19 23 3
19 21 7
0 2 11
10 12 3
20 23 6
21 22 12
0 1 10
12 15 10
10 12 16
7 11 10
18 20 6
6 9 13
21 0 1
1 5 17
23 3 5
16 18 16
17 21 16
19 21 1
9 12 14
7 10 10
17 19 18
6 8 6
20 0 4
13 15 7
12 16 6
7 11 10
10 14 12
8 12 12
16 18 1
2 4 2
15 18 16
9 11 10
11 12 14
21 0 12
11 12 14
15 20 7
10 12 9
22 0 13
11 15 1
2 4 8
8 12 15
13 17 12
20 0 9
1 3 16
20 23 10
6 11 5
14 19 16
22 2 5
12 16 3
15 20 17
12 15 3
16 19 18
16 20 6
18 21 7
22 1 1
1 5 5
17 20 12
4 7 2
7 11 14
11 13 10
19 23 6
13 14 7
1 5 1
10 13 15
20 23 13
23 3 4
4 5 13
13 16 2
4 8 8
2 6 11
6 9 5
3 6 17
7 11 6
12 15 18
8 10 18
4 6 18
8 12 17
0 4 14
9 12 2
11 15 2
8 12 6
4 7 17
18 20 1
5 8 8
7 11 5
19 23 14
3 4 16
2 5 1
22 3 10
15 20 6
7 10 10
10 12 11
12 16 6
8 11 15
3 5 4
15 17 13
10 14 12
16 20 8
23 3 1
10 12 5
14 17 2
9 13 12
13 16 8
15 19 4
11 14 15
13 17 17
0 3 1
23 2 10
3 8 11
8 10 3
23 3 2
22 2 11
4 8 2
19 22 15
17 20 11
2 6 17
19 21 16
8 11 17
21 23 18
23 2 1
10 13 2
8 11 16
1 4 3
17 19 18
19 22 2
19 22 4
6 10 16
6 10 5
17 19 13
2 4 1
12 15 5
15 19 16
22 23 15
15 17 17
23 2 9
8 10 5
17 21 14
23 3 18
4 6 17
18 20 10
1 5 17
15 18 14
9 12 1
20 0 4
18 20 3
18 21 10
9 14 4
23 2 8
17 21 14
22 1 4
5 9 13
10 14 13
1 5 4
12 15 15
0 2 5
11 14 8
16 20 8
15 18 7
16 20 8
16 19 13
4 8 16
17 20 7
3 7 2
19 22 7
11 13 5
0 3 5
4 5 8
16 19 11
0 3 2
16 17 9
3 7 18
18 21 17
22 1 9
4 7 3
21 23 4
9 13 18
1 4 6
4 6 13
7 10 7
23 2 17
3 5 2
2 5 17
15 19 2
3 6 9
12 15 16
1 6 8
20 23 8
5 8 3
21 0 8
22 1 15
20 23 17
8 10 1
7 10 14
4 8 12
21 0 11
6 10 14
11 14 8
15 16 14
22 3 9
3 7 13
18 20 3
21 0 9
21 0 18
11 14 16
8 12 12
23 3 10
15 18 1
1 4 2
13 15 5
14 19 14
17 22 18
8 13 13
9 12 10
12 14 6
4 8 5
16 18 1
2 6 5
2 6 1
12 15 10
23 1 15
19 23 2
12 15 10
11 12 10
18 22 18
9 13 5
18 19 1
1 5 17
2 6 6
22 1 4
12 13 6
14 18 7
8 12 11
20 0 14
4 8 16
17 20 14
11 14 4
1 2 16
2 5 11
15 17 16
20 22 5
8 12 6
0 3 1
13 17 1
14 19 2
4 7 3
9 12 17
19 21 6
7 8 12
15 17 14
12 17 18
19 21 2
20 23 1
23 2 4
2 5 13
19 23 2
14 18 12
2 4 13
15 19 15
4 6 4
10 11 8
21 0 11
21 1 4
3 6 9
20 0 14
17 20 10
11 14 14
16 20 8
14 18 7
9 11 18
14 17 13
6 10 8
13 18 14
18 22 14
2 5 7
8 10 18
0 3 16
21 22 12
12 16 10
2 4 13
15 18 11
6 11 9
11 13 14
22 0 6
12 16 15
16 20 3
14 18 15
6 8 16
16 20 10
19 21 3
7 10 9
5 8 1
1 2 11
20 23 16
7 9 2
10 14 14
15 17 17
22 1 13
5 7 11
1 2 13
22 2 3
14 18 2
10 12 5
15 18 3
6 9 13
23 1 6
10 13 18
21 0 16
13 15 13
10 13 12
5 7 4
5 7 18
5 7 5
9 12 3
1 5 13
18 20 11
13 15 10
8 10 8
5 8 1
7 11 16
20 23 8
19 21 13
12 15 1
5 8 11
6 8 8
5 8 4
17 20 1
16 20 13
20 23 1
15 17 4
1 5 13
19 21 12
11 12 16
21 0 17
6 10 9
14 18 8
1 3 1
3 6 12
21 1 2
12 14 14
21 0 9
14 15 16
7 11 6
22 1 12
3 5 14
14 18 2
6 9 6
10 15 2
11 15 9
21 1 17
21 2 11
7 7 7
1 5 17
4 7 4
20 0 4
18 22 3
11 14 6
23 2 1
2 4 17
19 21 8
3 6 9
7 11 1
17 19 11
6 9 11
1 4 13
0 4 10
13 15 11
4 7 14
15 19 2
8 11 13
10 13 10
8 12 8
3 4 3
5 7 17
8 11 14
3 7 18
0 1 2
21 22 6
7 10 11
16 18 16
23 2 11
20 23 5
19 23 3
14 16 8
9 11 1
22 2 13
19 22 1
3 6 7
0 3 15
18 21 5
12 15 3
12 15 12
16 18 9
12 16 18
21 0 10
3 6 17
21 23 17
8 12 9
16 18 17
3 7 6
22 0 7
12 14 15
13 15 1
12 14 6
16 19 4
5 10 16
7 10 9
1 4 8
0 2 11
5 9 16
11 14 2
6 10 3
21 0 17
20 21 11
7 10 12
0 4 16
20 0 7
7 10 18
3 5 15
11 15 10
23 3 5
0 4 16
12 14 6
20 23 7
2 3 10
11 14 2
20 23 2
6 11 7
2 6 16
19 23 9
1 3 6
22 1 16
3 5 3
5 8 8
9 11 13
19 23 15
14 17 18
19 22 17
13 16 3
0 2 7
20 0 18
19 21 2
4 8 11
22 1 12
12 15 8
8 11 12
18 22 2
18 22 11
15 19 14
0 4 18
20 0 16
3 5 10
2 5 12
9 13 3
3 5 17
7 10 13
18 19 12
4 5 1
17 20 14
14 16 15
1 2 13
6 10 1
16 21 1
6 10 10
10 13 18
6 7 14
0 4 10
3 6 7
12 16 6
6 10 10
7 10 7
1 4 17
20 0 14
15 18 12
16 20 8
16 19 2
20 23 10
12 16 17
0 4 9
2 4 10
18 22 5
0 5 2
20 21 8
19 21 4
10 14 10
13 17 3
19 23 2
20 20 3
1 5 3
22 2 16
15 18 12
20 23 11
6 9 7
1 5 4
5 9 12
21 1 5
17 20 12
19 0 2
16 18 2
11 13 11
22 2 16
13 18 11
20 0 8
0 4 2
13 17 5
20 0 12
18 20 8
5 9 16
5 7 18
17 20 17
10 13 3
13 17 12
21 2 13
3 7 10
4 8 11
17 20 14
12 16 2
0 3 5
10 13 8
20 23 12
18 21 5
1 3 6
6 8 4
18 21 8
6 9 3
23 3 18
15 18 10
9 13 6
14 18 15
23 2 4
11 14 5
1 4 10
14 17 15
14 17 1
7 9 8
1 3 1
5 8 15
1 5 10
18 22 15
11 16 15
9 12 9
13 16 3
15 17 13
15 16 9
16 19 4
0 2 10
8 11 9
16 18 17
15 19 7
2 6 18
20 0 6
17 20 13
21 1 6
3 6 13
22 23 12
6 9 13
20 23 10
0 3 17
5 9 15
11 15 13
11 14 13
17 19 14
3 7 3
20 1 4
22 3 14
10 12 10
8 9 8
8 13 3
11 15 13
19 22 17
10 12 9
15 18 2
0 3 4
18 21 14
4 7 7
10 12 3
10 13 9
10 14 16
2 5 7
7 10 16
4 7 17
2 4 5
23 2 8
15 18 7
10 14 11
3 8 15
18 20 4
4 7 15
8 12 2
17 21 2
13 16 10
1 4 11
10 13 13
7 10 9
2 5 14
5 8 10
21 23 12
5 8 8
14 17 7
2 4 2
2 5 12
1 4 3
11 16 14
14 18 13
8 10 8
3 7 15
16 18 7
19 21 1
12 15 5
19 21 11
20 22 12
9 11 3
16 21 7
7 11 7
2 5 17
19 22 16
14 17 10
19 21 12
17 20 7
1 4 17
16 20 15
12 14 7
11 13 4
5 8 17
23 3 10
23 3 14
23 1 13
3 5 13
13 15 6
16 16 2
20 23 8
1 4 5
13 14 10
14 14 2
19 22 9
21 0 7
15 20 9
12 16 8
1 4 13
23 3 6
4 6 5
9 11 10
9 13 9
18 21 15
11 14 16
9 11 3
18 21 5
16 19 14
21 1 9
20 21 10
13 17 9
3 6 7
10 14 10
8 11 11
21 0 5
21 23 18
5 7 9
19 21 17
1 5 18
17 20 7
15 18 4
8 11 7
9 11 9
10 11 14
10 12 2
22 1 18
18 22 3
1 3 6
21 22 4
19 22 15
1 3 6
23 2 8
12 16 8
2 3 11
17 20 2
7 9 18
9 14 15
21 22 15
3 5 10
10 12 9
18 23 13
2 4 17
10 11 18
22 1 3
9 11 7
5 7 2
4 7 13
15 16 3
1 4 11
4 6 10
5 7 6
12 14 15
12 14 15
7 9 13
0 3 14
12 15 14
18 20 10
10 11 1
21 22 6
17 20 10
19 22 9
23 3 7
12 15 2
2 5 13
21 1 5
1 3 9
5 9 6
1 4 3
13 16 6
9 12 1
16 19 6
12 12 6
7 9 15
16 20 2
17 19 14
12 15 16
13 18 8
1 5 12
13 18 3
16 18 1
23 4 6
11 15 9
22 23 16
12 16 1
20 23 12
2 4 2
2 5 15
7 11 14
0 2 2
4 6 4
7 10 12
11 16 14
13 15 10
21 23 3
2 7 15
8 13 15
8 11 11
14 17 1
5 8 9
17 20 13
19 21 8
1 5 18
21 1 4
1 5 12
20 23 6
11 14 11
8 11 16
23 2 14
8 11 1
13 18 4
10 13 14
5 8 13
19 22 3
19 22 12
3 6 3
13 17 7
2 5 15
18 21 2
11 13 6
17 20 10
8 12 1
20 23 18
13 15 13
6 11 7
12 13 3
3 6 8
14 17 9
0 4 13
4 5 5
9 11 11
18 22 3
11 14 12
22 0 4
18 20 6
22 2 15
14 16 17
13 17 17
18 21 10
1 4 11
6 8 7
7 10 6
19 22 6
12 18 17
17 19 7
15 18 7
0 4 5
9 12 4
17 20 4
23 3 12
12 14 17
6 10 7
12 14 12
14 18 3
10 14 1
5 8 10
19 22 12
2 7 8
21 0 9
5 8 13
9 11 6
21 0 13
4 7 15
14 19 13
3 7 9
14 17 12
5 9 1
19 23 17
20 23 9
11 14 13
9 12 13
20 23 6
20 23 11
16 19 10
14 17 2
2 5 4
14 17 17
6 10 14
0 3 13
15 17 3
12 13 1
12 16 2
14 16 10
2 6 11
5 8 9
0 3 9
17 20 7
9 11 6
15 18 17
13 16 11
12 14 3
8 11 13
15 18 11
1 4 1
22 1 10
23 3 11
2 4 17
0 4 3
16 19 5
11 15 15
18 21 6
16 18 3
9 12 4
9 12 15
4 7 9
16 18 14
12 14 4
18 19 5
22 2 6
7 9 5
22 0 13
10 15 16
9 12 5
16 18 9
7 10 17
9 12 6
23 1 3
20 0 7
22 2 14
19 23 15
12 14 1
20 23 2
1 4 2
9 12 15
15 17 13
11 13 5
16 16 17
0 3 6
14 17 9
16 17 12
4 7 15
6 9 1
2 6 14
4 8 18
23 4 4
14 17 11
5 9 10
8 12 11
16 20 3
13 18 4
15 17 17
15 19 9
1 3 7
2 5 5
3 7 3
19 21 7
11 13 3
11 13 3
10 13 1
3 6 18
15 17 12
5 10 13
13 17 2
3 6 7
23 0 6
6 9 3
0 3 14
0 3 6
14 17 15
12 14 14
19 23 13
21 0 15
2 7 15
12 14 2
20 23 12
4 6 15
1 4 18
23 3 10
19 21 5
0 3 1
2 7 8
16 18 1
16 20 13
15 17 3
19 0 16
9 13 13
6 10 18
16 21 1
9 11 7
14 18 1
2 4 2
0 2 7
3 5 18
4 7 2
10 13 10
17 21 6
18 20 15
18 19 1
7 10 2
20 23 1
23 2 14
17 21 8
4 6 1
21 23 1
21 0 12
20 23 18
0 4 17
5 7 12
7 11 5
11 13 9
15 17 12
16 19 6
6 10 18
18 23 9
8 10 10
5 7 6
11 14 18
8 12 1
15 19 3
13 15 10
7 10 5
13 16 16
23 3 2
9 11 15
13 16 15
0 3 12
10 13 10
0 4 4
14 18 10
19 22 6
8 10 16
5 7 1
6 9 4
14 18 11
6 10 16
4 8 4
0 3 5
10 14 5
14 16 9
13 17 2
3 6 9
5 9 3
2 5 17
12 15 12
1 4 13
2 6 10
16 21 17
17 19 1
18 21 6
20 22 7
17 20 5
9 11 3
19 22 1
0 4 14
1 5 3
14 16 9
16 19 4
23 3 3
20 22 2
14 17 3
0 1 6
1 3 8
0 2 18
18 21 13
21 23 13
18 21 6
2 6 6
14 18 12
17 20 8
22 2 11
20 23 4
10 12 16
14 18 2
20 23 18
6 9 17
22 0 4
14 18 2
19 22 18
2 4 18
6 10 1
16 21 17
6 8 11
19 22 5
7 9 16
23 3 13
1 4 6
4 9 5
6 9 8
22 22 15
20 22 16
16 19 7
0 4 6
11 15 9
4 8 14
5 6 13
21 0 1
9 12 17
7 11 4
10 13 14
21 2 11
20 23 7
5 8 8
15 18 10
3 6 7
15 17 10
16 19 17
14 17 8
14 17 18
3 7 5
14 16 8
5 9 18
18 20 16
9 12 5
11 14 3
14 19 6
8 10 12
4 8 4
11 14 4
