150 4
1 9 6 7 
4 8 4
10 13 4
17 21 1
13 17 4
7 10 2
12 17 2
11 14 2
3 7 3
20 22 4
17 20 2
22 2 1
1 6 2
5 8 4
2 5 1
23 2 3
14 18 4
8 10 3
2 4 4
12 14 4
13 17 2
11 13 4
14 17 1
0 3 1
14 17 1
21 0 2
6 10 4
13 15 1
15 19 4
7 9 3
15 19 1
15 19 4
2 5 4
22 1 4
21 23 2
23 3 4
18 22 3
2 4 3
12 16 2
1 4 2
4 6 2
9 12 4
1 5 2
8 11 4
13 16 3
13 17 3
21 0 3
9 12 3
6 8 1
9 13 3
20 22 1
4 5 4
8 13 3
21 21 4
0 4 2
4 8 1
20 22 4
13 16 1
4 8 1
10 13 2
6 10 3
17 20 3
13 17 1
11 12 4
2 5 2
13 16 4
9 12 3
14 18 2
13 15 3
15 18 1
20 23 1
2 5 2
1 2 3
14 18 3
23 3 3
1 4 4
0 3 4
11 14 2
6 8 1
6 7 1
22 4 4
8 10 3
23 3 2
5 9 1
1 3 1
4 6 4
20 23 2
5 8 2
8 11 1
8 11 4
6 8 4
20 22 3
19 23 2
3 7 3
2 5 4
2 6 2
18 23 2
0 4 2
18 20 1
18 22 4
23 2 1
16 18 2
7 9 3
10 11 4
18 19 2
5 9 2
10 13 2
22 2 1
8 11 4
18 20 1
6 9 3
15 17 2
11 15 4
11 14 3
5 7 1
14 18 3
16 19 4
12 14 3
6 9 3
11 15 3
13 17 3
5 7 2
22 0 3
16 21 1
5 6 1
5 8 4
17 21 2
8 10 2
10 11 4
2 4 2
14 16 1
15 17 1
21 22 2
2 5 3
19 22 2
7 8 1
16 19 1
10 10 4
9 11 4
16 19 3
22 0 1
7 9 4
21 0 1
8 11 1
8 9 2
17 21 3
14 17 1
3 7 2
2 6 1
1 3 4
3 7 4
