300 10
2 4 3 9 9 8 5 6 10 10 
21 22 4
19 21 5
9 11 10
0 4 4
19 21 10
16 18 6
21 0 9
1 4 3
5 7 2
8 10 10
4 5 1
19 23 5
22 1 5
20 23 9
2 5 7
8 11 4
13 16 3
4 7 2
16 20 8
4 8 4
11 13 10
1 5 7
9 12 1
8 12 8
16 19 3
17 22 9
13 15 5
12 15 2
3 6 6
5 8 8
3 4 10
21 23 9
2 5 1
12 15 8
23 2 5
2 3 10
19 23 8
4 8 10
13 16 9
19 21 6
0 3 8
16 19 2
22 0 4
4 6 7
14 17 4
10 12 8
9 13 7
3 6 6
22 2 6
19 22 5
3 7 6
21 1 6
18 20 9
11 14 6
8 9 5
9 12 5
17 21 7
12 15 2
15 19 3
9 13 4
9 13 1
6 8 1
0 3 7
8 11 4
15 18 8
10 13 7
12 15 5
21 1 5
8 12 1
16 19 9
6 11 1
23 1 9
15 19 5
15 18 6
20 23 3
18 21 10
0 2 9
10 12 6
22 1 5
18 20 10
12 15 4
3 4 1
2 5 5
0 4 9
5 8 1
22 1 9
6 9 2
8 12 10
8 10 6
20 0 10
18 23 2
19 22 4
19 23 1
16 18 1
22 0 3
4 6 10
12 14 7
13 17 3
11 15 7
0 4 5
15 18 9
23 4 3
5 9 2
13 16 1
15 18 8
3 5 1
19 22 3
20 23 10
8 12 5
18 21 5
19 23 4
12 15 3
7 11 3
9 10 5
18 22 10
6 9 8
10 13 5
1 5 5
11 15 9
0 2 8
8 10 1
8 10 5
20 23 10
15 16 10
20 22 10
19 23 1
6 8 10
9 13 9
11 13 10
14 16 4
2 4 10
19 1 4
7 10 5
22 1 3
16 19 1
11 14 2
23 3 7
14 18 1
9 11 9
23 2 7
10 14 6
10 12 3
5 8 10
14 15 1
15 18 2
13 14 8
4 7 9
16 20 2
1 4 4
0 2 9
19 21 10
15 18 10
8 11 4
6 10 10
18 21 3
13 15 6
15 20 3
16 20 4
20 0 10
7 12 9
3 5 7
23 4 9
4 8 9
13 14 8
0 4 9
9 11 4
17 20 9
6 10 7
16 19 4
11 16 9
21 1 6
0 1 7
13 17 3
19 23 4
7 10 5
20 22 9
19 21 4
1 5 5
19 22 3
3 6 3
14 17 6
19 22 3
15 19 8
8 12 5
4 7 4
2 5 10
3 5 7
11 14 6
15 19 5
12 16 1
5 8 10
8 11 10
13 14 2
20 23 10
12 14 4
17 20 8
5 8 8
21 0 7
22 2 4
0 2 5
12 15 4
13 16 8
0 3 3
11 14 1
19 22 8
11 13 10
12 15 3
21 23 10
9 11 9
10 13 9
20 0 3
5 8 7
19 23 9
23 0 2
23 2 4
2 4 5
22 0 2
4 8 2
22 0 10
1 3 3
12 16 5
22 1 9
22 0 10
0 3 8
23 1 2
6 8 2
16 19 4
5 7 10
4 8 7
21 1 2
9 11 8
18 22 2
18 21 7
7 9 1
5 9 9
19 21 7
15 17 9
0 2 1
21 0 3
10 12 3
10 13 1
23 2 3
14 15 3
21 1 9
0 3 7
3 5 2
3 4 1
21 23 1
11 14 8
19 21 1
3 6 8
8 11 8
21 0 8
17 19 10
14 19 9
22 0 10
3 7 4
3 5 4
11 14 3
4 6 6
5 8 7
4 6 4
1 4 9
14 17 9
21 2 1
18 20 1
20 21 7
6 8 6
3 6 6
0 5 8
22 1 4
14 17 7
8 12 8
19 20 9
17 21 3
6 10 6
10 14 10
15 18 7
7 9 3
1 3 5
2 5 4
6 8 7
0 4 4
16 19 7
6 8 4
16 18 8
11 13 8
7 10 2
16 18 5
12 16 10
16 19 5
14 18 4
17 21 2
8 11 6
3 7 4
23 2 7
2 5 8
12 15 5
15 18 6
18 20 4
