1550 7
7 9 8 1 1 5 7 
11 14 7
12 14 5
3 7 3
0 4 7
8 9 1
4 6 2
10 12 4
11 12 3
2 6 1
16 19 1
13 16 2
11 13 1
13 16 6
23 2 3
23 1 7
19 23 6
21 23 6
9 11 4
8 12 6
22 2 4
22 1 6
19 23 4
4 7 1
10 14 5
23 3 4
15 20 2
21 23 3
1 5 6
0 2 2
22 1 5
20 22 4
21 0 5
21 0 2
18 21 5
4 8 5
5 8 7
4 9 1
23 1 5
22 1 3
10 14 2
21 23 7
15 19 5
8 10 5
8 10 2
5 9 5
23 1 7
1 5 3
20 22 5
1 4 6
15 18 6
2 6 6
4 6 4
23 1 7
7 9 4
18 21 2
23 2 7
13 16 3
9 11 4
8 12 7
11 14 7
16 17 1
15 19 6
5 9 1
0 4 3
18 22 6
14 16 4
20 0 1
17 20 1
20 0 5
10 14 1
11 15 1
23 2 1
11 15 6
7 10 1
1 3 3
5 9 3
14 18 2
16 18 7
15 18 6
2 4 4
21 2 2
8 11 3
8 12 4
8 10 2
9 11 7
20 22 4
13 18 5
20 22 2
17 20 7
17 20 3
14 17 1
19 21 6
20 23 7
5 7 2
22 1 6
14 17 3
17 19 1
5 8 3
9 12 3
22 1 7
1 4 1
15 18 6
21 3 5
11 12 6
7 9 5
1 5 4
2 7 3
19 22 2
2 6 3
3 7 7
23 2 2
3 6 2
12 16 4
12 12 7
10 13 3
6 9 1
22 1 4
2 4 3
15 18 3
18 21 4
6 8 5
2 4 4
3 8 6
3 6 5
14 15 7
22 2 4
14 15 7
9 13 3
18 22 7
23 1 1
1 5 5
0 2 3
14 18 3
10 12 4
12 13 2
11 15 7
5 7 2
11 12 1
13 14 2
11 14 7
9 11 2
17 20 5
18 20 4
5 10 4
15 19 3
18 23 5
22 1 3
11 14 7
11 14 7
20 23 6
8 12 2
3 5 3
0 3 2
20 22 3
5 8 1
9 12 6
1 5 5
20 0 4
7 11 5
14 15 2
7 10 7
2 4 6
12 16 2
10 11 5
10 13 5
22 1 2
17 21 6
16 18 3
9 14 6
13 17 1
8 9 5
13 15 6
1 5 2
10 14 5
8 10 7
8 10 4
13 16 3
20 0 1
12 16 7
15 19 4
10 13 7
11 14 2
3 7 5
5 9 4
10 14 5
16 20 5
7 9 7
19 21 2
17 20 1
8 10 1
23 2 3
8 11 2
18 21 4
0 4 4
13 18 4
13 14 5
8 12 2
20 0 5
10 12 4
8 10 5
1 3 7
18 21 2
11 13 4
3 6 7
6 9 5
1 2 5
13 16 4
4 7 3
22 0 3
18 23 7
10 12 7
1 3 1
18 21 6
7 10 1
21 1 2
21 0 3
20 23 3
3 6 7
19 22 1
0 4 5
10 12 5
19 22 7
13 16 5
5 6 6
10 13 7
2 5 3
14 16 2
7 8 7
23 3 3
0 4 3
12 15 6
19 22 7
0 3 2
9 12 2
12 14 1
10 14 7
3 5 1
3 6 7
1 4 6
11 14 6
11 14 4
15 20 7
22 1 5
7 10 2
11 15 3
19 21 6
13 15 1
4 6 5
19 21 6
15 18 5
9 13 4
2 6 6
4 7 4
10 13 5
8 11 7
13 16 1
2 5 1
23 1 1
19 21 6
16 18 7
19 22 6
7 8 4
23 2 7
15 19 1
16 20 6
13 16 2
1 5 1
4 5 3
8 12 2
17 19 2
11 12 7
7 11 5
1 4 2
4 8 1
0 4 7
20 22 7
6 8 6
8 10 7
7 9 2
6 8 1
4 7 4
0 4 1
11 14 4
15 17 2
15 16 2
4 7 2
18 20 7
6 8 1
21 22 2
6 9 7
16 20 1
4 6 3
16 19 5
10 12 6
15 20 1
10 12 3
12 14 1
23 1 7
13 17 3
8 11 5
13 15 5
22 2 6
14 17 6
11 15 4
18 23 1
20 0 3
7 9 4
18 19 2
1 5 6
1 3 1
0 4 3
19 22 3
15 20 4
11 13 2
16 19 7
7 10 6
14 18 5
19 23 4
21 0 3
6 8 2
11 14 7
4 7 4
5 8 6
11 13 3
2 5 5
10 12 3
15 21 3
18 18 2
10 12 1
23 4 7
6 9 3
14 18 1
22 1 6
22 0 2
1 5 5
13 14 2
6 10 5
10 12 6
19 22 3
6 10 2
3 5 4
7 10 5
4 7 7
11 15 7
23 2 4
14 16 2
21 0 7
16 19 2
7 9 3
23 1 5
19 21 7
2 6 5
18 20 3
18 20 1
20 23 2
22 1 2
13 15 3
21 0 5
23 2 6
21 0 2
11 14 6
2 5 2
17 19 3
16 19 1
22 1 4
22 3 2
1 3 5
14 17 1
15 19 3
4 7 3
9 11 3
0 3 5
1 4 2
15 18 3
11 14 5
20 23 3
22 0 1
4 8 3
15 18 3
14 17 6
13 16 3
13 17 6
6 8 3
0 4 1
8 10 7
1 5 4
1 3 2
16 18 5
17 20 4
9 11 4
7 10 1
2 5 6
14 16 3
20 22 4
5 10 2
5 11 5
18 20 3
22 2 1
14 18 5
6 9 4
7 9 5
1 6 5
6 7 7
9 13 5
7 12 2
14 17 1
5 7 2
1 5 2
2 4 1
6 9 5
0 2 6
9 12 3
17 19 6
19 19 3
2 6 5
8 12 4
20 23 7
6 10 5
11 15 6
9 12 4
17 19 1
10 14 4
16 18 4
4 6 5
0 4 1
21 23 3
3 8 1
3 6 6
2 3 1
14 18 1
7 11 7
9 12 1
9 14 4
16 18 6
15 17 3
1 4 7
14 17 5
11 14 5
15 16 5
17 19 6
15 18 2
3 5 3
7 10 5
14 18 7
16 20 7
12 14 4
15 19 3
3 6 6
1 5 1
16 18 3
2 5 6
14 16 5
22 2 2
3 8 1
12 15 2
6 8 2
1 4 5
12 15 7
13 14 5
22 2 6
15 18 2
21 23 6
2 4 6
2 4 4
23 2 7
18 21 3
4 6 2
6 9 7
1 3 3
0 4 5
4 7 7
13 16 2
6 8 3
12 16 5
13 15 1
5 8 7
18 22 1
12 17 4
16 19 4
15 19 4
18 20 2
19 23 7
3 6 7
12 14 6
10 14 1
11 14 7
16 19 6
3 6 7
14 16 5
6 9 6
19 22 1
3 5 4
12 17 7
6 10 7
5 8 2
5 9 3
20 23 5
17 22 3
12 15 4
23 0 2
8 12 3
6 10 5
6 8 5
9 11 5
14 18 1
2 6 3
1 2 1
1 4 2
3 6 7
15 17 7
3 6 5
17 20 7
19 22 3
14 17 4
9 12 3
20 22 3
11 15 2
3 6 5
8 10 3
4 7 3
2 6 4
0 2 4
1 4 5
2 7 4
1 5 7
1 5 2
16 19 4
3 6 7
22 1 1
20 22 3
7 10 7
1 5 3
17 20 1
3 6 6
17 20 6
17 17 1
21 2 5
17 20 7
12 15 7
1 5 7
10 14 2
16 19 1
8 9 3
15 19 6
0 2 2
17 18 1
23 1 2
10 14 7
15 18 6
15 18 1
10 13 4
8 10 4
15 19 7
1 3 4
8 11 6
1 7 6
14 18 7
20 0 5
21 1 4
1 5 6
15 19 4
8 13 7
0 4 5
21 2 5
1 3 5
5 9 5
19 21 1
18 19 2
11 14 2
16 18 4
13 18 7
10 12 4
18 22 5
0 1 5
22 1 2
12 15 1
14 18 7
4 7 3
3 7 3
17 21 6
11 13 4
22 2 3
19 22 5
23 2 2
19 21 3
13 15 2
18 22 6
0 4 2
9 14 1
7 10 4
16 18 1
0 2 1
1 4 6
21 2 1
8 10 6
3 7 1
9 13 7
16 19 7
14 15 4
4 6 6
13 14 4
9 11 2
18 22 1
9 11 1
7 10 3
7 9 3
1 6 1
17 19 6
23 2 6
6 10 2
2 5 1
5 9 2
3 7 5
3 8 4
8 10 6
4 7 2
2 6 6
22 0 1
22 23 5
7 10 3
19 21 3
8 11 2
8 13 6
15 17 1
11 17 5
16 20 3
10 13 6
23 2 2
14 18 5
2 6 6
23 2 3
5 8 5
2 6 3
0 2 7
0 3 2
9 13 6
21 23 5
17 22 5
8 11 3
15 17 1
18 22 2
5 8 1
7 8 5
6 9 6
7 11 2
10 11 7
14 18 5
17 21 1
21 23 4
10 12 3
1 4 5
12 14 6
14 16 4
10 14 1
19 22 1
5 7 1
3 6 6
0 2 7
3 6 6
10 13 1
6 12 1
0 3 6
18 21 1
9 13 6
17 21 5
21 2 5
23 0 1
0 1 3
11 12 3
9 12 3
11 14 6
5 8 4
2 5 4
14 18 3
6 9 6
22 0 3
2 3 1
0 3 4
6 9 6
9 14 3
19 23 3
21 23 2
5 9 5
2 6 7
7 9 1
8 10 7
21 22 1
17 18 7
23 2 4
8 11 2
8 11 4
19 22 1
9 12 1
13 16 1
20 22 5
0 4 5
0 3 1
23 1 3
21 0 3
21 0 2
15 18 3
3 4 4
23 2 7
18 21 2
23 2 7
3 5 5
11 13 4
23 3 1
16 20 1
4 7 3
14 17 7
9 11 1
11 14 2
5 8 3
6 10 4
20 23 5
15 17 4
16 19 4
3 7 4
13 14 3
17 21 5
15 18 1
11 15 2
13 17 1
7 11 6
20 23 2
14 16 3
16 21 3
8 10 6
23 1 5
1 4 4
0 4 7
4 7 4
13 16 1
18 22 2
11 14 5
4 8 5
7 13 2
22 2 4
15 18 2
5 10 3
3 6 6
14 16 1
11 12 5
18 20 5
0 3 5
11 14 5
19 19 7
12 14 6
22 1 2
16 20 6
18 22 2
10 11 6
22 2 3
8 10 6
7 10 7
19 21 1
11 14 4
9 11 5
5 8 2
23 2 5
7 10 3
17 19 5
10 10 5
5 8 4
15 18 4
8 11 3
8 11 3
22 0 5
18 21 1
11 12 1
16 19 7
19 22 1
6 9 1
1 3 4
9 13 6
11 14 2
2 4 7
5 9 2
2 4 1
17 21 6
19 23 2
15 19 1
13 17 6
18 20 6
4 8 5
11 16 5
2 5 7
4 8 3
8 12 3
9 12 5
13 16 2
23 2 7
2 5 1
20 23 7
4 7 7
18 22 6
2 6 3
4 9 3
22 0 4
17 21 7
0 3 3
4 5 2
1 7 6
14 18 5
22 1 6
10 14 7
17 19 4
0 2 5
13 17 5
7 10 7
19 21 5
15 17 7
7 11 3
7 9 5
21 1 4
13 16 6
9 11 2
5 9 2
12 15 7
12 15 7
9 12 6
17 20 7
2 6 6
11 15 7
21 0 3
4 6 3
12 16 6
19 22 7
1 4 3
11 14 2
22 1 2
8 11 4
2 7 5
2 5 4
7 11 1
4 8 6
12 15 3
1 3 1
21 0 3
0 4 5
21 0 1
15 18 2
12 15 2
19 22 4
23 3 5
8 10 1
4 6 7
12 16 6
11 13 5
16 20 7
6 9 2
20 22 2
18 22 5
0 2 1
6 9 1
6 8 4
11 15 1
19 23 5
2 4 1
8 11 5
0 2 4
2 4 7
15 18 1
7 10 1
14 15 6
16 18 7
22 0 3
13 15 1
9 12 3
0 3 4
10 12 1
15 19 5
2 3 3
10 14 6
7 10 7
15 19 5
15 19 7
15 20 4
19 23 4
8 10 1
10 12 2
1 5 2
8 13 1
3 6 1
10 12 1
23 3 1
12 16 5
13 15 1
13 16 4
9 10 1
12 15 1
15 17 1
3 7 4
5 9 7
3 8 4
9 13 6
21 1 4
22 1 6
7 9 7
22 2 2
14 17 3
6 9 4
23 3 3
12 15 2
7 9 6
22 0 1
10 12 1
3 9 3
18 21 2
3 5 3
22 2 4
18 19 3
8 11 3
17 20 3
14 16 4
14 16 2
23 1 1
22 1 2
10 12 3
7 10 2
10 13 4
3 5 6
21 23 3
6 8 1
23 3 1
5 8 1
14 17 1
16 18 7
9 12 3
14 17 5
10 13 5
4 7 2
11 13 3
14 17 1
4 8 6
18 23 2
8 10 2
20 2 6
3 7 7
2 5 1
0 3 3
18 21 7
22 0 3
18 21 6
4 6 5
0 1 1
0 4 3
0 2 4
13 16 4
7 11 2
6 8 6
6 8 5
23 3 7
22 1 3
13 15 3
8 12 1
17 21 2
11 13 6
12 15 1
12 17 2
15 17 7
12 14 6
17 18 4
3 8 4
6 9 7
9 11 5
11 14 1
11 13 1
8 11 1
12 15 7
9 11 7
0 3 7
14 18 5
1 3 6
6 9 4
12 15 2
12 15 7
2 6 6
1 2 3
6 10 6
8 10 7
1 3 5
14 17 5
2 4 3
13 16 1
10 12 2
20 22 3
15 18 1
22 0 7
7 9 1
21 0 2
16 19 2
18 21 6
3 5 2
10 14 1
8 8 7
13 15 2
10 12 2
2 4 4
9 12 4
6 9 7
9 12 2
4 6 1
23 0 7
16 18 3
10 15 2
13 16 6
0 2 7
7 11 4
14 18 3
21 1 3
15 19 5
13 18 2
18 20 7
6 10 1
12 12 5
9 12 3
7 9 5
17 21 3
0 3 2
17 20 6
5 5 3
17 19 7
4 6 1
16 18 6
6 9 5
17 20 5
19 23 5
0 3 4
5 8 3
6 9 7
20 23 2
10 14 4
22 0 3
10 12 2
5 8 5
21 0 6
4 8 7
11 13 7
17 20 1
11 13 4
5 8 4
13 16 5
11 15 7
12 16 7
11 15 4
14 18 1
19 22 5
16 18 7
4 7 2
0 3 5
22 23 1
0 3 2
19 21 6
7 9 5
1 3 7
8 11 3
15 18 3
8 11 7
18 23 6
16 18 6
17 21 3
16 19 7
0 4 6
12 16 3
20 1 5
8 11 1
16 18 5
16 20 7
3 5 6
3 5 4
12 14 4
10 14 3
14 17 6
10 14 7
8 11 7
10 12 7
21 22 1
4 8 4
6 11 3
6 9 6
15 18 1
2 5 6
16 20 4
21 22 5
4 8 7
3 6 6
0 6 5
16 19 5
21 1 6
20 23 7
4 8 2
1 4 1
22 2 6
23 3 5
21 23 7
0 2 5
9 13 6
13 16 4
19 0 7
6 8 5
15 18 6
10 13 1
3 6 4
17 18 3
18 20 6
20 22 6
22 1 6
14 17 1
9 12 1
14 19 5
4 9 5
14 18 7
15 19 7
6 9 7
14 15 6
17 19 2
6 10 2
2 4 1
3 7 1
17 19 6
19 22 4
20 0 5
7 12 2
10 13 5
14 16 4
23 3 3
4 5 5
11 15 3
16 19 3
13 17 1
11 14 5
14 16 2
21 2 2
12 15 2
21 0 5
21 0 2
13 17 5
16 18 2
18 21 2
23 2 1
3 6 6
14 18 3
22 1 3
8 9 1
10 13 6
23 2 5
20 0 3
14 16 2
2 4 2
19 23 7
0 4 3
18 19 2
13 16 7
19 22 3
16 20 6
17 20 6
0 2 7
11 13 4
0 3 2
0 4 3
7 9 2
21 23 5
1 3 7
18 21 2
23 1 1
0 3 7
19 23 7
5 6 6
23 2 7
13 16 6
7 10 1
1 5 1
2 6 6
14 17 1
5 8 1
13 16 5
8 11 6
15 18 3
9 11 3
2 6 7
18 21 2
16 18 1
23 4 3
23 1 2
21 22 3
10 12 6
20 0 6
7 10 3
3 5 6
13 16 3
20 22 3
17 20 7
18 21 5
8 10 5
21 0 5
1 2 2
19 1 6
13 17 1
21 0 5
22 1 2
7 10 7
4 5 2
14 17 2
2 3 5
20 23 3
8 12 1
16 18 1
19 21 5
9 11 6
23 0 3
21 0 3
11 14 4
8 11 5
23 4 4
6 8 7
8 12 2
22 1 1
10 13 2
16 20 2
5 6 4
15 18 6
10 13 2
0 5 1
9 11 4
10 13 7
23 2 4
13 15 1
15 18 6
2 5 4
6 8 7
4 9 4
19 0 7
23 2 5
9 12 1
23 2 6
14 18 1
6 7 3
2 4 5
16 19 7
2 5 5
0 3 5
17 21 6
7 11 5
23 2 7
11 14 7
2 4 4
1 4 6
9 12 5
1 4 4
2 6 6
5 9 2
2 3 4
4 8 5
19 22 6
7 11 3
23 2 4
11 14 4
4 7 4
23 3 1
10 13 2
10 13 6
19 21 6
8 11 1
1 4 3
13 16 2
22 0 4
17 20 5
4 8 3
6 10 5
18 21 7
9 11 6
0 2 3
2 5 2
15 17 6
6 8 6
11 11 1
19 23 7
23 1 5
10 12 4
20 22 3
21 0 2
1 1 2
22 23 4
7 11 1
14 17 7
16 20 4
10 12 5
16 19 4
1 3 3
14 17 1
13 17 6
23 2 2
11 14 5
0 2 3
7 10 5
18 22 1
2 4 6
1 3 5
4 9 1
1 4 3
16 19 4
12 15 6
17 19 4
0 4 1
15 18 7
23 4 7
6 9 6
1 5 4
5 9 7
18 20 6
22 23 7
16 17 1
0 3 7
4 7 1
10 12 6
3 5 2
1 4 6
21 23 7
12 14 3
14 18 6
11 14 5
1 4 5
13 15 4
1 4 4
6 9 7
12 15 7
2 3 1
8 12 5
15 18 7
6 9 4
19 22 6
9 13 5
19 22 2
22 0 4
18 20 2
17 21 2
10 14 3
11 13 6
19 21 1
2 5 7
1 4 3
21 2 7
13 16 1
3 6 3
4 6 3
12 16 7
8 11 2
19 21 5
13 17 7
21 23 7
20 23 4
1 3 6
10 13 7
6 7 2
4 8 3
21 1 1
4 6 2
6 8 2
15 19 2
19 23 5
9 11 4
20 0 4
22 1 2
21 0 7
21 1 2
0 4 6
18 22 3
3 6 6
21 1 6
23 2 6
15 17 4
21 23 3
8 14 3
4 6 6
18 19 7
0 4 7
14 17 4
18 20 6
20 0 7
6 9 1
2 6 1
16 18 4
6 8 3
14 18 4
10 12 7
15 18 3
1 2 1
3 5 6
4 8 3
11 13 7
17 20 1
21 2 1
13 19 5
10 13 4
23 1 7
9 11 6
13 14 5
4 7 3
21 0 4
0 2 7
0 2 4
2 4 4
9 10 4
0 3 5
14 15 6
13 18 7
6 8 2
10 12 3
15 17 6
20 22 4
3 5 4
18 21 6
22 1 1
10 12 4
13 17 6
13 17 7
22 0 3
16 20 4
4 9 1
16 20 6
19 22 4
21 23 2
19 21 2
9 13 3
3 7 5
3 8 7
8 11 6
19 22 2
15 19 1
3 8 1
0 3 1
18 21 4
2 5 6
10 12 3
9 11 1
22 2 1
21 1 5
1 4 4
14 18 6
11 14 5
10 12 2
21 0 7
17 19 1
9 12 5
0 4 3
14 17 6
12 15 1
11 14 7
8 11 3
10 13 6
5 7 7
8 10 7
3 6 6
22 0 2
17 19 7
1 4 1
6 10 6
22 0 1
5 8 1
12 15 5
12 16 4
12 16 7
17 20 6
14 18 1
0 4 3
17 21 7
5 8 6
17 21 3
20 23 7
2 5 3
20 22 6
0 4 3
20 21 6
2 5 5
13 18 2
6 9 1
23 2 3
3 7 5
22 3 1
16 18 1
8 12 5
0 4 2
23 2 1
4 7 7
8 9 4
16 20 5
21 1 7
1 2 2
1 4 2
22 1 4
23 4 6
21 0 3
11 14 5
6 10 3
8 13 7
21 1 4
4 7 4
6 10 1
13 16 1
1 3 5
11 15 7
10 11 1
23 4 3
5 9 6
0 3 3
7 11 1
8 11 6
9 12 2
18 21 7
0 4 4
15 18 7
13 16 6
15 18 1
1 5 1
7 10 1
0 2 6
12 14 5
1 4 5
20 23 6
22 3 1
2 4 6
21 23 1
3 6 4
21 0 2
5 8 3
14 18 3
21 23 5
19 0 1
2 4 1
2 5 5
12 15 3
4 6 1
18 21 1
13 15 5
13 18 5
12 15 6
5 9 6
5 7 5
15 18 4
15 18 4
6 7 2
1 3 5
9 12 3
14 17 3
11 14 5
15 18 2
23 3 7
3 7 2
