200 5
10 2 6 4 5 
6 9 5
7 10 3
3 8 2
19 21 4
2 6 5
6 9 2
15 18 5
3 6 5
20 23 3
9 12 3
7 10 3
16 19 2
7 11 1
1 2 2
2 5 3
14 17 3
7 11 2
3 4 2
15 18 5
11 15 3
14 17 1
9 12 1
0 3 1
2 5 1
21 0 5
0 4 5
20 22 3
19 21 3
20 21 5
7 9 2
22 2 3
11 14 1
11 13 2
1 4 4
6 9 3
19 21 1
12 16 3
11 13 3
11 14 4
7 9 1
0 4 1
8 11 4
10 14 4
23 2 4
0 2 5
16 19 3
1 3 1
21 0 1
8 11 4
8 10 2
22 1 2
4 6 4
2 6 1
3 8 4
7 11 1
23 2 1
1 2 4
16 19 5
8 13 2
9 10 1
11 14 1
8 11 5
5 9 3
14 17 3
15 19 4
11 14 2
17 20 5
17 20 2
14 18 5
21 2 5
11 13 1
22 1 1
12 15 4
8 10 3
15 18 3
8 10 1
2 4 5
16 20 1
12 14 1
9 11 3
22 0 1
9 12 2
21 0 3
16 18 5
10 13 4
12 14 1
6 10 3
4 7 1
4 9 5
7 10 5
8 11 5
14 17 1
19 20 2
19 23 1
23 3 2
16 19 3
2 7 5
13 17 4
7 10 5
7 10 3
1 5 5
3 5 1
11 13 2
20 23 5
6 10 3
15 18 5
4 6 5
8 11 1
12 14 1
11 14 1
13 15 3
18 20 5
19 22 3
9 11 2
0 1 3
22 0 3
9 11 4
2 6 2
17 21 1
14 16 2
17 21 2
23 1 5
1 5 5
14 17 2
19 22 3
8 13 1
6 10 2
3 5 1
11 13 1
14 16 2
7 11 4
19 22 2
10 13 2
12 14 1
14 16 1
2 5 5
21 0 4
19 22 4
0 1 3
9 12 4
11 13 1
4 7 1
0 2 5
11 14 5
8 12 4
21 23 4
10 14 2
7 10 4
19 21 1
23 1 3
21 22 3
1 4 3
3 6 4
4 8 5
18 21 1
9 11 5
22 4 2
22 2 2
23 2 5
17 21 3
0 4 3
16 19 1
21 0 4
18 21 3
17 21 5
0 3 2
19 23 3
6 9 5
15 18 2
6 7 3
3 7 2
17 19 3
17 20 5
12 15 5
19 22 1
7 11 1
16 21 3
12 14 1
2 6 1
23 1 5
7 10 1
17 17 2
23 3 3
3 7 5
7 9 5
19 23 4
20 0 3
3 7 1
3 7 4
16 20 5
11 14 2
2 6 1
10 12 4
23 2 3
21 0 4
21 1 2
15 19 5
8 10 2
22 1 5
17 22 1
