200 14
4 9 8 2 3 4 9 6 9 3 3 1 2 9 
10 12 11
7 11 11
10 14 8
2 3 6
23 2 13
0 5 13
6 7 2
17 20 5
17 20 3
2 4 7
9 12 14
11 14 9
2 4 4
1 5 14
4 8 10
8 11 1
8 11 13
15 18 9
2 5 8
23 3 2
15 18 8
13 16 2
5 11 11
6 10 10
7 12 14
12 14 10
5 7 11
7 11 5
2 5 4
5 7 3
9 13 14
6 8 4
4 7 6
7 9 1
0 4 6
12 16 4
19 21 2
23 2 1
6 8 3
18 23 5
9 13 7
7 11 5
10 13 4
22 1 3
20 23 3
3 7 1
11 14 14
1 4 9
21 2 7
5 7 2
6 8 1
5 7 4
1 4 7
1 3 9
12 15 1
21 1 2
1 4 8
15 19 10
13 15 5
1 2 12
2 5 5
19 22 13
8 11 11
16 18 11
17 22 10
22 2 10
17 21 6
4 8 4
20 0 10
2 6 13
0 3 3
2 4 11
19 23 7
12 16 1
19 21 13
18 21 13
23 2 14
23 1 14
13 15 12
13 17 10
3 3 7
4 7 8
11 14 9
0 3 9
7 10 10
10 13 13
3 7 13
17 21 4
5 8 1
16 18 12
23 0 5
4 6 12
7 11 12
12 14 11
7 9 1
18 22 7
1 3 9
7 11 10
6 9 6
20 22 9
19 22 3
6 9 13
15 17 1
6 9 2
0 1 8
7 10 11
0 2 14
10 14 3
4 7 13
3 5 13
14 16 12
12 16 12
15 19 10
14 17 7
15 20 7
17 20 14
5 8 9
10 10 4
20 23 2
14 20 8
21 23 3
17 20 4
17 20 8
2 6 9
15 19 7
10 14 5
7 10 5
20 23 4
15 18 3
4 9 7
12 14 8
3 4 1
4 8 2
10 15 9
7 11 11
23 4 4
0 3 5
1 5 3
7 9 14
23 2 6
23 23 7
9 12 9
3 4 5
12 16 8
3 8 10
16 20 2
0 3 13
8 10 1
15 19 2
3 7 5
20 23 2
10 13 9
21 1 9
21 0 3
23 1 9
22 2 2
21 23 3
6 8 4
0 3 8
15 17 5
22 1 1
3 7 7
12 16 12
14 17 5
11 12 3
6 9 5
16 20 12
13 16 3
13 16 14
13 16 2
18 21 5
21 1 2
13 15 11
5 8 4
0 4 13
22 1 1
21 0 2
15 18 13
2 5 3
21 0 12
0 2 11
10 12 8
1 3 3
7 11 2
6 8 4
9 13 1
15 19 13
0 4 2
13 16 11
19 23 10
4 7 2
7 10 2
10 14 13
9 13 13
7 9 9
2 5 1
7 10 7
11 15 8
10 13 7
22 1 6
