300 14
6 7 10 3 1 9 2 2 8 9 7 2 4 1 
23 3 3
5 7 13
5 7 1
21 0 4
10 14 12
17 18 2
16 19 13
20 0 11
7 11 12
6 10 4
4 7 10
13 15 7
20 23 2
23 1 7
5 10 9
9 12 9
21 0 14
14 17 1
12 15 11
16 20 3
10 14 6
1 4 8
4 8 4
14 18 1
16 20 12
5 7 13
17 20 7
6 9 4
17 21 8
17 21 14
20 1 3
0 4 10
9 13 9
13 15 13
21 1 7
23 2 2
16 18 2
19 23 10
21 23 2
6 9 12
6 8 4
18 21 9
8 12 8
1 3 14
1 3 7
18 19 1
11 14 11
12 16 14
9 13 4
6 10 6
1 4 4
19 22 14
5 8 12
12 16 11
18 21 2
2 7 8
17 19 5
0 2 13
11 15 3
16 20 8
7 11 11
7 11 12
4 8 6
23 1 1
4 8 10
22 0 8
0 4 2
10 11 9
13 15 11
14 17 1
19 0 6
18 20 1
17 21 4
18 22 13
12 15 2
3 8 7
19 22 7
8 12 10
13 16 12
23 2 2
15 20 11
11 14 5
5 9 8
16 20 12
4 7 14
12 17 9
20 23 9
22 1 1
5 10 8
9 11 2
0 3 7
1 5 6
13 16 8
18 23 6
21 23 1
15 18 4
8 10 1
10 12 2
8 11 10
22 1 2
16 18 2
17 20 10
19 22 8
14 18 1
5 7 1
4 6 9
4 6 4
21 0 12
16 20 2
4 7 1
19 22 9
18 18 2
9 12 9
4 9 13
0 5 10
8 11 14
3 6 10
23 1 12
19 21 2
5 8 14
3 5 10
5 8 12
6 10 11
5 8 13
4 8 6
19 20 2
9 12 13
18 21 5
12 15 3
1 4 7
8 12 2
8 11 13
0 2 11
2 4 11
14 18 10
12 17 1
5 8 7
6 8 6
23 3 2
5 8 10
13 15 12
5 9 11
1 4 2
19 23 6
13 17 7
6 9 7
8 11 14
14 17 6
8 11 11
19 21 2
16 18 4
22 2 5
21 0 1
22 2 2
10 13 7
20 20 9
8 11 6
22 1 3
1 3 14
21 2 3
2 4 6
3 5 11
5 7 12
15 17 13
22 1 6
21 0 5
19 22 1
6 10 2
20 23 8
21 0 8
5 10 8
22 23 3
2 6 14
1 3 6
15 17 5
5 8 13
14 17 6
3 8 2
14 17 13
22 1 1
18 21 4
12 15 14
16 19 14
16 20 1
22 0 4
13 16 6
23 2 9
0 3 12
21 0 5
20 22 3
14 19 2
0 1 1
9 12 4
6 11 10
18 22 9
15 17 2
19 23 14
20 22 3
14 16 8
4 7 6
17 20 1
8 11 1
3 8 9
3 7 4
6 9 12
1 4 10
8 10 7
20 23 9
11 14 13
5 7 14
1 4 3
18 20 2
4 6 12
3 5 8
0 4 5
8 9 6
18 22 2
7 11 11
6 8 5
8 10 10
12 15 12
13 18 8
6 9 1
6 10 13
3 6 14
7 10 6
4 4 11
3 7 8
12 15 10
3 6 10
18 21 11
1 4 1
9 12 14
22 1 13
6 9 2
18 23 2
23 1 13
6 7 3
17 18 12
0 4 9
0 3 14
14 16 4
19 21 13
15 18 9
22 0 14
6 10 13
13 17 14
18 21 5
11 15 4
18 20 11
8 13 5
7 10 2
6 8 5
23 2 14
6 10 9
1 3 10
10 12 7
11 15 1
22 2 12
11 14 11
7 10 7
8 12 1
2 7 5
22 23 2
7 9 14
7 10 7
11 13 9
12 17 5
19 0 3
11 14 12
5 8 10
12 14 6
18 20 3
14 17 7
17 19 9
14 18 10
13 17 11
23 2 14
22 0 13
5 8 3
6 8 3
20 23 3
16 18 4
16 19 2
16 20 7
14 17 1
16 20 4
11 13 9
4 7 4
9 11 4
14 15 12
5 9 3
19 22 13
4 6 13
0 4 3
10 14 1
0 2 7
22 1 10
15 20 9
20 22 6
