750 7
1 10 7 7 5 7 9 
13 16 3
2 4 5
7 11 7
3 6 6
10 14 6
11 15 4
13 16 4
3 7 7
7 9 5
18 22 4
16 20 1
16 19 1
12 13 7
3 7 7
6 9 2
1 6 1
11 14 2
0 1 4
12 14 6
14 18 1
12 15 1
0 3 7
22 2 7
18 22 4
23 0 3
10 11 2
0 3 7
11 14 4
12 14 3
8 13 7
6 9 4
21 0 3
10 15 3
6 10 4
3 6 1
9 11 1
6 10 5
2 5 7
4 8 5
4 7 2
2 3 5
16 19 5
15 18 2
20 23 6
14 16 4
5 9 4
13 16 4
6 9 6
8 11 7
12 15 6
6 11 6
16 19 2
0 4 3
10 13 7
21 0 2
17 22 3
16 19 2
23 2 1
13 16 5
0 4 4
13 17 4
8 11 4
1 4 2
18 20 1
17 19 1
3 7 4
9 13 2
22 1 1
3 6 5
21 2 1
19 21 4
16 18 2
9 13 6
9 12 5
18 21 7
4 9 5
23 1 4
5 7 4
21 23 2
21 0 1
15 19 3
21 1 6
10 13 3
5 10 6
19 0 4
21 23 3
18 20 2
18 19 1
7 11 2
23 3 2
1 5 3
15 19 1
16 19 2
19 22 5
5 9 2
0 3 5
17 19 3
21 0 4
17 21 3
18 20 4
12 14 2
11 13 2
23 2 7
3 4 4
3 5 5
9 12 3
11 12 6
2 7 4
8 12 2
18 20 1
10 12 6
2 5 2
23 3 1
19 21 4
7 12 2
17 20 5
7 10 4
19 22 3
11 14 7
5 9 3
19 22 3
21 0 6
14 18 1
7 11 3
12 15 2
2 6 4
13 16 6
6 10 5
4 6 2
3 6 7
12 14 4
9 13 5
2 4 2
12 13 7
4 7 5
9 12 4
6 7 4
8 12 3
9 9 7
6 8 5
15 19 5
5 7 5
23 1 7
9 13 1
12 15 5
7 9 6
10 16 4
16 19 4
7 10 6
4 8 7
15 18 2
20 23 2
13 17 4
8 10 6
6 9 4
20 22 2
23 2 3
22 1 1
18 21 3
12 16 7
11 16 1
4 6 2
22 1 7
19 23 2
18 22 5
14 18 1
7 9 1
10 14 2
21 0 7
20 0 7
18 21 6
17 18 6
4 6 5
9 11 3
2 5 5
13 16 7
14 17 6
17 21 1
1 3 7
17 19 4
20 22 2
12 16 3
16 20 4
17 20 1
2 4 4
11 14 7
16 19 1
11 13 1
7 11 1
20 0 6
14 16 7
6 7 3
15 17 6
12 14 4
13 14 3
7 11 2
12 16 6
14 17 6
7 11 6
8 14 5
20 22 1
11 14 3
22 2 6
5 7 4
10 11 3
14 17 1
11 12 6
2 3 5
22 1 6
0 2 4
20 23 5
11 14 2
17 20 4
19 23 5
19 23 7
13 17 1
6 10 4
15 18 4
9 15 7
18 20 6
22 2 5
9 13 4
18 20 3
13 17 5
11 15 5
14 18 3
4 7 6
20 0 5
21 0 3
16 20 6
22 2 5
3 5 4
10 13 7
3 5 3
9 13 2
23 3 2
7 11 5
14 18 5
11 14 1
7 10 7
11 14 3
23 2 1
15 17 1
16 20 2
19 21 2
20 22 3
3 6 4
12 14 7
3 6 7
17 21 2
15 19 1
7 9 1
12 14 1
17 21 2
20 22 2
8 10 1
15 18 1
19 23 2
16 19 1
19 23 7
23 1 3
20 22 4
4 6 3
13 15 4
21 1 4
22 0 5
7 11 7
0 4 1
20 1 5
16 18 2
6 9 6
8 11 1
17 21 7
4 8 2
5 7 3
3 6 5
14 18 3
4 8 6
13 16 2
19 21 1
0 3 2
18 21 2
1 4 6
22 0 2
11 13 1
2 4 5
1 5 6
15 18 1
18 20 7
11 16 6
1 3 3
8 12 2
6 9 4
1 3 5
21 1 4
18 20 7
15 18 1
5 7 1
19 22 1
11 14 7
0 4 3
16 22 7
8 12 3
11 15 2
11 13 4
12 16 6
18 21 1
20 22 1
21 0 3
7 11 7
4 6 5
19 23 5
20 22 6
18 22 1
7 11 3
17 18 1
21 23 7
21 0 7
6 8 5
1 5 5
21 0 1
14 17 7
21 1 4
7 10 1
2 5 2
14 18 2
7 11 4
8 12 4
1 4 4
16 18 7
20 23 5
17 20 3
23 1 4
18 21 5
10 13 7
22 0 4
5 6 3
8 12 3
21 1 5
6 9 6
1 4 6
7 11 5
17 21 5
12 15 7
21 1 7
6 8 6
19 23 4
12 15 6
20 23 2
5 9 2
9 10 6
23 1 5
9 11 3
7 11 1
5 8 2
23 4 4
17 19 5
18 20 6
15 19 5
11 13 2
20 23 2
5 9 4
12 15 5
14 16 6
13 16 1
15 17 4
6 9 6
23 2 1
19 22 1
23 3 1
8 10 3
5 9 4
2 6 3
13 16 5
15 17 1
5 8 6
18 22 5
19 21 4
8 11 7
2 6 3
22 1 7
18 21 4
13 14 5
17 22 2
7 10 4
17 20 4
4 7 2
20 21 5
9 13 1
7 10 2
1 4 6
10 12 5
21 1 2
9 12 6
12 17 3
6 7 1
15 17 7
1 4 4
23 0 3
1 2 1
23 2 3
14 17 7
15 17 6
15 18 3
22 1 3
3 7 4
10 12 1
23 2 5
17 20 2
16 20 3
3 6 7
15 17 7
6 10 7
12 15 6
5 9 7
16 19 1
6 10 1
22 0 2
9 13 3
21 1 4
0 2 1
0 2 7
15 16 3
20 0 2
15 17 3
2 6 1
14 15 2
4 7 2
6 9 4
15 17 6
12 15 1
5 8 2
7 11 6
16 19 4
16 19 7
8 12 6
3 6 3
2 5 2
1 5 5
7 8 1
18 20 2
3 6 1
16 19 7
12 15 3
11 13 2
14 18 4
19 22 6
3 6 4
21 23 1
19 23 5
1 5 2
16 19 5
22 1 7
7 8 7
5 8 1
12 15 6
3 6 1
19 21 5
11 12 6
16 19 6
1 5 6
5 8 5
22 2 1
5 5 1
22 1 4
2 7 3
10 15 3
5 7 3
6 9 5
0 3 6
11 14 1
9 13 6
1 4 5
13 17 4
13 16 2
14 17 4
14 18 5
15 17 2
1 4 2
2 5 5
21 1 6
21 23 5
14 17 4
23 2 7
0 4 1
15 19 4
22 0 5
15 18 2
6 8 7
6 9 5
23 3 6
17 20 5
16 19 6
17 20 3
13 17 7
22 22 5
4 7 1
13 18 2
5 7 2
12 16 7
19 23 4
18 21 2
9 11 1
10 13 2
5 9 6
16 19 5
19 22 2
19 23 3
20 0 3
14 18 1
21 23 2
0 4 5
2 6 3
9 12 4
17 17 6
7 11 1
1 5 5
7 11 1
10 15 3
3 8 6
3 7 3
21 2 6
1 3 2
22 0 1
18 23 1
13 17 3
12 15 7
1 5 1
2 5 5
5 10 3
7 10 3
2 5 7
8 9 3
22 1 2
13 16 4
3 7 5
19 23 6
3 6 3
6 9 5
7 10 7
21 1 3
2 3 4
18 22 2
6 9 7
23 0 3
19 21 5
16 20 1
22 2 2
10 13 4
15 19 6
17 21 5
20 21 6
2 4 7
21 1 4
8 10 4
14 17 3
14 17 1
19 22 2
21 0 3
12 13 6
5 7 4
8 11 3
0 3 7
19 23 3
6 8 4
16 19 5
14 18 1
9 12 2
16 20 1
14 17 2
14 16 5
15 19 3
20 22 2
10 13 2
2 4 4
3 6 7
17 19 6
13 18 3
7 11 3
12 16 3
15 20 4
19 22 5
3 7 5
17 21 3
23 23 7
18 20 7
17 21 4
14 18 5
6 8 7
17 20 2
10 13 4
5 6 6
9 11 2
13 16 3
20 0 7
16 20 3
17 20 6
17 20 5
6 10 1
10 13 7
19 22 2
21 1 5
5 7 2
0 2 4
19 22 5
12 16 6
17 20 1
10 13 2
18 20 1
5 7 1
9 11 4
15 18 7
22 2 6
1 4 2
10 13 3
9 12 1
6 9 7
1 6 7
15 18 1
22 23 2
18 21 3
1 3 4
4 7 6
15 18 5
13 16 6
5 8 6
18 21 5
13 16 6
4 7 3
1 2 4
0 3 3
23 0 5
15 18 1
14 17 4
11 14 3
9 13 3
18 21 2
12 17 3
20 23 6
8 9 2
10 11 7
16 18 2
22 0 6
14 18 5
8 10 5
17 20 1
20 0 1
17 19 7
7 10 2
8 11 6
13 16 2
0 0 2
2 4 4
22 1 7
0 3 6
2 5 3
0 1 4
8 12 6
6 11 1
4 8 6
3 5 3
21 1 5
18 19 6
15 18 2
20 22 7
11 15 3
12 15 6
14 17 3
19 23 6
0 4 2
13 16 4
19 23 2
13 16 6
17 19 1
23 1 6
5 6 5
19 21 5
10 13 2
13 16 7
0 1 1
3 8 1
3 6 5
7 11 6
23 2 2
14 17 4
2 5 5
5 8 2
6 9 2
8 13 7
11 13 5
4 6 6
13 16 6
12 14 3
19 0 6
4 7 7
23 0 5
18 21 6
10 14 5
1 5 5
16 18 3
7 9 5
21 23 4
5 9 7
7 9 3
10 12 3
8 11 3
0 3 7
22 0 4
17 19 4
23 2 5
13 17 7
7 9 4
5 8 6
4 6 6
0 4 7
20 0 6
23 2 5
20 23 7
12 16 5
5 8 4
9 12 6
10 13 2
0 2 1
12 15 2
11 15 4
2 5 3
17 20 5
10 14 2
11 15 7
10 13 3
18 21 6
17 20 7
3 7 2
14 19 6
17 19 3
17 22 4
12 17 7
1 4 3
11 14 4
23 2 6
3 6 2
12 18 3
4 7 6
6 7 2
18 22 1
6 8 2
17 20 1
2 5 4
9 11 6
4 6 7
