1850 16
3 2 4 3 2 7 5 3 3 8 3 5 1 7 3 5 
14 17 4
23 2 1
2 6 9
8 12 16
4 7 7
7 8 11
3 7 14
6 11 6
6 9 6
0 4 8
21 22 1
6 10 14
17 20 16
19 21 13
0 2 4
20 23 9
15 17 6
12 16 1
23 4 11
7 11 7
12 14 11
3 5 1
3 6 8
5 9 7
15 18 6
12 16 3
18 21 7
8 11 8
20 22 16
7 10 10
13 15 9
7 10 7
17 20 9
11 13 16
4 5 6
15 19 10
23 2 7
2 6 16
2 6 8
17 21 2
17 21 15
16 18 12
19 20 13
4 6 12
4 7 5
20 21 16
9 11 2
2 5 10
17 22 8
11 16 11
20 22 11
23 0 14
14 17 10
6 10 14
14 16 6
12 17 10
4 7 10
20 23 9
6 9 4
21 0 10
23 2 13
18 20 7
3 7 10
23 1 7
3 7 4
12 15 16
13 17 15
5 9 12
9 12 10
15 18 3
12 16 4
14 15 4
12 15 5
1 4 5
21 22 5
2 4 3
13 18 3
2 5 15
3 6 16
9 12 5
21 0 1
14 16 8
11 13 9
3 6 6
2 5 5
8 12 5
4 7 16
16 18 15
14 17 11
23 3 2
18 23 6
7 11 2
1 5 11
23 0 8
13 16 8
2 4 16
21 0 1
9 12 13
10 12 7
11 14 11
6 9 10
23 2 13
19 23 9
1 4 4
12 15 3
10 13 10
13 16 10
14 17 2
3 5 14
22 1 3
14 19 7
8 11 7
9 12 7
8 12 10
2 5 4
13 15 6
9 15 3
10 12 7
6 11 6
21 23 10
21 0 9
23 2 9
10 12 2
6 8 3
19 23 15
13 16 14
15 18 2
6 9 4
2 4 4
4 7 15
19 22 3
8 11 2
7 11 5
7 9 4
16 17 11
11 13 4
3 7 8
22 1 3
15 20 6
22 2 14
2 4 13
9 11 3
23 2 1
9 13 8
20 23 14
13 15 13
5 7 14
3 5 9
11 13 10
4 8 4
14 18 10
15 19 12
11 14 1
4 4 3
3 6 1
5 8 3
15 18 1
7 10 6
19 22 2
19 22 9
2 4 14
2 6 15
11 14 9
0 2 5
15 18 6
9 13 8
18 19 15
8 11 4
6 6 10
8 12 8
11 14 4
16 20 13
1 2 1
4 7 10
19 22 1
14 17 1
6 9 7
22 1 16
18 23 1
7 10 2
18 22 11
16 18 15
23 2 13
1 2 8
5 9 11
21 22 9
17 19 14
21 2 15
8 12 6
7 9 16
13 17 15
12 15 12
0 3 12
12 13 9
19 23 1
3 6 7
12 14 1
6 8 16
14 15 2
8 12 9
12 17 7
14 16 1
21 0 13
8 12 1
19 23 12
4 7 10
4 7 11
12 15 11
9 12 12
16 19 9
3 5 4
21 0 16
20 20 16
6 9 14
17 20 6
15 17 3
11 15 6
6 8 15
15 18 1
6 7 15
7 9 7
5 9 4
12 15 10
11 15 9
20 22 4
8 10 4
13 17 14
4 8 4
2 7 9
17 20 7
20 23 5
8 11 10
6 9 5
5 9 11
20 0 6
0 5 13
13 16 16
19 21 11
12 15 9
18 19 5
11 15 7
1 4 16
14 15 12
10 12 2
15 18 6
11 15 6
19 23 15
17 19 8
21 0 9
20 0 14
15 17 3
1 4 1
6 10 6
6 9 3
11 13 13
16 19 11
22 23 4
0 3 3
13 15 9
0 3 2
4 7 12
6 8 4
18 21 15
0 3 7
19 21 15
17 21 14
4 8 12
1 5 11
11 15 8
1 4 4
1 5 11
11 13 16
3 5 5
2 4 5
5 9 3
0 3 5
1 4 9
17 19 10
2 5 11
0 5 15
4 8 14
16 19 12
10 13 9
9 12 9
19 23 13
9 11 13
2 4 8
9 11 4
15 19 8
12 15 2
0 1 2
13 14 6
2 5 13
4 7 11
14 16 7
16 19 4
18 20 6
23 2 4
4 8 3
5 8 11
0 3 3
10 13 12
12 14 9
16 19 6
15 17 7
11 14 11
23 3 14
14 16 9
1 5 14
22 1 5
8 13 8
0 4 5
7 11 3
5 9 8
12 14 13
1 4 7
2 5 7
12 17 1
18 21 10
20 23 14
1 4 1
19 22 10
5 8 12
1 3 4
10 12 14
13 16 10
5 7 15
21 0 11
20 21 12
6 10 6
10 13 15
0 5 7
0 3 13
21 1 4
9 11 9
4 8 11
11 13 14
22 0 8
14 17 2
7 9 14
9 10 12
17 21 15
3 8 5
13 15 10
5 9 11
11 15 3
0 1 16
18 21 12
14 18 6
11 14 13
14 16 10
3 7 7
0 3 7
1 3 2
11 16 7
23 1 16
22 1 3
5 9 15
19 22 11
12 15 9
2 7 3
10 12 10
4 7 4
19 21 12
14 17 1
6 11 7
11 14 8
17 20 14
19 23 8
11 14 12
4 8 16
20 23 6
11 16 14
23 1 7
11 15 1
22 0 12
11 15 3
21 1 10
7 13 11
7 9 7
22 23 12
21 0 7
2 5 8
21 23 7
21 0 12
19 20 11
1 6 8
12 14 14
8 13 13
4 7 4
1 3 1
8 11 5
1 3 3
23 1 13
10 13 11
2 5 1
11 15 11
23 3 6
11 14 9
0 2 6
12 15 13
1 4 1
4 7 16
4 8 15
4 6 8
0 2 5
12 15 10
7 11 7
23 2 5
8 12 12
7 9 11
12 14 16
6 9 6
9 10 12
17 21 8
7 11 13
5 7 16
16 20 3
18 19 2
8 12 6
17 18 14
0 1 12
13 17 6
20 22 3
9 11 7
11 12 1
20 22 11
23 1 1
14 17 5
18 20 16
13 17 15
23 2 11
10 12 10
22 1 15
6 9 1
14 18 4
3 4 6
4 5 9
5 9 11
15 18 8
6 9 16
16 19 8
0 2 1
16 18 14
18 21 4
8 10 10
16 20 6
0 3 1
2 4 13
17 20 2
22 0 10
9 11 2
4 7 3
17 21 5
10 13 15
12 14 9
18 21 7
22 1 5
14 18 4
9 12 8
6 9 10
6 10 1
15 18 6
1 3 1
18 20 11
23 1 12
3 6 1
18 21 7
1 4 7
4 6 8
19 21 5
21 23 2
6 9 12
2 2 14
13 17 3
11 15 4
9 13 16
5 9 6
10 13 9
10 14 13
11 15 9
22 2 13
0 4 14
22 0 5
15 16 5
16 19 10
1 4 6
21 1 5
14 18 11
23 2 2
23 3 4
6 8 2
0 3 15
13 17 1
23 0 11
4 5 8
21 0 12
9 11 16
8 10 2
22 1 6
4 8 9
18 21 5
0 3 11
3 7 16
20 1 9
10 13 11
7 10 14
19 23 13
14 19 12
8 11 12
5 7 13
15 17 8
12 15 11
16 18 12
6 9 14
7 9 6
7 10 5
18 21 9
21 23 14
1 3 8
8 10 9
6 8 2
0 6 12
10 12 2
3 6 11
6 8 7
15 18 4
5 8 16
20 23 11
14 18 1
2 6 15
20 0 7
17 21 6
17 18 4
9 12 9
7 10 9
11 14 5
14 19 4
5 6 16
4 6 11
17 22 6
15 18 4
8 11 7
0 3 11
19 22 6
5 9 10
16 18 11
21 0 4
2 3 15
19 22 10
9 12 7
19 22 4
23 3 3
11 14 14
2 6 13
16 18 5
9 13 12
16 18 3
16 19 8
22 1 10
0 3 16
15 19 7
16 19 16
11 14 10
4 6 15
22 2 2
23 2 13
20 21 14
16 19 10
7 10 14
14 15 5
20 23 10
20 21 4
9 12 16
4 7 4
17 21 16
11 13 10
15 19 7
5 8 2
21 1 2
2 7 11
19 0 14
5 7 14
11 13 14
0 3 9
5 8 2
4 7 8
19 23 8
14 17 5
7 10 11
15 18 10
6 8 9
18 22 14
14 18 1
19 0 5
12 16 12
18 20 13
23 4 4
0 1 6
18 23 14
2 5 12
12 14 10
16 19 13
22 2 4
21 1 15
7 8 5
19 23 12
6 10 9
8 11 10
14 17 7
7 9 6
23 1 13
4 7 4
18 20 14
23 2 11
5 8 6
0 2 6
20 23 9
0 5 10
5 9 10
23 1 15
3 8 11
2 5 3
10 13 15
16 19 7
13 16 16
9 13 8
7 10 5
6 7 6
20 0 10
17 19 9
23 2 9
7 9 10
10 13 9
1 4 5
23 2 13
9 13 2
8 11 16
19 23 3
17 22 11
23 2 8
0 2 1
8 10 16
21 1 7
5 6 5
9 12 8
16 19 11
15 18 1
4 5 15
15 18 14
13 17 4
9 13 5
22 1 11
18 21 10
6 9 4
9 12 15
11 14 1
21 0 12
10 14 4
7 12 4
18 20 15
7 8 12
1 4 10
18 21 15
18 21 5
3 7 3
7 11 15
18 22 6
1 4 5
0 5 13
23 2 16
7 11 12
1 4 12
7 10 15
13 15 8
22 2 11
19 22 1
12 14 10
7 9 16
3 6 14
23 2 6
15 18 15
19 21 7
12 15 9
2 6 3
13 16 8
7 9 13
8 11 7
7 9 14
2 5 13
21 0 6
6 9 2
3 7 16
1 3 15
7 9 13
19 22 8
11 12 2
4 7 12
22 0 4
15 18 8
2 5 13
9 13 14
1 4 16
4 8 9
3 5 14
6 8 14
19 22 3
12 13 4
10 13 14
3 6 9
9 13 3
12 16 6
10 14 6
10 12 1
5 8 11
11 15 14
16 18 7
9 11 11
7 10 6
8 10 1
19 21 7
10 14 9
23 3 3
7 8 5
11 15 14
20 1 3
23 2 1
7 10 16
7 10 14
23 2 11
12 14 12
15 18 12
10 13 14
23 1 5
19 22 8
8 11 13
20 22 11
6 10 5
10 13 16
21 0 9
11 14 6
4 8 11
18 20 14
22 0 1
5 8 9
0 3 15
9 12 5
7 9 1
11 14 14
14 17 12
1 4 11
6 9 12
4 6 2
18 22 4
21 0 5
4 7 7
13 17 9
14 18 3
11 14 11
11 12 10
15 17 1
18 22 7
0 4 9
15 18 16
0 3 13
7 10 15
16 19 6
5 8 2
1 4 2
2 5 15
18 23 14
8 11 13
4 7 12
18 22 1
15 19 1
23 3 9
10 11 3
6 9 15
16 19 2
20 22 2
14 15 1
5 8 11
22 2 12
15 17 15
0 3 15
18 21 6
23 3 5
8 10 3
6 9 10
19 22 5
21 1 9
22 0 3
15 18 16
14 17 9
19 0 10
16 19 10
5 8 2
8 11 1
15 18 4
15 16 6
14 17 3
7 10 15
10 13 7
11 15 5
0 3 14
8 12 2
19 22 10
14 16 9
13 16 1
20 0 14
3 7 7
5 6 3
11 12 7
21 23 6
15 19 2
4 6 5
22 1 8
4 7 14
11 14 10
13 16 1
12 13 7
22 4 9
19 22 5
23 3 11
4 8 6
14 15 12
17 20 14
3 5 7
1 3 8
17 19 1
1 4 3
22 23 1
2 6 8
1 5 7
23 2 2
22 1 8
22 2 15
13 16 1
22 23 14
11 14 9
14 17 1
23 3 9
4 7 3
17 20 2
5 8 5
1 3 16
17 20 12
13 17 12
14 18 10
22 3 5
17 20 14
12 14 5
8 11 1
16 19 4
14 19 12
8 11 1
6 9 13
8 10 3
10 12 3
4 8 16
13 16 11
13 18 13
15 18 15
4 8 7
20 23 2
11 13 13
3 7 9
15 19 7
6 9 10
5 6 4
14 18 15
18 20 1
18 22 2
5 9 12
14 17 15
5 8 2
8 12 10
18 20 2
18 22 16
4 10 15
12 13 8
10 13 8
15 18 11
7 10 13
13 15 15
10 14 7
17 20 1
17 21 4
2 2 16
2 4 10
19 23 16
17 18 11
21 0 16
14 17 10
1 4 2
18 22 10
0 0 8
3 6 4
10 13 4
11 14 4
1 5 10
14 17 1
5 8 16
19 21 4
5 9 10
19 0 10
11 14 2
21 0 9
11 13 13
12 14 13
10 13 14
19 23 11
14 19 5
1 4 10
22 1 4
5 7 1
16 19 16
4 9 3
20 0 16
21 23 6
3 5 1
2 3 6
16 20 1
6 10 2
18 21 15
8 12 6
7 10 16
16 18 3
15 18 13
7 11 16
20 21 13
11 14 10
20 22 15
19 21 3
6 10 10
14 16 8
7 10 16
17 19 8
8 11 2
21 1 9
7 10 10
18 22 12
15 19 1
17 19 14
8 10 4
11 15 11
2 5 6
5 8 15
3 6 8
10 14 9
20 0 13
11 14 6
22 2 8
11 13 12
23 2 3
4 6 2
23 1 16
6 9 11
0 5 10
9 13 13
1 3 7
4 9 16
21 0 5
23 2 8
21 23 6
19 22 11
22 1 12
5 8 12
3 6 14
12 16 13
10 12 5
23 4 11
23 1 9
7 9 2
0 3 2
22 2 5
5 7 4
16 19 4
4 7 11
2 5 3
13 15 4
13 16 11
23 2 16
8 11 4
1 4 13
8 12 12
22 3 15
15 17 9
5 7 7
11 14 4
12 14 14
9 12 13
3 7 8
19 23 4
7 9 8
5 7 5
11 14 6
14 18 11
0 3 9
9 12 10
7 10 9
20 22 10
17 19 8
2 5 1
15 18 11
14 17 2
2 5 3
14 18 13
16 18 9
15 18 8
9 13 14
6 11 7
19 22 7
22 0 15
4 6 6
9 13 5
10 13 11
2 5 11
5 7 15
19 21 8
19 21 7
0 2 12
3 5 14
10 13 12
11 14 8
16 18 2
0 3 1
5 6 16
18 20 5
6 6 9
9 13 14
20 0 8
13 18 7
11 15 4
22 0 1
13 15 4
19 21 10
10 13 14
20 22 8
2 6 5
10 16 16
18 21 3
7 9 4
23 3 6
9 12 15
5 8 14
0 3 5
4 7 10
5 8 13
23 2 1
3 6 3
7 9 9
0 3 8
18 22 15
4 8 14
0 3 6
3 4 4
23 3 5
0 2 5
15 18 15
22 0 10
10 14 7
6 8 7
13 17 4
11 16 3
12 14 5
9 11 16
11 14 3
9 11 7
22 0 6
9 12 15
8 12 5
2 6 11
18 21 13
10 15 4
1 5 16
21 22 11
4 5 1
10 14 9
5 8 9
22 2 9
0 1 10
14 17 2
11 13 6
10 11 5
6 9 15
9 13 3
3 7 2
8 10 7
17 20 8
13 17 16
8 11 1
15 19 5
16 19 6
11 14 5
23 2 7
7 10 1
8 9 10
21 0 16
21 0 6
15 19 5
19 22 1
14 16 11
21 23 13
5 8 12
23 2 13
5 11 2
7 10 2
16 19 7
15 19 14
6 10 8
8 10 14
8 13 15
12 15 4
15 17 2
15 19 5
19 23 15
23 3 12
15 17 5
6 11 12
14 17 10
1 3 12
17 19 10
14 16 10
23 1 15
4 7 8
2 6 6
9 12 16
20 22 14
0 3 6
22 1 12
22 1 14
10 12 2
9 11 9
14 16 6
23 1 5
20 1 7
14 17 2
8 12 16
10 13 3
11 14 11
21 23 3
5 10 13
6 8 6
14 18 10
5 8 16
10 13 9
10 12 8
10 12 5
4 7 15
2 6 6
23 0 14
1 3 7
11 14 3
5 8 6
1 4 14
23 2 3
10 14 4
17 19 7
13 18 11
2 3 12
22 3 1
6 10 2
0 1 2
14 18 10
19 22 15
8 10 7
22 2 6
6 7 13
2 6 10
23 3 1
6 9 15
10 12 7
17 21 16
7 10 10
14 18 4
23 1 7
9 11 6
10 13 4
17 21 7
6 12 9
3 5 9
12 14 9
3 7 8
9 11 13
0 3 8
1 3 11
18 20 13
17 20 16
11 16 12
19 21 13
4 7 1
17 19 7
12 15 5
8 11 8
13 17 6
1 5 1
19 22 6
23 3 10
12 13 7
11 14 14
12 15 7
11 15 13
22 0 13
20 1 14
8 10 11
0 2 13
19 21 4
7 10 4
15 17 8
14 17 2
15 21 11
22 2 16
12 16 12
17 19 5
7 9 13
9 12 3
5 6 9
20 22 9
11 16 16
22 0 4
19 22 9
6 8 16
3 7 11
15 20 7
7 9 11
13 16 16
3 6 11
3 7 3
13 16 2
1 4 2
15 18 10
5 8 11
13 16 6
14 17 4
14 18 5
23 2 1
4 7 4
10 13 3
16 18 12
7 11 8
4 7 3
7 11 8
6 10 12
23 2 15
19 22 8
16 20 6
6 8 8
23 3 7
20 1 4
16 19 1
15 18 7
5 8 1
20 23 10
19 23 15
14 18 16
16 18 2
13 17 1
5 9 11
6 8 14
2 5 16
12 14 1
2 4 4
22 2 12
15 19 11
15 18 7
1 3 16
20 23 6
21 0 4
20 0 3
1 4 10
20 0 8
11 15 16
5 8 1
23 2 12
17 19 11
13 17 13
3 4 7
14 17 12
11 15 16
3 4 2
20 22 16
22 1 2
16 19 15
5 8 6
12 17 2
2 4 5
11 15 14
9 13 16
8 11 9
23 3 4
18 22 6
16 17 10
22 1 2
11 15 16
13 14 12
20 23 3
11 14 15
4 5 14
2 5 1
1 4 2
17 19 13
14 17 16
13 16 9
0 3 8
2 6 14
5 7 5
23 2 2
12 15 9
0 3 14
16 19 10
15 19 13
16 19 6
6 8 11
17 19 11
20 22 2
6 9 5
17 20 13
1 4 4
15 18 11
18 22 8
13 14 8
18 21 1
20 23 2
14 19 9
4 8 15
6 8 9
13 15 15
19 21 11
3 7 1
3 6 4
18 20 9
2 5 8
4 9 16
8 10 5
21 23 7
19 23 11
9 10 15
0 3 6
19 22 7
17 18 5
4 7 7
13 16 7
9 12 4
20 23 14
21 0 16
4 6 11
18 21 3
17 19 9
8 11 3
22 1 8
20 0 14
12 15 13
7 9 11
14 17 16
16 19 1
4 7 15
5 7 12
16 18 6
8 10 12
23 2 10
15 17 2
19 23 15
13 16 14
11 15 1
12 16 13
13 15 4
11 16 14
4 6 4
12 15 15
4 9 9
10 15 11
7 11 16
6 8 4
9 12 5
4 7 12
10 13 4
0 4 5
0 1 10
7 10 3
8 9 7
8 11 4
22 0 16
4 7 16
10 14 3
7 9 1
11 12 3
0 3 13
13 17 6
21 0 13
5 8 3
11 12 16
11 14 2
2 5 16
4 7 6
15 18 4
1 5 8
4 6 16
20 23 15
10 12 11
18 22 13
17 19 16
21 23 9
3 6 14
22 1 13
7 10 8
6 10 9
11 13 4
10 11 3
1 2 9
20 22 5
11 14 15
4 8 14
19 21 6
18 22 10
20 0 5
1 6 9
13 16 2
14 19 1
14 16 7
17 19 15
21 1 5
4 8 9
17 20 11
10 13 12
19 22 9
2 7 13
13 16 15
18 21 7
23 4 15
6 10 14
4 8 13
22 2 2
12 13 16
13 16 5
23 0 15
12 16 6
18 21 16
4 9 16
23 3 12
21 0 7
11 13 14
5 8 16
13 16 14
16 18 12
20 22 2
14 15 3
15 19 16
1 4 12
15 18 10
16 20 7
9 11 1
11 15 9
3 5 8
15 18 2
21 0 16
7 10 14
19 20 12
20 22 13
5 9 5
20 22 8
17 18 16
21 22 11
16 21 9
13 15 5
20 0 2
11 14 16
17 20 10
10 10 10
15 17 5
19 22 7
9 11 9
20 21 4
0 2 7
8 11 13
11 15 13
4 8 12
7 12 7
19 23 10
3 7 4
6 10 8
20 21 5
13 16 4
4 6 1
1 4 11
21 0 6
9 12 5
2 5 10
8 11 1
5 8 16
7 10 13
9 11 9
2 4 11
9 11 15
10 13 1
14 17 7
0 4 14
14 18 8
5 9 12
17 22 8
14 18 7
18 22 10
2 4 15
2 6 11
11 14 14
12 14 4
22 0 3
14 17 6
11 15 2
16 20 12
13 16 2
7 11 14
21 1 13
3 6 14
23 3 9
2 5 6
6 9 11
10 12 9
15 18 3
0 3 14
2 6 12
21 0 11
9 14 5
18 20 15
11 13 1
9 13 6
2 6 15
14 18 4
6 9 13
11 12 11
8 9 14
5 9 9
15 17 5
21 0 12
8 9 16
15 18 10
5 9 15
3 5 5
11 14 15
7 10 3
0 4 7
20 0 15
5 8 10
11 14 8
20 22 12
3 6 5
20 22 7
17 20 5
12 14 12
14 18 12
5 9 10
6 8 16
7 10 14
20 0 16
22 1 10
17 19 11
15 16 1
3 5 16
5 6 11
3 7 13
16 18 3
3 7 13
5 8 2
10 10 7
10 13 11
20 23 7
12 14 10
5 8 3
18 22 13
23 3 15
9 13 7
9 11 13
18 21 10
12 15 13
11 13 15
1 3 10
8 12 12
14 18 11
23 0 2
12 16 10
9 13 5
8 12 8
23 3 15
13 16 12
20 0 14
7 11 16
19 22 12
8 11 10
18 22 9
8 13 8
5 8 3
9 11 11
20 22 13
4 8 3
21 0 8
13 15 7
1 5 1
4 6 5
20 23 5
13 17 15
11 13 14
23 0 10
0 4 3
12 16 5
6 9 1
1 4 14
8 13 16
7 9 4
7 9 3
20 22 13
14 19 9
13 18 13
12 14 9
22 0 3
10 13 11
12 14 2
3 8 4
22 1 6
0 4 5
12 16 11
23 2 6
13 15 5
20 23 4
13 16 8
9 11 9
4 6 12
17 20 14
3 6 15
21 23 2
6 8 7
19 22 3
11 14 11
4 8 6
11 13 10
3 7 9
0 5 12
3 5 5
14 16 12
13 16 5
14 18 14
9 10 10
10 14 12
8 12 4
4 9 16
21 1 9
20 0 16
8 9 2
20 22 3
15 17 11
21 0 13
12 15 10
3 6 4
7 11 15
22 2 7
17 21 3
23 2 4
7 11 5
11 15 14
13 18 1
4 6 1
2 6 15
22 1 10
21 0 1
18 20 5
19 0 13
16 20 7
7 11 3
4 6 9
20 0 11
22 23 8
4 7 7
20 23 8
15 19 12
20 0 4
23 4 11
19 21 12
8 10 11
17 18 15
16 19 7
11 15 12
19 22 14
20 1 15
22 3 13
19 23 10
10 13 7
15 17 11
13 16 4
23 2 10
1 5 8
2 6 16
15 18 11
23 5 2
8 11 6
6 9 2
14 16 1
14 17 9
2 5 11
17 21 12
6 9 12
17 20 6
16 19 6
19 22 11
2 4 1
13 15 14
6 8 1
3 6 14
13 16 10
6 8 15
23 1 2
1 3 6
8 13 11
19 22 10
0 2 11
1 4 6
14 15 5
20 22 5
1 4 9
11 13 3
22 3 2
5 8 6
4 6 5
6 9 13
6 9 8
12 14 1
14 18 11
6 8 4
13 16 13
23 1 2
19 22 15
14 17 7
15 17 5
0 1 11
8 9 14
4 6 2
14 17 16
16 18 4
4 7 6
15 18 8
20 23 14
8 12 2
8 10 14
6 9 1
13 15 13
9 12 5
13 16 3
16 18 11
6 10 9
22 1 10
11 15 4
9 13 14
22 1 1
8 11 8
23 1 11
12 15 16
8 11 12
1 3 14
2 6 5
22 1 7
12 14 11
4 8 4
15 17 8
21 0 7
13 15 7
1 4 9
4 7 1
18 20 16
8 10 6
5 7 9
12 14 4
4 7 14
20 0 10
7 11 4
15 18 2
0 2 12
2 5 16
20 0 11
14 17 14
20 1 7
8 11 11
16 20 13
2 6 11
22 0 7
19 22 2
3 5 9
4 5 5
11 15 5
0 3 1
0 3 8
0 3 12
0 2 10
19 22 10
9 12 1
14 17 9
21 0 15
1 1 8
1 4 1
3 5 10
10 13 14
18 22 4
9 12 6
4 7 11
22 1 8
3 6 4
13 14 15
2 6 12
20 23 8
14 16 9
12 16 4
12 14 14
5 8 15
21 23 11
5 7 9
16 19 12
11 15 8
9 10 4
17 20 1
3 5 7
23 2 12
22 1 14
17 21 6
3 6 9
3 5 13
14 17 14
12 15 2
10 15 1
13 15 10
16 20 11
12 14 14
9 13 3
15 17 6
8 10 11
12 15 10
18 22 12
10 13 2
8 11 8
12 15 9
7 9 11
22 1 4
20 0 12
17 21 11
23 2 3
9 11 10
14 17 6
3 5 11
10 12 9
22 0 7
13 17 1
2 4 2
3 7 8
6 8 10
