1550 18
4 8 6 8 9 6 6 1 7 9 10 8 2 6 4 5 8 5 
15 18 4
23 4 3
12 17 13
6 9 17
18 20 16
18 21 7
8 12 10
14 18 15
16 18 3
11 16 8
4 7 16
7 10 11
18 22 15
12 15 14
10 15 2
0 3 6
9 12 11
12 17 11
21 23 15
3 6 9
18 22 7
14 17 18
22 1 4
6 10 7
10 15 10
6 9 4
1 4 2
17 21 15
18 21 18
13 16 15
6 10 13
23 1 18
4 8 17
12 15 3
7 11 2
1 4 6
10 12 14
13 16 16
16 19 8
9 13 10
4 7 1
2 4 13
20 23 14
13 15 13
17 19 15
12 15 13
4 7 4
10 13 4
7 8 7
20 22 5
12 15 13
23 3 13
22 2 16
23 0 13
22 0 11
3 5 15
2 3 7
21 23 5
4 7 8
10 12 18
1 5 11
10 14 18
8 12 3
0 1 6
9 13 6
11 15 13
11 14 12
0 4 18
13 14 2
5 6 16
1 4 11
13 15 11
13 15 15
11 13 14
18 22 18
8 10 18
22 1 3
14 19 18
4 7 3
8 10 9
17 19 11
2 5 15
13 15 6
20 0 11
13 16 17
8 11 13
17 20 13
5 8 3
8 11 4
19 23 2
22 1 13
20 23 10
8 12 13
15 17 3
12 16 14
18 21 15
7 10 15
21 1 3
3 6 16
10 13 3
22 1 16
3 7 8
0 4 18
7 10 10
5 8 13
23 3 14
15 18 11
22 1 3
2 5 9
0 1 8
15 19 14
19 21 18
8 12 1
23 1 6
13 15 10
4 6 13
10 11 18
21 0 5
23 2 15
14 17 13
4 9 15
10 13 6
9 12 10
6 8 8
17 19 13
21 23 4
16 18 12
14 17 5
20 0 14
21 23 14
6 10 17
13 17 15
12 15 2
20 23 9
21 0 8
20 0 2
3 5 9
13 15 15
7 9 17
14 19 3
3 6 8
0 3 16
22 1 11
22 1 16
11 13 2
5 8 7
1 1 7
7 11 14
10 12 3
1 5 3
21 0 1
6 9 9
19 22 14
2 5 14
23 3 17
18 22 1
21 23 5
9 13 4
23 2 12
4 6 3
21 23 10
13 17 11
21 1 6
21 0 1
5 8 7
0 2 9
3 6 1
23 2 4
6 8 8
14 15 8
23 3 1
7 10 1
20 22 11
0 4 8
7 11 4
22 23 12
18 21 1
6 8 9
13 16 16
17 20 5
15 17 7
1 3 4
16 18 14
20 23 1
3 6 18
13 15 2
18 21 3
6 9 14
2 6 15
18 20 4
3 5 5
0 2 6
2 4 8
18 20 16
0 4 3
9 12 12
5 8 16
11 14 14
0 0 4
12 17 4
18 21 17
21 23 4
10 12 1
16 17 5
5 8 4
7 10 6
11 16 8
14 17 16
21 23 8
2 6 12
3 7 9
18 21 4
4 6 6
15 17 8
3 4 15
1 7 5
0 1 1
7 10 2
2 4 7
11 13 4
8 10 5
12 14 8
14 18 6
10 14 7
0 6 11
14 16 13
8 12 11
1 4 13
2 6 17
19 21 14
13 15 18
22 22 12
8 11 18
5 7 5
9 11 13
16 19 1
23 6 16
19 0 10
19 22 13
17 20 6
0 3 14
8 11 14
10 14 17
11 15 14
2 5 10
3 5 7
18 20 17
13 16 14
16 18 7
8 11 18
22 3 6
5 7 7
2 5 5
10 13 16
5 7 18
5 8 7
21 0 5
15 18 12
20 23 16
23 2 5
10 14 5
14 18 8
10 13 2
3 5 5
7 10 5
23 3 10
11 13 10
9 11 15
12 15 18
7 10 2
20 0 12
1 5 11
13 16 6
3 7 11
12 16 4
12 17 15
13 17 9
9 11 13
3 5 13
14 16 11
3 5 14
20 0 14
1 5 11
5 7 5
15 18 6
14 17 16
7 13 6
21 2 4
7 11 4
2 5 17
14 19 9
5 7 14
3 5 14
2 4 16
18 21 18
14 17 18
3 6 17
14 16 9
8 11 4
21 1 14
11 14 4
18 20 18
13 15 16
20 23 8
15 17 9
5 8 12
6 8 6
11 15 17
5 8 15
13 16 11
18 20 11
6 8 14
6 10 17
11 15 10
22 0 9
15 18 9
19 22 11
13 14 7
16 20 12
4 7 7
21 23 9
1 3 16
7 9 14
7 10 5
9 10 4
5 7 6
11 13 11
5 8 18
11 15 15
23 2 10
8 9 17
12 16 16
2 5 5
14 16 1
18 20 14
2 4 5
14 17 14
6 10 12
2 5 15
21 0 13
7 9 8
6 9 6
13 17 4
2 4 12
12 15 10
0 3 17
3 5 8
18 22 1
1 4 18
7 9 7
2 3 11
4 7 6
13 16 16
13 16 9
10 11 8
18 21 15
15 18 7
9 13 2
4 7 11
7 11 17
0 3 15
6 10 9
16 18 14
13 16 9
16 18 13
2 5 17
17 19 2
9 11 9
10 11 6
11 12 13
18 21 2
15 17 2
14 18 2
13 17 2
19 21 1
21 2 3
7 11 18
16 19 3
17 20 16
23 2 3
0 4 1
23 4 17
5 8 7
3 5 16
11 13 17
3 5 12
18 22 12
15 16 6
11 13 3
21 23 3
13 16 2
18 21 13
0 2 14
15 18 17
2 4 10
19 21 6
19 22 16
10 13 2
19 22 12
14 19 15
3 5 10
10 12 8
18 22 8
0 3 16
20 23 15
2 3 8
11 15 8
5 8 11
0 3 13
12 14 5
7 11 16
13 17 12
18 22 7
14 14 2
2 4 2
9 13 16
10 13 3
1 7 2
7 12 8
9 14 12
20 0 16
0 2 7
18 22 3
3 5 4
20 0 2
2 4 3
8 11 15
10 12 2
14 19 1
13 15 16
1 4 5
3 8 14
3 7 12
19 20 15
12 14 6
22 2 5
8 11 11
16 19 4
8 11 2
23 1 7
23 2 17
23 1 7
14 18 9
3 5 18
15 17 16
11 14 4
17 21 9
1 4 9
17 20 16
1 4 17
12 15 4
3 6 10
7 11 5
1 4 12
17 19 14
7 11 8
23 2 11
8 11 14
7 10 9
14 17 1
0 4 5
7 10 16
4 8 16
22 3 9
11 13 15
13 17 4
23 2 12
10 12 7
0 2 17
11 14 3
21 23 17
15 17 14
0 2 16
15 18 4
17 21 11
20 23 9
10 12 8
1 4 18
11 13 5
3 7 8
13 17 2
17 22 18
16 18 8
0 4 17
20 22 8
21 1 5
18 19 7
1 5 5
6 9 2
2 5 8
21 0 12
16 19 12
10 13 4
19 22 18
9 12 15
3 5 9
13 15 2
7 8 12
1 7 18
0 2 13
6 8 11
0 3 1
18 20 7
14 17 9
20 1 7
12 14 9
20 0 16
12 16 16
1 4 2
19 23 4
23 1 7
12 15 12
9 12 13
6 9 15
1 5 13
21 1 18
4 6 14
2 7 5
15 17 5
13 15 9
4 5 16
23 2 1
23 3 6
13 14 8
5 8 3
13 16 10
16 18 7
14 19 13
1 4 2
7 10 17
22 2 15
10 14 12
9 14 16
3 6 14
21 22 2
17 20 13
17 20 6
19 22 4
16 18 16
22 2 15
14 17 2
17 20 2
18 20 3
16 19 5
6 7 1
12 15 18
6 8 2
12 14 3
17 19 3
23 3 5
17 19 5
1 4 18
5 8 17
11 16 11
9 13 7
15 18 11
12 13 13
19 22 11
1 3 13
19 20 12
18 20 11
12 14 2
16 19 15
1 4 18
20 22 5
17 20 3
14 17 15
9 12 14
11 13 6
14 16 6
21 2 18
4 7 4
20 0 2
2 4 11
13 15 7
17 20 13
11 15 10
12 14 15
21 0 10
22 3 13
2 7 10
11 14 5
17 20 3
10 13 3
3 6 2
0 1 5
0 3 10
6 10 14
15 19 8
16 20 1
10 13 4
12 13 12
14 18 8
9 15 12
21 23 5
6 11 17
23 3 12
8 11 3
22 0 16
6 9 5
1 3 14
23 1 11
20 22 11
8 11 16
21 0 10
13 15 12
2 6 8
6 9 5
9 14 14
6 9 5
13 18 9
23 3 5
1 3 12
8 12 10
22 0 15
8 9 4
22 1 2
7 10 18
20 20 1
4 8 18
8 10 17
0 3 5
13 16 15
11 14 4
17 20 13
21 23 13
11 15 5
15 19 2
10 13 6
10 13 11
9 12 9
16 18 15
10 12 14
20 23 10
15 18 6
8 11 7
18 21 5
21 1 11
18 21 8
18 21 7
7 8 5
21 1 18
19 23 12
9 13 3
9 12 2
17 20 17
2 4 12
3 6 10
15 17 14
13 17 14
10 13 14
7 10 11
14 16 4
1 4 14
14 18 9
17 20 13
13 16 18
19 22 9
21 0 2
19 23 17
22 22 9
5 9 16
6 9 13
23 1 13
10 12 4
20 23 16
2 5 9
17 21 10
22 2 14
18 22 2
12 15 5
22 23 6
3 7 4
1 4 14
10 13 12
1 5 12
10 14 13
14 15 8
5 8 13
18 21 12
15 20 3
16 19 5
3 7 7
0 2 13
14 17 14
18 21 12
22 2 7
5 7 15
13 16 10
23 2 12
12 13 7
20 0 2
11 14 18
14 18 8
15 18 18
17 20 18
22 1 15
9 12 16
6 9 16
0 3 12
5 9 4
10 12 18
6 9 8
21 2 12
10 13 3
19 21 13
16 19 9
7 9 12
4 8 12
7 11 17
22 4 13
4 6 2
19 0 18
23 3 1
22 23 4
22 1 17
19 22 5
23 2 9
0 3 14
16 20 4
5 10 12
2 4 11
1 4 2
10 12 10
7 9 7
19 22 1
3 4 14
17 20 16
5 8 2
10 13 8
23 2 4
0 3 13
1 3 16
4 8 13
4 5 14
2 6 14
21 2 16
6 9 9
12 15 14
9 11 9
23 1 14
3 7 10
5 10 13
5 7 4
9 11 3
16 21 18
13 17 15
1 4 8
1 3 18
19 22 8
20 23 9
16 18 3
10 13 16
14 19 7
5 9 17
13 15 17
1 4 1
2 5 3
16 20 17
1 6 15
5 8 8
5 8 13
10 13 17
7 9 1
11 12 1
11 14 7
3 6 14
15 17 14
15 18 17
4 8 11
5 9 8
14 16 14
0 3 8
13 14 11
2 6 16
3 5 18
16 19 17
18 21 12
4 8 17
16 18 9
20 22 12
11 14 9
17 21 1
9 11 9
13 17 7
6 9 4
23 1 14
17 21 6
17 20 9
20 0 4
0 3 4
12 15 17
2 5 18
11 13 11
3 7 8
10 14 14
16 19 9
3 6 4
6 7 11
18 21 17
23 1 5
17 19 3
12 16 7
23 2 8
0 5 17
2 4 16
14 18 14
15 19 4
19 21 9
2 4 17
17 19 4
3 4 11
8 10 10
2 5 16
17 19 4
1 3 3
10 11 14
2 5 13
3 8 7
23 2 12
2 5 3
12 15 6
2 3 7
3 7 18
10 13 4
21 2 7
2 4 4
6 7 2
20 22 14
3 6 17
22 3 5
17 19 8
12 16 15
15 18 4
10 12 18
5 9 10
2 6 14
22 0 3
13 15 18
3 7 13
9 13 13
5 9 8
1 4 3
12 15 18
11 15 1
1 4 11
16 18 7
1 3 8
11 12 18
8 10 17
8 12 11
3 6 9
1 3 9
11 15 3
12 16 10
9 12 17
16 19 11
22 1 10
5 7 9
1 5 18
6 10 18
15 21 16
23 2 14
8 10 10
0 3 15
16 19 2
20 0 16
2 4 1
23 1 9
17 19 13
20 0 5
3 6 13
8 12 2
16 19 17
9 13 11
18 23 15
23 3 2
3 6 5
19 23 12
21 1 10
10 11 10
14 17 3
6 8 14
0 3 8
2 5 14
0 4 1
5 8 12
20 22 2
9 10 13
9 13 16
3 6 14
17 18 6
20 0 7
3 4 2
8 11 7
11 15 15
13 15 2
21 22 17
15 18 18
12 16 15
12 15 1
11 14 12
1 5 11
4 5 2
9 13 4
16 20 4
23 2 7
20 23 10
8 9 3
16 19 3
22 2 10
2 4 2
5 9 5
22 1 17
2 5 8
15 18 4
3 7 2
8 12 14
23 2 9
9 13 10
21 1 17
9 13 9
11 15 12
22 3 5
18 21 8
18 21 8
16 18 2
1 3 11
6 10 2
2 5 14
2 4 13
16 20 10
5 8 11
7 11 9
10 14 17
2 5 16
22 2 7
13 14 6
22 1 6
6 10 18
17 20 16
21 0 7
22 2 8
2 5 4
4 8 16
11 13 4
7 8 1
23 2 1
19 23 2
22 1 12
20 23 1
15 17 6
21 23 9
14 17 18
14 17 3
6 10 16
14 17 5
20 0 9
18 20 5
7 10 16
20 23 13
2 7 10
22 23 9
22 3 3
17 20 2
21 22 17
22 1 17
19 20 11
16 19 6
1 3 2
2 4 4
1 4 5
10 14 14
8 10 3
9 11 8
15 16 6
8 11 4
21 0 11
23 3 9
11 15 10
22 23 12
17 22 3
1 4 4
14 17 11
7 10 9
10 12 13
19 22 9
16 18 9
11 14 9
12 14 14
4 7 16
1 4 15
21 23 6
14 17 17
8 11 16
10 14 11
18 21 1
19 22 1
5 8 2
10 14 9
21 3 18
11 15 3
21 1 11
12 14 17
22 2 17
13 17 5
19 22 1
2 5 7
10 13 4
14 18 14
0 1 6
19 21 15
21 23 12
17 20 15
10 12 4
23 4 8
7 10 3
0 4 12
1 4 15
16 19 10
10 15 8
13 15 8
9 13 10
20 23 10
18 20 5
18 21 7
2 7 9
1 4 8
13 17 3
20 22 10
20 22 14
11 16 14
14 15 11
14 15 3
20 22 16
13 17 5
19 0 17
2 4 7
10 14 13
18 20 6
7 10 5
8 10 2
0 5 9
1 5 6
9 12 7
9 11 15
12 15 4
10 14 18
0 3 13
11 16 7
6 11 14
17 20 5
20 23 10
10 13 3
15 17 6
22 1 2
5 6 8
3 6 3
17 20 12
16 19 15
14 17 3
21 0 2
11 12 5
10 14 6
1 3 2
9 12 9
9 12 3
21 0 3
21 0 11
10 13 16
14 18 7
4 6 1
15 18 13
9 12 13
8 13 1
0 3 12
18 23 18
8 12 2
14 18 15
11 14 7
14 17 18
2 4 7
0 2 8
5 7 17
0 4 8
0 3 15
23 1 12
17 18 11
0 4 13
17 19 5
19 23 1
11 14 3
19 22 11
17 20 6
16 20 11
17 20 2
2 4 11
2 5 16
5 9 16
21 1 7
20 21 12
9 12 17
14 19 14
22 1 15
1 6 17
3 7 10
20 0 9
2 3 6
15 17 5
23 3 5
0 4 5
6 8 9
1 5 6
2 6 15
23 1 17
0 4 9
6 10 7
3 5 3
5 9 8
0 3 13
8 10 11
15 18 9
6 11 6
12 15 7
5 7 4
23 2 14
7 9 8
16 18 1
20 23 11
13 15 13
13 16 18
3 6 9
3 6 18
6 7 7
3 5 3
2 6 17
18 21 9
1 6 16
19 22 14
20 22 5
5 7 15
8 10 17
4 10 14
9 13 6
6 9 6
1 5 12
19 22 10
23 2 13
6 9 3
0 4 5
3 7 2
3 5 3
9 11 10
9 12 1
10 13 15
7 10 15
8 11 11
1 4 17
2 5 9
17 20 2
18 21 12
18 22 12
14 17 13
0 3 15
13 16 9
0 5 13
11 14 7
11 14 3
7 9 5
22 1 1
7 10 12
1 4 2
16 20 12
4 8 8
21 23 11
7 10 15
14 17 3
19 22 5
21 23 4
21 0 16
1 4 5
3 7 15
13 18 18
4 11 7
19 22 11
16 19 17
2 6 4
23 1 9
18 20 11
18 20 1
22 1 14
2 4 6
14 17 3
13 17 18
11 15 6
19 22 2
14 16 11
0 3 17
9 11 14
16 19 5
1 4 9
21 23 10
3 5 6
14 16 14
4 5 5
5 5 8
1 5 9
6 11 14
22 0 10
5 8 10
6 9 13
5 9 5
10 13 3
18 23 8
19 21 18
19 22 16
8 11 7
19 23 3
20 1 4
7 10 2
10 12 5
12 14 15
15 19 10
4 8 9
10 13 18
19 22 14
7 11 1
9 12 2
15 18 4
23 3 8
16 18 7
4 8 3
6 10 14
22 3 17
2 4 7
20 23 1
7 9 16
8 11 2
23 5 12
19 22 12
22 4 8
20 0 4
18 22 16
5 8 14
15 18 8
20 23 13
22 1 8
1 3 15
12 16 10
19 22 10
17 19 7
1 5 6
20 23 7
17 20 2
11 13 2
3 6 9
13 18 13
3 6 12
10 15 12
23 2 13
21 2 1
22 0 11
5 7 10
8 9 7
20 22 9
23 2 5
15 18 17
20 21 3
23 1 12
23 1 9
20 0 8
18 20 6
22 3 15
14 18 16
10 14 6
10 12 14
2 6 3
18 21 17
1 4 8
23 3 12
20 21 6
22 1 12
23 2 5
8 12 8
2 3 9
11 14 16
2 6 3
5 9 18
12 16 10
16 19 18
9 10 12
5 8 3
3 7 3
12 13 5
3 7 18
16 21 6
5 7 9
16 20 2
16 20 18
1 3 2
22 1 15
9 12 5
11 14 8
4 7 8
5 9 13
15 18 15
0 3 13
12 15 13
3 5 4
9 12 15
9 11 7
5 6 10
18 19 7
13 17 2
12 14 11
19 22 11
4 7 6
16 21 2
11 14 1
22 3 10
20 22 8
22 1 12
0 3 4
3 7 6
20 0 11
5 8 18
1 4 13
10 14 8
6 8 18
3 5 8
23 1 12
2 5 3
21 1 17
22 1 3
6 8 16
3 6 16
5 9 15
20 23 8
22 2 2
13 15 11
10 13 9
7 11 15
3 6 3
15 16 9
22 1 10
18 22 11
9 13 1
16 19 11
20 0 9
0 4 4
1 4 17
8 11 6
16 20 18
6 9 16
9 13 16
1 4 10
6 8 7
21 0 18
20 1 8
11 15 15
11 14 5
22 0 14
3 8 17
0 2 7
13 16 13
3 4 2
22 1 8
8 13 7
17 21 8
10 12 3
19 23 6
7 11 5
21 0 5
14 16 3
3 6 7
3 5 4
4 6 16
21 1 4
10 13 1
15 18 4
4 9 8
2 5 7
18 21 6
7 10 13
10 13 3
5 7 6
12 17 12
19 21 17
6 9 15
12 16 4
6 10 12
20 0 8
13 17 6
19 22 4
2 6 9
18 20 7
5 9 4
1 4 13
22 2 14
17 20 14
17 20 4
12 14 6
16 18 13
11 13 9
7 10 11
18 22 1
4 8 6
5 7 9
3 8 6
11 15 2
2 5 15
16 20 1
22 1 3
16 20 15
17 20 8
18 20 6
9 12 9
4 8 10
11 15 5
11 13 8
0 4 3
10 11 12
2 5 4
7 8 10
8 9 4
8 11 7
10 12 10
8 10 3
12 14 17
23 3 16
9 12 4
20 0 1
19 22 8
15 18 7
17 21 1
11 16 6
9 12 1
11 15 18
5 7 18
16 19 4
9 11 3
14 18 14
11 14 11
0 3 16
8 10 6
11 15 14
23 3 10
23 3 8
17 19 6
1 3 7
11 13 8
10 11 14
15 20 13
11 14 4
15 18 14
21 1 9
1 6 2
22 2 8
2 5 14
1 4 3
6 9 14
12 15 4
10 13 12
18 21 18
18 20 18
4 8 11
15 19 14
4 7 4
7 10 12
3 7 18
22 2 8
14 16 18
15 19 7
12 15 18
1 4 6
23 3 1
1 3 13
4 5 12
1 5 13
13 17 5
6 7 2
7 10 10
12 15 8
20 23 18
11 14 10
23 4 12
14 17 9
5 7 16
3 6 7
19 21 14
20 1 17
22 0 8
19 20 10
22 1 2
18 21 2
3 6 5
8 11 13
4 7 7
3 5 8
8 11 2
8 9 5
2 5 2
5 7 3
16 19 9
14 15 4
20 22 7
21 1 8
11 14 5
13 16 1
23 4 6
13 17 16
1 3 11
17 20 16
10 13 16
10 11 17
14 16 13
21 23 10
11 17 10
13 18 7
21 1 10
4 7 10
4 8 6
7 7 16
4 7 5
2 4 18
21 23 9
16 19 7
4 7 18
3 6 16
1 5 18
11 14 10
22 1 18
1 4 9
6 8 2
14 16 11
17 17 6
18 21 18
2 6 15
12 14 7
18 19 16
20 0 11
17 21 9
17 20 5
3 5 2
14 16 2
18 23 9
1 5 9
16 19 18
14 17 12
2 5 7
