300 8
7 6 9 1 6 4 2 4 
4 7 8
17 19 4
21 23 7
20 23 4
19 22 2
20 1 4
1 5 2
11 14 6
7 11 5
2 4 4
10 12 7
1 3 3
7 8 4
4 6 2
15 18 8
4 6 5
5 7 2
11 13 8
22 3 5
2 5 5
8 12 8
15 18 3
13 16 3
8 11 6
2 7 2
14 17 6
9 11 1
18 21 3
23 1 1
13 16 1
13 17 3
9 13 6
13 17 5
19 23 1
7 11 3
1 3 5
4 7 6
2 4 6
22 1 6
20 22 5
22 1 8
19 21 2
6 9 8
20 1 8
3 5 2
7 11 1
3 8 3
0 4 3
0 3 2
15 19 4
1 4 7
5 9 4
20 0 7
0 2 7
9 12 7
10 14 1
17 18 2
0 3 7
17 20 1
15 19 6
5 6 3
10 12 6
7 8 3
11 15 1
15 17 5
2 6 7
4 7 8
16 18 3
21 0 3
2 5 5
10 14 4
10 14 6
19 21 4
12 16 5
13 16 8
3 6 1
6 8 3
16 18 5
1 4 5
1 4 5
0 4 4
19 22 7
19 23 3
5 9 8
16 18 3
16 19 7
4 7 2
23 3 3
20 23 3
20 23 2
0 3 1
19 22 7
19 20 4
19 23 3
20 23 8
19 21 1
17 20 1
7 9 4
9 12 1
0 5 5
9 11 6
9 9 6
10 13 5
8 14 1
4 8 4
18 21 8
6 9 6
1 4 2
14 18 2
19 22 4
2 4 4
20 22 6
13 16 3
8 11 3
20 23 5
23 0 2
15 18 5
16 18 6
3 6 2
4 7 7
13 15 4
23 3 3
4 6 6
19 22 1
15 17 2
5 9 6
11 15 4
21 1 4
20 22 1
3 6 6
5 8 3
4 6 7
13 19 4
5 10 2
6 8 4
15 19 1
16 20 6
11 14 4
7 10 8
8 12 7
3 6 5
10 13 5
7 9 8
17 18 8
13 15 2
16 18 6
7 10 2
15 18 2
20 23 4
13 14 8
19 22 3
13 16 6
15 16 1
21 1 8
15 16 5
23 2 3
9 11 5
17 20 1
0 3 7
11 15 8
15 18 8
10 12 8
18 21 4
15 17 8
10 14 4
23 2 2
1 4 8
9 12 2
1 5 5
14 16 2
21 1 2
20 23 3
17 21 7
11 13 6
2 5 4
17 22 7
2 5 8
21 0 1
9 12 7
15 18 3
10 14 7
9 11 4
5 8 3
2 6 1
15 18 7
8 9 2
20 0 7
14 16 3
23 0 4
1 5 1
19 0 1
6 9 1
3 5 4
16 18 1
11 15 8
9 14 6
15 19 1
12 17 6
10 12 8
9 12 6
12 15 2
13 15 5
11 14 6
13 17 5
20 23 7
16 20 8
21 0 5
18 22 2
11 16 6
14 16 2
1 4 2
22 0 6
23 3 1
9 12 3
9 13 2
7 10 3
17 20 2
16 19 5
17 20 8
12 13 2
7 10 8
4 8 6
0 4 1
14 17 8
23 23 6
18 22 4
9 13 4
15 17 4
23 4 8
19 22 2
5 9 6
19 22 7
5 9 4
8 12 8
17 20 7
5 8 3
5 8 6
3 5 7
1 4 7
13 17 4
6 10 7
21 22 7
0 3 6
6 9 2
23 2 5
9 13 6
19 22 6
16 18 8
0 3 1
11 13 6
2 6 2
10 12 6
0 4 3
13 17 2
0 4 3
21 23 4
12 16 3
21 0 6
0 3 3
12 15 7
1 5 7
6 9 7
23 1 6
7 10 6
20 0 4
3 8 1
18 21 5
8 10 7
17 19 5
3 7 4
22 0 5
18 22 3
4 8 2
8 12 1
16 19 3
5 8 5
5 9 6
15 18 5
5 8 7
22 0 4
7 11 1
16 19 2
8 9 7
13 16 7
17 20 8
9 13 7
1 3 8
6 6 1
15 20 4
23 1 4
0 3 3
23 2 6
7 11 2
17 21 4
19 21 1
7 8 6
5 6 2
22 2 2
6 12 6
12 15 4
