550 11
1 10 8 3 8 3 8 6 3 2 7 
7 10 6
8 11 3
8 9 8
20 21 2
13 17 3
14 17 1
10 13 3
1 4 5
15 17 6
9 10 5
1 5 2
10 13 5
11 14 7
15 19 7
4 7 7
16 21 3
11 13 6
8 12 3
17 21 3
13 16 11
17 21 2
2 5 10
20 22 8
22 2 10
5 10 3
22 1 5
19 22 3
23 1 3
23 1 9
3 5 9
17 20 1
22 1 7
17 20 4
3 6 1
13 18 1
4 7 6
22 0 10
18 20 1
7 10 1
19 22 5
5 6 2
11 13 4
10 13 3
19 22 5
2 6 9
10 14 5
11 13 7
19 22 10
19 21 2
0 2 4
12 14 10
0 3 7
9 13 10
1 4 3
18 21 10
11 14 10
19 20 5
20 23 10
1 3 7
11 13 8
21 1 7
6 10 8
9 11 11
1 3 2
3 6 9
23 1 4
18 22 7
13 18 6
17 20 6
2 5 8
16 18 10
7 11 4
21 0 6
5 8 1
0 3 1
12 15 9
1 4 7
5 9 9
2 5 8
2 5 4
5 9 1
14 16 1
5 6 9
8 11 9
1 4 7
13 16 5
16 19 9
2 5 10
17 19 6
22 1 7
7 8 1
4 7 8
17 22 6
8 10 4
3 7 9
7 9 6
3 7 10
5 11 10
15 17 10
5 7 9
11 14 2
14 18 10
2 5 10
6 7 4
11 14 5
18 19 8
1 3 6
16 18 7
6 11 10
6 9 7
10 13 9
7 11 10
8 12 1
2 6 5
5 8 10
12 14 11
10 13 1
9 12 3
16 19 8
12 15 1
14 17 11
0 5 2
17 20 7
19 23 3
8 12 2
18 21 1
8 12 8
23 2 1
23 1 2
11 15 7
6 10 10
1 3 6
0 4 10
13 16 11
4 7 4
15 19 5
9 11 8
23 1 10
18 22 11
17 21 6
5 8 2
17 20 6
11 15 2
22 1 3
4 4 6
4 7 10
18 21 4
3 6 10
9 11 2
10 14 5
14 16 4
21 1 3
21 1 7
20 23 4
23 2 5
1 4 11
4 9 6
17 21 10
1 3 6
1 4 2
9 12 2
9 12 8
14 15 2
8 11 5
13 16 10
2 4 1
0 3 6
1 4 2
1 4 5
13 16 10
13 17 10
2 7 8
6 9 5
6 9 5
20 0 1
13 17 10
18 21 5
11 14 7
8 8 2
13 17 2
8 11 6
10 12 9
16 20 3
13 17 4
2 5 1
0 3 2
13 16 11
5 9 10
19 21 11
16 19 4
11 14 11
22 0 10
3 6 8
11 13 3
3 5 7
0 4 9
16 19 2
23 3 3
10 13 9
19 22 6
7 9 2
21 0 7
1 3 7
21 23 2
7 9 5
9 11 1
1 4 1
18 20 6
1 3 6
22 0 9
19 0 2
16 17 6
2 4 6
0 1 8
4 8 7
5 8 1
3 5 2
8 11 8
16 18 11
14 17 8
16 21 3
8 10 5
22 0 6
10 15 6
16 18 5
19 22 4
10 13 4
14 17 2
22 1 6
0 3 2
16 18 3
20 22 3
15 18 9
6 10 4
3 6 4
21 1 3
3 7 8
7 9 8
22 1 4
18 16 6
7 10 7
17 19 6
7 10 7
10 11 8
0 3 7
10 15 7
10 15 5
2 3 9
3 5 10
20 23 9
3 7 7
15 17 11
22 0 2
2 5 4
15 17 3
7 9 8
10 12 8
18 21 3
3 6 5
3 6 4
9 11 5
23 3 3
7 11 9
15 17 3
5 8 5
16 18 11
5 7 5
3 6 7
16 19 2
12 16 11
21 0 9
1 6 7
19 22 3
5 8 6
9 13 2
2 6 5
10 13 10
17 23 6
2 3 7
7 11 8
1 4 9
5 6 3
6 9 9
3 6 1
4 7 10
1 5 3
23 3 6
21 1 5
10 14 9
17 20 5
7 8 8
3 5 7
9 12 7
12 14 9
0 3 11
5 7 5
10 14 7
11 13 7
9 13 1
8 11 6
18 21 7
11 14 6
19 21 2
15 18 4
2 5 8
8 11 10
1 4 7
8 13 5
23 4 6
22 0 8
5 7 5
7 11 10
2 5 8
18 21 3
4 6 4
9 12 11
5 8 9
20 21 7
18 20 11
16 21 1
0 3 11
4 7 4
1 4 2
5 9 2
12 13 2
13 17 2
3 4 11
21 1 10
10 14 11
8 12 5
3 6 5
5 6 11
5 7 7
6 8 5
9 11 11
11 14 2
22 2 4
0 4 4
13 16 7
4 8 7
0 2 4
21 0 5
20 23 11
23 1 3
5 8 2
10 13 4
19 23 9
15 19 9
7 12 9
18 22 8
8 11 7
6 9 3
1 4 3
8 11 3
22 3 9
21 0 8
8 11 7
2 6 7
12 15 10
19 21 7
15 18 4
14 18 3
6 8 1
17 19 2
6 9 9
4 6 11
0 3 2
3 6 11
16 19 11
4 6 10
22 1 10
17 20 8
14 16 6
23 2 5
20 0 9
16 19 10
15 20 2
14 16 3
18 21 7
7 10 9
15 19 9
11 14 7
11 15 10
22 0 2
2 5 9
13 17 11
2 5 10
12 17 8
12 16 4
8 10 11
16 17 10
20 1 8
3 7 8
4 8 11
15 17 11
12 15 1
6 10 2
0 2 1
14 18 4
22 23 8
23 2 2
20 22 7
2 3 8
6 9 8
0 4 5
16 20 1
0 4 10
23 23 1
2 5 2
19 23 7
20 0 10
9 13 9
13 17 7
1 5 6
4 6 7
9 11 7
18 23 2
12 15 10
21 23 5
2 5 7
19 22 5
6 8 2
0 2 8
17 20 5
20 23 10
17 19 2
0 3 11
17 19 6
5 8 1
20 22 11
6 6 8
12 14 1
7 9 5
19 0 9
19 22 5
10 14 6
20 22 11
13 17 5
16 20 11
2 3 1
23 1 5
2 4 5
22 0 6
16 20 6
13 17 1
19 22 2
5 9 10
19 23 11
17 20 4
17 21 4
19 22 4
19 0 9
2 4 6
13 17 9
5 6 1
16 19 11
4 7 10
17 20 2
7 11 8
12 17 3
22 1 10
10 13 3
6 9 6
18 19 3
5 7 11
9 13 1
17 20 8
19 22 3
5 8 7
1 4 7
17 21 9
13 16 1
11 15 9
5 8 2
4 7 7
22 1 5
17 20 7
17 18 3
1 4 8
19 22 3
22 2 6
7 12 10
12 14 11
12 15 11
7 10 6
19 23 4
22 2 3
19 22 11
8 11 3
22 1 8
15 18 10
15 19 1
22 2 2
12 15 8
4 8 9
20 0 4
6 10 11
5 8 4
2 2 8
12 14 4
15 17 9
7 9 6
18 20 4
9 13 9
9 13 1
6 9 9
23 2 6
15 18 8
3 6 3
5 8 7
2 5 5
19 23 10
10 13 5
3 7 10
9 11 6
21 0 4
6 8 8
22 23 10
14 18 7
2 6 4
0 2 4
20 21 9
11 14 8
18 22 2
1 5 7
1 5 7
13 15 4
22 2 6
17 20 8
11 15 4
5 8 11
18 23 7
23 2 3
3 5 2
23 1 2
4 6 11
11 16 3
19 22 7
17 19 2
17 21 8
23 3 3
20 22 11
2 4 3
2 5 11
2 6 7
4 7 7
20 0 5
3 6 6
0 5 9
20 1 2
