800 11
10 5 1 1 4 10 8 3 7 7 6 
18 23 5
9 10 2
22 0 2
5 8 9
8 11 5
8 11 9
12 16 3
4 6 10
13 17 7
13 16 10
7 10 2
9 12 6
2 5 2
17 21 1
14 14 3
3 8 3
0 3 6
12 16 3
0 3 11
22 1 5
19 0 8
15 19 10
22 23 4
2 6 7
6 10 5
10 11 10
13 17 4
2 6 11
19 22 11
20 0 8
8 12 2
14 17 3
9 12 10
4 6 2
12 15 5
9 13 7
23 3 5
3 5 4
16 20 5
1 6 10
6 10 11
23 2 6
10 13 9
11 14 11
13 16 3
18 21 4
0 3 10
19 21 1
23 2 7
4 7 2
14 17 10
22 1 8
12 15 8
4 7 3
5 8 2
19 22 1
10 13 8
1 5 2
16 19 4
7 10 6
1 1 6
15 17 6
23 1 10
1 5 2
10 12 6
7 10 10
0 4 9
6 10 7
7 11 8
17 19 5
1 5 10
3 9 9
16 19 10
7 10 10
16 20 5
3 6 10
0 4 1
19 22 7
1 6 5
22 0 9
19 21 7
23 1 10
5 8 7
9 13 7
14 16 6
8 12 11
5 8 3
4 8 5
16 18 7
11 14 1
23 3 8
23 2 11
18 19 7
0 3 1
13 16 11
3 5 2
10 14 4
4 7 5
2 4 8
17 21 3
11 15 9
3 6 3
22 0 6
19 23 5
9 13 6
3 7 4
13 15 1
11 14 9
12 15 3
12 16 1
11 14 3
11 15 4
13 17 9
9 13 3
0 2 7
6 9 6
10 13 4
3 6 1
21 23 7
22 0 1
1 5 4
15 19 3
20 22 9
8 13 3
14 17 8
16 19 9
20 22 2
21 22 4
19 0 3
3 7 10
2 6 10
19 22 8
18 22 1
15 17 4
22 2 1
12 16 6
21 2 9
11 14 10
21 1 1
17 19 11
2 5 8
22 0 4
12 15 6
18 21 8
0 3 7
8 12 2
23 3 11
15 18 10
2 6 1
11 12 8
9 12 11
1 3 4
14 17 5
16 17 6
20 22 4
18 21 2
11 12 10
10 12 8
7 9 4
1 3 9
4 6 8
1 3 11
10 12 8
21 0 4
2 3 5
9 12 3
17 19 7
17 23 11
2 5 4
6 9 5
19 20 8
1 4 2
15 18 10
14 18 9
0 2 5
11 14 7
0 3 2
15 19 10
20 23 2
22 2 6
20 22 7
9 13 10
2 7 2
15 19 2
12 15 3
10 13 9
2 3 7
15 18 8
19 21 4
20 23 6
16 20 3
1 2 5
2 5 6
19 23 10
7 11 2
12 15 6
22 22 10
8 11 11
18 21 7
9 12 4
0 2 9
0 2 8
8 11 1
3 7 1
2 4 2
10 12 3
12 15 7
20 23 10
18 20 9
21 1 6
15 17 9
18 20 4
16 20 11
5 8 6
7 11 2
9 12 8
23 3 5
2 5 5
2 6 8
0 3 6
9 11 4
19 22 10
10 12 2
6 9 5
5 8 11
12 13 7
6 9 6
4 7 3
9 14 5
19 21 6
9 13 7
0 2 4
14 17 7
23 2 7
9 11 1
6 9 5
10 13 6
19 21 8
14 18 7
20 21 1
20 0 7
4 9 3
3 5 9
10 13 9
10 13 6
0 6 2
1 3 3
6 8 10
7 11 10
20 0 2
1 5 2
14 16 9
19 20 2
11 13 7
8 9 3
0 2 7
14 17 8
8 12 8
14 17 4
12 15 5
2 4 5
16 21 8
8 11 3
0 3 10
6 10 7
6 10 10
18 21 6
0 3 11
16 19 1
3 6 10
18 23 5
15 20 6
8 11 7
14 18 10
23 4 1
3 7 10
17 20 6
6 9 10
7 9 5
19 23 2
11 13 5
12 14 6
21 23 5
17 21 4
17 21 11
19 21 2
18 21 9
11 14 4
4 7 6
18 20 4
4 6 6
5 8 4
22 1 2
5 10 6
13 16 6
6 8 10
6 9 3
19 21 3
22 1 6
6 10 2
4 6 6
17 19 8
22 2 5
8 11 7
22 1 11
13 16 8
20 23 6
15 18 10
18 20 11
0 3 3
15 17 6
7 10 5
9 12 4
15 18 11
20 23 6
8 11 2
19 23 1
23 3 1
23 2 9
14 17 1
8 12 3
17 22 7
19 20 2
4 7 1
7 9 7
7 9 10
21 22 11
3 5 8
18 22 5
3 7 4
21 23 8
3 5 7
4 7 1
20 23 8
3 6 10
5 8 6
19 22 7
9 13 1
0 5 3
17 19 5
4 5 4
11 13 10
15 18 7
7 11 8
18 23 9
7 10 6
18 21 2
7 11 8
1 3 6
5 10 1
17 21 8
13 15 8
15 18 2
12 15 2
0 4 6
20 22 9
23 3 5
4 6 9
20 22 8
12 16 10
3 6 1
6 9 9
7 11 2
15 19 2
5 8 10
20 23 11
10 12 1
23 3 2
16 18 9
1 4 1
15 19 7
5 9 1
11 15 7
10 13 9
17 21 6
7 9 11
14 18 11
11 14 10
8 10 5
9 11 7
20 22 8
14 18 4
16 20 9
4 5 3
0 4 6
12 15 3
4 7 7
20 0 2
9 13 5
3 7 7
13 17 4
23 2 3
7 11 1
16 18 5
14 17 6
21 0 3
20 23 7
12 14 4
17 19 9
23 1 8
16 20 1
18 22 6
13 16 9
1 3 7
2 5 9
20 22 11
7 9 8
10 14 5
5 7 8
9 11 9
4 5 4
15 19 8
18 20 1
22 1 1
18 22 5
17 20 2
10 13 2
3 5 11
4 6 11
13 17 5
3 4 8
7 10 2
22 4 10
20 21 4
4 6 9
3 5 7
4 9 1
19 22 1
21 23 7
0 3 7
11 15 7
3 7 2
15 19 11
17 19 6
21 1 6
5 7 3
9 10 6
21 0 2
21 0 7
20 22 6
12 15 11
23 1 2
10 15 2
12 15 8
9 13 4
2 5 3
2 5 10
22 1 7
19 22 9
6 9 10
10 13 10
21 1 8
2 6 8
0 4 8
10 15 7
23 2 5
23 1 8
16 20 7
16 20 8
6 10 3
19 21 8
13 17 8
6 9 1
14 15 5
11 14 1
9 12 11
3 7 2
7 12 8
19 23 8
22 2 11
13 15 2
11 13 9
22 1 4
6 9 8
19 22 1
7 10 10
8 10 1
16 18 2
0 3 11
8 10 9
8 12 8
0 3 8
15 18 1
4 6 1
23 4 8
10 14 6
3 5 11
13 15 11
22 1 1
1 4 11
15 17 7
10 15 6
9 11 3
16 20 1
12 16 9
5 9 6
14 17 9
20 22 7
16 18 1
12 13 6
14 18 8
3 5 11
21 0 3
22 0 2
21 1 2
5 5 5
15 18 11
10 14 11
15 19 8
12 14 5
23 2 9
21 23 6
21 2 2
16 19 9
6 10 10
22 2 1
16 17 3
7 9 4
22 1 7
12 13 5
8 11 6
22 2 4
14 17 4
10 13 1
17 19 9
9 12 4
18 23 4
22 3 2
22 2 4
2 5 10
4 9 5
13 14 2
16 20 10
22 3 7
6 10 7
0 3 4
2 5 6
20 23 8
18 21 5
21 23 7
19 21 5
10 16 1
19 21 10
11 12 10
8 11 7
0 3 9
13 16 11
10 12 5
16 18 9
4 7 7
10 14 2
8 12 3
18 21 9
21 23 2
7 10 1
0 3 3
21 23 2
19 0 1
6 8 5
20 0 3
12 14 1
23 0 5
11 15 10
18 21 2
19 22 7
16 19 1
19 0 3
21 23 6
18 22 4
2 5 3
23 2 4
11 13 3
18 20 2
20 23 4
12 15 7
4 5 8
13 16 9
22 0 9
4 6 6
6 8 5
20 0 6
23 2 2
20 2 7
4 7 11
4 6 6
18 22 10
21 2 4
17 20 8
3 6 7
18 21 11
23 1 11
22 0 2
7 9 2
4 8 8
2 6 6
22 0 9
7 11 7
5 6 8
16 20 8
19 23 11
20 22 6
6 8 7
6 10 10
0 3 2
6 9 10
0 3 6
12 15 5
18 20 2
18 20 10
3 5 10
20 0 10
6 11 6
4 7 10
23 3 7
16 19 11
1 4 5
15 19 5
14 17 9
9 12 5
6 8 5
22 2 8
2 6 7
19 22 4
23 2 11
6 10 11
12 15 4
11 15 6
3 7 3
12 14 5
11 12 8
14 17 7
8 12 11
9 12 8
3 7 10
1 4 11
12 14 2
4 7 3
23 1 3
15 19 2
17 21 7
3 6 2
18 22 4
7 9 7
3 6 6
13 14 1
23 4 7
5 8 11
22 0 4
16 21 2
7 10 6
22 1 3
23 2 10
5 8 3
9 10 8
10 13 9
1 3 3
6 9 9
16 19 11
8 12 8
4 7 11
14 19 5
8 11 7
22 1 3
18 21 6
3 6 9
21 22 5
8 11 7
22 3 1
14 15 4
4 8 7
8 10 3
0 5 10
9 13 2
19 22 9
23 2 8
12 14 2
2 6 6
13 17 2
5 6 5
7 10 4
5 9 2
13 14 1
15 18 5
15 18 2
19 21 4
14 17 11
2 5 9
22 2 9
19 21 10
13 15 4
1 1 6
4 7 9
21 23 8
3 9 10
5 7 6
12 18 10
1 3 5
4 5 5
9 12 4
2 5 4
5 10 5
23 3 6
15 19 11
0 4 1
0 3 4
19 23 8
14 18 7
22 0 8
4 6 1
17 20 1
10 13 4
18 19 1
2 5 11
15 19 2
18 21 9
21 0 5
17 20 1
19 22 3
0 2 3
23 2 7
4 6 3
8 12 9
1 3 6
3 7 3
14 18 11
12 16 7
17 20 5
10 14 5
17 22 6
11 13 2
12 15 10
12 16 11
1 3 4
4 7 11
12 14 11
16 17 2
8 12 2
8 11 1
6 9 7
4 7 2
15 19 3
23 2 2
1 4 7
2 4 6
9 11 9
11 13 11
0 3 5
4 7 7
3 6 2
22 0 11
20 22 8
4 8 11
0 4 8
13 16 11
14 17 11
14 17 5
19 22 9
22 1 4
21 1 7
18 19 4
0 4 11
12 15 3
14 18 8
23 4 7
15 18 10
6 8 7
15 18 3
16 20 4
19 22 3
16 20 10
8 12 11
1 5 3
11 15 7
13 16 3
8 11 6
17 21 1
6 9 5
21 22 4
2 7 6
6 9 10
21 0 2
7 10 11
11 14 1
6 8 1
21 0 5
11 13 11
18 20 5
2 5 1
14 18 1
17 22 3
0 2 8
20 23 5
17 18 7
10 14 2
23 4 4
7 10 1
1 5 1
19 22 5
13 16 10
23 2 5
