950 10
6 8 1 7 10 8 4 8 2 5 
18 21 4
0 4 9
15 17 8
17 19 6
10 14 9
16 19 10
5 9 2
1 5 4
13 17 5
16 20 3
9 14 2
22 1 10
20 23 2
2 5 4
18 21 5
5 7 2
1 3 10
19 22 5
8 11 4
6 9 3
9 12 3
18 19 3
0 3 5
21 23 3
6 8 4
1 6 5
13 15 7
15 17 3
0 2 1
15 17 3
7 10 10
7 10 9
20 23 1
16 20 6
14 18 4
13 18 9
23 1 5
7 9 4
14 17 9
19 22 8
4 7 7
20 21 8
22 2 7
15 19 3
23 2 5
12 13 7
10 13 3
18 22 10
12 17 9
8 10 7
6 9 7
16 19 1
23 2 1
3 6 9
2 4 10
15 19 8
20 23 5
20 23 9
12 14 1
21 0 9
19 22 7
19 21 5
10 12 3
17 18 4
1 4 4
12 14 1
18 19 7
16 19 10
18 19 6
8 9 5
5 8 4
7 10 1
10 13 5
13 15 4
19 21 3
9 13 9
11 14 3
18 21 4
11 13 10
0 1 1
3 5 4
8 12 1
18 21 1
15 17 4
8 11 4
7 10 7
23 2 7
14 18 8
1 4 4
21 1 2
12 13 2
6 10 8
5 8 7
17 20 7
20 0 1
23 2 1
15 18 4
19 21 6
20 22 5
20 0 7
13 15 4
22 2 9
17 21 1
7 11 10
23 0 8
15 19 1
16 19 7
14 15 4
15 17 9
14 18 4
12 14 6
17 21 2
4 7 7
13 16 8
7 10 2
9 12 10
23 2 1
4 7 10
23 1 5
10 14 6
21 23 2
4 8 6
2 5 10
14 17 1
21 1 5
15 17 7
18 23 5
17 19 7
7 9 10
9 12 10
8 12 1
2 5 4
20 22 4
5 8 8
4 6 6
5 10 1
13 15 10
3 7 7
16 19 10
1 4 1
23 2 1
14 18 3
13 17 3
17 20 6
13 16 9
6 10 10
16 20 7
20 23 8
22 0 7
19 0 10
23 3 7
23 2 4
21 23 1
15 19 10
0 1 1
17 19 7
7 12 8
22 1 5
10 12 6
5 9 9
0 3 9
18 20 6
6 10 7
11 14 3
18 21 3
19 0 9
23 0 2
3 4 1
18 22 5
18 21 5
23 2 10
10 13 5
13 14 2
13 16 5
20 22 1
22 2 6
14 18 10
10 13 4
17 20 2
21 23 8
21 0 9
22 0 9
1 6 4
10 13 7
3 6 4
10 14 8
3 7 1
8 12 3
5 7 9
7 10 1
14 17 4
13 16 1
18 20 8
19 20 2
14 17 5
23 3 6
14 18 8
0 4 1
4 6 1
23 2 1
18 21 7
11 14 8
18 21 8
22 0 7
23 1 1
22 0 8
2 6 6
16 21 10
2 3 8
10 14 3
21 0 2
20 23 6
11 15 5
13 17 2
11 15 7
8 11 10
19 22 1
8 11 6
18 21 4
22 0 1
2 5 2
9 12 6
23 1 2
9 12 7
19 21 9
12 13 9
19 0 2
2 4 9
2 5 4
15 18 9
9 12 5
17 20 8
1 3 5
10 12 8
13 17 10
4 6 3
17 21 4
6 7 2
3 6 4
20 23 10
7 9 10
9 12 1
20 1 7
5 7 5
7 10 9
6 11 6
22 2 9
9 12 5
12 16 5
15 19 5
16 17 3
18 20 2
18 21 2
4 7 3
6 10 8
20 23 3
0 3 6
20 23 10
10 13 10
12 16 7
21 1 8
4 9 4
15 18 2
18 21 7
8 11 8
19 22 4
19 22 6
15 20 6
21 0 6
1 3 1
1 5 7
11 13 5
20 1 10
7 11 9
19 21 10
17 22 4
12 15 5
22 0 6
21 23 4
23 2 9
21 23 1
10 13 1
15 17 10
16 18 10
4 6 8
21 0 8
13 17 7
7 11 10
9 12 3
16 19 9
20 23 4
16 20 2
3 8 1
6 9 4
16 19 4
10 14 8
11 14 7
4 8 2
1 2 3
20 0 10
17 19 7
13 15 5
22 0 8
5 8 7
17 20 2
15 16 5
22 0 4
6 8 10
21 23 1
4 6 3
9 13 2
7 10 1
20 0 9
16 18 5
6 10 10
0 3 6
17 21 9
7 10 9
23 2 8
18 20 8
1 5 4
1 4 8
20 1 10
0 6 5
1 5 2
9 12 1
9 10 9
13 17 7
9 11 5
12 15 9
23 2 7
1 3 7
14 18 7
10 13 9
21 0 7
16 18 6
21 1 3
15 18 3
19 22 10
12 14 7
9 12 4
22 0 10
7 10 1
17 20 6
8 12 4
21 1 3
19 22 7
21 23 2
13 16 5
19 23 9
7 11 4
21 0 4
16 18 7
21 0 3
13 15 3
11 13 9
1 3 7
15 19 10
14 16 7
11 14 6
9 11 9
22 3 9
3 7 2
10 13 5
21 0 3
5 9 6
9 12 1
5 8 3
6 8 2
11 15 7
14 18 8
1 4 7
0 4 2
9 12 6
17 19 2
8 12 4
19 20 5
18 22 9
19 21 5
23 2 6
4 5 3
1 4 6
10 13 5
1 4 8
22 1 2
9 12 6
0 4 4
14 18 5
19 22 2
7 9 3
22 1 3
22 3 7
16 19 8
20 22 3
22 1 3
17 20 10
8 11 4
7 11 10
6 9 5
5 6 3
3 5 2
10 13 1
11 14 2
18 19 2
19 0 3
0 4 5
22 1 4
14 17 6
0 3 9
8 12 5
20 0 4
7 12 2
23 3 2
7 9 4
1 4 3
13 15 10
6 10 9
9 12 7
15 19 7
16 18 1
7 10 6
4 7 8
1 4 8
17 20 1
16 18 3
18 22 2
2 5 10
4 8 9
14 18 6
14 17 8
20 0 2
5 7 9
18 20 3
2 5 10
14 17 8
22 1 4
8 10 9
14 17 1
13 15 4
7 8 2
10 14 2
13 16 9
11 14 3
12 15 2
2 6 4
20 0 8
18 21 10
18 20 4
11 13 10
8 11 1
15 18 1
13 16 4
17 19 1
12 16 1
23 2 5
16 18 8
1 4 7
11 14 3
22 1 5
17 19 2
19 21 7
1 4 10
7 12 6
8 10 1
6 10 9
14 16 7
16 20 6
9 11 3
19 23 1
11 13 7
11 15 1
2 6 7
7 10 1
5 10 3
15 19 7
16 20 5
6 11 2
20 23 2
6 8 7
3 8 1
4 7 9
2 4 10
1 5 6
11 14 9
2 3 6
6 10 1
16 20 2
2 5 3
10 14 7
0 4 5
20 0 2
20 22 10
5 10 7
23 0 4
23 2 2
7 11 1
22 1 2
3 7 3
13 17 2
11 13 10
2 4 4
13 18 9
8 11 6
22 2 9
15 17 1
7 8 9
16 21 9
5 8 10
0 3 6
16 19 4
17 19 10
22 0 10
23 2 9
17 20 2
12 17 9
2 5 7
8 12 7
19 21 9
15 18 6
3 5 5
5 7 4
10 13 8
9 11 5
18 20 8
2 5 4
4 7 6
5 9 2
5 8 2
17 20 10
21 1 9
5 9 7
4 7 4
6 9 5
18 20 8
3 6 4
10 14 6
15 16 3
17 21 6
20 23 9
14 17 10
1 5 1
9 13 5
4 8 8
17 20 9
1 5 2
3 8 1
23 3 6
0 4 1
0 3 9
10 13 6
2 6 2
10 12 7
10 14 3
6 8 7
11 14 1
11 13 1
18 21 7
9 13 5
14 16 4
0 2 4
3 6 9
20 23 7
16 21 10
21 23 4
14 16 9
8 12 8
1 5 5
14 16 5
22 1 8
19 22 6
18 20 9
0 4 8
21 23 5
19 21 1
17 20 10
18 22 10
16 19 9
2 4 8
21 22 3
12 16 5
10 13 8
14 17 5
20 22 7
23 3 4
4 8 5
20 0 6
7 9 7
5 5 5
4 8 9
21 1 4
10 13 2
14 17 8
9 12 10
9 11 1
7 10 6
13 15 6
13 16 9
20 22 2
18 22 1
23 4 2
8 11 5
4 7 7
9 12 1
19 22 5
14 16 5
3 5 5
21 0 10
14 16 8
4 7 2
20 23 5
7 10 1
22 3 1
1 3 7
6 11 1
12 14 8
0 2 4
8 9 8
20 22 4
6 9 9
2 5 4
7 11 2
0 4 7
4 7 1
7 9 8
14 17 5
11 13 1
0 4 3
19 22 9
4 8 9
19 22 6
6 10 2
5 8 7
19 22 3
2 6 5
21 1 9
14 17 5
21 23 6
18 20 4
10 14 10
5 6 9
4 6 3
1 6 5
3 6 10
12 14 4
22 1 4
12 14 4
19 22 4
3 6 4
21 23 1
1 5 8
12 16 1
10 12 2
16 20 6
6 8 9
1 2 6
10 15 2
7 9 1
9 14 7
21 2 10
2 5 1
4 7 10
7 7 7
6 11 4
22 2 3
22 2 1
16 18 8
17 19 4
16 20 6
13 18 9
5 8 5
15 19 2
16 20 8
10 11 9
0 5 3
12 15 8
23 4 9
1 2 10
3 5 6
2 6 6
10 13 7
0 3 5
22 0 8
23 0 6
10 12 7
18 20 2
8 12 6
14 16 9
0 3 3
9 14 5
5 8 1
8 10 7
22 0 8
1 4 5
7 9 3
15 18 2
14 18 6
1 5 6
13 18 3
14 18 8
20 22 6
3 6 10
13 17 9
2 4 6
14 17 6
21 0 5
8 11 5
11 14 8
21 1 9
10 12 7
15 15 6
14 18 3
16 18 3
21 23 1
13 15 1
21 23 8
11 13 8
0 3 2
10 13 4
17 20 9
22 1 8
1 4 5
16 19 8
15 18 6
14 17 2
22 3 3
18 22 4
11 14 5
11 16 4
17 20 5
3 5 9
8 12 5
14 17 9
19 23 3
23 2 3
10 15 8
9 12 7
18 19 6
19 22 10
20 22 7
17 22 3
0 4 4
12 14 7
7 9 9
9 11 5
0 2 4
13 16 1
23 0 10
6 9 2
8 10 7
17 20 6
6 7 5
11 12 5
7 11 8
1 4 6
17 19 7
3 6 7
8 11 9
3 4 6
13 16 9
15 19 10
7 8 2
17 19 10
18 20 2
5 6 3
9 12 3
18 23 10
5 9 2
6 9 10
19 21 9
15 20 7
11 14 8
20 0 7
5 8 1
6 9 7
23 3 2
3 7 6
21 0 5
16 19 2
23 2 7
17 20 8
2 4 6
23 4 6
7 10 9
4 8 10
13 14 10
8 11 7
12 13 3
14 17 6
12 16 1
23 0 5
1 3 1
0 3 4
7 10 8
23 3 5
10 14 8
18 20 10
17 21 1
1 4 4
2 4 6
13 16 9
5 7 7
21 2 4
8 12 9
2 4 10
4 7 9
5 11 2
17 19 1
8 12 8
21 0 5
6 11 5
23 2 7
12 15 2
3 6 2
20 21 10
20 0 8
15 19 6
23 4 4
2 4 1
8 11 2
13 17 2
16 20 8
5 8 2
6 8 4
12 16 3
3 7 9
8 10 4
2 4 5
16 19 1
2 7 10
2 4 2
11 13 4
8 11 7
1 3 4
20 23 6
7 9 5
20 22 6
13 17 4
8 12 4
22 0 1
22 1 7
14 17 2
1 5 8
23 23 7
20 22 3
12 14 6
11 15 8
10 14 4
14 18 8
15 17 4
20 0 2
9 12 7
22 1 3
1 4 8
14 17 9
0 2 5
7 10 10
19 23 7
21 23 9
12 17 10
0 3 1
3 6 5
8 10 4
19 20 10
7 10 8
15 17 6
13 17 3
8 10 8
17 21 10
19 23 8
8 12 5
15 17 8
5 7 6
18 21 3
10 14 7
16 20 6
22 3 6
10 13 7
8 12 6
8 12 5
8 9 7
17 20 6
16 18 5
3 7 1
1 3 4
11 13 1
18 22 8
2 6 5
5 9 10
3 6 9
19 22 8
11 16 5
19 21 3
6 7 4
23 0 4
3 8 5
19 20 4
0 3 7
4 7 6
21 0 4
16 19 2
6 8 4
0 2 1
3 7 2
7 9 4
16 19 6
9 12 9
4 6 7
9 13 9
23 2 5
18 22 8
14 17 1
7 10 2
13 17 4
5 8 2
21 0 3
4 6 4
4 7 3
13 18 8
1 3 2
14 17 9
17 20 8
11 15 3
19 23 6
9 11 7
4 7 10
13 17 7
14 16 9
19 23 7
3 6 6
4 8 1
18 21 5
16 18 1
5 8 1
4 9 10
7 9 8
14 17 3
9 11 9
4 8 2
6 8 1
18 21 6
18 22 5
13 17 9
14 16 7
14 18 6
6 9 5
19 23 2
7 8 7
21 23 9
11 13 5
23 1 9
