200 15
10 1 10 3 7 5 10 2 7 8 4 8 8 4 1 
14 16 11
9 13 2
2 5 7
18 19 5
1 2 4
9 11 12
10 11 10
17 19 9
8 10 1
11 16 12
10 13 2
16 18 8
20 21 8
10 15 5
20 23 15
11 15 3
2 4 3
13 16 2
22 3 2
18 21 15
16 18 2
20 23 1
12 14 7
14 17 8
23 2 6
10 14 3
14 18 6
12 15 3
16 20 12
13 16 14
21 1 11
7 10 14
22 1 12
7 9 3
23 3 4
10 11 6
4 9 9
9 13 5
9 11 5
10 13 15
4 4 4
17 19 3
12 14 12
10 14 2
15 18 14
12 16 9
10 13 11
5 6 3
1 3 15
19 23 6
23 1 4
7 9 13
5 8 5
6 8 9
17 18 5
16 20 3
3 6 13
18 21 7
16 20 11
23 2 5
21 0 1
20 0 10
15 18 6
21 2 14
1 5 13
12 15 14
5 7 12
11 13 10
17 22 13
8 11 5
8 12 4
13 16 10
9 12 12
8 10 14
5 10 5
14 16 9
4 7 14
11 14 5
14 16 11
1 3 11
11 15 10
2 5 2
21 23 15
7 10 2
12 16 15
8 11 9
7 11 11
0 3 10
21 22 15
10 13 12
14 17 7
0 3 10
12 16 9
23 2 10
12 16 15
10 13 7
7 9 2
13 17 7
9 13 14
19 23 4
22 2 7
11 14 14
15 18 10
4 9 9
5 8 5
5 9 2
18 19 15
6 8 5
23 2 7
2 9 12
10 12 7
18 21 3
10 14 15
20 21 1
6 9 12
19 0 15
14 19 6
3 6 15
9 13 8
23 2 13
15 17 8
19 22 1
20 0 11
19 22 12
22 2 12
15 17 3
18 20 1
0 3 9
13 16 9
12 15 14
10 13 10
19 21 9
13 17 3
1 3 8
2 5 2
9 13 10
11 15 15
18 22 13
8 10 7
13 17 10
8 10 4
22 0 13
19 23 2
17 18 7
15 16 10
14 15 11
12 16 11
18 23 2
14 17 1
22 2 11
1 5 13
4 8 9
11 16 10
20 22 3
8 9 6
15 17 11
17 20 1
7 11 11
16 20 1
1 5 14
5 9 1
1 3 15
20 0 8
17 20 6
11 14 11
15 16 8
8 12 3
9 13 2
18 21 11
10 13 1
20 23 15
3 7 15
5 9 12
16 19 5
23 3 1
18 20 14
20 0 1
3 6 1
6 10 14
3 6 3
21 2 11
20 0 15
10 14 4
11 12 10
11 14 11
11 14 5
0 3 12
0 4 6
13 18 2
1 4 4
11 14 7
17 20 13
10 15 14
12 16 10
2 6 8
20 0 1
2 6 4
21 0 7
20 23 13
15 18 12
