1050 16
2 5 8 4 2 6 7 7 3 8 1 5 9 1 2 4 
14 15 6
6 9 11
19 22 9
16 21 9
14 16 8
17 20 3
2 7 11
16 20 4
17 20 11
20 20 3
0 2 16
9 12 10
10 12 5
8 13 10
5 7 8
13 18 1
17 22 16
6 8 14
18 22 2
2 6 3
4 7 6
19 21 1
12 15 6
4 7 5
6 8 13
17 20 15
21 22 12
2 6 15
0 3 4
20 22 1
21 1 5
4 8 3
18 21 16
1 4 12
10 13 14
14 18 7
22 2 10
5 8 11
17 20 3
3 4 4
9 12 11
1 3 9
5 9 5
9 12 3
2 4 15
2 6 3
21 22 12
0 2 6
7 11 13
18 22 5
16 19 12
17 20 8
9 12 15
16 19 11
2 5 16
16 18 16
12 14 10
21 22 3
14 17 12
15 19 9
20 0 12
16 20 5
3 7 4
2 5 14
18 20 8
8 13 16
18 21 13
0 4 7
11 14 5
2 5 8
13 15 15
17 21 6
2 4 7
20 23 15
15 17 5
4 6 5
20 0 13
21 22 13
7 10 6
6 9 12
17 22 15
16 21 13
8 12 2
4 6 9
17 19 15
12 15 9
7 11 16
17 20 15
8 12 12
4 8 3
6 8 14
21 0 13
21 1 16
19 22 13
7 12 11
12 15 8
18 21 3
15 18 16
14 16 11
19 22 7
19 20 2
17 21 9
9 12 4
21 2 14
15 18 5
9 13 7
11 16 11
3 7 15
7 9 5
14 16 1
23 1 3
17 20 3
22 3 4
21 1 13
21 1 7
1 2 3
20 23 12
18 21 5
13 16 11
19 22 13
5 7 14
8 11 15
12 15 9
23 3 3
9 12 7
8 11 4
6 9 5
12 15 8
10 14 12
21 23 16
23 2 2
2 3 6
1 4 4
3 4 11
3 6 3
2 6 15
14 16 7
9 13 6
3 7 14
1 5 4
17 19 10
12 15 6
9 11 5
1 2 1
16 19 15
5 10 8
3 5 12
6 10 15
5 7 13
4 8 3
22 2 2
4 6 13
17 19 4
9 12 15
3 5 3
16 18 6
6 9 12
8 10 2
1 1 12
19 23 12
18 18 12
12 17 7
5 8 14
14 18 6
22 1 6
19 22 12
23 1 14
16 19 1
23 1 15
23 1 4
2 8 15
17 19 1
12 15 5
4 7 14
13 18 6
13 15 3
10 14 14
11 15 12
12 15 12
15 18 10
9 13 6
0 3 8
14 15 15
10 13 15
9 12 8
14 15 15
10 15 13
20 0 4
17 20 1
13 15 8
22 1 5
19 21 10
0 5 4
4 8 7
18 21 12
13 19 10
2 4 12
4 5 8
7 8 4
11 13 13
11 14 9
16 20 11
14 16 7
9 14 5
18 21 13
7 11 5
1 3 13
13 15 16
14 18 6
11 13 5
12 14 5
19 22 1
4 8 8
2 6 6
2 5 12
4 6 4
6 9 1
3 5 8
9 12 5
8 12 10
7 11 15
8 11 4
12 16 4
23 2 13
9 12 9
11 14 15
13 18 6
20 23 2
13 17 10
8 10 7
6 8 6
10 12 8
1 6 5
7 11 6
7 8 15
17 21 16
4 7 7
23 3 10
10 13 12
12 15 3
4 6 1
22 0 12
18 20 5
7 10 12
16 18 1
15 18 16
18 19 1
11 16 4
11 14 16
9 12 13
3 7 5
15 17 2
4 8 4
15 19 16
9 10 6
23 1 3
12 15 4
13 15 3
18 22 2
9 11 7
18 21 3
18 21 10
20 23 11
18 20 4
13 18 6
23 0 13
6 11 8
3 6 14
2 3 7
1 4 5
16 20 12
14 17 7
8 10 16
16 18 8
12 14 13
1 5 11
18 22 16
16 19 9
11 15 9
13 17 5
5 7 12
15 18 8
11 13 10
22 0 9
1 3 11
21 23 12
19 22 12
13 15 13
17 21 7
21 0 16
6 8 3
21 1 12
20 23 13
1 3 2
23 3 14
17 19 12
0 3 5
3 7 10
17 19 16
23 2 5
16 18 2
13 16 15
18 21 8
6 9 14
19 22 12
11 17 4
12 17 15
2 5 14
15 17 5
11 14 8
2 5 2
11 16 13
6 10 7
15 18 10
19 20 15
0 4 11
16 20 11
13 18 2
20 22 6
23 2 16
9 11 3
5 7 13
12 16 9
16 20 2
2 4 13
3 5 6
19 23 9
2 3 7
3 6 9
6 9 1
8 12 7
18 21 11
18 21 6
20 23 7
17 22 13
13 15 9
8 11 15
16 19 7
1 3 1
21 23 2
19 22 5
8 9 10
8 11 4
17 21 16
20 23 6
22 3 4
10 12 1
8 13 6
13 15 2
4 8 1
6 10 11
18 20 10
6 10 9
5 7 8
6 10 2
16 19 16
2 5 7
21 0 13
12 13 7
4 7 14
11 14 10
13 17 2
8 12 4
2 6 8
6 11 5
8 12 16
22 2 12
8 10 6
8 11 6
2 5 10
16 18 14
8 10 8
0 1 6
10 13 1
11 13 6
1 4 14
1 5 16
10 12 13
22 1 8
12 14 9
23 2 5
3 6 10
3 7 4
19 21 1
14 17 7
3 6 13
21 1 7
13 17 11
19 22 8
16 20 16
8 11 15
6 7 16
12 15 15
20 23 11
23 1 16
17 20 5
3 7 15
10 15 2
11 14 6
23 0 7
12 13 7
10 14 10
21 23 8
20 22 2
15 18 15
15 17 15
10 13 9
8 10 1
23 2 13
0 5 3
10 13 14
19 22 4
8 11 7
14 18 10
13 17 12
17 19 4
21 0 5
12 16 4
20 0 3
5 7 1
12 15 8
3 8 4
11 14 8
9 11 10
9 10 3
11 13 16
21 1 13
23 3 2
18 21 11
5 8 3
21 23 1
4 7 1
3 7 14
12 15 1
21 0 12
6 7 4
3 6 1
18 20 4
16 19 9
10 13 3
17 20 11
8 12 13
0 5 14
12 15 13
4 7 4
9 12 12
23 2 12
10 12 12
3 6 16
0 2 9
5 6 6
13 15 12
5 9 5
11 15 14
17 18 6
8 10 1
23 0 3
1 6 2
18 23 16
0 3 11
17 19 12
6 8 16
1 4 3
15 18 12
14 17 10
23 2 15
23 3 8
6 9 5
8 11 1
9 11 10
7 9 12
23 2 4
16 18 8
13 16 13
0 5 6
5 7 13
3 6 6
16 19 11
21 0 2
5 7 2
7 11 9
11 13 12
18 22 6
17 21 11
4 7 6
14 17 8
23 2 8
5 8 15
6 9 4
1 2 12
23 2 16
4 8 5
10 14 2
9 12 9
6 11 16
6 9 3
17 20 8
2 4 1
10 13 12
11 14 7
18 21 14
8 11 11
17 21 3
13 17 2
17 21 3
0 2 15
20 22 1
17 18 7
3 5 11
6 11 16
21 23 5
2 4 14
22 1 3
12 16 8
16 21 2
16 18 14
19 21 16
11 15 8
10 12 8
17 19 6
1 4 12
6 10 14
7 10 8
15 17 9
16 20 5
2 5 11
7 9 16
0 3 16
3 5 6
6 12 2
14 17 12
10 13 15
5 7 8
10 12 11
14 18 11
14 17 16
11 14 9
3 7 2
4 6 15
9 12 10
17 19 7
22 1 11
9 13 3
22 0 14
2 6 10
2 4 12
10 12 5
2 4 11
10 13 2
16 19 1
12 15 14
10 15 3
6 10 10
19 22 3
11 16 9
11 15 16
16 18 13
19 22 1
0 3 6
1 3 15
20 23 12
19 21 15
4 8 2
7 8 8
9 11 14
16 19 6
23 0 8
20 0 9
1 3 9
6 7 10
4 8 13
9 11 11
5 8 11
10 14 3
13 17 4
9 13 4
1 5 12
17 20 6
22 2 8
19 22 1
11 12 13
1 2 2
11 15 8
11 13 5
2 5 12
3 7 2
7 11 1
17 20 12
10 13 2
12 16 1
6 9 6
2 5 2
11 15 8
21 1 5
16 19 1
18 21 2
21 0 15
0 2 4
22 0 10
10 14 4
8 11 10
8 12 6
19 23 6
16 18 2
12 17 13
23 2 13
8 11 8
5 8 4
20 0 15
9 13 14
16 19 5
7 9 7
18 21 13
22 2 12
9 11 1
8 10 9
11 14 11
2 5 2
14 18 6
1 3 11
20 0 14
4 7 15
21 0 2
6 8 6
16 19 10
6 9 11
8 11 5
12 17 7
4 7 15
20 21 5
20 23 1
23 1 14
23 2 11
18 20 7
3 6 11
14 16 4
4 8 2
19 22 16
0 3 14
17 20 2
17 20 16
20 0 15
2 6 4
21 0 9
8 11 2
8 12 9
12 17 8
21 23 8
22 1 15
2 4 14
16 18 9
22 2 7
1 4 8
16 17 1
12 16 4
3 4 9
19 23 13
0 2 1
4 7 5
15 17 8
23 2 14
23 2 15
12 15 8
1 4 2
3 4 2
6 11 11
12 15 14
8 11 14
3 6 11
4 7 9
17 20 9
22 2 13
11 14 12
6 9 3
19 22 8
20 0 2
22 3 14
10 14 3
18 21 2
20 23 13
13 16 10
10 14 2
6 8 15
12 16 11
7 10 15
13 15 7
6 10 7
4 7 11
8 11 16
23 2 12
7 10 2
13 16 11
21 23 4
0 2 2
6 9 8
14 15 5
20 1 11
17 19 3
15 19 13
17 20 11
20 23 10
14 18 4
9 11 15
16 21 13
9 11 12
17 21 15
0 3 7
20 22 4
13 16 7
8 11 11
5 7 12
6 8 7
23 2 3
10 13 15
17 21 11
12 15 2
23 2 11
17 19 6
10 12 3
17 22 14
13 16 10
3 7 15
19 22 1
3 8 16
7 11 5
2 4 2
20 23 6
9 12 15
2 4 12
13 16 13
15 18 9
12 13 9
14 16 14
23 0 12
18 20 12
20 0 1
12 17 7
11 15 16
17 19 12
6 9 9
2 6 1
10 14 13
14 19 16
16 18 15
11 14 2
4 8 12
22 1 3
21 23 12
3 7 7
13 17 10
23 2 5
14 15 1
8 11 7
4 5 12
8 12 8
7 10 7
10 12 1
8 12 14
2 5 1
2 7 13
7 10 7
7 9 10
20 22 7
19 22 4
5 10 9
7 10 3
2 5 15
23 1 11
22 1 8
10 14 9
0 2 4
1 3 7
12 15 15
17 20 12
10 13 15
0 2 4
18 19 14
23 0 6
22 2 14
23 3 7
10 13 1
7 10 4
7 11 6
13 14 7
5 7 11
23 3 13
11 14 6
13 18 15
12 14 6
20 0 12
4 7 16
1 4 9
16 20 12
13 15 7
12 14 9
21 0 2
16 21 4
18 0 5
18 21 7
4 7 8
23 3 13
11 13 8
7 10 16
16 18 10
16 20 16
8 12 11
23 2 11
10 14 15
17 20 1
18 22 13
0 6 10
15 18 5
18 21 14
12 15 7
15 18 13
8 10 5
7 11 11
20 0 11
1 4 4
7 8 8
6 10 12
21 1 1
4 9 4
7 11 13
6 8 14
19 23 10
12 14 2
11 14 14
14 18 13
12 16 5
6 7 8
9 10 3
11 13 13
15 18 9
2 3 11
22 0 5
20 22 12
6 9 5
11 15 9
22 1 13
19 23 3
16 19 12
16 20 12
8 10 12
10 13 12
3 6 15
7 10 4
6 8 5
2 5 11
14 15 4
17 19 7
16 20 8
14 17 7
10 13 5
18 21 10
6 9 3
8 9 14
4 8 9
0 3 10
19 23 15
5 9 14
7 10 11
16 20 3
12 14 13
17 20 11
16 19 1
12 13 15
16 20 14
2 4 10
15 19 14
13 15 6
15 19 14
1 6 2
4 7 8
9 12 10
19 22 13
4 6 7
23 3 11
14 16 1
9 13 13
11 13 2
6 9 14
3 8 7
21 0 13
14 17 16
17 22 12
3 6 9
9 12 7
3 4 6
3 6 8
4 8 11
12 16 13
10 11 13
5 7 1
1 4 8
2 6 5
0 2 5
0 3 12
19 21 15
1 4 2
12 16 7
2 3 4
23 1 4
2 6 2
11 16 12
11 13 4
10 14 2
17 20 13
15 18 13
15 17 16
13 16 6
21 1 4
22 23 16
8 13 9
13 16 4
6 8 11
21 1 2
21 23 6
8 10 4
8 12 13
18 22 5
12 16 13
3 6 7
10 14 16
2 5 12
7 7 1
12 15 2
11 13 2
4 7 9
13 14 1
7 11 5
17 20 2
3 5 2
1 5 3
16 18 7
4 6 7
0 5 1
15 19 4
21 1 16
14 17 8
3 6 1
23 3 8
2 4 13
5 9 12
19 0 11
15 18 11
22 2 2
16 18 14
18 22 3
1 4 13
6 9 4
22 1 15
2 5 6
4 8 10
0 4 15
18 20 16
3 8 11
9 12 7
6 8 9
18 22 16
21 0 16
20 0 3
21 0 16
0 2 3
12 14 4
12 16 1
16 17 5
7 11 15
16 20 13
22 1 1
9 11 4
18 22 8
16 19 7
22 1 15
16 19 3
6 9 6
1 6 4
0 2 16
11 12 16
12 17 7
22 1 6
9 11 15
10 13 1
20 22 7
12 15 2
1 5 12
10 12 5
18 19 15
20 22 5
17 21 13
19 22 12
21 0 5
2 4 4
8 12 12
0 4 3
3 6 15
21 3 1
2 4 4
15 20 8
4 7 6
1 3 14
10 13 1
17 18 9
8 10 6
22 1 9
11 14 9
8 11 2
8 10 10
15 19 11
22 1 11
13 16 3
18 21 15
22 2 7
23 2 11
13 17 12
4 7 15
18 21 9
4 7 12
6 9 14
1 4 12
6 9 15
16 20 8
17 20 6
11 14 16
3 6 3
7 9 8
16 20 1
5 11 2
23 1 4
21 1 3
8 10 12
14 17 11
3 6 7
4 6 6
8 10 13
6 9 13
13 17 13
4 7 10
1 5 10
22 1 2
7 11 5
19 22 14
4 8 15
0 1 13
4 7 15
23 2 13
17 19 6
14 17 12
11 14 10
4 6 8
