650 16
6 1 7 9 4 1 6 6 10 9 8 8 6 1 10 6 
18 20 14
5 8 10
11 13 9
10 13 13
2 6 6
23 3 13
19 0 4
6 9 15
12 14 7
19 20 16
11 16 10
22 1 8
12 15 15
3 7 5
6 9 13
21 23 13
4 9 16
23 1 2
0 4 1
22 1 11
3 6 9
1 5 9
23 1 11
15 19 2
23 1 8
22 2 8
21 1 6
2 5 9
20 1 16
9 13 7
22 0 15
21 0 5
11 13 3
12 14 7
17 20 10
6 8 16
5 9 14
9 12 3
12 16 14
17 21 14
10 14 10
19 0 4
17 19 11
19 22 11
5 9 4
21 2 1
3 6 10
18 22 3
23 2 3
22 3 13
18 22 15
10 13 6
17 21 9
18 22 5
14 17 5
9 13 4
14 18 13
2 5 14
4 7 14
16 19 10
8 11 8
4 8 15
15 20 13
17 19 15
1 8 2
0 3 2
19 22 14
11 15 10
3 4 13
14 18 10
21 23 1
12 15 8
11 14 15
3 6 7
4 6 12
20 23 3
1 4 11
1 5 8
9 12 2
12 15 5
0 2 4
0 4 12
17 22 3
14 17 8
9 13 12
20 0 8
21 23 6
23 2 1
12 17 11
1 5 16
12 15 1
8 10 11
9 11 12
8 11 16
17 19 7
12 16 1
7 11 11
14 16 11
11 14 12
4 5 8
22 23 6
19 21 4
17 19 8
5 9 8
9 12 4
18 21 10
8 11 4
16 18 6
1 5 13
0 2 6
5 9 1
21 23 10
4 6 4
5 9 16
22 1 5
21 0 4
14 16 15
19 20 13
2 5 14
23 3 10
22 1 8
23 3 11
16 20 15
6 10 6
13 15 9
1 6 2
13 16 11
4 6 6
2 3 4
14 16 3
22 1 10
6 9 1
15 19 7
5 9 9
23 1 12
8 12 8
4 7 9
14 18 4
5 10 2
21 0 10
20 23 12
0 3 14
1 1 10
18 21 1
6 10 8
7 11 8
9 11 12
8 12 7
11 14 7
10 13 12
12 15 7
12 14 5
5 7 14
14 17 12
19 21 12
11 15 8
10 12 2
20 1 2
7 10 9
10 13 2
0 2 13
13 15 12
3 7 9
22 2 14
19 23 13
14 16 5
6 9 12
0 4 13
11 14 12
13 16 16
2 5 14
20 22 12
19 22 2
1 3 12
3 6 2
5 8 15
15 18 3
11 12 8
18 21 6
13 16 11
9 13 16
14 17 2
9 13 6
23 2 3
5 7 4
14 16 8
19 22 1
16 19 11
12 13 8
6 8 14
21 1 13
16 19 11
18 20 7
19 23 8
10 14 3
0 3 9
13 17 3
17 19 1
6 11 6
3 5 2
12 15 7
1 5 12
13 16 8
11 16 15
14 16 14
3 6 2
8 8 3
23 3 10
3 6 2
11 15 11
22 0 6
9 10 7
13 16 12
17 19 16
4 7 14
5 9 10
23 2 15
7 10 8
10 12 13
9 12 7
17 18 9
18 21 11
21 0 14
20 22 14
0 3 3
3 5 3
19 21 14
6 10 12
14 15 16
6 9 13
14 19 6
19 20 4
4 7 4
16 19 1
3 5 12
22 0 15
4 7 8
13 17 3
6 8 8
17 20 15
16 18 1
2 7 12
8 11 10
2 4 11
2 6 3
13 17 6
19 22 6
8 11 5
23 2 16
4 7 6
13 15 11
0 3 13
21 0 4
23 1 4
3 6 3
10 12 15
21 22 2
16 17 4
18 22 1
10 13 4
12 15 15
16 19 12
6 10 6
23 3 16
3 5 13
5 9 6
22 1 11
2 5 1
19 23 11
15 18 1
4 8 6
8 10 1
21 1 6
1 4 11
11 13 5
11 11 10
15 19 15
23 1 3
19 23 12
2 5 10
21 1 4
19 21 7
16 18 14
7 10 5
7 9 6
4 5 12
12 16 7
4 8 4
16 18 11
18 20 15
1 3 8
13 16 13
7 10 9
21 23 10
6 10 16
3 6 2
13 16 12
18 20 10
20 23 3
13 14 2
14 17 10
7 10 14
23 2 13
14 17 16
5 8 13
9 12 8
19 23 9
12 14 4
3 5 11
16 20 1
9 11 8
8 11 8
16 20 10
14 18 4
15 18 5
11 14 7
3 6 14
20 1 7
2 5 8
2 6 9
19 21 7
11 15 8
19 22 12
18 21 15
7 6 3
11 13 3
4 7 2
23 4 5
8 12 4
8 12 8
18 20 5
23 1 11
4 8 14
14 18 9
18 20 9
9 13 13
0 2 14
14 17 15
11 14 4
5 6 4
14 15 8
21 4 12
4 6 3
20 22 4
2 6 13
10 14 14
8 12 3
9 12 14
16 20 15
10 13 15
13 17 16
8 10 1
4 7 16
23 2 6
21 2 12
8 11 3
20 0 1
10 13 14
2 5 12
19 21 16
10 13 2
4 7 3
11 13 8
12 14 11
11 14 16
12 17 7
18 19 14
14 15 9
15 18 16
0 3 2
10 13 3
15 20 4
1 4 6
23 3 11
12 15 7
10 12 5
1 4 10
16 18 7
2 5 12
19 21 5
8 10 5
14 17 12
10 14 12
12 15 1
7 11 8
5 8 11
16 17 2
15 22 3
19 23 12
16 18 12
22 0 6
23 1 6
8 12 7
2 6 16
6 10 7
22 2 6
6 10 4
3 5 5
19 23 16
5 8 11
11 15 11
18 22 10
3 5 3
12 14 6
9 13 6
0 4 14
4 8 8
5 9 15
0 4 16
17 21 5
7 9 11
4 8 12
3 5 13
8 11 12
16 21 10
14 16 4
9 10 3
1 5 11
6 8 5
17 19 10
17 21 6
19 23 15
14 17 7
9 13 11
1 4 5
17 20 12
3 7 15
19 19 3
15 17 8
6 9 3
21 1 10
5 7 14
12 15 12
12 15 11
21 1 5
10 13 8
10 13 11
3 5 15
1 3 14
17 21 6
6 9 7
6 8 8
3 5 16
7 9 11
12 14 2
17 21 12
15 18 4
20 22 2
23 0 4
9 11 11
0 4 8
13 16 4
10 12 9
15 19 3
19 23 4
0 3 13
19 23 8
6 9 8
16 18 7
9 15 13
20 23 11
22 23 13
14 18 10
16 18 12
14 16 15
18 21 14
11 12 11
21 1 8
1 4 5
22 1 1
8 11 5
19 20 13
11 14 13
6 8 10
9 13 9
16 20 8
15 18 16
6 8 7
2 7 13
18 22 5
6 9 1
4 8 10
16 19 13
6 9 3
23 2 11
15 16 16
16 18 12
2 3 8
18 21 11
9 11 15
4 9 2
7 10 13
14 16 5
23 3 10
23 1 15
19 21 7
16 20 9
14 17 7
9 12 10
20 23 1
12 15 7
8 12 9
12 13 16
13 15 2
2 5 6
9 12 13
19 21 13
3 6 12
16 19 8
7 10 2
19 22 13
18 20 3
12 14 4
2 5 11
5 9 2
13 17 2
20 1 7
20 23 5
16 20 5
0 2 6
21 1 7
13 14 12
20 22 9
8 11 12
9 13 11
0 0 4
22 0 7
23 1 4
16 19 9
9 12 2
10 13 11
3 5 9
12 16 4
6 11 4
23 2 15
2 6 5
8 12 2
2 4 10
3 6 9
13 17 8
7 11 1
21 1 8
13 18 9
0 3 8
19 22 13
19 21 3
23 3 5
23 3 12
8 12 13
10 13 4
9 13 3
2 6 5
1 3 3
8 12 12
20 0 4
19 21 4
20 23 4
9 11 16
10 13 6
15 17 16
7 9 4
23 1 1
0 3 8
17 18 7
12 15 5
13 15 14
23 1 3
10 15 15
18 22 15
8 10 15
10 12 3
12 15 10
1 2 1
8 12 12
2 5 9
21 0 12
4 5 4
22 1 16
2 5 6
15 18 9
4 7 12
8 10 6
7 9 15
12 15 12
7 10 10
15 17 13
3 6 1
17 20 15
14 16 2
12 16 12
14 16 5
17 21 8
19 22 5
6 10 15
10 14 11
3 6 4
21 0 14
6 8 8
9 11 6
20 0 14
6 8 9
2 5 16
8 12 14
10 10 6
10 12 9
4 6 13
10 15 3
5 8 12
13 17 8
18 22 15
18 21 4
20 20 11
23 2 10
20 1 6
13 17 9
19 0 4
19 22 6
22 3 2
1 3 6
2 5 13
12 15 14
3 5 1
1 6 10
8 11 2
4 6 6
7 9 11
3 7 6
18 21 2
0 2 7
23 2 6
8 12 13
3 5 16
6 9 4
6 8 8
21 0 16
20 0 4
18 21 6
23 2 8
4 7 6
22 1 16
19 22 13
11 17 4
12 15 3
5 9 6
9 11 7
13 15 15
7 10 10
23 0 4
8 11 15
17 20 10
