450 11
1 5 7 8 8 10 8 2 2 3 3 
13 15 5
17 20 6
7 10 10
19 22 8
6 9 10
10 12 6
7 10 11
22 1 5
10 14 3
19 22 5
21 1 8
19 23 7
22 2 4
1 4 1
14 18 6
18 23 3
10 14 5
15 16 8
2 4 2
10 13 7
2 7 9
18 23 1
16 20 10
15 16 3
18 21 9
16 18 3
13 15 8
7 10 7
10 14 4
22 1 11
11 15 7
14 17 1
11 15 9
4 8 7
3 6 8
17 19 10
9 12 2
14 16 10
9 12 11
14 16 1
16 19 9
4 8 8
2 6 6
15 19 7
2 6 10
16 19 10
13 17 11
19 23 3
19 23 8
8 10 6
0 2 6
8 11 6
17 20 2
21 2 5
7 11 2
19 22 8
0 2 8
17 20 3
22 3 10
23 2 3
18 22 11
20 1 1
3 5 5
7 10 8
22 3 5
11 14 5
18 21 1
18 23 10
5 8 9
21 2 11
4 7 9
11 14 4
13 16 7
20 0 1
16 19 1
15 18 6
5 7 7
13 17 6
6 8 7
3 6 3
15 18 5
9 12 9
5 7 6
9 12 1
0 4 11
20 23 9
18 21 4
0 2 11
21 23 8
11 15 5
18 21 1
11 15 2
1 4 6
18 22 1
22 2 10
21 2 7
4 8 2
20 2 1
7 8 10
6 8 4
22 0 3
5 9 4
19 22 8
14 17 7
23 2 10
22 1 11
16 19 8
2 4 7
5 8 3
13 17 5
10 11 7
14 17 8
11 13 11
11 14 3
7 12 9
20 0 1
1 4 8
20 0 6
14 18 10
2 5 5
3 7 11
21 0 1
12 16 8
11 15 6
17 22 6
19 22 2
7 10 1
9 12 5
21 0 9
15 18 3
18 21 3
6 8 9
3 5 8
14 17 2
0 1 4
3 6 8
14 16 2
4 7 1
17 19 1
12 15 11
11 14 8
8 12 2
5 8 2
21 0 11
16 21 11
13 15 11
23 0 3
7 11 3
18 20 10
6 9 6
14 17 8
4 6 9
8 11 7
20 23 7
8 12 6
9 12 4
5 8 5
4 7 10
19 22 1
10 13 1
19 21 9
7 10 11
4 8 1
12 15 10
17 21 3
12 16 10
7 11 7
23 2 2
16 20 8
20 0 7
9 14 7
11 14 2
10 13 1
15 18 2
17 19 2
15 16 4
12 14 3
15 19 4
14 19 5
13 16 10
1 4 7
13 16 8
5 7 2
13 17 3
14 18 1
6 9 2
3 6 1
13 16 3
7 9 10
5 8 4
3 7 10
2 5 2
3 6 8
8 10 11
22 2 6
22 2 5
1 3 3
20 0 4
10 13 2
2 5 2
21 2 10
19 21 9
8 11 2
0 4 11
15 16 8
8 11 1
18 20 7
10 12 9
6 8 9
8 11 5
16 20 2
5 8 4
13 15 10
9 12 2
13 17 3
4 8 2
23 3 11
10 15 2
13 18 8
18 20 6
3 7 7
7 11 11
14 16 3
15 17 2
1 6 11
8 11 4
1 5 7
17 23 4
21 1 11
17 19 8
22 0 10
0 4 5
13 16 4
7 11 2
7 12 4
6 7 3
9 12 7
5 7 5
13 17 3
10 12 11
18 22 11
5 8 9
2 7 6
16 20 2
4 6 11
5 8 2
20 0 1
7 10 10
3 7 11
9 11 9
9 12 6
14 17 2
18 22 2
3 6 8
15 17 10
13 18 4
18 21 10
4 6 11
16 19 11
19 22 1
1 3 8
23 2 1
5 7 1
21 0 4
2 5 5
2 4 2
16 19 9
14 17 6
22 2 9
22 3 5
0 4 1
10 13 5
22 1 5
20 0 1
14 18 1
18 22 1
1 5 4
18 21 2
14 18 9
20 21 1
16 19 7
22 3 11
10 14 11
23 1 5
17 20 9
22 22 3
17 20 7
18 20 5
10 14 1
20 23 7
13 15 11
7 9 1
22 0 9
10 11 8
23 3 9
7 9 2
5 8 5
7 11 2
21 1 7
7 10 7
12 15 3
2 5 7
1 5 5
22 1 10
11 16 5
18 22 8
5 7 7
7 9 3
7 12 10
13 16 8
1 3 8
14 16 8
22 23 3
22 2 4
13 15 6
20 23 7
22 2 11
15 20 11
18 19 5
5 9 4
11 12 11
19 0 9
20 23 11
4 6 1
12 15 7
12 14 11
5 7 2
20 21 3
7 9 2
4 6 2
17 18 5
3 5 4
6 9 10
0 3 5
22 2 7
0 2 3
0 4 11
20 21 3
21 2 5
19 21 2
1 4 9
14 17 11
5 8 6
0 2 7
5 7 10
17 19 1
1 3 7
11 13 3
21 1 5
7 9 8
23 1 3
12 14 2
20 0 8
12 14 11
12 15 2
10 12 8
0 3 5
11 14 10
14 16 7
9 12 9
15 17 8
9 13 10
8 12 6
7 11 8
23 2 2
15 18 8
14 17 8
2 5 6
2 6 2
6 10 11
4 7 5
17 20 8
17 20 5
13 14 11
21 1 11
15 17 9
1 4 9
0 2 4
21 23 9
14 18 4
21 2 1
9 13 4
17 20 3
0 3 8
20 22 1
6 10 11
20 23 11
9 13 1
20 23 3
19 0 4
20 22 11
3 6 4
15 16 6
17 20 10
10 12 8
3 7 6
0 2 3
21 1 8
19 22 6
7 10 3
12 15 10
10 14 7
13 17 5
0 4 2
11 12 11
10 11 4
18 20 3
17 20 8
14 17 6
23 3 2
3 8 2
21 0 11
18 20 2
16 19 4
14 17 2
8 10 2
2 5 11
18 20 4
21 1 3
23 2 2
18 21 8
20 0 10
23 3 10
3 4 5
5 10 9
20 23 4
12 17 9
17 20 5
19 21 8
15 17 8
18 0 3
15 18 3
4 8 10
11 14 4
5 8 2
8 11 5
2 5 7
2 5 8
7 10 2
15 18 8
7 10 11
22 23 6
17 20 8
1 3 10
10 13 5
4 6 3
5 9 11
3 6 2
5 8 11
16 17 10
