750 12
6 9 5 4 1 4 5 9 10 5 1 7 
13 17 7
4 6 10
16 19 8
7 11 3
5 8 9
10 13 10
6 9 8
23 2 8
23 1 8
8 10 4
6 9 7
3 7 8
7 10 11
14 16 11
14 16 12
20 22 9
9 11 2
11 13 5
12 17 5
3 4 7
23 2 1
0 4 12
12 14 6
4 6 1
15 17 2
15 19 11
17 21 10
13 15 7
3 4 11
11 14 3
19 19 8
23 2 4
3 6 1
4 7 7
9 15 1
11 14 1
14 17 7
4 6 7
14 16 11
22 23 3
11 13 1
5 7 10
20 0 2
7 10 2
14 16 5
2 4 11
7 10 12
17 20 11
0 2 4
4 7 1
21 0 12
2 4 4
9 13 12
14 16 6
13 16 11
3 7 10
21 22 7
21 0 10
9 12 6
11 15 3
13 17 3
15 18 2
21 0 8
21 1 12
3 7 1
23 2 9
14 17 1
16 19 10
1 4 4
2 5 8
8 10 7
18 20 1
21 0 5
20 0 7
20 0 9
6 8 2
20 23 9
7 10 8
3 5 10
10 12 9
14 15 12
7 9 11
3 5 6
2 3 1
8 13 5
3 7 11
2 5 10
7 10 6
1 5 7
6 8 10
16 19 6
16 19 10
9 12 10
0 4 10
11 12 12
5 8 7
1 5 8
23 3 3
23 2 11
12 15 5
8 9 5
23 1 12
4 7 7
12 16 11
17 19 5
7 8 9
3 8 8
18 20 7
14 16 9
15 19 8
8 11 2
14 17 5
13 17 12
19 20 2
21 0 12
18 20 6
22 1 11
11 13 9
21 1 7
2 6 10
5 7 3
17 21 3
10 13 8
5 9 1
0 5 11
13 16 4
13 17 10
11 14 6
12 15 6
20 22 6
19 22 3
6 9 12
0 2 5
8 11 12
18 21 2
18 21 3
14 17 4
2 6 3
15 19 12
20 22 12
2 4 11
5 8 4
8 13 7
8 11 4
13 15 5
10 12 9
7 9 10
5 8 6
1 4 11
13 15 6
22 1 6
9 12 7
9 11 8
2 5 2
14 16 10
17 21 2
0 2 6
5 7 8
18 23 2
15 16 12
23 2 8
19 22 9
2 5 12
22 0 5
2 6 6
10 14 5
19 22 6
23 4 4
18 22 9
6 11 7
4 6 2
13 15 8
3 8 5
3 8 1
3 5 11
16 19 9
7 10 5
22 0 9
7 9 12
23 2 2
13 16 1
8 11 8
8 11 5
15 17 6
11 12 5
0 4 8
14 17 8
23 2 11
7 12 2
4 6 5
22 0 9
13 17 11
9 10 10
23 4 3
7 10 3
8 12 11
12 17 3
17 20 4
4 7 1
17 22 4
2 5 7
0 4 8
12 14 5
15 18 12
20 23 2
17 20 8
20 23 1
22 1 4
19 23 4
3 5 5
21 0 1
17 21 7
6 10 2
18 19 7
0 4 11
9 12 4
17 20 5
13 17 6
2 3 5
17 20 1
7 11 1
6 10 12
14 16 11
18 21 4
7 10 10
19 22 12
9 14 9
12 15 11
2 5 2
20 0 5
4 7 9
20 0 11
8 12 2
18 20 7
17 19 8
1 3 1
9 12 5
6 11 3
9 13 11
21 23 6
5 9 8
20 22 4
6 9 10
1 2 9
7 10 4
23 2 1
13 15 9
23 0 4
23 2 2
7 10 10
14 16 1
22 1 8
9 12 3
17 19 12
8 11 4
21 1 2
15 17 1
6 11 9
20 23 2
17 20 11
9 12 7
15 18 2
21 0 1
23 2 1
11 16 1
7 11 12
20 0 11
21 0 5
9 12 11
22 2 3
10 15 4
20 21 9
11 12 10
3 6 8
23 3 3
2 5 12
15 17 8
0 4 9
14 17 4
3 5 7
5 7 9
4 9 3
20 23 8
8 12 4
0 2 1
6 9 12
16 20 8
12 13 6
19 18 3
8 11 8
18 21 8
19 23 2
9 10 4
21 0 12
19 22 3
6 8 5
16 18 3
2 5 12
13 17 11
20 23 10
0 1 1
15 18 1
4 6 8
13 15 10
6 9 3
17 20 6
8 13 9
1 3 8
11 14 8
4 8 9
5 9 3
3 4 9
22 0 4
20 0 3
12 15 12
0 2 6
1 2 2
4 7 3
15 17 8
8 12 1
16 18 8
22 1 7
8 12 4
23 1 1
20 23 4
8 10 1
12 15 11
6 9 12
21 23 4
16 21 8
1 4 6
0 3 3
20 1 5
1 4 6
4 8 6
23 1 8
9 13 8
2 5 11
23 3 10
12 15 6
6 7 10
21 1 7
0 4 9
5 9 5
4 6 2
1 3 3
8 11 6
12 15 11
21 1 6
21 23 8
2 5 4
13 17 3
3 5 1
16 17 4
21 0 7
14 17 8
0 2 2
20 22 3
12 16 8
23 2 1
17 19 1
14 16 3
5 10 9
0 2 9
13 16 1
18 21 9
13 14 3
9 13 3
17 18 9
5 8 9
12 15 9
16 20 7
4 9 9
6 8 12
4 6 5
20 23 6
21 0 11
3 7 11
21 0 5
15 18 2
4 7 6
3 7 11
11 14 1
2 5 8
1 3 6
0 3 5
11 13 10
17 20 1
23 2 7
21 23 11
0 3 2
20 22 7
19 22 10
10 15 4
20 22 4
15 18 6
18 21 3
23 1 1
3 5 10
11 13 2
10 14 8
21 23 2
7 11 1
9 12 2
1 6 7
18 19 3
10 14 2
6 11 9
7 9 5
16 18 7
23 2 11
15 20 7
22 1 2
19 20 8
13 17 12
21 1 5
19 21 12
4 9 11
6 9 7
22 1 11
8 11 1
4 6 7
6 8 3
8 11 11
2 7 5
20 23 8
1 3 12
2 6 9
3 5 11
22 1 4
20 22 2
17 21 4
0 4 11
13 14 11
11 13 6
23 1 3
7 8 12
22 0 10
0 2 2
16 19 1
8 14 9
19 21 10
3 7 7
7 10 9
14 16 5
12 16 1
8 11 8
19 23 11
12 17 2
9 10 1
9 13 12
2 5 10
22 1 4
20 23 8
17 20 3
4 5 5
11 14 11
1 4 3
21 0 1
9 14 9
0 1 9
20 0 2
7 11 3
18 21 8
4 5 3
6 8 11
17 19 3
19 23 12
21 1 12
9 14 6
13 16 1
14 17 9
19 20 5
9 10 4
5 8 8
9 11 4
5 9 6
18 20 9
22 0 1
13 16 8
13 17 10
12 13 2
8 11 12
7 10 3
4 6 5
6 9 8
16 16 11
17 20 7
10 14 11
14 18 6
6 11 12
14 16 9
12 13 6
5 8 6
10 14 10
15 17 10
0 3 6
0 2 2
0 4 10
16 18 2
2 3 2
11 16 6
21 1 7
7 9 9
18 20 12
22 1 9
22 1 6
15 19 4
12 14 3
6 10 1
16 19 12
6 9 6
3 6 11
11 15 11
13 16 12
17 20 4
11 15 6
19 21 12
23 2 2
22 0 9
2 5 11
3 6 10
5 8 1
0 3 10
9 13 4
1 4 3
17 19 9
13 16 7
22 2 1
20 23 5
17 21 5
22 23 4
11 15 10
23 3 5
3 5 5
12 16 9
20 21 3
12 15 2
3 6 12
18 21 12
19 21 6
12 16 6
2 6 7
10 12 11
3 7 9
6 10 7
22 0 4
6 11 2
21 0 5
21 0 10
6 8 6
2 7 6
15 17 1
12 16 7
23 2 11
22 2 5
12 15 5
10 13 7
11 16 4
14 16 4
0 2 3
16 17 4
16 20 11
9 13 5
15 17 4
6 9 9
4 6 2
18 19 6
17 20 8
2 6 9
20 0 4
3 3 10
18 19 1
22 1 6
22 1 11
3 5 1
1 2 12
11 15 1
14 18 9
3 7 1
0 4 10
19 22 6
9 11 5
18 19 11
20 21 11
4 7 3
20 0 10
2 5 8
1 3 12
16 20 4
0 4 12
1 4 1
3 6 5
2 6 7
16 21 3
7 11 7
19 21 6
22 1 7
16 18 5
10 13 9
22 1 3
18 21 8
11 13 9
15 18 12
10 13 10
12 14 1
11 13 2
21 23 10
4 9 8
20 23 3
17 22 10
1 7 7
20 23 12
7 8 3
6 10 1
1 2 10
4 7 12
4 9 6
3 4 7
13 16 6
14 17 7
8 11 9
17 20 6
21 0 10
19 23 8
1 4 3
22 2 11
21 0 8
6 9 4
23 1 2
0 3 11
16 18 8
14 17 9
23 1 10
18 20 1
20 21 3
1 3 10
16 18 8
2 4 9
18 23 11
15 19 2
0 5 1
18 21 9
10 14 4
23 1 12
17 20 11
14 17 10
15 17 2
9 13 5
18 21 6
14 18 7
10 12 8
1 3 10
19 22 3
3 7 9
9 12 7
5 7 9
2 7 2
8 11 1
1 5 2
18 20 6
23 2 3
0 2 1
2 7 8
4 6 12
12 15 8
5 8 2
19 22 10
3 8 2
21 0 11
13 16 4
16 20 5
8 13 4
16 18 10
21 1 6
4 8 4
4 8 10
17 19 2
8 13 7
2 7 3
6 10 1
19 22 5
17 19 8
6 10 2
10 12 5
4 8 3
18 22 11
22 1 2
3 6 7
6 10 6
1 4 9
21 0 5
2 6 12
23 2 1
19 0 5
16 18 7
17 21 7
1 5 4
13 16 2
14 15 2
18 22 1
1 5 4
17 20 9
1 4 4
19 22 11
10 12 2
0 4 7
6 11 8
14 16 3
14 16 3
21 1 5
1 2 1
11 14 5
6 8 7
23 2 6
17 20 1
12 17 11
3 6 9
12 14 9
23 3 12
1 5 3
3 5 4
23 1 1
15 17 7
8 13 1
7 8 10
6 10 6
0 2 3
0 0 5
13 16 7
18 22 3
22 1 9
5 10 7
16 20 8
13 16 5
6 9 12
9 13 11
7 11 3
22 2 10
22 1 8
11 14 2
5 7 6
7 11 7
22 23 2
23 1 9
16 19 4
14 15 8
5 9 4
15 16 7
23 4 7
