250 14
2 1 5 5 10 2 2 2 3 2 6 2 10 9 
18 22 3
16 19 14
18 17 5
9 13 3
1 4 1
23 5 11
14 17 5
3 5 8
11 14 10
3 5 3
12 15 5
0 3 3
16 18 5
7 9 4
12 14 2
3 7 8
3 6 14
16 19 3
22 2 3
9 14 12
19 21 1
1 5 11
9 13 1
6 8 11
15 19 8
11 16 5
0 2 1
19 22 6
17 20 7
18 20 10
17 19 13
16 19 6
0 4 2
16 19 4
18 21 1
4 7 3
23 3 3
20 22 14
16 18 11
3 5 7
20 23 12
20 22 11
8 12 13
6 8 4
21 23 5
9 12 10
20 23 4
9 11 7
9 11 8
17 20 11
23 1 4
14 16 6
16 19 8
0 3 6
18 21 5
11 13 5
14 16 13
2 4 11
20 23 1
13 17 7
10 12 8
13 16 1
4 8 4
8 10 10
18 21 9
3 5 2
20 23 6
2 5 5
8 10 11
7 9 1
21 1 2
22 1 12
15 17 2
0 2 13
8 11 12
12 14 11
1 2 11
12 14 14
23 2 7
11 15 2
14 18 5
0 3 13
11 14 14
0 5 3
4 7 11
0 1 6
4 6 3
12 14 7
17 21 12
18 20 7
18 23 10
18 21 4
21 0 12
7 10 3
9 11 13
5 8 1
5 8 6
6 9 1
10 12 12
0 4 8
20 0 13
10 14 2
16 18 6
2 4 12
3 6 14
17 20 5
5 9 10
11 12 1
2 4 13
9 12 10
10 13 13
10 13 8
2 5 10
9 10 6
23 0 12
12 15 12
0 2 2
7 13 7
10 14 2
20 23 12
2 5 13
13 16 7
0 4 6
14 16 11
19 21 10
4 7 3
4 7 12
12 15 14
8 11 5
20 0 12
4 6 14
0 4 8
11 13 2
10 12 8
12 16 10
21 0 12
8 12 11
9 12 12
15 20 10
9 12 12
18 19 13
15 19 5
19 22 9
16 20 1
7 11 8
19 23 11
18 20 12
13 16 1
20 23 3
19 22 10
5 8 14
13 15 3
4 7 7
17 19 9
7 8 5
14 15 3
16 20 1
14 17 7
16 18 8
0 5 13
15 18 5
17 20 1
9 13 1
21 23 7
2 4 4
6 10 7
23 2 10
6 8 5
11 14 12
7 11 13
1 5 2
6 7 8
23 5 4
1 4 8
20 22 12
15 18 10
21 1 11
22 2 4
13 17 4
10 12 13
10 13 8
0 5 1
17 20 13
13 16 1
12 14 13
10 14 11
8 11 5
10 11 11
6 9 10
8 12 2
2 3 12
12 14 6
11 13 5
9 11 2
14 18 1
0 2 6
16 21 7
6 9 7
2 6 6
12 16 11
19 23 8
21 0 11
4 8 3
5 9 4
14 16 1
18 20 13
2 6 13
18 23 12
13 16 4
23 2 1
18 22 10
21 22 8
5 8 12
23 2 11
6 11 12
20 0 1
8 11 11
10 12 5
22 1 14
7 9 12
6 8 1
21 23 12
22 2 1
17 20 12
16 18 5
14 16 10
10 12 14
6 8 13
15 17 8
5 8 1
18 21 12
18 21 11
12 13 4
15 18 9
19 21 8
10 13 6
21 23 7
11 14 4
8 12 9
5 6 12
12 16 9
17 19 6
15 18 10
11 16 4
17 20 12
2 5 4
22 23 1
23 2 3
17 19 10
23 23 12
