250 10
9 5 8 7 2 5 1 1 3 10 
7 10 2
8 11 8
0 5 9
5 7 1
2 5 8
7 10 7
13 17 2
10 13 2
12 15 7
9 12 6
18 21 8
15 18 10
0 3 8
7 10 4
15 17 1
18 21 6
7 10 1
5 7 2
22 1 6
6 9 5
15 18 10
10 12 1
11 15 3
17 19 8
6 8 7
1 5 9
1 2 2
0 4 6
3 7 3
15 18 9
19 22 9
4 7 1
16 19 8
4 5 3
5 9 7
7 9 9
11 14 4
2 4 9
23 3 10
4 7 10
10 13 4
3 5 6
2 5 9
1 4 6
23 2 2
13 15 7
0 3 10
8 11 8
4 9 10
1 6 6
1 4 1
6 7 7
14 16 8
7 9 5
15 17 8
5 9 3
23 2 3
18 20 1
13 14 6
5 7 2
13 17 2
14 17 4
20 22 4
9 13 7
21 1 9
15 18 6
17 20 4
19 21 8
8 12 9
20 0 4
11 14 1
10 11 1
12 14 10
5 8 2
10 12 3
13 16 5
23 3 3
11 13 10
9 12 5
19 22 1
4 5 9
4 8 7
2 5 8
20 23 1
10 13 1
0 4 8
13 14 3
14 18 7
19 21 8
10 14 8
23 3 9
15 18 7
17 21 6
21 1 10
8 11 6
2 4 6
15 17 9
21 0 4
10 14 1
22 0 2
5 9 8
13 15 3
8 11 4
21 23 4
6 9 10
16 19 4
0 3 2
9 13 4
11 14 8
21 0 1
19 21 4
10 13 1
16 18 9
17 19 9
8 12 2
18 22 7
16 17 7
7 10 8
10 14 10
18 21 3
14 19 3
22 1 2
19 22 6
22 23 5
0 3 7
4 7 9
4 8 2
11 15 4
7 11 3
11 15 4
1 4 6
7 11 3
16 18 5
23 2 6
7 10 1
9 12 1
8 11 7
15 18 6
15 19 5
9 11 8
2 6 9
8 11 7
19 22 1
13 16 5
16 20 5
9 10 6
22 0 1
18 22 7
10 14 7
22 1 4
0 3 3
6 9 3
5 8 5
16 19 8
22 2 3
23 3 5
1 3 1
6 10 3
2 3 2
3 6 4
15 18 6
19 23 6
16 19 2
14 18 10
3 4 8
17 19 8
15 18 1
5 6 2
10 12 5
10 13 2
13 16 10
0 1 1
8 10 2
10 13 2
0 3 1
18 19 4
7 9 6
23 2 6
17 18 3
7 10 4
13 15 4
17 20 5
16 20 5
9 11 2
4 8 6
0 4 4
14 17 1
11 15 8
16 19 8
21 0 3
23 2 2
9 12 6
16 22 6
3 6 7
11 15 9
13 16 4
23 2 10
12 13 7
17 21 4
4 7 6
4 7 9
22 22 3
22 0 7
11 14 9
22 2 9
22 2 7
7 9 10
8 12 7
5 9 6
23 2 6
21 0 7
19 22 4
7 11 1
18 20 9
20 23 5
17 22 7
21 23 4
8 12 8
11 13 6
6 9 2
11 15 8
5 7 4
15 16 6
1 5 3
23 2 6
10 11 6
0 4 6
19 23 10
19 23 7
17 22 10
10 15 1
11 15 8
3 6 9
17 20 7
6 8 6
7 11 8
2 6 5
11 14 8
19 22 9
7 8 3
10 12 6
13 15 8
23 2 1
23 2 9
20 0 3
18 20 4
13 16 6
13 16 5
20 23 10
16 19 5
