500 19
4 7 10 2 10 7 5 10 6 1 4 5 6 6 4 6 10 4 8 
2 6 18
9 15 15
6 9 4
19 0 14
1 4 4
0 2 2
4 7 5
22 2 9
20 1 7
12 12 18
15 17 18
15 18 16
3 6 5
4 9 17
8 12 9
15 19 16
22 23 17
16 19 14
10 13 1
13 18 5
14 17 17
11 15 8
8 12 10
0 2 10
13 17 2
0 4 12
7 11 18
22 0 1
8 10 12
8 8 8
21 1 8
13 15 3
16 19 14
4 6 9
0 0 5
10 13 6
19 23 19
11 14 9
11 13 4
3 7 10
10 12 18
4 7 9
20 0 3
9 10 10
8 11 10
15 18 11
21 0 9
6 8 2
12 14 15
4 5 2
22 1 7
13 15 18
16 18 7
2 4 18
4 7 2
5 6 7
7 11 3
8 11 9
10 14 7
23 2 12
19 22 4
17 21 14
17 19 19
21 1 14
6 9 8
15 20 15
2 5 17
20 22 7
15 19 9
7 10 3
18 21 12
10 13 4
4 6 4
11 14 17
7 10 18
0 4 1
12 16 7
21 1 3
0 3 1
21 0 2
9 11 15
5 9 2
1 4 2
1 5 5
5 9 7
11 14 8
20 23 2
23 2 6
1 4 17
21 23 18
1 3 4
5 7 9
18 21 1
4 7 13
8 13 19
2 5 12
20 22 19
21 23 1
3 6 19
3 7 12
16 20 19
12 15 10
11 12 17
1 4 16
10 13 12
17 19 15
18 20 3
4 9 10
5 8 8
3 5 15
11 13 12
22 3 11
10 14 1
15 19 3
20 22 13
22 1 19
4 6 18
0 2 5
2 5 3
23 1 6
2 5 19
1 6 14
22 2 6
15 18 3
8 10 11
12 15 13
21 1 16
7 11 8
0 3 15
22 0 2
2 4 2
15 17 19
22 0 17
12 16 4
21 1 6
15 18 19
19 22 4
4 8 11
4 9 9
14 18 10
10 12 9
0 4 9
12 14 11
2 6 15
21 23 14
22 1 11
0 3 14
5 8 3
8 11 1
2 5 18
1 4 5
4 8 6
1 6 17
20 23 11
20 22 1
14 14 10
10 13 5
2 4 16
3 7 12
12 14 16
18 22 4
18 21 13
18 22 6
5 9 8
4 7 14
21 1 10
9 12 14
0 3 14
14 16 2
5 8 10
10 15 3
21 1 9
12 16 11
23 0 3
4 7 1
3 5 14
9 10 1
23 2 13
6 8 16
7 10 18
16 21 16
22 2 8
8 11 16
5 8 5
17 21 7
19 21 9
4 8 18
0 2 13
7 13 11
3 6 13
4 6 5
15 18 8
19 22 13
22 23 9
15 18 18
13 16 13
17 21 1
1 5 13
10 13 5
20 23 19
0 2 12
13 17 3
21 23 12
3 6 14
12 15 16
9 11 13
17 18 6
15 20 19
2 4 16
10 13 2
23 1 8
20 22 9
3 7 11
1 4 13
17 18 15
15 19 10
5 7 11
3 5 3
13 17 4
13 17 2
17 21 11
17 21 2
12 14 16
13 16 10
15 19 1
6 9 17
6 9 15
18 20 15
3 7 19
19 23 17
2 6 18
5 8 16
10 12 6
21 2 17
7 10 12
17 20 6
23 1 14
19 23 11
11 14 16
15 18 2
4 6 12
10 13 15
23 0 12
3 6 19
18 21 7
18 23 8
6 9 10
16 21 1
23 1 6
16 18 1
9 13 7
13 15 8
0 3 9
19 21 18
4 8 1
14 15 13
5 6 7
20 22 5
5 7 17
16 18 7
21 23 15
2 4 1
4 8 7
1 4 7
6 8 8
10 12 16
16 19 11
16 19 2
5 8 10
10 12 11
13 14 1
16 19 16
8 10 14
4 6 3
19 22 14
18 21 5
7 11 2
6 10 4
5 9 17
14 16 19
16 19 14
16 19 8
3 7 14
1 3 8
19 21 2
1 5 6
16 19 5
1 4 5
5 7 4
10 13 12
3 6 18
3 5 13
4 8 10
15 17 9
23 0 15
17 19 17
23 3 9
5 9 5
9 14 16
19 22 16
15 17 6
0 4 8
16 20 4
1 3 12
23 2 7
10 12 4
12 18 18
20 23 19
16 18 17
12 16 9
21 23 19
19 0 19
15 16 16
18 22 17
22 3 16
11 13 9
4 7 15
16 19 13
0 3 15
4 7 7
9 11 19
11 15 3
9 12 1
23 2 3
5 8 6
11 14 5
5 7 5
18 22 16
10 14 7
13 17 17
0 3 7
7 10 14
7 13 9
17 20 13
6 9 18
17 20 10
4 9 11
18 21 5
17 21 2
23 3 16
17 20 6
13 15 18
10 11 16
2 4 10
2 6 10
6 10 1
15 21 9
16 19 19
0 4 2
13 15 1
21 1 17
11 12 5
1 4 18
9 12 18
5 7 12
6 9 11
3 7 17
14 17 12
2 6 5
21 0 11
23 2 2
2 5 6
6 8 7
16 17 10
6 7 11
19 22 9
17 20 16
5 8 16
0 3 2
8 10 10
1 4 17
17 20 2
17 20 2
0 3 7
16 19 19
12 15 3
11 14 9
17 21 12
1 4 17
16 18 13
8 10 6
14 15 11
8 10 6
4 5 7
11 14 13
19 23 19
11 15 13
18 22 7
19 21 7
22 2 14
13 17 13
1 4 17
18 22 14
8 12 1
22 2 15
15 19 7
12 15 7
14 16 18
5 8 9
15 18 8
8 11 6
7 12 2
18 21 18
13 16 1
12 14 17
7 11 18
19 23 3
17 20 1
16 18 10
14 16 9
1 4 6
19 21 17
23 3 11
15 17 3
22 0 1
6 9 10
11 15 4
13 15 4
6 10 15
2 4 4
12 15 4
13 15 10
4 8 14
3 5 19
19 21 7
16 17 17
21 23 18
20 23 15
21 0 11
4 6 14
15 19 16
11 12 10
23 2 5
9 13 2
15 18 5
23 0 7
8 12 12
7 11 19
5 7 3
4 5 5
6 9 5
2 5 14
8 10 18
5 7 14
10 12 18
21 1 5
19 21 7
5 6 18
12 16 3
16 20 13
21 23 8
9 13 10
7 10 12
16 18 5
0 3 15
7 9 6
0 2 11
8 11 5
1 5 11
0 3 18
18 20 19
12 15 6
17 21 7
0 2 14
13 17 11
15 17 13
19 22 2
12 16 5
20 0 14
16 20 19
16 19 11
23 3 14
6 9 1
8 9 2
2 5 3
15 18 6
5 8 7
16 17 10
6 10 6
17 20 7
16 19 3
20 23 4
12 15 12
17 20 7
0 2 7
17 20 17
2 6 11
16 18 3
5 7 15
17 19 19
13 17 18
1 3 12
16 18 1
21 0 10
1 3 8
18 23 11
5 8 3
11 17 3
23 2 5
22 2 7
