900 6
10 8 2 7 9 10 
14 18 4
12 14 1
21 1 4
14 17 3
17 19 3
13 16 4
7 9 5
11 14 3
22 2 1
0 3 6
18 22 2
22 0 6
11 13 4
11 14 2
23 2 5
15 18 3
22 0 4
17 20 1
2 6 2
3 6 2
5 8 4
10 13 2
17 19 5
2 6 4
16 18 2
15 19 5
10 14 2
6 10 5
7 10 5
16 19 3
21 23 6
6 9 6
16 18 6
16 21 4
9 11 2
9 12 2
15 19 5
22 1 4
16 20 1
2 6 3
17 20 4
14 17 1
7 11 5
12 15 6
19 19 5
11 14 1
17 19 6
19 22 3
1 4 4
22 23 6
15 16 6
5 10 5
2 5 5
13 18 2
9 12 5
1 5 6
22 2 3
17 20 4
4 7 3
8 11 5
13 16 3
23 2 5
23 1 4
10 12 5
19 23 4
21 0 4
9 12 1
14 17 6
17 22 4
9 13 3
18 22 3
21 0 1
18 20 2
4 6 4
10 14 2
12 15 4
23 1 6
20 22 4
19 0 3
22 2 1
23 2 5
0 3 6
22 3 1
10 14 4
11 14 3
23 4 3
8 10 4
11 14 1
14 14 3
21 0 3
10 14 3
4 8 6
11 15 3
1 2 4
16 19 2
22 2 2
20 21 5
12 13 1
19 22 6
9 13 1
0 2 6
11 15 4
14 17 2
9 12 6
1 4 5
14 16 4
13 15 5
20 23 2
13 17 6
16 20 3
16 19 6
3 7 6
22 1 3
12 16 2
21 2 6
3 6 3
19 20 5
21 1 3
19 22 5
17 19 5
13 14 5
7 9 1
3 6 5
17 19 6
17 19 4
7 8 2
8 12 6
10 13 5
7 11 2
9 13 2
12 16 6
8 11 6
15 18 2
16 19 6
7 11 3
19 23 1
18 21 6
23 3 3
2 5 2
6 9 5
13 16 1
12 15 5
14 20 4
9 10 1
15 18 1
7 9 1
4 5 4
4 7 4
16 18 3
21 23 3
20 0 5
14 17 2
5 10 1
14 17 2
11 14 4
8 11 5
0 4 3
1 4 4
6 9 6
22 3 4
12 15 3
22 0 5
16 19 6
9 11 5
4 7 3
12 15 5
11 14 6
2 4 6
9 12 2
17 19 6
14 19 4
15 18 2
7 11 2
8 10 4
9 12 6
18 20 4
17 20 4
13 17 6
6 8 1
18 22 5
19 22 1
18 20 5
2 4 1
14 18 6
8 11 4
10 13 6
10 12 1
0 3 6
6 8 5
8 10 3
7 8 3
16 18 4
13 18 4
10 15 5
3 5 1
2 5 4
13 15 1
14 16 6
15 17 3
22 22 3
7 10 5
13 17 5
14 18 4
0 2 4
9 10 3
12 15 5
4 9 2
12 14 4
21 23 1
14 16 5
23 2 1
16 18 2
2 4 6
14 19 5
15 17 2
19 23 2
18 20 2
23 3 5
16 17 4
18 19 3
12 17 3
5 8 5
3 7 1
23 3 3
4 6 3
20 0 3
10 13 5
16 18 4
11 12 5
15 18 2
11 15 4
2 4 6
16 19 4
10 13 1
14 16 3
15 17 6
1 5 4
8 11 6
1 4 1
15 18 6
10 12 1
3 6 1
9 12 5
21 0 2
9 11 1
15 17 4
23 1 3
23 4 6
11 14 5
18 21 5
17 21 4
15 17 5
13 16 2
20 22 4
13 15 2
20 0 1
5 9 6
20 23 3
0 1 5
1 4 2
9 12 5
7 9 2
5 7 6
7 11 2
16 18 3
12 13 1
2 6 2
3 5 6
0 4 6
14 16 6
22 2 6
9 13 5
3 5 2
9 11 6
16 18 6
0 3 2
3 8 1
5 9 6
1 3 5
10 12 6
21 1 2
14 17 4
3 5 2
6 9 4
3 8 3
0 4 5
14 15 3
0 3 4
0 3 4
0 1 6
9 11 2
3 6 2
20 22 3
12 14 3
23 3 6
12 15 6
21 0 5
12 14 5
5 10 5
23 1 4
20 22 5
8 12 6
13 17 4
21 23 4
7 12 1
21 1 4
11 13 4
4 7 5
23 3 6
0 4 6
2 7 4
23 2 6
20 0 4
20 0 6
4 6 6
4 6 2
17 21 1
23 1 1
14 17 3
21 0 3
0 3 5
4 7 3
22 0 5
22 1 6
13 16 1
18 21 6
12 15 3
16 20 2
22 22 5
3 6 3
17 19 6
10 12 2
15 19 6
5 8 6
13 16 3
2 5 3
4 7 4
19 22 4
5 8 5
12 16 5
18 21 3
12 14 6
8 11 5
3 6 1
7 11 1
5 7 1
17 22 2
16 19 4
8 12 3
21 0 5
9 13 5
18 21 2
11 15 2
9 13 6
0 3 3
7 10 6
20 23 4
9 12 6
11 14 5
11 15 4
12 15 4
18 22 5
6 10 1
12 16 2
2 5 4
14 18 5
11 14 5
10 12 4
13 16 5
7 12 3
7 10 5
18 20 4
6 9 1
3 6 5
16 19 5
11 14 5
0 5 4
13 16 6
21 1 5
13 16 4
1 6 4
20 23 2
22 1 5
9 11 6
0 3 2
7 11 2
1 3 3
12 16 5
0 4 4
2 5 6
5 8 3
22 2 1
11 13 1
17 22 1
3 6 5
18 22 4
3 6 6
0 1 2
6 9 3
20 22 1
14 17 2
20 22 2
10 14 1
20 0 1
20 0 3
17 20 4
12 15 4
12 16 3
5 6 2
11 16 6
0 3 3
13 15 4
13 15 3
15 18 3
9 10 2
15 17 6
23 2 6
7 9 6
12 15 6
1 3 6
10 13 1
17 19 3
21 0 4
18 22 3
18 22 3
19 22 1
8 12 5
6 8 4
15 19 5
2 7 2
12 15 1
6 10 4
4 8 2
0 4 6
10 13 1
9 13 1
1 5 5
10 13 3
13 16 4
5 7 5
2 6 6
17 19 2
19 0 6
5 7 2
13 16 2
16 18 1
11 15 3
19 23 4
11 15 6
2 4 3
6 8 6
3 6 4
8 13 2
2 5 6
14 17 2
0 3 6
9 12 4
13 15 2
4 5 5
14 17 2
9 11 2
15 17 6
4 7 6
5 8 5
16 19 1
1 4 4
6 9 6
11 12 4
12 14 1
11 15 6
3 6 5
3 8 6
21 23 1
3 6 4
2 3 1
21 2 3
18 21 6
20 23 4
7 9 6
19 23 5
9 12 3
17 20 6
4 7 3
23 2 3
5 7 5
21 0 5
7 10 2
2 3 4
12 14 5
16 18 3
4 7 2
9 12 5
22 0 2
23 2 2
6 7 2
15 18 1
4 7 1
17 21 4
0 2 2
22 1 5
8 10 3
0 4 2
5 8 1
20 1 5
20 23 4
8 11 3
10 13 4
12 16 2
20 22 2
5 8 4
1 2 6
0 3 3
0 2 6
5 8 3
3 5 1
23 4 5
3 5 5
21 0 2
15 17 6
18 21 2
8 12 2
9 11 4
6 9 4
5 7 5
3 7 1
5 8 2
17 20 6
8 12 5
12 14 4
22 1 1
6 9 4
1 4 2
13 16 5
15 17 3
7 10 1
9 13 6
6 10 2
17 20 4
8 12 1
8 9 3
7 10 4
21 0 5
6 9 2
10 13 1
13 17 1
20 0 5
6 10 6
14 16 4
2 5 4
22 3 3
10 15 6
13 16 6
2 6 4
5 7 5
3 7 4
8 8 3
23 0 5
8 12 5
0 4 1
4 7 1
21 0 4
15 19 3
18 22 5
12 15 6
11 14 2
13 15 6
4 6 5
8 11 3
0 2 2
19 21 6
10 13 4
12 15 3
20 21 5
11 14 5
13 17 5
8 11 6
15 18 2
23 1 5
9 12 2
4 8 5
22 3 6
2 4 6
22 2 5
20 1 3
2 7 3
15 17 6
7 10 5
4 7 1
3 7 6
7 10 2
21 23 5
22 2 6
17 20 6
22 2 2
17 19 3
2 4 3
12 16 2
20 21 2
5 7 4
18 20 5
14 16 5
11 13 4
8 12 2
2 6 4
19 22 2
7 11 3
23 2 5
15 18 5
8 11 3
19 21 4
15 17 5
11 14 4
21 23 3
11 14 5
4 7 5
10 13 3
6 10 3
10 13 4
2 4 4
14 19 3
23 2 4
12 15 1
21 23 2
3 6 1
17 18 6
2 5 1
3 5 6
4 8 2
1 4 6
23 2 1
9 12 6
16 18 6
1 4 1
17 20 1
13 15 3
9 12 3
10 14 3
6 10 3
2 5 6
9 11 5
0 4 5
2 5 1
12 15 3
4 8 3
16 20 1
16 19 2
18 23 2
14 18 6
2 4 3
14 16 5
4 6 5
16 19 5
15 19 5
5 7 4
10 13 6
2 6 1
4 6 3
5 7 6
10 13 3
16 20 6
17 21 2
15 19 5
20 23 1
3 7 3
19 21 1
2 4 5
5 9 2
21 2 5
9 14 3
14 16 4
8 11 2
17 21 5
4 7 4
1 4 6
4 6 4
11 14 6
15 17 6
13 16 2
10 14 4
7 10 6
14 18 4
10 15 1
0 0 1
4 6 5
17 21 5
6 9 4
15 19 1
9 12 3
0 4 2
9 13 5
4 8 6
17 19 1
14 17 6
10 13 5
19 23 5
8 10 4
22 0 6
19 23 6
10 13 2
1 5 3
13 15 2
2 4 1
18 20 5
13 16 2
5 8 2
0 5 6
10 12 3
6 9 3
22 0 3
6 10 5
22 0 2
4 7 5
3 5 2
19 22 6
23 1 1
9 9 4
0 5 6
15 19 1
7 10 2
1 4 6
10 14 2
13 14 6
4 6 1
7 10 1
1 2 5
5 7 2
4 6 3
8 13 6
8 11 6
18 23 4
10 13 5
12 15 3
9 11 2
3 7 4
7 11 4
5 8 6
23 1 6
3 5 5
16 19 2
23 2 2
15 18 3
1 4 2
16 19 6
22 1 1
19 23 3
2 5 3
17 21 3
14 15 4
17 21 1
5 7 6
17 20 4
23 3 4
12 16 6
21 1 1
23 2 1
14 18 6
0 4 2
1 5 3
0 4 1
3 6 4
10 15 1
15 19 1
13 17 2
3 6 3
22 0 4
16 20 1
15 17 1
2 6 5
22 1 6
9 13 3
11 12 4
17 20 3
3 7 1
13 16 4
21 23 3
5 7 2
6 11 4
11 15 5
21 22 1
11 13 2
3 6 1
1 3 3
13 15 3
16 19 5
16 20 3
12 14 6
7 8 6
4 6 2
23 2 3
20 22 1
22 23 3
2 7 1
11 12 2
7 11 1
4 8 5
12 16 2
15 16 6
13 16 1
19 22 1
0 4 6
4 6 3
14 17 3
16 19 5
19 21 1
21 23 6
11 14 1
9 11 4
20 0 5
21 1 5
11 14 4
14 17 1
18 21 2
7 11 5
7 11 5
15 19 5
1 3 2
16 19 3
5 7 3
13 17 5
14 17 1
22 0 3
14 17 2
12 15 5
9 13 3
9 13 6
17 20 3
13 16 4
12 16 4
7 10 5
21 1 4
3 5 5
7 10 5
18 22 1
3 6 1
10 14 1
6 9 2
19 23 6
0 2 4
4 6 3
20 0 6
2 5 2
19 21 5
0 2 4
11 13 3
8 11 5
3 5 6
22 2 5
19 21 4
13 16 1
13 16 1
23 3 1
13 16 2
9 11 1
3 6 5
19 23 5
17 19 5
9 11 2
12 15 1
16 20 1
14 17 6
21 22 1
9 11 2
12 16 3
16 19 5
19 22 1
15 17 1
8 12 4
19 21 1
20 23 5
23 3 1
11 16 3
21 1 1
14 17 2
20 23 6
13 16 1
7 11 4
15 18 4
20 23 6
9 13 4
14 17 5
3 7 2
13 17 1
7 11 6
19 23 2
2 4 5
20 1 1
16 19 4
5 7 1
8 12 5
9 13 2
13 16 1
21 1 6
16 18 1
23 4 1
14 19 1
22 0 1
22 2 2
4 6 4
13 16 2
8 12 4
