250 17
8 10 4 9 5 5 2 7 1 10 5 1 3 9 9 1 4 
13 15 17
17 21 4
2 5 17
5 7 16
1 6 13
5 7 11
3 5 15
22 1 16
9 12 5
9 12 3
4 8 5
8 11 4
2 4 15
14 17 9
5 8 10
16 19 8
14 16 2
0 3 9
14 17 12
15 20 4
18 20 13
10 13 3
13 15 3
23 2 3
5 10 3
0 3 15
12 16 5
10 12 2
22 1 12
9 12 5
6 10 2
1 4 8
23 3 9
1 6 1
18 21 14
19 22 11
0 3 15
5 8 15
16 19 14
3 5 14
15 18 3
23 3 3
6 8 2
19 23 2
16 20 10
11 14 14
4 8 5
6 9 9
7 10 15
2 5 9
2 5 8
12 15 2
12 15 11
13 16 8
22 3 14
12 15 14
20 23 6
12 14 6
12 16 9
5 8 4
14 16 6
7 10 7
8 12 4
10 13 14
15 19 17
13 17 12
1 4 15
8 11 2
1 7 14
18 21 16
2 5 14
0 1 12
14 18 14
13 15 11
6 9 5
20 0 15
10 14 5
15 18 14
11 15 10
10 12 16
2 6 4
4 8 17
21 23 14
4 8 9
3 6 16
20 22 3
21 0 13
8 11 5
20 20 6
11 14 9
17 20 4
9 14 10
20 23 11
5 9 9
6 10 10
12 15 12
13 16 10
17 21 16
11 12 11
16 18 4
0 2 17
10 12 13
19 21 6
23 0 2
21 1 10
1 3 15
23 3 14
7 9 12
13 18 2
7 9 14
2 7 11
10 13 5
1 2 5
1 5 8
20 1 2
20 23 6
0 3 16
4 6 12
6 9 12
20 0 15
23 1 4
4 7 10
15 18 17
20 22 3
12 15 4
12 15 6
19 22 16
20 23 16
5 7 13
8 10 2
3 4 16
7 11 17
12 16 1
2 5 17
13 17 11
6 10 2
8 11 1
3 7 10
13 16 4
3 5 2
22 1 12
6 8 12
13 16 6
10 12 3
7 10 4
16 18 10
18 20 16
6 10 4
7 10 16
16 19 5
7 10 12
14 18 13
10 13 17
10 12 13
10 14 16
4 7 1
4 7 14
16 20 4
12 13 4
9 13 3
17 19 17
22 2 12
15 17 13
2 4 15
0 4 3
3 5 3
6 10 5
5 9 8
2 5 4
15 19 2
12 15 4
8 9 13
12 16 7
6 9 17
10 12 14
16 18 5
12 15 12
18 20 16
18 21 5
8 13 12
13 15 7
22 1 1
18 23 11
2 5 5
21 23 4
15 17 5
17 21 11
16 18 7
9 11 6
7 8 3
23 2 3
22 2 10
13 17 3
13 16 9
4 8 9
5 8 13
0 3 5
13 16 12
23 1 13
22 3 2
3 7 4
7 10 10
8 10 16
20 23 1
11 14 5
19 22 8
18 22 6
17 20 11
14 18 7
20 21 14
17 19 11
9 11 16
13 17 14
3 6 7
8 10 3
19 22 8
7 10 5
12 16 5
1 6 2
11 14 9
4 7 17
23 2 1
19 21 7
4 8 15
14 17 15
21 1 17
12 15 1
5 8 8
6 8 16
9 11 14
9 10 3
0 2 8
19 22 8
16 20 4
1 5 6
7 10 8
1 3 7
18 21 4
19 22 1
1 4 16
20 23 13
19 22 9
16 19 8
5 7 9
13 15 17
6 10 16
2 5 17
7 9 13
0 2 17
20 0 15
