700 6
3 9 10 6 5 10 
12 16 6
0 4 1
0 3 2
4 9 4
13 15 1
9 10 4
20 23 2
19 21 2
10 12 4
9 13 3
4 6 4
15 17 4
12 15 5
13 17 4
16 20 5
21 23 4
7 9 4
15 17 4
8 11 3
22 0 6
5 9 4
10 13 5
17 21 2
20 0 5
13 16 1
0 3 4
22 2 6
18 22 6
13 14 1
2 6 2
17 19 3
14 17 6
20 23 6
10 14 4
10 14 3
10 13 1
5 6 2
22 2 4
11 14 4
18 20 2
12 16 1
11 14 3
1 4 1
21 0 5
8 9 5
13 17 1
15 16 2
15 18 4
10 13 2
5 8 4
7 11 3
6 8 4
16 19 1
5 9 4
21 1 6
3 6 6
1 4 2
20 23 3
4 8 3
12 15 5
10 13 1
0 4 1
14 17 2
11 12 1
0 4 4
20 22 5
2 6 5
22 2 4
3 6 3
9 10 4
16 21 6
6 9 5
9 11 6
23 4 2
21 23 2
11 15 3
18 20 1
6 10 5
14 17 3
18 20 2
3 7 3
5 6 3
3 7 1
1 4 3
13 17 1
8 12 1
3 4 3
13 16 4
17 20 2
17 21 4
9 13 3
12 14 4
22 1 6
10 14 4
19 22 3
14 18 6
16 19 5
21 23 6
21 23 3
21 1 6
14 17 5
19 23 4
18 23 6
13 17 4
4 6 6
6 9 1
20 0 3
20 23 4
7 8 1
14 17 6
3 6 6
17 19 1
6 8 4
0 3 5
11 15 3
23 1 3
4 8 6
11 14 3
10 12 1
15 18 3
0 2 6
1 3 6
5 9 3
4 7 3
7 10 4
2 4 5
8 10 5
16 19 2
23 1 5
19 22 4
14 17 2
16 20 2
2 4 4
9 11 1
23 2 4
8 10 4
9 12 5
2 3 5
22 2 6
13 17 1
21 23 4
9 12 6
12 14 1
2 7 1
6 8 2
20 1 6
7 12 1
3 6 1
9 12 1
19 21 6
9 10 3
2 5 2
14 18 5
9 11 5
2 5 3
7 10 3
15 16 5
13 17 3
20 22 6
6 9 5
22 1 3
19 22 5
2 5 1
1 4 2
10 13 1
17 20 6
21 0 1
16 19 6
23 0 1
15 19 5
13 16 3
8 12 3
12 16 1
7 10 1
6 8 6
8 11 1
11 16 4
7 10 5
13 17 2
22 1 3
22 2 2
7 9 5
9 13 2
2 3 3
19 23 1
20 23 3
18 22 5
19 0 5
23 1 6
10 13 1
10 13 6
5 8 5
13 15 6
13 18 5
17 20 5
23 2 4
4 6 1
1 5 1
2 5 2
10 12 4
0 1 2
23 1 1
18 21 1
6 10 1
12 17 5
10 14 6
11 14 2
14 17 5
23 3 4
14 17 5
14 18 4
18 20 3
13 14 4
22 1 6
21 0 2
8 11 4
4 9 3
19 21 1
13 17 4
18 22 6
23 2 4
3 6 6
16 20 5
8 11 5
8 10 3
2 3 1
17 17 2
21 1 4
20 23 1
18 22 2
2 5 1
18 21 6
20 23 3
16 18 4
7 11 2
19 21 2
11 15 4
2 5 5
16 19 5
1 4 3
5 9 4
18 22 5
10 13 2
22 2 4
18 20 6
18 20 6
4 6 1
12 13 1
10 14 2
17 19 1
18 21 3
23 2 2
1 4 2
22 2 4
7 9 3
7 10 4
17 20 1
6 10 6
5 8 2
12 15 3
10 13 5
2 6 1
17 20 6
0 4 1
13 18 2
20 22 6
19 23 3
1 5 2
6 8 1
3 6 4
7 9 1
5 7 5
8 11 4
14 18 4
14 17 2
13 15 1
16 19 4
8 12 3
6 8 6
10 14 2
15 19 2
19 23 4
22 1 2
21 1 5
9 10 6
8 13 5
3 5 3
0 2 2
19 22 3
15 18 2
6 10 6
16 19 2
6 9 5
22 2 4
10 14 1
16 18 5
13 17 4
4 10 1
12 16 2
12 16 1
0 5 3
14 18 5
23 1 4
7 12 3
5 8 6
15 19 1
0 3 5
20 0 1
5 7 3
11 14 1
11 14 6
18 21 4
18 20 4
9 13 3
0 3 3
13 17 1
5 9 2
3 7 1
10 12 5
21 1 2
15 17 3
21 22 6
11 13 2
9 14 4
9 11 2
21 23 1
22 1 5
6 9 2
16 18 3
7 10 2
8 14 4
21 1 6
9 12 5
5 9 4
1 4 1
22 1 3
22 1 3
13 16 5
17 19 3
22 0 1
1 3 2
8 12 3
16 21 1
6 10 5
15 18 6
16 18 6
1 2 5
21 23 5
1 3 5
9 12 2
15 18 5
3 7 1
0 3 5
7 9 2
19 22 2
14 17 6
22 1 4
22 2 6
5 8 5
12 16 1
23 3 5
15 17 3
11 16 6
21 0 5
6 9 6
14 16 1
6 8 2
4 9 3
2 5 3
20 23 4
22 0 1
22 1 4
9 12 6
23 1 1
6 9 1
11 13 2
0 3 4
2 4 2
9 11 4
20 0 3
13 18 5
2 7 3
4 7 4
3 6 6
2 5 5
18 23 3
18 20 3
15 18 6
4 8 3
6 8 6
2 5 2
14 18 3
15 21 6
20 0 4
10 15 4
16 19 3
18 21 1
10 14 3
11 14 2
0 3 5
0 2 3
0 3 2
8 12 3
9 11 1
10 13 2
13 17 4
9 13 1
1 3 4
14 17 1
22 1 6
21 0 3
15 17 2
13 16 2
18 22 1
17 21 6
16 20 4
5 8 4
21 1 5
1 6 4
17 21 1
19 22 4
14 17 5
19 21 6
11 12 4
1 5 1
4 8 3
16 18 2
18 21 6
21 1 3
17 19 1
4 8 5
20 23 2
12 15 1
5 8 5
9 10 5
14 17 1
8 11 1
4 7 4
6 10 6
23 2 1
13 15 5
5 8 4
9 12 1
19 22 1
12 16 6
13 16 3
17 20 1
14 18 5
20 23 5
11 14 6
6 10 1
14 15 6
17 19 1
2 6 4
20 23 6
13 16 4
20 23 1
16 21 2
8 13 3
7 12 6
2 4 2
14 18 2
23 2 6
11 16 2
16 18 2
21 1 4
8 10 1
2 5 2
20 0 2
11 15 2
9 13 3
22 0 1
16 19 6
18 20 6
0 3 4
2 8 4
21 0 4
23 3 6
2 4 5
10 12 5
16 20 2
5 8 4
3 6 2
10 14 3
1 4 4
20 0 2
0 4 3
5 8 3
0 3 1
5 9 6
10 12 6
6 9 5
2 5 1
22 2 5
9 12 6
18 22 4
15 19 3
19 21 3
21 0 5
20 23 5
4 7 3
10 13 6
18 21 5
15 19 5
20 22 5
4 6 2
12 15 4
12 14 6
6 10 5
8 10 5
12 15 1
15 16 2
10 13 5
21 2 6
16 20 5
2 3 1
6 10 3
8 10 6
16 17 6
17 21 1
4 7 5
7 11 1
1 3 6
2 5 1
10 12 4
16 20 6
19 0 1
11 13 2
19 23 4
21 23 3
7 9 2
6 9 5
18 22 6
23 3 6
9 13 6
19 22 5
22 2 1
22 1 1
10 14 2
18 21 6
7 8 1
6 9 2
16 19 1
0 2 6
7 11 4
19 20 6
15 19 4
9 13 2
15 18 5
18 20 4
0 5 6
0 2 2
10 12 3
20 22 5
13 16 6
21 0 3
7 10 5
12 14 5
2 5 6
11 13 1
8 10 3
8 9 2
23 3 5
21 0 3
4 8 2
18 20 6
7 10 4
18 21 3
22 0 6
16 18 6
12 16 3
7 11 6
21 23 2
6 8 2
9 13 4
10 10 1
3 5 3
1 4 6
9 11 4
22 1 5
3 7 2
7 10 3
13 17 6
15 18 2
13 15 2
11 14 6
22 2 2
15 17 5
17 19 2
22 1 2
8 12 5
10 13 4
18 21 5
17 19 1
10 12 1
4 8 3
12 16 4
8 9 6
18 22 5
15 18 2
23 1 5
22 0 5
12 18 4
10 12 2
18 23 6
19 0 3
4 9 4
9 12 1
22 0 2
21 1 5
16 17 3
10 15 6
19 21 4
12 15 3
2 6 4
8 9 5
16 17 5
14 17 3
18 21 5
3 6 2
8 11 3
21 0 6
3 7 6
6 9 1
19 22 3
1 6 3
7 9 4
1 3 2
22 2 2
21 0 5
3 7 3
0 4 3
17 21 3
13 14 1
1 3 5
17 19 5
5 7 5
4 8 1
11 15 2
22 1 4
18 21 4
8 10 2
5 9 3
16 20 3
0 1 1
20 0 1
10 11 6
5 8 2
16 18 5
10 14 6
18 21 6
19 22 2
19 21 1
12 14 5
14 17 3
6 10 3
13 16 3
19 21 4
11 14 5
21 0 2
0 2 4
9 13 2
23 0 3
9 13 5
18 22 3
21 0 6
9 13 4
23 3 6
0 5 6
7 10 6
6 9 5
15 19 4
22 0 1
16 20 2
18 23 2
14 19 6
12 16 5
10 14 4
22 0 4
17 19 3
21 23 5
1 5 2
12 16 6
19 20 4
15 17 2
11 14 5
18 22 6
18 22 1
19 22 4
22 23 6
22 0 3
22 1 4
19 0 6
20 23 5
12 14 1
2 6 4
12 17 5
14 17 5
12 16 3
6 9 3
