600 8
1 6 2 6 10 10 10 2 
18 22 7
17 19 7
13 16 3
21 0 8
7 10 7
3 6 7
3 5 3
2 5 2
1 4 5
4 7 7
6 10 7
23 1 2
15 18 3
8 11 4
6 10 5
21 1 5
20 0 2
0 4 6
9 13 4
1 3 6
21 1 4
15 17 1
9 14 7
7 9 1
19 23 2
11 16 1
13 17 8
5 8 3
21 1 4
10 13 8
4 7 5
16 19 8
23 1 7
2 5 8
12 14 3
1 5 4
17 20 7
4 9 6
22 23 3
17 21 2
16 17 7
13 15 6
5 7 6
19 22 6
23 1 3
22 2 1
3 8 4
0 4 6
17 20 3
2 3 5
18 21 3
19 23 5
13 17 3
5 9 3
4 7 2
4 7 7
12 16 4
1 4 7
3 6 2
4 8 7
22 0 6
4 9 7
14 16 5
2 4 4
5 9 2
0 4 2
1 1 4
0 4 1
11 13 8
16 18 8
9 11 7
5 8 7
20 1 1
18 23 7
10 13 7
2 5 4
20 0 3
0 4 2
14 16 1
15 18 5
20 0 5
15 18 1
19 22 4
11 15 6
17 20 8
1 3 6
19 0 4
16 18 5
0 4 8
5 8 5
4 8 4
11 13 6
1 2 3
19 22 1
6 9 1
11 14 4
21 1 7
9 13 3
0 4 4
12 15 4
0 2 3
20 23 2
9 14 1
19 21 3
9 12 8
4 7 7
6 9 3
19 23 1
1 4 6
21 2 2
8 11 1
18 20 5
22 1 6
9 12 6
14 17 2
18 21 2
17 21 8
14 17 5
21 1 4
5 9 7
9 13 4
20 1 3
20 23 6
6 8 1
7 12 1
10 13 3
5 8 4
11 16 2
5 6 3
13 14 7
18 21 8
22 0 7
21 23 3
20 23 7
19 23 2
2 5 4
12 18 1
9 11 7
12 15 3
2 5 1
5 5 8
16 19 7
9 13 8
19 22 4
20 22 2
7 10 6
16 18 8
16 20 1
9 12 3
20 22 5
7 10 1
7 10 5
8 12 4
3 7 4
15 19 6
3 6 6
5 9 2
4 7 3
7 11 8
0 3 4
11 14 5
14 17 1
12 16 3
16 19 3
15 17 7
0 3 1
7 9 8
16 21 1
14 16 7
15 17 7
13 15 1
3 8 7
5 8 4
5 6 1
5 8 6
20 22 2
6 9 7
23 4 4
5 7 2
7 10 1
10 13 1
2 4 8
23 1 6
3 5 3
21 23 5
4 6 7
21 0 6
2 5 7
9 13 2
21 0 4
14 17 7
23 4 3
3 6 6
12 15 5
21 0 6
20 23 7
17 20 7
11 14 8
0 3 6
5 8 3
23 3 7
23 1 8
14 17 8
20 23 8
20 22 3
6 9 2
3 4 4
7 10 3
10 12 1
11 15 3
12 15 1
18 20 5
11 13 5
18 22 6
15 21 4
0 3 1
6 10 2
6 9 6
18 21 6
8 11 8
13 18 7
23 3 2
15 19 4
16 19 8
13 16 5
8 10 7
0 3 1
10 12 6
3 6 5
5 8 6
14 17 7
8 11 5
21 2 4
19 22 4
3 4 2
11 14 6
17 21 1
22 1 4
11 14 5
1 5 5
23 3 1
21 0 4
5 8 1
5 7 8
14 16 5
20 22 2
17 21 4
3 5 8
16 20 6
16 18 2
0 3 6
1 5 8
8 9 7
22 2 3
7 9 4
21 1 3
22 2 4
0 2 4
10 13 8
14 17 6
16 19 5
20 22 4
17 22 2
21 22 4
14 17 4
20 23 2
14 17 5
5 8 2
1 5 4
12 15 3
8 12 7
12 14 7
0 2 6
10 14 2
15 18 8
23 2 1
8 12 4
10 14 2
0 4 5
19 22 2
22 1 2
21 1 2
18 20 6
7 11 3
20 23 7
19 0 1
13 17 8
11 15 2
13 16 5
18 20 3
6 8 6
10 14 1
21 0 5
5 7 6
12 15 3
21 0 6
6 9 7
14 19 7
21 1 7
21 1 8
15 17 1
21 23 8
10 12 3
8 10 7
2 5 6
19 22 3
22 3 6
1 3 6
6 8 8
18 22 2
19 21 3
21 2 7
4 7 5
3 7 5
15 17 2
10 14 1
0 4 4
11 15 4
11 15 4
23 3 8
10 14 3
23 3 5
19 21 5
20 23 2
8 11 8
23 0 2
10 14 2
13 15 3
14 17 2
0 3 5
18 22 5
23 2 8
18 21 6
12 14 3
20 22 2
17 19 1
9 11 6
10 14 8
18 20 5
7 9 8
19 22 8
11 13 1
22 1 4
0 3 7
12 16 8
21 23 1
0 3 4
9 12 5
0 4 2
18 22 8
10 14 3
11 12 7
9 11 6
22 0 3
10 13 3
17 20 6
14 19 7
7 11 6
21 1 1
14 18 6
3 6 2
15 20 2
19 21 5
3 6 3
16 19 5
2 5 1
12 17 2
4 8 8
1 4 3
1 2 3
12 15 8
4 9 2
16 17 8
17 21 8
14 16 2
19 22 5
9 13 2
3 8 4
23 3 4
23 3 6
16 19 6
2 4 4
15 17 1
12 14 4
3 5 5
18 22 7
19 23 1
14 17 1
15 17 2
2 7 1
1 3 8
17 21 2
11 16 1
0 3 3
23 2 7
2 5 5
8 10 4
0 3 3
4 7 8
1 6 5
5 7 5
18 20 2
21 0 8
13 16 7
3 6 5
11 14 8
17 22 6
21 22 5
14 16 5
9 13 6
8 11 5
2 5 7
23 3 2
9 11 6
1 2 7
5 6 7
16 21 5
15 18 2
21 23 2
1 4 6
23 0 4
11 14 2
18 21 4
0 2 7
4 7 6
21 0 6
21 1 5
11 14 5
21 2 1
2 5 6
8 9 8
21 2 6
6 8 6
22 2 8
3 7 8
20 0 2
12 17 8
22 1 7
18 20 4
12 17 8
13 17 2
16 19 3
0 4 7
22 1 7
7 9 2
6 7 3
16 18 8
19 22 4
12 14 3
11 14 6
0 2 8
14 16 3
4 5 2
9 12 5
16 18 4
16 18 6
23 1 2
8 11 2
14 17 2
23 2 8
2 8 2
20 22 3
6 8 1
22 1 8
13 18 5
9 12 4
14 18 5
12 14 1
5 8 8
0 3 4
15 19 2
8 11 1
4 6 5
5 7 4
16 20 4
11 14 8
13 14 6
15 19 2
4 7 1
13 16 5
3 7 2
21 23 1
23 1 8
23 1 5
20 1 6
4 8 8
2 6 2
0 2 6
6 8 5
22 1 6
3 7 5
23 2 6
5 9 8
3 5 8
12 14 8
21 0 3
10 13 6
5 8 4
2 5 7
14 16 5
7 10 6
5 6 5
7 9 8
22 3 5
22 1 7
13 18 2
20 22 3
5 8 5
4 7 2
22 1 1
21 0 7
14 17 2
12 15 5
20 23 4
2 5 7
18 20 3
18 19 3
10 13 4
19 21 1
22 1 8
16 18 6
3 5 2
16 19 8
13 16 6
23 1 8
22 2 6
10 13 6
0 3 7
20 22 1
4 8 1
16 19 3
11 14 1
3 7 6
1 2 6
13 17 6
8 12 8
4 6 3
14 17 4
10 12 6
12 15 5
11 14 8
5 10 8
21 0 8
15 19 1
9 12 3
5 8 3
2 4 5
2 5 2
22 1 3
14 18 7
12 16 5
10 12 5
6 9 4
12 14 8
2 4 8
10 13 3
10 13 3
3 7 1
10 13 1
4 7 4
18 20 1
2 4 2
12 15 6
13 17 8
22 1 1
2 4 2
8 13 2
12 14 5
9 11 6
4 6 5
0 2 6
16 18 7
2 6 4
19 23 7
9 13 6
17 20 6
4 5 1
9 12 5
9 13 4
23 2 5
7 7 8
1 3 3
19 22 6
6 8 7
21 0 7
4 8 1
17 18 3
18 20 3
9 11 4
19 21 7
5 7 8
9 11 7
16 18 6
22 2 3
23 1 1
20 1 2
1 4 4
13 17 2
3 5 4
17 19 1
