350 13
1 9 1 1 8 7 2 5 6 3 2 6 9 
21 0 13
21 0 10
19 23 11
23 2 2
19 20 13
15 20 11
7 9 8
22 1 6
1 6 8
19 0 11
6 9 12
0 4 11
20 0 5
13 17 7
15 20 9
21 0 10
16 20 5
12 15 8
0 2 10
8 12 7
6 9 9
15 19 13
21 0 10
2 6 11
21 0 10
5 7 3
12 15 5
14 17 2
5 9 8
20 23 7
1 5 6
0 3 10
20 23 3
16 18 12
21 22 7
0 3 6
21 0 10
6 6 5
11 15 6
18 21 11
9 11 5
9 12 12
5 9 7
22 23 10
4 8 10
15 17 10
4 8 4
13 19 1
2 7 6
16 19 2
19 21 5
14 15 9
18 23 3
5 8 12
5 8 10
21 23 5
4 8 6
2 5 5
22 2 9
12 15 9
9 12 9
22 3 5
14 19 5
0 2 6
7 9 2
15 17 5
7 9 4
14 16 13
1 3 13
4 8 13
4 6 5
18 23 1
8 10 1
17 20 13
17 19 3
17 21 12
22 2 11
15 19 6
6 9 12
20 23 13
4 6 4
9 12 1
0 3 1
6 9 3
5 8 8
2 5 5
19 23 7
2 7 5
17 20 2
6 9 3
21 23 7
12 14 3
12 15 3
18 20 9
6 9 11
6 10 7
3 7 4
17 20 2
0 3 11
7 9 10
21 23 12
16 18 8
16 19 8
11 14 9
17 20 5
11 17 12
2 6 12
19 0 10
17 20 9
11 13 1
20 0 8
1 4 12
21 0 9
1 4 12
12 15 2
21 2 1
21 1 13
9 12 10
15 17 4
4 7 9
23 3 7
8 12 12
11 14 2
18 23 5
21 0 5
8 11 9
1 4 2
7 9 10
2 6 3
14 17 10
10 13 5
13 18 6
7 10 6
7 10 4
14 18 2
22 0 1
17 19 4
4 8 3
14 19 6
0 3 6
20 23 7
6 9 11
18 19 12
14 18 4
17 21 13
19 0 5
12 14 5
23 1 2
5 8 12
12 16 10
9 11 12
10 11 9
5 8 2
19 20 4
2 5 7
20 0 2
17 22 8
10 13 5
21 1 11
15 19 3
21 1 5
1 6 4
9 14 8
20 23 6
12 17 10
9 11 11
11 13 4
10 14 4
21 0 10
19 0 5
22 1 1
17 20 2
8 11 1
13 17 3
8 10 10
2 4 8
21 23 9
5 6 9
14 18 1
22 1 11
14 16 11
11 15 5
1 4 11
20 23 4
11 14 10
5 8 3
19 0 4
9 13 3
2 4 9
22 23 3
9 12 4
18 21 6
0 3 5
17 18 3
6 8 5
10 16 10
19 23 12
9 12 11
16 19 5
22 1 4
7 11 13
17 19 6
11 15 2
7 10 8
11 15 3
23 2 13
21 0 8
11 15 6
1 3 9
10 14 2
0 3 4
18 21 6
23 2 5
12 15 8
16 20 13
13 16 5
18 20 11
0 4 8
18 22 6
20 0 4
23 2 9
23 1 10
20 23 5
14 18 2
12 15 11
11 15 2
2 6 2
9 12 4
16 18 9
13 15 2
3 5 9
16 19 8
4 8 7
11 15 12
2 6 2
7 10 10
16 20 11
16 20 8
0 2 13
5 9 4
19 22 13
17 19 2
13 17 5
1 3 8
6 9 8
8 11 7
22 0 6
17 19 11
9 13 5
23 2 9
13 15 9
16 18 3
0 2 9
6 9 10
16 18 4
6 11 2
17 20 3
15 18 11
15 19 11
19 22 3
20 22 5
13 17 11
13 16 11
18 22 13
12 15 7
0 1 3
11 13 11
20 1 6
14 18 10
12 15 5
9 11 10
3 6 2
22 1 13
19 21 9
1 4 7
10 13 3
11 13 1
11 12 12
14 16 11
5 9 12
7 8 2
1 6 8
1 4 5
21 1 2
20 0 8
16 19 2
8 13 5
7 10 5
9 12 6
6 9 3
3 8 13
7 9 5
15 19 9
19 21 8
2 4 4
7 11 1
13 17 10
1 5 10
5 6 1
10 13 9
11 15 5
2 5 4
7 10 6
6 8 7
4 7 5
13 17 11
16 18 8
3 6 5
13 15 10
17 19 4
22 2 13
17 20 12
2 4 1
7 7 9
17 21 11
14 16 3
7 9 12
4 6 10
23 3 6
6 8 7
1 4 1
4 8 3
13 15 6
14 17 4
23 4 13
21 1 12
5 8 1
3 6 8
3 3 5
12 17 10
15 17 11
19 21 1
2 4 12
17 20 1
23 2 1
23 2 13
10 13 2
23 3 8
6 11 9
11 16 3
11 14 6
12 15 7
19 21 3
18 22 9
7 11 10
17 19 10
5 7 1
21 0 1
2 5 6
8 12 13
