2650 14
1 8 3 8 10 4 1 8 3 3 6 4 6 6 
14 17 9
11 14 12
0 2 2
5 9 11
15 18 4
13 17 4
21 1 7
0 2 10
20 23 14
9 12 11
11 11 8
8 10 14
6 8 8
9 11 3
0 2 4
9 12 3
10 12 2
3 6 5
15 16 1
19 23 2
8 12 8
12 16 3
15 18 5
23 2 9
1 3 7
2 5 9
21 1 12
15 19 7
23 1 11
1 3 7
20 23 4
4 6 12
21 23 9
9 13 12
11 15 12
21 22 4
22 2 3
2 4 4
15 19 7
18 20 14
14 17 5
13 15 3
1 1 6
12 14 3
20 21 8
16 18 5
20 23 10
20 23 2
7 9 13
23 1 14
5 8 12
14 17 11
5 8 8
7 9 3
1 3 8
11 15 6
3 5 10
13 15 10
21 0 9
4 6 9
8 12 11
12 15 14
12 17 2
10 14 10
3 7 14
0 3 6
2 4 7
4 7 5
15 18 4
11 15 1
17 21 6
6 9 4
10 13 8
8 10 8
2 6 14
19 21 9
21 0 14
19 22 6
20 23 11
7 9 1
17 20 10
13 16 14
3 7 14
2 6 7
21 0 14
15 18 9
3 4 9
9 10 5
1 3 10
11 14 6
5 9 10
4 9 3
8 13 10
7 8 11
17 22 9
3 7 9
14 17 12
22 1 14
12 14 12
21 1 7
2 5 3
5 8 13
10 13 6
0 4 3
10 11 7
20 0 1
16 19 1
22 2 14
10 14 3
8 11 1
9 11 11
2 5 10
11 15 12
0 3 6
10 13 10
5 9 6
13 16 7
22 2 12
18 21 4
4 8 10
16 18 6
22 0 4
10 13 1
8 11 13
18 21 11
15 19 4
22 1 4
17 22 5
16 19 14
16 19 12
16 20 14
3 4 10
13 16 7
9 13 11
2 5 7
15 18 4
5 8 5
0 4 6
18 22 1
17 19 13
13 17 5
3 7 10
17 21 1
15 19 13
8 12 2
3 7 8
8 12 7
23 3 11
18 22 9
16 20 5
10 13 13
2 6 1
2 4 5
0 4 9
11 15 3
13 14 1
18 21 8
13 15 5
8 12 14
8 11 7
16 18 12
0 3 11
0 2 3
0 3 2
22 1 8
20 23 12
15 19 7
8 13 1
1 3 4
13 13 1
22 3 7
3 5 10
7 9 12
4 6 13
4 7 1
8 10 3
17 20 5
4 8 14
12 16 6
11 13 5
12 16 1
20 23 3
11 15 7
3 7 5
0 4 1
14 16 3
11 13 5
3 7 4
4 7 6
20 0 12
23 2 9
16 19 4
17 19 11
7 11 14
20 22 3
6 9 3
23 2 5
22 1 7
23 1 9
9 12 1
17 20 1
9 12 1
20 22 9
16 19 1
22 1 3
17 21 9
5 6 3
5 7 3
0 3 2
8 13 9
12 16 5
19 21 4
10 13 8
6 11 2
4 7 8
0 2 8
22 0 1
3 7 8
1 3 13
9 12 12
10 12 10
7 9 11
15 18 4
8 9 11
20 23 6
17 22 10
14 18 5
4 7 7
23 2 10
15 18 1
3 6 3
18 20 8
0 1 9
4 8 14
20 23 12
22 0 12
4 7 6
13 17 2
16 18 4
4 6 5
19 22 4
9 13 3
19 22 9
15 18 4
22 1 10
7 11 9
1 5 4
23 2 4
23 2 4
3 8 5
13 15 13
3 8 4
15 19 8
20 23 1
22 0 1
10 14 7
23 2 10
5 7 1
0 3 12
17 22 12
11 14 13
8 10 5
1 4 5
14 17 5
16 17 6
2 6 10
21 0 8
2 5 9
20 23 5
9 12 10
15 18 7
15 19 14
0 4 5
10 14 2
18 20 9
3 6 1
1 4 8
9 11 13
18 22 7
13 16 7
0 3 7
1 5 4
19 22 7
12 13 11
2 5 14
18 21 11
8 11 12
21 0 3
2 4 2
22 2 12
7 10 3
20 23 4
22 1 5
10 14 9
17 22 5
22 2 10
1 3 2
19 23 7
7 10 10
16 20 11
7 11 6
12 14 12
10 14 10
6 9 6
21 23 2
14 16 7
15 17 11
2 5 6
5 8 3
1 4 2
17 20 12
23 1 13
16 19 12
9 12 9
11 14 11
4 8 1
4 9 9
23 1 3
8 11 11
8 12 10
19 21 2
5 8 5
5 8 5
18 22 10
10 14 1
17 21 3
23 1 10
13 16 8
16 20 3
23 1 1
8 13 7
14 17 10
9 12 6
18 21 13
16 19 13
5 7 7
23 2 13
22 23 10
20 0 10
8 13 13
6 7 9
19 20 13
16 18 8
15 16 14
23 1 14
19 22 8
10 13 14
4 9 3
9 11 1
10 12 2
22 1 2
2 5 4
16 18 11
16 19 2
2 6 8
6 8 6
22 2 4
3 5 3
8 9 7
9 10 5
1 4 3
23 3 7
15 17 6
10 13 7
20 23 11
9 12 12
15 19 14
4 7 12
13 17 2
17 21 5
13 15 3
23 2 7
17 20 9
1 3 8
9 11 12
11 13 8
17 22 6
1 4 4
5 10 6
21 1 8
6 10 9
21 2 11
1 5 12
17 18 12
6 7 7
8 10 8
19 23 14
11 14 4
8 11 11
4 6 3
11 13 2
2 6 6
20 0 13
12 14 1
16 18 5
23 2 11
17 20 7
8 11 5
14 17 7
19 23 12
15 19 3
12 15 7
4 7 11
11 15 2
1 3 3
20 22 5
3 5 5
15 18 7
21 22 13
14 17 4
1 5 11
3 7 10
22 1 1
16 18 4
10 13 4
21 0 8
6 7 2
15 19 11
13 15 13
13 16 4
18 22 4
12 14 4
22 1 4
5 9 11
12 15 1
22 0 12
13 16 9
0 5 6
6 9 2
20 23 9
17 20 8
6 9 4
10 13 10
11 14 3
2 7 14
5 7 3
17 19 11
1 2 8
13 18 1
2 6 12
21 0 6
16 20 4
5 7 12
13 15 5
14 17 4
3 7 8
6 10 7
6 8 7
17 20 10
10 12 5
16 21 1
16 19 1
7 10 10
17 19 6
11 15 7
0 4 7
7 9 3
22 1 14
6 9 11
12 14 3
22 0 3
15 17 6
5 8 5
11 13 9
0 2 10
11 15 13
8 12 10
19 23 4
21 0 9
13 17 11
4 6 6
8 12 1
13 16 14
0 3 3
10 14 2
2 5 5
22 0 1
23 4 12
1 3 10
8 10 9
19 22 12
5 7 12
3 7 1
0 3 14
3 5 6
1 3 4
7 10 5
4 7 14
6 10 13
13 15 4
14 17 13
22 0 2
9 13 7
18 22 2
21 0 5
4 7 2
13 17 10
10 15 10
3 8 7
9 12 8
21 2 5
23 1 8
20 23 3
23 3 10
23 2 9
19 20 2
6 9 6
3 6 4
0 3 5
12 15 7
2 3 11
20 23 7
11 14 4
19 22 10
15 18 14
5 6 4
16 19 11
5 7 1
10 11 11
21 0 13
2 4 2
12 14 4
14 17 11
23 3 3
17 20 5
5 10 7
16 18 13
0 2 11
1 4 4
6 10 4
17 22 3
3 5 14
13 16 11
20 1 8
15 16 7
0 3 4
3 7 6
23 2 13
20 23 13
21 1 11
20 22 14
6 8 9
13 15 8
6 8 10
20 22 13
14 17 6
0 3 4
19 22 2
23 2 10
20 23 13
2 6 3
22 2 9
4 6 8
20 23 14
13 18 12
1 3 1
3 7 11
6 9 10
5 8 8
23 1 9
10 11 14
15 18 11
11 14 1
15 18 7
23 3 2
2 4 8
3 6 4
6 9 6
14 18 5
6 9 7
12 15 5
11 13 2
19 23 12
16 18 8
15 16 12
20 1 12
20 23 4
0 4 7
18 21 12
21 1 13
10 13 6
15 19 12
18 20 11
12 16 11
20 22 7
7 10 10
9 11 12
6 10 2
5 7 11
8 12 6
21 0 1
12 16 13
19 22 8
2 3 6
4 7 11
5 8 5
22 2 10
12 16 9
7 12 1
12 15 11
11 13 4
12 15 5
1 6 5
0 2 5
11 13 9
5 8 9
22 1 2
23 3 3
23 2 14
2 4 1
19 22 5
3 6 12
7 11 5
4 6 13
7 9 13
18 22 5
19 21 12
13 15 11
0 3 3
20 0 9
3 6 14
20 23 1
21 1 4
20 0 13
17 19 2
18 20 11
19 21 5
12 14 14
18 20 4
2 4 14
20 23 5
20 23 8
14 17 14
22 2 9
11 15 5
23 1 1
20 23 14
15 19 7
23 3 7
2 5 1
5 9 5
20 0 14
16 20 9
14 18 3
6 8 9
2 5 14
3 6 9
4 7 4
7 11 8
0 2 12
7 9 13
0 6 5
5 9 8
20 23 10
13 16 7
16 18 1
4 7 3
16 21 11
11 13 14
3 5 2
6 8 9
15 19 11
1 4 1
2 5 14
16 20 3
2 5 3
16 17 10
8 11 7
16 18 8
0 2 8
2 4 3
14 17 9
5 9 4
22 23 8
15 18 7
22 0 2
1 4 10
9 12 1
3 6 3
20 0 6
5 6 7
5 10 6
16 21 9
7 10 10
6 10 14
14 16 14
21 0 6
18 22 3
1 4 13
12 16 8
16 17 4
20 23 10
10 14 12
11 12 10
19 22 8
20 0 6
18 20 4
20 23 10
5 10 8
9 12 1
17 20 13
12 14 9
15 19 2
23 1 9
17 20 9
3 4 12
15 19 4
17 20 6
9 12 7
19 23 9
6 10 10
14 18 10
16 19 9
11 14 13
21 0 14
7 10 10
21 23 6
0 3 13
10 12 5
1 5 2
20 23 9
10 12 9
18 23 13
2 5 11
12 16 9
22 1 5
19 22 8
5 8 5
21 0 1
14 18 13
20 23 11
10 13 13
1 3 7
16 18 13
22 23 7
2 5 8
11 16 3
13 16 9
8 10 12
1 4 1
0 3 2
20 22 3
20 23 1
17 18 5
0 2 1
10 13 7
23 3 9
3 5 5
17 19 10
20 23 9
14 19 5
1 4 1
1 5 4
16 18 14
1 4 3
1 4 14
6 10 9
7 10 9
10 12 5
12 15 6
3 6 8
3 7 2
14 15 4
13 17 9
6 9 13
13 17 4
23 2 11
6 9 12
18 20 11
2 6 8
15 18 9
23 2 10
15 15 13
7 12 14
5 7 5
10 14 7
7 10 12
5 9 5
9 12 8
19 21 7
22 1 3
15 19 5
15 19 13
21 0 3
5 10 11
0 0 13
17 23 11
16 19 14
21 1 2
3 8 13
19 21 3
6 10 5
15 18 9
9 12 6
18 20 14
19 22 8
22 3 6
10 12 9
23 3 12
16 19 11
1 4 8
9 12 13
7 9 9
5 10 1
7 9 12
22 1 11
4 8 12
1 3 9
2 4 8
0 3 6
7 9 1
18 21 6
17 19 8
11 15 12
12 15 12
20 0 4
16 19 12
18 20 9
14 19 12
13 15 14
14 18 13
21 0 2
12 16 3
22 2 7
22 2 7
10 13 5
2 6 5
9 11 14
17 21 9
13 17 6
14 17 5
11 14 11
8 10 5
1 3 5
20 0 7
7 10 3
13 17 13
5 8 7
19 23 3
10 12 10
16 20 3
14 17 8
1 2 6
1 4 14
8 11 9
5 9 10
23 4 4
10 12 14
10 12 4
21 0 8
21 1 13
17 21 7
18 22 6
0 4 14
2 4 7
19 22 9
20 0 10
9 13 9
23 2 11
18 19 14
7 10 7
17 19 9
11 17 13
10 13 3
16 20 7
6 9 12
7 10 7
20 0 9
4 7 12
2 6 10
17 21 2
15 18 13
9 12 13
4 7 12
13 16 3
2 4 10
9 11 11
12 15 5
22 4 12
3 6 3
10 13 11
8 10 2
10 12 1
1 4 4
15 18 6
12 14 6
15 17 10
6 9 10
7 9 4
4 8 1
1 4 3
4 8 14
20 23 12
18 22 10
13 16 12
14 17 9
19 0 4
0 3 1
16 18 7
11 13 10
22 2 14
9 13 4
9 10 6
9 13 10
13 15 7
10 12 2
22 1 7
23 3 9
2 5 6
4 6 4
3 7 3
17 20 8
14 17 9
13 15 4
17 20 14
14 17 8
11 14 4
14 15 5
11 14 5
23 1 14
9 13 3
23 2 10
14 17 13
4 6 8
20 22 12
17 21 5
6 10 14
20 23 6
6 9 14
0 2 9
5 7 9
9 11 2
1 5 11
8 12 10
15 18 2
15 18 2
1 4 9
15 19 5
9 12 6
19 22 2
13 16 5
22 0 6
12 15 2
18 20 1
6 9 1
9 13 8
18 21 7
7 9 1
18 21 3
18 20 4
1 2 9
15 19 3
10 14 11
21 2 2
3 7 8
13 17 9
12 16 9
8 11 14
20 0 10
15 19 5
0 3 7
17 20 2
23 2 6
5 8 14
8 11 12
16 19 1
22 3 10
5 8 2
4 7 2
23 2 12
10 13 8
12 15 10
14 14 1
4 9 8
9 13 12
11 14 9
11 15 1
8 10 4
12 15 8
7 9 3
19 23 3
6 10 10
9 13 2
6 9 5
19 0 14
11 16 2
13 17 1
1 4 11
15 17 6
2 5 12
22 2 5
17 19 3
16 19 12
9 11 6
6 11 4
19 21 3
8 10 8
21 0 9
10 12 12
17 21 12
18 19 1
17 20 5
21 22 12
12 15 5
9 12 8
22 2 1
20 21 5
14 15 11
8 11 13
1 4 3
11 15 7
22 1 8
5 8 3
19 22 13
12 16 11
18 22 8
8 13 4
2 4 8
14 18 3
13 13 11
18 22 11
0 4 1
21 1 9
1 5 3
19 22 13
5 9 6
16 18 11
5 9 12
15 18 6
10 15 6
1 2 1
5 8 14
17 20 6
11 14 3
5 8 8
5 7 10
1 3 9
7 10 2
12 14 11
1 5 7
3 4 12
3 6 11
5 8 12
22 0 3
22 1 1
7 13 8
14 16 11
15 18 2
19 23 8
3 6 10
12 13 6
12 14 6
20 1 2
6 6 14
4 7 6
22 1 13
11 16 3
14 18 4
18 21 1
13 17 13
19 23 7
7 10 2
2 3 4
2 5 6
22 1 11
1 5 5
10 14 3
13 15 10
3 7 9
10 13 5
7 10 6
2 6 7
22 2 13
20 21 5
20 23 9
3 6 13
7 11 3
8 11 13
1 5 9
22 1 7
21 22 3
10 12 8
16 19 4
13 16 4
15 17 13
8 12 1
5 8 6
12 14 9
23 2 5
8 12 4
20 21 6
23 3 9
1 4 10
17 19 8
14 17 8
0 2 8
12 15 8
19 23 13
11 13 13
16 21 6
7 10 14
21 1 6
22 1 11
6 9 2
3 7 2
21 23 11
23 2 11
20 0 6
18 20 3
5 9 10
7 11 1
14 18 8
10 13 13
13 17 4
0 5 9
9 14 10
7 11 9
23 3 14
12 14 4
4 7 14
22 1 10
1 4 13
10 14 4
17 19 13
11 13 11
8 10 11
2 5 4
16 18 14
14 16 9
15 17 11
7 11 8
1 4 7
17 20 6
17 21 11
20 21 14
5 8 14
9 13 14
0 4 14
18 21 10
2 7 7
11 15 6
23 1 12
3 3 6
15 18 12
23 3 8
20 23 11
13 18 4
12 16 1
5 9 10
13 16 11
6 8 8
10 12 14
9 11 9
4 7 1
3 5 7
22 1 10
13 16 8
2 5 5
13 15 3
4 8 1
11 14 13
3 6 2
12 16 14
3 6 2
2 6 12
21 1 11
12 15 7
23 3 8
8 11 8
21 1 6
23 2 11
19 23 9
9 12 11
22 23 9
16 17 7
13 16 5
14 19 13
12 14 1
22 1 4
21 0 9
16 20 14
9 12 5
10 13 11
21 0 6
16 18 4
2 4 10
21 0 9
18 20 14
17 22 6
11 15 10
2 5 7
1 3 13
20 0 9
4 7 2
3 5 8
1 3 13
9 10 9
19 23 13
12 14 1
21 23 4
11 15 3
3 6 14
15 16 4
7 9 14
22 0 2
9 12 6
0 3 2
11 14 7
17 18 10
3 6 7
20 23 12
23 1 8
20 0 14
20 23 1
9 10 10
0 3 5
23 1 2
1 4 2
2 4 3
7 11 8
12 16 5
9 13 2
8 11 9
2 5 5
5 9 5
5 8 5
21 22 5
3 6 4
13 16 3
8 11 11
22 0 9
9 11 11
23 0 2
8 9 8
21 0 8
2 6 5
18 22 14
10 13 3
3 8 7
19 21 3
1 3 5
19 23 4
10 14 13
1 4 5
22 23 4
4 8 3
0 3 10
19 22 6
1 5 5
17 20 14
7 10 10
10 13 4
13 14 14
12 15 9
12 15 14
22 0 12
22 0 8
11 13 4
2 4 8
10 14 11
15 16 6
2 5 2
22 1 3
12 14 10
2 5 9
5 8 11
3 4 9
2 4 14
2 5 6
9 11 11
15 18 9
10 13 3
10 14 6
21 22 13
15 19 10
21 0 2
18 22 3
2 4 4
8 11 9
0 3 4
1 3 9
2 7 2
20 23 14
19 20 14
15 19 1
0 3 6
1 6 2
12 16 3
4 7 4
5 7 8
11 13 7
18 21 3
19 21 2
2 6 8
20 23 13
6 10 11
18 21 1
5 6 7
7 10 1
1 5 14
5 7 10
2 6 4
19 22 9
13 15 11
22 1 3
11 15 8
20 22 9
16 20 1
13 17 8
22 1 14
22 1 1
7 9 12
22 3 3
11 15 13
22 3 12
3 5 3
4 8 6
14 16 8
19 22 10
5 8 6
12 14 4
2 5 2
23 2 14
0 3 7
5 8 5
14 18 13
2 5 14
20 22 13
17 21 12
18 22 2
1 4 6
13 15 7
19 1 13
9 13 3
12 17 13
11 14 4
16 18 10
12 13 5
10 13 10
11 14 9
7 10 10
23 1 2
2 6 6
7 10 3
18 21 13
21 1 5
14 17 13
20 0 6
18 22 2
18 21 6
4 8 1
20 0 14
13 18 14
16 19 10
9 11 11
13 17 5
17 21 4
22 1 4
12 16 5
17 21 2
19 0 14
14 17 2
9 12 10
13 16 14
5 9 4
16 18 9
9 11 12
22 1 4
15 18 12
12 16 12
14 15 2
9 12 9
11 14 11
2 4 12
22 0 2
17 21 7
13 16 4
5 9 1
12 16 6
2 6 14
4 5 13
12 14 12
2 6 3
19 22 4
17 21 7
11 13 13
14 17 4
2 5 11
16 21 13
17 21 4
18 21 7
15 18 3
20 23 7
5 7 3
4 7 12
10 15 10
15 17 3
2 6 8
22 2 6
13 18 6
18 21 2
16 18 9
1 5 6
19 23 3
4 8 7
23 3 8
0 4 4
11 15 9
0 5 10
17 21 14
4 7 8
0 3 9
4 7 6
21 23 2
22 1 6
0 3 4
23 3 2
8 10 9
14 17 7
16 20 13
5 10 2
21 1 8
7 9 11
1 5 5
10 12 6
23 1 7
17 18 9
16 17 11
4 6 14
11 14 4
9 11 14
23 1 12
8 10 1
9 12 12
11 13 12
19 23 6
1 3 12
12 16 10
4 7 5
3 8 10
11 15 3
23 3 3
16 18 6
16 18 4
18 21 7
10 13 1
23 1 14
2 4 10
16 19 7
0 2 14
15 17 13
10 13 14
1 3 11
23 1 4
18 22 8
0 3 7
1 2 10
22 0 2
5 8 13
1 5 9
16 19 6
20 20 7
0 3 9
3 6 14
19 23 6
16 18 12
11 14 2
1 5 8
12 15 1
11 15 10
20 23 7
20 23 11
7 10 2
23 1 7
4 7 7
14 16 12
8 10 11
4 8 3
13 16 6
16 19 13
17 20 9
16 19 6
12 15 13
4 8 2
1 4 4
2 5 5
22 2 12
9 12 6
5 7 10
10 12 10
3 5 3
5 7 6
0 2 12
4 9 6
4 8 3
17 19 6
9 10 14
16 21 3
22 1 12
7 9 5
15 18 4
5 8 8
2 3 6
11 12 11
0 4 13
6 9 8
8 9 1
2 4 3
20 0 6
15 18 12
9 13 11
0 1 8
5 7 10
16 18 11
8 13 11
7 9 4
15 18 10
0 4 5
2 5 11
3 6 5
10 13 7
16 18 3
2 4 3
1 5 10
3 6 14
17 20 10
22 1 10
10 13 8
0 3 2
23 3 2
8 13 11
9 15 9
16 18 13
12 16 5
8 9 1
13 15 2
13 17 10
2 5 5
6 9 14
13 15 3
16 19 8
23 1 8
9 13 3
2 4 5
22 1 1
1 3 12
10 13 12
8 11 13
14 18 7
1 5 11
4 7 9
0 2 11
15 17 1
22 2 2
4 7 3
14 17 13
8 11 10
15 18 9
0 3 14
15 17 9
15 17 2
8 11 5
21 1 5
23 2 10
7 8 1
14 16 14
12 13 8
13 17 9
2 7 5
1 3 5
17 22 8
22 2 1
5 7 14
23 2 12
15 18 12
4 6 6
18 22 11
3 6 2
2 4 2
3 5 11
9 12 9
13 18 10
23 1 11
2 6 2
10 12 8
22 1 6
6 9 4
21 0 5
1 3 10
10 14 6
23 3 11
15 18 2
17 19 6
13 14 7
15 17 4
9 12 1
9 11 8
2 6 9
5 8 12
6 9 10
8 11 7
4 7 9
14 18 12
5 8 8
9 12 10
19 21 6
22 23 3
16 19 14
15 17 8
2 5 7
15 17 5
7 10 1
10 13 5
18 20 4
3 5 6
3 5 14
18 20 13
6 7 13
8 10 10
20 0 2
4 7 11
23 2 1
12 16 8
14 18 3
5 8 9
0 3 14
12 17 9
9 13 9
5 9 6
9 12 9
17 20 5
4 8 13
17 19 14
5 8 14
21 0 2
3 6 9
22 0 10
2 5 3
7 11 3
14 17 10
22 2 12
2 6 7
19 23 1
21 0 14
20 21 9
2 5 9
10 13 3
18 23 14
20 0 1
19 22 13
19 22 11
11 15 5
7 11 10
0 5 2
13 15 12
18 20 2
5 9 11
14 16 7
6 8 2
0 3 11
6 9 13
14 17 12
7 11 3
20 22 14
11 15 9
20 0 8
7 11 9
9 13 2
20 23 9
7 12 4
7 9 6
14 16 1
17 19 13
19 21 1
14 16 2
10 15 10
1 5 6
8 12 7
18 23 12
15 17 3
22 0 8
15 19 9
1 4 4
6 10 14
21 1 3
19 22 13
2 4 3
22 1 1
14 19 4
11 13 11
19 21 2
23 2 8
13 15 10
6 9 8
2 6 14
22 1 10
23 2 1
8 11 11
6 9 10
12 14 13
2 4 9
15 17 9
16 20 2
4 8 3
4 7 5
1 4 8
21 23 4
7 9 3
10 12 4
12 14 8
12 15 14
7 11 6
3 7 8
6 10 1
4 7 11
21 0 4
15 18 14
4 9 9
17 21 11
5 9 13
2 6 13
17 21 2
1 6 9
6 9 3
0 4 13
19 22 8
13 15 2
4 7 9
5 6 12
23 1 9
5 10 5
15 18 2
1 4 10
10 13 14
23 2 9
20 22 14
16 20 6
14 17 1
7 11 8
20 23 10
18 21 12
14 17 14
15 18 12
16 18 12
10 13 10
8 12 9
2 3 1
10 12 4
4 7 1
12 14 11
17 22 14
18 19 5
3 6 8
17 20 7
13 17 12
12 16 10
11 15 2
7 9 1
9 12 11
1 3 13
23 1 6
15 18 5
6 9 2
15 19 13
4 8 3
4 7 11
23 3 10
3 7 12
3 5 11
19 22 10
11 14 13
6 10 1
3 5 8
4 7 13
19 21 10
18 20 3
10 13 8
19 23 4
10 13 12
9 11 11
9 13 10
17 20 10
19 21 1
2 7 10
6 7 6
12 16 4
8 10 1
21 23 13
7 11 5
2 3 9
3 5 3
7 11 11
23 2 4
0 1 3
10 12 12
21 1 5
3 6 2
14 17 2
14 16 13
18 20 9
2 7 7
3 7 3
1 5 14
18 22 6
15 17 6
11 14 5
23 1 14
22 3 8
20 0 13
16 21 13
14 15 12
14 18 1
9 10 5
3 7 10
16 19 8
5 7 11
18 22 14
8 10 12
16 22 9
14 17 2
12 16 5
7 10 6
5 8 5
20 0 11
7 11 8
16 20 5
11 15 11
10 13 5
9 13 14
5 8 13
1 3 9
23 1 1
2 4 6
19 23 3
16 18 5
22 2 5
13 15 11
18 20 4
21 1 12
20 22 8
12 15 6
4 7 9
10 15 13
2 5 12
2 5 14
18 22 11
15 19 6
17 19 10
21 1 11
17 20 1
19 22 14
22 2 13
13 15 4
10 12 7
8 11 2
9 12 2
18 23 14
19 21 3
14 16 5
13 17 2
20 22 5
8 12 14
19 21 2
20 23 3
9 11 8
13 16 14
7 10 11
1 5 12
12 16 2
22 1 9
21 23 14
9 12 12
7 11 13
22 2 2
21 22 3
2 5 13
2 6 5
18 21 8
16 18 3
16 19 12
2 6 11
18 23 12
20 23 11
10 13 6
8 11 2
6 9 4
21 0 14
12 16 2
19 21 7
3 7 1
13 15 8
16 16 12
6 10 11
17 19 3
18 21 2
5 7 5
17 19 8
10 15 12
0 5 14
4 8 11
7 11 7
9 12 8
14 15 9
21 1 10
10 14 12
23 2 8
14 16 3
21 0 14
15 19 11
6 10 4
23 2 10
9 13 2
18 22 11
13 18 2
2 7 4
1 3 8
22 23 9
20 23 14
8 11 1
19 22 14
4 8 14
9 12 1
9 12 14
19 22 3
20 22 12
8 11 6
6 9 6
8 11 13
11 12 2
17 21 6
14 16 10
6 9 14
8 10 8
1 5 12
13 14 10
6 9 9
22 2 14
0 3 3
17 23 7
9 9 12
22 2 10
1 4 3
5 9 9
11 13 9
5 6 11
21 23 10
14 18 10
7 10 5
13 14 9
6 9 1
9 13 1
10 14 4
11 15 6
18 21 13
17 21 11
1 4 10
14 16 12
9 13 10
12 15 12
12 15 5
2 7 10
14 18 4
12 16 7
0 2 3
15 18 2
5 7 6
7 11 2
4 5 9
10 13 14
22 2 2
2 5 11
23 3 7
19 23 11
1 5 10
16 19 8
15 19 11
16 18 11
5 7 1
3 4 9
13 18 10
21 0 9
19 20 13
9 13 10
22 1 6
19 21 12
12 14 4
13 17 7
13 17 12
8 10 7
22 1 12
22 0 6
2 5 2
11 15 13
4 6 4
19 20 7
3 6 13
2 4 4
21 22 10
8 11 7
7 10 5
2 5 6
22 1 2
8 12 11
15 17 3
2 4 4
10 13 5
18 21 2
10 12 4
9 13 6
20 23 3
16 21 8
20 0 11
11 14 1
16 19 6
16 20 7
20 23 2
12 15 1
9 11 6
2 4 4
1 5 13
17 22 2
22 1 9
9 11 14
16 18 3
7 11 14
15 18 11
16 16 5
11 14 8
7 9 1
2 5 3
17 21 12
7 10 1
11 15 14
21 1 1
2 5 6
9 11 14
5 7 10
16 17 11
19 21 5
11 15 14
13 15 8
6 8 2
11 16 8
5 8 1
22 1 9
21 1 1
5 8 2
8 11 2
2 3 5
15 17 13
14 16 2
2 6 9
7 8 13
15 17 11
8 12 8
7 10 9
12 15 3
6 9 14
9 10 1
7 11 9
21 22 1
19 21 13
11 13 8
13 15 1
10 12 14
14 17 2
3 5 3
9 13 7
16 19 14
6 8 13
5 8 14
21 0 1
19 23 6
10 14 12
9 10 6
15 18 6
8 12 6
8 11 6
5 6 14
22 1 7
10 13 6
1 5 6
20 0 10
9 13 12
0 4 7
3 8 14
19 22 1
17 20 4
11 16 14
11 15 4
0 4 8
19 22 13
19 23 13
21 1 14
2 6 10
16 17 12
20 23 10
21 0 5
13 16 9
23 1 14
9 12 3
20 22 7
21 0 5
23 3 14
2 6 3
3 8 6
8 12 10
22 1 4
1 4 6
10 13 6
10 13 5
1 3 7
23 2 1
6 8 7
4 8 7
10 13 8
7 11 5
10 12 9
9 14 6
3 6 2
1 5 13
20 23 7
13 15 13
4 7 1
1 4 12
20 0 1
7 9 5
9 12 13
0 4 10
12 14 7
21 0 3
8 11 11
23 4 8
18 21 5
13 15 3
22 1 13
18 19 12
8 11 4
5 8 3
9 12 5
16 19 13
5 8 11
20 23 1
8 11 3
10 15 4
1 6 9
7 10 5
3 7 14
11 15 4
23 1 3
17 22 2
20 22 4
21 0 14
7 11 8
14 18 9
0 3 7
13 17 13
20 1 10
9 13 9
9 12 14
12 16 9
11 13 12
22 1 5
16 19 6
8 13 2
15 17 5
14 16 9
8 11 1
0 4 10
11 13 9
10 13 12
13 17 11
6 10 3
4 7 9
18 20 9
6 8 12
2 7 14
9 11 9
10 12 6
21 1 1
21 0 13
4 7 10
23 3 10
9 12 10
17 18 14
22 2 1
20 23 8
1 4 5
0 3 3
9 13 11
0 4 5
19 23 9
11 14 11
7 10 6
1 6 9
7 10 12
15 18 10
14 19 3
17 21 7
4 9 11
9 13 5
1 5 8
13 16 12
7 10 6
10 13 10
21 23 14
4 4 2
17 19 2
13 15 6
0 2 12
14 18 13
12 17 7
15 18 1
22 0 13
23 2 7
4 5 11
23 2 3
12 16 6
1 4 8
8 11 8
12 13 7
6 9 8
13 15 2
19 20 5
15 19 6
15 18 8
0 3 11
21 1 8
0 4 10
23 1 9
1 4 13
0 2 6
15 18 5
4 6 8
10 14 5
10 14 14
13 17 9
21 1 1
19 0 13
4 7 4
17 18 12
4 9 7
11 13 13
18 20 9
6 10 14
11 15 2
23 2 11
5 9 7
17 22 5
16 21 6
19 22 4
0 3 14
18 20 10
6 9 6
22 1 4
12 15 1
19 23 7
10 13 2
15 18 1
11 14 3
1 4 4
6 9 6
12 16 6
3 7 13
3 5 8
0 1 13
18 20 2
17 20 7
4 5 6
17 18 3
3 7 6
23 3 4
8 13 12
14 18 7
21 0 10
14 19 6
19 22 11
22 1 13
14 15 8
11 13 9
3 7 12
6 8 13
15 17 10
9 11 10
6 10 14
4 8 12
0 4 11
6 9 12
16 20 4
18 20 14
17 21 12
7 11 2
12 15 11
1 5 2
12 17 8
20 23 5
6 9 3
16 18 12
1 3 11
18 22 12
22 0 10
7 10 1
17 20 3
5 8 10
20 23 7
16 19 2
19 21 8
4 6 6
6 9 8
4 8 2
5 7 6
23 2 8
22 23 11
20 23 9
17 19 6
5 10 9
11 15 8
6 9 7
3 5 14
22 3 6
3 6 2
20 22 5
13 18 12
22 3 9
4 6 1
3 6 3
21 1 11
17 20 14
6 9 2
4 6 10
6 7 10
3 5 10
23 3 4
22 23 10
17 20 12
4 7 1
0 2 6
10 13 9
19 22 6
1 3 5
11 13 3
19 20 2
14 17 8
12 16 7
17 21 5
10 14 1
3 4 1
9 13 9
5 8 8
6 8 12
20 0 3
18 20 8
5 8 6
2 4 11
4 7 5
20 21 3
17 20 3
16 21 7
2 7 13
5 8 6
17 21 5
5 7 7
12 16 1
4 7 7
20 22 3
3 6 2
4 6 2
19 0 2
9 13 8
6 10 6
1 7 10
17 19 11
11 17 3
11 14 13
1 3 13
17 20 8
3 7 9
1 5 14
19 23 13
19 21 5
20 23 5
18 21 1
0 3 2
5 8 7
19 22 12
1 4 4
13 16 6
11 14 1
10 12 1
19 21 2
2 5 1
19 20 7
14 18 4
8 10 12
3 5 11
14 18 7
13 16 9
22 22 7
16 21 8
13 17 6
6 8 8
10 14 2
10 12 13
13 17 8
15 16 14
10 12 7
19 22 1
14 18 12
12 13 3
9 12 1
23 1 4
9 11 10
19 21 9
18 20 6
1 5 7
12 14 12
17 20 6
8 9 12
12 14 11
4 8 12
8 10 4
3 5 12
1 5 4
4 6 2
0 3 12
1 3 10
0 3 13
20 0 7
16 17 12
22 1 2
2 5 4
22 2 14
4 7 7
9 11 8
14 16 7
17 20 12
21 0 10
9 12 9
12 15 14
1 4 3
16 20 5
16 21 6
8 12 2
4 8 14
13 16 11
9 12 8
22 0 14
22 3 12
15 17 10
16 19 11
12 16 8
9 13 9
4 8 4
18 20 7
6 10 9
23 1 7
3 5 9
5 8 12
20 0 6
0 4 5
11 14 13
15 19 8
7 11 8
14 18 6
23 4 12
5 5 4
20 23 10
4 7 3
22 1 7
18 21 11
18 19 5
17 18 1
15 17 14
20 22 9
18 21 6
18 20 10
7 11 3
14 16 4
15 18 4
2 6 2
8 9 7
22 2 2
12 15 2
16 21 9
10 12 10
17 20 1
20 23 13
23 2 5
11 15 12
21 21 1
16 20 14
6 8 10
22 0 4
13 16 13
19 22 7
13 16 12
17 20 9
10 13 4
10 14 8
3 7 11
4 6 3
7 12 12
15 17 7
16 19 3
13 17 4
16 18 3
5 9 9
12 15 1
3 5 13
18 21 7
23 1 5
20 23 10
10 12 5
11 14 10
6 8 12
14 16 2
3 7 6
17 21 10
12 14 13
9 13 14
0 4 1
1 3 12
13 16 8
9 13 12
11 15 12
9 12 5
5 9 10
7 10 5
8 10 4
19 21 12
21 22 9
11 13 13
22 2 2
16 19 11
15 17 2
1 5 10
18 20 8
23 2 3
8 13 11
21 1 14
12 16 5
22 1 3
0 3 11
2 5 2
15 17 3
14 18 13
17 19 1
3 6 12
5 8 2
13 15 9
12 14 3
10 13 7
9 11 10
23 3 1
4 6 12
13 15 8
18 20 3
15 19 10
20 23 7
0 3 13
13 17 10
16 19 3
13 16 1
9 12 12
12 14 8
13 15 7
19 23 13
16 19 4
8 12 5
11 14 5
21 1 10
8 10 8
20 22 1
16 20 5
6 8 5
19 23 11
23 4 3
1 5 2
17 20 12
4 7 6
8 10 5
9 13 12
7 10 8
0 3 10
8 10 11
6 7 14
4 6 5
9 11 10
7 11 12
3 7 9
13 16 2
10 13 10
12 15 10
16 21 4
8 12 10
0 3 3
3 6 11
7 9 3
14 17 6
6 9 14
12 15 5
22 2 12
15 18 10
7 10 5
14 19 12
14 18 11
18 22 7
21 1 1
13 15 14
0 4 6
6 8 4
11 15 8
11 13 13
22 1 5
14 19 3
9 12 12
19 21 3
15 17 4
9 11 4
23 2 1
13 15 5
8 9 14
10 14 4
2 3 9
19 22 4
9 11 3
9 11 2
17 20 13
16 20 12
14 18 9
1 6 13
23 3 9
8 10 2
1 5 14
1 3 3
11 14 12
10 13 2
13 15 7
7 11 2
15 18 4
23 2 4
10 15 6
21 23 13
15 19 2
6 9 14
23 3 11
20 21 5
6 7 1
19 23 10
3 7 2
