550 17
5 10 8 2 10 5 7 1 3 10 9 2 9 1 3 6 9 
11 13 13
22 0 12
2 4 8
2 7 13
10 12 6
16 18 2
13 15 7
4 9 10
10 13 5
18 21 16
14 17 5
4 7 2
13 17 14
11 15 15
7 9 4
15 19 7
10 12 8
6 11 7
7 10 6
8 12 14
17 19 16
23 4 16
11 13 17
5 9 7
16 21 9
0 6 4
13 16 12
12 14 5
18 20 4
5 8 9
6 11 2
23 1 17
12 15 2
1 4 11
16 19 2
12 16 4
23 2 9
23 1 12
7 9 7
1 3 7
17 20 11
17 20 5
8 11 17
21 23 7
12 15 12
7 9 6
12 15 4
3 5 9
23 1 17
23 3 13
15 17 10
16 20 8
6 11 15
16 17 9
0 3 4
6 10 9
19 21 6
23 3 1
4 5 2
20 23 13
13 16 14
14 19 12
23 3 17
7 11 9
23 1 5
13 16 12
22 0 10
15 18 13
5 8 5
23 2 17
8 9 11
23 2 10
22 1 2
4 7 15
13 16 10
1 4 5
10 15 5
15 19 5
13 16 16
5 9 4
10 12 5
0 2 9
16 20 17
18 22 8
21 23 13
19 22 4
11 13 12
5 9 16
20 22 6
9 12 14
21 0 3
8 11 4
20 23 4
12 14 2
7 10 1
15 17 4
5 7 14
0 5 15
19 21 16
10 13 14
22 2 1
9 12 9
4 7 15
6 9 1
8 11 6
3 5 13
10 11 4
22 1 9
7 10 4
10 12 17
13 16 13
7 11 4
0 3 5
6 10 6
7 10 9
7 10 7
23 1 14
8 11 7
20 23 10
6 8 1
1 4 14
21 2 10
1 5 13
3 7 2
22 23 13
17 20 11
3 6 7
23 2 4
1 3 1
7 12 11
20 0 7
2 5 1
3 4 7
3 5 1
14 18 16
10 14 3
22 2 1
4 6 1
7 10 13
10 14 7
1 4 7
15 18 2
23 2 1
15 18 1
4 6 2
12 15 13
1 4 1
9 12 14
7 10 12
1 5 6
18 22 8
13 17 14
15 21 13
9 12 17
18 21 11
16 20 17
13 16 10
4 6 1
18 22 5
21 2 17
18 22 12
7 10 12
22 1 11
7 9 1
7 11 14
3 5 9
7 10 5
4 8 14
19 20 13
23 2 5
6 7 6
7 10 12
18 19 8
9 12 4
3 7 5
21 23 15
21 0 4
3 6 10
7 8 16
15 18 10
18 22 9
5 9 11
10 13 4
5 9 15
17 21 13
2 5 3
16 19 10
0 2 1
16 22 6
19 22 17
2 4 6
21 0 11
22 0 15
0 1 1
14 17 1
15 18 5
7 9 11
1 3 12
0 4 10
5 8 6
18 22 2
21 23 2
7 9 13
5 8 3
7 9 13
2 6 8
22 1 6
3 6 14
14 16 12
19 23 6
21 0 2
19 0 4
20 23 12
18 22 1
3 6 1
3 7 16
15 17 15
12 16 14
6 9 15
12 15 2
8 9 1
7 10 3
0 1 7
9 12 2
17 19 3
6 10 5
18 22 6
2 3 6
12 13 13
17 20 14
16 19 6
12 15 9
23 2 16
0 3 10
0 2 13
0 2 1
17 20 15
13 17 11
3 8 16
19 22 6
19 22 9
11 14 2
4 7 3
5 6 8
21 23 16
0 4 7
13 17 4
0 2 2
13 16 2
0 3 16
6 8 17
15 19 6
16 19 9
9 13 8
20 22 17
14 16 1
4 7 1
16 18 8
6 9 8
19 21 7
6 8 7
3 5 17
0 3 7
6 10 14
7 9 10
22 1 10
23 2 5
22 2 17
7 9 16
12 15 4
20 23 5
23 2 4
15 19 14
16 19 9
11 14 10
16 18 7
20 0 15
18 20 1
0 1 15
10 13 4
10 12 5
3 5 9
4 7 10
18 22 2
9 12 10
0 3 3
13 16 11
17 19 10
11 13 3
18 23 2
21 2 4
23 1 13
18 21 1
17 19 13
18 21 8
8 10 15
7 10 16
3 4 13
11 15 9
19 22 11
8 10 7
6 9 3
2 5 3
1 4 3
4 6 9
16 17 1
21 23 10
8 9 8
17 21 16
19 23 14
12 14 14
10 14 8
23 4 4
1 4 14
12 16 1
5 7 15
4 7 15
20 22 2
17 22 3
11 16 1
19 21 6
2 6 10
16 21 8
10 14 13
21 23 17
11 13 3
0 3 4
2 5 3
5 10 10
2 6 1
23 3 3
4 7 10
22 1 17
22 1 11
2 5 6
5 8 15
1 3 17
20 23 5
9 13 7
18 20 2
5 7 9
20 23 14
20 22 17
9 13 8
2 5 3
3 8 6
23 3 5
0 2 10
15 18 9
12 14 6
22 1 2
10 12 17
20 23 15
17 20 5
13 17 1
1 4 17
9 11 10
20 23 12
21 23 11
6 9 7
7 9 4
20 23 4
9 9 16
10 14 13
4 6 3
8 12 13
16 19 2
5 10 14
0 4 14
18 21 12
10 12 1
6 7 16
13 15 12
21 0 17
18 21 14
2 5 1
0 4 6
5 7 12
20 23 3
17 20 14
17 20 15
16 18 3
7 11 15
2 6 4
18 21 4
21 0 14
6 10 12
6 7 5
12 14 13
4 8 3
0 3 12
8 11 3
23 3 16
8 9 6
17 20 16
12 13 4
19 22 2
8 11 6
20 0 1
12 15 7
1 2 10
23 2 15
5 9 8
13 16 7
9 12 17
21 1 11
10 13 4
10 14 5
6 6 7
21 1 11
22 3 2
15 18 14
12 15 14
7 7 8
5 8 6
2 5 5
5 7 4
21 23 7
2 5 2
0 5 1
10 12 4
14 16 16
18 20 14
23 2 17
13 15 1
8 12 6
14 18 8
22 1 7
22 23 4
17 21 10
14 17 11
15 18 6
15 19 8
20 22 9
9 13 9
11 16 15
17 20 1
23 3 5
19 23 13
6 9 16
11 15 11
6 8 15
15 21 1
16 19 13
1 2 5
0 3 6
18 21 1
8 10 3
7 11 12
14 18 14
8 11 10
13 17 8
0 4 15
9 12 9
9 12 6
8 10 4
13 16 7
23 2 6
19 22 7
14 16 4
8 13 14
16 19 12
8 10 4
0 2 11
5 8 15
22 1 1
17 20 5
5 10 15
14 17 13
19 21 16
16 19 15
4 7 12
4 8 16
2 6 17
3 7 7
15 19 5
3 6 9
15 18 2
10 13 1
7 12 4
21 23 10
4 7 16
21 0 15
16 20 8
12 15 2
8 11 12
23 3 3
13 16 17
14 15 3
11 13 11
23 3 6
16 19 15
17 20 12
17 19 1
13 16 8
18 22 13
19 21 7
13 16 12
4 7 3
0 3 13
17 20 10
19 0 9
10 13 14
13 14 6
0 4 8
21 0 6
12 14 17
2 5 11
14 18 2
21 23 16
22 23 14
11 14 2
0 2 13
12 15 7
4 6 7
17 20 9
8 10 8
9 12 16
18 21 3
6 9 7
16 17 17
14 19 13
20 22 11
18 21 3
12 15 15
11 16 8
2 5 11
0 2 14
22 0 6
10 12 16
5 8 14
11 14 17
22 1 2
21 3 15
16 18 9
13 16 9
14 17 5
14 17 17
5 8 17
1 5 5
7 10 17
11 14 13
13 17 12
10 13 8
21 0 15
5 9 14
0 4 13
14 18 17
6 9 10
8 11 3
