450 8
7 9 1 5 5 2 8 3 
9 12 3
6 9 6
12 17 6
12 15 8
21 0 7
1 4 7
14 16 4
14 18 7
4 6 5
12 14 1
23 3 7
5 8 8
6 10 1
8 10 6
13 16 5
19 21 2
17 21 4
19 22 1
11 15 8
22 0 2
18 20 6
13 15 8
12 16 2
18 20 2
12 14 4
8 10 6
19 23 5
19 23 1
1 4 8
0 1 5
16 20 3
6 8 3
7 11 7
16 17 4
13 16 1
15 18 4
4 7 8
16 20 7
3 6 5
15 16 2
14 18 3
12 16 6
4 8 8
20 0 7
4 7 4
9 11 6
19 0 3
0 2 5
15 18 8
15 19 1
14 16 4
2 6 2
20 23 1
7 9 5
20 22 6
7 9 4
13 16 5
7 9 1
23 1 7
17 21 2
0 4 2
6 9 8
17 18 2
4 8 2
2 6 1
5 9 1
10 14 3
19 22 1
12 15 2
22 2 2
16 17 7
22 1 6
20 1 4
9 12 6
10 13 4
11 15 2
23 2 2
2 4 1
17 20 2
12 14 6
14 16 8
4 7 4
2 6 3
14 18 2
7 10 1
7 10 6
9 12 7
18 21 4
6 8 8
8 12 7
10 14 6
13 15 7
1 4 7
23 1 8
23 0 5
3 7 2
11 14 7
16 18 1
7 9 5
3 6 5
22 0 2
9 11 2
19 22 2
17 19 2
15 18 2
7 9 3
19 23 1
22 0 8
0 3 7
13 15 2
10 10 1
13 16 3
16 20 5
22 0 6
3 8 8
22 0 3
1 6 8
8 11 3
5 7 8
19 22 8
22 1 7
20 22 7
11 14 6
14 16 1
11 15 3
12 15 5
17 21 2
18 22 4
20 0 5
9 13 2
0 4 5
23 2 3
23 2 8
16 18 6
6 10 2
14 19 2
13 17 1
14 18 3
19 0 1
13 17 3
17 21 4
7 10 6
22 0 3
23 2 4
18 21 5
13 15 1
14 18 7
11 16 8
21 1 4
11 14 7
23 3 5
11 15 8
21 23 4
15 20 5
10 14 7
11 14 2
13 17 3
1 4 4
20 0 1
7 10 6
2 3 8
13 16 2
10 15 2
17 19 4
19 0 2
13 18 5
5 8 5
20 23 4
20 0 2
6 7 5
14 14 4
7 9 6
18 20 7
15 19 5
22 0 1
23 1 1
13 14 2
7 10 4
20 23 6
19 21 6
0 3 7
14 17 7
9 12 8
15 16 3
8 10 8
22 1 6
20 23 1
20 23 3
11 15 1
13 16 7
10 14 7
18 22 2
0 3 4
19 21 2
15 17 3
4 8 4
18 20 8
9 14 1
3 8 5
20 0 2
8 12 3
16 20 8
15 17 2
17 21 7
18 21 5
14 17 1
21 22 7
3 6 3
0 4 8
11 15 5
6 9 1
13 16 4
18 22 7
8 12 7
15 17 8
7 11 5
4 8 6
12 17 8
22 0 6
13 13 1
21 0 5
20 23 1
5 9 4
11 13 8
20 22 5
3 6 4
17 20 3
3 5 8
7 9 7
4 6 5
6 10 3
18 20 2
1 3 8
21 0 3
0 4 6
8 10 8
17 20 3
15 18 5
6 9 1
8 11 4
23 2 3
6 11 5
23 1 8
21 0 3
14 16 8
11 15 6
6 8 1
14 15 8
19 22 6
22 0 1
10 13 6
0 3 3
18 21 2
10 13 4
15 18 5
7 11 5
0 4 2
22 1 5
20 22 5
14 17 8
21 22 3
1 3 4
5 7 6
17 19 5
8 8 3
16 18 8
22 2 5
9 13 6
3 6 6
1 4 4
5 8 6
10 12 6
9 12 2
4 7 4
13 16 3
19 22 2
17 20 8
17 22 7
0 2 8
21 23 3
1 3 5
2 5 2
15 18 7
17 22 2
0 3 4
5 8 2
12 14 1
0 4 8
3 7 3
14 16 1
20 23 4
20 21 6
11 14 5
7 11 5
3 6 7
13 14 7
8 12 4
21 23 1
12 15 2
11 15 3
1 4 6
12 13 7
8 10 6
11 13 8
11 12 8
4 8 4
7 10 8
0 3 3
16 18 5
23 0 1
16 20 8
10 13 4
10 15 1
9 12 6
20 23 7
8 10 2
5 9 2
7 10 2
6 7 6
15 19 2
21 23 5
0 4 1
21 0 2
7 10 1
9 11 3
8 12 1
19 23 6
16 17 5
19 21 8
8 12 8
2 5 5
3 6 5
1 4 2
7 10 2
5 9 1
0 3 6
7 8 6
15 19 4
15 17 4
5 10 1
5 8 2
17 18 4
18 20 8
12 14 1
13 17 3
10 12 4
19 21 7
14 17 3
10 12 2
1 5 1
19 0 7
18 22 5
22 1 8
22 23 4
5 9 4
3 6 4
4 7 6
5 8 4
1 5 6
1 3 2
22 1 3
0 4 2
19 23 5
7 10 5
2 7 3
17 21 6
14 18 1
22 0 7
6 9 2
4 7 3
4 7 1
1 4 8
19 21 2
17 20 7
5 7 5
7 10 4
15 15 1
16 20 8
2 4 7
15 17 3
1 4 7
16 19 1
17 19 2
12 17 5
16 21 1
19 0 2
22 2 7
17 21 3
11 14 3
18 21 6
6 10 4
19 0 1
11 12 4
10 12 2
22 3 3
6 10 4
19 22 5
15 18 1
7 9 1
19 19 3
2 5 2
7 10 3
17 21 7
3 5 3
1 0 4
8 12 8
1 3 6
4 8 4
12 15 4
19 21 4
0 4 8
9 11 7
3 7 1
21 0 6
3 7 4
1 3 2
11 14 5
3 6 1
3 7 7
4 6 8
14 18 1
5 7 8
6 9 7
1 3 2
3 7 5
23 2 5
6 10 1
7 10 3
22 1 4
6 8 1
6 8 3
20 21 8
5 8 2
22 1 2
2 5 6
7 11 6
1 4 8
3 4 5
14 17 6
16 18 5
23 2 5
16 19 2
4 8 3
14 18 7
19 21 7
4 6 7
3 7 8
13 14 8
14 16 2
19 20 7
