750 14
6 10 8 2 10 10 6 9 4 9 9 4 3 3 
7 10 14
12 13 9
11 14 1
18 21 14
23 4 8
9 11 6
7 11 3
6 9 11
18 21 1
11 14 14
8 11 11
14 17 14
13 16 8
11 15 1
23 2 9
0 3 13
4 8 9
1 2 9
23 1 1
11 15 5
22 22 3
3 6 14
3 8 1
12 15 4
2 5 5
4 8 12
3 5 10
3 9 10
8 13 9
20 22 6
20 23 4
13 16 2
21 0 3
16 19 14
12 14 13
19 23 3
15 18 5
6 9 10
2 4 5
9 12 12
11 15 12
21 1 1
7 10 10
12 17 8
20 22 5
19 21 12
0 3 5
14 18 5
13 15 4
12 16 11
2 4 4
3 5 2
17 21 11
21 0 5
15 17 13
8 12 12
0 3 12
2 5 7
9 12 1
4 7 13
3 6 14
7 9 5
5 9 13
9 12 5
14 16 5
15 19 14
3 6 8
8 10 11
14 16 10
19 23 4
19 21 9
20 23 5
5 9 12
19 21 9
17 20 9
6 8 11
15 19 11
12 14 5
9 12 4
9 13 5
1 3 6
7 10 13
3 6 8
1 4 1
18 22 14
5 8 2
0 4 5
19 22 11
18 22 10
6 8 8
19 21 9
12 17 13
3 5 1
3 5 3
19 22 5
9 12 6
2 5 10
14 17 6
23 2 13
3 3 5
22 2 6
13 18 12
9 11 9
22 1 14
21 23 11
7 10 9
22 0 10
4 8 12
3 6 1
16 19 8
13 17 8
3 6 7
6 8 11
8 11 12
12 15 9
12 16 6
5 8 13
19 21 13
13 15 12
6 10 11
3 6 9
6 9 13
18 21 5
22 2 9
16 19 12
7 9 5
2 6 11
12 15 2
13 14 14
6 10 11
15 17 1
23 4 14
8 12 6
11 13 7
0 4 8
15 17 2
1 5 12
1 5 7
20 22 1
14 17 9
15 19 12
11 13 12
12 13 2
16 20 9
3 4 6
2 4 11
0 3 12
22 23 2
3 5 2
22 1 7
19 22 5
16 19 8
2 6 9
13 17 8
2 6 8
4 8 2
21 23 4
14 19 4
23 2 10
16 18 7
2 6 1
11 14 8
11 14 2
3 6 7
21 1 7
22 23 14
15 18 12
2 7 13
17 21 3
4 7 10
14 17 9
4 6 6
20 1 10
21 0 10
1 3 4
7 11 2
12 16 3
3 6 9
11 13 1
22 1 8
23 3 1
20 23 6
23 2 14
0 4 8
15 18 8
14 17 10
7 9 11
17 22 7
6 9 3
9 12 13
10 13 14
18 22 8
12 13 13
0 5 12
20 0 9
18 23 4
16 19 13
22 23 4
11 14 1
17 19 11
19 1 8
7 11 2
15 18 2
9 12 14
2 7 6
11 14 2
9 12 11
5 9 1
13 17 9
18 19 8
13 16 12
22 1 6
7 10 1
2 7 7
8 11 7
0 4 14
12 15 11
7 10 7
20 22 1
15 19 6
23 3 9
4 7 14
4 9 1
22 0 13
22 0 14
19 22 4
13 17 7
11 15 4
12 14 1
10 13 9
4 7 3
3 6 6
2 4 1
14 17 2
9 11 6
13 14 9
4 7 12
3 6 3
9 10 8
20 0 8
18 21 1
11 13 12
18 20 7
5 7 11
3 8 11
1 5 7
0 4 2
19 22 4
22 1 9
16 18 14
3 6 4
3 8 14
0 4 6
19 22 7
3 7 9
5 8 11
11 15 14
13 14 7
8 12 12
21 23 11
13 16 3
12 14 1
20 0 9
23 1 14
15 18 9
1 5 3
15 18 11
13 15 7
11 15 2
22 0 6
23 2 4
2 6 8
19 21 7
8 11 5
4 6 8
0 1 9
12 14 4
2 4 4
20 22 6
18 20 9
22 1 8
19 21 12
13 16 3
15 17 12
12 14 2
14 15 5
13 17 8
23 2 3
14 19 8
0 5 11
18 21 3
15 18 9
23 1 1
5 9 10
21 1 7
14 17 5
7 9 11
16 19 8
18 20 6
2 5 3
13 17 10
0 3 3
13 18 2
11 14 4
15 18 14
13 16 5
4 7 10
10 12 8
10 14 9
23 1 12
17 19 12
5 8 11
5 9 12
2 5 1
19 23 11
18 21 2
7 10 12
2 5 2
5 8 7
10 13 12
8 10 10
2 5 12
10 14 3
9 12 2
0 2 2
12 14 3
6 8 5
0 1 3
12 15 4
15 17 6
4 7 3
21 0 14
22 1 2
10 14 4
4 6 12
15 17 11
20 23 13
16 19 14
11 13 12
9 13 3
19 22 11
14 16 3
3 5 8
13 18 14
3 6 8
2 6 2
3 5 2
7 10 5
3 5 5
4 9 7
7 9 4
11 14 14
11 14 11
8 12 8
14 16 9
12 14 9
18 20 14
16 18 3
18 21 8
1 4 12
22 1 12
12 15 10
14 15 1
17 20 2
3 6 6
15 18 13
4 8 11
9 11 7
23 3 10
4 7 3
3 8 2
9 12 9
0 3 1
7 9 4
5 9 10
0 3 5
17 18 14
6 8 10
10 15 10
4 6 6
20 0 6
14 17 14
2 5 1
15 17 9
4 6 11
22 1 4
1 4 12
21 0 10
17 19 3
4 8 11
1 3 4
13 14 6
5 8 9
4 9 11
17 19 5
13 17 7
10 15 6
1 5 2
17 21 2
7 10 14
3 7 4
14 17 5
8 12 14
18 20 12
23 1 2
9 12 7
23 2 4
22 1 3
7 9 4
2 5 5
17 21 4
13 17 9
23 2 1
15 19 8
20 22 7
13 15 12
6 7 1
11 12 11
21 0 3
17 19 2
21 1 5
3 5 13
16 18 4
4 9 1
14 16 4
7 9 5
3 6 3
4 7 6
1 4 9
10 13 11
5 7 9
8 13 13
9 13 9
9 12 6
17 19 1
9 12 2
11 15 11
20 0 13
19 23 2
6 8 2
10 14 1
11 12 6
19 23 6
12 15 6
20 23 13
11 14 9
20 23 12
5 9 10
11 15 14
0 3 8
4 5 9
22 2 5
14 18 13
10 13 2
9 11 11
5 8 7
17 19 10
5 9 3
6 9 13
8 11 14
14 17 10
22 2 11
7 10 9
3 8 14
12 15 1
16 18 2
7 10 1
22 1 3
22 0 10
21 0 8
7 12 5
17 19 7
22 0 8
10 13 11
22 0 9
20 23 9
19 22 14
0 3 7
20 22 3
7 11 9
3 6 4
19 22 7
10 14 7
15 16 9
22 23 10
17 21 8
14 17 6
13 16 5
22 23 2
1 6 4
18 20 7
14 17 2
12 15 3
0 4 3
4 7 1
11 16 2
16 20 10
0 2 9
14 18 14
2 5 4
2 7 13
4 6 13
14 17 10
17 19 3
10 13 2
12 15 13
21 0 13
7 9 8
13 17 13
0 2 12
6 9 12
19 22 9
15 18 10
20 22 4
15 16 1
15 19 12
5 7 11
14 18 13
1 4 6
17 21 6
20 22 3
1 6 7
1 3 6
19 21 14
14 16 7
14 16 5
23 1 11
4 9 6
16 18 7
22 0 3
21 22 8
22 1 5
11 14 10
21 23 2
16 20 8
23 2 8
23 0 5
19 21 5
22 23 1
23 3 10
14 17 1
0 3 11
19 0 9
0 3 5
8 11 11
19 21 14
20 23 2
1 4 1
1 3 14
11 12 9
12 15 8
3 6 1
0 2 1
0 4 7
18 21 12
9 13 12
9 12 14
1 4 11
20 23 3
11 15 9
6 8 10
5 7 12
11 14 7
1 5 11
20 22 13
11 15 7
3 5 4
16 19 9
11 13 6
10 14 7
20 0 4
7 11 7
13 15 11
7 10 1
11 15 1
7 10 7
1 5 9
12 16 2
23 4 3
18 20 10
13 15 7
23 2 4
13 16 5
18 0 11
1 5 4
9 12 7
17 19 2
8 12 11
10 14 10
21 0 1
3 6 8
20 1 3
9 11 6
6 9 11
10 14 6
7 10 7
20 0 3
10 13 13
15 19 9
2 5 2
2 6 6
9 13 10
1 2 8
18 22 11
15 19 10
14 16 6
0 4 3
23 2 13
19 23 2
15 19 6
0 3 10
0 4 10
2 5 6
23 2 14
13 17 8
2 5 4
11 14 8
1 3 5
2 5 4
4 5 7
5 8 6
6 9 10
7 9 11
1 4 6
21 23 7
5 8 1
15 18 5
17 21 12
22 23 2
20 22 1
8 12 7
5 6 1
18 22 3
9 13 3
13 16 1
19 21 9
2 5 2
6 8 8
17 21 4
3 6 1
17 20 7
12 15 13
21 0 3
14 18 1
11 14 9
21 1 10
7 10 4
23 3 3
19 22 10
2 4 12
5 8 1
10 13 6
22 1 6
23 2 5
14 18 14
7 10 10
10 14 1
17 19 1
9 11 8
13 16 3
1 4 8
9 12 2
3 7 9
3 7 4
4 6 3
2 4 7
2 6 3
12 15 4
18 21 11
21 23 14
22 1 6
12 15 1
16 18 13
20 1 9
13 18 1
19 23 6
13 15 12
19 23 14
5 9 6
21 1 6
23 0 1
1 4 2
15 17 10
13 17 14
17 20 10
23 2 11
18 21 14
11 14 8
15 17 8
0 3 6
1 5 8
6 7 10
4 6 7
19 22 11
18 21 4
12 15 11
6 8 6
15 18 3
8 11 14
21 1 10
18 20 4
10 14 5
3 6 13
19 22 1
22 0 9
19 21 2
5 7 3
12 15 6
12 16 2
19 22 13
4 7 7
22 0 6
1 5 7
15 19 2
1 4 11
21 23 6
20 0 1
7 10 5
14 18 1
12 14 3
9 13 6
14 18 10
18 20 14
3 5 8
7 10 13
14 18 10
18 20 5
14 16 10
18 22 2
21 22 3
0 2 1
7 10 7
0 3 9
11 15 4
11 14 11
9 13 5
20 23 5
7 12 4
18 21 3
21 1 4
22 1 11
15 19 13
1 4 8
6 7 6
22 1 10
1 5 10
11 14 12
19 23 11
1 5 10
10 15 2
