900 7
3 7 10 6 6 10 4 
9 12 1
11 14 7
10 14 4
22 0 6
21 23 5
11 13 1
6 10 3
4 5 7
17 20 6
19 0 3
8 12 4
4 8 3
9 13 7
12 16 2
0 2 1
23 4 3
21 0 5
14 17 2
2 6 7
20 0 2
16 20 1
9 11 4
10 15 7
23 4 4
5 8 2
17 22 3
7 10 5
5 6 6
18 21 2
4 7 4
6 10 7
12 16 7
10 14 4
0 2 6
16 19 1
18 22 6
8 11 3
16 17 7
19 22 5
23 2 2
2 5 3
14 15 2
23 2 6
20 22 3
11 15 7
3 7 3
3 7 3
15 17 6
12 17 4
22 1 2
0 2 7
11 14 6
13 16 3
18 21 4
17 20 1
14 17 5
12 14 5
4 6 5
13 17 4
19 23 3
2 6 6
11 15 2
1 5 7
14 18 7
13 16 6
23 2 4
6 9 6
13 14 6
16 19 7
13 16 6
6 10 2
1 3 7
8 11 3
3 5 4
5 8 6
14 18 7
12 14 6
17 21 1
14 17 1
19 22 5
18 22 5
20 22 4
21 2 5
22 1 6
8 12 3
11 14 4
0 3 4
13 15 7
10 12 7
9 12 7
6 9 7
10 13 2
14 17 4
16 18 5
11 14 7
10 15 7
1 5 6
4 8 1
5 7 6
21 0 4
2 4 1
14 18 6
4 8 4
19 22 6
3 6 6
5 7 3
19 23 1
10 13 2
20 0 7
14 18 1
8 12 1
1 6 3
4 7 4
1 5 3
19 22 4
12 16 2
20 23 6
14 17 4
9 13 2
4 6 1
20 22 3
15 19 5
7 9 7
17 21 3
20 23 7
11 15 2
6 8 7
22 1 6
5 9 6
15 16 6
6 10 2
8 11 4
10 12 3
10 13 5
1 3 4
17 20 7
4 8 5
3 7 4
12 14 2
6 7 1
6 11 1
17 20 2
10 13 4
15 17 3
22 1 1
6 10 2
11 12 5
7 9 3
6 8 7
3 8 5
18 20 5
14 17 6
20 22 2
4 7 5
2 7 2
7 8 5
5 7 5
12 17 3
20 22 7
3 9 3
0 3 7
5 9 3
8 10 1
5 7 5
6 8 2
8 12 1
22 3 5
17 19 4
18 22 7
4 7 4
14 17 6
12 16 6
19 22 1
10 13 5
15 17 1
7 11 7
15 17 2
11 13 7
3 6 7
14 17 5
15 18 2
5 6 4
1 4 5
16 20 4
23 0 3
15 17 1
0 3 6
6 10 4
18 20 6
14 15 3
8 10 5
5 8 1
0 3 7
22 2 1
11 13 7
9 12 1
16 19 5
20 23 7
2 5 5
22 1 1
7 10 4
18 21 6
11 14 3
22 0 4
6 7 5
3 5 2
15 18 6
22 1 2
12 16 7
22 0 3
0 5 3
19 23 4
2 5 1
20 0 6
7 8 2
5 8 1
16 18 2
7 9 1
8 11 2
0 2 7
10 14 3
20 23 4
7 11 1
1 5 2
8 11 6
16 18 6
5 10 2
22 3 2
1 5 7
3 6 5
16 18 7
10 13 3
18 21 7
5 8 3
14 15 5
13 16 6
10 12 3
2 6 3
3 5 6
22 0 4
12 16 3
23 1 7
12 16 7
2 4 4
9 12 1
8 11 6
20 23 7
19 21 4
16 19 1
7 8 5
19 22 4
9 12 1
23 0 2
15 20 2
4 7 2
3 7 4
22 2 2
8 11 4
10 10 3
15 17 4
11 13 6
10 13 2
1 4 4
21 1 5
11 15 1
15 19 3
8 12 7
4 7 6
10 14 6
3 5 4
9 12 1
23 2 2
10 13 5
1 3 4
12 13 4
8 10 1
1 5 1
5 7 6
15 18 2
7 12 2
9 12 3
16 20 4
12 14 5
10 13 4
14 16 7
12 17 6
10 14 7
18 21 2
19 21 2
2 5 4
16 20 3
22 23 1
7 10 6
11 14 6
14 18 6
2 3 2
7 11 2
14 17 5
8 11 4
23 3 1
19 22 1
5 7 2
17 20 6
22 1 7
1 4 7
4 5 6
18 21 1
21 23 5
4 9 3
18 22 7
4 7 2
8 12 1
19 20 5
12 16 2
10 13 5
23 2 6
6 9 5
0 3 3
20 23 2
11 13 6
2 5 6
6 7 2
14 16 1
15 18 7
10 11 7
1 5 7
6 8 3
21 23 6
15 20 4
20 23 4
14 17 2
22 1 1
14 18 6
11 15 1
12 16 4
15 18 1
12 16 2
20 22 6
8 11 4
20 22 3
21 23 1
5 7 4
2 5 5
1 4 7
17 20 6
21 22 7
22 1 4
8 11 7
10 12 6
12 15 4
6 8 7
23 2 2
12 15 7
22 2 5
3 6 1
13 16 3
13 16 3
10 14 2
15 17 4
13 17 2
5 9 4
5 8 1
17 20 7
17 20 1
0 2 5
23 4 4
10 13 4
11 14 1
21 1 7
17 21 2
3 6 3
23 2 4
1 4 4
8 12 5
21 1 7
19 20 4
5 9 1
15 17 6
5 8 3
4 6 4
22 0 4
5 6 5
3 7 4
4 7 2
4 8 5
0 3 6
1 5 5
20 0 5
12 16 2
5 8 2
12 17 5
10 12 1
4 7 1
10 12 1
23 1 3
6 8 5
5 9 5
17 22 2
14 17 6
17 20 2
18 20 4
7 12 5
2 7 3
22 1 7
22 2 4
1 3 3
23 2 5
18 20 1
8 10 4
10 13 5
12 15 2
18 22 5
2 6 5
9 12 4
18 20 6
20 20 7
20 22 4
11 15 7
5 8 2
18 20 6
11 15 1
13 15 2
14 18 7
21 1 4
3 5 6
20 1 4
23 1 5
6 9 7
17 20 7
5 8 4
14 17 4
19 20 3
19 22 6
17 20 4
3 6 5
10 14 1
17 21 4
17 21 3
20 22 5
20 23 5
16 19 3
0 4 4
0 3 4
16 19 2
13 16 1
21 0 6
4 7 5
22 0 7
8 12 4
3 5 4
19 23 4
19 21 7
22 0 5
18 20 5
1 5 1
1 6 4
7 12 4
17 20 1
17 23 7
16 20 3
23 1 1
11 14 7
11 13 3
5 7 5
16 20 7
3 7 2
21 23 6
19 20 5
11 15 4
7 9 6
2 7 5
22 23 1
0 3 5
10 12 2
14 16 1
5 6 4
22 1 5
22 23 3
14 18 3
15 19 2
14 17 1
19 22 5
23 2 3
23 0 3
20 22 1
10 13 2
17 22 1
7 10 3
12 15 2
11 14 3
18 21 2
13 16 7
5 8 6
9 10 6
17 20 4
4 8 4
1 5 5
8 12 5
22 1 1
11 12 2
16 19 4
10 13 6
13 15 4
16 21 2
15 18 6
18 21 2
11 12 7
20 22 3
21 23 4
16 18 6
18 19 6
15 18 1
19 21 1
6 8 7
4 8 4
20 22 2
11 14 5
9 10 1
4 7 1
10 14 3
23 2 5
12 17 4
11 13 3
2 5 1
2 4 6
23 2 4
7 8 3
11 15 3
4 11 1
2 4 3
7 10 2
17 20 1
6 8 4
19 0 3
16 18 3
22 2 3
17 20 6
14 18 1
13 16 1
10 14 4
15 20 1
19 22 6
21 1 7
19 21 6
12 15 4
7 11 3
6 6 2
3 5 5
23 0 6
8 11 1
2 4 7
4 5 5
20 23 2
2 4 4
14 18 2
20 21 7
23 3 7
4 7 6
3 7 6
18 22 3
16 20 4
21 23 7
10 12 5
12 14 5
22 1 6
6 11 2
20 23 2
6 10 1
8 10 3
9 12 5
8 11 6
22 1 3
7 10 7
1 4 6
16 18 4
12 14 4
5 8 1
8 10 5
20 22 7
0 4 7
5 7 6
13 16 1
5 8 7
1 3 1
21 22 6
17 20 7
4 9 1
4 8 6
16 19 5
2 5 4
14 18 6
2 4 4
16 20 7
19 22 6
20 20 4
16 18 7
19 21 7
12 14 4
19 22 4
3 6 7
19 21 1
11 14 2
8 11 5
16 18 2
15 19 4
22 2 4
19 21 5
18 19 7
16 18 5
6 10 1
19 23 2
11 12 2
5 9 4
14 17 4
10 11 3
8 10 4
15 19 3
12 15 7
0 2 5
3 5 1
7 8 6
13 16 2
11 15 3
6 9 6
22 1 7
18 21 4
2 5 3
8 10 3
6 8 6
19 21 7
22 1 7
22 22 4
12 15 6
1 5 5
17 18 1
14 16 5
15 19 5
23 2 2
12 16 3
19 22 3
17 21 5
21 0 4
14 18 6
19 20 1
2 3 7
23 1 3
3 5 5
20 22 5
13 19 3
4 6 2
1 3 5
6 9 4
14 17 1
3 4 5
1 2 6
1 3 4
17 20 2
14 18 7
12 14 6
3 7 3
2 6 6
7 8 1
18 23 6
19 0 4
9 11 4
23 4 6
2 6 3
22 2 4
23 3 5
14 17 6
22 1 2
0 4 4
6 8 3
18 20 1
6 9 7
16 19 5
15 18 6
12 15 6
17 19 1
4 6 1
6 9 2
0 4 7
21 23 5
21 0 1
17 20 2
16 18 6
5 7 1
0 3 7
22 1 1
7 9 5
1 4 7
20 22 3
23 3 2
15 18 1
22 3 2
8 11 2
4 8 1
4 9 2
7 12 6
9 12 1
22 2 6
17 19 3
18 18 2
22 2 5
0 3 6
0 4 1
21 0 1
22 0 2
16 19 6
7 9 6
7 10 4
0 2 6
11 16 4
5 8 1
21 1 1
22 1 1
11 13 1
0 3 7
1 4 7
23 0 3
2 4 5
4 6 7
20 0 4
18 20 2
12 14 5
20 23 2
2 5 3
3 7 7
18 22 7
15 17 5
0 3 4
1 3 1
6 9 7
17 20 4
9 11 5
0 6 3
2 4 3
17 19 7
6 10 1
2 6 2
3 8 5
18 21 5
12 14 1
3 7 3
10 10 7
11 13 6
21 0 3
17 19 1
8 13 4
2 5 6
5 7 5
5 8 2
13 16 4
1 4 6
3 5 1
3 5 2
21 0 4
22 2 6
18 19 5
11 14 4
13 15 7
1 4 3
23 2 7
22 0 6
5 8 4
23 3 1
21 23 3
7 8 5
18 20 6
4 6 6
23 1 4
23 3 3
4 7 6
2 5 4
0 2 3
6 9 3
14 15 1
11 15 7
11 15 3
6 7 5
22 2 5
8 11 6
1 4 1
20 23 5
19 22 6
11 14 4
13 17 6
19 20 6
5 8 1
12 16 2
0 3 6
3 8 1
6 10 6
17 21 5
20 0 7
22 1 3
8 11 4
0 1 6
15 18 3
2 5 7
8 12 5
11 14 2
7 11 5
12 15 7
5 7 2
1 4 2
5 9 4
17 23 4
22 2 2
12 13 2
16 17 3
14 16 3
20 23 4
23 2 1
22 0 4
5 10 1
6 8 6
23 0 3
4 5 2
23 3 3
5 7 7
10 13 7
21 1 4
12 15 5
16 20 1
19 22 2
6 7 4
20 22 1
10 13 6
10 13 3
6 10 7
11 12 4
15 19 3
8 12 1
2 6 1
9 12 5
3 4 1
0 4 3
13 16 6
8 10 4
0 3 3
0 3 2
8 11 6
11 16 7
10 14 6
23 3 5
3 8 4
13 14 2
23 1 7
13 15 6
10 12 6
2 5 4
20 21 4
22 2 2
23 1 7
2 5 5
22 1 2
7 11 3
9 12 3
20 0 5
13 15 7
14 18 4
8 10 4
16 18 4
9 13 1
3 6 5
6 9 7
0 4 6
15 16 2
22 0 1
17 19 5
1 4 5
1 4 4
1 4 2
12 16 4
15 20 7
13 14 2
7 8 3
20 22 4
7 12 2
15 18 1
3 6 5
0 3 3
2 5 1
8 12 5
17 19 3
6 9 7
9 14 5
9 12 1
16 20 7
8 10 5
13 15 7
6 10 5
10 13 7
21 1 2
4 9 1
0 4 2
22 2 7
14 17 3
7 10 5
