1450 18
10 9 4 7 5 3 1 1 8 6 6 8 3 3 7 2 6 8 
13 15 8
6 10 9
6 9 17
12 16 15
19 21 12
0 3 16
2 4 11
23 0 11
5 6 2
18 22 1
19 23 17
14 17 12
21 23 5
0 4 4
5 9 11
17 21 16
6 8 17
16 19 12
10 13 16
18 21 10
6 10 14
4 6 2
13 17 8
9 13 13
4 7 8
13 17 14
18 20 9
14 17 8
16 18 16
21 1 2
2 3 18
18 21 1
5 10 10
5 7 10
0 3 9
18 22 13
20 23 4
11 15 5
7 11 12
17 19 4
20 22 1
3 6 9
23 1 18
8 11 11
9 13 5
6 9 4
6 11 1
14 18 16
9 11 4
4 7 7
0 4 15
20 1 9
10 12 4
16 18 9
1 5 13
22 3 5
1 4 13
19 22 11
4 8 12
0 2 9
10 12 17
19 23 14
6 10 10
8 11 10
7 11 16
5 7 17
14 17 7
14 17 18
17 19 9
10 14 9
1 2 18
9 14 1
20 23 1
13 16 2
13 16 5
16 19 7
12 13 3
15 19 17
17 20 5
20 1 8
0 2 14
19 22 13
9 14 3
12 16 10
21 0 15
6 9 14
22 1 2
18 21 14
3 5 12
18 21 16
15 18 1
6 8 15
18 19 17
10 13 13
9 13 4
12 15 3
14 17 4
21 0 7
3 7 2
21 1 8
8 12 9
1 2 8
7 8 5
17 21 11
1 3 12
11 13 9
12 14 3
18 21 1
22 23 4
4 8 1
10 12 8
7 10 3
8 10 15
12 15 2
19 22 12
6 7 11
17 22 9
14 16 18
8 12 4
7 10 18
15 17 9
11 15 2
19 23 15
11 13 1
14 19 6
22 3 12
7 12 4
16 20 14
16 18 16
0 2 16
22 2 10
22 0 1
11 14 11
18 19 11
19 22 16
12 14 12
0 2 10
13 16 12
15 20 11
15 18 8
3 4 18
5 8 7
16 19 13
4 8 17
10 13 17
19 22 14
4 7 13
21 22 4
5 9 9
3 4 14
13 15 12
3 6 18
18 21 2
12 16 12
6 6 3
23 3 15
13 18 10
8 9 2
13 15 2
3 7 17
19 22 4
14 18 16
1 4 1
15 17 17
15 20 1
2 5 17
9 13 13
7 10 1
23 1 2
7 9 5
12 15 14
22 0 4
19 21 13
7 11 6
23 2 9
5 8 11
18 22 5
16 21 5
1 3 12
1 4 8
4 6 11
9 13 17
10 13 10
20 23 8
19 19 6
16 19 16
2 3 16
15 18 13
6 6 17
20 0 3
20 23 9
20 0 6
17 21 1
3 5 12
11 14 10
11 14 12
12 15 14
21 1 12
8 12 9
18 21 1
3 8 15
0 4 10
3 7 10
20 23 9
7 11 1
15 19 1
10 13 15
10 14 13
10 14 10
19 22 3
2 5 9
0 4 4
13 16 8
7 12 3
7 11 12
22 1 5
4 7 10
8 11 7
3 5 18
15 18 10
18 20 6
11 13 9
4 7 8
13 14 15
23 2 12
5 9 12
14 17 11
13 15 1
0 3 6
12 14 14
4 8 16
1 5 12
15 17 3
2 6 6
16 20 8
21 0 17
15 18 5
0 4 12
18 21 6
23 3 14
16 20 2
6 7 3
19 21 6
7 10 12
21 22 5
22 23 17
18 21 18
8 12 15
22 1 7
12 16 1
21 23 10
7 11 13
2 5 18
18 21 4
2 7 2
1 2 8
20 22 9
23 1 12
1 5 14
20 1 9
10 16 17
3 5 15
1 4 13
11 14 16
18 22 5
12 14 17
16 18 13
18 20 5
22 1 3
18 20 4
23 2 14
21 1 6
14 18 9
4 7 18
12 14 10
14 17 5
16 20 17
18 20 13
1 6 12
14 17 17
9 12 3
9 12 11
15 17 10
21 23 18
12 16 9
11 14 3
2 6 7
16 17 2
17 23 15
10 14 16
4 7 4
5 10 11
18 22 9
18 21 18
8 11 3
4 5 1
19 21 10
1 3 2
12 14 3
18 23 13
21 0 18
4 8 13
1 5 8
0 3 3
19 20 5
9 13 6
1 4 3
16 19 15
20 22 1
7 10 16
12 15 10
2 7 3
20 23 14
4 7 14
23 1 9
17 20 13
8 12 12
5 8 2
18 22 13
14 17 2
0 3 8
15 19 12
7 9 9
6 10 14
17 18 17
6 9 11
1 5 10
17 21 8
16 19 16
11 13 12
22 2 7
13 14 9
8 11 17
7 9 1
23 1 3
14 17 15
13 16 7
17 22 3
5 7 12
5 9 13
9 12 4
4 7 15
10 11 5
13 16 11
23 3 10
18 20 12
8 13 6
7 10 17
23 4 1
23 1 5
15 18 16
5 8 17
17 20 1
19 21 17
12 15 13
17 20 10
23 2 16
20 22 17
12 13 14
17 18 7
11 14 5
18 19 8
8 12 10
20 0 9
20 23 14
17 19 5
9 12 4
1 3 3
23 2 12
4 8 2
5 8 6
15 18 18
13 18 9
6 9 5
20 23 17
14 19 11
20 23 4
9 13 3
19 20 11
2 5 16
19 22 9
17 21 4
22 0 6
20 22 17
17 20 8
2 4 9
4 8 7
8 10 16
8 11 16
1 3 10
23 2 16
21 0 10
14 17 3
21 22 3
18 21 3
12 15 3
18 21 17
7 11 10
21 22 5
16 19 6
22 23 13
9 10 5
13 17 10
22 1 10
20 23 3
9 12 16
14 18 17
15 17 9
20 23 7
12 15 8
20 22 3
13 16 14
18 21 15
4 7 14
4 8 11
20 23 6
10 14 16
12 16 4
1 4 4
5 9 15
22 1 1
4 8 2
15 18 9
10 13 17
13 19 5
11 13 10
3 5 17
4 6 4
12 14 1
14 16 3
6 9 10
4 7 1
11 14 3
11 14 2
13 14 1
0 3 18
22 2 13
6 9 14
15 18 12
17 21 8
1 5 17
5 7 4
21 23 2
15 20 1
0 3 2
6 9 17
15 17 10
18 21 3
4 8 6
5 8 1
5 9 11
20 1 13
4 8 14
21 0 3
7 9 16
23 2 12
7 10 5
17 19 17
20 23 1
13 18 5
17 20 1
23 2 16
17 19 12
2 4 13
15 17 3
23 3 3
4 8 4
22 1 12
22 1 11
9 12 7
0 4 14
15 19 8
19 23 5
22 1 17
1 3 18
13 14 10
11 15 1
19 21 6
20 23 7
9 13 13
23 1 7
20 21 10
19 21 5
19 22 12
6 10 17
9 13 7
1 5 10
12 17 3
18 22 14
11 15 2
14 18 10
6 7 2
17 19 15
7 9 8
22 23 16
5 8 3
5 7 14
13 17 11
2 4 10
6 9 5
5 9 15
14 17 9
2 5 13
18 20 11
13 14 6
8 12 1
10 13 2
16 19 1
13 17 18
13 17 18
12 15 18
20 21 16
20 23 18
12 16 13
22 2 2
3 6 13
5 7 4
13 16 16
15 18 12
1 4 3
20 23 9
11 14 17
21 0 3
0 3 4
10 12 8
14 15 2
23 3 9
15 19 16
8 12 6
4 9 13
16 20 9
2 6 10
4 6 3
17 21 6
12 15 5
14 17 3
16 21 14
18 20 12
1 5 1
21 2 17
15 18 13
5 8 7
4 8 4
17 20 10
23 2 6
6 12 17
19 22 12
4 7 2
17 22 1
17 20 6
23 4 13
1 6 18
8 11 18
16 18 11
1 5 6
11 13 17
15 18 6
11 14 15
17 21 13
5 9 4
13 16 3
14 17 5
1 3 17
20 23 12
16 18 1
16 21 5
8 11 18
11 14 6
7 9 7
14 17 7
13 18 7
17 23 1
13 15 13
14 17 1
4 8 14
2 6 4
22 2 2
2 5 15
9 12 17
0 4 8
2 4 9
0 5 1
0 3 7
22 2 5
20 23 17
18 20 8
3 6 15
23 3 1
0 1 14
1 5 17
8 10 15
14 16 10
8 10 15
6 10 17
9 11 5
18 20 11
8 10 11
8 11 13
12 15 2
15 19 5
10 15 13
9 11 17
5 7 18
1 5 13
0 2 3
0 4 3
15 17 2
1 3 17
9 11 13
23 3 14
3 6 4
16 19 13
21 0 8
0 2 5
8 10 7
19 21 10
13 16 5
9 11 1
15 19 16
13 15 9
22 1 16
20 0 12
1 6 8
13 16 6
15 18 10
19 21 11
21 0 10
20 22 5
14 16 2
16 19 9
4 5 11
8 10 11
22 0 12
1 4 15
0 5 15
17 18 13
12 15 2
0 4 13
20 22 11
3 4 7
6 6 3
15 19 3
23 2 11
13 17 18
13 18 2
13 17 11
18 21 5
4 8 10
11 14 14
1 6 10
23 2 16
14 18 1
12 15 14
8 10 11
20 0 12
12 15 16
12 16 12
19 22 12
8 12 2
1 3 11
16 18 3
17 22 6
23 4 2
0 2 2
14 16 10
3 6 1
10 14 5
11 14 13
9 14 15
9 13 1
17 20 5
2 5 10
8 10 14
13 16 7
13 17 3
12 16 3
21 0 10
12 15 7
17 20 1
19 21 9
11 13 6
19 0 6
16 19 14
5 7 3
2 5 17
0 4 14
2 6 6
4 8 14
9 15 1
4 8 13
15 18 1
15 17 13
3 6 11
10 13 1
12 15 16
18 20 7
17 19 7
5 9 4
16 18 12
17 20 3
3 6 3
12 14 3
6 10 8
12 15 13
2 5 11
14 17 7
11 15 15
3 7 15
23 1 1
23 1 12
1 5 12
0 3 12
11 13 3
0 2 16
18 22 7
11 13 9
11 14 9
0 4 7
16 20 8
4 7 2
22 1 18
21 0 17
15 20 5
20 23 13
0 4 1
13 16 8
0 2 9
2 5 8
4 7 5
0 1 4
19 23 3
0 2 15
0 1 17
14 18 5
17 21 5
18 20 2
14 18 17
5 8 12
23 0 7
12 15 12
2 5 7
9 11 15
14 16 4
1 4 14
22 4 1
1 3 17
4 7 6
19 20 6
14 18 4
14 16 14
5 9 12
20 23 8
7 10 9
17 18 1
13 16 2
11 14 15
21 1 1
11 14 5
13 15 12
21 23 13
20 22 2
22 0 16
15 20 18
16 20 11
9 12 18
13 16 5
23 2 2
14 16 11
22 1 13
0 3 12
13 17 10
12 15 2
18 22 8
15 18 2
3 6 17
22 2 15
12 15 16
16 18 13
3 4 16
0 3 9
22 1 3
21 23 2
8 11 9
1 4 5
16 17 3
11 14 8
17 20 3
1 3 2
5 8 10
7 9 13
12 14 15
16 19 11
10 11 2
23 1 8
16 19 3
17 19 12
3 7 1
5 6 11
15 17 15
6 10 1
3 6 1
11 13 3
3 5 14
10 12 12
3 5 12
1 3 13
13 17 9
3 3 7
21 0 15
0 2 3
16 20 9
19 21 3
5 7 4
6 8 9
14 16 6
18 22 4
4 5 10
14 16 14
2 4 4
21 2 5
1 5 14
4 8 8
21 23 4
13 17 4
20 22 18
7 10 8
23 3 11
4 8 12
22 1 1
10 12 9
5 7 7
6 11 14
20 23 17
2 5 13
14 18 5
13 16 12
5 7 9
20 23 10
16 19 13
14 15 1
2 6 12
5 8 5
1 3 3
23 2 17
0 4 15
16 20 2
13 17 4
4 5 12
13 17 3
6 10 16
14 19 12
4 7 12
1 4 8
7 10 13
23 3 14
12 15 5
10 14 7
0 2 10
23 1 9
18 22 10
20 21 15
15 18 6
0 4 11
17 21 6
17 20 1
21 23 16
7 10 12
19 23 14
10 12 13
14 17 12
3 6 18
23 1 5
1 4 9
17 18 17
19 21 2
23 2 12
7 9 12
13 17 16
20 22 17
0 3 9
10 13 17
21 23 10
22 1 10
15 16 8
13 17 17
20 23 14
8 10 10
11 14 1
8 10 18
10 13 14
11 13 1
8 11 7
14 18 17
23 0 3
8 11 3
10 12 14
15 19 15
19 21 15
5 8 9
23 2 4
12 15 4
12 15 14
2 5 10
12 16 9
15 19 5
16 21 4
8 11 17
13 17 9
15 18 15
12 15 4
8 9 9
18 20 18
17 20 2
14 17 10
19 22 5
3 5 7
1 4 3
22 0 1
17 21 9
9 10 18
16 17 10
14 17 10
3 5 15
19 21 4
4 7 18
7 10 1
22 0 18
16 19 10
4 6 6
2 5 8
17 20 13
16 20 3
6 10 16
20 23 1
7 9 14
5 7 12
11 13 7
8 11 3
14 16 6
9 13 12
13 17 7
2 6 8
7 10 17
4 8 1
13 17 10
6 8 13
17 18 14
12 14 13
12 16 15
8 10 13
23 1 10
23 2 3
21 1 4
8 10 16
2 5 6
1 6 18
22 1 14
7 11 14
10 13 16
6 8 8
0 5 7
13 16 18
16 19 14
3 6 9
23 3 4
22 0 16
21 1 1
3 6 5
5 9 4
23 3 10
3 6 11
4 6 9
12 15 17
12 15 4
23 3 12
9 12 3
23 2 4
0 2 14
3 7 14
0 3 11
0 3 11
6 8 4
3 4 4
12 13 9
9 11 5
23 4 9
5 7 5
19 22 12
3 5 4
5 7 13
17 20 3
13 16 12
2 6 10
13 17 14
23 3 2
17 20 11
13 15 10
3 5 1
13 16 18
18 22 16
10 13 8
17 21 2
11 14 17
21 23 1
21 0 14
15 18 3
15 18 17
22 1 9
5 7 3
18 20 5
9 13 7
14 17 3
17 21 13
7 10 12
13 15 5
23 3 10
16 19 8
21 23 5
8 13 7
5 8 4
4 9 10
12 14 1
0 5 15
4 9 5
2 4 15
12 16 4
21 1 4
7 10 10
1 4 7
18 20 14
23 1 17
10 13 17
21 0 3
19 23 16
0 2 2
19 23 15
22 0 8
5 9 5
9 12 14
9 11 15
22 1 6
4 7 18
11 15 10
21 1 8
20 0 12
9 12 13
4 6 6
10 15 4
14 17 6
10 14 17
6 6 18
21 0 11
5 8 10
5 7 7
15 16 16
11 15 9
22 2 2
20 23 15
10 11 18
21 23 16
19 20 1
7 9 3
3 7 10
11 15 15
6 9 8
23 0 12
11 14 16
23 4 13
19 0 8
8 13 8
17 20 18
4 7 8
0 3 18
12 17 8
12 14 2
17 19 11
15 19 2
0 4 8
5 7 5
16 20 18
18 21 2
16 18 8
4 6 16
3 5 14
23 2 18
6 10 16
16 19 14
4 8 14
4 8 13
17 19 1
23 3 14
17 18 17
0 3 15
23 3 16
3 5 13
0 2 9
13 16 4
1 4 10
17 19 3
0 3 17
5 9 18
12 15 18
1 4 7
22 2 7
11 13 10
1 5 1
16 17 2
8 9 14
8 10 1
15 17 10
14 16 13
11 15 12
23 2 8
17 20 7
4 7 15
5 8 16
9 10 8
2 4 6
7 13 9
11 13 6
20 23 11
18 20 3
15 18 17
0 2 12
8 10 8
19 20 5
8 9 14
1 3 13
19 21 18
17 19 6
4 8 15
5 9 11
8 12 8
23 3 1
1 3 6
1 4 18
22 1 4
5 9 14
14 18 17
21 0 10
8 11 2
7 11 9
20 22 6
22 1 16
12 13 4
13 15 5
19 20 17
17 19 15
5 9 7
5 8 14
8 11 12
0 1 1
3 6 10
5 9 18
1 3 11
16 18 14
21 23 8
8 14 13
19 23 12
4 4 18
17 20 3
19 21 3
23 0 13
4 7 17
5 9 11
21 0 13
15 19 5
16 18 9
7 11 2
6 9 16
13 16 7
20 23 6
3 5 5
7 9 3
6 10 2
9 10 1
13 15 18
0 2 4
5 7 1
0 2 2
10 11 10
7 9 6
4 7 16
18 21 18
19 20 6
23 2 2
1 4 9
17 20 13
21 23 18
17 18 16
13 16 7
16 19 16
12 15 6
13 16 13
8 10 14
3 5 6
21 1 4
19 21 2
5 8 9
17 19 11
18 20 14
13 17 6
17 20 14
12 14 2
17 19 3
14 20 7
22 1 14
13 17 9
1 5 14
19 21 13
8 10 5
4 8 15
3 5 18
17 20 5
17 19 12
14 17 9
7 10 17
23 0 12
13 17 7
3 5 4
13 16 4
10 15 15
2 3 8
21 0 10
8 12 12
2 6 13
20 22 14
3 7 1
20 1 4
2 5 17
7 9 1
16 18 14
15 18 2
6 8 12
9 12 9
13 17 13
4 7 7
18 21 7
18 20 16
6 7 4
1 6 17
20 0 10
14 18 18
6 10 8
16 17 17
8 10 2
3 5 12
19 23 12
0 3 6
0 2 11
18 23 10
23 3 8
5 8 16
20 22 10
18 22 9
13 15 14
8 11 5
1 5 7
12 13 11
0 1 11
12 15 18
0 2 8
2 6 17
5 7 14
0 3 17
0 2 7
9 11 13
18 22 8
7 11 1
13 16 16
15 18 11
14 16 16
15 17 14
8 11 3
14 16 9
8 11 5
20 0 1
3 7 7
3 6 18
10 13 16
16 20 9
0 4 10
16 19 15
3 5 14
1 4 18
0 3 1
14 17 7
20 0 11
5 8 17
22 1 3
0 3 8
18 21 3
23 3 14
21 0 17
9 14 7
16 19 5
10 14 2
16 18 17
13 18 17
12 16 3
13 17 13
15 17 5
10 14 5
15 18 5
10 13 11
21 0 18
16 20 2
2 6 7
18 21 7
23 2 11
4 7 10
10 12 4
10 14 13
5 8 6
6 8 3
7 11 5
4 8 10
23 4 5
3 5 15
13 15 15
6 10 6
17 20 16
11 15 15
9 13 18
17 19 5
11 15 7
2 4 7
8 11 8
17 22 13
15 18 10
12 16 13
21 23 2
20 23 4
15 18 17
1 5 1
20 21 2
14 16 10
22 1 13
14 17 4
21 0 1
19 20 10
20 0 10
4 7 8
0 3 8
17 21 16
12 15 2
20 21 17
16 20 15
12 14 9
16 18 8
21 23 1
3 7 11
7 11 16
15 19 13
16 19 18
12 13 5
23 2 7
19 22 10
19 22 3
2 6 11
4 7 7
15 17 14
10 13 12
9 10 9
16 18 17
8 13 17
12 14 16
23 1 18
15 17 1
0 3 14
21 0 6
8 10 16
21 22 4
18 19 13
23 1 4
23 2 8
17 21 1
10 13 7
21 23 4
6 8 2
16 20 5
21 22 9
20 22 15
10 15 12
12 16 18
8 11 9
14 17 16
15 19 9
12 16 8
7 9 6
16 21 5
22 2 1
2 6 8
3 7 14
14 17 9
21 23 15
5 7 2
12 14 1
9 11 7
3 6 12
10 13 4
19 20 17
22 2 1
14 18 12
0 3 16
15 19 14
3 5 13
19 21 18
4 7 18
9 13 13
11 13 6
18 21 16
5 9 4
5 8 9
9 12 1
12 14 18
21 1 18
6 10 5
1 4 16
9 12 9
13 17 2
22 23 4
11 14 17
22 1 3
11 13 12
6 9 5
23 2 2
14 17 2
7 11 7
18 0 4
21 1 6
5 8 3
15 17 17
8 12 5
13 17 8
1 5 16
22 1 16
22 0 15
0 4 5
23 23 11
3 7 12
22 0 16
21 2 15
13 16 10
19 22 5
23 3 15
15 19 13
7 11 15
7 8 14
12 15 13
