2900 14
10 1 2 6 9 3 8 8 7 2 7 9 6 1 
8 9 6
8 12 7
4 8 4
11 13 8
16 22 4
21 0 13
6 11 11
13 16 7
8 11 3
0 3 9
1 3 2
0 3 4
20 22 8
21 23 9
15 19 11
0 2 3
21 22 9
22 22 5
2 5 5
23 4 2
11 15 8
13 16 14
6 7 10
19 21 12
23 0 5
18 19 7
4 7 12
13 18 3
4 6 12
6 9 5
3 6 4
17 21 1
1 4 8
0 4 3
1 4 2
0 2 6
15 17 7
23 2 14
12 14 6
10 13 12
13 15 12
17 19 3
3 6 13
4 7 3
22 0 4
6 10 7
5 9 4
19 21 7
7 7 6
15 19 6
10 15 12
7 10 13
19 20 3
2 3 8
4 7 14
8 10 1
23 1 10
7 9 1
11 14 12
0 3 3
3 6 7
19 21 13
19 22 14
23 0 6
6 9 5
11 14 7
15 16 1
18 22 9
18 22 5
0 3 9
1 5 2
23 2 11
18 20 1
14 18 3
7 11 7
4 7 2
21 1 8
5 9 7
15 20 2
6 9 2
14 18 5
9 12 1
3 6 6
16 19 10
3 6 3
3 6 14
0 4 1
17 20 14
1 5 5
5 8 9
23 2 5
11 15 1
16 20 2
21 1 8
3 5 7
5 7 6
11 14 9
22 2 4
18 21 11
16 20 11
6 9 13
15 18 8
16 19 10
10 13 9
13 16 10
14 17 10
14 15 6
0 2 12
22 1 8
17 20 6
20 22 4
2 6 3
0 3 14
5 9 5
12 13 12
4 9 8
21 1 12
8 12 12
3 7 7
13 16 10
3 8 5
12 15 9
14 20 4
6 11 2
16 19 7
0 2 1
15 19 7
13 15 2
9 14 1
2 4 7
3 6 2
5 10 5
15 19 1
3 6 3
16 19 1
19 23 14
10 14 13
21 2 8
20 23 5
13 14 11
3 6 3
0 3 1
12 14 11
14 17 5
9 11 4
23 3 2
19 22 1
7 9 6
21 1 10
22 0 7
8 11 11
3 5 8
10 13 4
13 17 5
9 11 7
5 8 12
7 10 3
9 12 11
10 12 9
19 22 10
10 11 13
5 10 5
23 2 10
5 10 14
6 10 7
12 14 6
18 22 9
23 1 13
9 11 1
22 1 1
16 20 10
2 6 5
19 23 1
11 14 2
0 1 2
17 20 9
0 5 6
13 16 5
13 16 9
3 8 10
9 13 14
2 7 11
21 23 2
21 0 3
21 23 1
9 13 6
19 23 9
21 0 10
18 22 14
0 4 12
17 20 1
13 17 11
2 3 6
9 11 5
2 6 14
15 17 7
9 12 7
17 20 8
13 15 14
8 10 5
7 10 14
18 22 5
0 3 14
1 4 2
9 12 9
5 10 12
14 17 14
13 15 9
8 11 1
0 3 1
0 4 7
0 5 10
8 10 3
2 7 11
17 20 14
23 4 3
18 21 14
13 16 2
19 22 10
18 22 8
2 4 6
2 4 5
18 21 7
15 17 14
4 7 11
19 23 13
23 1 13
0 4 14
7 11 8
15 18 11
5 7 8
9 12 6
7 9 1
15 20 11
11 15 1
12 14 11
4 8 2
0 2 13
13 16 12
14 17 1
17 20 2
13 14 2
7 10 6
8 12 12
14 17 7
18 20 5
2 4 14
7 12 10
17 20 3
10 13 5
5 8 9
14 17 9
15 16 1
8 11 7
3 5 9
18 22 9
12 14 4
7 10 9
14 18 11
20 23 12
20 0 12
14 17 9
21 0 7
8 11 8
17 21 14
3 6 5
11 14 2
22 1 12
16 18 13
1 4 11
2 4 11
9 12 9
1 5 11
12 14 7
3 5 4
0 3 1
13 16 2
20 22 12
20 0 4
12 14 12
8 10 6
21 1 9
8 12 13
3 6 3
14 17 7
5 7 2
11 13 14
2 4 14
23 1 5
7 12 11
9 11 12
12 16 10
16 20 4
22 1 13
1 3 9
6 10 8
22 0 5
15 19 7
10 14 2
9 12 11
21 1 7
6 11 7
15 18 6
11 13 4
7 9 11
15 19 2
19 22 8
0 3 12
6 9 13
6 9 14
21 22 5
13 17 14
1 3 4
4 5 10
22 1 11
7 12 4
17 18 1
8 11 7
12 15 9
19 21 10
12 15 8
4 8 6
22 1 2
1 3 6
2 6 4
3 6 5
2 5 11
17 20 1
14 17 8
0 4 8
6 9 10
0 3 5
12 15 5
9 13 6
0 2 12
6 8 8
3 8 11
21 0 6
17 21 11
8 13 8
4 9 2
7 10 14
1 6 14
0 3 3
17 20 11
18 22 13
0 3 10
1 4 5
6 9 10
20 0 1
2 5 6
7 10 14
18 18 14
8 13 6
9 10 2
13 17 8
3 7 5
22 2 13
11 14 12
23 0 11
4 8 13
23 1 13
21 0 2
12 15 9
13 15 1
9 10 8
14 17 5
22 2 4
11 14 5
12 16 11
9 12 4
22 0 11
7 9 6
10 14 6
17 19 1
18 22 11
13 15 9
17 21 2
15 19 1
12 15 8
19 22 1
18 21 10
14 16 7
19 23 4
15 18 14
21 23 1
21 23 12
22 0 13
2 3 9
2 4 6
23 2 12
17 20 3
17 20 7
20 22 6
19 21 7
11 16 13
12 16 11
21 23 13
21 22 13
21 23 3
16 18 12
10 12 6
17 21 10
21 23 1
11 14 10
6 8 10
22 0 12
9 12 9
13 17 10
7 9 1
13 16 12
3 5 1
3 6 12
8 10 13
0 3 6
18 22 6
18 21 9
16 19 13
19 21 2
17 19 4
17 19 7
1 4 5
22 0 5
6 8 13
15 17 4
20 23 14
4 7 5
4 8 13
19 23 11
19 22 8
4 5 14
16 19 11
2 7 6
7 9 3
16 17 2
15 18 7
21 23 6
12 15 4
9 12 1
2 7 13
7 10 9
4 6 11
7 11 1
12 14 7
7 10 3
21 2 12
9 13 11
4 7 11
8 11 4
18 20 6
15 18 10
1 4 4
22 0 8
15 17 10
5 9 8
22 0 12
16 18 7
12 14 8
23 2 5
19 21 3
16 19 11
18 22 8
6 9 11
10 13 10
6 9 9
16 21 5
2 5 11
19 21 1
19 21 4
17 19 12
22 0 10
11 13 8
21 1 12
10 12 6
13 16 2
0 4 7
2 6 7
0 2 3
4 8 3
0 2 6
13 17 7
4 8 2
16 17 5
10 14 11
19 22 2
5 9 5
21 23 12
8 13 2
21 23 5
9 12 13
2 5 6
10 14 6
21 1 6
9 13 10
1 5 7
13 17 6
8 12 7
14 15 5
2 3 12
10 13 10
8 10 14
23 3 13
12 16 5
1 4 6
16 18 8
7 8 12
23 3 7
16 21 9
3 6 9
13 18 10
20 1 6
0 4 5
5 8 14
17 19 2
12 15 1
1 4 2
1 3 6
2 5 11
22 0 6
16 19 12
16 20 2
2 5 2
2 4 8
17 20 8
21 22 5
21 22 8
21 0 3
6 9 8
21 1 14
0 3 10
0 3 12
5 7 8
1 3 1
1 5 4
3 6 8
7 11 5
2 6 8
12 14 9
11 14 13
11 14 9
4 9 5
1 6 5
12 15 5
12 15 5
4 6 4
19 22 3
12 16 14
11 14 3
13 15 7
21 23 8
14 18 2
12 15 2
8 11 3
22 0 5
22 0 8
23 2 12
5 8 13
1 3 9
5 8 6
14 17 7
0 5 13
6 11 11
10 12 2
9 11 4
14 18 6
19 22 7
9 12 8
7 11 11
23 1 13
7 10 3
23 0 11
0 4 6
5 8 8
13 16 10
22 1 14
3 7 7
4 7 13
22 23 14
20 23 10
15 17 4
7 11 12
16 19 11
18 21 11
15 18 10
14 18 2
4 5 13
20 0 12
9 14 10
21 0 14
21 0 11
0 0 8
13 16 3
23 2 8
7 10 10
5 7 8
5 5 11
0 2 7
8 11 13
14 18 5
3 7 3
11 15 8
14 16 4
19 21 2
15 20 14
16 17 3
18 21 9
5 9 3
15 19 4
20 21 11
6 9 7
12 15 1
18 19 12
23 4 14
16 17 14
11 13 8
6 9 4
15 20 14
13 16 5
0 4 12
1 3 6
12 16 12
18 22 4
8 11 1
0 3 10
4 7 9
6 10 10
8 11 8
11 13 12
9 10 6
4 7 5
17 20 11
10 13 7
13 13 5
3 6 11
10 13 6
8 13 10
8 11 7
11 13 5
22 23 3
2 5 4
11 13 5
7 9 11
23 2 1
7 10 6
11 12 7
6 8 11
0 2 13
2 5 13
16 19 10
10 13 13
11 14 9
21 0 10
12 16 3
9 13 8
17 20 14
7 9 2
10 13 5
6 8 13
18 21 9
19 22 13
23 2 6
23 2 13
21 23 9
8 11 8
2 5 11
13 14 9
15 21 8
11 14 14
0 1 8
11 13 7
15 17 12
4 8 14
14 15 1
3 7 11
17 20 4
12 14 5
8 10 13
22 2 9
2 5 8
14 17 12
11 14 12
2 7 11
22 1 11
3 7 5
23 1 4
2 5 7
9 12 2
1 3 4
14 18 5
14 16 2
0 3 14
2 4 5
7 12 14
3 6 1
18 22 4
13 16 4
12 15 5
1 5 8
6 9 2
10 12 14
14 18 3
10 14 10
13 17 14
8 10 5
22 23 13
21 0 3
15 19 11
16 18 2
3 6 2
20 22 4
17 19 11
20 22 4
5 8 8
20 23 14
6 10 1
10 13 2
5 8 12
20 22 7
17 19 7
14 16 1
21 0 9
12 16 2
11 15 1
0 3 10
16 20 7
19 22 7
7 11 10
21 0 11
4 7 5
1 4 6
0 2 13
0 4 14
5 8 7
4 8 3
18 22 7
0 5 13
23 3 10
0 2 11
14 16 6
4 6 14
10 13 6
1 4 10
4 6 10
22 23 8
8 11 5
5 9 8
15 19 4
0 3 5
0 5 5
3 6 7
15 18 11
4 9 6
21 0 14
15 18 12
16 17 11
12 14 1
23 2 14
4 8 13
23 2 9
14 17 9
6 8 2
12 15 9
17 20 3
12 15 9
15 18 13
23 1 4
21 22 6
14 19 4
19 22 5
11 14 6
22 0 8
10 12 6
17 19 14
6 10 5
4 7 13
2 4 8
11 13 4
8 12 8
7 8 4
20 22 3
19 21 9
8 11 14
12 14 1
23 1 6
10 13 14
0 3 8
17 20 5
7 10 1
23 1 11
0 2 7
5 9 6
6 10 6
1 4 10
11 15 8
4 6 10
0 4 5
14 17 10
17 21 7
2 5 13
20 0 13
8 12 13
22 0 7
10 12 7
3 7 1
22 2 3
0 5 11
17 20 10
20 22 2
4 6 5
12 16 10
21 0 11
1 4 13
14 17 5
17 21 9
11 15 1
4 8 7
16 19 4
4 6 8
15 17 8
6 9 5
4 9 1
1 4 14
14 17 14
13 14 12
12 14 9
19 20 8
6 10 14
1 3 9
11 13 2
12 15 3
20 21 12
10 15 9
3 5 8
11 13 3
15 17 13
12 13 7
7 11 10
21 23 10
12 15 12
19 22 5
3 5 14
8 12 8
14 17 3
10 13 2
14 16 12
9 12 10
8 10 3
19 20 13
1 5 7
23 2 11
12 16 8
5 8 9
10 11 1
23 3 7
2 4 8
17 20 8
10 14 7
21 0 13
3 6 14
3 7 11
3 6 13
17 20 11
0 4 6
21 0 5
9 11 10
15 18 5
23 0 9
6 8 11
7 11 9
12 14 14
4 9 6
17 20 14
22 0 11
20 1 3
22 0 4
23 2 12
15 18 3
1 5 12
23 2 11
17 18 8
13 14 12
17 20 10
15 19 3
12 16 7
9 12 8
10 13 7
14 16 13
7 10 2
5 8 9
14 17 1
3 5 11
7 11 9
16 18 12
3 5 6
3 7 7
5 6 2
16 18 14
13 15 14
15 18 4
20 23 9
9 13 1
17 20 10
20 23 12
22 1 2
0 3 4
11 13 13
10 11 5
13 16 7
19 21 10
15 18 6
4 9 12
21 1 4
21 23 11
22 2 10
6 10 2
22 1 3
2 7 7
0 3 8
18 21 2
9 12 11
22 1 14
22 1 12
23 2 7
6 9 13
2 6 9
18 22 7
21 2 10
23 1 1
4 6 12
9 12 12
1 4 10
1 6 1
9 9 1
8 10 11
0 2 5
22 1 7
5 11 2
21 2 9
9 12 7
3 6 11
11 15 1
7 11 14
9 11 8
9 12 7
18 21 8
18 21 9
18 21 1
6 10 1
23 2 9
12 14 3
7 11 8
15 18 14
0 2 8
23 1 8
12 13 4
7 10 4
19 23 13
3 7 5
7 10 11
9 11 4
5 8 1
7 10 5
7 12 12
12 17 2
5 8 12
23 3 1
12 16 2
6 8 8
0 2 12
12 15 6
7 10 3
4 4 6
15 17 14
13 17 6
3 6 5
18 22 8
11 15 13
1 4 8
22 0 2
16 20 5
10 11 6
8 12 1
2 5 1
4 8 11
4 5 10
13 15 6
4 7 8
9 11 8
16 19 11
13 16 10
3 5 10
20 0 9
7 10 5
5 7 6
13 17 1
4 8 1
15 18 8
17 20 12
7 12 12
8 12 5
1 3 13
4 7 5
11 12 8
1 4 2
2 6 4
13 16 10
18 21 6
21 0 7
6 9 3
15 16 7
13 17 3
21 0 13
11 13 4
12 13 7
17 19 10
3 6 6
16 18 9
11 14 8
3 6 9
5 8 4
9 11 6
13 17 12
3 4 12
20 22 13
13 15 2
21 2 2
4 7 5
17 19 11
14 18 9
9 13 9
19 20 12
16 19 6
15 17 8
22 2 5
23 2 5
9 12 12
6 10 10
0 3 9
19 21 7
16 19 5
12 16 4
1 5 12
8 11 9
4 7 11
13 16 13
16 20 10
5 8 4
20 22 13
18 21 1
16 19 7
13 17 4
16 18 4
1 4 10
20 0 13
6 9 1
19 20 2
16 18 14
16 20 14
7 13 12
2 6 7
14 18 11
13 17 5
19 21 14
22 2 7
2 4 2
20 0 9
8 11 14
13 14 1
21 1 10
15 18 13
10 14 11
5 9 2
3 6 13
17 20 7
9 13 1
14 17 11
1 4 8
22 1 9
16 19 10
18 21 2
8 11 2
1 4 3
5 10 14
2 5 13
3 8 8
4 7 9
7 10 12
10 14 1
5 7 14
19 22 2
9 12 2
17 20 5
22 2 13
8 12 5
15 17 1
20 23 14
2 6 11
18 21 1
11 13 14
6 10 12
2 4 4
16 19 9
0 4 1
23 3 7
5 8 5
3 5 6
16 19 9
14 17 1
1 3 3
23 1 8
15 19 5
8 11 6
5 7 8
21 1 11
8 12 13
12 13 4
19 21 5
7 9 11
17 20 8
5 8 11
19 21 12
3 8 12
5 9 4
3 6 10
2 3 11
0 4 12
17 19 14
10 10 5
1 3 10
7 9 10
5 7 1
0 3 7
22 2 13
1 5 2
22 0 10
6 9 3
0 4 9
19 21 4
14 17 9
13 15 1
4 7 5
0 5 12
21 0 9
19 21 9
12 15 8
8 11 11
12 13 11
18 21 6
11 14 6
2 6 1
2 8 9
18 22 1
17 21 13
2 6 7
0 3 10
18 21 1
9 15 14
10 12 11
0 5 7
7 12 9
8 9 12
17 19 13
23 0 7
9 13 5
12 14 14
11 14 3
1 4 12
8 13 8
11 14 5
4 8 10
9 13 6
2 6 12
3 5 3
17 20 13
5 8 3
17 18 9
13 15 4
16 18 10
2 4 10
17 20 8
1 4 10
21 0 11
23 0 14
1 3 1
18 21 11
3 6 10
21 0 10
6 8 7
10 13 14
14 18 2
2 5 5
8 11 11
22 1 13
23 1 13
10 13 13
11 14 13
2 4 12
21 23 6
22 1 11
0 3 6
6 11 13
21 1 8
5 7 10
2 5 14
7 11 3
4 6 1
8 11 9
15 17 6
17 20 5
20 23 11
14 18 8
13 15 14
21 23 3
17 20 11
15 17 4
6 9 13
21 1 10
1 3 10
4 7 7
8 11 2
16 19 8
1 3 11
11 13 3
2 4 5
10 13 12
6 9 1
17 20 10
22 2 13
4 5 8
2 3 5
22 2 10
14 17 4
20 22 14
23 2 8
5 6 12
19 22 2
19 23 6
21 23 5
17 20 13
12 14 11
12 15 7
4 9 10
10 13 4
17 20 5
1 5 4
23 2 7
2 4 2
5 8 9
5 5 2
7 10 11
5 10 11
9 9 2
12 16 6
22 0 10
3 5 14
13 16 2
6 8 3
0 3 10
5 8 5
9 11 11
17 19 2
17 21 5
2 5 13
3 7 6
3 4 6
13 17 13
10 12 1
14 19 4
10 12 10
12 16 10
17 18 6
4 7 7
20 22 1
18 19 9
8 10 14
0 2 5
8 9 1
6 8 6
9 10 2
21 0 14
2 6 6
21 0 4
2 6 9
4 6 11
20 23 2
8 11 9
9 11 5
20 0 8
1 4 10
4 7 3
15 17 2
17 19 10
11 15 9
19 22 9
21 0 9
12 14 10
12 15 6
13 14 9
4 7 6
16 18 14
0 3 4
14 18 7
16 19 9
22 0 7
15 17 6
2 5 13
19 21 7
6 8 8
18 21 9
11 16 6
23 1 9
6 8 11
4 7 14
1 3 14
23 2 8
16 20 5
6 10 7
0 3 11
20 22 6
7 9 11
10 13 9
21 1 5
23 2 8
22 2 2
22 1 5
7 11 3
0 5 8
11 15 9
18 19 10
11 12 9
9 12 11
6 8 11
9 12 14
1 4 10
1 5 7
20 23 2
16 18 1
18 21 13
23 2 12
23 2 7
9 12 10
1 4 10
7 10 11
19 23 8
22 1 3
23 3 10
11 14 9
20 0 12
10 12 3
23 3 12
23 1 10
2 4 2
0 2 4
13 15 6
12 14 14
10 14 1
23 1 6
10 13 7
20 22 4
14 16 12
19 22 11
7 10 11
17 21 13
19 23 6
14 15 10
21 0 9
18 21 12
16 19 2
16 19 8
21 0 6
11 14 6
4 8 5
1 3 14
6 8 13
0 4 7
17 19 9
18 20 12
22 0 11
15 18 7
20 0 6
7 9 6
15 19 6
4 8 8
1 5 1
14 16 7
6 9 10
16 17 8
20 22 9
4 8 8
8 10 4
17 22 12
13 15 9
17 21 7
3 7 6
5 8 1
11 14 6
1 5 1
18 23 2
8 11 8
16 19 3
20 23 1
7 10 9
22 2 9
20 22 2
6 7 14
0 1 5
10 13 4
0 2 2
2 4 6
15 18 2
16 20 6
6 10 6
5 8 5
3 7 9
10 12 10
1 4 13
6 7 9
21 1 9
8 11 10
13 17 9
19 23 11
8 11 9
4 7 12
22 2 12
5 9 1
19 21 4
19 23 14
9 12 11
7 9 2
18 20 9
15 17 3
11 14 7
5 8 6
0 3 2
19 22 8
6 8 8
3 6 11
17 21 2
22 22 1
23 1 2
23 1 3
23 2 14
17 22 5
19 21 10
10 11 11
21 2 13
12 14 7
8 10 8
2 3 10
8 11 8
3 6 5
8 13 8
18 21 7
14 15 14
5 9 8
9 12 10
8 13 5
14 17 4
17 20 8
8 11 9
2 5 4
7 11 13
4 7 11
19 22 2
14 17 1
18 20 11
2 6 5
2 5 5
6 9 2
0 3 11
8 12 13
5 7 6
5 8 12
16 19 14
13 17 1
9 12 14
5 9 2
12 16 10
22 0 8
11 15 11
10 14 12
15 17 11
21 1 5
21 23 8
21 0 12
7 12 6
7 10 14
21 23 13
0 2 11
2 4 9
14 16 10
8 11 8
14 17 11
6 10 7
20 23 10
4 7 4
20 22 14
18 23 11
3 7 4
14 17 12
11 16 14
21 1 6
15 16 14
8 10 7
9 11 8
2 5 4
22 2 10
3 8 9
14 18 9
13 16 9
4 9 3
5 7 12
14 17 11
6 8 9
17 22 2
7 11 14
16 17 10
15 18 13
18 18 4
1 5 6
5 9 12
20 23 11
21 0 14
2 6 9
4 8 3
21 0 13
1 4 7
0 3 10
7 9 2
5 8 11
18 23 10
8 12 11
20 23 12
5 7 5
9 11 6
0 3 14
4 4 4
18 22 12
14 18 7
15 19 14
14 17 1
16 20 1
6 7 5
21 23 14
20 22 7
18 19 14
5 7 8
4 7 3
8 9 14
15 18 8
11 14 9
9 12 11
17 20 4
13 14 7
19 21 6
9 13 9
9 13 13
6 9 8
18 22 9
2 5 7
7 11 13
4 5 4
14 17 14
11 16 9
9 12 3
10 11 12
10 13 7
21 0 10
8 11 14
0 2 8
3 6 10
11 14 14
22 2 1
3 6 8
10 11 12
5 7 4
8 11 3
23 2 13
4 7 7
12 15 5
22 0 6
7 8 12
5 9 2
19 23 13
7 10 6
6 8 13
8 10 9
23 4 13
11 15 7
6 8 12
14 18 6
3 7 4
22 1 1
11 15 14
3 5 8
11 13 1
16 17 5
19 23 6
6 10 11
3 6 10
23 3 8
21 23 8
17 20 13
23 2 2
19 21 10
5 8 9
13 17 3
13 16 2
10 11 14
18 21 14
5 8 8
10 14 13
2 5 4
11 14 11
13 17 6
7 10 6
1 4 7
19 21 12
8 13 8
23 0 14
10 13 7
8 11 1
8 12 8
15 18 11
3 5 8
21 1 12
10 12 2
4 6 5
12 16 6
11 12 11
11 15 12
17 21 14
15 18 7
11 13 4
9 13 7
9 12 14
10 14 10
19 0 12
19 22 2
22 0 4
17 19 4
16 19 12
2 6 8
4 7 14
3 5 2
16 19 4
14 17 1
5 8 13
8 12 7
19 22 9
15 17 9
2 3 6
22 0 4
9 12 1
18 21 5
5 8 11
12 13 3
22 23 6
18 21 14
10 12 7
4 6 10
17 20 9
2 6 8
15 19 12
17 21 3
3 5 7
11 14 1
15 16 5
13 17 11
12 16 9
21 0 14
22 0 14
0 4 12
3 5 1
22 2 10
9 14 12
1 2 14
8 13 9
8 12 10
16 21 9
22 0 7
17 20 2
8 12 1
13 15 9
17 20 1
16 19 8
12 13 13
17 20 11
20 22 9
6 9 6
13 15 10
1 5 4
23 23 10
20 23 7
7 9 2
3 7 13
17 18 2
12 14 10
7 11 14
23 0 11
14 18 2
9 12 13
15 19 6
11 14 14
12 14 4
18 22 11
15 18 10
17 18 12
7 9 8
10 12 2
19 22 11
3 6 6
4 7 5
13 17 4
16 20 3
4 7 1
22 23 8
11 13 2
14 17 10
14 16 6
0 3 8
23 1 6
14 17 6
3 6 1
9 12 13
17 20 11
10 14 1
7 9 13
14 17 6
8 12 8
16 19 9
15 17 11
2 4 9
6 7 4
17 19 2
7 11 5
1 4 13
9 12 3
11 14 9
13 16 9
11 13 14
20 23 14
11 14 5
8 10 1
9 15 14
12 14 3
10 13 9
0 3 7
12 15 2
22 0 13
1 2 3
4 6 14
7 10 5
16 18 13
12 15 14
14 18 14
19 22 6
12 15 1
14 17 3
19 21 9
10 14 12
23 0 1
21 0 12
9 13 9
14 18 9
11 14 12
7 10 11
15 20 8
21 0 13
10 14 9
20 23 5
1 5 3
21 23 2
4 7 8
9 13 5
12 16 14
11 16 14
17 19 11
7 11 2
1 4 5
12 16 10
20 0 1
20 23 2
16 21 7
5 9 5
16 18 13
11 16 9
16 18 9
8 12 6
21 1 14
21 0 5
20 0 5
7 10 13
18 21 10
5 8 8
2 6 9
19 22 2
11 13 13
20 22 9
23 2 13
11 15 14
7 9 11
4 8 5
17 19 6
17 19 14
14 18 1
2 6 9
21 23 7
0 4 12
6 8 14
18 20 3
13 16 5
8 11 6
13 15 1
22 2 10
21 23 9
1 3 8
9 13 11
20 23 7
22 4 6
5 8 3
22 2 11
8 11 5
17 19 2
13 17 2
17 20 13
9 12 4
7 9 8
13 15 2
14 16 12
21 0 14
11 14 9
3 5 6
14 16 7
18 22 7
11 15 12
15 19 11
5 9 5
19 20 7
19 22 3
7 10 11
17 19 7
5 9 3
10 14 2
22 2 12
20 22 10
21 1 1
12 14 8
19 23 8
10 15 12
5 7 11
8 10 8
0 3 10
11 13 1
3 7 6
22 2 2
12 16 2
6 10 4
8 10 9
4 6 5
20 23 4
5 9 5
5 8 14
18 21 10
11 14 12
4 7 7
14 18 14
5 7 1
3 6 14
2 7 3
5 11 5
21 1 9
3 6 14
2 4 14
21 0 5
2 7 13
19 22 14
2 5 1
18 23 12
14 16 10
6 11 9
15 17 8
10 12 12
10 13 3
10 12 12
18 21 14
5 9 4
7 9 8
5 9 7
20 22 10
2 5 5
15 19 1
20 22 10
16 20 7
8 11 4
23 3 7
1 4 9
20 23 13
7 10 8
13 16 9
1 5 10
7 8 11
6 10 5
15 19 7
22 0 1
23 2 5
8 10 12
16 18 3
17 18 8
5 8 7
10 13 3
11 14 7
8 11 5
2 5 2
3 8 2
5 7 7
12 15 3
19 22 4
20 22 10
4 7 14
10 14 2
17 20 8
10 12 4
9 11 2
10 14 13
6 10 2
21 2 9
5 7 6
22 2 4
10 12 7
21 0 5
11 14 12
4 6 9
12 14 14
2 5 4
19 23 10
2 5 12
6 10 12
12 15 9
14 17 12
18 21 12
16 16 3
20 1 11
6 8 7
20 0 2
5 9 4
11 13 4
21 1 14
20 0 7
21 0 14
8 9 13
19 23 9
8 10 9
12 15 2
2 5 1
15 18 4
14 19 5
7 12 14
4 8 10
22 1 2
8 10 10
5 8 3
20 23 13
3 8 12
9 12 6
5 8 6
5 8 1
21 22 7
17 20 4
2 5 8
7 10 6
3 5 4
11 13 10
17 20 4
14 17 7
1 4 11
5 9 12
15 17 9
21 1 5
23 4 12
3 7 14
18 21 10
22 0 4
20 22 12
9 13 9
1 3 14
4 8 10
20 0 1
9 10 2
23 3 8
5 7 3
19 23 2
4 8 13
15 18 10
14 20 7
18 19 6
14 18 6
23 3 9
20 0 6
18 21 10
6 11 10
14 17 8
19 21 4
16 19 5
11 14 7
22 2 8
3 5 1
19 23 6
10 14 7
19 22 10
21 1 3
6 9 4
4 8 12
7 10 2
1 4 11
10 13 8
22 2 7
0 2 3
19 20 12
17 21 11
10 14 8
15 18 7
12 13 9
8 13 3
2 3 6
7 9 10
11 14 4
7 10 3
0 3 14
17 20 4
21 23 14
10 14 7
8 11 13
23 2 11
11 14 4
7 10 11
4 5 6
6 9 7
14 17 6
23 2 6
7 11 13
18 21 14
0 1 7
20 0 12
19 21 14
6 8 3
19 21 11
20 21 12
12 16 14
14 17 6
18 21 13
19 21 8
12 15 4
20 22 12
6 8 14
21 1 2
13 16 3
18 20 11
6 8 10
16 17 8
16 20 13
15 18 8
21 0 14
19 22 1
16 19 3
6 8 6
5 7 9
20 22 2
18 21 2
17 18 13
7 10 1
3 4 11
20 22 9
16 19 7
11 13 7
22 1 14
11 13 14
1 4 8
2 7 14
22 1 5
20 1 2
22 1 7
18 21 5
4 8 6
6 10 14
23 2 2
6 10 6
2 5 4
20 0 4
16 19 3
22 0 8
21 1 4
7 10 10
3 7 8
22 0 10
22 2 1
12 15 8
11 13 7
17 21 11
19 21 6
16 20 7
19 21 7
9 13 12
18 20 1
13 15 8
7 11 2
23 1 11
14 17 8
12 15 13
8 11 6
13 15 4
16 19 9
23 4 2
10 14 12
10 12 14
23 3 3
10 12 7
12 15 3
22 23 5
12 16 2
10 12 4
6 10 10
22 2 7
3 6 14
3 7 13
5 7 3
3 5 1
16 17 5
21 23 12
23 0 7
22 2 10
16 18 5
15 20 1
20 21 9
4 5 12
7 10 7
2 5 8
17 21 2
11 15 9
19 0 7
21 1 4
18 21 11
10 11 8
5 9 4
23 3 3
15 17 12
20 0 6
7 11 11
12 16 9
6 8 10
19 23 4
6 9 14
18 21 6
12 15 7
14 18 10
12 13 2
2 5 1
10 14 9
7 9 5
15 18 2
11 14 2
17 20 10
13 17 8
1 3 6
23 1 10
8 11 13
17 21 2
7 11 1
9 11 6
8 11 13
5 8 13
1 3 14
11 15 8
23 1 14
13 15 10
14 16 13
18 21 11
7 8 14
5 10 4
5 7 14
13 16 13
15 17 14
9 13 3
6 10 1
6 8 8
12 14 3
0 2 8
9 11 12
6 10 8
14 16 1
11 13 12
13 18 5
0 3 3
23 1 2
10 13 14
7 10 8
13 18 11
4 8 2
14 18 14
20 22 3
2 7 5
5 8 12
3 8 10
4 8 9
5 8 2
17 19 9
23 1 1
19 21 7
14 16 1
14 19 1
12 16 7
9 11 12
23 2 5
7 10 3
16 20 12
18 21 8
5 7 3
2 5 4
19 22 7
14 18 13
4 7 13
0 3 3
9 12 9
4 8 12
13 18 3
3 6 8
18 22 4
22 1 9
3 6 8
20 22 14
10 14 12
22 0 1
7 10 11
10 12 1
16 19 1
19 22 1
21 1 3
9 11 9
17 21 10
1 5 10
22 0 7
19 23 10
5 7 5
9 12 2
11 15 13
5 7 11
9 13 10
2 5 11
9 13 5
3 6 4
3 8 14
8 11 4
22 0 1
18 20 14
19 22 8
23 2 1
3 7 10
16 19 7
9 12 12
16 19 8
8 12 8
17 21 12
14 17 5
14 17 14
13 17 14
12 16 14
5 7 12
0 2 6
11 15 11
14 17 1
17 21 8
8 12 6
13 15 4
18 21 2
4 7 10
12 16 6
10 13 5
2 6 3
19 21 14
9 11 7
5 9 8
9 12 14
4 8 5
3 5 8
13 16 3
6 8 4
12 13 10
17 20 2
15 19 9
8 11 1
18 21 5
2 4 11
22 0 10
10 14 7
7 10 8
23 1 7
21 22 14
12 15 3
14 17 14
1 3 6
3 5 14
6 8 7
4 6 10
9 12 3
9 12 10
16 18 4
7 12 2
18 20 1
6 9 11
3 6 6
7 11 13
16 19 11
6 9 14
12 14 11
6 10 6
15 19 9
10 15 9
7 9 7
0 3 13
19 21 6
11 13 1
8 9 9
1 3 4
11 13 8
18 21 8
9 13 14
1 3 6
19 20 12
1 3 14
7 11 8
4 4 9
12 16 2
8 11 11
1 4 5
12 16 7
7 9 8
20 0 1
14 17 10
10 12 1
4 7 3
8 10 10
0 3 4
0 2 2
12 14 2
12 17 7
8 12 8
3 7 8
13 16 7
5 10 2
20 0 1
5 8 5
10 12 7
13 16 2
14 16 6
17 22 8
2 5 9
18 20 5
13 16 10
3 5 2
15 19 3
6 8 14
22 1 8
11 13 1
22 1 10
9 12 14
18 22 11
19 23 10
19 23 6
9 13 8
5 7 14
14 17 9
14 16 11
15 18 3
19 21 9
10 11 10
22 0 4
5 7 8
20 23 3
15 17 3
1 5 1
10 13 3
9 12 2
23 2 13
21 0 8
20 23 13
10 12 14
16 20 8
19 21 1
12 16 12
8 9 12
15 19 14
14 16 14
4 6 8
14 18 6
3 7 13
22 0 3
20 23 13
12 14 1
15 16 2
15 17 6
15 18 11
2 4 14
22 0 14
18 21 3
13 17 6
1 6 11
3 7 6
18 22 2
4 7 14
12 15 4
20 22 3
14 16 8
12 16 3
9 12 2
12 16 3
14 16 4
0 2 13
17 18 9
15 20 3
12 16 3
15 17 4
9 11 3
20 0 3
1 2 3
9 13 5
3 6 2
15 18 11
11 15 7
20 23 12
20 23 7
21 0 6
23 2 10
13 16 13
2 6 3
6 10 7
3 6 5
16 20 10
20 21 1
7 12 5
12 15 3
22 23 10
3 6 5
20 0 14
1 4 3
13 17 13
13 16 4
20 22 4
18 20 4
8 9 7
9 13 9
13 16 7
14 17 7
16 21 1
12 15 7
10 13 9
7 10 2
23 2 1
19 22 7
6 9 14
9 10 5
0 3 2
6 11 9
21 0 14
11 14 4
18 19 6
16 18 7
15 18 1
8 10 9
2 5 5
16 19 1
18 20 11
20 0 7
10 11 7
20 23 13
5 9 11
15 18 13
0 2 7
6 10 3
10 15 3
6 11 3
14 17 13
2 7 13
10 13 4
0 3 8
6 11 1
11 13 14
13 16 13
10 13 5
5 8 6
2 5 14
7 11 9
18 23 11
14 16 1
23 2 10
4 8 12
3 6 14
11 12 10
5 6 6
7 10 4
0 4 12
15 19 14
5 8 5
0 2 9
19 22 5
0 1 6
6 10 5
15 19 11
0 4 6
5 8 7
16 19 8
8 10 6
6 11 6
18 21 13
12 15 3
12 13 5
23 2 9
3 5 7
15 19 1
3 4 7
19 21 1
21 23 5
14 18 1
19 22 2
4 9 10
12 13 3
3 5 2
22 1 8
9 12 12
10 14 4
7 10 6
4 9 10
0 3 12
20 23 4
16 18 10
12 17 10
16 19 10
2 5 8
1 5 12
10 14 9
11 14 10
2 4 10
11 15 10
22 2 14
3 8 14
8 11 7
15 19 10
22 0 2
4 7 1
19 22 10
11 15 9
10 16 5
0 3 6
22 1 6
12 14 3
9 11 14
19 21 5
10 12 14
3 7 2
19 22 13
0 4 7
6 9 8
18 22 13
6 9 13
12 15 7
23 2 2
5 6 4
22 1 8
1 4 14
14 17 7
4 7 12
8 11 11
4 8 7
1 5 14
21 0 7
15 18 5
13 17 5
7 11 11
12 15 13
7 9 11
16 19 13
8 9 6
5 8 2
2 3 10
18 21 11
16 19 8
11 14 10
13 15 3
10 11 4
7 10 5
22 0 13
16 20 3
15 18 2
15 19 8
20 23 10
6 9 12
11 12 14
8 10 9
22 1 14
17 19 1
16 20 14
0 4 11
0 2 14
14 19 12
23 1 2
9 11 4
3 5 14
14 19 14
3 6 13
8 11 12
23 2 9
13 15 10
19 22 8
20 23 14
22 0 6
22 2 13
0 4 5
15 17 13
16 19 12
9 10 12
2 6 6
0 3 5
17 18 12
2 6 4
1 4 1
8 8 3
22 2 4
8 10 2
6 9 14
12 17 9
3 5 6
3 7 9
6 10 11
15 17 5
5 7 1
10 15 6
2 5 4
1 3 11
6 9 11
16 20 3
21 1 6
23 2 11
13 16 1
15 17 8
7 9 7
15 19 4
19 23 10
20 23 1
0 2 11
13 18 11
8 12 2
2 6 5
20 0 12
17 20 5
18 21 7
22 1 5
12 16 11
7 10 14
12 14 2
21 0 5
2 6 2
5 9 13
16 20 10
0 3 9
22 23 6
11 13 14
9 12 11
4 7 1
17 21 7
4 7 10
0 2 6
21 0 14
6 8 11
2 6 8
1 5 5
9 12 11
17 20 9
21 23 13
0 3 11
23 4 8
3 5 10
2 4 8
17 19 12
18 21 10
1 4 9
9 11 6
21 2 5
21 23 7
4 9 14
13 15 4
2 6 8
2 7 14
0 3 2
16 18 12
9 12 12
15 17 7
9 12 1
5 9 6
8 12 11
3 5 12
20 0 3
5 8 1
2 5 2
13 16 11
11 15 11
19 23 5
14 16 10
16 19 2
20 0 7
11 13 4
9 11 1
16 20 4
13 14 8
6 9 9
8 12 11
0 2 10
16 18 6
3 7 9
10 13 4
21 0 6
1 3 2
21 1 5
21 1 2
22 0 14
10 12 12
7 10 8
15 19 8
9 12 12
13 15 9
4 8 10
11 14 10
16 19 1
2 3 8
6 9 5
23 2 4
1 6 11
21 0 1
12 15 13
15 19 11
23 1 1
0 3 5
21 22 8
0 3 4
22 1 5
4 8 2
16 18 2
13 15 1
21 23 7
0 4 7
9 13 3
16 19 10
17 21 5
22 23 11
14 17 1
8 11 3
5 8 2
7 10 10
22 0 4
1 4 7
23 2 5
7 9 4
4 7 8
0 2 13
19 23 6
17 20 11
9 12 1
8 11 9
1 4 10
10 14 8
10 13 9
12 15 11
21 23 4
21 1 13
21 0 12
0 3 4
0 2 11
18 21 14
15 17 11
5 8 4
14 18 8
0 3 8
11 15 2
17 20 1
2 6 4
16 20 2
4 8 3
20 0 13
23 2 4
9 12 9
15 21 7
14 18 3
22 1 7
19 23 9
20 0 12
0 2 12
18 21 10
3 6 10
13 18 12
17 20 9
12 15 7
7 9 4
2 5 14
18 21 9
0 5 8
1 4 10
12 16 13
12 16 1
10 13 4
21 0 8
21 1 3
18 22 4
5 8 6
9 12 9
7 8 8
22 1 11
11 15 14
23 2 11
12 15 3
2 3 6
23 1 6
5 7 2
16 19 10
14 16 5
1 4 1
1 4 4
6 9 5
19 21 1
9 11 1
8 12 6
4 5 12
19 22 5
15 17 4
14 16 10
7 10 11
14 17 5
14 17 14
15 19 6
1 3 7
14 17 13
10 13 5
20 23 7
9 12 1
1 3 8
22 1 11
1 2 2
13 16 2
23 4 3
5 9 8
9 12 10
20 23 11
20 21 14
21 0 14
21 1 9
7 12 7
3 6 8
8 11 3
9 10 5
17 21 9
16 18 4
7 8 3
0 2 8
18 21 6
2 5 4
11 13 1
22 1 7
8 10 6
14 19 5
20 0 9
23 3 5
22 1 10
23 3 6
21 0 6
5 8 14
3 6 12
16 19 7
16 17 13
3 6 1
8 12 5
21 1 5
4 7 3
8 10 5
0 3 13
16 18 3
17 19 14
19 23 14
6 9 12
20 0 6
7 9 14
0 2 1
1 3 13
23 2 10
17 21 4
20 23 8
6 11 11
14 16 14
1 3 12
23 2 5
10 14 10
18 23 5
21 23 8
10 13 8
