350 9
4 4 8 8 7 8 7 7 6 
14 15 9
12 16 4
17 21 5
3 6 8
1 5 6
1 6 4
20 23 6
5 8 7
12 15 3
19 19 5
18 0 6
22 1 7
5 9 5
14 18 7
18 21 4
12 14 7
23 2 7
1 5 3
19 23 5
10 13 6
8 10 2
1 4 1
0 4 1
23 2 3
4 8 5
5 6 3
9 13 8
21 23 7
14 16 9
10 13 8
17 21 2
6 9 3
8 11 8
17 21 6
9 11 1
11 13 8
6 9 2
14 17 2
3 7 8
1 4 6
13 14 6
17 19 1
23 3 6
6 10 6
6 6 1
10 11 9
3 5 4
15 17 5
0 3 7
9 12 8
10 13 2
9 14 4
16 19 7
20 0 5
1 4 7
12 13 4
5 7 1
22 3 6
5 8 7
10 14 8
8 10 3
6 10 4
6 8 1
12 13 8
2 4 4
8 11 5
19 21 5
1 5 2
18 20 6
11 15 2
3 7 8
3 7 2
17 20 8
14 18 8
10 11 1
14 15 3
16 19 3
8 12 9
5 7 8
14 17 2
9 12 7
20 22 4
2 6 9
3 6 3
17 22 4
14 17 6
8 11 8
9 12 1
7 10 7
7 10 1
3 6 7
11 15 1
12 16 5
1 5 4
14 19 9
16 19 1
5 7 4
10 13 2
23 1 3
0 3 6
8 14 1
8 11 3
20 23 7
15 19 5
21 2 5
23 2 8
12 13 4
7 11 4
10 14 5
4 8 9
15 17 3
3 5 8
1 3 4
14 17 1
19 21 5
18 22 6
1 4 7
11 14 2
18 23 4
14 16 9
17 20 5
14 18 2
16 18 8
11 14 7
14 17 4
23 1 7
11 15 2
17 20 3
21 23 7
5 7 8
21 1 7
11 14 6
13 14 3
12 17 7
12 14 8
19 23 7
20 0 9
3 5 9
21 0 7
18 20 5
4 8 1
5 7 5
22 2 2
18 21 8
22 0 8
16 18 3
16 18 6
8 11 9
7 11 3
22 1 4
16 19 9
7 10 3
13 17 7
0 0 9
10 13 3
5 7 5
6 9 6
18 21 7
15 19 7
4 7 7
8 10 5
20 23 1
18 20 7
8 12 7
11 16 8
4 6 8
14 18 6
11 14 9
11 13 2
20 23 8
6 11 2
19 22 9
19 21 5
19 21 3
13 16 8
8 10 9
16 19 4
16 19 8
3 6 7
21 0 2
17 19 2
10 14 6
16 18 7
14 19 6
0 4 6
17 19 6
13 15 1
20 0 5
11 14 3
20 21 7
3 7 1
4 7 4
23 2 5
4 6 1
12 14 4
8 12 4
23 2 6
16 19 5
5 7 8
2 5 8
17 22 6
9 11 3
19 22 5
9 12 9
2 6 1
22 1 3
6 9 8
14 17 3
23 3 5
16 19 7
19 22 4
22 0 1
23 2 6
8 12 2
18 21 6
10 14 6
4 6 2
14 16 9
2 6 3
8 13 9
19 21 6
5 11 6
12 12 8
22 1 9
5 9 5
21 0 8
23 3 7
0 3 1
23 2 9
4 7 1
16 21 5
2 5 8
8 11 4
21 0 3
22 3 3
17 20 3
3 7 5
22 1 6
7 9 9
3 6 4
9 13 5
2 6 4
5 8 8
10 13 7
21 22 3
4 7 7
3 6 1
17 19 6
13 16 1
0 3 8
17 17 6
10 14 3
12 14 9
10 12 8
3 5 3
21 0 9
16 20 9
6 9 6
8 12 3
12 15 1
22 0 6
22 1 8
8 11 5
5 7 1
13 15 1
21 1 1
19 21 4
7 10 4
7 11 6
7 9 7
8 12 4
18 21 3
22 0 4
3 6 9
22 2 4
14 18 8
1 4 8
18 22 1
9 12 6
21 23 7
17 19 5
12 14 8
23 2 6
12 15 5
12 14 6
23 0 8
3 6 3
0 4 9
20 21 5
0 4 8
3 6 6
1 4 4
9 11 6
7 9 8
23 2 9
14 17 1
17 20 3
13 17 3
1 5 5
20 0 2
4 8 8
19 20 9
11 15 1
8 11 1
13 15 7
11 14 3
1 3 9
14 16 1
0 3 3
0 4 7
8 14 1
4 8 9
19 21 6
5 7 4
14 17 8
17 20 8
13 17 2
3 6 5
2 5 2
0 2 6
19 23 9
22 0 2
16 17 7
0 6 8
7 10 1
13 16 2
5 8 8
5 8 3
15 18 4
0 4 4
7 9 6
1 4 3
3 7 5
20 22 8
20 22 2
7 12 2
15 18 4
3 7 8
2 4 8
11 15 3
14 15 2
5 7 6
13 16 2
13 15 2
7 9 4
22 23 4
8 11 2
3 6 1
18 23 8
0 3 3
