400 6
7 3 9 9 5 5 
3 6 1
22 2 3
17 19 2
7 11 4
22 23 2
19 21 5
16 20 3
10 13 5
11 13 2
16 18 2
9 11 6
9 12 5
9 12 5
20 22 3
22 2 4
12 15 3
9 12 2
15 18 6
11 13 1
20 23 4
21 23 1
21 23 2
12 15 4
14 17 3
10 12 3
8 13 1
10 13 5
13 15 4
7 11 3
4 7 3
2 5 1
7 11 3
1 4 2
15 18 5
18 21 1
20 22 5
23 1 5
0 2 4
20 0 6
0 3 5
21 1 1
3 4 4
2 4 3
17 22 3
21 23 5
12 13 6
21 0 2
16 19 4
10 13 6
16 20 2
1 4 1
16 20 2
6 10 1
11 15 2
9 12 3
9 11 3
11 14 1
14 18 6
5 6 5
3 7 2
18 21 3
13 16 5
11 14 3
15 17 6
22 23 2
20 0 3
17 19 1
18 21 6
17 21 6
8 10 1
9 11 3
6 7 3
11 14 6
11 14 6
12 16 5
16 19 3
9 12 3
8 10 4
12 16 4
18 21 1
3 6 6
4 6 5
9 12 5
13 15 2
21 1 3
23 1 1
14 16 3
11 14 1
16 19 5
19 23 3
12 16 1
2 5 2
7 10 2
8 10 5
17 20 6
9 14 6
22 1 1
4 6 2
5 8 4
11 16 4
9 12 2
12 14 1
0 2 3
15 18 2
4 7 6
22 1 6
13 16 1
12 15 3
17 19 6
5 8 6
15 16 6
1 3 2
23 1 4
6 9 2
14 15 3
21 0 4
1 3 5
15 18 4
18 22 2
15 18 1
1 5 2
2 4 6
0 4 3
16 20 3
15 16 5
20 23 1
1 2 2
5 8 2
15 18 2
17 20 1
21 1 2
23 2 1
16 18 4
4 7 4
17 20 2
23 3 4
17 20 5
18 22 6
23 1 1
4 7 4
12 16 6
13 17 3
11 14 6
19 22 4
0 4 4
12 15 1
4 8 5
8 10 1
0 4 2
17 20 4
6 8 5
19 21 4
16 19 4
6 8 3
22 1 3
11 14 1
19 22 6
13 18 6
2 5 1
17 20 6
7 10 3
22 1 2
13 16 4
23 2 1
7 10 5
1 5 2
5 8 6
16 19 3
11 14 6
16 18 1
11 14 3
13 16 2
1 4 1
3 6 3
20 21 2
8 11 6
10 13 1
2 4 3
5 9 2
7 12 6
13 15 5
10 11 4
2 4 3
15 17 5
20 0 3
17 20 6
14 19 1
9 13 4
15 18 3
0 4 5
17 21 4
14 17 2
8 12 5
11 14 6
5 9 4
15 18 3
21 0 6
5 7 2
21 3 1
11 14 6
0 3 6
0 3 2
12 14 1
0 2 6
12 17 3
17 20 5
2 5 4
10 15 5
8 13 4
6 10 6
20 23 3
15 18 6
0 2 4
16 20 6
21 0 1
14 17 2
0 3 6
14 18 1
2 9 6
23 1 5
6 10 5
6 9 2
4 7 6
17 19 3
0 4 5
5 7 3
1 5 6
13 16 3
12 15 3
23 4 6
3 6 2
1 6 3
20 0 2
18 21 5
15 18 5
13 14 4
8 11 1
17 20 5
17 20 3
18 19 4
0 3 1
12 15 5
4 8 4
16 19 5
3 7 5
15 17 2
2 5 6
9 11 4
15 18 2
2 5 4
5 8 4
7 9 5
3 4 4
15 17 1
10 13 6
3 6 6
14 17 4
15 17 3
17 21 4
8 11 3
0 2 2
1 2 2
10 13 2
9 12 2
21 23 2
14 17 3
13 15 3
14 17 6
9 10 6
10 14 6
18 21 2
4 6 4
18 22 1
19 22 1
22 2 4
17 21 2
23 4 2
12 17 6
3 6 2
18 23 5
16 20 5
23 2 5
22 1 3
10 13 1
8 11 6
11 14 2
19 22 3
1 4 6
18 21 2
2 4 6
3 5 6
13 17 2
18 23 2
1 4 1
15 17 6
17 18 6
5 7 2
4 8 2
7 10 3
17 19 2
21 23 6
7 11 2
19 21 4
22 1 5
7 10 6
20 23 5
12 15 3
12 15 6
3 6 2
15 19 6
3 8 5
17 20 6
17 20 5
9 12 3
17 20 5
3 5 1
11 14 5
9 12 3
12 14 4
11 14 5
22 2 1
20 23 3
8 10 3
1 4 4
22 1 5
20 1 1
5 8 4
18 22 2
18 21 3
23 1 3
2 6 2
10 15 2
1 2 3
7 11 6
5 7 3
20 0 5
16 18 1
18 21 3
7 8 3
18 23 2
23 2 4
10 13 5
18 20 5
0 1 3
21 1 1
18 20 6
19 22 6
1 3 6
16 19 4
6 9 4
12 18 2
15 18 6
23 1 2
11 15 6
3 7 1
1 5 4
15 19 5
9 13 3
5 8 3
21 2 6
23 1 1
17 20 6
7 11 5
18 22 4
13 15 2
20 23 5
21 23 6
4 7 6
13 15 4
17 19 6
12 14 1
3 8 5
12 15 5
14 16 2
4 8 4
4 9 4
21 0 1
19 22 1
15 19 1
8 13 5
0 5 6
1 3 4
3 8 1
2 5 5
10 12 2
13 17 2
11 14 2
6 9 3
13 16 1
3 7 1
18 21 5
0 3 5
6 7 5
7 9 2
0 3 3
12 13 5
12 15 2
22 1 3
0 5 6
16 19 4
