900 14
10 9 6 4 7 5 1 4 5 8 7 10 9 3 
6 9 10
8 11 5
17 21 13
5 7 5
22 1 8
5 10 8
21 1 4
20 0 3
1 4 11
19 23 4
19 23 5
10 12 8
20 0 7
6 9 14
16 19 14
14 15 11
7 10 5
21 23 1
2 4 3
18 21 7
12 15 1
22 0 8
0 4 12
14 16 3
22 23 5
1 5 10
1 4 12
2 4 3
18 21 13
16 19 14
20 23 7
10 14 6
17 21 5
12 14 2
11 15 10
5 7 8
10 11 10
16 19 2
23 2 13
4 6 1
21 2 2
18 22 14
8 12 11
19 21 6
21 1 11
15 18 11
1 0 2
6 9 10
2 7 13
9 11 9
9 12 12
11 15 14
18 20 2
16 19 14
14 17 8
10 14 7
20 23 3
20 23 2
10 14 4
13 15 10
23 3 8
1 6 8
0 4 9
18 23 3
3 5 6
0 3 11
16 18 1
15 17 2
17 23 13
8 13 7
2 5 5
22 0 8
7 11 9
6 9 2
9 12 13
19 22 4
1 3 2
3 6 6
5 8 7
0 3 11
22 3 6
21 1 11
2 5 2
8 12 7
13 16 7
14 17 14
13 14 11
21 1 5
4 7 9
6 8 5
16 19 6
6 7 5
16 21 4
21 23 14
20 0 6
13 17 1
16 18 5
0 2 3
22 1 3
6 9 10
1 4 11
15 18 9
20 1 14
18 22 4
18 21 10
3 6 9
17 19 5
6 10 3
23 2 1
3 5 1
19 0 12
23 2 5
0 4 6
23 2 8
20 22 6
17 20 8
22 1 6
2 4 9
18 21 9
17 19 5
12 15 5
10 12 4
13 16 10
10 12 5
3 4 5
6 8 12
11 14 12
3 5 5
5 8 8
13 15 8
23 2 5
6 9 3
20 23 3
3 6 14
15 18 5
19 23 2
12 15 4
18 21 2
10 12 5
20 23 14
4 6 1
3 7 3
15 18 1
4 6 14
20 23 7
19 22 2
7 9 8
17 19 14
16 18 12
21 22 3
17 19 10
17 20 11
23 1 6
10 13 13
15 17 6
1 3 6
12 13 5
9 14 6
7 12 4
23 2 4
1 3 2
3 6 11
18 20 13
16 19 4
11 14 13
11 14 5
15 17 10
9 11 10
11 14 14
0 2 2
21 1 5
5 6 14
1 3 8
21 1 10
11 13 11
0 2 10
8 10 9
7 9 14
11 16 5
2 4 11
2 4 1
10 15 9
3 6 13
1 4 5
15 17 5
12 15 3
23 3 13
12 16 5
10 12 2
17 20 7
15 19 10
18 20 3
10 14 12
10 14 6
19 23 1
13 16 8
12 14 10
4 6 10
0 3 11
23 3 4
22 2 7
5 9 12
23 2 6
10 12 4
8 10 14
2 5 5
5 9 8
11 13 4
11 15 10
6 9 9
10 12 3
17 20 5
22 23 6
16 18 10
21 2 12
4 6 8
3 6 1
8 13 1
17 21 8
3 6 7
20 0 2
4 7 9
2 4 4
5 9 1
14 17 12
17 18 9
8 12 7
12 16 2
11 16 8
6 10 14
6 11 10
21 22 3
1 4 11
10 13 10
17 21 1
13 17 12
19 22 12
11 14 4
11 16 8
6 10 4
5 7 14
18 21 7
1 4 6
6 11 11
10 10 8
20 22 9
23 2 11
3 5 11
12 14 2
13 17 10
20 23 11
23 3 7
9 11 4
5 8 5
5 8 10
20 23 8
14 16 8
15 18 3
3 6 12
7 12 4
17 19 12
9 12 10
8 10 12
0 0 8
3 8 6
17 18 9
10 13 14
11 14 13
5 8 5
7 11 12
0 4 13
9 10 7
8 13 3
23 1 4
17 20 12
22 0 9
2 5 4
7 12 2
16 18 10
20 21 9
1 2 2
0 4 6
2 7 11
10 13 11
15 18 11
8 11 5
4 8 4
21 1 8
18 22 14
0 5 13
19 22 13
23 0 9
6 9 11
13 16 11
20 23 8
16 18 8
2 6 3
15 20 10
18 20 7
10 11 3
9 12 14
10 13 2
6 10 5
19 23 12
20 22 13
10 12 3
14 16 3
8 10 7
3 6 11
15 17 8
12 16 10
2 6 3
22 1 2
14 18 2
0 2 2
22 0 13
22 2 11
18 19 7
19 22 5
11 14 5
20 23 11
22 2 11
4 8 14
21 0 4
13 17 7
1 2 4
1 4 5
16 18 13
18 20 6
14 18 14
2 4 8
0 4 6
12 16 3
21 0 1
14 17 12
10 12 11
3 6 9
7 10 6
23 2 1
4 8 11
15 20 7
21 1 3
5 8 9
6 9 4
0 2 5
10 14 12
22 1 12
13 16 6
14 16 8
18 22 6
14 16 10
2 4 2
8 11 9
11 13 3
8 12 13
16 19 12
21 1 5
2 4 10
19 22 8
2 6 5
11 14 1
2 6 2
20 23 6
17 21 4
14 16 1
9 12 13
18 20 12
9 11 5
18 20 14
5 7 14
18 21 1
8 11 3
17 20 13
11 14 13
4 6 7
21 0 13
0 2 13
7 11 4
9 12 5
8 10 7
21 2 2
8 11 3
16 19 4
23 3 5
6 8 12
17 20 1
12 13 13
18 20 4
2 5 8
0 3 2
12 13 2
14 20 3
7 11 10
3 5 7
15 19 6
15 17 2
21 2 9
2 6 12
9 11 4
18 21 7
12 15 2
1 5 7
10 11 3
22 0 9
15 17 3
8 11 6
20 23 4
19 21 4
14 17 5
20 23 8
5 9 6
2 5 13
19 21 10
4 7 4
8 13 12
1 4 4
14 17 5
19 22 9
21 1 14
12 16 13
6 10 5
21 1 6
8 11 13
23 2 2
0 4 5
7 10 3
9 11 7
1 4 12
0 3 10
6 11 3
21 2 13
7 10 7
14 18 7
23 1 14
7 11 3
12 14 7
13 17 10
8 11 10
7 11 4
18 19 3
6 9 12
19 23 1
11 14 5
17 21 14
10 13 9
23 3 9
20 0 8
23 2 10
7 11 5
19 23 1
11 13 6
21 0 7
15 17 10
16 20 8
23 3 11
14 17 13
19 22 10
4 7 7
16 19 14
9 11 10
3 8 6
3 7 3
12 16 5
5 9 2
7 9 13
2 6 2
15 19 13
19 0 8
3 7 4
23 3 9
9 12 9
4 7 11
17 20 12
6 10 8
7 10 13
22 0 12
15 19 11
18 20 3
18 21 2
23 1 12
10 14 7
9 14 2
20 23 5
17 20 14
0 5 10
3 7 8
7 9 3
13 15 1
1 5 9
23 2 5
13 15 4
4 7 3
0 2 7
7 10 14
11 13 1
19 22 6
5 10 1
2 4 1
6 9 3
13 15 8
17 20 5
5 8 9
9 11 4
16 19 9
7 11 6
2 7 3
8 10 3
19 22 14
7 8 13
4 9 10
0 4 5
10 14 4
21 1 1
13 16 13
13 16 13
11 14 13
15 19 11
17 21 13
4 7 3
8 10 14
3 7 1
16 18 12
15 19 4
16 19 3
19 23 9
6 9 9
6 8 5
15 18 6
16 17 3
8 11 4
13 17 13
4 7 4
7 10 3
23 2 4
16 17 11
21 1 2
11 16 4
0 4 1
9 11 2
10 13 9
13 18 2
12 15 5
16 20 9
22 2 8
23 1 4
4 9 8
20 22 6
6 11 11
23 3 5
17 19 4
13 14 1
3 7 12
8 11 14
5 8 8
21 23 2
3 5 12
12 14 5
4 7 6
19 22 4
3 6 10
4 7 1
14 17 6
3 5 3
2 4 13
12 15 11
5 6 4
12 15 5
11 14 6
14 19 1
7 10 9
1 4 6
20 22 6
23 2 2
15 18 2
2 5 10
18 19 9
3 5 12
15 17 1
10 12 1
10 14 3
22 0 8
19 22 6
11 16 12
22 4 11
7 10 5
3 5 3
11 14 11
6 9 7
20 23 14
1 7 9
13 17 7
0 4 5
19 22 6
1 4 10
10 13 14
0 4 8
6 10 14
22 2 11
10 12 5
5 8 8
12 15 7
22 1 14
3 7 12
3 7 14
4 5 13
9 12 4
7 10 6
3 7 6
17 21 1
4 8 7
19 22 12
13 17 4
17 20 5
18 20 4
6 9 8
19 23 2
7 8 1
10 12 3
16 19 1
17 18 9
7 9 1
7 11 9
19 23 4
13 17 3
13 15 6
10 14 10
23 4 9
13 18 9
21 1 10
22 0 6
2 5 4
13 15 3
20 0 2
13 16 9
2 3 2
2 5 13
22 0 9
4 6 6
20 23 7
6 11 1
8 11 13
17 22 13
6 10 14
16 18 12
8 11 4
16 20 3
18 20 9
11 15 3
9 11 6
17 20 13
7 11 11
14 17 2
1 6 8
20 23 12
0 2 6
23 3 13
7 11 8
3 6 5
0 2 9
8 11 6
16 20 2
4 7 8
4 7 2
5 8 6
9 12 4
9 11 9
16 19 2
14 17 6
16 19 3
13 17 5
22 2 11
20 1 12
17 21 7
21 0 11
7 10 9
19 23 10
12 15 7
4 7 11
7 9 3
13 15 8
4 6 4
7 12 9
23 0 12
4 8 5
23 1 8
9 13 8
11 14 5
9 13 3
7 11 12
19 20 5
15 18 3
4 6 4
1 4 14
6 9 12
15 17 14
23 0 14
6 10 5
1 5 7
19 0 10
15 17 7
23 4 6
7 11 12
14 16 4
20 0 10
8 11 13
7 9 3
6 8 10
14 17 3
7 10 11
8 12 2
12 16 8
22 1 5
8 11 4
3 4 7
8 10 5
15 18 7
22 1 13
22 0 14
1 4 9
17 19 9
16 20 6
18 20 5
13 16 9
21 1 8
12 14 8
19 21 11
10 13 5
9 11 6
20 21 4
15 19 9
7 10 7
4 8 3
11 14 5
10 13 14
1 3 6
12 14 7
0 4 10
0 4 1
21 23 7
0 3 14
14 17 13
22 1 1
5 7 10
10 12 10
18 22 11
18 20 8
14 18 7
21 23 9
2 3 5
8 11 13
16 18 5
6 6 14
6 9 11
10 14 9
9 11 9
11 14 10
19 22 14
15 17 10
11 15 10
1 4 13
22 0 6
18 21 14
1 4 6
22 2 7
23 2 1
16 19 4
20 0 5
16 20 4
8 10 6
18 22 11
20 0 3
0 4 3
12 14 11
0 1 1
7 10 1
0 2 14
6 9 13
17 21 4
22 3 4
1 5 10
22 0 7
0 4 9
10 13 11
17 20 8
3 7 9
9 12 14
2 5 13
22 1 14
10 12 6
11 13 6
22 1 7
10 14 2
13 16 1
8 12 3
1 5 10
6 10 12
1 4 2
12 15 3
10 11 2
4 8 12
23 1 3
2 5 4
23 4 4
6 9 9
18 21 6
16 21 14
21 1 10
18 20 9
13 16 4
19 22 7
11 14 8
3 7 1
19 21 1
12 14 9
16 18 14
14 19 10
19 21 14
5 8 3
23 3 7
10 13 6
19 22 6
5 7 14
12 15 13
21 23 9
0 3 1
5 8 6
11 14 12
16 19 2
22 1 13
11 13 4
2 5 10
4 7 9
19 22 11
19 22 5
2 4 2
9 10 10
11 14 11
22 3 4
18 19 11
9 12 13
14 17 3
16 19 13
15 18 12
4 7 3
6 10 13
21 2 14
22 0 5
2 5 5
16 21 13
19 22 8
16 20 1
7 9 7
2 4 3
16 19 4
19 22 10
14 17 8
19 20 7
10 13 5
16 20 3
9 11 1
4 6 9
11 13 9
6 9 14
7 10 2
3 6 6
20 23 2
13 16 9
7 11 9
4 8 5
0 2 7
6 9 14
14 16 12
18 21 1
2 5 10
20 22 9
5 9 8
0 3 3
16 18 7
3 4 13
14 17 14
8 10 10
10 12 6
8 12 1
9 11 3
14 17 12
12 15 13
12 16 14
10 15 9
2 6 11
15 17 6
8 10 1
6 9 3
11 16 11
9 11 10
1 3 14
2 4 11
14 15 10
10 13 3
3 6 6
3 6 13
