800 6
10 9 3 2 3 7 
17 20 6
9 12 2
17 19 1
0 1 6
7 10 3
12 14 3
15 17 2
15 17 5
15 17 1
9 12 5
5 9 5
21 1 1
13 16 3
9 11 4
17 19 4
11 12 2
15 18 6
2 5 4
6 10 5
12 14 6
1 6 5
11 12 4
16 19 5
17 19 6
1 4 4
23 3 4
11 13 5
3 5 2
22 23 3
11 14 1
10 12 3
14 15 5
1 4 1
18 22 3
19 21 3
10 12 2
6 10 4
17 20 4
19 22 4
19 23 4
10 14 2
13 18 2
7 9 1
21 0 3
11 14 5
8 10 2
7 13 2
6 9 4
4 6 6
4 7 4
6 8 5
1 5 3
4 9 5
20 22 6
2 5 2
11 16 4
6 11 1
9 12 3
9 13 5
9 12 6
20 23 5
2 5 2
11 13 1
6 8 6
4 8 4
5 7 5
9 11 4
23 3 2
10 13 1
22 23 1
16 19 3
3 6 2
9 11 1
4 8 2
6 11 1
13 16 4
7 10 4
8 11 4
23 2 6
14 19 4
7 10 5
23 2 4
17 22 3
21 0 3
2 6 5
10 13 2
13 17 5
8 10 6
21 22 2
19 21 1
1 5 3
10 12 2
19 22 5
3 7 4
16 19 3
15 18 5
3 6 6
16 19 4
5 9 4
21 1 3
20 23 5
21 0 6
15 19 5
1 4 4
19 22 4
19 21 1
23 2 2
13 17 6
4 10 6
19 23 4
8 12 1
19 0 3
10 13 6
3 8 3
7 10 4
7 10 6
7 11 5
8 12 4
13 16 6
6 9 1
2 6 4
5 8 3
0 2 2
7 11 3
18 20 2
21 0 3
6 12 3
8 11 3
23 2 2
20 23 1
18 22 4
7 11 6
2 4 6
20 0 5
14 17 5
2 5 1
14 18 1
21 23 4
15 20 1
19 21 4
5 8 5
3 6 6
22 1 2
6 7 2
13 15 1
7 10 3
9 11 2
1 5 4
9 11 3
2 7 6
3 6 5
10 14 2
6 11 4
20 22 2
20 22 1
12 16 2
6 8 4
22 0 4
22 2 5
13 15 1
4 7 1
21 0 4
20 23 4
12 14 4
8 9 2
12 15 5
21 1 6
17 20 6
8 10 5
12 13 3
13 15 5
19 22 1
19 23 1
8 13 5
2 4 4
9 12 1
19 23 1
7 11 2
17 20 1
10 13 3
0 4 5
9 12 1
14 17 5
13 17 1
3 6 2
9 12 3
5 8 4
13 16 5
18 22 4
11 14 2
17 19 2
8 12 2
3 7 1
16 19 2
8 10 5
7 9 6
13 16 2
5 9 2
15 18 6
21 0 2
14 19 1
11 14 2
7 8 5
23 1 6
3 6 1
22 4 2
17 20 1
0 5 1
8 11 4
4 8 2
14 17 5
3 7 5
1 6 2
19 22 1
3 6 3
1 5 2
19 21 3
2 4 2
6 8 6
18 20 5
16 21 6
4 6 2
23 2 1
13 16 5
14 17 5
12 15 6
3 7 6
6 10 1
3 5 4
5 8 2
21 23 1
15 19 3
18 20 2
14 17 5
1 4 1
21 23 3
9 12 5
21 2 5
11 14 3
19 20 2
21 23 2
15 19 5
16 19 2
17 20 3
10 14 5
1 3 5
0 2 2
11 12 4
12 17 5
4 7 6
16 19 3
5 7 5
19 21 3
2 7 5
1 3 4
5 8 6
6 8 5
5 8 1
6 7 5
9 13 2
13 15 5
2 6 3
12 15 3
3 7 2
20 0 1
8 12 3
9 12 2
10 13 4
14 18 3
14 17 6
2 4 6
5 8 6
14 16 4
1 3 6
15 19 5
6 9 1
13 17 1
19 21 4
1 6 6
2 6 6
19 22 5
2 5 6
6 10 3
21 0 1
9 12 6
6 8 2
9 11 3
10 15 3
11 15 6
1 3 1
5 8 6
20 2 1
22 0 2
5 9 4
15 17 2
20 23 6
10 14 4
21 1 5
18 21 4
23 2 4
12 15 2
23 2 6
19 22 3
14 17 4
1 4 4
12 15 1
12 16 4
12 18 6
8 11 3
12 16 2
13 16 3
16 18 5
8 11 5
12 14 3
8 11 1
11 13 5
22 1 2
6 10 3
1 5 3
14 16 5
12 14 1
23 2 1
19 0 4
2 6 2
19 22 6
10 10 5
17 20 2
12 14 3
0 3 4
7 11 5
15 18 4
11 12 1
2 5 2
23 1 6
15 19 1
6 10 3
6 11 2
0 4 6
13 15 2
9 13 1
9 12 6
18 21 3
15 18 5
11 13 6
4 9 4
18 22 2
7 10 3
17 20 3
8 11 4
19 22 6
10 14 4
18 22 2
8 11 6
9 10 1
15 19 6
22 1 4
15 18 1
23 3 3
13 17 1
4 7 6
7 11 4
12 13 1
7 9 4
13 15 4
20 23 3
15 18 1
21 23 4
14 16 3
14 16 6
5 8 2
23 1 6
10 13 4
0 1 4
20 0 5
18 22 6
14 18 5
20 23 1
5 9 1
15 18 6
16 18 2
10 12 3
11 14 5
8 12 5
23 2 5
14 17 5
8 9 5
1 4 2
1 4 6
10 12 3
14 16 3
13 17 2
4 6 1
0 3 3
4 4 1
15 19 6
0 2 1
16 20 6
8 10 5
17 19 1
7 11 1
20 23 2
6 9 5
16 19 2
10 13 1
9 11 4
1 4 4
7 11 3
7 7 2
1 2 3
4 8 1
8 13 3
16 19 3
9 12 1
13 16 6
20 22 1
6 8 4
6 10 5
19 22 5
6 9 1
23 2 6
10 15 3
18 21 6
11 13 4
14 16 6
20 22 2
1 3 5
14 17 5
0 5 4
22 1 4
2 3 6
11 14 4
9 10 1
10 13 6
14 16 3
9 12 5
2 6 4
17 21 4
19 23 5
7 8 4
18 22 3
0 5 1
18 22 2
7 11 4
4 7 6
11 15 5
3 6 4
12 15 3
5 9 2
20 21 1
20 23 4
18 20 6
12 15 1
4 7 5
0 3 2
12 13 5
7 11 1
17 20 2
17 19 2
9 13 5
7 10 6
5 9 1
23 3 3
19 23 1
9 13 1
11 15 5
7 10 1
6 10 5
18 22 5
9 11 5
1 1 2
1 3 5
19 21 1
17 20 4
23 1 3
17 20 5
15 17 3
15 18 1
11 13 3
20 0 1
1 4 2
22 0 2
14 17 2
8 9 6
11 13 2
7 11 2
19 20 2
13 17 2
3 6 1
3 5 5
18 21 3
5 8 6
4 7 1
0 4 4
2 4 4
13 16 5
18 21 2
16 18 5
23 2 6
13 14 1
4 8 5
4 4 4
18 21 1
16 20 4
14 17 3
3 7 4
13 16 6
13 16 2
14 16 2
21 21 6
0 3 6
16 20 1
7 10 3
16 21 5
8 11 1
13 17 2
1 5 6
6 9 5
5 8 5
19 0 2
19 23 1
0 3 6
18 20 2
18 20 4
20 0 1
0 4 4
22 1 5
19 21 1
13 15 4
10 13 2
12 13 2
4 9 2
16 19 2
17 20 6
7 8 5
1 3 5
21 1 1
12 15 2
23 2 4
0 3 2
14 16 6
20 22 1
11 14 5
8 11 6
10 14 6
22 2 1
13 15 1
23 3 4
19 23 2
0 2 3
22 1 2
13 15 5
21 23 5
20 23 4
22 0 1
20 22 6
19 23 4
5 9 2
15 17 1
6 9 4
17 21 1
11 16 4
21 23 3
14 18 2
19 22 5
23 3 6
14 16 6
5 8 2
13 17 2
8 10 3
7 11 2
17 19 4
3 6 3
1 3 3
11 15 3
10 12 1
18 22 6
17 20 3
20 1 3
21 0 4
10 14 6
7 10 6
18 20 5
2 4 2
10 15 4
11 16 5
14 16 5
0 3 1
4 6 5
11 14 3
16 19 2
5 8 2
9 12 1
5 8 3
15 19 4
7 11 5
2 5 5
22 0 4
6 9 5
13 17 5
12 15 4
16 18 4
22 1 5
2 6 3
21 0 4
20 23 1
18 21 6
16 18 2
6 10 6
21 22 4
20 23 6
7 10 4
7 9 6
5 9 2
21 0 3
4 9 4
0 3 2
20 21 1
18 23 1
19 23 1
14 17 4
16 19 4
22 0 4
7 8 5
3 6 6
23 3 1
7 10 2
16 18 3
12 15 2
18 23 3
17 20 2
12 16 3
1 5 3
18 21 1
16 18 6
12 15 2
16 19 5
3 6 6
11 16 1
19 21 1
12 15 2
1 5 3
17 21 1
9 12 6
7 9 5
18 21 4
0 3 4
2 4 5
7 8 3
22 23 4
17 21 2
16 21 4
1 3 6
10 13 2
16 19 6
5 9 5
10 13 4
5 8 3
8 11 5
10 12 6
10 13 5
17 21 2
0 4 2
3 6 3
19 23 6
13 15 3
6 9 4
21 1 2
23 4 6
20 23 6
7 9 3
1 3 5
22 23 5
0 3 1
16 20 6
10 11 6
16 20 3
9 13 3
22 1 2
10 12 4
4 8 3
4 6 3
3 6 2
3 6 6
12 14 6
17 19 4
11 16 1
1 4 2
0 3 1
13 15 3
5 8 1
23 0 3
16 18 2
14 17 5
19 21 4
9 12 1
20 22 1
8 10 2
16 19 6
12 15 6
2 4 2
4 9 4
10 12 1
9 12 2
12 15 5
13 17 4
8 12 1
10 14 2
3 6 4
2 6 2
22 1 6
2 6 3
11 14 3
6 8 3
0 4 3
5 8 2
13 15 6
10 13 5
1 2 1
18 20 2
8 12 2
22 1 4
23 0 4
3 6 1
15 19 5
0 4 4
18 20 4
2 5 4
11 15 6
8 11 6
14 16 5
19 22 2
22 1 2
7 10 6
18 21 6
13 17 2
6 10 2
16 19 6
13 15 2
18 22 1
13 17 1
10 12 1
21 23 6
5 10 1
21 0 4
14 17 6
1 3 2
19 22 6
14 16 3
11 13 4
21 0 5
23 1 2
17 22 5
15 18 3
2 5 5
16 20 4
6 8 5
15 19 1
15 17 4
21 0 5
14 18 2
10 12 5
19 23 6
14 18 6
19 21 2
22 2 3
16 19 1
10 13 5
1 4 2
20 0 2
9 12 4
23 1 4
3 6 5
4 8 3
0 4 3
12 15 4
19 21 2
2 4 2
4 8 1
9 12 5
16 21 5
16 18 4
13 16 1
16 19 1
17 21 3
14 18 4
10 13 3
22 2 2
4 6 3
1 5 4
12 14 1
1 4 5
4 6 6
6 10 6
17 18 3
8 10 2
16 19 6
1 3 1
12 15 3
1 3 6
3 5 4
