1550 16
4 5 9 9 8 4 6 3 9 1 7 8 7 5 1 5 
4 7 10
17 20 9
8 11 12
9 12 1
12 14 3
0 4 5
1 4 8
16 20 1
10 14 10
22 0 7
10 13 8
17 19 5
23 1 11
20 23 6
14 17 10
18 23 12
21 0 7
8 10 14
10 14 14
16 20 6
4 7 12
20 23 9
18 20 2
16 19 3
13 16 12
22 2 3
9 13 16
19 22 15
10 12 15
15 17 8
12 13 14
13 15 5
4 8 8
10 14 1
14 18 1
19 22 5
16 20 11
9 13 14
19 22 7
7 10 15
22 2 2
9 13 9
11 12 5
17 20 2
19 22 14
14 19 1
1 4 10
2 4 2
15 17 16
3 6 15
4 7 13
0 2 8
3 4 2
17 20 5
7 10 5
2 5 8
21 23 8
20 23 9
13 15 15
4 9 14
20 22 7
16 19 6
17 20 13
22 1 10
18 22 12
18 21 12
22 2 10
18 22 10
18 20 2
1 5 8
13 17 7
13 16 15
7 11 7
19 21 15
23 2 10
0 2 12
11 14 5
20 22 14
12 15 11
9 13 7
18 22 9
13 16 2
18 20 2
18 22 13
9 12 10
8 13 4
19 22 1
13 17 5
3 5 2
6 9 9
15 18 13
20 23 16
3 5 16
9 11 13
19 23 4
3 7 3
14 15 15
11 14 8
19 23 1
7 10 15
7 10 8
22 23 1
9 12 14
8 10 11
14 18 1
1 4 11
11 15 11
12 16 3
4 7 5
3 7 4
8 9 10
8 10 14
1 4 3
19 23 9
14 18 3
18 21 5
9 13 3
7 9 14
9 11 7
1 5 13
2 7 3
4 6 9
12 15 6
11 15 3
16 20 3
16 19 16
2 4 8
18 21 11
21 0 3
1 6 14
23 1 1
0 1 1
4 7 13
8 12 16
18 22 4
7 10 3
16 19 3
22 0 3
0 4 3
22 1 13
5 9 15
4 7 10
8 12 7
23 3 4
6 10 9
12 16 13
0 3 11
3 6 5
7 12 1
17 18 8
23 3 16
9 11 12
17 21 8
22 0 11
9 14 16
12 14 11
18 22 13
1 4 9
1 4 5
3 6 10
22 1 7
13 17 13
12 15 2
3 6 3
4 8 14
13 18 16
11 15 3
19 22 10
21 23 15
8 11 1
18 21 7
1 5 10
10 14 7
9 11 8
18 22 12
10 15 15
9 13 12
21 1 12
16 18 11
23 1 5
3 7 5
7 9 2
18 20 10
13 17 14
20 23 5
11 15 16
9 12 13
3 5 7
10 12 12
1 5 9
8 10 10
2 4 16
2 4 16
11 14 9
5 8 3
15 20 14
9 13 9
8 11 5
23 2 14
23 1 3
2 5 12
20 22 1
6 12 7
8 10 11
0 3 3
2 5 16
7 11 16
20 22 5
3 6 6
19 23 7
19 23 5
11 14 2
18 23 10
13 16 9
7 9 6
15 19 1
17 20 6
9 13 14
8 12 14
1 4 4
23 1 9
7 9 11
3 7 10
20 23 11
17 19 11
13 17 15
8 13 9
20 23 5
21 22 5
23 1 3
2 5 6
22 1 4
4 7 9
14 18 5
15 18 3
12 15 16
16 19 13
13 15 13
20 23 4
15 18 11
13 16 13
14 17 2
10 13 13
7 9 3
20 1 16
13 16 14
5 8 3
4 5 16
18 23 12
4 6 4
11 15 5
4 7 5
19 22 16
0 4 1
6 10 5
18 22 8
7 9 8
11 13 1
11 14 11
5 6 1
5 7 6
6 9 6
20 1 3
7 10 11
19 20 4
14 17 12
16 20 8
17 20 5
23 1 5
4 7 12
3 8 12
2 6 4
4 7 7
14 17 16
5 7 7
18 22 12
20 22 13
16 20 14
4 7 5
17 20 3
9 12 10
22 2 11
2 6 12
9 13 2
21 23 16
23 2 10
4 6 12
16 19 4
5 6 12
5 9 5
4 5 6
3 7 14
6 9 1
16 19 2
6 9 4
23 1 10
6 10 7
8 12 5
13 16 13
21 2 6
21 23 16
12 16 8
23 2 2
22 2 1
14 17 9
5 7 11
4 6 14
11 14 10
12 14 15
9 10 11
15 19 16
10 12 1
0 5 2
19 23 4
16 19 3
2 5 15
6 8 8
3 8 14
3 6 11
2 5 10
16 17 1
20 22 3
21 23 9
12 15 5
9 12 3
10 12 5
1 4 12
6 9 7
18 19 16
7 9 11
13 15 2
15 17 10
15 19 15
13 17 11
0 2 16
23 3 7
10 14 5
7 10 14
4 6 8
13 17 12
23 1 4
19 20 12
12 18 7
14 19 10
7 10 9
8 10 8
7 11 1
14 17 10
19 23 13
3 6 11
0 4 10
7 9 5
1 3 12
18 22 12
5 6 13
9 13 16
6 9 6
7 10 4
12 15 15
22 2 8
7 9 8
0 3 15
22 0 8
10 14 16
16 21 3
19 22 15
3 7 13
16 18 7
21 0 8
18 22 2
7 11 8
2 5 4
3 6 15
17 21 14
6 8 1
5 6 2
3 5 7
22 0 7
20 22 11
19 0 10
1 5 7
18 21 4
4 8 12
20 0 9
5 8 3
22 1 11
3 7 10
7 10 13
21 1 1
3 5 8
19 23 6
9 12 14
16 19 4
13 17 15
21 0 3
13 16 5
12 14 10
20 1 11
13 16 8
21 0 13
0 4 4
13 17 6
6 10 13
0 2 16
13 18 14
21 0 6
22 3 12
7 10 4
16 18 11
18 21 12
19 20 8
21 1 14
14 17 11
21 0 5
21 23 5
14 17 8
3 6 2
10 15 13
19 22 9
8 10 11
23 2 4
12 14 9
16 21 3
11 13 8
7 9 11
8 11 6
0 1 12
4 6 16
18 19 6
1 6 15
1 3 4
23 1 5
1 3 11
3 7 2
0 3 16
2 6 6
17 21 6
4 6 11
17 20 13
21 1 2
18 21 3
21 0 6
4 7 5
10 12 7
20 0 13
15 18 14
13 17 4
11 15 1
4 7 3
23 1 5
2 5 1
23 2 9
14 16 3
7 8 5
8 11 7
16 17 13
23 2 4
5 7 15
7 9 6
1 2 4
23 3 5
23 2 10
5 10 9
14 16 10
16 21 2
12 14 14
22 1 10
2 6 12
18 21 15
11 15 14
22 2 2
7 10 2
11 14 6
23 0 9
8 12 9
21 1 2
20 23 6
12 14 9
14 16 2
22 1 7
8 11 2
16 19 14
6 6 8
10 13 11
20 23 9
0 4 2
18 20 12
5 9 1
8 11 13
10 13 12
5 8 9
6 9 13
6 10 8
19 19 16
20 21 7
2 4 12
14 17 6
7 9 14
8 11 12
8 13 12
5 7 3
0 4 12
23 3 7
19 21 14
8 12 9
5 6 10
14 17 10
14 17 15
18 22 10
1 3 7
16 18 12
13 18 14
7 9 10
9 13 4
8 14 16
10 13 11
8 11 9
10 15 7
19 23 9
1 3 8
17 20 6
13 16 5
22 0 9
1 3 10
17 22 8
19 0 12
9 12 5
22 2 4
12 15 7
23 2 2
19 21 15
19 22 13
14 16 13
20 22 11
6 9 9
11 14 15
8 11 10
15 19 1
15 19 5
7 7 7
22 2 10
3 7 16
15 19 5
4 7 1
5 7 5
12 16 5
8 12 14
18 20 12
17 20 12
7 8 10
7 12 6
22 2 15
16 20 2
10 12 8
2 4 9
15 17 7
2 5 7
19 22 8
0 2 8
19 23 11
10 14 11
0 3 10
19 23 13
6 10 11
22 0 16
7 10 16
2 4 5
17 21 9
7 12 7
2 5 16
6 8 11
22 1 2
19 23 9
5 9 9
11 15 14
7 9 10
19 22 9
4 8 16
11 14 3
7 10 11
0 2 16
19 23 3
6 9 16
22 1 7
13 18 11
3 7 9
13 16 12
14 17 10
20 0 1
10 13 2
13 16 15
11 15 11
17 21 9
16 19 1
21 0 7
0 2 8
7 9 6
18 22 11
7 9 16
6 8 8
7 9 13
9 11 6
12 15 12
13 17 10
19 22 4
11 15 8
13 15 1
15 18 12
16 19 6
7 10 10
12 14 3
23 2 15
3 4 9
21 23 14
6 9 14
0 2 8
13 16 6
10 12 10
6 9 16
6 10 11
19 22 12
22 2 4
12 14 16
23 3 11
18 20 12
14 19 8
16 20 15
11 14 1
2 5 16
1 3 7
21 23 15
2 5 1
14 16 4
17 20 8
0 2 14
22 2 4
16 19 15
22 0 2
14 18 2
10 14 10
15 18 12
16 17 10
1 4 15
15 18 9
6 9 11
11 14 2
11 14 15
20 0 10
23 2 9
5 7 12
16 18 12
10 13 15
7 12 9
14 16 7
5 8 1
15 18 9
8 11 9
12 16 2
7 8 9
12 14 14
5 6 13
14 18 14
19 22 14
17 20 3
12 15 12
12 13 8
15 18 10
11 15 6
15 18 11
20 0 13
3 5 7
18 21 6
3 7 10
17 20 13
2 4 10
19 22 8
23 2 3
23 1 5
7 12 1
7 10 5
18 22 8
18 20 14
9 12 8
20 23 13
19 21 3
4 6 5
13 14 16
15 19 2
16 18 11
0 4 11
20 23 6
9 12 11
2 4 1
21 23 16
2 5 1
11 13 1
15 18 10
4 8 10
22 1 14
17 19 14
16 18 1
20 22 1
19 23 2
22 0 9
22 2 15
20 22 16
17 20 14
21 1 15
11 15 15
23 3 9
7 9 15
22 1 6
4 7 4
4 6 11
13 14 13
3 6 4
10 13 15
23 2 13
4 6 11
10 13 5
19 22 14
13 17 1
8 9 1
11 14 6
11 15 7
22 0 16
21 0 2
23 1 2
19 23 15
16 20 12
15 17 7
16 19 10
9 12 7
14 16 2
3 5 16
8 11 1
21 23 4
11 13 3
9 13 14
20 23 14
15 18 1
13 15 12
12 15 12
4 7 13
4 6 5
21 0 1
10 13 8
12 16 4
13 17 9
16 19 2
0 4 12
23 3 2
4 8 16
8 10 6
2 6 13
0 2 8
18 19 2
19 22 5
3 5 11
17 21 6
8 12 15
8 10 3
16 20 8
11 14 8
18 23 9
1 1 4
3 6 15
15 17 8
14 16 7
19 20 3
10 14 6
10 12 8
13 18 3
13 17 2
0 3 10
1 2 4
7 9 15
9 10 9
2 4 1
10 13 8
20 22 4
8 11 7
5 8 3
9 11 12
6 9 3
9 12 13
23 1 3
0 3 12
15 20 5
7 10 2
10 14 5
22 1 11
10 14 13
4 8 12
6 8 3
10 13 10
0 2 7
11 14 1
16 18 1
3 4 5
16 20 11
1 5 9
20 22 8
4 7 7
7 10 1
0 5 8
22 2 6
9 10 13
21 22 1
5 6 12
19 23 11
5 7 14
11 15 12
10 11 16
1 3 4
19 23 9
23 1 10
9 12 8
16 19 2
2 5 12
23 2 12
5 8 7
16 21 15
9 13 11
5 8 8
23 2 4
5 8 3
3 6 16
2 5 16
19 22 14
10 15 16
11 13 7
21 1 3
15 18 8
21 0 14
21 0 8
3 7 1
5 8 2
6 9 1
17 20 3
20 23 14
22 1 13
13 15 7
16 18 9
7 10 13
17 21 2
11 13 13
1 2 8
12 16 13
6 9 10
12 17 8
9 12 10
22 1 9
3 5 6
3 6 8
16 18 11
23 3 4
17 20 10
11 14 13
4 6 12
6 9 16
5 10 1
12 16 8
17 21 14
17 21 8
5 9 6
8 10 15
21 23 15
4 7 2
21 0 10
14 17 12
12 15 4
20 22 6
1 6 12
3 6 13
7 10 3
1 5 8
0 4 5
6 9 4
9 11 14
16 20 8
21 23 13
15 19 10
10 15 7
16 17 2
21 3 4
23 2 14
2 4 3
13 18 12
18 21 1
10 14 5
23 3 1
19 23 8
3 5 5
16 18 6
14 17 5
19 22 12
1 3 11
22 0 10
5 8 8
10 12 5
13 18 6
12 15 14
9 12 10
8 11 13
17 19 4
15 19 15
12 17 13
19 23 4
8 9 15
3 5 8
4 6 10
11 13 14
16 19 3
9 10 1
6 8 16
4 7 2
8 10 2
17 21 7
4 7 8
6 8 3
11 14 14
12 15 5
5 8 13
17 20 14
20 0 1
20 22 16
7 11 3
10 14 16
4 6 9
17 18 4
19 22 13
19 22 10
20 1 7
21 1 10
17 20 8
23 4 3
21 0 6
2 5 15
7 10 8
16 19 12
21 2 9
9 11 14
7 10 2
12 14 14
9 12 16
9 11 10
6 8 5
8 11 15
22 0 12
12 16 10
8 10 2
8 11 7
18 21 4
0 2 3
15 18 8
5 6 8
0 2 9
14 17 3
0 2 9
22 0 16
15 18 6
8 12 14
0 4 8
22 1 13
1 4 10
0 1 6
6 8 1
0 3 11
14 16 14
4 8 3
12 16 15
20 23 15
7 9 3
12 15 2
18 20 16
9 12 10
7 11 16
9 13 10
10 13 8
1 4 14
3 6 12
15 17 9
11 12 9
9 11 6
15 18 4
0 4 1
4 6 4
12 13 16
9 13 13
23 1 5
6 10 10
6 10 5
17 19 14
5 10 14
15 19 7
13 16 12
15 19 3
14 18 2
12 15 15
19 21 12
8 11 11
11 13 1
7 10 11
21 1 12
8 12 11
17 20 2
8 10 2
6 8 3
15 16 9
21 0 3
14 19 3
10 13 2
20 23 9
4 7 15
22 1 4
6 12 8
3 7 16
6 7 15
16 19 4
13 15 6
14 15 16
10 12 16
19 0 14
10 15 16
22 0 14
1 4 8
8 9 11
17 19 15
1 4 16
7 11 16
1 4 5
19 21 11
17 20 14
3 7 4
8 12 16
6 9 6
20 22 9
15 18 16
12 14 9
23 0 10
14 17 10
13 16 16
12 18 1
1 4 7
22 2 6
9 12 1
10 14 15
5 9 4
20 22 10
0 4 5
5 8 13
13 17 6
18 19 4
8 11 8
17 19 4
4 8 3
13 17 12
7 10 15
2 6 9
4 7 13
18 22 6
16 18 15
11 14 7
21 1 14
0 4 1
2 6 14
11 16 4
2 5 9
14 18 8
8 11 5
11 16 5
22 1 14
16 19 9
11 14 6
19 22 14
10 13 13
1 3 9
13 15 2
9 11 14
15 17 14
0 3 14
8 12 12
9 12 16
22 3 12
3 7 14
0 3 5
0 3 9
20 22 2
14 18 10
9 13 12
9 12 14
6 11 1
9 11 2
7 10 4
13 15 13
8 10 12
18 22 3
3 5 8
13 16 13
20 23 12
15 17 10
18 20 13
16 20 14
14 18 1
13 17 14
9 12 15
1 3 5
23 2 6
20 22 5
22 1 11
18 21 6
16 19 14
11 12 8
19 21 13
10 12 12
0 5 14
8 11 7
9 13 5
4 8 15
3 6 2
3 6 10
15 19 1
18 21 1
14 16 3
10 12 12
23 3 9
21 0 11
3 7 2
23 1 8
4 7 2
11 16 16
21 23 3
14 17 4
0 3 12
6 9 3
19 22 10
20 23 5
7 11 9
9 10 3
20 23 1
12 15 1
20 1 8
0 3 7
6 9 2
6 9 13
8 13 11
1 4 8
22 23 14
22 2 11
15 19 11
7 10 9
14 16 3
13 16 14
2 6 6
13 17 9
12 14 5
15 17 10
11 12 15
1 5 15
1 4 13
3 7 14
17 20 11
21 0 2
5 7 2
23 3 7
14 16 11
22 1 14
23 3 10
11 14 13
17 20 1
19 23 8
0 4 11
12 15 16
11 15 3
2 4 6
1 4 10
23 3 7
5 8 3
5 8 15
21 23 10
4 6 6
11 15 11
1 4 15
10 13 4
19 20 15
12 15 7
8 12 5
22 3 5
1 4 16
19 23 5
1 4 4
17 17 4
15 17 11
13 16 14
9 12 12
10 14 13
12 14 13
11 14 4
19 22 11
17 19 6
16 20 11
13 16 2
21 0 8
15 17 8
7 9 14
12 14 2
17 21 10
7 9 11
15 17 5
2 6 15
3 7 16
3 8 5
19 21 15
20 23 15
2 6 14
14 17 7
4 6 14
3 6 8
19 22 16
23 2 3
7 9 8
7 11 6
7 9 16
19 23 7
10 12 13
19 22 13
7 10 8
7 8 11
4 7 14
0 4 9
10 13 6
10 14 16
9 11 4
6 9 15
17 19 7
6 9 12
0 4 13
12 14 9
6 11 16
17 20 14
12 16 6
3 5 11
4 7 5
5 9 14
12 15 7
6 8 4
11 16 3
22 1 12
1 4 14
16 19 16
4 5 2
21 0 16
23 1 10
19 23 11
16 20 15
1 4 2
2 5 15
8 12 12
8 10 8
17 18 4
15 18 13
16 18 6
18 22 4
12 16 5
20 23 7
13 17 2
15 17 7
16 20 9
7 10 7
19 23 12
5 9 14
0 4 8
16 19 10
19 22 12
21 22 11
15 17 4
8 10 10
3 7 15
10 12 6
8 12 9
6 9 6
13 16 9
16 18 7
18 23 12
0 3 16
13 15 1
13 17 11
10 12 7
23 3 9
16 20 11
22 1 6
18 21 12
7 10 10
21 23 1
2 5 11
10 13 2
16 19 16
15 18 8
19 21 12
3 7 10
23 4 7
9 12 5
18 22 15
20 23 1
1 6 9
8 12 15
15 17 8
21 1 9
5 9 11
14 17 1
12 17 7
15 17 2
7 11 7
1 4 12
22 1 13
20 23 11
7 9 10
19 22 8
14 18 16
4 8 2
1 4 10
21 1 1
2 5 2
21 23 14
5 8 5
18 22 3
19 23 6
0 1 6
5 8 10
1 3 12
2 7 12
13 16 5
19 23 10
14 16 2
19 22 8
1 5 15
22 1 8
16 19 9
10 13 6
10 11 4
15 17 4
1 4 15
15 18 10
13 17 1
6 9 16
22 1 8
19 21 7
3 7 5
15 18 16
0 5 15
19 23 13
17 20 2
13 14 2
20 23 5
13 17 11
21 1 2
11 14 10
5 6 13
12 14 9
13 15 6
14 18 15
15 18 11
14 16 7
19 21 5
18 22 12
15 18 4
19 21 9
5 8 3
23 1 11
10 12 13
12 15 11
0 3 15
2 6 10
11 13 4
1 4 16
6 9 3
2 5 2
5 8 6
10 13 10
7 9 14
1 3 12
21 2 5
0 2 10
9 13 5
8 11 7
0 4 8
22 0 3
1 4 5
19 0 4
2 6 5
11 14 5
10 13 1
19 22 15
11 12 9
6 8 7
22 2 13
12 13 15
11 15 4
6 9 12
16 18 7
13 15 5
15 18 4
14 16 7
7 11 15
21 1 4
9 13 11
21 23 16
2 7 14
18 20 12
13 15 7
23 2 5
13 16 5
13 17 15
8 10 1
7 11 8
22 23 2
1 6 13
7 10 11
8 10 15
12 14 14
6 8 13
16 19 9
9 12 4
15 19 16
8 11 15
5 9 1
19 22 11
6 8 1
10 13 3
20 23 1
13 17 16
9 13 16
13 18 11
21 0 11
12 14 2
6 10 2
15 18 1
9 11 1
14 15 4
21 22 14
9 12 5
20 0 16
2 4 5
22 0 6
13 17 1
9 13 3
18 21 11
14 18 6
7 11 1
21 1 12
18 21 11
14 18 7
3 6 1
23 2 6
9 13 6
18 21 16
4 8 3
1 5 7
5 8 6
6 9 5
22 1 14
5 7 13
7 11 1
19 22 11
9 14 16
14 17 9
15 17 5
12 16 16
22 1 11
18 22 7
3 5 11
3 5 5
17 20 4
21 2 7
23 0 1
14 16 11
10 14 11
1 5 16
11 14 13
0 2 13
10 12 7
6 8 10
8 11 5
19 22 13
15 19 3
6 10 6
8 13 11
11 14 9
8 12 8
0 1 5
18 23 4
19 21 9
11 12 16
4 7 8
17 21 16
19 22 2
23 2 13
7 11 15
23 3 9
4 7 16
21 1 7
13 14 10
5 7 6
19 22 1
9 12 2
0 3 12
22 1 1
6 9 1
20 23 16
16 19 14
14 16 13
22 0 13
6 9 1
6 9 14
7 10 9
10 14 12
5 10 1
14 18 12
10 13 9
2 4 10
10 15 9
3 6 15
17 19 10
6 8 16
15 20 11
17 18 11
20 0 13
19 22 2
15 17 11
1 5 14
16 19 11
1 4 7
7 8 13
19 0 12
23 1 4
0 3 5
8 12 16
13 15 4
19 21 7
17 22 1
4 7 6
19 20 1
5 10 7
0 4 4
0 5 3
19 21 11
22 0 16
0 3 16
14 18 3
